FA TAX ADC PRES TS
[-1 -1] [11 19] [ 9864 11971] [] 1716279833.2899909019
[-1  1] [11 19] [ 9909 10814] [] 1716279833.3328747749
[-1 -1] [11 19] [10390 11031] [] 1716279833.3759315014
[1 1] [11 19] [ 9856 10564] [] 1716279833.4190580845
[-1  1 -1 -1] [ 2 11 19 27] [14473  9666 10615 12126] [] 1716279833.4619905949
[1 1 1 1] [ 2 11 19 27] [14335  9463 10325 11811] [] 1716279833.5051090717
[1 1 1 1] [ 2 11 19 27] [13882  9205 10067 11487] [] 1716279833.5480749607
[ 1 -1  1  1 -1] [ 2 11 19 27 28] [13543  9213  9992  9498 11955] [] 1716279833.5910432339
[ 1 -1 -1  1 -1  1] [ 2  3 11 19 27 28] [13499 10179  9368  8735  9599 11649] [] 1716279833.6340377331
[-1  1  1  1  1  1] [ 2  3 11 19 27 28] [13503  8537  9312  8433  9432 11486] [] 1716279833.6770431995
[-1  1 -1  1 -1 -1 -1  1 -1] [ 2  3 11 19 20 26 27 28 34] [13663  6332  9420  7575 15603 12136  9590 11434 13012] [] 1716279833.7200946808
[-1  1  1  1  1 -1  1  1  1  1] [ 2  3 11 19 20 21 26 27 28 34] [13704  6215  9367  7477 15124 12058 11978  9589 11430 12749] [] 1716279833.7630054951
[-1  1  1  1  1  1  1  1  1  1] [ 2  3 11 19 20 21 26 27 28 34] [14326  5826  9295  6863 13813 11643 11658  9289 11303 12637] [] 1716279833.8061487675
[ 1  1  1  1  1  1  1  1  1  1 -1 -1] [ 2  3 11 19 20 21 26 27 28 34 35 42] [13900  5530  8227  6243 13389 11415 11193  9013 11233 12415 16000 12423] [] 1716279833.8490540981
[ 1  1  1  1  1  1  1 -1 -1  1  1  1 -1] [ 2  3 11 19 20 21 26 27 28 34 35 42 44] [13888  5439  7965  5915 13171 11251  9522  9159 11295  9586 15665  9842
 13851] [] 1716279833.8920733929
[ 1  1  1  1  1 -1  1 -1 -1 -1 -1 -1 -1  1  1] [ 2  3 11 19 20 21 26 27 28 29 34 35 36 42 44] [13804  5375  7895  5590 12987 11474  9409  9411 11383 12548  9697 15731
 14860  9058 13315] [] 1716279833.9350891113
[ 1  1  1  1 -1  1  1  1 -1  1  1  1  1  1  1] [ 2  3 11 19 20 21 26 27 28 29 34 35 36 42 44] [13515  5155  7624  5064 12990 11177  8933  7078 11450 11923  9400 15691
 14318  8221 12875] [] 1716279833.9781270027
[ 1  1  1 -1  1  1  1  1  1  1  1  1  1  1  1  1] [ 2  3 11 18 19 20 21 26 27 28 29 34 35 36 42 44] [13457  5114  6454 12154  4851 12711 10948  8687  6943 10603 11604  9381
 15386 13543  8118 12519] [] 1716279834.0211026669
[ 1  1  1  1  1  1  1  1  1  1  1  1  1 -1  1  1] [ 2  3 11 18 19 20 21 26 27 28 29 34 35 36 42 44] [13211  4845  6325 11472  4691 12511 10779  8643  6903 10446 11604  9250
 14496 13819  7908  8051] [] 1716279834.0639743805
[-1  1  1  1  1  1 -1  1  1  1  1  1  1 -1  1  1] [ 2  3 11 18 19 20 21 26 27 28 29 34 35 36 42 44] [13283  4295  6218 11169  4431 12266 10867  8503  6419 10445 11426  8224
 12457 14223  7307  5816] [] 1716279834.1070294380
[ 1  1 -1  1  1  1  1  1  1  1  1  1  1  1  1  1  1] [ 2  3 10 11 18 19 20 21 26 27 28 29 34 35 36 42 44] [13154  3994 14874  5515 10851  4244 12070 10810  8331  6202  8020 11183
  8026 11063 13711  7243  5363] [] 1716279834.1501557827
[-1  1  1  1  1  1  1  1  1  1  1  1  1  1 -1 -1  1] [ 2  3 10 11 18 19 20 21 26 27 28 29 34 35 36 42 44] [13323  3962 13892  4927 10624  4133 11896 10752  8202  6059  7067 11100
  6807 10567 13979  7259  4748] [] 1716279834.1930639744
[-1 -1 -1  1  1  1  1  1  1  1  1  1 -1  1  1  1 -1  1  1] [ 2  3  4 10 11 18 19 20 21 26 27 28 29 34 35 36 37 42 44] [13676  3966 14075 11179  4657  9232  4007  9352 10410  8070  5937  6044
 11108  6526  9710 13959 16346  6762  4434] [] 1716279834.2361669540
[-1  1 -1  1  1  1  1  1 -1  1  1  1 -1  1  1  1  1  1  1] [ 2  3  4 10 11 18 19 20 21 26 27 28 29 34 35 36 37 42 44] [13874  3555 14105 10459  4217  7497  3827  8716 10557  6567  5806  4908
 11161  6404  8995 10905 13648  6233  4256] [] 1716279834.2790930271
[ 1  1 -1  1  1  1  1  1  1  1  1  1  1  1  1  1  1  1  1] [ 2  3  4 10 11 18 19 20 21 26 27 28 29 34 35 36 37 42 44] [13266  3325 16190 10046  3995  7150  3709  8598 10322  5200  5559  4425
 11142  6239  8915 10839 13201  5595  4150] [] 1716279834.3220498562
[ 1  1  1  1  1  1 -1  1  1  1  1  1  1 -1  1  1  1  1 -1 -1] [ 2  3 10 11 18 19 20 21 26 27 28 29 34 35 36 37 42 44 45 51] [12540  3235 10010  3824  5263  3616  8762 10206  4737  5556  4025  7915
  6142  8917  9367 12734  5066  4114 12254 11466] [] 1716279834.3650376797
[-1  1 -1  1  1  1  1  1 -1  1  1  1  1  1  1  1 -1  1  1  1 -1  1] [ 2  3  4 10 11 18 19 20 21 26 27 28 29 34 35 36 37 42 44 45 50 51] [12616  3020 12838  8004  3357  5029  3499  8336 10271  4230  5486  3686
  7822  5615  8807  6974 13560  4749  4063  9538 10031 11423] [] 1716279834.4080610275
[ 1  1  1  1  1 -1  1  1  1  1  1  1  1  1  1  1  1  1  1  1 -1  1] [ 2  3  4 10 11 18 19 20 21 26 27 28 29 34 35 36 37 42 44 45 50 51] [ 8643  2981 11975  7874  3126  5050  3431  8115 10244  4092  5445  3511
  7741  5468  8687  6767 13503  4468  3863  9229 10183 11191] [] 1716279834.4510047436
[ 1  1  1  1  1  1  1  1 -1  1 -1  1  1  1  1  1  1 -1  1  1  1  1  1] [ 2  3  4 10 11 18 19 20 21 26 27 28 29 34 35 36 37 41 42 44 45 50 51] [ 8560  2778 11278  7355  2982  4938  3371  8064 10352  3863  5533  3397
  7703  5343  8630  6623 13358 13395  4031  3672  8202  9226 11082] [] 1716279834.4940347672
[-1  1  1  1  1 -1  1  1  1  1  1  1  1  1  1  1  1  1  1  1 -1  1  1 -1
 -1 -1] [ 2  3  4 10 11 12 18 19 20 21 26 27 28 29 34 35 36 37 41 42 44 45 50 51
 52 53] [ 8596  2655 11081  6642  2799 15443  4723  3319  7959 10162  3691  5511
  3287  7643  5208  7313  5638 13199 12805  3552  3838  7950  8636 11156
 14128 13715] [] 1716279834.5370986462
[-1  1  1  1  1  1  1  1 -1  1  1  1  1  1  1  1  1 -1 -1  1  1  1  1  1
  1  1] [ 2  3  4 10 11 12 18 19 20 21 26 27 28 29 34 35 36 37 41 42 44 45 50 51
 52 53] [ 8708  2508 10932  6188  2737 13767  4154  3187  8087 10092  3473  5431
  3173  6303  5118  6853  5568 13486 12873  3357  3790  7415  8454 10944
 12772 11161] [] 1716279834.5801389217
[-1 -1  1 -1  1  1 -1  1  1  1 -1 -1  1  1  1  1  1  1  1  1  1  1  1  1
  1  1  1  1] [ 1  2  3  4 10 11 12 18 19 20 21 23 26 27 28 29 34 35 36 37 41 42 44 45
 50 51 52 53] [16030  8805  2463 11106  5804  2628 13801  3615  3126  7982 10189 15424
  3423  5376  3040  5411  4762  6743  5564 13256 12684  3168  3755  7160
  7417 10878 12224 10991] [] 1716279834.6230952740
[-1  1 -1  1  1  1  1  1  1  1  1  1  1  1  1  1  1  1 -1  1  1  1  1 -1
  1 -1  1  1] [ 2  3  4 10 11 12 18 19 20 21 23 26 27 28 29 34 35 36 37 41 42 44 45 46
 50 51 52 53] [ 8814  2362 11499  5431  2585 13558  3274  3067  7363 10168 14588  3293
  5334  2964  5269  4470  6702  5398 13369 11355  2940  3662  7055 12453
  7042 10880 10264  9340] [] 1716279834.6660871506
[1 1 1 1 1 1 1 1 1 1 1 1 1 1 1 1 1 1 1 1 1 1 1 1 1 1 1 1] [ 2  3  4 10 11 12 18 19 20 21 23 26 27 28 29 34 35 36 37 41 42 44 45 46
 50 51 52 53] [ 8792  2311 11106  4890  2483 13035  3141  2925  7227 10132 14346  3199
  4723  2877  5155  4226  6564  5086 12006 11167  2823  3487  6865 10394
  5660 10875 10263  7322] [] 1716279834.7090330124
[ 1  1  1  1  1  1  1  1  1 -1  1  1  1  1  1  1  1  1 -1  1  1  1  1  1
 -1  1  1  1] [ 2  3  4 10 11 12 18 19 20 21 23 26 27 28 29 34 35 36 37 41 42 44 45 46
 50 51 52 53] [ 8711  2192 10667  4625  2431 12215  2998  2850  6749 10136 14032  2997
  4681  2764  5043  4047  6130  4729 12809 10997  2722  3403  6724  9800
  6025 10864 10144  6988] [] 1716279834.7521057129
[ 1  1  1  1 -1  1  1  1  1  1  1  1  1  1  1  1  1  1  1 -1  1  1  1 -1
 -1  1  1  1  1] [ 2  3  4 10 11 12 18 19 20 21 23 26 27 28 29 34 35 36 37 38 41 42 44 45
 46 50 51 52 53] [ 8660  2150 10290  4300  2458 12059  2906  2810  6167  8859 13964  2931
  4671  2723  5003  3846  5610  4495 11760 11567 10619  2641  3334  6792
  9809  5183  8987  9536  6743] [] 1716279834.7949635983
[-1  1  1 -1  1  1  1  1  1  1  1 -1  1  1  1 -1  1  1  1 -1  1  1  1  1
  1  1  1  1  1  1] [ 1  2  3  4 10 11 12 18 19 20 21 23 26 27 28 29 34 35 36 37 38 41 42 44
 45 46 50 51 52 53] [16303  8543  2127 10469  4058  2310  9259  2815  2762  5339  8738 13992
  2869  4574  2609  5004  3702  5524  4140 12029 10975  9722  2466  3227
  6612  8426  4946  8891  8532  6512] [] 1716279834.8380992413
[ 1  1  1  1  1  1  1  1  1  1  1  1  1  1  1  1  1 -1  1 -1  1  1  1  1
  1  1  1  1 -1  1] [ 1  2  3  4 10 11 12 18 19 20 21 23 26 27 28 29 34 35 36 37 38 41 42 44
 45 46 50 51 52 53] [16187  8527  2040 10172  3951  2227  9166  2759  2722  4676  8713 13948
  2797  4487  2591  4959  3462  5548  4056 12289 10929  9681  2458  3223
  6583  8158  4906  8874  8597  6442] [] 1716279834.8810408115
[-1  1  1  1 -1  1  1  1 -1  1  1 -1  1  1  1 -1  1  1 -1  1 -1  1 -1  1
 -1  1 -1 -1  1 -1] [ 1  2  3  4 10 11 12 18 19 20 21 23 26 27 28 29 34 35 36 37 38 41 42 44
 45 46 50 51 52 53] [16299  8467  2027 10127  3979  2159  9134  2741  2743  4627  8704 14024
  2761  4426  2542  4973  3407  5530  4063 12113 10943  9562  2464  3177
  6591  8050  4915  8949  8524  6515] [] 1716279834.9240555763
[ 1  1  1  1  1  1 -1  1  1  1 -1  1  1  1  1  1 -1 -1  1  1  1  1  1  1
 -1  1  1  1  1  1] [ 1  2  3  4 10 11 12 18 19 20 21 23 26 27 28 29 34 35 36 37 38 41 42 44
 45 46 50 51 52 53] [16229  8425  2022  9879  3915  2155  9150  2733  2675  4603  8722 13898
  2755  4414  2533  4953  3423  5573  4008 12066 10845  9516  2426  3161
  6637  8021  4876  8856  8490  6431] [] 1716279834.9670674801
[ 1 -1  1  1  1  1  1  1 -1  1  1  1  1  1  1 -1  1  1  1 -1 -1 -1 -1 -1
  1 -1 -1 -1 -1 -1] [ 1  2  3  4 10 11 12 18 19 20 21 23 26 27 28 29 34 35 36 37 38 41 42 44
 45 46 50 51 52 53] [15893  8475  2020  9761  3907  2151  9062  2711  2703  4544  8654 13828
  2719  4411  2512  4983  3365  5493  3989 12180 10942 10443  2480  3241
  6568  8833  4991  8962  8600  6617] [] 1716279835.0100915432
[-1  1 -1  1 -1 -1 -1 -1  1  1 -1 -1 -1  1 -1  1 -1 -1 -1  1 -1 -1 -1 -1
 -1 -1 -1 -1 -1 -1] [ 1  2  3  4 10 11 12 18 19 20 21 23 26 27 28 29 34 35 36 37 38 41 42 44
 45 46 50 51 52 53] [16152  8390  2065  9706  3975  2171  9213  2749  2677  4506  8670 13834
  2775  4376  2538  4947  3506  5499  4012 12056 11249 10485  2566  3295
  6663 10259  5124 10707  9708  8218] [] 1716279835.0529265404
[ 1  1 -1  1 -1 -1 -1 -1 -1 -1  1  1 -1 -1 -1 -1 -1  1 -1  1 -1 -1 -1  1
 -1 -1 -1 -1] [ 1  2  3  4 10 11 12 18 19 20 21 23 26 27 28 29 34 35 36 37 41 42 44 45
 50 51 52 53] [15963  8372  2090  9677  4108  2239 10567  2785  2731  4579  8669 13816
  2829  4435  2568  4985  3627  5484  4140 12032 10697  2656  3349  6536
  6082 10708  9816  9924] [] 1716279835.0960659981
[ 1 -1 -1  1 -1 -1 -1 -1 -1 -1 -1  1 -1 -1 -1  1 -1 -1 -1  1 -1 -1 -1 -1
 -1 -1 -1 -1] [ 1  2  3  4 10 11 12 18 19 20 21 23 26 27 28 29 34 35 36 37 41 42 44 45
 50 51 52 53] [15936  8510  2134  9657  4527  2339 12232  2915  2763  4611  8684 13715
  2907  4984  2620  4949  3851  5629  4437 11914 11073  2846  3471  6751
  6977 10806 10058 12458] [] 1716279835.1390733719
[-1 -1 -1 -1 -1 -1 -1 -1 -1 -1 -1 -1 -1  1 -1 -1 -1 -1 -1  1 -1 -1 -1 -1
 -1  1 -1] [ 1  2  3  4 10 11 12 18 19 20 21 23 26 27 28 29 34 35 36 37 41 42 44 45
 50 51 52] [15989  8627  2242  9743  4811  2414 12915  2975  2880  5357  8808 13849
  2955  4977  2710  5023  4006  6093  4630 11680 12425  2985  3472  6827
  8750 10730 13832] [] 1716279835.1820442677
[ 1  1 -1 -1 -1 -1 -1 -1 -1 -1 -1  1 -1 -1 -1 -1 -1 -1 -1  1 -1 -1  1 -1
 -1 -1] [ 1  2  3  4 10 11 12 18 19 20 21 23 26 27 28 29 34 35 36 37 41 42 44 45
 50 51] [15862  8550  2357  9759  5422  2505 13104  3127  2923  5609 10072 13805
  3043  5028  2805  5117  4265  6335  4981 11329 12455  3154  3450  6973
  8803 10812] [] 1716279835.2250509262
[-1 -1 -1  1 -1 -1 -1 -1 -1 -1  1 -1 -1 -1 -1 -1 -1  1 -1 -1 -1 -1 -1 -1
  1] [ 1  2  3  4 10 11 12 18 19 20 21 23 26 27 28 29 34 35 36 37 41 42 44 45
 51] [15920  8598  2470  9712  5619  2605 13461  3647  3018  6343  9952 13999
  3155  5280  2917  6150  4516  6202  5146 12192 13176  3542  3535  7617
 10793] [] 1716279835.2680029869
[-1  1 -1 -1 -1 -1 -1 -1 -1 -1  1 -1  1 -1 -1 -1 -1 -1 -1 -1  1 -1 -1] [ 1  2  3  4 10 11 12 18 19 20 21 26 27 28 29 34 35 36 37 42 44 45 51] [16172  8477  2623  9797  6797  2691 13530  4119  3093  7556  9748  3255
  5194  3027  7341  4957  6247  5743 12669  3589  3508 12027 10834] [] 1716279835.3109698296
[ 1 -1 -1  1 -1 -1 -1 -1 -1  1  1 -1 -1 -1 -1 -1  1 -1 -1 -1  1] [ 1  2  3  4 10 11 12 18 19 20 21 26 27 28 29 34 35 36 37 42 44] [16084  8485  2685  9786  6980  2789 13550  4215  3175  7507  9705  3315
  5257  3042  7391  5086  6163  5837 13000  4074  3458] [] 1716279835.3539955616
[-1 -1 -1 -1 -1 -1 -1 -1 -1 -1 -1 -1 -1 -1 -1 -1 -1 -1 -1 -1 -1] [ 1  2  3  4 10 11 12 18 19 20 21 26 27 28 29 34 35 36 37 42 44] [16111 13016  2943  9825  7531  3010 15181  4517  3210  7708  9861  3741
  5370  3249  7514  5227  6558  6098 13031  4710  3868] [] 1716279835.3969612122
[-1 -1 -1 -1 -1 -1 -1  1  1 -1 -1 -1 -1 -1 -1 -1 -1 -1 -1] [ 2  3  4 10 11 18 19 20 21 26 27 28 29 34 35 36 37 42 44] [13105  3263  9957  7834  3258  5102  3359  7706  9789  4175  5455  3481
  7665  5681  7131  6474 13189  5308  4128] [] 1716279835.4400207996
[ 1 -1  1 -1 -1 -1 -1 -1 -1 -1 -1 -1 -1 -1 -1 -1  1 -1 -1] [ 2  3  4 10 11 18 19 20 21 26 27 28 29 34 35 36 37 42 44] [12938  3443  9855  9683  3712  5567  3395  7854  9962  4739  5486  3859
  7805  5979  7345  7785 12892  5663  4367] [] 1716279835.4829695225
[-1 -1 -1 -1 -1 -1 -1 -1 -1 -1 -1 -1 -1 -1 -1 -1 -1 -1 -1] [ 2  3  4 10 11 18 19 20 21 26 27 28 29 34 35 36 37 42 44] [13144  3595 10449 10313  4047  6601  3499  8241 10167  5855  5585  4535
 11174  6186  7346 11612 13567  6591  5334] [] 1716279835.5260100365
[-1 -1 -1 -1 -1 -1 -1 -1 -1 -1 -1  1 -1 -1 -1 -1 -1] [ 2  3 10 11 18 19 20 21 26 27 28 29 34 35 36 42 44] [13609  3795 11518  4502  8901  3644  8336 10278  7913  5698  5855 11136
  6670  8311 12197  7668  7627] [] 1716279835.5689926147
[ 1 -1 -1 -1 -1 -1 -1 -1 -1 -1 -1 -1 -1  1 -1 -1] [ 2  3 11 18 19 20 21 26 27 28 29 34 35 36 42 44] [13298  3855  5390  9562  3847 10426 10369  8274  5899  7464 11396  7668
  9132 12194  8126 12602] [] 1716279835.6119315624
[ 1 -1 -1 -1 -1 -1 -1 -1 -1 -1  1 -1 -1  1 -1] [ 2  3 11 18 19 20 21 26 27 28 29 34 35 36 42] [13079  3862  5946 10942  3930 10883 10419  8285  5930  9072 11292  7795
  9580 10120 10909] [] 1716279835.6549165249
[-1 -1 -1 -1 -1 -1 -1 -1 -1 -1 -1 -1 -1] [ 2  3 11 19 20 21 26 27 28 29 34 35 36] [13294  4635  6041  4215 11463 10567  8693  6579 10195 12258  9302 14101
 11321] [] 1716279835.6979227066
[ 1 -1 -1 -1 -1 -1 -1 -1 -1 -1 -1 -1] [ 2  3 11 19 20 21 26 27 28 34 35 36] [12953  4636  7251  4321 11697 10602  8861  6729 10936  9335 14430 14767] [] 1716279835.7409970760
[-1 -1 -1 -1 -1 -1 -1 -1  1 -1 -1 -1] [ 2  3 11 19 20 21 26 27 28 34 35 36] [13234  5152  7336  4764 11934 10662  9070  7461 10931  9443 15148 14930] [] 1716279835.7840137482
[ 1 -1 -1 -1 -1 -1 -1 -1 -1 -1 -1  1] [ 2  3 11 19 20 21 26 27 28 34 35 36] [13102  5399  7516  5219 12438 11178  9406  9069 11039  9685 15752 14565] [] 1716279835.8270745277
[ 1 -1 -1 -1 -1 -1 -1 -1 -1] [ 2  3 11 19 20 26 27 28 34] [13006  5574  7837  5732 13086  9833  9127 11106 12701] [] 1716279835.8699419498
[-1 -1 -1 -1 -1  1 -1] [ 2  3 11 19 20 27 28] [13480  7836  7988  6927 15463  9107 11281] [] 1716279835.9129152298
[-1 -1 -1 -1 -1 -1] [ 2  3 11 19 27 28] [13496  8506  8575  7265  9269 11950] [] 1716279835.9558732510
[-1  1 -1 -1] [ 2 11 19 27] [14184  8572  9702  9281] [] 1716279835.9988467693
[-1 -1 -1 -1] [ 2 11 19 27] [14299  8963  9991 11704] [] 1716279836.0418856144
[-1 -1 -1] [11 19 27] [ 9458 10611 12188] [] 1716279836.0848071575
[-1  1] [11 19] [ 9717 10584] [] 1716279836.1279883385
[1] [11] [9538] [] 1716279836.1893639565
2 2 2 1716279836.1896734238
