FA TAX ADC PRES TS
[1] [11] [9282] [] 1716279864.7204451561
[-1] [11] [9316] [] 1716279864.7634484768
[-1 -1] [11 19] [ 9989 10927] [] 1716279864.8064208031
[1 1] [11 19] [ 9910 10498] [] 1716279864.8494620323
[-1 -1 -1] [11 19 27] [10026 11076 12230] [] 1716279864.8924911022
[ 1  1 -1 -1] [11 19 27 28] [ 9726 10501 15679 12054] [] 1716279864.9354689121
[ 1  1 -1  1] [11 19 20 28] [ 9437  9505 16100 11885] [] 1716279864.9784281254
[-1 -1  1  1 -1] [ 3 11 19 20 28] [11990  9581  9092 15490 11950] [] 1716279865.0214207172
[ 1  1  1  1 -1  1] [ 3 11 19 20 27 28] [10484  9452  9001 14878 13337 11623] [] 1716279865.0644092560
[ 1 -1  1  1  1  1] [ 3 11 19 20 27 28] [ 9943  9474  8139 14691 10622 11402] [] 1716279865.1074357033
[ 1  1  1  1 -1  1  1] [ 3 11 19 20 26 27 28] [ 6892  9434  6975 13916 11751  9671 11144] [] 1716279865.1504197121
[ 1  1  1  1  1 -1  1] [ 3 11 19 20 26 27 28] [ 6584  9266  6198 13758 11476  9960 10887] [] 1716279865.1934757233
[ 1  1  1  1  1 -1  1 -1 -1 -1] [ 3 11 19 20 26 27 28 34 36 44] [ 6366  9251  6095 13429 11390 10255  9252 12239 15117 14247] [] 1716279865.2365243435
[ 1  1  1  1 -1  1  1  1  1  1] [ 3 11 19 20 26 27 28 34 36 44] [ 6271  9211  5979 13390 11396 10147  9186  9993 14088 13036] [] 1716279865.2794797421
[ 1  1 -1  1  1  1  1 -1 -1  1  1 -1  1] [ 3 11 18 19 20 26 27 28 29 34 36 42 44] [ 4985  8994 11580  5555 12991 11175 10082  9277 11833  9542 13811 13632
 10795] [] 1716279865.3224718571
[ 1  1  1  1  1 -1  1  1 -1  1  1  1  1  1] [ 3 11 18 19 20 21 26 27 28 29 34 36 42 44] [ 4799  8642 11348  5389 12904 11861 11153  9971  9362 11694  8701 13805
 10303  7991] [] 1716279865.3654735088
[-1 -1  1  1  1  1  1  1  1  1  1  1  1  1  1] [ 3 10 11 18 19 20 21 26 27 28 29 34 36 42 44] [ 4831 13844  7322 11240  5032 12556 11575 11015  9934  9263 11481  8522
 13468 10031  6962] [] 1716279865.4085218906
[1 1 1 1 1 1 1 1 1 1 1 1 1 1 1] [ 3 10 11 18 19 20 21 26 27 28 29 34 36 42 44] [ 4645 13626  6053 11016  4806 12390 11396 10796  9865  9106 11434  8304
 13018  9443  5680] [] 1716279865.4514708519
[1 1 1 1 1 1 1 1 1 1 1 1 1 1 1] [ 3 10 11 18 19 20 21 26 27 28 29 34 36 42 44] [ 4605 12881  5462 10700  4522 12071 11372 10774  9788  7013 11414  7457
 13001  8631  4964] [] 1716279865.4944467545
[1 1 1 1 1 1 1 1 1 1 1 1 1 1 1] [ 3 10 11 18 19 20 21 26 27 28 29 34 36 42 44] [ 4461  8667  5197 10634  4277 11836 10902 10584  9741  6228 11048  7238
 12220  7382  4656] [] 1716279865.5375976562
[ 1  1  1  1  1  1  1  1 -1 -1  1  1  1 -1  1] [ 3 10 11 18 19 20 21 26 27 28 29 34 36 42 44] [ 4419  8241  4997 10596  4137 11787 10862 10571  9783  6241 10915  6814
 11859  7470  4475] [] 1716279865.5805332661
[ 1  1  1  1  1 -1  1 -1  1  1 -1  1  1  1  1] [ 3 10 11 18 19 20 21 26 27 28 29 34 36 42 44] [ 4335  7258  4451 10340  4029 11854 10812 10619  9668  5483 10946  6530
 10886  7337  4205] [] 1716279865.6235730648
[ 1  1  1  1  1  1 -1  1 -1  1 -1  1  1  1  1] [ 3 10 11 18 19 20 21 26 27 28 29 34 36 42 44] [ 3914  6836  3957  8880  3962 11336 10938 10586 10810  4967 11196  6293
  9994  6644  4095] [] 1716279865.6665611267
[ 1  1  1  1  1  1  1  1 -1  1  1  1  1 -1  1  1] [ 3 10 11 18 19 20 21 26 27 28 29 34 36 37 42 44] [ 3791  6686  3839  7782  3859 11234 10850 10546 11280  4683 11140  6067
  9676 16325  5663  3925] [] 1716279865.7095618248
[ 1  1  1  1  1  1  1  1  1  1  1  1 -1  1 -1 -1 -1] [ 3 10 11 18 19 20 21 26 27 28 29 34 36 37 42 44 45] [ 3695  6557  3542  6067  3816  9094 10849 10446  9478  4401  8213  5836
  9766 13753  5932  3947 12154] [] 1716279865.7526199818
[ 1  1  1  1  1  1 -1  1  1  1  1 -1  1  1  1  1  1] [ 3 10 11 18 19 20 21 26 27 28 29 34 36 37 42 44 45] [ 3138  6190  3359  5501  3691  8962 10881  7413  8919  4089  7901  6194
  8932 13294  5658  3683 12022] [] 1716279865.7956027985
[ 1  1  1  1  1  1  1  1 -1  1  1  1  1  1  1 -1  1] [ 3 10 11 18 19 20 21 26 27 28 29 34 36 37 42 44 45] [ 2958  6031  3237  4899  3646  8763 10599  6238  9013  3971  7751  5513
  8319 12594  5324  3741  9289] [] 1716279865.8384709358
[ 1  1  1  1  1  1  1  1  1  1  1 -1  1 -1  1 -1 -1  1 -1] [ 3 10 11 18 19 20 21 26 27 28 29 34 36 37 42 43 44 45 50] [ 2799  5818  3177  4369  3576  8589 10461  5665  7385  3720  7712  5834
  8091 12878  5095 16135  3759  9220 10288] [] 1716279865.8816564083
[ 1 -1  1  1  1 -1 -1  1  1  1  1  1 -1 -1  1  1  1  1  1] [ 3 10 11 18 19 20 21 26 27 28 29 34 36 37 42 43 44 45 50] [ 2682  5839  3138  4278  3510  8681 10514  5027  7118  3608  7687  5444
  8150 13188  4698 11254  3678  8857  9093] [] 1716279865.9245910645
[ 1  1  1 -1  1  1  1  1  1  1  1  1  1 -1  1 -1  1 -1 -1 -1  1 -1] [ 3 10 11 12 18 19 20 21 26 27 28 29 34 35 36 37 42 43 44 45 50 53] [ 2537  5119  2992 14733  4167  3413  7096 10409  4549  6659  3433  7573
  4996 14002  7739 13543  4514 11731  3682  8892  8458 14826] [] 1716279865.9675953388
[-1 -1 -1  1  1  1  1  1  1  1  1  1  1 -1  1  1  1 -1  1 -1  1  1  1 -1
  1] [ 2  3  4 10 11 12 18 19 20 21 26 27 28 29 34 35 36 37 42 43 44 45 50 51
 53] [12676  2646 13430  4727  2966 13715  4094  3333  6957 10347  4213  6465
  3289  7693  4923 12245  7291 13682  4336 12050  3615  8692  6995 12884
 13030] [] 1716279866.0106067657
[ 1  1 -1  1  1  1  1  1  1  1  1  1  1  1  1  1  1  1  1  1  1 -1  1  1
  1] [ 2  3  4 10 11 12 18 19 20 21 26 27 28 29 34 35 36 37 42 43 44 45 50 51
 53] [11019  2596 14079  4406  2788 13629  3875  3293  6623 10220  3782  6395
  3160  7385  4594 11750  6399 13464  4080 10709  3564  8739  5711 11427
 11375] [] 1716279866.0536289215
[ 1  1  1  1  1  1  1  1  1 -1  1  1  1 -1  1 -1  1 -1 -1  1  1  1  1  1
 -1  1] [ 2  3  4 10 11 12 18 19 20 21 26 27 28 29 34 35 36 37 42 43 44 45 50 51
 52 53] [10918  2551 13043  4259  2563 12497  3763  3186  6361 10440  3603  6061
  3057  7476  4460 12010  5555 13568  4082 10549  3554  8687  5317 11319
 16368  9640] [] 1716279866.0966355801
[ 1  1  1  1  1  1  1  1  1  1  1  1  1  1 -1  1  1 -1  1  1  1  1  1  1
  1  1] [ 2  3  4 10 11 12 18 19 20 21 26 27 28 29 34 35 36 37 42 43 44 45 50 51
 52 53] [10717  2496 12119  3991  2495 11835  3538  3057  6010 10362  3368  6044
  2985  7366  4476 11861  5089 13580  3856  9500  3418  8471  5115 11235
 15548  9631] [] 1716279866.1396048069
[ 1  1  1  1  1  1  1  1  1  1  1 -1  1 -1  1  1  1 -1 -1  1  1  1 -1 -1
  1  1  1  1] [ 2  3  4 10 11 12 18 19 20 21 26 27 28 29 34 35 36 37 41 42 43 44 45 46
 50 51 52 53] [ 9562  2465 11434  3853  2425 11505  3460  2943  5951 10352  3192  6375
  2939  7403  4156 10592  4403 13652 15599  3790  9008  3363  8613 11711
  4946 11099 15088  8290] [] 1716279866.1826102734
[ 1  1  1  1  1  1  1  1  1  1  1  1  1  1  1  1  1 -1  1  1  1  1  1  1
  1  1  1  1] [ 2  3  4 10 11 12 18 19 20 21 26 27 28 29 34 35 36 37 41 42 43 44 45 46
 50 51 52 53] [ 8168  2415 11354  3689  2295 11432  3234  2871  5358 10223  3151  6240
  2810  5922  3988  9606  4161 13930 14771  3608  8990  3302  8423 10265
  4643 10927 14188  7996] [] 1716279866.2256152630
[ 1  1  1  1  1  1  1  1  1  1  1 -1  1  1  1  1  1  1 -1  1  1  1  1 -1
  1  1 -1  1  1] [ 2  3  4 10 11 12 18 19 20 21 26 27 28 29 34 35 36 37 38 41 42 43 44 45
 46 50 51 52 53] [ 8153  2321 11330  3538  2294 11268  3184  2785  4797 10159  3057  6333
  2810  5855  3899  8834  4132 13826 11903 14680  3360  8555  3212  8513
  9743  4400 10934 12501  6329] [] 1716279866.2686431408
[ 1  1  1  1  1  1  1  1  1  1  1  1  1  1  1  1  1  1  1 -1  1  1  1  1
  1  1  1  1  1] [ 2  3  4 10 11 12 18 19 20 21 26 27 28 29 34 35 36 37 38 41 42 43 44 45
 46 50 51 52 53] [ 7779  2251 11213  3454  2143 10835  2959  2783  4577 10084  2853  6140
  2715  5490  3706  7841  3991 13717 11550 14975  3250  8338  3021  8318
  9541  4349 10914 12157  6111] [] 1716279866.3116362095
[ 1  1  1  1  1  1  1  1  1 -1  1  1  1  1  1  1  1  1  1  1  1 -1  1  1
  1  1  1 -1  1] [ 2  3  4 10 11 12 18 19 20 21 26 27 28 29 34 35 36 37 38 41 42 43 44 45
 46 50 51 52 53] [ 7723  2238 11161  3331  2047  9215  2943  2694  4469 10185  2801  6119
  2653  5422  3485  7367  3867 13442 11328 13921  3182  8456  2985  7991
  9477  4233 10853 12208  6012] [] 1716279866.3545968533
[ 1  1 -1  1  1  1  1  1  1  1  1  1  1 -1  1  1  1  1  1  1  1  1  1  1
 -1  1  1  1  1] [ 2  3  4 10 11 12 18 19 20 21 26 27 28 29 34 35 36 37 38 41 42 43 44 45
 46 50 51 52 53] [ 7691  2226 11324  3309  2033  9005  2874  2665  4400 10130  2783  5786
  2624  5429  3465  7364  3810 13431 11141 13787  3124  8314  2948  7950
  9492  4192 10846 12181  6005] [] 1716279866.3976449966
[-1  1  1  1 -1  1  1  1  1  1  1  1 -1  1  1  1  1  1 -1  1  1  1 -1 -1
  1  1 -1  1  1] [ 2  3  4 10 11 12 18 19 20 21 26 27 28 29 34 35 36 37 38 41 42 43 44 45
 46 50 51 52 53] [ 7752  2214 11199  3267  2039  8807  2819  2663  4384 10047  2731  5565
  2630  5386  3441  7240  3782 13159 11154 13427  3060  8261  2954  7967
  9424  4131 10881 12148  5958] [] 1716279866.4406123161
[-1  1  1  1  1  1  1 -1  1 -1  1  1 -1  1  1  1  1 -1 -1 -1 -1 -1  1 -1
  1 -1 -1 -1  1  1] [ 1  2  3  4 10 11 12 18 19 20 21 26 27 28 29 34 35 36 37 38 41 42 43 44
 45 46 50 51 52 53] [16355  7740  2202 11180  3235  2010  8763  2843  2644  4409 10024  2711
  5628  2608  5251  3423  7204  3787 13224 11197 13541  3082  8217  2972
  7927  9520  4208 10886 12086  5836] [] 1716279866.4836308956
[ 1 -1  1 -1  1 -1  1 -1  1  1 -1  1  1  1 -1  1  1 -1  1  1 -1  1 -1  1
  1 -1  1 -1 -1] [ 2  3  4 10 11 12 18 19 20 21 26 27 28 29 34 35 36 37 38 41 42 43 44 45
 46 50 51 52 53] [ 7669  2203 10992  3247  2009  8794  2783  2649  4361  9957  2735  5607
  2600  5169  3428  7188  3780 13284 11089 13084  3225  8185  3072  7903
  9337  4326 10879 12259  6144] [] 1716279866.5265479088
[-1  1 -1  1 -1 -1 -1 -1 -1 -1  1 -1 -1 -1 -1 -1 -1 -1  1  1 -1 -1 -1 -1
  1 -1  1 -1 -1] [ 1  2  3  4 10 11 12 18 19 20 21 26 27 28 29 34 35 36 37 41 42 43 44 45
 46 50 51 52 53] [16266  7621  2216 10905  3285  2063 10174  2852  2679  4396  9940  2767
  5782  2632  5355  3589  7237  3790 13076 12779  3352  8268  3144  8319
  9209  4428 10833 12924  6745] [] 1716279866.5695939064
[ 1 -1 -1 -1 -1 -1 -1 -1 -1 -1  1 -1 -1 -1  1 -1 -1 -1  1 -1 -1 -1 -1 -1
 -1 -1 -1 -1 -1] [ 1  2  3  4 10 11 12 18 19 20 21 26 27 28 29 34 35 36 37 41 42 43 44 45
 46 50 51 52 53] [16054  7651  2298 10939  3466  2147 10623  2947  2729  4838  9934  2869
  5815  2636  5331  3657  7558  3875 13020 13076  3446  8318  3253  8383
 13232  4560 10843 13110  8132] [] 1716279866.6125826836
[ 1 -1 -1  1 -1 -1 -1 -1 -1 -1  1 -1  1 -1 -1 -1 -1 -1 -1 -1 -1 -1  1 -1
 -1 -1 -1 -1] [ 1  2  3  4 10 11 12 18 19 20 21 26 27 28 29 34 35 36 37 41 42 43 44 45
 50 51 52 53] [15761  8132  2315 10839  3589  2220 11053  3099  2783  4861  9826  2951
  5777  2683  5491  3664  7815  4090 13091 16355  3568  8739  3252  8399
  4846 11011 14392 10963] [] 1716279866.6555888653
[ 1 -1 -1  1 -1 -1 -1 -1 -1 -1 -1 -1 -1 -1 -1 -1 -1 -1 -1 -1 -1 -1  1 -1
 -1 -1] [ 1  2  3  4 10 11 12 18 19 20 21 26 27 28 29 34 35 36 37 42 43 44 45 50
 51 53] [15525  8628  2383 10829  3729  2290 11115  3199  2847  5271  9892  3021
  5991  2721  5703  3843  8529  4461 13164  3830  9198  3280  8359  5960
 11401 12605] [] 1716279866.6985802650
[-1 -1 -1 -1 -1 -1 -1 -1 -1 -1  1 -1 -1 -1 -1 -1 -1 -1  1 -1 -1 -1 -1 -1] [ 1  2  3  4 10 11 12 18 19 20 21 26 27 28 29 34 35 36 37 42 43 44 45 50] [15712  9449  2471 10855  3895  2413 11571  3397  2915  5615  9769  3162
  6031  2792  6410  4032  9453  4771 13023  3902 10239  3319  8394  8081] [] 1716279866.7415320873
[-1 -1 -1  1 -1 -1 -1 -1 -1 -1 -1 -1 -1 -1 -1 -1  1 -1  1 -1  1  1 -1] [ 1  2  3  4 10 11 12 18 19 20 21 26 27 28 29 34 35 36 37 42 43 44 45] [16177 13029  2505 10710  4111  2668 12312  3610  3015  5869  9805  3389
  6382  2905  7335  4282  8713  5225 12971  4086 10044  3298  8478] [] 1716279866.7845766544
[ 1 -1  1 -1 -1 -1 -1 -1 -1 -1 -1 -1 -1  1 -1 -1 -1 -1 -1 -1 -1 -1] [ 1  3  4 10 11 12 18 19 20 21 26 27 28 29 34 35 36 37 42 43 44 45] [16012  2517 10635  4201  2833 12856  3672  3149  6247  9818  3706  6391
  2993  7331  4391  9167  6171 13026  4254 10200  3407  9039] [] 1716279866.8275358677
[-1 -1  1 -1 -1 -1 -1 -1 -1 -1 -1 -1 -1 -1 -1 -1 -1 -1 -1 -1 -1 -1] [ 1  3  4 10 11 12 18 19 20 21 26 27 28 29 34 35 36 37 42 43 44 45] [16194  2603 10607  4847  2974 13322  3844  3224  6267 10014  4135  6530
  3131  7414  4627  9530  6723 13445  4606 13057  3565 12032] [] 1716279866.8705587387
[-1 -1 -1 -1 -1 -1 -1 -1 -1 -1 -1 -1 -1 -1 -1 -1  1 -1  1] [ 3  4 10 11 12 18 19 20 21 26 27 28 29 34 35 36 37 42 44] [ 2885 11138  5458  3071 14166  4192  3306  6498 10085  5008  6688  3357
  7500  5297  9811  7760 13283  4867  3443] [] 1716279866.9135227203
[-1 -1 -1 -1 -1 -1  1 -1 -1 -1 -1 -1 -1 -1 -1  1 -1 -1] [ 3  4 10 11 18 19 20 21 26 27 28 29 34 35 36 37 42 44] [ 3165 11414  5664  3166  4364  3387  6491 10175  6156  7419  3498  7646
  5320 13725  8262 13143  5580  3647] [] 1716279866.9564905167
[-1 -1 -1 -1 -1 -1 -1 -1 -1 -1 -1 -1 -1 -1 -1 -1 -1] [ 3  4 10 11 18 19 20 21 26 27 28 29 34 36 37 42 44] [ 3468 11837  5869  3471  5236  3520  6815 10259  8396  8687  3845  7734
  5835  9077 13695  5622  3727] [] 1716279866.9994971752
[-1  1 -1 -1 -1 -1  1  1 -1 -1 -1  1 -1  1 -1 -1] [ 3  4 10 11 18 19 20 21 26 27 28 29 34 36 42 44] [ 3541 11427  6255  3697  5805  3538  6773 10208 10223  8724  3933  7683
  5926  9045  7748  4079] [] 1716279867.0425369740
[-1 -1 -1 -1 -1 -1 -1 -1 -1 -1 -1 -1 -1 -1 -1 -1] [ 3  4 10 11 18 19 20 21 26 27 28 29 34 36 42 44] [ 3970 11925  6565  4158  7977  3704  8804 10319 10443  9155  4464  8163
  6522  9370  9233  5045] [] 1716279867.0854678154
[-1 -1 -1 -1 -1 -1 -1 -1 -1 -1 -1 -1 -1 -1 -1 -1] [ 3  4 10 11 18 19 20 21 26 27 28 29 34 36 42 44] [ 4143 13314  6797  4741 10138  3829 10772 10650 10559 10273  4918 10955
  6831  9755 13246  7423] [] 1716279867.1284549236
[-1 -1 -1 -1 -1 -1 -1 -1 -1 -1 -1 -1 -1 -1 -1] [ 3 10 11 18 19 20 21 26 27 28 29 34 35 36 44] [ 4438  7464  5082 10418  4023 11021 10959 10720 10908  5875 11204  7378
 16332  9977 12615] [] 1716279867.1714763641
[-1 -1 -1 -1 -1 -1  1  1  1 -1 -1  1 -1 -1] [ 3 10 11 18 19 20 21 26 27 28 29 34 36 44] [ 4458  9833  5316 10793  4165 11319 10793 10615  9598  7107 11547  7375
 11317 13497] [] 1716279867.2144851685
[-1 -1 -1 -1 -1 -1 -1 -1 -1 -1 -1 -1 -1 -1] [ 3 10 11 18 19 20 21 26 27 28 29 34 35 36] [ 4562 13486  5927 10964  4351 11393 10921 10840 10327  8649 11932  8444
 14165 12944] [] 1716279867.2574460506
[-1 -1 -1 -1 -1 -1 -1 -1  1 -1 -1 -1] [ 3 10 11 18 19 20 21 26 27 28 34 36] [ 4774 13698  7260 11536  4616 11931 10990 11155 10302  8755 10454 13158] [] 1716279867.3003537655
[-1 -1 -1 -1 -1 -1 -1 -1 -1  1] [ 3 11 18 19 20 26 27 28 34 36] [ 6092  8009 11629  5069 12168 11211 10612  8834 12651 13098] [] 1716279867.3433899879
[-1 -1 -1 -1 -1 -1 -1 -1 -1] [ 3 11 18 19 20 26 27 28 36] [ 6748  8284 11900  5883 12750 12542 11575  9167 15795] [] 1716279867.3865499496
[-1 -1  1 -1 -1 -1  1] [ 3 11 18 19 20 27 28] [ 7080  8320 11782  6203 13018 11696  9074] [] 1716279867.4293889999
[-1 -1 -1 -1 -1 -1] [ 3 11 19 20 27 28] [ 9892  9333  7166 13747 12842  9437] [] 1716279867.4723694324
[ 1 -1] [11 19] [9258 8970] [] 1716279867.5153753757
[-1 -1] [11 19] [ 9632 10135] [] 1716279867.5583698750
[-1 -1] [11 19] [ 9736 10253] [] 1716279867.6013174057
[-1 -1] [11 19] [ 9989 11909] [] 1716279867.6524746418
2 2 2 1716279867.6527690887
