FA TAX ADC PRES TS
[-1 -1] [11 19] [11157 11103] [] 1716282772.9414999485
[1] [11] [10942] [] 1716282772.9843292236
[1] [11] [10904] [] 1716282773.0275807381
[1] [11] [9688] [] 1716282773.0705444813
[1] [11] [9206] [] 1716282773.1135168076
[-1 -1] [11 28] [ 9446 11448] [] 1716282773.1565356255
[-1 -1 -1] [11 19 28] [ 9622 11615 11699] [] 1716282773.1995391846
[ 1  1 -1  1] [11 19 27 28] [ 9446 10163 12956 11150] [] 1716282773.2425379753
[-1  1 -1  1  1 -1] [11 19 26 27 28 42] [ 9471 10043 11486 12941 11150 13367] [] 1716282773.2855629921
[-1 -1  1  1  1 -1  1] [ 3 11 19 26 27 28 42] [ 9875  9634  8499 11375 12917 11257 10479] [] 1716282773.3284282684
[ 1 -1  1 -1 -1 -1 -1  1 -1] [ 3 11 19 20 26 27 28 42 44] [ 9851  9783  7450 16191 11593 13063 11285 10396 13372] [] 1716282773.3715708256
[ 1  1 -1  1  1  1  1 -1 -1  1 -1] [ 3 11 18 19 20 26 27 28 34 42 44] [ 9319  9689 11850  7029 15086  9884 12988 11462 13561  9296 13394] [] 1716282773.4146506786
[ 1  1  1  1  1  1  1 -1 -1  1 -1  1  1] [ 3 11 18 19 20 26 27 28 29 34 36 42 44] [ 6292  9535 11312  6434 14520  9426 12805 11585 12478 12397 14057  8045
 12079] [] 1716282773.4575641155
[ 1  1  1  1  1  1  1 -1  1  1  1  1  1] [ 3 11 18 19 20 26 27 28 29 34 36 42 44] [ 5870  9385  8692  5916 14342  9238 12665 11591 12194 12226 13742  6722
 11693] [] 1716282773.5002465248
[ 1  1  1  1 -1  1  1  1  1  1 -1  1  1] [ 3 11 18 19 20 26 27 28 29 34 36 42 44] [ 5653  9282  8264  5304 14447  8848 12583 11517 11497  9561 14618  5424
  9289] [] 1716282773.5436050892
[ 1  1  1  1  1 -1  1  1  1 -1  1  1  1  1] [ 3 11 18 19 20 21 26 27 28 29 34 36 42 44] [ 5432  9251  7738  4981 14041 12820  8679  9686  9491 11566  9455 13455
  5313  8695] [] 1716282773.5866198540
[ 1  1  1  1  1  1  1  1  1  1  1 -1  1  1] [ 3 11 18 19 20 21 26 27 28 29 34 36 42 44] [ 5346  9196  7579  4707 13822 11922  8595  9507  9372 11421  9199 13544
  5183  7235] [] 1716282773.6295299530
[ 1  1  1  1  1  1  1  1  1  1  1 -1  1  1] [ 3 11 18 19 20 21 26 27 28 29 34 36 42 44] [ 5329  9053  7009  4471 13090 11095  8460  9314  8959 11255  8989 13743
  4578  6253] [] 1716282773.6724874973
[1 1 1 1 1 1 1 1 1 1 1 1 1 1] [ 3 11 18 19 20 21 26 27 28 29 34 36 42 44] [ 5243  8954  5733  4322 12907 10889  8383  9256  8272 11198  8764 13647
  4395  5597] [] 1716282773.7156062126
[ 1 -1  1  1  1  1  1  1  1  1  1  1  1  1 -1] [ 3 11 18 19 20 21 26 27 28 29 34 36 42 44 50] [ 4813  9008  5160  4082 12536 10682  7070  9085  7669 11092  8627 13275
  4301  5208 10085] [] 1716282773.7585856915
[ 1  1  1  1  1  1  1 -1  1  1 -1  1  1  1 -1  1] [ 3 11 18 19 20 21 26 27 28 29 34 36 42 44 45 50] [ 4621  8951  4951  4054 12375 10655  6445  9212  6380 11062  8648 12701
  4115  5142  8762  9452] [] 1716282773.8015942574
[ 1 -1  1  1  1  1  1  1  1  1  1  1 -1  1  1  1  1  1] [ 3 10 11 18 19 20 21 26 27 28 29 34 35 36 42 44 45 50] [ 4314 12500  8899  4366  3990 12047 10569  5052  9057  5521  9408  7901
 11530 10371  3931  4647  8233  8298] [] 1716282773.8444478512
[1 1 1 1 1 1 1 1 1 1 1 1 1 1 1 1 1 1] [ 3 10 11 18 19 20 21 26 27 28 29 34 35 36 42 44 45 50] [ 4248  9764  8859  4025  3782 11899 10492  4415  8874  4884  9038  7779
 10024 10123  3609  4458  8033  8046] [] 1716282773.8875894547
[ 1  1  1  1  1  1 -1  1 -1  1  1  1  1  1  1  1  1  1] [ 3 10 11 18 19 20 21 26 27 28 29 34 35 36 42 44 45 50] [ 4223  9190  7535  3673  3654 11778 10494  4226  9001  4521  8912  7701
  9744  9241  3413  4247  7676  7625] [] 1716282773.9305310249
[ 1  1  1  1  1  1  1  1 -1  1 -1  1  1  1 -1  1  1  1  1 -1] [ 3 10 11 18 19 20 21 26 27 28 29 34 35 36 37 42 44 45 50 53] [ 4059  8733  7015  3437  3594  9800 10370  4028  9092  4119  8927  7587
  9076  8621 16332  3090  3862  6749  6061 14557] [] 1716282773.9735336304
[1 1 1 1 1 1 1 1 1 1 1 1 1 1 1 1 1 1 1 1] [ 3 10 11 18 19 20 21 26 27 28 29 34 35 36 37 42 44 45 50 53] [ 3699  7437  6272  3233  3459  9225 10230  3717  8863  3783  7913  7482
  8047  8511 13486  2902  3848  6654  5874 13718] [] 1716282774.0164415836
[-1  1  1  1  1  1  1 -1  1  1  1 -1  1  1  1  1 -1  1 -1 -1 -1 -1  1] [ 2  3 10 11 18 19 20 21 26 27 28 29 34 35 36 37 42 44 45 46 50 51 53] [14022  3335  7137  5283  3159  3407  7473 10314  3699  8824  3531  7973
  7375  7861  8293 13117  2921  3779  6842 11672  5963 11962 10778] [] 1716282774.0596346855
[ 1  1  1  1  1  1  1 -1  1  1  1  1 -1  1  1  1 -1  1 -1  1  1  1  1  1
 -1  1] [ 2  3 10 11 18 19 20 21 26 27 28 29 34 35 36 37 41 42 43 44 45 46 50 51
 52 53] [13786  3007  6518  4845  3095  3273  7039 10322  3537  8767  3330  7899
  7400  7786  8084 13083 13325  2846 12507  3757  6723 11299  5908 11467
 15537 10375] [] 1716282774.1026029587
[-1  1  1  1  1  1  1  1  1  1  1 -1 -1 -1  1  1  1  1  1  1  1  1  1  1
  1  1] [ 2  3 10 11 18 19 20 21 26 27 28 29 34 35 36 37 41 42 43 44 45 46 50 51
 52 53] [13906  2831  5423  4501  2965  3225  6754 10279  3483  8506  3261  7902
  7455  7855  7553 12892 13069  2814  9605  3619  6700 10323  5595 11130
 14968  8012] [] 1716282774.1456022263
[-1  1  1  1  1  1  1  1  1  1  1  1 -1  1  1  1  1  1  1  1  1  1  1  1
  1  1  1] [ 2  3 10 11 18 19 20 21 26 27 28 29 33 34 35 36 37 41 42 43 44 45 46 50
 51 52 53] [13915  2743  5009  4105  2921  3200  6748 10196  3435  8196  3172  7787
 12870  7241  7720  7021 12306 12783  2758  9503  3449  6647  8463  5520
 10884 14462  6447] [] 1716282774.1884622574
[ 1  1  1  1  1 -1  1  1  1 -1  1  1  1  1  1  1  1  1  1 -1  1  1  1  1
  1  1  1] [ 2  3 10 11 18 19 20 21 26 27 28 29 33 34 35 36 37 41 42 43 44 45 46 50
 51 52 53] [13886  2674  4575  3980  2815  3206  6239 10091  3335  8226  3105  7736
 12860  6469  7028  6642 12200 12563  2671  9585  3314  6447  8157  5375
 10814 12713  5735] [] 1716282774.2316198349
[ 1  1  1  1  1  1  1 -1  1  1  1  1  1  1  1  1 -1 -1  1  1  1  1 -1  1
  1  1  1] [ 2  3 10 11 18 19 20 21 26 27 28 29 33 34 35 36 37 41 42 43 44 45 46 50
 51 52 53] [13791  2606  4343  3594  2739  3038  5231 10229  3226  7563  2964  6296
 12738  5651  6859  5944 12464 12577  2546  9491  3200  6442  8211  5205
 10752 11292  5488] [] 1716282774.2745780945
[-1  1  1  1  1  1  1 -1  1  1  1  1  1  1 -1  1 -1 -1  1 -1  1  1  1  1
  1  1 -1 -1] [ 2  3 10 11 18 19 20 21 26 27 28 29 33 34 35 36 37 41 42 43 44 45 46 50
 51 52 53 61] [13951  2550  4212  3452  2683  2976  5071 10341  3189  7485  2880  5239
 12677  5351  7107  5352 12864 12624  2483  9665  3182  6380  7341  4950
 10667 10676  5801  8147] [] 1716282774.3175122738
[ 1  1  1  1  1  1  1  1  1 -1  1  1 -1  1  1  1 -1  1  1  1  1  1 -1  1
  1 -1  1 -1  1] [ 2  3 10 11 18 19 20 21 26 27 28 29 33 34 35 36 37 41 42 43 44 45 46 50
 51 52 53 54 61] [13849  2498  3906  3235  2617  2950  4941 10195  3045  7782  2809  5086
 12691  5350  6975  4820 13120 12504  2366  9461  3128  5675  7445  4791
 10615 10743  5697 14824  7618] [] 1716282774.3604433537
[ 1  1  1  1  1  1  1  1  1  1  1  1  1  1  1  1  1 -1  1  1  1  1  1  1
  1 -1  1  1  1  1] [ 2  3 10 11 18 19 20 21 26 27 28 29 33 34 35 36 37 38 41 42 43 44 45 46
 50 51 52 53 54 61] [13723  2443  3784  2973  2571  2882  4713 10158  2959  7306  2723  4987
 12539  5119  6405  4740 12928 11445 12215  2226  8988  3040  5567  6615
  4181 10621 10432  5557 13032  7557] [] 1716282774.4035737514
[-1  1  1  1  1 -1 -1  1  1 -1  1 -1 -1  1  1  1  1  1  1  1  1  1  1  1
 -1  1  1  1  1  1  1] [ 2  3 10 11 18 19 20 21 26 27 28 29 33 34 35 36 37 38 41 42 43 44 45 46
 47 50 51 52 53 54 61] [13804  2354  3674  2762  2540  2917  4773 10080  2849  7416  2651  5081
 12595  4615  6243  4258 12794 10693 10917  2195  8927  2947  5447  6575
 15686  3942  9941  9239  5461 10525  7483] [] 1716282774.4465785027
[ 1  1  1  1  1  1  1  1  1  1  1  1  1  1  1  1 -1  1  1  1 -1 -1 -1  1
  1 -1 -1 -1  1  1  1] [ 2  3 10 11 18 19 20 21 26 27 28 29 33 34 35 36 37 38 41 42 43 44 45 46
 47 50 51 52 53 54 61] [ 8924  2343  3632  2569  2525  2891  4196 10055  2835  5208  2588  4995
 12460  4163  5846  3951 13174 10608 10807  2142  8963  2966  5585  6529
 15533  4062 10012  9267  5419 10485  7406] [] 1716282774.4896452427
[ 1 -1  1  1  1  1  1  1  1  1  1  1  1  1  1  1  1  1  1  1  1  1 -1 -1
 -1  1  1  1 -1  1  1] [ 2  3 10 11 18 19 20 21 26 27 28 29 33 34 35 36 37 38 41 42 43 44 45 46
 47 50 51 52 53 54 61] [ 8918  2365  3602  2530  2508  2840  4021 10055  2815  5191  2529  4924
 12438  4131  5686  3896 12772 10596 10733  2133  8838  2898  5885  6541
 15630  4053  9915  9065  5599 10443  7375] [] 1716282774.5324406624
[ 1  1  1  1  1  1  1 -1  1  1 -1  1  1  1 -1  1 -1  1  1  1  1  1  1  1
  1  1  1 -1  1  1 -1] [ 2  3 10 11 18 19 20 21 26 27 28 29 33 34 35 36 37 38 41 42 43 44 45 46
 47 50 51 52 53 54 61] [ 8867  2357  3584  2483  2501  2836  4011 10095  2807  5092  2537  4898
 12400  4074  5844  3868 13016 10419 10671  2116  8831  2896  5439  6525
 15601  3967  9881  9106  5549 10428  7417] [] 1716282774.5755884647
[ 1  1 -1 -1  1 -1  1 -1  1  1  1  1 -1  1  1 -1 -1 -1  1 -1  1  1 -1  1
 -1 -1  1  1 -1  1] [ 2  3 10 11 18 19 20 21 26 27 28 29 33 34 35 36 37 38 41 42 43 44 45 46
 50 51 52 53 54 61] [ 8862  2302  3603  2486  2499  2838  4009 10118  2779  5080  2501  4873
 12544  4051  5696  3960 13096 10448 10658  2140  8639  2872  5896  6495
  4131  9888  9067  5545 13108  7384] [] 1716282774.6185469627
[ 1 -1  1 -1  1  1 -1  1 -1 -1 -1  1  1 -1 -1 -1  1 -1 -1 -1 -1  1  1 -1
 -1 -1 -1 -1] [ 2  3 10 11 18 19 20 21 26 27 28 29 33 34 35 36 37 41 42 43 44 45 46 50
 51 52 53 61] [ 8818  2335  3563  2487  2497  2826  4149  9984  2791  5108  2576  4845
 12423  4077  5832  4010 13048 10815  2239  8676  2941  5839  6402  4182
 10595  9829  5645  7567] [] 1716282774.6615457535
[-1 -1 -1 -1 -1 -1 -1  1 -1 -1 -1  1 -1 -1 -1 -1  1 -1  1 -1 -1 -1 -1 -1
  1 -1  1] [ 2  3 10 11 18 19 20 21 26 27 28 29 33 34 35 36 37 41 42 43 44 45 46 50
 51 52 53] [ 9189  2367  3641  2667  2500  2849  4195  9890  2811  5119  2611  4755
 12513  4364  5886  4190 12912 12085  2231  9306  2982  5845  7223  4224
 10522 10025  5097] [] 1716282774.7044003010
[-1 -1  1 -1 -1 -1 -1  1 -1 -1 -1 -1 -1 -1 -1 -1 -1  1 -1  1 -1 -1 -1 -1
 -1 -1 -1] [ 2  3 10 11 18 19 20 21 26 27 28 29 33 34 35 36 37 41 42 43 44 45 46 50
 51 52 53] [13775  2373  3620  2815  2509  2910  4265  9813  2893  5445  2687  4783
 12523  4655  6005  4324 13035 11903  2309  9246  3036  6165  7394  4387
 10595 10492  5350] [] 1716282774.7475209236
[-1 -1 -1 -1 -1  1 -1  1 -1 -1 -1 -1 -1 -1 -1 -1  1 -1 -1 -1 -1 -1 -1 -1
 -1 -1 -1] [ 2  3 10 11 18 19 20 21 26 27 28 29 33 34 35 36 37 41 42 43 44 45 46 50
 51 52 53] [13817  2459  3712  3042  2533  2889  4691  9797  2981  5643  2693  4833
 12604  4666  6223  4342 12937 12543  2461  9459  3166  6271  8431  4667
 10722 11375  5875] [] 1716282774.7905952930
[-1 -1 -1 -1 -1 -1 -1 -1 -1 -1 -1 -1 -1 -1 -1 -1 -1 -1 -1 -1 -1 -1  1 -1
 -1 -1 -1] [ 2  3 10 11 18 19 20 21 26 27 28 29 33 34 35 36 37 41 42 43 44 45 46 50
 51 52 53] [14013  2543  3965  3319  2623  2934  4871  9831  3099  6273  2788  5851
 12705  5026  6627  5007 13060 12607  2539  9660  3217  6361  8319  4789
 10860 12116  6182] [] 1716282774.8336143494
[ 1 -1 -1 -1 -1 -1 -1 -1  1 -1 -1 -1 -1 -1 -1 -1  1  1 -1 -1 -1 -1 -1 -1
 -1 -1] [ 2  3 10 11 18 19 20 21 26 27 28 29 33 34 35 36 37 41 42 43 44 45 50 51
 52 53] [13918  2583  4065  3402  2645  2960  5213  9842  3087  6315  2830  5951
 12744  5623  6651  5259 12987 12281  2710 12885  3472  6463  5424 11582
 13379  8940] [] 1716282774.8763873577
[-1 -1 -1 -1 -1 -1 -1 -1 -1 -1 -1 -1 -1 -1 -1  1 -1  1 -1 -1 -1 -1 -1 -1
 -1 -1 -1] [ 2  3  4 10 11 18 19 20 21 26 27 28 29 33 34 35 36 37 41 42 43 44 45 50
 51 52 53] [14205  2775 12415  5007  3965  2686  3022  5550  9853  3149  6476  2945
  6094 12992  6115  6555  6282 12792 12889  2867 13013  3742  6557  5707
 12664 14537 11777] [] 1716282774.9195013046
[-1 -1  1 -1 -1 -1 -1 -1  1 -1  1 -1 -1  1 -1  1 -1  1 -1 -1 -1  1  1 -1] [ 2  3  4 10 11 18 19 20 21 26 27 28 29 33 34 35 36 37 41 42 43 44 45 50] [14249  2985 11423  5485  4179  2825  3114  5728  9821  3279  6440  3081
  6172 12881  6603  6477  6660 12516 13127  2896 13148  3734  6423  6003] [] 1716282774.9625439644
[-1 -1  1 -1 -1 -1 -1 -1 -1 -1 -1 -1 -1 -1 -1 -1 -1  1 -1 -1 -1 -1 -1] [ 2  3  4 10 11 18 19 20 21 26 27 28 29 33 34 35 36 37 42 43 44 45 50] [14274  3291 10415  6186  4610  2865  3183  6620  9877  3379  6498  3212
  6728 12927  6619  6503  7589 12371  2932 14641  3792  6483  6157] [] 1716282775.0055212975
[-1 -1  1 -1 -1 -1 -1 -1 -1 -1 -1 -1 -1  1 -1 -1 -1 -1 -1  1 -1 -1 -1] [ 2  3  4 10 11 18 19 20 21 26 27 28 29 33 34 35 36 37 42 43 44 45 50] [14463  3574 10151  6561  5583  3005  3234  6730  9925  3473  6563  3409
  9088 12883  6702  6787  7933 12664  3062 11925  3967  6831  8418] [] 1716282775.0483064651
[-1  1 -1 -1 -1 -1  1 -1 -1 -1 -1 -1 -1 -1 -1 -1 -1 -1 -1 -1] [ 3  4 10 11 18 19 20 21 26 27 28 29 34 35 36 37 42 44 45 50] [ 3743 10105  7017  6612  3173  3287  6688 10070  3609  6677  3553  9104
  6787  7806  8289 13887  3442  4259  8217 10298] [] 1716282775.0914835930
[-1 -1 -1 -1 -1 -1 -1 -1 -1 -1 -1  1 -1 -1 -1 -1 -1 -1  1] [ 3  4 10 11 18 19 20 21 26 27 28 29 34 35 36 42 44 45 50] [ 4131 10308  8461  6825  3410  3384  7170 10115  4000  6760  4019  8970
  7541  8476  8778  3605  4407 12051 10278] [] 1716282775.1345829964
[-1 -1 -1 -1 -1 -1 -1  1 -1 -1 -1  1 -1 -1 -1 -1 -1] [ 3  4 10 11 18 19 20 21 26 27 28 29 34 35 36 42 44] [ 4187 10415  8472  7185  3567  3413  7181 10064  4079  6803  4159  8941
  7624  8624  8977  3795  4557] [] 1716282775.1774203777
[ 1 -1 -1 -1 -1 -1 -1 -1 -1 -1 -1 -1 -1 -1 -1 -1] [ 3 10 11 18 19 20 21 26 27 28 29 34 35 36 42 44] [ 4102  8499  7809  4165  3557  9266 10138  4420  6913  4509 10689  8699
 10814  9764  4122  5265] [] 1716282775.2202997208
[-1 -1 -1 -1 -1 -1 -1 -1 -1 -1 -1 -1 -1 -1 -1 -1] [ 3 10 11 18 19 20 21 26 27 28 29 34 35 36 42 44] [ 4123 10499  7842  4426  3762 11503 10364  6044  7074  5321 10774  8866
 11423 10727  4692  6794] [] 1716282775.2634563446
[-1 -1 -1 -1 -1 -1 -1 -1 -1 -1 -1 -1 -1 -1 -1 -1] [ 3 10 11 18 19 20 21 26 27 28 29 34 35 36 42 44] [ 4221 12786  7902  4742  3917 11645 10609  8146  7217  6638 11105  9031
 12064 11689  5447  9959] [] 1716282775.3065135479
[-1 -1 -1 -1 -1 -1 -1 -1 -1 -1 -1 -1 -1 -1 -1 -1] [ 3 10 11 18 19 20 21 26 27 28 29 34 35 36 42 44] [ 4377 12948  8002  5316  4031 12136 10902  8255  8988  8224 11340  9141
 12364 11794  6089 12099] [] 1716282775.3495042324
[-1 -1 -1 -1 -1 -1 -1 -1 -1 -1 -1 -1 -1 -1 -1] [ 3 10 11 18 19 20 21 26 27 28 29 34 36 42 44] [ 5353 14070  8185  6706  4224 12752 11100  8479  9391  9211 11545 11888
 13176  9011 13237] [] 1716282775.3923161030
[-1 -1 -1 -1 -1 -1 -1 -1 -1 -1 -1 -1 -1] [ 3 11 18 19 20 21 26 27 28 29 34 36 42] [ 5501  9023  7971  4590 13050 11284  8680  9543 10963 12220 12151 14162
  9780] [] 1716282775.4355432987
[-1 -1 -1 -1  1 -1 -1 -1 -1 -1 -1] [ 3 11 18 19 20 21 26 27 28 34 36] [ 5575  9130 10400  4687 12976 11290  8862  9564 10974 12611 14242] [] 1716282775.4785087109
[-1 -1 -1 -1 -1 -1 -1  1  1 -1] [ 3 11 18 19 20 26 27 28 34 36] [ 6256  9327 11102  5516 13905  9107  9741 10836 12330 14448] [] 1716282775.5215375423
[-1 -1 -1 -1 -1 -1 -1 -1  1] [ 3 11 18 19 20 26 27 28 36] [ 9057  9562 11474  6227 16186  9354 12691 11123 14065] [] 1716282775.5642795563
[-1 -1 -1 -1 -1 -1 -1 -1] [ 3 11 18 19 26 27 28 36] [ 9346  9595 11662  6927  9591 12857 11308 14692] [] 1716282775.6074640751
[-1  1 -1  1  1] [ 3 11 19 27 28] [14317  9518  8222 12598 10951] [] 1716282775.6504399776
[-1 -1 -1 -1] [11 19 27 28] [ 9753 10409 13031 11667] [] 1716282775.6934006214
[1] [11] [9263] [] 1716282775.7361917496
[1] [11] [9205] [] 1716282775.7794384956
[-1] [11] [9988] [] 1716282775.8223931789
[-1] [11] [10072] [] 1716282775.8653020859
2 2 2 1716282775.9085934162
