FA TAX ADC PRES TS
[1 1 1] [ 3 11 19] [ 9754  9785 10441] [] 1716283761.4414758682
[1 1 1] [ 3 11 19] [ 9685  9590 10252] [] 1716283761.4844312668
[-1  1 -1 -1] [ 3 11 19 27] [ 9726  9501 10347 13564] [] 1716283761.5274715424
[-1 -1 -1  1 -1] [ 3 11 19 27 28] [ 9733  9662 10543 11724 12158] [] 1716283761.5705037117
[1 1 1 1 1] [ 3 11 19 27 28] [ 9324  9579 10507 11553 12067] [] 1716283761.6135001183
[1 1 1 1 1] [ 3 11 19 27 28] [ 8299  9325 10117 11295 11643] [] 1716283761.6564562321
[ 1 -1  1 -1 -1  1] [ 3 11 19 26 27 28] [ 6349  9402 10025 10305 11356 11253] [] 1716283761.6995306015
[ 1  1 -1  1  1 -1] [ 3 11 19 26 27 28] [ 6157  9365 10033  9827 10729 11362] [] 1716283761.7424619198
[-1  1 -1  1  1  1  1] [ 2  3 11 19 26 27 28] [15892  6044  9389  9259  9636  9902 11199] [] 1716283761.7855162621
[ 1  1  1  1  1  1 -1] [ 2  3 11 19 26 27 28] [15334  5873  9365  8113  9303  9373 11267] [] 1716283761.8283922672
[-1  1  1  1 -1  1  1 -1] [ 2  3 11 19 20 26 27 28] [15364  5346  9287  7810 16250  9187  9187 11343] [] 1716283761.8712811470
[ 1  1  1  1  1  1  1 -1] [ 2  3 11 19 20 26 27 28] [15340  5027  9250  6966 15002  8913  9075 11426] [] 1716283761.9142858982
[ 1  1  1  1  1 -1  1 -1  1 -1 -1] [ 2  3 11 19 20 21 26 27 28 29 42] [15129  4805  8272  6337 14965 11851  8656  9120 11368 12189 15273] [] 1716283761.9573247433
[-1  1 -1 -1  1  1  1 -1 -1  1  1 -1  1] [ 2  3 11 18 19 20 21 26 27 28 29 34 42] [15422  4747  8290 11748  6045 14058 11654  8933  9187 11162 11764 14579
 13114] [] 1716283762.0003223419
[ 1  1 -1  1 -1  1  1  1 -1  1  1  1  1  1 -1] [ 2  3 10 11 18 19 20 21 26 27 28 29 34 42 44] [15248  4728 14955  8167 11959  5799 13966 11628  9016  9148 11078 11409
 10030 12642 13311] [] 1716283762.0433628559
[ 1  1  1  1  1  1  1  1  1  1  1 -1  1  1  1] [ 2  3 10 11 18 19 20 21 26 27 28 29 34 42 44] [15007  4599 12593  8133 11277  5534 13660 11468  8880  9081  9110 11428
  9663  9791 13248] [] 1716283762.0863180161
[ 1  1  1  1  1  1  1  1  1  1  1  1  1 -1  1  1] [ 2  3 10 11 18 19 20 21 26 27 28 29 34 36 42 44] [14731  4407 11762  8026 10894  5257 13219 11357  8622  8935  9040 11307
  9419 14495  8954 13191] [] 1716283762.1294472218
[-1  1  1  1  1  1  1  1  1  1 -1  1  1  1  1  1] [ 2  3 10 11 18 19 20 21 26 27 28 29 34 36 42 44] [14856  4254 10643  7876 10700  5128 12967 11207  8452  8910  9118 11250
  9266 13855  8666 12241] [] 1716283762.1724364758
[-1  1  1  1  1  1 -1  1  1  1  1  1  1  1  1  1] [ 2  3 10 11 18 19 20 21 26 27 28 29 34 36 42 44] [14864  4071  8486  6987  8261  5018 13128 11015  8374  7958  8969 11216
  9132 13059  8183 10405] [] 1716283762.2153658867
[-1  1  1  1  1  1 -1  1  1  1  1  1  1  1  1  1] [ 2  3 10 11 18 19 20 21 26 27 28 29 34 36 42 44] [14960  3828  7989  6390  6126  4473 13206 10848  6179  6771  8895  9477
  8988 12973  7310  8119] [] 1716283762.2585024834
[1 1 1 1 1 1 1 1 1 1 1 1 1 1 1 1] [ 2  3 10 11 18 19 20 21 26 27 28 29 34 36 42 44] [14831  3710  7795  5990  5837  4358 10337 10565  5845  6696  8571  9415
  7896 12954  6526  7607] [] 1716283762.3014073372
[1 1 1 1 1 1 1 1 1 1 1 1 1 1 1 1] [ 2  3 10 11 18 19 20 21 26 27 28 29 34 36 42 44] [14802  3623  7668  5826  5117  4251  9941 10476  5495  6604  7972  9242
  7725 12880  5605  6437] [] 1716283762.3443484306
[ 1  1  1  1  1  1  1 -1  1  1  1  1 -1 -1  1 -1  1] [ 2  3 10 11 18 19 20 21 26 27 28 29 34 35 36 42 44] [14795  3551  7244  4893  4679  4109  9612 10535  5051  6534  7317  9025
  7733 14517 11991  5697  5993] [] 1716283762.3873856068
[-1  1  1  1  1  1  1  1  1  1  1 -1  1 -1 -1  1  1] [ 2  3 10 11 18 19 20 21 26 27 28 29 34 35 36 42 44] [14815  3479  6979  4635  4563  4019  9033 10383  4508  6395  7197  9026
  7609 14577 12349  5183  5675] [] 1716283762.4303660393
[-1  1  1  1  1  1  1  1  1  1  1  1  1  1 -1  1  1] [ 2  3 10 11 18 19 20 21 26 27 28 29 34 35 36 42 44] [14854  3437  6712  4299  4487  3934  8729 10367  4240  6279  6553  8795
  6673 13987 13352  5048  5199] [] 1716283762.4733815193
[ 1  1  1  1  1  1 -1  1  1  1  1  1  1  1  1  1  1 -1] [ 2  3 10 11 18 19 20 21 26 27 28 29 34 35 36 42 44 45] [14847  3322  6566  4000  4299  3842  9002 10214  3889  5987  6092  6535
  6622 12499 11840  4620  5028  8285] [] 1716283762.5164303780
[ 1  1  1  1  1  1  1  1  1  1  1  1  1  1  1 -1  1  1  1 -1] [ 2  3 10 11 18 19 20 21 26 27 28 29 34 35 36 37 42 44 45 50] [11457  3231  6032  3845  4023  3711  8402 10203  3639  5861  5289  6293
  6518 12337 10630 16347  4515  4753  8139 10386] [] 1716283762.5594098568
[-1  1  1  1  1  1  1  1  1  1  1  1 -1  1  1  1  1  1  1  1  1] [ 1  2  3 10 11 18 19 20 21 26 27 28 29 34 35 36 37 42 44 45 50] [15094 11416  3017  5465  3811  3863  3659  7989 10183  3496  5843  4875
  6312  6482 12278  8763 14309  4131  4464  7801  9336] [] 1716283762.6024708748
[ 1  1  1  1  1 -1  1  1  1  1  1  1  1  1  1  1  1  1  1  1  1  1] [ 1  2  3 10 11 12 18 19 20 21 26 27 28 29 34 35 36 37 42 44 45 50] [14500 11300  2885  5030  3607 15254  3654  3578  7948 10177  3312  5686
  4599  6225  6443 12250  8510 13192  4017  4334  7759  7967] [] 1716283762.6454243660
[-1 -1  1  1  1  1  1  1  1  1  1  1  1  1  1  1  1  1  1  1  1  1 -1] [ 1  2  3 10 11 12 18 19 20 21 26 27 28 29 34 35 36 37 42 44 45 50 53] [14967 11503  2709  4683  3391 15099  3483  3530  7664 10139  3247  5647
  4408  6126  6321 10785  7942 13178  3811  4321  6867  7959 11995] [] 1716283762.6884071827
[-1 -1  1  1  1 -1  1  1  1  1  1 -1  1  1  1  1  1  1  1  1 -1  1 -1 -1
  1] [ 1  2  3 10 11 12 18 19 20 21 26 27 28 29 34 35 36 37 42 44 45 50 51 52
 53] [15416 11890  2597  4639  3055 15190  3305  3476  7633  9929  3156  5822
  4016  5331  6292 10112  6881 13115  3451  4116  6891  7652 11800 14808
 11088] [] 1716283762.7314469814
[ 1 -1  1  1  1  1  1  1  1  1  1  1  1  1  1  1  1  1 -1  1  1  1  1  1
  1  1] [ 1  2  3 10 11 12 18 19 20 21 26 27 28 29 34 35 36 37 41 42 44 45 50 51
 52 53] [15407 12527  2512  4479  2939 15095  3203  3410  7203  9926  3017  5694
  3684  5089  6155  8985  6414 13066 16087  3275  3921  6639  6941 11619
 14244 10410] [] 1716283762.7746353149
[ 1 -1  1  1  1  1  1  1  1  1  1 -1  1  1 -1  1  1  1 -1  1  1  1 -1  1
  1  1  1] [ 1  2  3 10 11 12 18 19 20 21 26 27 28 29 34 35 36 37 41 42 44 45 46 50
 51 52 53] [14992 12736  2511  4329  2786 13547  3095  3357  7080  9899  3007  5760
  3649  5037  6191  8595  6221 12837 16244  2982  3726  6619 10505  6716
 11081 12208  7906] [] 1716283762.8176007271
[-1 -1  1  1  1  1  1  1  1 -1 -1  1 -1  1  1  1 -1  1  1  1  1  1  1  1
  1  1  1  1] [ 1  2  3 10 11 12 18 19 20 21 23 26 27 28 29 34 35 36 37 41 42 44 45 46
 50 51 52 53] [15108 13718  2378  3927  2721 12965  2876  3301  7045  9921 14055  2875
  5762  3392  5035  5313  9429  5769 12564 13689  2846  3546  6541  8955
  6639 10977 11832  6488] [] 1716283762.8606004715
[-1 -1  1  1  1  1  1  1  1 -1  1  1  1  1  1  1  1  1  1  1  1  1  1  1
  1  1 -1  1] [ 1  2  3 10 11 12 18 19 20 21 23 26 27 28 29 34 35 36 37 41 42 44 45 46
 50 51 52 53] [15134 13760  2319  3783  2683 12560  2851  3255  6473  9962 13983  2795
  5438  3271  4915  5166  8309  5574 12560 13679  2661  3434  6441  8717
  5995 10629 11930  5866] [] 1716283762.9036555290
[ 1  1  1  1  1  1  1  1  1 -1  1 -1 -1  1  1 -1  1  1 -1  1  1  1  1  1
  1 -1  1  1] [ 1  2  3 10 11 12 18 19 20 21 23 26 27 28 29 34 35 36 37 41 42 44 45 46
 50 51 52 53] [14368 13629  2271  3723  2543 12104  2823  3213  5054 10000 13911  2811
  5496  3138  4823  5250  8028  5178 12922 13223  2589  3259  6282  8345
  5757 10634 10852  5458] [] 1716283762.9465782642
[ 1  1  1  1  1  1  1  1  1 -1 -1  1  1  1  1 -1  1  1  1  1  1  1  1  1
  1  1  1  1  1] [ 1  2  3 10 11 12 18 19 20 21 23 26 27 28 29 33 34 35 36 37 41 42 44 45
 46 50 51 52 53] [14247 12040  2210  3667  2543 11950  2751  3143  4902 10097 13919  2737
  5320  3010  4793 13924  4433  7768  4943 12800 10981  2452  3028  5885
  7317  5192 10578 10693  5063] [] 1716283762.9895358086
[-1  1  1  1  1  1  1  1 -1  1 -1  1  1  1 -1  1  1  1 -1  1 -1 -1  1 -1
  1  1  1 -1  1  1] [ 1  2  3 10 11 12 18 19 20 21 23 26 27 28 29 33 34 35 36 37 38 41 42 44
 45 46 50 51 52 53] [14444 11961  2165  3241  2371 10288  2645  3053  4906  9971 13999  2729
  5087  2885  4824 13659  4179  7395  4965 11821 14987 11125  2436  3031
  5770  7265  5043 10666 10460  4796] [] 1716283763.0326454639
[-1 -1 -1 -1  1  1  1  1  1  1  1 -1  1  1  1  1  1  1  1  1  1  1 -1  1
  1  1  1  1  1 -1 -1] [ 1  2  3  4 10 11 12 18 19 20 21 23 26 27 28 29 33 34 35 36 37 38 41 42
 44 45 46 50 51 52 53] [14476 11970  2181 13779  3167  2325  9258  2627  3002  4537  9930 14080
  2679  5050  2793  4571 13373  4101  7119  4884 11444 13994 11999  2420
  3023  5727  7228  5011  9105 10488  4799] [] 1716283763.0756490231
[ 1 -1  1  1  1  1  1  1  1  1  1  1  1 -1  1  1  1  1  1  1 -1  1  1 -1
 -1 -1 -1  1  1  1  1  1] [ 1  2  3  4 10 11 12 18 19 20 21 23 26 27 28 29 33 34 35 36 37 38 41 42
 43 44 45 46 50 51 52 53] [14402 12144  2175 13613  3019  2298  9097  2607  2922  4299  9836 14056
  2659  5081  2776  4280 13332  4047  6927  4798 11640 13350 11255  2494
 13253  3124  5733  7213  5000  8902 10464  4797] [] 1716283763.1185998917
[ 1 -1 -1  1  1  1  1 -1  1  1 -1 -1 -1 -1  1  1  1 -1 -1  1  1  1  1 -1
  1  1  1  1 -1  1  1  1] [ 1  2  3  4 10 11 12 18 19 20 21 23 26 27 28 29 33 34 35 36 37 38 41 42
 43 44 45 46 50 51 52 53] [14401 12259  2189 13413  2997  2294  9075  2609  2913  4158  9853 14591
  2687  5090  2754  4235 13271  4055  6957  4790 11639 13026 11157  2501
 13055  3104  5726  7200  5007  8890 10462  4746] [] 1716283763.1616494656
[-1  1  1  1  1  1  1  1  1  1  1  1  1  1  1  1  1  1  1 -1  1 -1 -1  1
  1 -1  1 -1 -1 -1 -1] [ 1  2  3  4 10 11 12 18 19 20 21 23 26 27 28 29 33 34 35 36 37 38 41 42
 44 45 46 50 51 52 53] [14479 12151  2170 13308  2989  2273  8980  2579  2909  4118  9740 14511
  2651  5002  2723  4203 13212  3942  6774  4799 11458 15067 11225  2433
  3020  6068  7191  5053 10582 10467  5064] [] 1716283763.2046658993
[-1  1  1  1 -1 -1 -1  1 -1 -1  1  1 -1 -1 -1 -1 -1 -1  1  1  1  1 -1 -1
 -1 -1 -1  1  1 -1] [ 1  2  3  4 10 11 12 18 19 20 21 23 26 27 28 29 33 34 35 36 37 41 42 44
 45 46 50 51 52 53] [14522 11893  2165 12951  3127  2287  9336  2570  2985  4145  9739 14074
  2661  5033  2765  4281 13306  4015  6653  4777 11456 10583  2504  3283
  6151  8127  5404 10542 10420  5345] [] 1716283763.2475945950
[ 1  1 -1  1 -1 -1 -1 -1 -1 -1  1  1 -1 -1 -1 -1 -1 -1 -1 -1  1 -1 -1 -1
 -1 -1 -1 -1 -1 -1] [ 1  2  3  4 10 11 12 18 19 20 21 23 26 27 28 29 33 34 35 36 37 41 42 44
 45 46 50 51 52 53] [14271 11820  2179 12821  3471  2335 10356  2629  3002  4146  9704 13988
  2693  5063  2798  4701 13421  4047  6711  4879 11272 10789  2560  3367
  6341  8349  5824 10601 10703  6590] [] 1716283763.2905359268
[ 1  1 -1  1 -1 -1 -1  1 -1 -1 -1 -1 -1  1 -1 -1 -1 -1  1 -1  1 -1 -1 -1
 -1 -1 -1 -1 -1 -1] [ 1  2  3  4 10 11 12 18 19 20 21 23 26 27 28 29 33 34 35 36 37 41 42 44
 45 46 50 51 52 53] [14221 11753  2235 12649  3651  2408 11837  2625  3042  4229  9716 14021
  2729  5010  2873  4725 13746  4232  6670  4981 11208 13457  2674  3498
  6556 11876  6482 10777 11120  8135] [] 1716283763.3335750103
[ 1  1 -1  1 -1 -1 -1 -1 -1 -1 -1 -1 -1 -1 -1 -1 -1 -1 -1 -1 -1 -1 -1 -1
 -1 -1 -1 -1] [ 1  2  3  4 10 11 12 18 19 20 21 23 26 27 28 29 34 35 36 37 41 42 44 45
 50 51 52 53] [14060 11422  2294 12589  3825  2537 11917  2674  3074  4931  9724 14123
  2735  5305  2949  4770  4591  6773  5244 12556 16043  2922  3627  6559
  6890 11288 12123 10449] [] 1716283763.3765461445
[-1  1 -1  1 -1 -1 -1 -1 -1 -1  1 -1 -1 -1 -1 -1 -1 -1 -1 -1 -1 -1  1  1
 -1] [ 1  2  3  4 10 11 12 18 19 20 21 23 26 27 28 29 34 35 36 37 41 42 44 45
 50] [14149 11180  2401 12555  4004  2681 12235  2845  3139  5411  9668 14356
  2815  5377  3113  4835  5293  6833  5436 12602 16199  3152  3545  6413
  8939] [] 1716283763.4195795059
[-1 -1 -1 -1 -1 -1 -1 -1 -1 -1  1 -1 -1 -1 -1 -1 -1 -1 -1  1 -1 -1 -1 -1] [ 1  2  3  4 10 11 12 18 19 20 21 23 26 27 28 29 34 35 36 37 42 44 45 50] [14376 11665  2518 12579  4302  2822 12630  2925  3217  5495  9588 14363
  2909  5529  3343  4947  5922  7226  5647 12283  3268  3727  6536  8995] [] 1716283763.4626410007
[-1  1 -1 -1 -1 -1 -1 -1 -1 -1 -1 -1 -1 -1 -1 -1 -1 -1 -1 -1 -1 -1] [ 1  2  3  4 10 11 12 18 19 20 21 26 27 28 29 34 35 36 37 42 44 45] [14422 11541  2563 12756  4462  2887 14503  3017  3241  5835  9634  2927
  5653  3400  4981  6150  7542  6457 12405  3280  4011  6911] [] 1716283763.5055954456
[-1 -1 -1 -1 -1 -1 -1 -1 -1 -1 -1 -1  1 -1 -1 -1 -1 -1 -1 -1 -1 -1] [ 1  2  3  4 10 11 12 18 19 20 21 26 27 28 29 34 35 36 37 42 44 45] [15113 11657  2762 12799  4961  3364 15228  3365  3311  7253  9732  3031
  5639  3673  5139  6239  8098  7331 13077  3723  4306  8231] [] 1716283763.5485439301
[-1 -1 -1  1 -1 -1 -1 -1 -1 -1 -1 -1  1 -1 -1 -1 -1 -1 -1 -1  1] [ 1  2  3  4 10 11 12 18 19 20 21 26 27 28 29 34 35 36 37 42 44] [15820 11680  2979 12748  5277  3504 15296  3561  3416  7299  9741  3105
  5639  4160  6123  6265  8542  7736 13439  4057  4134] [] 1716283763.5915756226
[ 1 -1  1 -1 -1 -1 -1  1 -1 -1 -1  1 -1  1  1 -1 -1 -1 -1] [ 2  3  4 10 11 12 18 19 20 21 26 27 28 29 34 35 36 42 44] [11553  3098 12681  5566  3601 15698  3879  3416  7573  9750  3249  5629
  4500  6029  6241  9840  8639  4594  4831] [] 1716283763.6345520020
[-1 -1 -1 -1 -1 -1 -1  1 -1 -1 -1 -1 -1 -1 -1 -1 -1 -1] [ 2  3  4 10 11 18 19 20 21 26 27 28 29 34 35 36 42 44] [11732  3249 13749  6170  3945  4144  3516  7370  9780  3515  5644  5065
  6099  6411 12905  9755  4938  5664] [] 1716283763.6775348186
[-1 -1 -1 -1 -1 -1 -1 -1  1 -1 -1 -1 -1 -1  1 -1 -1 -1] [ 2  3  4 10 11 18 19 20 21 26 27 28 29 34 35 36 42 44] [14976  3404 15070  6372  4548  4397  3663  8377  9729  4018  5771  5770
  7739  6540 12010 11315  5711  6592] [] 1716283763.7206020355
[ 1 -1 -1 -1 -1 -1 -1 -1 -1 -1 -1 -1 -1 -1 -1 -1 -1 -1] [ 2  3  4 10 11 18 19 20 21 26 27 28 29 34 35 36 42 44] [14871  3454 15741  6646  5576  4746  3828  8516  9919  4503  6146  6602
  7826  6815 14529 12612  6049  7406] [] 1716283763.7636132240
[ 1 -1 -1 -1 -1 -1 -1 -1 -1 -1 -1 -1 -1 -1 -1 -1] [ 2  3 10 11 18 19 20 21 26 27 28 29 34 36 42 44] [14693  3519  7000  5665  4935  3932  8601 10072  4994  6229  7281  8132
  7600 13665  8065 10359] [] 1716283763.8066053391
[ 1 -1 -1 -1 -1 -1 -1 -1 -1 -1 -1 -1 -1  1 -1 -1] [ 2  3 10 11 18 19 20 21 26 27 28 29 34 36 42 44] [14520  3651  7341  6761  5991  4164  9401 10434  6507  6514  8370 10812
  8990 13044 10352 12749] [] 1716283763.8496096134
[-1 -1  1 -1 -1 -1 -1 -1 -1 -1 -1  1 -1 -1 -1] [ 2  3 10 11 18 19 20 21 26 27 28 29 34 36 42] [14605  3802  7014  7051  6606  4255 11599 10521  8171  6679  8605  9727
  9325 13616 13354] [] 1716283763.8925454617
[-1 -1 -1 -1 -1 -1 -1 -1 -1 -1 -1  1 -1 -1] [ 2  3 10 11 18 19 20 21 26 27 28 29 34 36] [14632  4122  8356  7723 10776  4478 12271 10783  8355  7802  8630  9591
 11729 14549] [] 1716283763.9355587959
[ 1 -1 -1 -1 -1 -1 -1 -1 -1 -1 -1 -1 -1 -1] [ 2  3 10 11 18 19 20 21 26 27 28 29 34 36] [14523  4432  9912  7927 11008  4846 12829 10932  8599  8802  8746  9878
 11874 14740] [] 1716283763.9785187244
[-1 -1 -1 -1 -1 -1 -1  1 -1 -1 -1 -1 -1] [ 2  3 10 11 18 19 20 21 26 27 28 29 34] [14660  4480 11480  7981 11237  5002 12866 10901  8789  8850  8830 13695
 11973] [] 1716283764.0215134621
[-1 -1 -1 -1 -1 -1 -1 -1 -1 -1 -1] [ 2  3 10 11 19 20 21 26 27 28 34] [14735  4765 13396  8193  5880 14464 11062  9199  9096 10139 12349] [] 1716283764.0645558834
[-1 -1 -1 -1 -1 -1 -1 -1 -1 -1] [ 2  3 11 19 20 21 26 27 28 34] [14902  4963  9117  6304 14770 11446  9361  9387 11121 12666] [] 1716283764.1075246334
[-1 -1 -1 -1 -1  1  1] [ 2  3 11 19 26 27 28] [14946  5924  9163  6957 13371  9198 10983] [] 1716283764.1505396366
[ 1 -1  1 -1  1 -1] [ 2  3 11 19 27 28] [14723  7201  9105  9517  9123 11198] [] 1716283764.1934807301
[-1 -1 -1 -1 -1 -1] [ 2  3 11 19 27 28] [14952  9157  9224 10027  9347 11617] [] 1716283764.2364735603
[-1 -1 -1 -1] [ 3 11 19 27] [ 9690  9423 10220 11286] [] 1716283764.2795069218
[-1  1 -1  1] [ 3 11 19 27] [ 9808  9404 10358 11202] [] 1716283764.3225226402
[-1 -1 -1] [11 19 27] [ 9593 10383 11743] [] 1716283764.3654618263
[-1 -1 -1] [11 19 27] [ 9754 10609 12004] [] 1716283764.4084832668
2 2 2 1716283764.4087636471
