FA TAX ADC PRES TS
[-1 -1] [11 28] [10008 11917] [] 1716284589.8306231499
[1 1] [11 28] [ 9918 11775] [] 1716284589.8736889362
[-1  1 -1] [11 28 44] [ 9951 11747 13863] [] 1716284589.9167237282
[-1 -1 -1  1] [11 19 28 44] [10377 11256 12237 13436] [] 1716284589.9597334862
[ 1  1  1 -1  1] [11 19 28 42 44] [10228 10648 12051 13343 13411] [] 1716284590.0026524067
[-1  1 -1  1  1] [11 19 28 42 44] [10312 10570 12140 13254 13181] [] 1716284590.0456531048
[1 1 1 1 1] [11 19 28 42 44] [10132 10418 11800 13020 13139] [] 1716284590.0886673927
[1 1 1 1 1] [11 19 28 42 44] [ 9725 10074 11532 12846 12941] [] 1716284590.1316182613
[1 1 1 1 1] [11 19 28 42 44] [ 9641  9991 11364 12513 12667] [] 1716284590.1746809483
[ 1  1  1 -1 -1] [11 19 28 42 44] [ 9327  9785 11223 12677 12813] [] 1716284590.2177236080
[-1 -1 -1 -1  1  1] [11 19 26 28 42 44] [ 9444  9858 12826 11332 12481 12744] [] 1716284590.2607440948
[1 1 1 1 1 1] [11 19 26 28 42 44] [ 9315  9752 12008 11223 12201 12683] [] 1716284590.3036925793
[-1 -1  1  1  1  1  1] [ 3 11 19 26 28 42 44] [ 8918  9366  9511 11934 11199 12059 12622] [] 1716284590.3466992378
[1 1 1 1 1 1 1] [ 3 11 19 26 28 42 44] [ 8451  9343  8735 11727 11087 11795 12622] [] 1716284590.3896138668
[1 1 1 1 1 1 1] [ 3 11 19 26 28 42 44] [ 8239  9268  7804 11522 11003 11755 12535] [] 1716284590.4323923588
[ 1 -1  1 -1 -1  1  1  1] [ 3 11 19 26 27 28 42 44] [ 6729  9311  6923 11633 14677 10932 11610 12513] [] 1716284590.4756817818
[ 1 -1  1  1  1 -1 -1  1  1] [ 3 11 19 26 27 28 29 42 44] [ 6492  9495  6704 11516 14209 11152 13488 11475 12152] [] 1716284590.5187532902
[ 1  1  1  1  1  1  1 -1  1] [ 3 11 19 26 27 28 29 42 44] [ 5801  9261  6067 11263 13484 10975 11879 11582 10349] [] 1716284590.5617620945
[ 1  1  1 -1 -1  1 -1  1 -1  1  1] [ 3 11 19 20 26 27 28 29 34 42 44] [ 5535  9191  5397 16063 11274 13037 11041 11477 10955 11475 10227] [] 1716284590.6047694683
[ 1 -1  1 -1  1  1 -1  1  1 -1  1 -1] [ 3 11 19 20 26 27 28 29 34 42 44 45] [ 5367  9231  5018 16219 11131 12747 11097 11132  9733 11493 10210 12963] [] 1716284590.6477272511
[ 1  1  1  1  1  1  1 -1  1 -1  1  1] [ 3 11 19 20 26 27 28 29 34 42 44 45] [ 5269  9103  4875 15583 11079 12549 10953 11164  9668 11731 10113  8689] [] 1716284590.6907691956
[-1  1  1  1 -1 -1  1 -1  1 -1  1  1  1] [ 3 11 19 20 26 27 28 29 34 35 42 44 45] [ 5313  9059  4852 14870 11099 12820 10935 11200  9646 12913 11325  9714
  8568] [] 1716284590.7337355614
[ 1  1  1  1 -1  1 -1 -1 -1  1  1 -1 -1  1  1 -1] [ 3 11 19 20 21 26 27 28 29 34 35 36 42 44 45 50] [ 5023  8972  4622 14498 14266 10831 12923 11092 11272  9466 11291 14480
 11531  9255  8395 11205] [] 1716284590.7767889500
[ 1 -1 -1 -1  1  1  1  1  1  1  1  1  1  1 -1  1  1] [ 3 11 18 19 20 21 26 27 28 29 34 35 36 42 44 45 50] [ 4527  8990 11368  4627 14094 11304 10700 12864 10982 11170  7754 11088
 14352 11279  9293  8311 10508] [] 1716284590.8197648525
[1 1 1 1 1 1 1 1 1 1 1 1 1 1 1 1 1] [ 3 11 18 19 20 21 26 27 28 29 34 35 36 42 44 45 50] [ 4205  8900 11124  4468 13832 11111 10010 12787 10879 11153  7621 10811
 14086 11169  8134  7406 10099] [] 1716284590.8627445698
[ 1  1  1  1  1  1  1  1  1  1  1  1 -1  1  1  1  1 -1] [ 3 11 18 19 20 21 26 27 28 29 34 35 36 42 44 45 50 53] [ 4122  8133 10790  4363 13415 11021  9554 12753 10840  9638  6995 10247
 14177 10909  7107  7284  9999 14106] [] 1716284590.9057552814
[ 1  1  1  1  1  1  1 -1  1  1  1  1  1  1  1  1  1  1] [ 3 11 18 19 20 21 26 27 28 29 34 35 36 42 44 45 50 53] [ 3796  8013 10486  4106 13386 10874  8804 13006 10696  9370  6317  9863
 13862  9597  6425  7270  9906  9874] [] 1716284590.9488022327
[ 1 -1  1  1  1  1  1 -1 -1  1  1  1  1  1  1  1  1  1] [ 3 11 18 19 20 21 26 27 28 29 34 35 36 42 44 45 50 53] [ 3653  8067 10373  4091 13369 10690  7194 13180 10730  9305  6277  9346
 13693  7743  5731  7121  8137  9228] [] 1716284590.9917368889
[1 1 1 1 1 1 1 1 1 1 1 1 1 1 1 1 1 1] [ 3 11 18 19 20 21 26 27 28 29 34 35 36 42 44 45 50 53] [ 3587  7981 10336  4023 13227 10551  6684 12886 10680  9154  6069  9124
 13458  7320  5396  6992  7814  7179] [] 1716284591.0347819328
[ 1 -1  1  1  1  1  1  1 -1  1  1  1  1  1  1  1  1  1  1] [ 3 10 11 18 19 20 21 26 27 28 29 34 35 36 42 44 45 50 53] [ 3534 15180  7163  7758  3952 13182 10387  5652 12922 10541  7879  5634
  8246 13437  6617  5295  6902  7652  7029] [] 1716284591.0778117180
[ 1  1  1  1  1  1 -1  1  1  1  1  1 -1  1  1  1  1  1  1] [ 3 10 11 18 19 20 21 26 27 28 29 34 35 36 42 44 45 50 53] [ 3281 14482  6603  7630  3853 13042 10571  5320 11780  7935  7582  5624
  8867 13115  5568  5087  6740  7562  6390] [] 1716284591.1207406521
[ 1  1  1  1  1  1  1  1  1  1  1  1  1 -1 -1  1  1 -1  1  1 -1] [ 3 10 11 18 19 20 21 26 27 28 29 34 35 36 41 42 44 45 50 53 54] [ 2976 13825  5747  7425  3758 12877 10463  5023 11060  7479  7325  5334
  7702 13389 12902  5203  4936  6746  7379  6190 12935] [] 1716284591.1638181210
[1 1 1 1 1 1 1 1 1 1 1 1 1 1 1 1 1 1 1 1 1] [ 3 10 11 18 19 20 21 26 27 28 29 34 35 36 41 42 44 45 50 53 54] [ 2847 12868  4891  7388  3696 11618 10315  4844 10957  6929  7179  5223
  7402 11773 12750  4615  4693  6600  7175  6010 12385] [] 1716284591.2067298889
[ 1  1  1  1  1  1  1  1  1  1  1  1 -1  1  1  1  1 -1  1 -1  1  1] [ 3 10 11 18 19 20 21 26 27 28 29 34 35 36 41 42 44 45 50 51 53 54] [ 2726 11675  4735  6376  3631  8407 10178  4578  9029  5932  6918  4662
  7432 10793 12525  4454  4607  6620  7054 12497  5837 12192] [] 1716284591.2497596741
[ 1  1  1  1 -1  1 -1  1  1  1  1  1  1  1 -1  1  1  1 -1  1  1 -1  1] [ 3 10 11 18 19 20 21 26 27 28 29 34 35 36 41 42 44 45 46 50 51 53 54] [ 2682 10282  4607  5680  3641  7517 10197  4421  8413  5628  6712  4577
  7360  8757 12616  4396  4472  6561 12679  6801  9234  5956 11851] [] 1716284591.2927849293
[ 1  1  1  1  1  1  1  1  1  1  1  1 -1  1  1  1  1  1  1 -1  1  1  1  1] [ 3 10 11 18 19 20 21 26 27 28 29 34 35 36 41 42 44 45 46 47 50 51 53 54] [ 2583  9558  4161  4953  3570  6296  9998  4236  8044  5236  5962  4520
  7384  7995 12317  4010  4238  6505 11819 15586  6251  8622  5851 11671] [] 1716284591.3357481956
[ 1  1  1  1  1  1  1  1  1  1  1  1 -1  1 -1  1  1  1  1  1  1  1  1  1] [ 3 10 11 18 19 20 21 26 27 28 29 34 35 36 41 42 44 45 46 47 50 51 53 54] [ 2501  9214  4067  4933  3559  6092  9937  3941  7871  4983  5909  4375
  7453  7823 12479  3643  3979  6358  9082 12961  6149  8449  5628 11253] [] 1716284591.3787612915
[ 1  1  1  1  1  1 -1  1  1  1  1  1  1  1 -1  1  1  1 -1  1 -1  1  1 -1
 -1  1 -1] [ 3 10 11 18 19 20 21 26 27 28 29 34 35 36 37 41 42 44 45 46 47 50 51 52
 53 54 61] [ 2437  8623  4007  4681  3468  5980  9993  3835  7771  4673  5852  4268
  7417  7256 16348 12398  3568  3891  6416  8769 13353  5859  8383 13809
  5636  9782  9023] [] 1716284591.4218237400
[ 1  1  1 -1  1  1  1  1  1 -1  1 -1  1  1  1  1  1  1  1  1  1  1  1  1
  1  1  1  1] [ 3 10 11 12 18 19 20 21 26 27 28 29 34 35 36 37 41 42 44 45 46 47 50 51
 52 53 54 61] [ 2423  8541  3842 16098  4551  3373  5927  9977  3759  7983  4414  5908
  3969  7351  7165 15737 12381  3308  3654  6305  8573 13330  5293  8286
 13174  5387  9617  7748] [] 1716284591.4648499489
[ 1  1  1  1  1  1  1  1  1 -1  1  1  1  1  1  1  1  1  1  1  1  1  1  1
  1  1  1  1] [ 3 10 11 12 18 19 20 21 26 27 28 29 34 35 36 37 41 42 44 45 46 47 50 51
 52 53 54 61] [ 2343  8138  3722 15858  4116  3327  5440  9913  3695  7995  4111  5808
  3812  7263  6747 14780 12116  3153  3485  6047  8395 12790  4853  8145
 12717  5131  9451  7341] [] 1716284591.5078191757
[ 1  1  1  1  1  1  1  1  1  1  1  1  1  1  1 -1  1  1  1  1  1  1  1  1
  1 -1  1  1] [ 3 10 11 12 18 19 20 21 26 27 28 29 34 35 36 37 41 42 44 45 46 47 50 51
 52 53 54 61] [ 2255  7544  3474 14975  4107  3212  5184  9910  3509  7807  3757  5792
  3602  6829  5491 15220 11791  3033  3348  5912  8275 11158  4735  8050
 12555  5196  9408  7218] [] 1716284591.5507643223
[ 1  1 -1  1  1  1 -1  1  1  1  1  1  1  1  1 -1  1  1  1  1  1  1  1 -1
  1 -1 -1 -1 -1] [ 3 10 11 12 18 19 20 21 26 27 28 29 34 35 36 37 41 42 44 45 46 47 50 51
 52 53 54 55 61] [ 2253  7098  3499 13751  4047  3195  5203  9787  3343  7783  3671  5776
  3490  6618  5299 15259  9261  2926  3226  5876  7613  9517  4532  8175
 11504  5411  9683 12967  7277] [] 1716284591.5938103199
[ 1  1  1 -1 -1  1  1 -1  1  1  1  1  1 -1  1  1 -1  1  1 -1  1  1  1  1
  1  1 -1  1  1] [ 3 10 11 12 18 19 20 21 26 27 28 29 34 35 36 37 41 42 44 45 46 47 50 51
 52 53 54 55 61] [ 2199  6999  3199 13753  4095  3182  5119  9906  3295  7718  3376  5241
  3320  6759  5022 11293  9403  2831  3212  5905  7466  8433  4280  8162
 10960  5260  9826  8943  7219] [] 1716284591.6367313862
[ 1  1  1  1  1  1  1 -1 -1  1  1  1  1  1  1  1  1 -1  1  1  1  1  1  1
  1  1  1  1  1  1] [ 3 10 11 12 18 19 20 21 23 26 27 28 29 34 35 36 37 41 42 44 45 46 47 50
 51 52 53 54 55 61] [ 2125  6319  3005 13629  3895  3072  4917  9949 15637  3279  7102  3234
  4806  3260  6674  4775 11059  9650  2717  3129  5843  7441  8360  4164
  8139 10476  4715  8246  8053  7103] [] 1716284591.6798033714
[ 1  1  1 -1  1  1  1  1  1  1  1  1 -1  1 -1  1  1  1  1  1  1  1  1  1
 -1  1  1  1  1  1] [ 3 10 11 12 18 19 20 21 23 26 27 28 29 34 35 36 37 41 42 44 45 46 47 50
 51 52 53 54 55 61] [ 2101  5979  2979 13691  3791  3051  4784  9945 14831  3211  6946  3109
  4827  3164  6717  4737 10995  9543  2656  3073  5726  7311  7925  4064
  8168 10288  4647  8214  7839  7054] [] 1716284591.7227480412
[ 1  1  1  1  1  1  1  1  1 -1  1  1  1  1  1  1  1  1  1 -1  1  1  1 -1
  1  1  1  1  1  1] [ 3 10 11 12 18 19 20 21 23 26 27 28 29 34 35 36 37 41 42 44 45 46 47 50
 51 52 53 54 55 61] [ 2081  5887  2931 13339  3721  3042  4752  9879 14574  3243  6752  3043
  4687  3076  6395  4647 10958  9278  2632  3075  5705  7302  7835  4072
  7447 10288  4548  8130  7748  7041] [] 1716284591.7658483982
[-1  1  1  1 -1  1 -1  1 -1  1  1  1  1 -1 -1  1  1  1 -1  1  1  1  1  1
  1  1  1  1  1  1] [ 3 10 11 12 18 19 20 21 23 26 27 28 29 34 35 36 37 41 42 44 45 46 47 50
 51 52 53 54 55 61] [ 2082  5735  2927 13191  3737  2988  4762  9852 14710  3175  6738  3026
  4683  3122  6421  4575 10905  8587  2635  3033  5597  7270  7691  4016
  7224 10192  4465  8004  7668  6974] [] 1716284591.8087213039
[ 1  1  1 -1  1  1  1 -1 -1  1  1  1 -1  1 -1  1 -1  1  1  1 -1  1 -1  1
 -1  1  1  1 -1 -1] [ 3 10 11 12 18 19 20 21 23 26 27 28 29 34 35 36 37 41 42 44 45 46 47 50
 51 52 53 54 55 61] [ 2072  5707  2916 13203  3686  2959  4717  9924 15016  3161  6657  3002
  4685  3050  6463  4575 10928  8458  2592  3032  5695  7269  7716  4004
  7225 10122  4432  7998  7704  7017] [] 1716284591.8518030643
[ 1 -1  1  1  1 -1 -1  1 -1  1 -1  1  1 -1  1 -1  1 -1 -1 -1 -1  1 -1 -1
 -1 -1  1 -1 -1  1] [ 3 10 11 12 18 19 20 21 23 26 27 28 29 34 35 36 37 38 41 42 44 45 46 47
 50 51 52 53 54 61] [ 2071  5767  2908 13151  3659  2965  4756  9860 15205  3158  6667  2978
  4682  3084  6350  4593 10836 15473  8535  2654  3062  5687  7369  7955
  4051  8139  9828  4524  9332  6912] [] 1716284591.8948345184
[-1 -1 -1 -1 -1 -1  1  1  1 -1  1 -1 -1 -1  1 -1 -1  1 -1 -1 -1 -1 -1 -1
 -1 -1 -1 -1 -1] [ 3 10 11 12 18 19 20 21 23 26 27 28 29 34 35 36 37 41 42 44 45 46 47 50
 51 52 53 54 61] [ 2123  5808  2938 13190  3687  2978  4684  9830 14838  3199  6595  3019
  4697  3112  6206  4601 10907  8202  2747  3154  5796  8059  9140  4192
  8159 10198  4542  9352  7051] [] 1716284591.9378168583
[ 1 -1 -1 -1 -1 -1 -1  1 -1 -1 -1 -1 -1 -1 -1 -1 -1  1 -1  1  1 -1 -1 -1
  1 -1 -1 -1 -1] [ 3 10 11 12 18 19 20 21 23 26 27 28 29 34 35 36 37 41 42 44 45 46 47 50
 51 52 53 54 61] [ 2113  6530  3039 13443  3903  3016  4745  9772 14939  3205  6697  3140
  4790  3187  6219  4834 11003  8189  2855  3152  5790  8113  9859  4410
  8148 10532  4697  9469  7117] [] 1716284591.9806272984
[-1 -1 -1 -1 -1 -1  1  1  1 -1  1 -1 -1 -1 -1 -1 -1 -1 -1 -1 -1 -1 -1 -1
 -1 -1 -1  1 -1] [ 3 10 11 12 18 19 20 21 23 26 27 28 29 34 35 36 37 41 42 44 45 46 47 50
 51 52 53 54 61] [ 2142  6594  3142 13552  3983  3056  4725  9767 14789  3297  6693  3198
  4991  3226  6241  4927 11064  9755  2928  3297  5923  8245 12725  4840
  8185 12048  4884  9353  7271] [] 1716284592.0237917900
[-1 -1 -1 -1 -1 -1 -1 -1 -1 -1 -1 -1 -1 -1 -1 -1 -1 -1 -1 -1 -1 -1 -1 -1
 -1 -1 -1 -1 -1] [ 3 10 11 12 18 19 20 21 23 26 27 28 29 34 35 36 37 41 42 44 45 46 47 50
 51 52 53 54 61] [ 2222  6815  3422 13649  4039  3120  4832  9814 14865  3345  6764  3410
  5630  3356  6263  5717 11184 10114  3068  3482  6139  8291 15865  5222
  8235 12453  5026 11768  7629] [] 1716284592.0668385029
[-1 -1 -1 -1 -1 -1 -1  1 -1 -1  1 -1 -1 -1 -1 -1 -1 -1 -1 -1 -1  1 -1 -1
 -1 -1  1] [ 3 10 11 12 18 19 20 21 23 26 27 28 29 34 35 36 37 41 42 44 45 46 50 51
 52 53 54] [ 2265  7568  3580 15037  4386  3177  4880  9740 16260  3445  6740  3688
  5690  3534  6325  6085 11377 10956  3229  3531  6149  8271  5421  8339
 12989  5372 11732] [] 1716284592.1097834110
[-1 -1 -1 -1 -1 -1 -1 -1  1 -1 -1 -1 -1 -1 -1 -1 -1 -1 -1 -1  1 -1 -1 -1
 -1 -1  1] [ 3 10 11 12 18 19 20 21 23 26 27 28 29 34 35 36 37 41 42 44 45 46 50 51
 52 53 54] [ 2295  7583  3734 15154  4478  3179  4982  9796 16123  3511  6801  3961
  5789  3673  6415  6235 11424 12342  3306  3566  6132  8641  5510  8358
 15440  5443 11590] [] 1716284592.1525926590
[-1 -1 -1 -1 -1 -1 -1  1  1 -1 -1 -1  1 -1 -1 -1 -1  1 -1 -1 -1 -1 -1 -1
 -1 -1] [ 3 10 11 12 18 19 20 21 23 26 27 28 29 34 35 36 37 41 42 44 45 46 50 51
 53 54] [ 2339  7765  3930 15798  4626  3231  5429  9740 15477  3515  6814  4257
  5763  3798  6537  6666 14911 12249  3572  3818  6272 11438  5978  8602
  5604 11931] [] 1716284592.1958234310
[-1 -1 -1 -1 -1 -1 -1  1 -1 -1 -1 -1 -1 -1 -1 -1 -1 -1 -1 -1 -1 -1 -1  1
 -1] [ 3 10 11 12 18 19 20 21 23 26 27 28 29 34 35 36 41 42 44 45 46 50 51 53
 54] [ 2447  7999  4054 16230  4752  3247  5681  9702 15915  3623  6845  4501
  5816  4026  6783  7039 12371  3728  4013  6386 12359  6624 11670  5576
 12327] [] 1716284592.2387084961
[-1 -1 -1 -1 -1 -1  1 -1 -1 -1 -1 -1 -1 -1 -1 -1 -1 -1 -1  1 -1  1] [ 3 10 11 18 19 20 21 23 26 27 28 29 34 35 36 41 42 44 45 50 51 53] [ 2511  8463  4341  5084  3296  6047  9679 16337  3727  6878  4857  6258
  4130  6917  7251 12381  3916  4112  6401  6472 11778  5405] [] 1716284592.2817776203
[-1 -1 -1 -1 -1 -1 -1  1 -1  1 -1  1 -1  1 -1 -1 -1 -1  1 -1 -1] [ 3 10 11 18 19 20 21 23 26 27 28 29 34 35 36 41 42 44 45 50 53] [ 2614  8657  4527  5303  3344  6643  9711 16098  3883  6797  5062  6255
  4314  6891  7823 12549  4398  4388  6401  6852  5706] [] 1716284592.3246297836
[-1 -1 -1 -1 -1 -1 -1  1 -1 -1 -1 -1 -1 -1 -1 -1 -1 -1 -1 -1] [ 3 10 11 18 19 20 21 23 26 27 28 29 34 35 36 42 44 45 50 53] [ 2753  9345  5429  7218  3450  7315  9887 16093  4219  6968  6129  6322
  4334  7069  9200  4742  4597  6558  7333  7611] [] 1716284592.3677411079
[-1 -1 -1 -1 -1 -1 -1 -1  1 -1 -1 -1 -1 -1 -1 -1 -1 -1 -1] [ 3 10 11 18 19 20 21 26 27 28 29 34 35 36 42 44 45 50 53] [ 2989 10158  5538  7323  3480  7721  9930  4475  6955  6742  6564  4530
  7219  9232  5443  4720  6586  7519  8650] [] 1716284592.4107847214
[-1 -1 -1 -1 -1 -1 -1 -1 -1 -1 -1 -1  1 -1 -1 -1 -1 -1 -1] [ 3 10 11 18 19 20 21 26 27 28 29 34 35 36 42 44 45 50 53] [ 3179 12520  6365  7334  3567 11112 10118  4579  8718  7179  6738  5047
  7189 10862  5873  4920  6713  7816 11946] [] 1716284592.4537558556
[-1  1 -1 -1 -1  1 -1 -1 -1 -1 -1 -1 -1 -1 -1 -1 -1 -1] [ 3 10 11 18 19 20 21 26 27 28 29 34 35 36 42 44 45 50] [ 3307 11672  7494  7401  3666 10917 10281  5254  8798  9694  7166  5235
  7396 12794  6622  5255  6741 10029] [] 1716284592.4967548847
[-1 -1 -1 -1 -1 -1 -1 -1 -1 -1 -1 -1 -1 -1 -1 -1 -1 -1] [ 3 10 11 18 19 20 21 26 27 28 29 34 35 36 42 44 45 50] [ 3463 13216  8046 10240  3691 11645 10295  6373  9178 10630  7284  5590
  7932 13200  8799  6038  7021 10180] [] 1716284592.5398523808
[-1 -1  1 -1 -1 -1 -1 -1 -1  1 -1 -1 -1 -1 -1 -1 -1 -1] [ 3 10 11 18 19 20 21 26 27 28 29 34 35 36 42 44 45 50] [ 3775 13572  7959 10476  3771 11678 10512  7713  9526 10415  7607  5750
  7980 13263  9501  7026  7423 10335] [] 1716284592.5827462673
[-1 -1 -1 -1 -1 -1 -1 -1  1 -1 -1 -1 -1 -1 -1 -1] [ 3 11 18 19 20 21 26 27 28 29 34 35 36 42 44 45] [ 3815  8009 10651  3830 11806 10724  8219 10656 10389  9214  6222  8974
 13569  9838  8607  9355] [] 1716284592.6257538795
[-1 -1 -1 -1 -1 -1 -1 -1  1 -1 -1  1 -1 -1  1 -1] [ 3 11 18 19 20 21 26 27 28 29 34 35 36 42 44 45] [ 3993  8717 10811  3944 12089 10846  8379 10790 10332 10980  6851  8651
 14119 10453  8597 16134] [] 1716284592.6686913967
[-1 -1 -1 -1 -1 -1 -1 -1  1 -1 -1 -1 -1  1 -1] [ 3 11 18 19 20 21 26 27 28 29 34 35 36 42 44] [ 4223  8738 14949  4033 12157 10981  8629 11025 10316 11064  8609  9194
 14231 10213  8667] [] 1716284592.7117474079
[-1 -1 -1 -1 -1 -1 -1 -1 -1 -1 -1  1 -1 -1] [ 3 11 19 20 21 26 27 28 29 34 35 36 42 44] [ 4451  8760  4123 12282 11031  8996 12495 10375 11083  8709  9531 14207
 10241  9415] [] 1716284592.7547771931
[-1 -1 -1 -1 -1 -1 -1 -1 -1 -1 -1 -1 -1] [ 3 11 19 20 21 26 27 28 29 34 35 42 44] [ 4595  8794  4329 12487 11230 10260 12570 10380 11243  9279 10971 10455
  9591] [] 1716284592.7976918221
[-1 -1 -1 -1 -1  1 -1  1 -1 -1  1 -1] [ 3 11 19 20 26 27 28 29 34 35 42 44] [ 5088  8895  4402 12765 10473 12569 10452 11125  9363 15535 10440  9865] [] 1716284592.8407564163
[-1 -1 -1 -1 -1  1 -1 -1 -1 -1 -1] [ 3 11 19 20 26 27 28 29 34 42 44] [ 5288  8940  4851 13618 10947 12467 10721 11758  9637 10866 11779] [] 1716284592.8837115765
[-1 -1 -1 -1 -1 -1  1 -1 -1 -1] [ 3 11 19 20 26 27 28 34 42 44] [ 5476  8971  5149 13842 11103 12473 10701  9745 11047 12031] [] 1716284592.9267046452
[-1 -1 -1 -1 -1 -1 -1 -1 -1 -1] [ 3 11 19 20 26 27 28 34 42 44] [ 7551  9019  5652 14259 11260 12598 11052 12209 11714 12237] [] 1716284592.9696605206
[-1 -1 -1 -1 -1 -1 -1 -1 -1 -1] [ 3 11 19 20 26 27 28 34 42 44] [ 8054  9145  6501 15154 11596 12732 11055 12361 11995 12505] [] 1716284593.0124814510
[ 1 -1  1  1  1 -1  1] [11 19 26 27 28 42 44] [ 9033  8213 11552 12523 10985 12295 12371] [] 1716284593.0556848049
[-1 -1 -1 -1 -1 -1 -1] [11 19 26 27 28 42 44] [ 9079  9474 11585 12691 11115 13567 12967] [] 1716284593.0986907482
[-1 -1 -1 -1  1 -1] [11 19 27 28 42 44] [ 9478  9877 13001 11366 13393 13415] [] 1716284593.1416504383
[ 1 -1 -1] [11 19 28] [ 9427  9880 11407] [] 1716284593.1844205856
[1 1 1] [11 19 28] [ 9402  9781 11350] [] 1716284593.2276546955
[-1 -1 -1] [11 19 28] [ 9497  9954 11427] [] 1716284593.2706127167
[-1 -1 -1] [11 19 28] [ 9749 10189 11662] [] 1716284593.3135929108
[-1  1] [11 28] [ 9944 11487] [] 1716284593.3564128876
[-1] [28] [11686] [] 1716284593.3996264935
2 2 2 1716284593.5349829197
