FA TAX ADC PRES TS
[-1  1  1  1] [11 28 42 44] [10287 11725 13013 13685] [] 1716284380.9436690807
[ 1 -1 -1  1] [11 28 42 44] [10282 11766 13115 13495] [] 1716284380.9866809845
[ 1  1  1 -1] [11 28 42 44] [10253 11712 12871 13868] [] 1716284381.0294487476
[-1 -1  1  1] [11 28 42 44] [10258 11742 12383 13556] [] 1716284381.0723166466
[1 1 1 1] [11 28 42 44] [10001 11653 12245 13409] [] 1716284381.1154537201
[1 1 1 1] [11 28 42 44] [ 9998 11536 11765 13148] [] 1716284381.1585233212
[ 1  1 -1 -1] [11 28 42 44] [ 9576 11324 11801 13223] [] 1716284381.2013595104
[-1 -1 -1  1  1] [11 19 28 42 44] [ 9698 10389 11471 11366 13064] [] 1716284381.2442839146
[ 1  1  1 -1 -1] [11 19 28 42 44] [ 9556 10179 11349 11911 13141] [] 1716284381.2875125408
[-1  1 -1  1  1  1] [11 19 27 28 42 44] [ 9563 10005 13970 11317 11767 13063] [] 1716284381.3304901123
[1 1 1 1 1 1] [11 19 27 28 42 44] [ 9471  9825 13618 11273 11137 12937] [] 1716284381.3734614849
[-1 -1  1  1  1  1  1] [ 3 11 19 27 28 42 44] [14071  9484  8525 13239 11217 10958 12789] [] 1716284381.4164052010
[-1  1  1  1  1 -1  1] [ 3 11 19 27 28 42 44] [14229  9346  8111 12959 11044 10979 12717] [] 1716284381.4595274925
[ 1  1  1  1  1 -1 -1] [ 3 11 19 27 28 42 44] [13956  9275  7907 12831 10964 11237 12826] [] 1716284381.5025689602
[ 1  1  1  1  1 -1 -1  1  1] [ 3 11 19 27 28 34 35 42 44] [13255  9171  6863 12655 10879 12274 15574 10493 12745] [] 1716284381.5456926823
[ 1 -1  1 -1 -1  1 -1  1 -1  1  1] [ 3 11 19 20 26 27 28 34 35 42 44] [ 7956  9400  6479 16193 13030 12632 10946 10246 15642 10457 12640] [] 1716284381.5884704590
[ 1  1  1 -1  1 -1  1  1 -1 -1 -1] [ 3 11 19 20 26 27 28 34 35 42 44] [ 7516  9374  6102 16294 12945 12634 10879 10110 16000 10543 12838] [] 1716284381.6316707134
[ 1  1  1  1 -1  1 -1 -1 -1  1 -1  1 -1] [ 3 11 19 20 21 26 27 28 29 34 35 42 44] [ 7423  9304  5826 16064 14312 12623 12646 11002 12471 10069 16087 10396
 12911] [] 1716284381.6745960712
[ 1  1  1  1  1  1 -1  1  1  1  1 -1  1] [ 3 11 19 20 21 26 27 28 29 34 35 42 44] [ 6399  9208  5660 15674 11789 11806 12681 10937 11774  9827 15514 10580
 12733] [] 1716284381.7175910473
[ 1 -1 -1  1  1  1  1  1  1  1 -1  1 -1  1 -1] [ 3 11 18 19 20 21 26 27 28 29 34 35 42 44 53] [ 5645  9253 11524  5516 15538 11700 10565 12553 10882 11486  9837 15363
 10617 10301 14848] [] 1716284381.7603738308
[ 1  1 -1  1  1  1  1  1 -1 -1 -1  1  1  1  1] [ 3 11 18 19 20 21 26 27 28 29 34 35 42 44 53] [ 5465  9235 11552  5503 15362 11631 10364 12518 11087 11508  9959 15355
 10519  9345 14167] [] 1716284381.8039693832
[ 1  1 -1  1  1  1  1  1  1  1  1  1 -1 -1 -1  1] [ 3 11 18 19 20 21 26 27 28 29 34 35 42 44 50 53] [ 5274  9193 11870  5148 15314 11538  9494  9215 10379 11220  9794 15079
 10681  9349 10747 12907] [] 1716284381.8475501537
[ 1  1  1  1  1  1  1  1  1  1  1 -1  1  1  1  1] [ 3 11 18 19 20 21 26 27 28 29 34 35 42 44 50 53] [ 5228  8218 11523  5055 15076 11452  9331  9086 10119 11161  9699 15289
  9413  9247 10316 12391] [] 1716284381.8905458450
[ 1  1  1  1  1  1  1 -1 -1  1  1  1  1 -1  1  1] [ 3 11 18 19 20 21 26 27 28 29 34 35 42 44 50 53] [ 4563  8116 11354  4921 14764 11420  9206  9087 10269 11087  9651 13895
  7964  9841 10135 11866] [] 1716284381.9334614277
[1 1 1 1 1 1 1 1 1 1 1 1 1 1 1 1] [ 3 11 18 19 20 21 26 27 28 29 34 35 42 44 50 53] [ 4281  8040 11003  4654 14504 11254  8912  8920  9973 10874  9561 11601
  7404  8982 10123 10158] [] 1716284381.9764432907
[ 1  1  1  1  1  1  1  1  1  1  1  1  1  1 -1  1] [ 3 11 18 19 20 21 26 27 28 29 34 35 42 44 50 53] [ 4207  7897 10822  4531 14283 11134  8791  8813  9018 10744  9550 11122
  7135  8642 10233  8694] [] 1716284382.0194978714
[ 1  1  1  1  1  1  1  1  1  1  1  1  1  1 -1  1 -1] [ 3 11 18 19 20 21 26 27 28 29 34 35 42 44 45 50 53] [ 4153  7858 10624  4458 14150 10942  8645  8569  8042 10723  8021 10150
  6296  7777 12390 10186  8831] [] 1716284382.0625553131
[ 1  1  1  1  1  1  1  1  1  1  1  1  1  1  1  1 -1] [ 3 11 18 19 20 21 26 27 28 29 34 35 42 44 45 50 53] [ 4082  7055 10521  4335 14025 10731  8481  8393  7361 10700  6891  9921
  5800  7374  9597 10047  9065] [] 1716284382.1055257320
[ 1  1  1  1  1 -1  1  1  1 -1  1  1  1  1  1 -1  1 -1] [ 3 11 18 19 20 21 26 27 28 29 34 35 42 44 45 50 53 54] [ 4056  6587 10452  4267 13714 10756  7049  8373  7078 10736  6609  9316
  5229  7013  9567 10109  9013 12851] [] 1716284382.1483664513
[ 1  1  1  1  1  1  1  1  1  1  1  1 -1  1  1  1 -1  1  1] [ 3 11 18 19 20 21 26 27 28 29 34 35 41 42 44 45 50 53 54] [ 4028  6326 10356  4214 13621 10699  6257  8330  6436 10695  6079  9115
 12921  4960  6487  9163 10135  7815 12731] [] 1716284382.1914606094
[ 1  1  1  1  1  1  1  1  1  1  1  1 -1  1  1  1  1  1  1  1] [ 3 11 18 19 20 21 26 27 28 29 34 35 36 41 42 44 45 50 53 54] [ 3987  5970 10320  4045 13615 10623  6012  8307  5260 10599  5833  8906
 14828 12749  4830  5903  8999  9947  7278 12523] [] 1716284382.2345523834
[ 1  1  1  1  1  1  1  1  1  1  1  1  1  1  1  1  1  1 -1  1] [ 3 11 18 19 20 21 26 27 28 29 34 35 36 41 42 44 45 50 53 54] [ 3981  5502  7984  3923 13421 10408  5887  8223  4734 10593  5658  8372
 14743 12513  4437  5625  8845  9874  7339 12249] [] 1716284382.2774360180
[ 1 -1  1  1  1 -1  1  1  1  1  1  1  1  1 -1  1  1  1 -1  1  1] [ 3 10 11 18 19 20 21 26 27 28 29 34 35 36 41 42 44 45 50 53 54] [ 3979 15576  5350  6844  3850 13464 10345  5629  8145  4408 10556  5501
  8117 14518 12549  4347  5474  8646  9932  6969 11918] [] 1716284382.3202242851
[ 1  1  1  1  1 -1 -1  1  1  1  1  1  1  1  1  1  1  1  1  1  1] [ 3 10 11 18 19 20 21 26 27 28 29 34 35 36 41 42 44 45 50 53 54] [ 3827 15092  4939  6640  3783 13522 10356  5225  8115  4111 10399  5439
  7938 14493 12478  4205  5119  7876  9911  6519 11789] [] 1716284382.3635072708
[ 1  1  1  1  1  1 -1  1  1  1  1  1  1  1 -1  1  1 -1 -1 -1  1  1] [ 3 10 11 18 19 20 21 26 27 28 29 34 35 36 41 42 44 45 50 51 53 54] [ 3711 14094  4732  5667  3718 13141 10394  5041  8063  3935 10337  5363
  7800 12230 12589  3968  4934  7894 10123 13017  6049 11697] [] 1716284382.4065952301
[ 1  1  1 -1  1  1  1  1  1 -1  1  1 -1 -1  1  1  1  1  1 -1  1  1 -1  1
  1] [ 3 10 11 12 18 19 20 21 26 27 28 29 34 35 36 41 42 44 45 47 50 51 52 53
 54] [ 3695 12344  4226 16236  5521  3662 10579 10210  4668  8418  3859 10305
  5384  7859 12075 12487  3711  4549  7890 15839  9308 11835 16148  5736
  9463] [] 1716284382.4494850636
[ 1  1  1  1  1  1  1  1  1  1  1  1  1  1 -1  1  1  1  1  1  1  1  1  1
  1] [ 3 10 11 12 18 19 20 21 26 27 28 29 34 35 36 41 42 44 45 47 50 51 52 53
 54] [ 3683 10788  3923 16191  5455  3520 10501 10140  4566  8353  3647  9623
  5335  7742 12085 12412  3597  4408  7807 13393  7610 11285 15284  5575
  9260] [] 1716284382.4924666882
[ 1  1  1  1  1  1  1 -1  1  1  1  1  1 -1  1 -1  1  1  1 -1 -1  1  1  1
  1 -1 -1 -1] [ 3 10 11 12 18 19 20 21 26 27 28 29 34 35 36 37 41 42 44 45 46 47 50 51
 52 53 54 61] [ 3500 10278  3583 16101  5195  3437  8819 10232  4399  8170  3520  8286
  4754  7927 11278 13304 12329  3326  4341  7997 12922 12435  6626 11089
 14272  5797  9477  9547] [] 1716284382.5354664326
[ 1  1  1 -1  1  1  1  1  1 -1  1  1  1  1  1  1  1  1  1  1  1  1  1  1
  1  1  1 -1] [ 3 10 11 12 18 19 20 21 26 27 28 29 34 35 36 37 41 42 44 45 46 47 50 51
 52 53 54 61] [ 3451  9728  3419 16104  4972  3387  7551 10216  4175  8200  3426  8170
  4682  7926 11051 13064 12247  3261  4155  7940 12056 11859  5893 11077
 13416  5588  9467  9643] [] 1716284382.5785677433
[-1  1  1  1  1  1  1 -1  1 -1  1  1  1  1  1 -1  1  1  1  1  1  1  1  1
  1  1  1  1] [ 3 10 11 12 18 19 20 21 26 27 28 29 34 35 36 37 41 42 44 45 46 47 50 51
 52 53 54 61] [ 3461  9530  3235 15954  4702  3350  7005 10263  4007  8223  3313  7324
  4606  7589 10789 13234 12131  3129  4011  7809 11719 11710  5483 10894
 12023  5471  8961  9099] [] 1716284382.6216504574
[ 1  1  1  1  1  1  1  1  1  1  1 -1  1  1 -1  1  1  1  1 -1  1  1  1  1
  1  1  1  1] [ 3 10 11 12 18 19 20 21 26 27 28 29 34 35 36 37 41 42 44 45 46 47 50 51
 52 53 54 61] [ 3407  9204  3037 15936  4487  3288  6721 10178  3853  8050  3162  8374
  4480  7582 11545 13104 12048  2982  3883  7914  9753 11675  5238 10512
 11322  5327  7976  8389] [] 1716284382.6644642353
[ 1  1  1  1  1  1  1 -1  1 -1  1 -1  1  1  1  1  1  1  1  1  1  1  1  1
 -1  1  1  1] [ 3 10 11 12 18 19 20 21 26 27 28 29 34 35 36 37 41 42 44 45 46 47 50 51
 52 53 54 61] [ 3319  8380  2885 15598  4329  3230  6393 10184  3695  8079  3091  8450
  4166  7377  9523 13066 11983  2885  3775  7824  9501 10467  5138  9343
 11725  5172  7843  8152] [] 1716284382.7075369358
[ 1  1  1  1  1  1  1 -1  1  1  1  1  1  1  1 -1  1  1  1  1  1  1  1  1
  1  1  1  1] [ 3 10 11 12 18 19 20 21 26 27 28 29 34 35 36 37 41 42 44 45 46 47 50 51
 52 53 54 61] [ 3282  7919  2837 15456  4247  3196  6116 10249  3581  7986  3066  8403
  4086  7279  9047 13133 11927  2788  3709  7748  9288  9495  4899  8700
 11078  4966  7709  7517] [] 1716284382.7505376339
[ 1  1  1 -1  1  1  1 -1  1  1  1  1  1 -1  1 -1  1  1  1  1  1  1  1  1
  1  1  1  1] [ 3 10 11 12 18 19 20 21 26 27 28 29 34 35 36 37 41 42 44 45 46 47 50 51
 52 53 54 61] [ 3071  7660  2781 15540  4077  3171  5683 10288  3427  7515  3013  7971
  4034  7280  8225 13170 11847  2652  3579  7645  9132  7440  4721  8620
 10535  4880  7652  7236] [] 1716284382.7935640812
[ 1  1  1 -1  1  1  1  1  1  1  1  1  1  1  1  1  1  1  1  1  1  1  1  1
  1 -1  1  1] [ 3 10 11 12 18 19 20 21 26 27 28 29 34 35 36 37 41 42 44 45 46 47 50 51
 52 53 54 61] [ 2870  6814  2607 15578  3815  3092  5247 10147  3293  7270  2872  7510
  3840  6978  7431 12896 11645  2620  3496  7631  9087  7271  4510  8586
 10529  5079  7645  7171] [] 1716284382.8364825249
[ 1  1  1  1  1  1  1 -1  1 -1  1  1  1  1  1 -1 -1  1  1 -1  1  1 -1  1
  1  1  1 -1  1] [ 3 10 11 12 18 19 20 21 26 27 28 29 34 35 36 37 41 42 44 45 46 47 50 51
 52 53 54 55 61] [ 2776  6590  2581 15402  3787  3062  5165 10156  3199  7285  2816  6894
  3839  6792  7324 13003 11889  2530  3463  7638  9036  6932  4548  7359
 10120  4871  7619 12343  7146] [] 1716284382.8795137405
[ 1  1  1 -1  1 -1  1  1  1 -1  1  1  1 -1  1  1  1  1  1  1  1  1  1  1
 -1  1  1  1  1] [ 3 10 11 12 18 19 20 21 26 27 28 29 34 35 36 37 41 42 44 45 46 47 50 51
 52 53 54 55 61] [ 2655  6330  2508 15791  3707  3070  4994  9995  3085  7397  2756  5529
  3696  6891  6778 12913 11097  2504  3315  7632  8942  6657  4544  7309
 10152  4826  7062 12023  7084] [] 1716284382.9226047993
[ 1  1  1  1  1  1  1 -1  1  1  1  1  1  1  1  1  1 -1  1  1  1  1  1 -1
 -1  1  1  1  1] [ 3 10 11 12 18 19 20 21 26 27 28 29 34 35 36 37 41 42 44 45 46 47 50 51
 52 53 54 55 61] [ 2514  6079  2491 14491  3675  2974  4980 10017  3030  7346  2755  5385
  3667  6765  6376 12688 10735  2507  3267  7578  8824  6613  4502  7364
 10185  4680  6982 11643  7017] [] 1716284382.9655308723
[ 1  1  1 -1 -1 -1  1  1  1  1  1  1 -1  1  1  1  1  1  1 -1  1 -1  1  1
  1  1  1 -1  1] [ 3 10 11 12 18 19 20 21 26 27 28 29 34 35 36 37 41 42 44 45 46 47 50 51
 52 53 54 55 61] [ 2476  5935  2439 14911  3695  2978  4884  9992  3001  7284  2688  5346
  3699  6695  6350 12617 10687  2460  3251  7586  8805  6705  4496  7275
 10044  4602  6964 11679  7007] [] 1716284383.0085082054
[-1  1  1  1  1  1  1 -1 -1  1  1  1  1  1 -1  1 -1 -1 -1  1  1  1 -1  1
 -1  1  1 -1  1] [ 3 10 11 12 18 19 20 21 26 27 28 29 34 35 36 37 41 42 44 45 46 47 50 51
 52 53 54 55 61] [ 2479  5871  2420 14823  3629  2957  4879 10002  3039  7258  2675  5195
  3656  6637  6416 12544 10714  2494  3254  7554  8792  6658  4545  7234
 10084  4600  6958 12407  6980] [] 1716284383.0516006947
[ 1 -1 -1 -1 -1  1  1 -1  1  1  1 -1 -1  1  1 -1 -1 -1 -1 -1  1  1  1 -1
  1 -1 -1 -1] [ 3 10 11 12 18 19 20 21 26 27 28 29 34 35 36 37 41 42 44 45 46 47 50 51
 52 53 54 61] [ 2471  5877  2455 15223  3635  2957  4844 10080  2979  7120  2672  5371
  3657  6601  6391 12566 11865  2495  3314  7589  8683  6616  4386  7282
  9876  4696  7531  7037] [] 1716284383.0945973396
[-1 -1 -1 -1 -1 -1 -1  1 -1  1 -1 -1 -1  1 -1  1  1 -1 -1  1 -1 -1 -1 -1
 -1 -1 -1 -1] [ 3 10 11 12 18 19 20 21 26 27 28 29 34 35 36 37 41 42 44 45 46 47 50 51
 52 53 54 61] [ 2558  6245  2495 15304  3727  2973  4901 10014  2997  6885  2705  5416
  3712  6455  6413 12546 11813  2555  3349  7560  8749  6747  4539  7328
 10025  4854  7544  7063] [] 1716284383.1375665665
[-1 -1  1 -1  1 -1 -1  1 -1 -1 -1 -1 -1 -1 -1 -1  1 -1 -1 -1 -1 -1 -1 -1
 -1 -1 -1 -1] [ 3 10 11 12 18 19 20 21 26 27 28 29 34 35 36 37 41 42 44 45 46 47 50 51
 52 53 54 61] [ 2709  6561  2495 15308  3715  3002  5038  9946  3211  6891  2750  6590
  3716  6958  7039 12637 11766  2639  3454  7572  9169  6994  4669  8557
 10430  4927  7633  7165] [] 1716284383.1805808544
[-1 -1 -1  1 -1 -1 -1  1 -1  1 -1 -1 -1 -1 -1 -1 -1 -1 -1 -1 -1 -1 -1 -1
 -1 -1 -1 -1] [ 3 10 11 12 18 19 20 21 26 27 28 29 34 35 36 37 41 42 44 45 46 47 50 51
 52 53 54 61] [ 2879  7129  2587 15168  3719  3075  5106  9822  3243  6813  2800  6702
  3842  7061  7354 12736 11819  2755  3557  7652  9761  8303  4711  8585
 10742  5070  7727  7357] [] 1716284383.2235944271
[-1 -1 -1  1 -1 -1 -1  1 -1 -1 -1 -1 -1 -1 -1 -1 -1 -1 -1 -1 -1 -1 -1 -1
 -1 -1 -1 -1] [ 3 10 11 12 18 19 20 21 26 27 28 29 34 35 36 37 41 42 44 45 46 47 50 51
 52 53 54 61] [ 3051  7432  2669 15088  4021  3077  5221  9813  3375  6886  2880  6716
  3911  7065  7553 12858 11975  2836  3755  7723 12253  9253  5082  8740
 11525  5242  7735  7654] [] 1716284383.2665686607
[-1 -1 -1 -1 -1 -1 -1 -1 -1 -1 -1 -1 -1 -1 -1 -1  1 -1  1 -1 -1 -1 -1 -1
 -1 -1 -1 -1] [ 3 10 11 12 18 19 20 21 26 27 28 29 34 35 36 37 41 42 44 45 46 47 50 51
 52 53 54 61] [ 3215  8052  2737 15300  4278  3130  5332  9827  3481  7447  2981  6801
  4098  7183  8091 12940 11906  2919  3751  7751 12470 10920  5439  8968
 12210  5248  9030  7681] [] 1716284383.3095436096
[-1 -1 -1 -1 -1 -1 -1 -1 -1  1 -1 -1 -1 -1 -1 -1 -1 -1 -1  1 -1 -1 -1 -1
  1 -1 -1] [ 3 10 11 12 18 19 20 21 26 27 28 29 34 35 36 37 41 42 44 45 47 50 51 52
 53 54 61] [ 3246  8648  2769 15554  4285  3145  5834  9834  3535  7410  2991  6889
  4155  7255  9762 13069 11961  3013  3823  7676 13183  5601 10716 13970
  5128  9123  8011] [] 1716284383.3525438309
[-1 -1 -1 -1 -1 -1 -1  1 -1 -1 -1 -1 -1  1 -1 -1 -1 -1 -1  1 -1 -1 -1  1
 -1] [ 3 10 11 12 18 19 20 21 26 27 28 29 34 35 36 37 41 42 44 45 50 51 52 53
 54] [ 3332  8733  2941 15800  4599  3175  6856  9713  3839  7491  3113  7673
  4243  7135 11103 13110 11979  3214  3967  7632  5918 10804 15356  5054
 11391] [] 1716284383.3955051899
[-1 -1 -1 -1 -1 -1 -1 -1 -1 -1 -1 -1 -1 -1 -1 -1 -1 -1 -1  1 -1 -1 -1 -1] [ 3 10 11 12 18 19 20 21 26 27 28 29 34 35 36 37 41 42 44 45 50 51 53 54] [ 3358  8831  3251 15819  4727  3202  6984  9793  3943  7701  3158  7693
  4354  7143 11345 13247 12118  3435  4139  7625  7510 11095  5208 11698] [] 1716284383.4385106564
[-1 -1 -1 -1 -1 -1 -1 -1 -1 -1 -1 -1 -1  1 -1 -1 -1 -1 -1 -1 -1 -1] [ 3 10 11 12 18 19 20 21 26 27 28 29 34 35 36 41 42 44 45 50 53 54] [ 3382  9191  3507 16368  5114  3268  9522  9837  4251  7911  3278  7779
  4603  7141 12032 12209  3627  4391  7723  7874  5336 11940] [] 1716284383.4815621376
[-1 -1 -1 -1 -1 -1 -1 -1 -1 -1 -1 -1  1 -1 -1 -1 -1 -1 -1 -1] [ 3 10 11 18 19 20 21 26 27 28 29 34 35 36 41 42 44 45 50 53] [ 3519 10234  3708  5583  3348 11667  9898  4379  7987  3393  9804  5119
  7085 12693 12281  4007  4629  7725  8473  5381] [] 1716284383.5245714188
[-1 -1 -1 -1 -1 -1 -1  1 -1 -1 -1 -1 -1 -1 -1 -1 -1 -1 -1 -1 -1] [ 3 10 11 12 18 19 20 21 26 27 28 29 34 35 36 41 42 44 45 50 53] [ 3536 10732  4261 16270  6327  3521 11971  9765  4675  8008  3616  9825
  5231  7302 12909 12426  4326  4975  7952  9372  5762] [] 1716284383.5675449371
[-1 -1 -1 -1 -1 -1 -1 -1  1 -1 -1 -1 -1 -1 -1 -1 -1 -1 -1 -1] [ 3 10 11 18 19 20 21 26 27 28 29 34 35 36 41 42 44 45 50 53] [ 3558 13844  5145  8295  3601 12178  9953  5163  7942  4022  9974  5343
  7429 13465 12623  4476  5389  8095  9401  6569] [] 1716284383.6105196476
[-1 -1 -1 -1 -1 -1 -1 -1  1 -1 -1 -1 -1 -1 -1 -1 -1 -1 -1] [ 3 10 11 18 19 20 21 26 27 28 29 34 35 36 42 44 45 50 53] [ 3779 14916  5257  9282  3646 12314 10000  5579  7921  4396 10377  5385
  7517 13884  4814  5926  8235  9836  8149] [] 1716284383.6535971165
[-1 -1 -1 -1 -1 -1 -1 -1 -1 -1 -1 -1 -1 -1 -1 -1 -1 -1] [ 3 11 18 19 20 21 26 27 28 29 34 35 36 42 44 45 50 53] [ 3887  5796 10392  3780 12658 10250  6179  7980  5705 10504  5514  7646
 14221  5464  6554 10129 10119 10224] [] 1716284383.6965990067
[ 1 -1 -1 -1 -1 -1 -1  1 -1 -1 -1  1 -1 -1 -1 -1 -1 -1] [ 3 11 18 19 20 21 26 27 28 29 34 35 36 42 44 45 50 53] [ 3846  6164 10504  3886 12842 10337  7388  7970  7165 10651  5700  7581
 15604  6197  7919 10180 10444 10362] [] 1716284383.7395417690
[-1 -1  1 -1 -1 -1 -1 -1 -1 -1 -1 -1 -1 -1 -1 -1 -1] [ 3 11 18 19 20 21 26 27 28 29 34 35 42 44 45 50 53] [ 3881  7671 10419  3991 12960 10379  8216  7997  8211 10730  6166  7844
  6633  8607 10242 10714 14549] [] 1716284383.7824900150
[-1 -1 -1 -1 -1 -1 -1 -1 -1 -1 -1 -1 -1 -1 -1] [ 3 11 18 19 20 21 26 27 28 29 34 35 42 44 45] [ 3994  7700 10844  4115 13078 10701  8453  8183  9697 11043  7372  8147
  7601  9331 10452] [] 1716284383.8255281448
[-1 -1 -1 -1 -1 -1 -1  1 -1 -1 -1 -1 -1 -1] [ 3 11 18 19 20 21 26 27 28 29 34 35 42 44] [ 4142  7823 10906  4259 13186 10946  8604  8154  9759 11179  7697 10170
  8748  9590] [] 1716284383.8683021069
[-1 -1 -1 -1 -1 -1 -1 -1  1 -1 -1  1 -1] [ 3 11 19 20 21 26 27 28 29 34 35 42 44] [ 4883  7836  4438 13438 11004  8779  8342 10146 11150  9663 10280  8662
  9857] [] 1716284383.9114577770
[-1 -1 -1 -1 -1 -1 -1 -1 -1 -1  1 -1 -1 -1] [ 3 11 18 19 20 21 26 27 28 29 34 35 42 44] [ 4988  8028 11892  4680 13648 11024  8991  8477 10231 11242  9623 11045
  8745 10231] [] 1716284383.9544062614
[-1 -1 -1 -1 -1 -1 -1 -1 -1 -1 -1 -1] [ 3 11 19 20 21 26 27 28 34 35 42 44] [ 5503  9015  5090 14004 11171 10081 10972 10471 10056 11980  8785 12337] [] 1716284383.9975309372
[-1 -1 -1 -1  1 -1 -1 -1  1 -1 -1  1] [ 3 11 19 20 21 26 27 28 34 35 42 44] [ 5626  9018  5191 14278 11141 10206 11025 10500 10053 14304 10201 12303] [] 1716284384.0404689312
[-1 -1 -1 -1 -1 -1 -1 -1 -1 -1 -1 -1] [ 3 11 19 20 21 26 27 28 34 35 42 44] [12246  9063  5560 14482 11500 11212 11341 10598 10251 14415 10267 12610] [] 1716284384.0835952759
[-1 -1 -1 -1 -1  1 -1 -1 -1 -1 -1] [ 3 11 19 20 26 27 28 34 35 42 44] [12442  9152  6349 15256 11245 11131 10787 12256 14824 10357 12988] [] 1716284384.1265416145
[-1 -1 -1 -1 -1 -1 -1 -1 -1  1  1] [ 3 11 19 20 26 27 28 34 35 42 44] [14414  9335  7226 15739 11411 11282 11100 12595 16269 10355 12914] [] 1716284384.1694998741
[ 1 -1 -1  1  1 -1 -1] [11 19 26 27 28 42 44] [ 9187  9517 11497 11205 10943 10693 12935] [] 1716284384.2125239372
[-1 -1 -1 -1 -1 -1 -1] [11 19 26 27 28 42 44] [ 9369  9687 15203 12857 11077 11033 13212] [] 1716284384.2555100918
[ 1 -1  1 -1 -1 -1] [11 19 27 28 42 44] [ 9311  9961 12855 11257 11801 13308] [] 1716284384.2984580994
[-1 -1 -1 -1 -1 -1] [11 19 27 28 42 44] [ 9671 14194 13419 11441 13153 13341] [] 1716284384.3414628506
[-1 -1 -1] [11 28 42] [ 9722 11718 13301] [] 1716284384.3844583035
[1 1] [11 28] [ 9721 11608] [] 1716284384.4274470806
[1 1] [11 28] [ 9690 11552] [] 1716284384.4704592228
[-1 -1] [11 28] [ 9756 11576] [] 1716284384.5134730339
[-1] [28] [11625] [] 1716284384.5566122532
2 2 2 1716284384.5568804741
