FA TAX ADC PRES TS
[-1  1] [11 28] [16085 10894] [] 1716284807.5431194305
[-1  1] [19 28] [12375 10779] [] 1716284807.5860910416
[-1] [11] [9676] [] 1716284807.6720969677
[-1 -1 -1 -1] [11 19 27 28] [10235 10990 14400 11687] [] 1716284807.7150387764
[ 1  1  1  1 -1] [11 19 27 28 42] [10125 10599 11407 11559 13711] [] 1716284807.7581069469
[ 1  1  1 -1  1] [11 19 27 28 42] [ 9903 10439 11060 11598 13169] [] 1716284807.8011026382
[-1 -1 -1 -1  1 -1] [11 19 26 27 28 42] [ 9972 10605 12642 11081 11500 13194] [] 1716284807.8441462517
[ 1  1  1  1  1 -1 -1] [11 19 26 27 28 42 44] [ 9801  8768 12440 10913 11390 13315 14711] [] 1716284807.8871264458
[-1 -1 -1 -1 -1 -1  1 -1] [11 19 26 27 28 34 42 44] [ 9823  8899 12552 11074 11526 13402 13191 15014] [] 1716284807.9301812649
[ 1  1  1  1  1 -1  1  1] [11 19 26 27 28 34 42 44] [ 9638  8845 11953  9165 11356 13453 12305 13311] [] 1716284807.9731507301
[ 1  1 -1  1  1 -1  1  1  1] [11 19 20 26 27 28 34 42 44] [ 9365  7725 16285 11535  9118 11397 11280 11623 12999] [] 1716284808.0160551071
[-1 -1  1 -1  1  1  1  1 -1  1  1] [ 3 11 19 20 26 27 28 34 35 42 44] [14279  9390  7324 16374 11290  8729 11126 10943 15862 11285 12951] [] 1716284808.0591709614
[ 1  1  1  1  1  1  1  1  1 -1  1] [ 3 11 19 20 26 27 28 34 35 42 44] [14113  9289  7221 16121 11129  7678 11019 10853 15774 11759 12626] [] 1716284808.1021299362
[ 1  1  1 -1  1  1 -1  1  1  1  1] [ 3 11 19 20 26 27 28 34 35 42 44] [ 7815  8471  6791 16166 10900  7089 11068  8459 15464 10783 12549] [] 1716284808.1451475620
[ 1  1  1  1  1  1  1 -1 -1  1  1] [ 3 11 19 20 26 27 28 34 35 42 44] [ 7311  8407  6627 14920 10828  6981 11018  8516 15505 10482 12487] [] 1716284808.1881854534
[ 1  1  1  1  1  1  1  1  1 -1 -1] [ 3 11 19 20 26 27 28 34 35 42 44] [ 5837  8294  6445 13444 10760  6756 10791  8381 15356 10772 12560] [] 1716284808.2311453819
[ 1  1 -1  1 -1  1 -1 -1  1  1 -1  1 -1] [ 3 11 19 20 26 27 28 29 34 35 36 42 44] [ 5669  8287  6454 10554 10768  6574 10897 11681  8175 15205 16379  9875
 12766] [] 1716284808.2741744518
[ 1 -1  1  1 -1  1  1  1  1  1 -1  1  1  1] [ 3 11 19 20 21 26 27 28 29 34 35 36 42 44] [ 5449  8312  6382 10277 11425 10542  6536 10893 11322  7889 15270 14843
  9130 12671] [] 1716284808.3171663284
[ 1  1  1  1  1  1  1  1  1  1  1  1  1 -1 -1] [ 3 11 19 20 21 26 27 28 29 34 35 36 42 44 45] [ 5355  6849  6321 10081 11274 10219  6416 10643 11225  7837 15201 14608
  8819 12688 12432] [] 1716284808.3600203991
[-1  1 -1 -1  1 -1  1 -1 -1 -1  1 -1  1  1  1  1 -1] [ 3 11 18 19 20 21 26 27 28 29 34 35 36 42 44 45 50] [ 5387  5943  9494  6420 10066 11326  8917  6426 10709 11281  7795 15344
 14449  8284 10481  9599 10347] [] 1716284808.4031922817
[ 1 -1  1  1  1  1  1  1 -1  1  1 -1 -1  1 -1  1  1  1] [ 3 10 11 18 19 20 21 26 27 28 29 34 35 36 42 44 45 50] [ 5325 14856  5820  8279  6200 10055 11308  8792  6595 10604 11005  8035
 15550 13299  8734 10255  9509 10123] [] 1716284808.4461746216
[ 1  1  1  1  1  1  1  1  1 -1 -1  1  1  1  1  1  1 -1] [ 3 10 11 18 19 20 21 26 27 28 29 34 35 36 42 44 45 50] [ 5218 13128  5411  8246  6099  9794 11089  7821  6461 10619 11051  7606
 14657 10191  7559  8936  9329 10183] [] 1716284808.4892094135
[ 1  1  1 -1  1  1  1 -1  1 -1 -1  1  1 -1  1  1  1  1  1] [ 3 10 11 12 18 19 20 21 26 27 28 29 34 35 36 42 44 45 50] [ 5177 11282  5035 15283  7431  6067  9679 11172  6126  6587 10646 10928
  6689 14944  9206  7282  8664  9077 10070] [] 1716284808.5322206020
[ 1  1  1  1  1  1  1  1  1  1 -1  1  1  1  1  1  1  1  1] [ 3 10 11 12 18 19 20 21 26 27 28 29 34 35 36 42 44 45 50] [ 5131  9906  4620 15079  7165  5806  9603 10755  5350  6461 10884  7993
  5701 14914  7407  6713  7341  8127 10061] [] 1716284808.5751857758
[1 1 1 1 1 1 1 1 1 1 1 1 1 1 1 1 1 1 1] [ 3 10 11 12 18 19 20 21 26 27 28 29 34 35 36 42 44 45 50] [ 4968  9443  4343 15035  7103  5682  9434 10542  5075  6130 10815  7841
  5535 14731  7219  6404  6891  8060  9948] [] 1716284808.6181395054
[ 1  1  1  1  1  1  1  1  1  1 -1  1  1 -1  1  1 -1 -1  1 -1] [ 3 10 11 12 18 19 20 21 26 27 28 29 34 35 36 42 44 45 50 53] [ 4811  9339  4110 14758  6138  5597  8176 10526  4596  6003 10846  7717
  4975 14848  6791  5694  7020  8264  9778 13357] [] 1716284808.6611845493
[1 1 1 1 1 1 1 1 1 1 1 1 1 1 1 1 1 1 1 1] [ 3 10 11 12 18 19 20 21 26 27 28 29 34 35 36 42 44 45 50 53] [ 4725  9098  3944 14343  5636  5518  8109 10387  4390  5938 10815  7617
  4715 12714  6596  5279  6573  7762  9757  9608] [] 1716284808.7041726112
[ 1  1  1  1  1  1  1 -1  1  1  1  1  1  1  1  1 -1  1  1  1] [ 3 10 11 12 18 19 20 21 26 27 28 29 34 35 36 42 44 45 50 53] [ 4471  8595  3558 13924  5210  5476  7711 10422  4224  5827 10742  7578
  4267 11995  6263  4915  6578  7547  9666  9153] [] 1716284808.7471816540
[ 1  1  1  1  1  1  1 -1  1  1  1  1  1  1  1 -1 -1  1  1  1 -1  1] [ 3 10 11 12 18 19 20 21 26 27 28 29 34 35 36 37 41 42 44 45 50 53] [ 4165  8378  3380 12191  5025  5359  6832 10478  4052  5783 10635  7545
  4060 11524  5930 16378 13137  4695  6042  6669  9725  8927] [] 1716284808.7900524139
[ 1  1  1  1  1  1  1  1  1  1 -1  1  1  1  1  1  1  1  1  1 -1  1] [ 3 10 11 12 18 19 20 21 26 27 28 29 34 35 36 37 41 42 44 45 50 53] [ 3623  7675  3214 11573  4937  5262  6407 10363  3899  5739 10657  7457
  3835 11116  5618 13590 13117  4169  5516  6527  9768  8755] [] 1716284808.8331499100
[-1  1  1  1  1  1  1  1  1 -1  1  1  1  1  1  1  1  1 -1  1  1  1  1 -1
  1] [ 1  3 10 11 12 18 19 20 21 23 26 27 28 29 34 35 36 37 41 42 44 45 50 51
 53] [16273  3343  7404  3051 10532  4803  5086  5889 10278 14300  3849  5687
 10463  7395  3651  8935  5204 12883 13147  3823  5072  6369  9682 11013
  8568] [] 1716284808.8762292862
[ 1  1  1  1  1  1  1  1  1  1  1 -1 -1 -1  1  1  1  1  1  1  1 -1 -1  1
  1 -1] [ 1  3 10 11 12 18 19 20 21 23 26 27 28 29 34 35 36 37 41 42 44 45 46 50
 51 53] [16000  3085  6531  2959  9727  4755  4763  5592 10265 14103  3694  5731
 10488  7467  3461  7987  4859 12544 10757  3798  4974  6407 13738  9649
 10752  8761] [] 1716284808.9191572666
[ 1 -1  1  1  1  1  1  1  1  1  1  1  1 -1  1  1  1 -1  1  1  1  1  1  1
  1 -1] [ 3  4 10 11 12 18 19 20 21 23 26 27 28 29 34 35 36 37 41 42 44 45 46 50
 51 53] [ 2991 13006  6043  2844  8966  4623  4707  5563 10254 13632  3659  5604
  9039  7523  3327  7737  4563 12896  9683  3648  4504  6315 11459  9588
 10688  8770] [] 1716284808.9620535374
[1 1 1 1 1 1 1 1 1 1 1 1 1 1 1 1 1 1 1 1 1 1 1 1 1 1] [ 3  4 10 11 12 18 19 20 21 23 26 27 28 29 34 35 36 37 41 42 44 45 46 50
 51 53] [ 2633 12783  5199  2785  7842  4213  4641  5027 10124 13575  3479  5486
  8983  7479  3168  7644  4359 12852  9436  3414  4290  6183 11149  9510
 10593  8447] [] 1716284809.0051860809
[ 1 -1  1  1  1  1 -1  1 -1 -1  1 -1  1  1  1  1  1  1  1  1  1 -1 -1 -1
  1 -1 -1 -1] [ 3  4 10 11 12 18 19 20 21 23 26 27 28 29 34 35 36 37 41 42 44 45 46 50
 51 53 54 61] [ 2531 12814  4947  2759  7412  4089  4658  4812 10173 13668  3411  5495
  7331  7337  3084  7525  4221 12777  9287  3280  4231  6276 11181  9706
  8632  8550 15605 12852] [] 1716284809.0482418537
[ 1  1  1  1  1  1  1  1  1 -1  1 -1  1  1  1  1  1 -1  1  1  1  1 -1  1
  1  1  1  1] [ 3  4 10 11 12 18 19 20 21 23 26 27 28 29 34 35 36 37 41 42 44 45 46 50
 51 53 54 61] [ 2413 12491  4603  2687  7037  3792  4514  4441  9975 13830  3327  5497
  6471  7323  2963  6231  3932 12854  9242  3246  4159  6212 11197  9614
  8630  8388 12988 11368] [] 1716284809.0911931992
[ 1  1  1  1  1  1  1  1  1  1 -1 -1  1  1  1  1  1  1  1  1  1  1  1 -1
  1  1  1  1] [ 3  4 10 11 12 18 19 20 21 23 26 27 28 29 34 35 36 37 41 42 44 45 46 50
 51 53 54 61] [ 2367 11971  4455  2617  6858  3603  4483  4318  9942 13736  3351  5589
  5787  7286  2891  6133  3906 12787  8699  3063  3935  6111 11117  9702
  7884  8188 12491 11351] [] 1716284809.1342077255
[-1  1  1  1  1  1  1  1  1 -1 -1  1  1  1  1  1  1  1 -1  1  1 -1 -1 -1
  1 -1  1  1 -1  1 -1  1] [ 1  3  4 10 11 12 18 19 20 21 23 26 27 28 29 34 35 36 37 41 42 43 44 45
 46 47 50 51 52 53 54 61] [16197  2294 11119  4030  2559  5828  3356  4305  4034 10045 13760  3215
  5366  5207  7146  2810  5916  3665 12958  8527  2926 15807  3952  6185
  8702 14938  9660  7692 14421  7418 12939  8385] [] 1716284809.1772267818
[ 1  1  1  1  1  1 -1  1 -1 -1  1  1  1  1  1  1  1  1  1  1  1  1 -1  1
  1 -1 -1  1  1  1  1] [ 3  4 10 11 12 18 19 20 21 23 26 27 28 29 34 35 36 37 41 42 43 44 45 46
 47 50 51 52 53 54 61] [ 2247 10209  3909  2486  5507  3219  4312  3529 10052 14351  3149  5118
  4735  6274  2760  5643  3404 12040  8513  2886 15703  3938  6204  8487
 11739  9718  7769 14396  7109 12740  7570] [] 1716284809.2202305794
[ 1  1 -1  1  1  1  1  1 -1 -1  1  1  1  1 -1  1  1  1 -1  1  1  1 -1 -1
  1 -1  1  1  1  1  1] [ 3  4 10 11 12 18 19 20 21 23 26 27 28 29 33 34 35 36 37 41 42 44 45 46
 47 50 51 52 53 54 61] [ 2213 10095  3927  2457  5218  3130  4196  3355 10110 14431  3015  4937
  4665  5879 15764  2709  5410  3270 12056  8503  2714  3890  6226  8504
 10068  9811  7200 12444  6150  7708  7364] [] 1716284809.2632560730
[-1 -1 -1  1  1  1  1  1  1 -1  1  1  1  1  1  1  1  1  1  1 -1 -1 -1 -1
  1 -1 -1  1  1  1 -1  1  1  1] [ 2  3  4 10 11 12 18 19 20 21 23 26 27 28 29 33 34 35 36 37 38 41 42 43
 44 45 46 47 50 51 52 53 54 61] [11403  2239 10177  3795  2413  4842  3038  4003  3212 10156 14027  2951
  4454  4473  4461 13602  2630  5185  3006 11593 11386  8543  2718 15999
  3864  6243  8511  9254  8783  7050 12748  5957  7361  7277] [] 1716284809.3061842918
[ 1  1  1  1  1  1  1  1  1  1 -1 -1  1  1  1  1  1 -1  1 -1  1 -1  1  1
  1  1  1  1  1  1  1  1  1] [ 2  3  4 10 11 12 18 19 20 21 23 26 27 28 29 33 34 35 36 37 38 41 42 44
 45 46 47 50 51 52 53 54 61] [10773  2232  9956  3781  2383  4620  2991  3962  3131 10137 14043  2953
  4419  4429  4271 12739  2604  5451  2914 11649 10845  8589  2604  3672
  6205  8089  7898  8709  6933  9583  5885  7004  7176] [] 1716284809.3492302895
[ 1  1  1  1  1  1  1  1  1  1 -1  1  1  1  1  1  1 -1  1  1  1  1 -1 -1
  1  1  1  1  1  1  1  1  1  1] [ 2  3  4 10 11 12 18 19 20 21 23 26 27 28 29 33 34 35 36 37 38 41 42 43
 44 45 46 47 50 51 52 53 54 61] [10475  2219  9877  3670  2362  4554  2963  3882  3006 10129 14139  2871
  4391  4315  4213 12671  2511  5524  2824  9840 10808  8127  2627 15179
  3656  6161  7865  7570  8643  6619  9477  5744  6735  7161] [] 1716284809.3922097683
[ 1  1  1  1  1  1  1  1  1  1 -1  1  1  1  1  1  1  1  1  1  1  1 -1  1
  1  1 -1  1 -1 -1  1  1  1  1] [ 2  3  4 10 11 12 18 19 20 21 23 26 27 28 29 33 34 35 36 37 38 41 42 43
 44 45 46 47 50 51 52 53 54 61] [10015  2205  9855  3637  2335  4479  2927  3702  2956 10035 14143  2823
  4263  4213  4183 12630  2495  5404  2767  9595 10707  8037  2650 13679
  3616  6141  7882  7275  8688  6643  8721  5652  6582  7133] [] 1716284809.4352078438
[ 1  1  1  1  1 -1  1  1 -1  1  1  1  1  1  1 -1  1  1  1  1  1  1  1 -1
  1  1  1  1 -1 -1 -1 -1 -1 -1] [ 2  3  4 10 11 12 18 19 20 21 23 26 27 28 29 33 34 35 36 37 38 41 42 43
 44 45 46 47 50 51 52 53 54 61] [10003  2199  9724  3553  2323  4519  2879  3616  2985 10002 13935  2807
  4204  4124  4103 12640  2467  5151  2740  8880 10604  8010  2629 13693
  3594  6129  7871  7043  9552  6676  9100  5721  6651  7176] [] 1716284809.4781877995
[-1 -1  1  1  1  1 -1  1  1  1 -1 -1  1  1 -1  1 -1 -1 -1 -1 -1  1 -1  1
 -1 -1 -1 -1  1 -1 -1 -1 -1 -1] [ 2  3  4 10 11 12 18 19 20 21 23 26 27 28 29 33 34 35 36 37 38 41 42 43
 44 45 46 47 50 51 52 53 54 61] [10051  2231  9715  3531  2310  4479  2893  3612  2920  9941 14134  2835
  4187  4051  4109 12585  2478  5243  2768  9284 10689  7936  2632 13663
  3630  6137  7951  8328  9547  7134  9441  5751  6927  7253] [] 1716284809.5212402344
[-1 -1  1  1 -1  1  1 -1 -1  1 -1 -1  1 -1 -1 -1  1 -1  1 -1 -1 -1 -1 -1
 -1 -1 -1 -1 -1 -1 -1 -1 -1 -1] [ 1  2  3  4 10 11 12 18 19 20 21 23 26 27 28 29 33 34 35 36 37 41 42 43
 44 45 46 47 50 51 52 53 54 61] [15624 10123  2194  9604  3583  2309  4451  2895  3729  2917 10013 14421
  2813  4221  4116  4167 12554  2485  4889  2786  9525  7954  2729 13925
  3688  6155  8368 10831  9577  7196 10817  5799 12288  7387] [] 1716284809.5642330647
[-1 -1 -1  1 -1 -1 -1 -1 -1 -1  1  1 -1 -1 -1  1  1 -1 -1 -1 -1 -1 -1 -1
 -1  1  1  1 -1 -1 -1 -1 -1] [ 1  2  3  4 10 11 12 18 19 20 21 23 26 27 28 29 33 34 35 36 37 41 42 43
 44 45 46 50 51 52 53 54 61] [16098 10519  2215  9543  3595  2351  4653  2945  3877  3034  9876 14359
  2852  4280  4271  4109 12492  2613  5398  2890  9969  8356  2769 14039
  3768  6059  8289  9533  8207 15328  6305 12309  8315] [] 1716284809.6072380543
[-1 -1 -1 -1 -1 -1 -1 -1 -1 -1 -1 -1 -1 -1 -1  1 -1  1 -1 -1  1 -1 -1 -1
  1  1 -1 -1  1 -1 -1 -1] [ 2  3  4 10 11 12 18 19 20 21 23 26 27 28 29 33 34 35 36 37 41 42 43 44
 45 46 50 51 52 53 54 61] [10551  2223  9596  3665  2395  4726  3004  3967  3152  9916 14391  2903
  4313  4396  4771 12444  2687  5255  3008 11576  8348  2852 15759  3784
  6035  8258  9609  8473 14912  6528 12853 11012] [] 1716284809.6501629353
[-1 -1  1 -1 -1 -1 -1 -1  1 -1 -1  1 -1 -1 -1 -1 -1 -1 -1 -1 -1 -1 -1  1
 -1 -1 -1 -1 -1  1 -1 -1  1] [ 1  2  3  4 10 11 12 18 19 20 21 23 26 27 28 29 33 34 35 36 37 41 42 43
 44 45 46 50 51 52 53 54 61] [16096 14035  2217  9624  3671  2439  4968  3045  3967  3267  9933 14301
  2959  4491  4577  4977 12531  2746  5359  3114 11588  8399  3020 15423
  3948  6113  8420  9617  8619 14636  8096 14508  9224] [] 1716284809.6932122707
[ 1  1  1 -1 -1 -1 -1 -1 -1  1 -1 -1 -1 -1 -1 -1 -1 -1 -1 -1 -1 -1  1 -1
  1 -1  1 -1 -1 -1] [ 1  3  4 10 11 12 18 19 20 21 23 26 27 28 29 33 34 35 36 37 41 42 43 44
 45 46 50 51 53 61] [15983  2216  9577  3735  2457  5539  3119  4008  3378  9925 14335  2989
  4531  4747  5494 15575  2815  5422  3352 11659  9063  3160 15218  4006
  5983 10915  9552 10586  8110 13703] [] 1716284809.7361769676
[-1 -1 -1 -1 -1 -1 -1 -1 -1  1  1 -1  1 -1  1 -1 -1 -1 -1 -1 -1 -1 -1 -1
 -1 -1  1 -1] [ 1  3  4 10 11 12 18 19 20 21 23 26 27 28 29 34 35 36 37 41 42 43 44 45
 46 50 51 53] [16063  2269  9596  3967  2478  6449  3455  4131  3910  9895 14121  3157
  4516  5184  5493  2936  5590  3579 12853  9072  3238 15407  4284  6096
 11376  9561 10570  8173] [] 1716284809.7791485786
[-1 -1  1 -1 -1 -1 -1 -1 -1 -1 -1 -1 -1 -1 -1 -1 -1 -1  1 -1 -1  1  1  1
 -1  1  1] [ 1  3  4 10 11 12 18 19 20 21 23 26 27 28 29 34 35 36 37 41 42 43 44 45
 50 51 53] [16096  2311  9577  4315  2554  6926  3719  4153  4279  9920 14185  3167
  4930  5526  5665  3011  5883  3694 12442  9074  3328 15263  4266  5974
  9597 10554  8147] [] 1716284809.8221430779
[ 1 -1 -1 -1 -1 -1 -1 -1 -1 -1 -1 -1 -1 -1 -1 -1 -1 -1 -1 -1 -1 -1 -1 -1
 -1 -1] [ 1  3  4 10 11 12 18 19 20 21 23 26 27 28 29 34 35 36 37 41 42 44 45 50
 51 53] [15831  2419  9683  4661  2605  7087  3877  4203  4446 10012 14268  3235
  5280  6524  5732  3115  6335  4073 12729  9379  3534  4430  6159  9611
 15289  8443] [] 1716284809.8651893139
[ 1 -1 -1 -1 -1 -1 -1 -1 -1  1 -1 -1 -1 -1 -1 -1 -1 -1 -1 -1 -1 -1 -1 -1
 -1] [ 1  3  4 10 11 12 18 19 20 21 23 26 27 28 29 34 35 36 37 41 42 44 45 50
 53] [15660  2534  9704  5259  2705  8322  4070  4286  5079  9947 14447  3349
  5403  8795  6452  3365  8393  4251 12875 12736  3569  4703  6387  9653
  8724] [] 1716284809.9082386494
[-1 -1  1 -1 -1 -1 -1 -1 -1 -1  1 -1 -1 -1 -1 -1  1 -1 -1 -1 -1 -1 -1 -1
 -1] [ 1  3  4 10 11 12 18 19 20 21 23 26 27 28 29 34 35 36 37 41 42 44 45 50
 53] [15788  2815  9675  6224  2923  9489  4603  4501  5438  9960 13932  3460
  5440  9242  7202  3646  7677  4634 13309 12877  3764  5348  6501  9833
 11294] [] 1716284809.9511752129
[ 1 -1 -1 -1 -1 -1 -1 -1 -1 -1 -1 -1 -1 -1 -1 -1 -1 -1  1 -1 -1 -1  1  1] [ 1  3  4 10 11 12 18 19 20 21 23 26 27 28 29 34 35 36 37 41 42 44 45 50] [15564  2998  9772  7035  3079 10044  4628  4575  6657 10060 14240  3597
  5521 10449  7367  3913  8641  5021 13247 12887  4320  6184  6335  9784] [] 1716284809.9941620827
[-1 -1 -1 -1 -1 -1 -1  1 -1 -1 -1 -1 -1 -1 -1 -1 -1 -1 -1 -1 -1 -1] [ 1  3  4 10 11 12 18 19 20 21 26 27 28 29 34 35 36 41 42 44 45 50] [16380  3533 10514  7610  3292 10317  5024  4522  7192 10061  3973  5558
 10490  7462  4353  9680  5398 13075  4677  6799  6719 10069] [] 1716284810.0371570587
[-1 -1 -1 -1 -1 -1 -1 -1  1 -1 -1 -1 -1 -1 -1 -1 -1 -1 -1 -1 -1] [ 3  4 10 11 12 18 19 20 21 26 27 28 29 34 35 36 41 42 44 45 50] [ 4291 11214  8349  3967 11620  5567  4826  7437  9985  4342  5736 10563
  7723  5006  9720  6002 13135  5240  7756  7203 10347] [] 1716284810.0801727772
[-1 -1 -1 -1 -1 -1 -1 -1 -1 -1 -1 -1 -1 -1 -1 -1 -1 -1] [ 3 10 11 12 18 19 20 21 26 27 28 29 34 35 36 42 44 45] [ 4515  8573  4326 12749  6004  5245  7737 10164  4725  5843 10749  7928
  5682  9965  6767  8118 10808 10557] [] 1716284810.1231200695
[-1 -1 -1 -1 -1 -1 -1 -1 -1 -1  1 -1 -1 -1 -1 -1 -1] [ 3 10 11 12 18 19 20 21 26 27 28 29 34 35 36 42 44] [ 4823 10565  5665 14930  7975  6139  9549 10501  7663  6600 10687  8079
  6396 14326  9962  9294 12433] [] 1716284810.1661813259
[-1 -1 -1 -1 -1 -1 -1 -1 -1 -1 -1 -1 -1 -1 -1 -1] [ 2  3 11 18 19 20 21 26 27 28 29 34 35 36 42 44] [15589  4873  8004 11717  7334  9788 11026 10401  6806 11023  8219  7739
 15753 14119  9657 13105] [] 1716284810.2092187405
[ 1 -1 -1 -1 -1 -1 -1  1  1 -1 -1  1 -1 -1] [ 2  3 11 19 20 26 27 28 29 34 35 36 42 44] [15581  6461  8251  9220 12781 10619  8873 11005  8185  8524 15979 13292
  9793 14409] [] 1716284810.2521636486
[-1  1 -1 -1  1 -1  1 -1 -1 -1 -1  1  1] [ 2  3 11 19 20 26 27 28 29 34 36 42 44] [15976  5397  8945  9291 12194 10653  8831 11108 11612 11662 13845  9792
 13781] [] 1716284810.2951023579
[ 1 -1 -1 -1  1 -1 -1 -1 -1 -1  1  1] [ 2  3 11 19 20 26 27 28 29 34 36 42] [13318  5792  9122  9414 12131 10797  8893 11191 11992 14741 13704  9693] [] 1716284810.3381140232
[-1 -1 -1  1 -1 -1 -1 -1 -1 -1] [ 2  3 11 19 20 26 27 28 36 42] [13764  6406  9217  9399 12258 10923  8961 11199 14580  9854] [] 1716284810.3811171055
[-1 -1 -1 -1 -1 -1 -1 -1 -1 -1] [ 2  3 11 19 20 26 27 28 36 42] [15626  8676  9239  9501 12274 11194  9103 11345 14607  9899] [] 1716284810.4241423607
[-1 -1 -1 -1 -1 -1  1 -1] [ 3 11 19 20 26 27 28 42] [ 8822  9369  9648 12390 11455  9158 11278 10289] [] 1716284810.4671235085
[ 1  1  1 -1 -1 -1] [11 19 20 27 28 42] [ 9114  9599 12376 12512 11488 11263] [] 1716284810.5101542473
[-1  1 -1 -1 -1 -1 -1] [11 19 20 26 27 28 42] [ 9607  8274 12954 11945 13062 11555 15298] [] 1716284810.5530893803
[ 1 -1 -1  1  1] [11 19 20 27 28] [ 9568  8359 14288 12489 11469] [] 1716284810.5960750580
[-1 -1 -1  1] [11 19 20 28] [ 9579 11101 15514 11267] [] 1716284810.6391386986
[1 1 1] [11 20 28] [ 9366 15073 11233] [] 1716284810.6820158958
[-1 -1] [11 28] [10016 11668] [] 1716284810.7250552177
[1] [28] [11458] [] 1716284810.7680838108
2 2 2 1716284810.8674888611
