FA TAX ADC PRES TS
[1] [11] [8708] [] 1716284772.5512447357
[ 1 -1 -1] [11 42 44] [ 8681 13149 13307] [] 1716284772.5942220688
[-1 -1  1  1] [11 28 42 44] [ 9167 12293 12989 13122] [] 1716284772.6372685432
[-1  1 -1 -1] [11 28 42 44] [ 9236 11829 13239 13504] [] 1716284772.6802167892
[-1 -1 -1 -1  1  1] [11 19 26 28 42 44] [ 9615 10439 12091 12078 12020 13209] [] 1716284772.7232143879
[1 1 1 1 1 1] [11 19 26 28 42 44] [ 9311 10011 11560 11449 11235 13006] [] 1716284772.7662186623
[ 1  1  1 -1  1  1] [11 19 26 28 42 44] [ 9186  9797 11284 11619 10470 12981] [] 1716284772.8092625141
[1 1 1 1 1 1] [11 19 26 28 42 44] [ 9005  9671 11055 11472  9205 12831] [] 1716284772.8523437977
[-1 -1 -1  1 -1  1  1 -1] [ 3 11 19 26 27 28 42 44] [ 8190  9066  9883 10995 13095 11280  7475 12848] [] 1716284772.8952734470
[ 1  1  1  1  1 -1  1 -1] [ 3 11 19 26 27 28 42 44] [ 7986  8993  9795 10842 12797 11403  7200 13016] [] 1716284772.9382700920
[-1  1  1  1  1 -1  1  1] [ 3 11 19 26 27 28 42 44] [ 8023  8912  9717  9811 12786 11413  6558 12987] [] 1716284772.9813134670
[ 1 -1  1 -1  1  1  1 -1 -1  1  1] [ 3 11 19 20 26 27 28 35 36 42 44] [ 6290  8918  8351 16371  9011 12780 11369 16034 13331  6067 12967] [] 1716284773.0243346691
[-1  1 -1  1  1 -1 -1  1 -1  1  1  1  1 -1] [ 2  3 11 19 20 26 27 28 34 35 36 42 44 45] [10938  6166  8973  7811 16197  9129 12859 11277 12443 15749 13261  5620
  9934 12173] [] 1716284773.0672473907
[ 1  1  1  1  1 -1  1  1  1 -1  1  1 -1] [ 2  3 11 19 26 27 28 34 35 36 42 44 45] [10855  5943  8908  7257  8831 12889 11227 12167 15631 13335  5254  9823
 12410] [] 1716284773.1103324890
[-1  1  1  1 -1  1  1 -1  1  1  1  1  1  1] [ 2  3 11 19 20 26 27 28 34 35 36 42 44 45] [10875  4978  8874  7091 15676  8735 12823 11299 10278 15561 10106  4940
  9007 10780] [] 1716284773.1533133984
[-1  1 -1 -1  1 -1  1  1 -1  1 -1  1  1  1  1] [ 2  3 11 18 19 20 26 27 28 34 35 36 42 44 45] [10914  4630  8934 11673  6494 15883  6565 12809 11958  9666 16087  7794
  4847  8558  9133] [] 1716284773.1962354183
[ 1  1  1  1  1  1 -1  1 -1 -1  1  1  1  1  1  1] [ 2  3 11 18 19 20 21 26 27 28 34 35 36 42 44 45] [10887  4222  8858 11354  6178 13760 14275  5952 13013 11971  9453 15865
  6844  4732  8214  8807] [] 1716284773.2392652035
[ 1  1  1  1  1  1  1  1 -1  1  1  1  1  1  1  1] [ 2  3 11 18 19 20 21 26 27 28 34 35 36 42 44 45] [10807  3891  8853 11117  5856 11769 12124  5684 13021 11898  9351 14875
  6429  4421  7607  8435] [] 1716284773.2822761536
[-1  1  1  1  1  1  1  1  1  1 -1 -1  1  1  1  1  1] [ 2  3 11 18 19 20 21 26 27 28 29 34 35 36 42 44 45] [10830  3565  8787 10908  5400 11288 11770  5001 12470 11650 12510  9357
 14459  5661  4290  7179  8209] [] 1716284773.3252732754
[ 1  1  1 -1  1  1  1  1  1  1  1  1 -1  1  1  1  1] [ 2  3 11 18 19 20 21 26 27 28 29 34 35 36 42 44 45] [10797  3517  7088 10918  5288 11089 11558  4807 12440 11476 11949  8285
 14478  5467  3896  6991  7922] [] 1716284773.3683083057
[ 1  1  1  1  1  1  1  1  1  1  1  1  1  1 -1  1 -1 -1 -1] [ 2  3 11 18 19 20 21 26 27 28 29 34 35 36 42 44 45 50 53] [10749  3309  7034  9546  5112 10805 11040  4425 10108 11261 11701  8053
 14256  4896  3994  6653  7944 10221 15027] [] 1716284773.4113371372
[-1  1  1  1  1  1  1  1  1 -1  1  1  1  1  1  1 -1  1  1] [ 2  3 11 18 19 20 21 26 27 28 29 34 35 36 42 44 45 50 53] [10764  3219  6730  9346  4978 10545 10810  4225  9897 11278 11533  7969
 13728  4614  3890  6177  8007 10009 13145] [] 1716284773.4543578625
[ 1  1 -1  1  1  1  1  1  1  1  1  1  1  1  1  1  1 -1  1  1] [ 2  3 10 11 18 19 20 21 26 27 28 29 34 35 36 42 44 45 50 53] [10238  3015 14584  5707  7329  4760 10210 10732  4113  7133 11202 11088
  7853 13483  4382  3553  5348  8130  9727 10840] [] 1716284773.4972944260
[-1  1  1  1  1  1  1  1  1  1  1  1  1  1  1  1  1  1  1  1] [ 2  3 10 11 18 19 20 21 26 27 28 29 34 35 36 42 44 45 50 53] [10376  2790 13412  4879  6713  4595  9794 10648  3947  6516 10963 11000
  7737 13158  4203  3501  4706  7949  9617 10308] [] 1716284773.5401971340
[ 1  1  1  1  1  1  1  1  1  1 -1  1 -1  1  1 -1  1  1 -1  1 -1  1] [ 2  3 10 11 18 19 20 21 26 27 28 29 34 35 36 37 42 44 45 50 52 53] [ 9979  2673 11688  4425  6041  4455  8317 10502  3801  6285 11103 10829
  7772 12725  3967 16368  3292  4315  8015  9486 15491  9523] [] 1716284773.5833041668
[ 1  1  1  1  1  1  1 -1  1  1  1  1  1  1  1  1  1  1 -1  1  1  1] [ 2  3 10 11 18 19 20 21 26 27 28 29 34 35 36 37 42 44 45 50 52 53] [ 8954  2586 11563  4023  5879  4284  8109 10542  3672  6161 10903 10738
  7665 12621  3843 15412  3164  4181  8173  9422 14381  9069] [] 1716284773.6264040470
[ 1  1  1  1  1  1  1  1  1  1 -1  1 -1  1  1  1  1  1  1  1  1  1] [ 2  3 10 11 18 19 20 21 26 27 28 29 34 35 36 37 42 44 45 50 52 53] [ 8647  2534 11439  3821  5721  4167  6857 10505  3567  6114 10913 10677
  7727 12413  3731 15150  3071  4033  8031  9405 12013  6863] [] 1716284773.6692960262
[ 1  1  1  1  1  1  1  1  1  1 -1 -1 -1  1  1  1  1  1  1  1  1  1] [ 2  3 10 11 18 19 20 21 26 27 28 29 34 35 36 37 42 44 45 50 52 53] [ 8295  2465 11345  3517  5206  3981  6205 10481  3433  6027 10979 10717
  7799 11645  3562 15149  2910  3990  6837  9333 10986  6650] [] 1716284773.7122399807
[ 1  1  1  1  1  1  1 -1  1  1 -1  1  1  1  1  1  1  1 -1 -1 -1  1  1] [ 2  3 10 11 18 19 20 21 26 27 28 29 34 35 36 37 42 44 45 50 51 52 53] [ 7912  2405 10828  3366  5094  3787  6020 10496  3255  5829 11055 10660
  7789 10689  3450 11746  2890  3887  8317  9368 12196 10520  6530] [] 1716284773.7553553581
[ 1  1 -1  1  1  1  1  1  1  1  1 -1  1  1  1  1  1  1  1  1  1  1 -1  1] [ 2  3  4 10 11 18 19 20 21 26 27 28 29 34 35 36 37 42 44 45 50 51 52 53] [ 7549  2397 13682 10348  3289  5019  3681  5790 10496  3154  5723 11065
 10432  7383 10315  3355 10638  2834  3777  7599  9367 11866 10626  6449] [] 1716284773.7983045578
[ 1  1  1  1  1  1  1  1 -1  1  1  1  1  1 -1  1  1  1 -1  1  1  1  1  1
  1] [ 2  3  4 10 11 18 19 20 21 26 27 28 29 34 35 36 37 42 43 44 45 50 51 52
 53] [ 7347  2358 13215  9815  3081  4743  3642  5518 10594  3125  5637 10911
  8785  7271 10541  3227 10029  2802 12603  3754  6867  9342 11801 10444
  6276] [] 1716284773.8412981033
[ 1  1  1  1  1  1  1  1 -1  1  1  1 -1  1  1  1  1 -1 -1  1  1  1 -1  1
  1  1] [ 2  3  4 10 11 18 19 20 21 26 27 28 29 34 35 36 37 41 42 43 44 45 50 51
 52 53] [ 6768  2334 11676  9423  2942  4232  3603  5224 10650  2960  5433  9431
  8816  6511  9369  3167  9906 13148  2816 10652  3602  6493  9518  9348
 10286  6060] [] 1716284773.8843584061
[ 1  1  1  1  1  1  1  1  1  1  1  1 -1  1 -1  1  1 -1  1  1 -1  1 -1 -1
  1  1  1] [ 2  3  4 10 11 18 19 20 21 26 27 28 29 34 35 36 37 38 41 42 43 44 45 50
 51 52 53] [ 6176  2289 11165  8326  2803  4197  3398  4709 10375  2844  5358  9034
  8821  5703  9934  2939  9859 13547 12849  2756 10701  3522  6730  9559
  8944 10079  6032] [] 1716284773.9274084568
[ 1  1 -1  1  1  1  1  1  1  1  1  1 -1  1  1  1 -1  1  1  1  1  1  1  1
  1  1  1 -1] [ 2  3  4 10 11 18 19 20 21 26 27 28 29 34 35 36 37 38 41 42 43 44 45 50
 51 52 53 54] [ 6047  2243 11455  8138  2751  4133  3266  4338 10306  2785  5204  8845
  9018  4978  9209  2843 10079 12912 12794  2704  9979  3422  6629  8909
  8751  9793  5966 12557] [] 1716284773.9703998566
[ 1 -1  1  1  1 -1  1  1  1 -1  1  1  1  1  1  1  1  1  1  1  1  1  1 -1
 -1  1  1  1 -1  1] [ 2  3  4 10 11 12 18 19 20 21 26 27 28 29 34 35 36 37 38 41 42 43 44 45
 46 50 51 52 53 54] [ 5643  2250 10875  7706  2621 15497  4119  3202  4041 10349  2751  5046
  8315  8807  4425  7817  2729  8917 10688 12625  2632  9821  3360  6937
 11991  8748  8617  9649  6330 12416] [] 1716284774.0133149624
[ 1  1  1  1  1  1  1  1  1  1  1  1  1 -1  1  1  1 -1  1  1  1 -1  1  1
  1 -1  1  1  1  1 -1 -1] [ 2  3  4 10 11 12 18 19 20 21 26 27 28 29 34 35 36 37 38 41 42 43 44 45
 46 47 50 51 52 53 54 61] [ 5153  2207 10398  7414  2525 14918  3937  3109  3865 10290  2655  4811
  8109  8813  3977  7511  2638  9337 10346 12453  2532 10324  3357  6703
 11157 13356  8711  8423  8833  5845 12436 11046] [] 1716284774.0564126968
[ 1  1  1  1  1  1  1  1  1  1  1  1  1 -1  1  1  1  1 -1  1  1  1 -1  1
  1  1  1  1 -1 -1  1  1] [ 2  3  4 10 11 12 18 19 20 21 26 27 28 29 34 35 36 37 38 41 42 43 44 45
 46 47 50 51 52 53 54 61] [ 4833  2129 10302  7356  2467 14686  3807  3087  3794 10257  2603  4680
  7759  9000  3738  6824  2609  9081 10474 12439  2527 10078  3360  6622
  8941 12069  8430  8386  8869  6186  9904  9752] [] 1716284774.0993659496
[ 1 -1  1  1  1  1 -1  1  1  1 -1 -1  1  1  1  1  1  1  1  1  1  1  1  1
 -1  1  1 -1  1  1  1 -1 -1  1] [ 2  3  4 10 11 12 18 19 20 21 23 26 27 28 29 34 35 36 37 38 41 42 43 44
 45 46 47 50 51 52 53 54 60 61] [ 4808  2143 10162  7302  2431 14256  3811  3045  3630 10254 16285  2607
  4540  7716  8895  3520  6557  2530  8105  9039  9741  2464  9034  3322
  6667  8760 11084  8580  8299  8502  5884 10200 10310  8957] [] 1716284774.1422815323
[ 1  1  1  1  1  1  1  1  1  1  1  1  1  1  1  1  1  1  1  1  1  1  1  1
  1 -1  1  1  1  1 -1  1  1  1] [ 2  3  4 10 11 12 18 19 20 21 23 26 27 28 29 34 35 36 37 38 41 42 43 44
 45 46 47 50 51 52 53 54 60 61] [ 4496  2075  9939  6759  2362 14136  3604  2943  3549 10192 14395  2535
  4477  7432  8834  3347  6402  2480  7303  8995  9708  2460  8805  3300
  6187  8800 10943  8458  8262  8471  5966  9054  9787  8085] [] 1716284774.1852335930
[ 1  1  1  1 -1  1 -1  1  1  1 -1  1  1  1  1  1  1  1  1 -1  1  1  1  1
  1  1  1  1 -1 -1  1 -1  1  1] [ 2  3  4 10 11 12 18 19 20 21 23 26 27 28 29 34 35 36 37 38 41 42 43 44
 45 46 47 50 51 52 53 54 60 61] [ 4402  2072  9884  6597  2367 13797  3647  2927  3472 10169 14479  2527
  4437  7402  8810  3271  6352  2466  6863  9018  9645  2450  8120  3232
  6070  8709 10461  8406  8276  8502  5917  9302  9515  7718] [] 1716284774.2282195091
[ 1  1  1  1  1  1  1  1 -1 -1 -1 -1 -1  1  1  1 -1  1  1  1 -1  1  1  1
  1 -1  1 -1  1 -1  1  1  1 -1] [ 2  3  4 10 11 12 18 19 20 21 23 26 27 28 29 34 35 36 37 38 41 42 43 44
 45 46 47 50 51 52 53 54 60 61] [ 4376  2059  9866  6503  2347 13720  3599  2908  3487 10194 14487  2557
  4449  7396  8684  3241  6361  2458  6278  8951  9655  2440  7958  3188
  5918  8711 10457  8409  8265  8561  5819  9140  9370  7748] [] 1716284774.2712173462
[ 1  1 -1  1  1 -1  1 -1  1 -1  1  1  1  1  1  1 -1 -1  1 -1 -1  1 -1 -1
 -1 -1  1  1  1  1 -1  1 -1 -1] [ 2  3  4 10 11 12 18 19 20 21 23 26 27 28 29 34 35 36 37 38 41 42 43 44
 45 46 47 50 51 52 53 54 60 61] [ 4352  2053  9891  6466  2342 13843  3591  2912  3434 10294 14458  2503
  4387  7334  8664  3224  6411  2493  6207 10239 12325  2418  8047  3244
  6307  8713 10247  8330  8235  8317  6066  9074 10826  7779] [] 1716284774.3142755032
[-1  1  1  1  1  1 -1  1 -1  1 -1  1 -1  1 -1  1  1  1 -1  1 -1 -1 -1 -1
 -1 -1 -1  1  1  1  1 -1  1] [ 2  3  4 10 11 12 18 19 20 21 23 26 27 28 29 34 35 36 37 38 41 42 43 44
 45 46 47 50 51 52 53 54 61] [ 4372  2045  9878  6362  2338 13795  3607  2909  3439 10256 14547  2491
  4414  7269  8702  3224  6344  2455  6227 10157 12381  2434  9833  3328
  6423 10895 12404  8298  8161  8230  5826 12624  7744] [] 1716284774.3572850227
[-1 -1 -1 -1 -1 -1  1 -1 -1  1  1 -1  1 -1  1 -1  1 -1 -1 -1 -1 -1 -1 -1
  1 -1 -1 -1 -1 -1  1 -1] [ 2  3  4 10 11 12 18 19 20 21 23 26 27 28 29 34 35 36 37 38 41 42 43 44
 45 46 50 51 52 53 54 61] [ 4496  2075  9918  6548  2375 14160  3497  2987  3492 10218 14277  2511
  4400  7311  8584  3358  6329  2509  7277 10177 12446  2496  9882  3342
  6355 11452  8328  8300  8692  5972 12578  9301] [] 1716284774.4001829624
[-1 -1 -1 -1 -1 -1 -1  1 -1  1  1 -1 -1 -1  1 -1 -1 -1 -1 -1  1 -1 -1 -1
  1 -1 -1 -1 -1 -1] [ 2  3  4 10 11 12 18 19 20 21 23 26 27 28 29 34 35 36 37 38 41 42 43 44
 45 50 51 52 53 54] [ 4576  2099  9973  6608  2404 14458  3729  2963  3522 10172 14207  2551
  4435  7417  8557  3674  6469  2546  7873 10403 12439  2560  9939  3400
  6222  8492  8455  9415  6047 12712] [] 1716284774.4431843758
[-1 -1  1 -1 -1  1 -1 -1 -1  1  1 -1 -1 -1 -1 -1  1 -1 -1 -1 -1 -1 -1 -1
 -1 -1 -1 -1] [ 2  3  4 10 11 12 18 19 20 21 23 26 27 28 29 34 35 36 37 41 42 43 44 45
 50 51 52 53] [ 4808  2145  9967  6701  2511 14281  3854  3033  3725 10148 14165  2643
  4498  7629  8652  4088  6423  2596  8075 12488  2624 10073  3456  6399
  9487  8642  9657  6088] [] 1716284774.4861643314
[-1 -1 -1 -1 -1 -1 -1 -1 -1  1 -1 -1 -1 -1  1 -1 -1 -1 -1 -1 -1 -1 -1 -1
  1 -1 -1 -1] [ 2  3  4 10 11 12 18 19 20 21 23 26 27 28 29 34 35 36 37 41 42 43 44 45
 50 51 52 53] [ 5002  2194 10099  6888  2607 14698  4036  3110  3872 10089 14583  2723
  4522  8038  8613  4366  6591  2649  8179 12701  2666 10094  3536  6577
  9466 11689 10137  6100] [] 1716284774.5291862488
[-1 -1 -1 -1 -1 -1 -1 -1 -1  1 -1 -1 -1 -1 -1 -1 -1 -1  1 -1 -1 -1 -1 -1
 -1 -1 -1 -1] [ 2  3  4 10 11 12 18 19 20 21 23 26 27 28 29 34 35 36 37 41 42 43 44 45
 50 51 52 53] [ 5402  2210 10194  7220  2708 16004  4074  3259  4404  9953 14783  2735
  4712  8553  8629  4790  6972  2764  8161 12757  2720 10255  3616  6607
  9540 11747 10217  6226] [] 1716284774.5721600056
[-1 -1 -1 -1 -1 -1 -1 -1  1 -1 -1 -1 -1  1 -1 -1 -1 -1 -1 -1 -1 -1  1 -1
 -1 -1] [ 2  3  4 10 11 18 19 20 21 23 26 27 28 29 34 35 36 37 42 43 44 45 50 51
 52 53] [ 5962  2262 10413  7405  2854  4373  3355  4786  9922 16311  2811  4795
  9173  8597  5301  7270  2887  9632  2721 10615  3780  6954  9459 13889
 11264  6421] [] 1716284774.6151618958
[-1 -1 -1 -1 -1 -1 -1 -1 -1 -1 -1 -1 -1 -1 -1 -1  1  1 -1 -1  1  1 -1 -1] [ 2  3  4 10 11 18 19 20 21 26 27 28 29 34 35 36 37 42 43 44 45 50 52 53] [ 6261  2310 10481  7646  2927  4790  3401  5079 10000  2879  4929 10873
  8669  5726  7617  3041  9418  2720 16245  3882  6703  9297 11876  6545] [] 1716284774.6581506729
[-1 -1 -1 -1 -1 -1 -1 -1 -1 -1 -1 -1 -1 -1 -1 -1 -1 -1  1  1 -1 -1 -1 -1] [ 2  3  4 10 11 18 19 20 21 26 27 28 29 34 35 36 37 42 43 44 45 50 52 53] [ 6950  2346 10839  8033  3167  4907  3503  5945 10029  3039  5050 10969
  8794  7328  8024  3142 10378  2858 15432  3837  8136  9454 13963  7686] [] 1716284774.7011809349
[-1 -1 -1 -1 -1 -1 -1 -1 -1 -1 -1  1 -1  1 -1 -1 -1 -1 -1 -1  1 -1 -1] [ 2  3  4 10 11 18 19 20 21 26 27 28 29 34 35 36 37 42 43 44 45 50 53] [ 7038  2399 11574  8364  3204  4959  3619  6393 10048  3199  5169 10904
 10485  7322  8581  3333 10992  3084 16243  4061  7623  9583 10337] [] 1716284774.7441358566
[-1 -1 -1 -1 -1 -1 -1 -1 -1 -1 -1 -1 -1 -1 -1 -1 -1 -1 -1 -1 -1 -1] [ 2  3  4 10 11 18 19 20 21 26 27 28 29 34 35 36 37 42 44 45 50 53] [ 8322  2469 16151 11260  3437  4997  3758  9037 10083  3366  5445 11001
 10685  7510  8794  3540 14847  3215  4287  7813  9731 11696] [] 1716284774.7871420383
[-1 -1 -1 -1 -1 -1 -1 -1 -1 -1  1  1 -1 -1 -1 -1 -1 -1 -1] [ 2  3 10 11 18 19 20 21 26 27 28 29 34 35 36 42 44 45 50] [ 9318  2523 11836  3977  5423  3846  9069 10133  3531  5525 10929 10679
  7541  9085  3722  3366  4706  8472  9827] [] 1716284774.8301339149
[-1 -1 -1 -1 -1 -1  1 -1 -1 -1 -1 -1 -1 -1 -1 -1 -1  1] [ 2  3 10 11 18 19 20 21 26 27 28 29 34 35 36 42 44 45] [ 9515  2584 12128  4922  6574  4022  8887 10349  3622  5617 11018 11149
  7650  9848  3951  3398  5674  8419] [] 1716284774.8731346130
[-1 -1  1 -1 -1 -1 -1 -1 -1 -1 -1 -1 -1  1 -1 -1 -1 -1] [ 2  3 10 11 18 19 20 21 26 27 28 29 34 35 36 42 44 45] [ 9771  2791 11994  6273  7780  4210  9509 10372  3768  5744 11077 11190
  7735  9805  4465  3722  6620 12051] [] 1716284774.9161262512
[-1 -1 -1 -1 -1 -1 -1 -1 -1 -1  1 -1 -1 -1 -1 -1 -1  1] [ 2  3 10 11 18 19 20 21 26 27 28 29 34 35 36 42 44 45] [10515  3019 13351  6385 10401  4373  9802 10567  4133  7035 10941 11497
  7897 12970  5084  3890  7105 10777] [] 1716284774.9591453075
[-1 -1 -1 -1 -1 -1 -1 -1 -1 -1 -1 -1  1  1 -1 -1 -1 -1] [ 2  3 10 11 18 19 20 21 26 27 28 29 34 35 36 42 44 45] [10964  3348 13421  8605 10621  4490  9941 10571  4485  7135 11038 11618
  7871 12891  5530  4182  7426 12179] [] 1716284775.0021204948
[-1 -1 -1 -1 -1 -1 -1 -1 -1 -1  1 -1 -1 -1 -1 -1 -1] [ 2  3 10 11 18 19 20 21 26 27 28 29 34 35 36 42 44] [11130  3826 13597  8695 10966  5018 10854 10738  5901  8484 10764 12108
  8965 14204  7563  4871 10097] [] 1716284775.0451233387
[ 1 -1 -1 -1 -1 -1 -1 -1 -1 -1 -1 -1 -1 -1 -1] [ 2  3 11 18 19 20 21 26 27 28 34 35 36 42 44] [11083  4023  8792 11974  5419 14361 10763  6959  8507 10842  9043 15177
 10092  5610 12708] [] 1716284775.0880987644
[-1 -1 -1 -1 -1 -1 -1 -1 -1 -1 -1 -1  1] [ 2  3 11 19 20 21 26 27 28 34 36 42 44] [11221  4692  8807  5905 14702 11204  8443  9181 10851  9278 13259  5922
 12480] [] 1716284775.1311528683
[ 1 -1 -1 -1 -1 -1  1 -1 -1 -1] [ 3 11 19 20 26 27 28 34 42 44] [ 4609  8901  6337 15698  8658  9247 10776  9500  6222 12578] [] 1716284775.1741378307
[-1  1 -1  1 -1 -1 -1 -1 -1  1] [ 3 11 19 20 26 27 28 34 42 44] [ 4869  8877  7022 15244  8949  9373 10938 11033  7771 12543] [] 1716284775.2170879841
[-1 -1 -1 -1  1 -1 -1 -1] [ 3 11 19 26 27 28 42 44] [ 7323  8965  9484  9105  9366 10990  9466 12590] [] 1716284775.2600491047
[-1 -1 -1 -1 -1 -1 -1 -1] [ 3 11 19 26 27 28 42 44] [ 7971  9085  9919 10046  9434 11177 12695 13143] [] 1716284775.3030979633
[-1 -1 -1 -1 -1 -1 -1] [ 3 11 19 26 28 42 44] [14471  9610 10390 11633 11532 13527 13315] [] 1716284775.3460707664
[ 1  1  1 -1  1] [11 19 28 42 44] [ 9332 10261 11501 13597 13315] [] 1716284775.3890476227
[-1 -1 -1 -1] [11 19 28 44] [ 9385 10429 11938 14365] [] 1716284775.4320600033
[ 1 -1 -1] [11 19 28] [ 9299 10546 12008] [] 1716284775.4750134945
[-1 -1 -1] [11 19 28] [ 9592 10768 12814] [] 1716284775.5180542469
[1] [11] [8896] [] 1716284775.5610189438
[1] [11] [8858] [] 1716284775.6039969921
[-1] [11] [9029] [] 1716284775.6470196247
[-1] [11] [10332] [] 1716284775.6901655197
2 2 2 1716284775.6904270649
