FA TAX ADC PRES TS
[-1 -1 -1  1] [11 19 27 28] [ 9966 10490 12098 12036] [] 1716285032.1548531055
[ 1  1  1 -1] [11 19 27 28] [ 9802 10478 11957 12057] [] 1716285032.1979372501
[-1 -1  1  1] [11 19 27 28] [ 9865 10491 11927 11927] [] 1716285032.2409131527
[1 1 1 1] [11 19 27 28] [ 9832 10424 11839 11863] [] 1716285032.2839355469
[1 1 1 1] [11 19 27 28] [ 9815 10311 11754 11706] [] 1716285032.3269009590
[1 1 1 1] [11 19 27 28] [ 9673  9424 11571 11660] [] 1716285032.3699157238
[1 1 1 1] [11 19 27 28] [ 9571  7566  9870 11571] [] 1716285032.4128854275
[ 1  1 -1  1  1] [11 19 26 27 28] [ 9411  6273 11609  9362 11430] [] 1716285032.4559195042
[ 1  1  1 -1 -1] [11 19 26 27 28] [ 9345  5920 11498  9386 11434] [] 1716285032.4989061356
[ 1  1  1  1  1 -1] [11 19 26 27 28 42] [ 9319  5593 11319  9264 11400 12681] [] 1716285032.5419423580
[-1  1  1 -1  1  1  1  1] [ 3 11 19 20 26 27 28 42] [10500  9234  5426 15876 11122  9059 11207 12064] [] 1716285032.5850150585
[ 1  1  1  1  1  1 -1  1] [ 3 11 19 20 26 27 28 42] [ 9637  9117  5178 15160 10925  8076 11254 11855] [] 1716285032.6277515888
[ 1 -1 -1 -1  1  1 -1 -1 -1 -1  1 -1] [ 3 11 18 19 20 26 27 28 29 35 42 44] [ 8436  9316 11488  5328 14309  9668  8202 11502 12336 16106 11658 13302] [] 1716285032.6707456112
[ 1  1  1  1  1  1  1 -1  1  1  1  1] [ 3 11 18 19 20 26 27 28 29 35 42 44] [ 6019  9298 10965  5032 13292  9111  8083 11506 11675 15875 11054 12964] [] 1716285032.7137248516
[ 1 -1  1  1  1  1  1  1  1  1 -1  1  1] [ 3 10 11 18 19 20 26 27 28 29 35 42 44] [ 5914 14677  9244 10874  4799 10369  8868  7842 11090 11500 15911 10460
 12005] [] 1716285032.7567167282
[ 1  1  1  1  1  1 -1  1  1 -1  1 -1 -1  1  1] [ 3 10 11 18 19 20 21 26 27 28 29 34 35 42 44] [ 5710 13696  9192 10772  4712  9947 13653  8746  7210 11106 11447 12562
 16008  9651 10722] [] 1716285032.7997548580
[1 1 1 1 1 1 1 1 1 1 1 1 1 1 1] [ 3 10 11 18 19 20 21 26 27 28 29 34 35 42 44] [ 5582 13244  9129  8304  4598  9614 12853  8532  7027 10992 11326 12323
 15573  8526  5983] [] 1716285032.8427593708
[ 1  1 -1  1  1  1  1  1  1 -1  1  1  1  1  1] [ 3 10 11 18 19 20 21 26 27 28 29 34 35 42 44] [ 5444 12984  9148  7236  4365  9183 11267  8407  6765 11291 11139  9815
 14572  8455  5024] [] 1716285032.8857789040
[ 1  1  1 -1  1  1  1  1  1 -1 -1  1  1  1 -1  1  1] [ 3 10 11 12 18 19 20 21 26 27 28 29 34 35 36 42 44] [ 5279 12669  8973 14966  7090  4300  9130 11047  8378  6904 11465 10999
  9391 11689 14407  7410  4486] [] 1716285032.9287483692
[1 1 1 1 1 1 1 1 1 1 1 1 1 1 1 1 1] [ 3 10 11 12 18 19 20 21 26 27 28 29 34 35 36 42 44] [ 5091  9889  8093 14778  5405  4199  8785 10904  8124  6699 11452 10987
  9184 10953 14171  7224  4069] [] 1716285032.9717805386
[-1  1  1  1  1  1  1  1  1  1  1 -1  1  1  1 -1 -1 -1] [ 3 10 11 12 18 19 20 21 26 27 28 29 34 35 36 42 44 45] [ 5119  8954  7963 14592  4971  4034  8538 10836  6521  6587 11123 10991
  8959  8944 13807  7452  4090  8701] [] 1716285033.0147466660
[ 1  1  1  1  1  1  1  1  1  1  1  1  1  1 -1  1  1  1] [ 3 10 11 12 18 19 20 21 26 27 28 29 34 35 36 42 44 45] [ 4294  8330  7757 14478  4812  3912  8412 10807  6353  6499 10571  9254
  8675  8450 13890  6861  3888  8066] [] 1716285033.0577793121
[ 1  1  1  1  1  1  1 -1  1  1  1  1  1 -1  1 -1  1  1] [ 3 10 11 12 18 19 20 21 26 27 28 29 34 35 36 42 44 45] [ 4191  7378  7697 14404  4627  3805  8314 10815  5577  6415 10083  7689
  8610  8490 13691  6866  3655  7902] [] 1716285033.1007075310
[ 1  1 -1  1  1  1  1  1  1  1  1  1  1  1  1  1  1  1] [ 3 10 11 12 18 19 20 21 26 27 28 29 34 35 36 42 44 45] [ 3890  7150  7877 14370  4400  3732  7564 10606  5007  6366  7489  7071
  8543  7823 13603  6122  3560  7805] [] 1716285033.1437392235
[-1 -1  1  1  1  1  1  1  1  1  1  1  1 -1  1  1  1  1  1  1 -1] [ 2  3 10 11 12 18 19 20 21 26 27 28 29 33 34 35 36 42 44 45 50] [14034  3903  6475  6992 10628  4272  3693  6939 10538  4581  6293  6983
  6979 14957  8460  7361 10498  5553  3489  7699 10059] [] 1716285033.1869502068
[ 1  1 -1  1  1  1  1  1 -1  1  1  1  1  1  1  1  1  1  1  1  1  1] [ 2  3  4 10 11 12 18 19 20 21 26 27 28 29 33 34 35 36 42 44 45 50] [11683  3883 15241  6324  6642  9993  4133  3654  7037 10303  4229  5751
  5877  6134 13724  8405  7183 10235  5355  3393  6638  9119] [] 1716285033.2299990654
[ 1  1  1  1  1  1  1  1  1  1  1  1  1  1  1  1  1 -1 -1  1  1  1  1] [ 2  3  4 10 11 12 18 19 20 21 26 27 28 29 33 34 35 36 37 42 44 45 50] [11588  3752 14936  6255  6499  9227  3951  3587  6973 10237  3927  5528
  4995  6015 13121  8355  7022 11839 16329  3948  3252  6570  8711] [] 1716285033.2729580402
[ 1  1  1  1  1  1  1  1  1 -1  1  1  1  1  1  1  1 -1  1  1  1  1 -1 -1] [ 2  3  4 10 11 12 18 19 20 21 26 27 28 29 33 34 35 36 37 42 44 45 50 51] [11552  3498 14257  6158  5672  8710  3695  3450  6227 10388  3596  5395
  4227  5894 12795  6560  6907 12661 13128  3641  3250  6493  8727 11676] [] 1716285033.3159894943
[-1  1  1  1  1  1  1  1  1  1  1  1  1  1  1 -1  1  1  1  1  1 -1  1  1
 -1] [ 2  3  4 10 11 12 18 19 20 21 26 27 28 29 33 34 35 36 37 42 44 45 50 51
 53] [11609  3278 14005  6054  5365  7534  3562  3397  5968 10303  3457  5323
  3991  5839 12723  6562  6371 12376 13101  3508  3233  6618  7895 11115
 13921] [] 1716285033.3589484692
[-1  1  1  1  1  1  1  1  1  1  1  1  1  1  1  1  1  1  1  1  1  1 -1  1
  1] [ 2  3  4 10 11 12 18 19 20 21 26 27 28 29 33 34 35 36 37 42 44 45 50 51
 53] [11674  3245 13999  4879  4521  5957  3515  3293  5911 10167  3323  5230
  3805  5771 12641  6446  6047  9643 12747  3192  3125  6506  8302 10741
  9496] [] 1716285033.4019689560
[-1  1  1  1  1  1  1  1  1  1  1  1  1  1  1 -1  1  1  1  1  1 -1  1  1
  1] [ 2  3  4 10 11 12 18 19 20 21 26 27 28 29 33 34 35 36 37 42 44 45 50 51
 53] [11706  2971 13455  4141  3752  5445  3225  3189  4990 10070  3093  5021
  3327  5651 12625  6499  5572  9377 12602  3052  3081  6535  6480 10612
  7981] [] 1716285033.4448595047
[ 1  1  1  1  1  1  1  1  1  1  1  1  1  1 -1  1  1  1 -1  1  1  1  1 -1
  1] [ 2  3  4 10 11 12 18 19 20 21 26 27 28 29 33 34 35 36 37 42 44 45 50 51
 53] [11651  2905 13342  4055  3626  5064  3187  3157  4905 10063  3063  4929
  3223  4723 12671  6317  5570  8795 12630  2913  3008  5870  5894 10614
  6358] [] 1716285033.4880113602
[-1  1  1  1  1  1  1  1  1 -1  1  1  1  1  1  1  1  1  1  1  1 -1  1  1
 -1  1  1  1] [ 1  2  3  4 10 11 12 18 19 20 21 26 27 28 29 33 34 35 36 37 42 43 44 45
 46 50 51 53] [16322 11581  2797 13047  3995  3302  4483  3052  3077  4935 10044  2945
  4797  3059  4650 12576  5705  5375  8655 12537  2716 14138  2878  5766
 11649  4788 10561  5427] [] 1716285033.5309803486
[ 1  1  1  1  1  1  1  1  1  1 -1  1  1  1  1  1  1  1 -1 -1 -1  1  1 -1
  1  1  1 -1  1] [ 1  2  3  4 10 11 12 18 19 20 21 26 27 28 29 33 34 35 36 37 38 42 43 44
 45 46 50 51 53] [15119  9172  2619 12307  3867  2897  4021  2973  2954  4457 10062  2899
  4618  2815  4605 12352  5628  5226  9615 13073 12954  2583 13775  2912
  5726 11447  4526 10563  5254] [] 1716285033.5739719868
[-1  1  1  1  1  1  1  1  1  1  1  1  1  1 -1 -1  1  1  1 -1  1  1  1  1
  1  1  1 -1 -1  1] [ 1  2  3  4 10 11 12 18 19 20 21 26 27 28 29 33 34 35 36 37 38 42 43 44
 45 46 50 51 52 53] [15367  8509  2571 12029  3767  2781  3964  2881  2814  4356  8671  2854
  4519  2764  4647 12521  5338  5214  8172 13092 10683  2444 12087  2904
  5555  8406  4333 10590 14120  5149] [] 1716285033.6170156002
[-1  1  1  1  1  1  1  1  1  1  1  1  1  1  1 -1  1  1  1  1  1  1  1  1
  1  1  1  1  1  1] [ 1  2  3  4 10 11 12 18 19 20 21 26 27 28 29 33 34 35 36 37 38 42 43 44
 45 46 50 51 52 53] [15626  8223  2415 11353  3575  2521  3825  2750  2721  4252  8537  2727
  4305  2629  4567 12616  4744  5211  7185 13046 10376  2322 11563  2860
  5531  8180  4192 10359 11957  4694] [] 1716285033.6599123478
[ 1 -1  1  1 -1  1  1  1  1  1  1 -1  1  1  1  1  1  1 -1  1  1 -1  1 -1
  1  1  1  1  1  1 -1 -1] [ 1  2  3  4  9 10 11 12 18 19 20 21 26 27 28 29 33 34 35 36 37 38 42 43
 44 45 46 50 51 52 53 61] [15380  8247  2298 10783 15463  3279  2511  3647  2729  2668  4158  8551
  2591  4202  2567  4525 12526  4572  5266  6661 13024 10377  2266 11881
  2848  5487  7076  4101  8366 11818  4700  9736] [] 1716285033.7029485703
[-1  1  1  1  1  1  1  1  1  1  1 -1  1  1  1  1  1  1  1  1 -1  1  1  1
  1  1  1  1  1  1  1  1] [ 1  2  3  4 10 11 12 18 19 20 21 23 26 27 28 29 33 34 35 36 37 38 42 43
 44 45 46 50 51 52 53 61] [15608  8183  2235 10547  3164  2423  3576  2649  2607  4009  8451 15899
  2507  4065  2508  4487 12454  4323  5231  6519 13072 10301  2242 11759
  2832  5442  6996  3970  8131 11723  4661  8970] [] 1716285033.7459981441
[ 1  1 -1  1  1  1  1  1  1  1  1  1  1  1  1  1  1  1  1  1  1 -1  1 -1
 -1 -1 -1 -1 -1  1  1 -1] [ 1  2  3  4 10 11 12 18 19 20 21 23 26 27 28 29 33 34 35 36 37 38 42 43
 44 45 46 50 51 52 53 61] [15342  8105  2247 10463  3131  2357  3501  2634  2579  3903  8404 15359
  2495  4006  2455  4465 12443  4170  5137  5773 13024 10338  2222 11827
  2836  5475  7050  3971  8164 11657  4652  9115] [] 1716285033.7889821529
[ 1 -1  1  1  1  1  1  1 -1  1  1  1 -1 -1  1  1  1  1 -1  1  1 -1  1  1
  1  1  1  1  1 -1  1 -1] [ 1  2  3  4 10 11 12 18 19 20 21 23 26 27 28 29 33 34 35 36 37 38 42 43
 44 45 46 50 51 52 53 61] [15090  8122  2215 10413  3111  2349  3477  2629  2611  3847  8368 15099
  2510  4028  2448  4443 12429  4152  5139  5723 13012 10343  2214 11711
  2800  5389  6918  3949  8119 11698  4613 10676] [] 1716285033.8319885731
[ 1  1  1 -1 -1 -1  1 -1  1  1 -1  1  1  1  1  1  1  1  1 -1 -1  1 -1 -1
  1 -1 -1  1 -1 -1  1] [ 1  2  3  4 10 11 12 18 19 20 21 23 26 27 28 29 33 34 35 36 37 38 42 43
 44 45 46 50 51 52 53] [14805  8062  2203 10505  3143  2351  3456  2659  2550  3793  8452 14837
  2504  4024  2434  4431 12387  4117  5115  5769 13091 10245  2230 11739
  2784  5475  7965  3912 10030 11736  4333] [] 1716285033.8749873638
[ 1  1 -1 -1 -1 -1 -1  1 -1 -1  1  1 -1 -1 -1  1 -1 -1 -1 -1  1  1 -1 -1
 -1  1 -1 -1 -1 -1 -1] [ 1  2  3  4 10 11 12 18 19 20 21 23 26 27 28 29 33 34 35 36 37 38 42 43
 44 45 46 50 51 52 53] [14718  8048  2207 10535  3158  2383  3473  2637  2619  3931  8336 14771
  2529  4051  2453  4423 12417  4149  5156  6285 12928 10177  2299 11787
  2816  5443  8197  4110 10766 12825  4830] [] 1716285033.9181966782
[ 1  1 -1 -1 -1 -1 -1 -1 -1  1 -1  1  1 -1 -1 -1 -1  1 -1  1 -1 -1 -1 -1
  1 -1 -1 -1  1 -1] [ 1  2  3  4  9 10 11 12 18 19 20 21 23 26 27 28 29 33 34 35 36 37 38 42
 43 44 45 50 51 53] [14690  7953  2299 10618 15663  3467  2473  3657  2661  2615  3991  8331
 14671  2562  4074  2477  4451 12385  4218  5147  6393 12944 12594  2410
 11775  2848  5447  4306 10527  5699] [] 1716285033.9608659744
[ 1 -1 -1  1 -1 -1 -1 -1 -1 -1 -1  1 -1 -1 -1 -1  1 -1 -1 -1  1 -1 -1 -1
 -1 -1  1 -1] [ 1  2  3  4 10 11 12 18 19 20 21 23 26 27 28 29 33 34 35 36 37 42 43 44
 45 50 51 53] [14184  8008  2426 10579  3667  2671  3785  2755  2773  4119  8396 14271
  2693  4251  2698  4467 12351  4858  5151  6740 12534  2552 13310  2896
  5687  4870 10482  6914] [] 1716285034.0039551258
[-1 -1 -1  1  1 -1 -1 -1 -1 -1  1  1 -1 -1 -1  1 -1 -1  1 -1  1 -1 -1 -1
  1 -1 -1 -1] [ 1  2  3  4 10 11 12 18 19 20 21 23 26 27 28 29 33 34 35 36 37 42 43 44
 45 50 51 53] [14446  8289  2520 10455  3581  2776  3879  2795  2863  4182  8215 14239
  2773  4320  2741  4437 12426  5238  5083  7070 12425  2676 13871  2984
  5681  5211 10491  8141] [] 1716285034.0469655991
[ 1 -1 -1 -1  1 -1 -1 -1 -1 -1  1 -1 -1 -1 -1 -1 -1 -1 -1 -1 -1 -1  1 -1
 -1 -1 -1] [ 1  2  3  4 10 11 12 18 19 20 21 23 26 27 28 29 33 34 35 36 37 42 43 44
 45 50 51] [14350 11427  2603 10516  3581  2930  4019  2835  2927  4452  8199 14259
  2789  4377  2797  4462 12453  5507  5130  7790 12536  2914 13583  3018
  6115  6934 10757] [] 1716285034.0899729729
[-1  1 -1  1 -1 -1 -1 -1 -1 -1 -1  1 -1 -1 -1 -1  1 -1 -1 -1 -1 -1 -1 -1
 -1 -1] [ 1  2  3  4 10 11 12 18 19 20 21 23 26 27 28 29 33 34 35 36 37 42 44 45
 50 51] [14848 11245  2887 10495  3821  3674  4786  2973  3038  4714  8326 14197
  2923  4576  2977  4607 12426  6081  5335  8319 12831  3046  3024  6335
  8472 11181] [] 1716285034.1329429150
[-1 -1 -1 -1 -1 -1 -1 -1 -1 -1 -1 -1 -1 -1 -1 -1 -1 -1  1 -1 -1 -1 -1] [ 2  3  4 10 11 12 18 19 20 21 26 27 28 29 33 34 35 36 37 42 44 45 50] [11248  3023 10629  4074  4231  5242  3123  3090  4831  9750  3007  4764
  3223  5524 12447  6185  5572  9619 12606  3307  3084  6513  9087] [] 1716285034.1759502888
[-1 -1 -1 -1 -1 -1 -1 -1 -1 -1 -1 -1 -1 -1 -1 -1 -1 -1 -1 -1  1 -1] [ 2  3  4 10 11 12 18 19 20 21 26 27 28 29 33 34 35 36 37 42 44 45] [11454  3195 10982  4443  5502  6053  3344  3179  5689  9837  3245  4904
  3520  5615 12874  7056  6155 10236 12666  3578  3044  7596] [] 1716285034.2189285755
[-1 -1 -1 -1 -1 -1 -1 -1 -1 -1 -1 -1 -1 -1 -1  1  1 -1 -1 -1 -1 -1] [ 2  3  4 10 11 12 18 19 20 21 26 27 28 29 33 34 35 36 37 42 44 45] [11532  3322 11225  5396  5702  6516  3445  3225  6173  9841  3299  5039
  3777  5689 13131  7039  6076 10749 12991  4283  3321  7838] [] 1716285034.2619633675
[-1 -1 -1 -1 -1 -1 -1 -1  1 -1 -1 -1 -1 -1 -1 -1 -1 -1 -1 -1] [ 2  3  4 10 11 12 18 19 20 21 26 27 28 29 34 35 36 42 44 45] [11713  3646 12276  5648  6149  8496  3562  3358  5988  9895  3575  5829
  4194  5867  7231  6734 11354  4914  3524  7990] [] 1716285034.3049333096
[-1 -1 -1 -1 -1 -1 -1 -1 -1 -1 -1 -1 -1 -1 -1 -1 -1 -1 -1 -1] [ 2  3  4 10 11 12 18 19 20 21 26 27 28 29 34 35 36 42 44 45] [11782  3755 13352  6493  6391  9596  3807  3446  6394  9943  4101  5964
  4849  6123  8218  6903 11945  5522  3839  8221] [] 1716285034.3479678631
[-1 -1 -1 -1 -1 -1 -1 -1 -1 -1 -1 -1 -1 -1 -1 -1 -1 -1 -1] [ 2  3  4 10 11 12 18 19 20 21 26 27 28 29 34 35 36 42 44] [15158  3839 15146  6562  6550 10568  4330  3614  6595 10055  5191  6022
  6129  6896  8403  6942 12083  6628  3872] [] 1716285034.3908889294
[-1 -1 -1 -1 -1 -1 -1 -1 -1 -1 -1 -1 -1 -1  1 -1 -1] [ 3 10 11 12 18 19 20 21 26 27 28 29 34 35 36 42 44] [ 4056  7149  7570 14298  4665  3707  7463 10267  6371  6236  8467  8047
  8549  7211 12027  7223  4306] [] 1716285034.4339780807
[-1 -1 -1 -1 -1 -1 -1 -1 -1 -1 -1 -1 -1 -1 -1  1 -1] [ 3 10 11 12 18 19 20 21 26 27 28 29 34 35 36 42 44] [ 4874  7639  7718 14348  4847  3811  7646 10435  6434  6422  9472 10565
  8614  7596 12456  7215  5139] [] 1716285034.4768593311
[-1 -1  1 -1 -1 -1 -1 -1 -1 -1 -1 -1 -1 -1 -1 -1 -1] [ 3 10 11 12 18 19 20 21 26 27 28 29 34 35 36 42 44] [ 4998  8040  7678 14609  5563  3906  8257 10728  8012  6430 10444 10880
  9028  9072 12837  8804  6714] [] 1716285034.5199017525
[-1 -1 -1 -1 -1 -1 -1 -1 -1 -1 -1 -1 -1 -1 -1 -1 -1] [ 3 10 11 12 18 19 20 21 26 27 28 29 34 35 36 42 44] [ 5025  8881  7796 14857  6350  3983  8577 10764  8087  6482 10494 10972
  9149  9764 13498  9941 12799] [] 1716285034.5629324913
[-1 -1 -1 -1 -1 -1 -1 -1 -1 -1 -1 -1 -1 -1 -1 -1] [ 3 10 11 18 19 20 21 26 27 28 29 34 35 36 42 44] [ 5437 12544  8263  7559  4451  9216 11167  8449  6847 10765 11742 12345
 14629 14299 10605 13159] [] 1716285034.6060206890
[-1  1  1 -1 -1 -1 -1 -1 -1  1 -1 -1 -1] [ 3 10 11 18 19 20 21 26 27 28 34 35 42] [ 5500 12519  8227 10822  4557 11539 11272  8589  6992 10710 12503 15212
 11589] [] 1716285034.6489346027
[-1 -1  1 -1 -1 -1 -1 -1  1 -1 -1] [ 3 10 11 18 19 20 26 27 28 34 35] [ 7888 12970  7966 11024  4783 11887  8971  7830 10497 12693 15481] [] 1716285034.6917464733
[-1 -1 -1 -1 -1  1 -1] [ 3 11 19 20 26 27 28] [ 9099  8975  4885 13078  9050  7691 10954] [] 1716285034.7346706390
[-1 -1 -1 -1 -1 -1] [11 19 20 26 27 28] [ 8977  5134 14456 11062  8649 11156] [] 1716285034.7776503563
[-1 -1 -1  1] [11 19 27 28] [ 8986  6037  8744 10892] [] 1716285034.8206243515
[-1 -1 -1 -1] [11 19 27 28] [ 9187  7289  9133 11600] [] 1716285034.8636372089
[-1 -1 -1] [11 19 27] [ 9201  9654 10901] [] 1716285034.9066293240
[-1 -1 -1] [11 19 27] [ 9654 10195 11557] [] 1716285034.9496262074
[-1 -1 -1] [11 19 27] [ 9937 10491 11770] [] 1716285034.9926271439
[-1 -1 -1] [11 19 27] [ 9989 10512 11903] [] 1716285035.0356040001
[-1 -1 -1] [11 19 27] [10621 10821 12127] [] 1716285035.0787210464
2 2 2 1716285035.0790760517
