FA TAX ADC PRES TS
[-1] [19] [10273] [] 1716285055.9036364555
[-1] [19] [10374] [] 1716285055.9467380047
[-1] [19] [10658] [] 1716285055.9896547794
[1] [19] [10001] [] 1716285056.0325431824
[-1 -1] [11 19] [10275 10263] [] 1716285056.0758109093
[ 1 -1 -1] [11 19 28] [10105 10341 12582] [] 1716285056.1187331676
[ 1 -1 -1  1] [11 19 27 28] [10030 10430 12361 12137] [] 1716285056.1617476940
[1 1 1 1] [11 19 27 28] [ 9447  9993  9677 11669] [] 1716285056.2046203613
[ 1  1  1 -1] [11 19 27 28] [ 9302  9600  9567 11732] [] 1716285056.2477123737
[-1 -1  1 -1 -1] [ 3 11 19 27 28] [ 8663  9462  8467  9630 11784] [] 1716285056.2907557487
[ 1 -1  1 -1  1  1] [ 3 11 19 26 27 28] [ 7899  9591  6821 11527  9459 11617] [] 1716285056.3337423801
[ 1  1  1 -1  1  1  1 -1] [ 3 11 19 20 26 27 28 42] [ 5809  9431  6548 15978  9711  9429 11473 13056] [] 1716285056.3766791821
[ 1  1  1  1  1  1  1 -1 -1] [ 3 11 19 20 26 27 28 42 44] [ 5204  9327  5808 14742  9369  9281 11448 13215 14169] [] 1716285056.4197826385
[-1 -1 -1  1 -1 -1 -1 -1 -1 -1  1  1] [ 3 11 19 20 21 26 27 28 29 34 42 44] [ 5251  9455  5907 14182 14891  9577  9559 11696 12228 10210 12664 13183] [] 1716285056.4626259804
[ 1  1  1  1  1  1  1  1  1  1  1 -1] [ 3 11 19 20 21 26 27 28 29 34 42 44] [ 4718  9340  5469 13339 11846  9227  9382 10908 11676  9844 10283 13367] [] 1716285056.5056769848
[ 1  1  1  1 -1 -1 -1  1  1 -1  1  1] [ 3 11 19 20 21 26 27 28 29 34 42 44] [ 4673  9166  5332 13129 11872  9287  9393 10337 11574  9930  9485 12855] [] 1716285056.5487375259
[1 1 1 1 1 1 1 1 1 1 1 1] [ 3 11 19 20 21 26 27 28 29 34 42 44] [ 4529  9009  5157 12415 11347  8942  9285  8738 11455  9636  9120 11802] [] 1716285056.5917844772
[ 1  1  1  1  1  1  1  1  1  1  1 -1] [ 3 11 19 20 21 26 27 28 29 34 42 44] [ 4241  8950  4799 12138 11141  8655  8103  6811 10989  9296  8484 12601] [] 1716285056.6347329617
[ 1  1  1  1  1  1  1  1 -1  1 -1  1  1] [ 3 11 19 20 21 26 27 28 29 34 35 42 44] [ 4061  8811  4650 11959 10970  8462  7564  5848 11082  9019 15973  8176
 10157] [] 1716285056.6777582169
[ 1  1  1  1  1  1  1  1 -1 -1  1  1  1] [ 3 11 19 20 21 26 27 28 29 34 35 42 44] [ 3907  8777  4449 11723 10899  6895  7373  4917 11095  9071 15612  7838
  8013] [] 1716285056.7206692696
[ 1 -1  1  1 -1  1  1  1  1 -1  1  1 -1  1  1] [ 3 10 11 19 20 21 26 27 28 29 34 35 36 42 44] [ 3739 13164  8715  4282 11769 10779  6067  7284  4426 11153  7873 15399
 14636  7733  6510] [] 1716285056.7638478279
[ 1  1  1  1  1  1  1  1  1  1  1 -1  1  1  1] [ 3 10 11 19 20 21 26 27 28 29 34 35 36 42 44] [ 3691 13112  8683  4059 11601 10664  5453  7166  4078 11058  7719 15491
 14272  7594  5508] [] 1716285056.8067581654
[ 1 -1  1  1  1  1 -1  1  1  1  1  1  1  1  1  1] [ 3  4 10 11 19 20 21 26 27 28 29 34 35 36 42 44] [ 3548 10794 12836  8665  3862  8766 10680  4695  6624  3791 10177  6995
 14596 12527  6912  5151] [] 1716285056.8497147560
[ 1  1  1 -1 -1  1 -1  1  1  1  1  1  1  1  1  1  1] [ 3  4 10 11 18 19 20 21 26 27 28 29 34 35 36 42 44] [ 3512 10206 11132  8722 11419  3813  8854 10679  4455  6506  3681  8529
  6405 13439 12087  6473  4735] [] 1716285056.8925728798
[ 1  1  1  1  1  1  1  1  1  1  1  1  1  1  1  1  1 -1] [ 3  4 10 11 18 19 20 21 26 27 28 29 34 35 36 42 44 45] [ 3396  9956 10890  7768 10800  3670  8037 10617  4110  6390  3543  7484
  5260 12842 12003  6132  4375 12123] [] 1716285056.9357872009
[ 1  1  1  1  1  1  1  1  1  1  1  1  1  1 -1  1  1  1 -1] [ 3  4 10 11 18 19 20 21 26 27 28 29 34 35 36 42 44 45 50] [ 3177  9811 10424  7263 10380  3537  7521 10571  3572  6196  3396  7338
  4728 12663 12256  5524  4297 11684  9802] [] 1716285056.9788067341
[ 1  1  1 -1  1  1  1  1  1 -1  1  1  1 -1  1  1  1  1  1] [ 3  4 10 11 18 19 20 21 26 27 28 29 34 35 36 42 44 45 50] [ 3121  9695  9068  7295 10272  3381  6922 10480  3393  6269  3317  7276
  4456 12880 12153  5090  4164 11416  9582] [] 1716285057.0217657089
[ 1  1  1  1  1  1  1  1  1  1  1  1  1 -1  1  1  1 -1  1 -1] [ 3  4 10 11 18 19 20 21 26 27 28 29 34 35 36 42 44 45 50 52] [ 3048  9670  8452  7169 10109  3310  6774 10372  3285  6227  3189  7054
  4165 13045 12108  4584  4007 11556  8967 15093] [] 1716285057.0647554398
[ 1  1  1  1  1  1  1  1  1  1  1 -1  1  1  1  1  1  1  1  1] [ 3  4 10 11 18 19 20 21 26 27 28 29 34 35 36 42 44 45 50 52] [ 2998  9580  7739  7135  9018  3190  6529 10328  3231  6154  3090  7057
  4012 12567 11350  4051  3747 11297  8818 11980] [] 1716285057.1078901291
[ 1  1  1  1  1  1  1 -1  1  1  1  1  1  1  1  1  1  1  1  1] [ 3  4 10 11 18 19 20 21 26 27 28 29 34 35 36 42 44 45 50 52] [ 2806  9438  7655  5948  7337  3102  5758 10365  3062  5720  2945  6855
  3770 11323 10312  3896  3611 10990  8757 11184] [] 1716285057.1507544518
[ 1 -1  1  1 -1  1  1  1  1  1  1  1  1  1  1  1  1  1  1  1  1 -1] [ 3  4 10 11 12 18 19 20 21 26 27 28 29 34 35 36 42 44 45 50 52 53] [ 2640  9506  7312  5163 16122  6122  2965  5577 10285  2985  5158  2849
  6568  3652 10248  9464  3449  3361  6797  8712  9152 14375] [] 1716285057.1938252449
[ 1  1  1  1  1  1  1  1  1  1  1  1  1  1  1  1 -1 -1 -1  1 -1  1  1 -1
  1  1] [ 3  4 10 11 12 18 19 20 21 26 27 28 29 34 35 36 37 38 41 42 44 45 50 51
 52 53] [ 2591  9499  7250  4438 15779  5618  2909  5237 10210  2927  4945  2804
  6492  3340  9277  7136 16352 13437 15523  3308  3370  6582  8532 12730
  8980 13721] [] 1716285057.2368118763
[ 1  1  1  1  1  1  1  1 -1  1  1  1  1  1  1  1  1  1  1  1  1  1 -1  1
  1  1] [ 3  4 10 11 12 18 19 20 21 26 27 28 29 34 35 36 37 38 41 42 44 45 50 51
 52 53] [ 2508  9361  6886  3946 14834  4708  2885  5141 10229  2863  4934  2768
  6219  3327  8385  7118 15580 13196 13631  3080  3223  6357  8613 11195
  8798 13415] [] 1716285057.2798519135
[ 1 -1  1  1  1  1  1  1  1  1  1  1  1  1  1  1  1  1  1  1 -1 -1 -1 -1
  1  1  1  1] [ 3  4 10 11 12 18 19 20 21 26 27 28 29 34 35 36 37 38 41 42 43 44 45 46
 50 51 52 53] [ 2422  9423  6642  3742 14254  4190  2709  4951 10157  2807  4807  2664
  5581  3196  7132  6038 14683 11215 12223  2842 12261  3334  6446 11217
  8504 10790  8370  8550] [] 1716285057.3228712082
[-1  1  1  1  1  1  1  1  1  1  1  1  1  1  1  1  1  1  1  1  1  1  1 -1
  1  1 -1  1  1] [ 2  3  4 10 11 12 18 19 20 21 26 27 28 29 34 35 36 37 38 41 42 43 44 45
 46 50 51 52 53] [15958  2361  9331  6548  3271 13844  3961  2641  4789 10137  2731  4801
  2583  5449  2919  7068  5211 14490  9896 11272  2762 12167  3234  6481
 11159  8423 10793  7598  7278] [] 1716285057.3657567501
[ 1  1 -1  1  1  1  1  1  1  1 -1 -1  1  1 -1  1 -1  1  1  1  1  1  1  1
  1  1  1  1  1  1] [ 2  3  4 10 11 12 18 19 20 21 26 27 28 29 33 34 35 36 37 38 41 42 43 44
 45 46 50 51 52 53] [15910  2303  9337  6357  3080 13482  3888  2586  4683 10096  2743  4834
  2514  4793 14371  2809  7536  4834 11038  9652 10470  2629 12143  3094
  6343  9825  6703 10725  6888  5606] [] 1716285057.4086198807
[-1  1  1  1  1  1  1  1  1 -1  1  1  1  1  1  1  1  1 -1  1 -1  1  1  1
  1  1  1  1  1  1] [ 2  3  4 10 11 12 18 19 20 21 26 27 28 29 33 34 35 36 37 38 41 42 43 44
 45 46 50 51 52 53] [16047  2230  9287  5525  2815 13073  3807  2530  4129 10110  2615  4675
  2373  4409 13114  2666  7052  4607 11596  8961 10779  2506 11193  2982
  6224  7628  6286 10631  6628  5198] [] 1716285057.4518637657
[ 1  1  1  1  1  1  1  1  1  1  1  1  1  1  1  1  1  1  1  1  1  1  1  1
  1  1  1 -1  1  1] [ 2  3  4 10 11 12 18 19 20 21 26 27 28 29 33 34 35 36 37 38 41 42 43 44
 45 46 50 51 52 53] [15665  2227  9253  5105  2594 12307  3636  2443  3813 10095  2589  4490
  2282  4323 12618  2507  6528  4324 10597  8590 10363  2474 10188  2941
  6109  7358  6197 10664  6371  5169] [] 1716285057.4948527813
[ 1  1 -1  1  1  1  1  1  1  1  1  1  1  1  1  1  1  1  1  1  1  1  1 -1
 -1 -1 -1  1  1  1] [ 2  3  4 10 11 12 18 19 20 21 26 27 28 29 33 34 35 36 37 38 41 42 43 44
 45 46 50 51 52 53] [15635  2185  9301  4726  2557 12164  3635  2395  3667 10011  2559  4281
  2237  4303 12455  2475  6398  4134  9999  8449 10250  2422  9951  2948
  6151  7378  6233 10578  6048  5108] [] 1716285057.5379066467
[-1  1  1  1  1  1  1  1 -1  1  1  1  1  1 -1  1  1  1  1 -1 -1  1  1  1
  1  1  1 -1  1 -1] [ 2  3  4 10 11 12 18 19 20 21 26 27 28 29 33 34 35 36 37 38 41 42 43 44
 45 46 50 51 52 53] [15704  2171  9258  4555  2531 11943  3589  2375  3669 10006  2519  4231
  2220  4290 12517  2418  6310  4067  9468  8468 10365  2388  9929  2932
  6070  7346  6214 10586  6026  5156] [] 1716285057.5807774067
[-1  1  1  1  1  1  1  1  1 -1  1  1  1 -1  1 -1  1  1  1  1  1  1  1  1
  1  1  1 -1 -1 -1] [ 2  3  4 10 11 12 18 19 20 21 26 27 28 29 33 34 35 36 37 38 41 42 43 44
 45 46 50 51 52 53] [15708  2159  9215  4451  2507 11909  3571  2354  3589 10007  2515  4126
  2201  4313 12491  2453  6287  4053  9403  8418 10180  2388  9859  2918
  6063  7334  6140 10642  6039  5158] [] 1716285057.6239242554
[ 1  1 -1  1  1 -1 -1  1  1 -1  1  1  1  1 -1  1  1  1  1  1 -1 -1 -1 -1
 -1 -1  1  1 -1 -1] [ 2  3  4 10 11 12 18 19 20 21 26 27 28 29 33 34 35 36 37 38 41 42 43 44
 45 46 50 51 52 53] [15609  2149  9224  4439  2495 11943  3623  2340  3553 10125  2482  4112
  2188  4295 12492  2421  6235  4004  9196  8331 10257  2408 10935  2953
  6119  8500  5998 10600  6126  5270] [] 1716285057.6668019295
[-1 -1 -1 -1 -1  1  1 -1 -1  1 -1 -1 -1 -1  1 -1  1 -1 -1 -1 -1 -1 -1 -1
 -1 -1 -1  1 -1 -1] [ 2  3  4 10 11 12 18 19 20 21 26 27 28 29 33 34 35 36 37 38 41 42 43 44
 45 46 50 51 52 53] [15729  2181  9249  4860  2546 11907  3555  2381  3602  9946  2495  4243
  2256  4308 12354  2462  6186  4027  9562  9233 10461  2448 11059  3020
  6165  8587  7500 10559  6521  6208] [] 1716285057.7098219395
[ 1 -1 -1 -1 -1 -1 -1 -1 -1  1 -1 -1 -1 -1 -1 -1 -1 -1 -1 -1 -1 -1 -1 -1
 -1 -1 -1 -1 -1] [ 2  3  4 10 11 12 18 19 20 21 26 27 28 29 33 34 35 36 37 38 41 42 43 44
 45 50 51 52 53] [15645  2185  9251  5067  2735 12062  3597  2463  3724  9864  2515  4378
  2299  4399 12460  2510  6210  4115  9864  9281 10579  2512 12575  3184
  6295  8326 10637  7048  7165] [] 1716285057.7528815269
[-1 -1  1 -1 -1 -1 -1  1 -1  1 -1 -1 -1  1 -1 -1 -1 -1 -1 -1  1 -1 -1 -1
 -1 -1 -1 -1 -1] [ 2  3  4 10 11 12 18 19 20 21 26 27 28 29 33 34 35 36 37 38 41 42 43 44
 45 50 51 52 53] [16207  2226  9158  6228  2827 12869  3773  2449  4147  9848  2577  4419
  2333  4349 12888  2623  6265  4319 11926 10471 10537  2636 12693  3296
  6380  8367 10864  8634 10214] [] 1716285057.7958405018
[ 1 -1 -1 -1 -1 -1 -1 -1 -1 -1 -1 -1 -1 -1 -1 -1 -1 -1 -1 -1 -1  1 -1 -1
 -1 -1 -1] [ 2  3  4 10 11 12 18 19 20 21 26 27 28 29 34 35 36 37 38 41 42 44 45 50
 51 52 53] [16031  2331  9167  6402  2984 13359  3784  2485  4235  9958  2611  4459
  2393  5355  2759  6369  4625 12428 10746 10832  2786  3190  6463  8531
 11021  9134 10897] [] 1716285057.8388597965
[ 1 -1  1 -1 -1 -1 -1 -1 -1  1 -1 -1 -1 -1 -1 -1 -1 -1 -1 -1 -1 -1 -1 -1
 -1] [ 2  3  4 10 11 12 18 19 20 21 26 27 28 29 34 35 36 37 38 41 42 44 45 50
 52] [15457  2396  9159  6519  3574 13914  4039  2595  4335  9910  2645  4517
  2490  5409  2853  6535  4852 12799 11421 13348  3040  3358  6588  8564
 10721] [] 1716285057.8817646503
[-1 -1  1 -1 -1 -1 -1 -1 -1  1 -1 -1 -1  1 -1 -1 -1 -1 -1 -1 -1 -1] [ 2  3  4 10 11 12 18 19 20 21 26 27 28 29 34 35 36 42 44 45 50 52] [15474  2510  9066  6749  3810 14021  4121  2670  4597  9883  2722  4579
  2611  5404  3030  6865  5529  3228  3379  6698  8740 12164] [] 1716285057.9245758057
[-1  1  1 -1 -1 -1 -1 -1 -1 -1 -1 -1 -1 -1 -1 -1 -1  1 -1 -1] [ 3  4 10 11 12 18 19 20 21 26 27 28 29 34 35 36 42 44 45 50] [ 2523  9007  6731  4346 15742  4851  2751  4771  9895  2799  4605  2671
  5553  3150  7181  5965  3972  3347  7801  9889] [] 1716285057.9677383900
[-1 -1 -1 -1 -1 -1 -1 -1  1 -1 -1 -1 -1 -1 -1 -1 -1 -1 -1 -1] [ 3  4 10 11 12 18 19 20 21 26 27 28 29 34 35 36 42 44 45 50] [ 2828  9044  6907  5733 16331  7120  2813  4876  9854  2971  4649  2777
  6485  3595  8776  6373  4052  3439 11293 10097] [] 1716285058.0107500553
[-1 -1 -1 -1 -1 -1 -1  1 -1 -1 -1 -1 -1 -1 -1 -1 -1] [ 3  4 10 11 18 19 20 21 26 27 28 29 34 35 36 42 44] [ 2976  9096  7107  6357  7179  2924  5360  9819  3186  4752  2898  6510
  3882 11641  7850  4731  3596] [] 1716285058.0537326336
[-1 -1 -1 -1 -1 -1 -1 -1 -1 -1 -1 -1 -1 -1 -1 -1 -1] [ 3  4 10 11 18 19 20 21 26 27 28 29 34 35 36 42 44] [ 3071  9126  7515  7033  9836  3035  6239  9976  3363  5279  3033  6827
  4305 11835  8200  5417  3850] [] 1716285058.0966246128
[-1 -1 -1 -1 -1 -1 -1  1 -1 -1 -1 -1 -1 -1 -1 -1 -1] [ 3  4 10 11 18 19 20 21 26 27 28 29 34 35 36 42 44] [ 3275  9143  8199  7432 10182  3121  6519  9961  3591  5885  3106  7110
  4551 11939 10394  5794  4409] [] 1716285058.1397099495
[-1 -1 -1 -1 -1 -1 -1  1 -1 -1 -1 -1 -1 -1 -1 -1 -1] [ 3  4 10 11 18 19 20 21 26 27 28 29 34 35 36 42 44] [ 3293  9220  8262  7576 10466  3275  6897  9959  3753  5999  3295  7283
  5977 12115 10929  6188  6110] [] 1716285058.1827270985
[-1 -1 -1 -1 -1 -1 -1 -1 -1 -1 -1 -1 -1 -1 -1 -1] [ 3  4 10 11 19 20 21 26 27 28 29 34 35 36 42 44] [ 3441  9407  9928  7611  3455  8199 10194  4491  6160  3548  8415  6781
 13149 11451  7527  8874] [] 1716285058.2256925106
[-1 -1 -1 -1 -1 -1 -1 -1 -1 -1 -1 -1  1 -1 -1 -1] [ 3  4 10 11 19 20 21 26 27 28 29 34 35 36 42 44] [ 3606  9586 11266  8633  3604  8258 10440  5359  6331  3785 10633  7539
 13135 11813  8578 10913] [] 1716285058.2686026096
[-1 -1  1 -1 -1 -1 -1 -1 -1 -1 -1 -1 -1 -1 -1] [ 3 10 11 19 20 21 26 27 28 29 34 35 36 42 44] [ 3639 13292  8616  4066 10620 10613  6875  7052  4605 10779  9045 14482
 12438  9401 12716] [] 1716285058.3117203712
[-1 -1 -1 -1 -1 -1 -1 -1 -1 -1 -1 -1 -1] [ 3 11 19 20 21 26 27 28 29 34 35 36 42] [ 3925  8697  4258 11314 10931  8599  7247  5177 11402  9470 15707 13843
  9922] [] 1716285058.3547148705
[-1 -1 -1 -1 -1 -1 -1 -1 -1  1 -1] [ 3 11 19 20 21 26 27 28 29 34 42] [ 4127  8751  4607 11426 11062  8740  7793  7269 11437  9469 12520] [] 1716285058.3976936340
[-1 -1 -1 -1 -1  1 -1 -1 -1 -1 -1] [ 3 11 19 20 21 26 27 28 29 34 42] [ 4216  8834  4666 11540 11117  8738  8815  9110 11897  9490 14623] [] 1716285058.4405713081
[-1 -1 -1 -1 -1 -1  1 -1 -1] [ 3 11 19 20 21 26 27 28 34] [ 4846  9100  5207 12431 11220  8994  8715 10722 12179] [] 1716285058.4836804867
[-1 -1 -1 -1 -1 -1  1 -1] [ 3 11 19 20 26 27 28 34] [ 5791  9191  5551 13123  9203  8806 10666 12595] [] 1716285058.5266697407
[-1 -1 -1 -1 -1  1  1] [ 3 11 19 20 26 27 28] [ 7555  9265  5843 14956 11588  8763 10605] [] 1716285058.5697104931
[-1 -1 -1  1 -1] [ 3 11 19 27 28] [ 9210  9270  5966  8717 10665] [] 1716285058.6124479771
[-1 -1 -1 -1] [11 19 27 28] [ 9428  8573  9105 11949] [] 1716285058.6557087898
[ 1 -1 -1] [11 19 27] [ 9375  9794 11111] [] 1716285058.6986114979
[-1 -1 -1] [11 19 27] [ 9734 10009 11377] [] 1716285058.7416710854
[-1 -1] [11 19] [10278 10135] [] 1716285058.7844543457
[-1  1] [11 19] [13468 10070] [] 1716285058.8277082443
2 2 2 1716285058.8708014488
