FA TAX ADC PRES TS
[-1] [11] [14859] [] 1716260571.1692476273
[1] [11] [13780] [] 1716260571.2122318745
[1] [11] [13695] [] 1716260571.2552540302
[1] [11] [11522] [] 1716260571.2982432842
[1] [11] [10558] [] 1716260571.3412165642
[-1 -1] [ 2 11] [14526 11142] [] 1716260571.3842482567
[1 1] [ 2 11] [13641 10151] [] 1716260571.4272742271
[1 1] [ 2 11] [13590  9575] [] 1716260571.4702765942
[1 1] [ 2 11] [12150  8812] [] 1716260571.5131049156
[1 1] [ 2 11] [12071  8691] [] 1716260571.5561182499
[-1 -1 -1] [ 2 11 19] [12163  8809 13394] [] 1716260571.5992619991
[-1 -1 -1  1] [ 1  2 11 19] [16038 12771  8844 11596] [] 1716260571.6422727108
[ 1 -1  1  1] [ 1  2 11 19] [15167 13837  8667 10185] [] 1716260571.6852948666
[1 1 1 1] [ 1  2 11 19] [14742 13544  8650  9873] [] 1716260571.7282528877
[ 1  1 -1 -1 -1  1 -1] [ 1  2  3 11 18 19 28] [14654 11759 11681  8855 11756  7259 12331] [] 1716260571.7712376118
[1 1 1 1 1 1 1] [ 1  2  3 11 18 19 28] [14480 11417  8214  8848 11456  6699 12175] [] 1716260571.8141369820
[-1 -1  1  1  1  1  1] [ 1  2  3 11 18 19 28] [14883 11460  7691  8817 11196  6143 11760] [] 1716260571.8570322990
[-1  1  1 -1  1  1 -1  1 -1] [ 1  2  3 11 18 19 27 28 29] [14902 11401  5692  8995  9678  6136 14059 11563 12352] [] 1716260571.9000818729
[ 1  1  1 -1  1  1  1 -1  1 -1  1] [ 1  2  3 10 11 18 19 20 27 28 29] [14775 11210  5435 15386  8907  9386  5460 15887 13043 11589 11206] [] 1716260571.9430828094
[ 1 -1  1  1 -1  1  1  1 -1 -1 -1  1] [ 1  2  3 10 11 18 19 20 21 27 28 29] [11930 11374  5286 13824  8974  7137  5401 14706 12089 13062 11874 11064] [] 1716260571.9860756397
[ 1 -1  1  1  1  1  1  1  1  1  1  1] [ 1  2  3 10 11 18 19 20 21 27 28 29] [11346 11719  5155 13625  8817  6826  5273 14238 11244 12759 11723 10758] [] 1716260572.0290482044
[ 1 -1  1  1  1  1  1  1  1 -1  1  1  1] [ 1  2  3 10 11 18 19 20 21 26 27 28 29] [10240 12524  5011 10514  8074  6279  5075 13723 10787 13358 12596 11496
 10576] [] 1716260572.0720231533
[ 1 -1  1  1  1  1  1  1 -1  1  1  1 -1 -1] [ 1  2  3 10 11 18 19 20 21 26 27 28 29 44] [ 9991 13503  4895 10344  8007  6027  4963 13527 10822 11384 12583 11250
 10708 15053] [] 1716260572.1151006222
[ 1 -1  1  1  1  1  1  1  1  1  1  1  1  1] [ 1  2  3 10 11 18 19 20 21 26 27 28 29 44] [ 9952 13945  4324  9811  7909  5708  4830 12895 10589  9311 12485 11197
 10680 13858] [] 1716260572.1580696106
[ 1  1  1  1  1  1  1  1  1  1 -1  1  1  1] [ 1  2  3 10 11 18 19 20 21 26 27 28 29 44] [ 9931 13566  3973  9423  6641  5239  4648 12704 10507  9098 12704 10997
 10476 13301] [] 1716260572.2010593414
[ 1 -1  1  1  1  1  1  1  1  1  1  1  1  1] [ 1  2  3 10 11 18 19 20 21 26 27 28 29 44] [ 8243 13723  3820  8570  5638  4642  4414 12159 10422  8839 12698 10977
 10380 13163] [] 1716260572.2441010475
[ 1  1  1  1  1  1  1  1 -1  1  1  1  1  1] [ 1  2  3 10 11 18 19 20 21 26 27 28 29 44] [ 8065 10895  3759  8195  5022  4429  4153 11662 10448  8588 12639  9748
 10336 13117] [] 1716260572.2870943546
[ 1 -1  1  1  1  1  1  1  1  1  1  1  1  1] [ 1  2  3 10 11 18 19 20 21 26 27 28 29 44] [ 7099 11045  3667  8053  4462  4065  4017 11438 10436  8309 12265  9009
  8644 12767] [] 1716260572.3300826550
[-1  1  1  1  1  1  1  1  1  1  1  1  1 -1 -1] [ 1  2  3 10 11 18 19 20 21 26 27 28 29 36 44] [ 7143  8053  3352  7771  4417  3886  3906 11300 10348  8169 12143  7845
  8049 14544 12899] [] 1716260572.3730943203
[-1  1  1 -1  1  1  1  1  1  1 -1  1  1  1 -1  1  1] [ 1  2  3  4 10 11 18 19 20 21 26 27 28 29 34 36 44] [ 7219  7828  3337 13346  7633  4177  3709  3906 11207 10158  8208  9835
  7095  6898 12843 14430 12843] [] 1716260572.4161121845
[ 1  1  1  1  1  1  1  1  1  1 -1  1  1  1  1  1 -1  1  1] [ 1  2  3  4 10 11 18 19 20 21 23 26 27 28 29 34 35 36 44] [ 7111  7574  3167 12894  7277  3954  3489  3730 11058 10063 15783  7031
  9819  6240  6621 10277 15521 14130 12665] [] 1716260572.4591262341
[ 1  1  1  1  1  1  1  1  1  1  1  1 -1  1  1  1  1  1  1] [ 1  2  3  4 10 11 18 19 20 21 23 26 27 28 29 34 35 36 44] [ 7031  7528  2931 11679  7146  3639  3347  3647 10905 10034 14003  6575
  9878  5719  6413  8873 14613 13926  7786] [] 1716260572.5020868778
[-1  1  1  1  1  1  1  1  1  1 -1  1  1  1  1  1  1  1  1] [ 1  2  3  4 10 11 18 19 20 21 23 26 27 28 29 34 35 36 44] [ 7032  7390  2770 11408  6445  3019  3199  3533  8666 10010 14678  5488
  9870  5229  6312  8816 13432 13561  5721] [] 1716260572.5451419353
[ 1 -1  1  1  1  1  1  1  1  1  1  1  1  1  1 -1  1  1  1] [ 1  2  3  4 10 11 18 19 20 21 23 26 27 28 29 34 35 36 44] [ 6589  7536  2672 10707  6186  2987  3103  3466  8407  9853 14558  5301
  9806  4850  6257  8822 12879 13307  5003] [] 1716260572.5883009434
[ 1 -1  1  1  1  1  1  1  1  1  1  1 -1  1  1  1 -1  1 -1  1 -1] [ 1  2  3  4 10 11 18 19 20 21 23 26 27 28 29 34 35 36 37 44 45] [ 6199  7639  2514 10553  5852  2890  3005  3431  8086  9815 13738  4866
  9868  4517  4847  7670 13073  9602 16322  4666 13029] [] 1716260572.6312797070
[ 1  1  1  1  1  1 -1  1  1  1 -1  1  1  1  1 -1  1  1  1  1 -1  1  1] [ 1  2  3  4 10 11 12 18 19 20 21 23 26 27 28 29 34 35 36 37 42 44 45] [ 6169  7209  2487 10357  5445  2814 16052  2907  3348  7474  9932 13365
  4654  9774  4067  4863  7519 11871  7295 13944 15481  4536 11044] [] 1716260572.6743013859
[ 1 -1  1  1  1 -1  1  1  1 -1 -1 -1  1 -1  1  1  1  1  1  1  1  1  1] [ 1  2  3  4 10 11 12 18 19 20 21 23 26 27 28 29 34 35 36 37 42 44 45] [ 5957  7242  2358 10166  5355  2824 15446  2871  3310  7532  9949 13978
  4615  9888  3957  4841  6822 10459  6874 13654 12795  4397  8945] [] 1716260572.7173945904
[ 1  1  1 -1  1  1  1  1  1  1  1 -1  1  1  1  1  1  1  1  1  1  1  1] [ 1  2  3  4 10 11 12 18 19 20 21 23 26 27 28 29 34 35 36 37 42 44 45] [ 5793  7009  2290 10757  5246  2712 14864  2855  3238  7261  9944 14105
  4425  7623  3438  4689  6202 10071  6415 13344 11045  4064  8698] [] 1716260572.7602806091
[ 1  1  1 -1  1  1  1  1  1  1 -1  1  1  1  1  1  1  1  1  1  1  1  1] [ 1  2  3  4 10 11 12 18 19 20 21 23 26 27 28 29 34 35 36 37 42 44 45] [ 5636  6749  2209 10919  4500  2522 14607  2737  3137  6752 10102 13617
  4250  7178  3209  4537  5900  8955  5855 12818 10027  3867  8635] [] 1716260572.8032798767
[ 1  1  1  1  1  1 -1  1  1  1  1  1  1  1  1  1  1  1  1  1  1  1  1] [ 1  2  3  4 10 11 12 18 19 20 21 23 26 27 28 29 34 35 36 37 42 44 45] [ 5625  6698  2166 10891  4349  2489 14653  2690  3109  6562  9821 13493
  4095  7020  3003  4410  5771  8207  5764 12770  9194  3798  8393] [] 1716260572.8463034630
[ 1  1  1  1  1  1  1  1  1  1 -1  1  1 -1  1  1  1  1  1  1 -1  1  1  1] [ 1  2  3  4 10 11 12 18 19 20 21 23 26 27 28 29 34 35 36 37 38 42 44 45] [ 5613  6532  2115 10673  4271  2446 14590  2635  3049  6527  9917 13337
  3744  7039  2875  4364  5603  7485  5134 12757 13697  7101  3717  7419] [] 1716260572.8894159794
[ 1 -1  1  1  1  1  1 -1 -1  1  1  1 -1 -1  1  1  1  1  1  1  1 -1  1  1
 -1  1 -1] [ 1  2  3  4 10 11 12 13 15 18 19 20 21 23 26 27 28 29 34 35 36 37 38 42
 44 45 53] [ 5129  6545  2115 10080  4139  2396 14390 15784 15688  2630  3000  6329
 10073 13351  3436  6846  2757  4234  5415  7115  4794 13103 12777  6182
  3722  6826 12679] [] 1716260572.9322962761
[ 1  1  1 -1  1  1  1 -1  1  1  1  1  1 -1  1  1  1 -1  1 -1  1 -1  1  1
  1  1  1] [ 1  2  3  4 10 11 12 13 15 18 19 20 21 23 26 27 28 29 34 35 36 37 38 42
 44 45 53] [ 4979  6519  2049 10110  4045  2379 13721 15997 14170  2578  2951  6135
  9962 13444  3276  6833  2667  4454  5359  7142  4702 13115 10534  5456
  3593  6597 10145] [] 1716260572.9751493931
[ 1  1  1  1  1  1  1  1  1  1  1  1 -1 -1  1 -1  1  1  1 -1  1  1  1  1
  1  1  1] [ 1  2  3  4 10 11 12 13 15 18 19 20 21 23 26 27 28 29 34 35 36 37 38 42
 44 45 53] [ 4638  6439  2005 10084  3910  2351 12070 12664 13856  2501  2916  5271
 10045 13511  3220  6900  2643  4413  4722  7191  4539 12992  9072  4894
  3451  6517  8304] [] 1716260573.0181567669
[ 1  1  1  1  1  1  1  1  1  1  1  1  1  1  1  1  1  1  1  1  1 -1  1  1
  1  1  1] [ 1  2  3  4 10 11 12 13 15 18 19 20 21 23 26 27 28 29 34 35 36 37 38 42
 44 45 53] [ 4545  6183  1982 10082  3670  2347 11766 12427 13376  2481  2901  5121
  8485 13448  3109  6873  2533  4299  4572  6762  4334 13046  8798  4700
  3343  6402  6282] [] 1716260573.0611622334
[ 1 -1  1 -1  1  1  1  1  1  1 -1  1  1 -1  1  1  1 -1  1  1  1  1  1  1
  1  1 -1 -1  1] [ 1  2  3  4 10 11 12 13 15 18 19 20 21 23 26 27 28 29 34 35 36 37 38 42
 44 45 46 52 53] [ 4474  6251  1970 10107  3639  2319 11594 12385 13193  2446  2919  5067
  8375 13580  3067  6869  2453  4347  4418  6723  4043 12900  8483  4250
  3067  6057 10404 13575  4986] [] 1716260573.1042511463
[ 1 -1  1  1  1  1  1  1  1  1  1  1 -1 -1  1  1  1 -1  1 -1  1 -1 -1  1
  1  1  1  1  1] [ 1  2  3  4 10 11 12 13 15 18 19 20 21 23 26 27 28 29 34 35 36 37 38 42
 44 45 46 52 53] [ 4095  6334  1923 10015  3496  2232  9384 11255 13175  2420  2845  4900
  8455 13638  2940  6822  2365  4379  4343  6786  3644 13000  8500  4122
  3013  5683  8639 11430  4540] [] 1716260573.1472654343
[ 1  1  1 -1  1  1  1  1  1  1  1  1  1 -1  1  1  1  1  1 -1  1 -1 -1  1
  1 -1  1 -1  1  1] [ 1  2  3  4 10 11 12 13 15 18 19 20 21 23 26 27 28 29 34 35 36 37 38 42
 44 45 46 51 52 53] [ 3881  6262  1910 10115  3401  2182  9203  9374 13015  2407  2802  4826
  8394 13708  2832  6778  2335  4290  4285  6835  3334 13001  8545  3650
  2934  6319  7486 12218 10119  4237] [] 1716260573.1903564930
[ 1  1 -1  1  1  1  1  1  1  1  1  1 -1  1  1  1  1  1  1  1  1  1  1  1
  1  1  1  1  1  1] [ 1  2  3  4 10 11 12 13 15 18 19 20 21 23 26 27 28 29 34 35 36 37 38 42
 44 45 46 51 52 53] [ 3614  6219  1919  9909  3264  2114  8007  8905 12967  2389  2785  4695
  8460 13626  2823  6762  2188  4151  3899  6448  3085 10158  8456  3456
  2927  5251  7207  9895  9991  3942] [] 1716260573.2334306240
[ 1 -1  1 -1  1  1  1  1 -1 -1  1  1  1  1  1  1  1  1  1  1  1  1  1  1
  1  1  1  1  1  1] [ 1  2  3  4 10 11 12 13 15 18 19 20 21 23 26 27 28 29 34 35 36 37 38 42
 44 45 46 51 52 53] [ 3552  6229  1863  9940  3224  2080  7710  8126 13047  2396  2735  4671
  8439 13501  2758  6760  2168  3803  3747  5944  3036  9484  7683  3152
  2819  4778  6057  8459  9621  3786] [] 1716260573.2762837410
[ 1  1 -1 -1  1  1  1  1 -1  1  1  1 -1 -1  1 -1  1  1 -1  1  1  1  1 -1
 -1 -1 -1 -1 -1 -1 -1 -1  1  1] [ 1  2  3  4 10 11 12 13 15 18 19 20 21 23 26 27 28 29 32 34 35 36 37 38
 41 42 44 45 46 47 50 51 52 53] [ 3478  5811  1881 10181  3177  2056  5956  7069 13119  2299  2691  4367
  8443 13568  2677  6902  2114  3633 13699  3531  5564  2770  9184  7697
 14691  3286  2847  5031  6061 14739 14147  8510  8229  3739] [] 1716260573.3193583488
[ 1  1  1 -1 -1  1  1  1 -1  1  1  1 -1 -1  1 -1  1  1 -1  1  1  1  1  1
  1  1  1  1  1  1 -1 -1 -1  1] [ 1  2  3  4 10 11 12 13 15 18 19 20 21 23 26 27 28 29 32 34 35 36 37 38
 41 42 44 45 46 47 50 51 52 53] [ 3408  5731  1835 10711  3232  2052  5654  6341 13335  2266  2670  4269
  8487 13616  2617  6936  2064  3573 13989  3471  5498  2742  9074  7616
 14574  3274  2836  4813  6043 14686 14322  8666  8305  3674] [] 1716260573.3623635769
[ 1  1  1 -1  1 -1  1  1 -1 -1  1  1  1 -1  1  1  1 -1 -1 -1 -1 -1  1 -1
 -1 -1  1 -1 -1 -1 -1  1  1  1] [ 1  2  3  4 10 11 12 13 15 18 19 20 21 23 26 27 28 29 32 34 35 36 37 38
 41 42 44 45 46 47 50 51 52 53] [ 3362  5649  1823 11055  3200  2059  5605  5885 13439  2269  2668  4264
  8466 13684  2607  6652  2064  3575 15021  3565  5529  2751  8907  7716
 14605  3277  2815  5079  6079 14784 14374  8144  8268  3601] [] 1716260573.4054272175
[ 1  1 -1  1  1  1  1  1  1  1  1  1  1  1 -1  1  1  1  1 -1 -1 -1 -1  1
  1  1 -1 -1  1  1  1  1] [ 1  2  3  4 10 11 12 13 15 18 19 20 21 23 26 27 28 29 32 34 35 36 37 38
 41 42 44 45 46 51 52 53] [ 3292  5450  1824 10889  3192  2047  5472  5782 13309  2257  2659  4210
  8430 13585  2647  6538  2048  3572 13742  3583  5958  2753  8945  7669
 14579  3163  2829  5247  5967  7951  8064  3488] [] 1716260573.4483165741
[-1 -1 -1 -1  1  1 -1 -1  1 -1  1  1 -1  1  1  1 -1 -1 -1  1  1  1  1 -1
  1 -1 -1 -1 -1 -1 -1] [ 1  2  3  4 10 11 12 13 15 18 19 20 21 23 26 27 28 29 32 34 35 36 37 38
 42 44 45 46 51 52 53] [ 3338  5491  1839 10892  3078  2041  5511  5802 12983  2268  2617  4151
  8502 13522  2645  6377  2050  3647 13806  3486  5712  2727  8926  7692
  3120  2831  5626  5975  8042  9618  3635] [] 1716260573.4912850857
[-1  1  1 -1 -1  1 -1 -1  1 -1 -1 -1  1 -1  1 -1 -1 -1  1  1 -1 -1 -1  1
 -1 -1 -1 -1 -1 -1 -1] [ 1  2  3  4 10 11 12 13 15 18 19 20 21 23 26 27 28 29 32 34 35 36 37 38
 42 44 45 46 51 52 53] [ 3354  5465  1817 11043  3136  2028  5626  5921 12955  2277  2632  4160
  8481 13536  2601  6411  2056  3739 13124  3455  5737  2743  8988  7476
  3214  2843  6155  7922  9064  9801  3846] [] 1716260573.5343391895
[ 1 -1 -1  1  1 -1 -1 -1  1 -1 -1 -1  1  1 -1 -1 -1 -1 -1  1 -1 -1 -1  1
  1 -1 -1 -1 -1] [ 1  2  3  4 10 11 12 13 15 18 19 20 21 23 26 27 28 29 34 35 36 37 38 42
 44 45 46 52 53] [ 3343  5723  1824 10861  3120  2051  6400  6343 12903  2280  2703  4595
  8387 13429  2656  6447  2090  3883  3583  5728  2847  8999  8399  3174
  2842  6522  8087  9837  4204] [] 1716260573.5773530006
[-1 -1 -1 -1 -1 -1 -1 -1  1 -1 -1 -1  1 -1 -1  1 -1 -1 -1  1 -1 -1  1 -1
 -1 -1 -1 -1 -1] [ 1  2  3  4 10 11 12 13 15 18 19 20 21 23 26 27 28 29 34 35 36 37 38 42
 44 45 46 52 53] [ 3395  5975  1843 10889  3176  2122  6556  7799 12903  2311  2719  4688
  8386 13453  2729  6429  2146  3946  3999  5676  2996  9590  8350  3800
  3099  7199 11624 16303  5768] [] 1716260573.6203548908
[-1  1 -1  1 -1 -1 -1 -1 -1 -1 -1  1  1 -1 -1 -1 -1 -1 -1 -1 -1 -1 -1 -1
 -1  1 -1] [ 1  2  3  4 10 11 12 13 15 18 19 20 21 23 26 27 28 29 34 35 36 37 38 42
 44 45 53] [ 3536  5860  1862 10603  3224  2185  7572  9635 12911  2343  2749  4635
  8305 13545  2871  6476  2241  3987  4317  5852  3147 10054  8396  3969
  3119  6953  6474] [] 1716260573.6633179188
[-1  1 -1  1  1 -1 -1 -1  1 -1 -1 -1  1  1 -1  1 -1 -1 -1  1 -1 -1 -1 -1
 -1 -1 -1] [ 1  2  3  4 10 11 12 13 15 18 19 20 21 23 26 27 28 29 34 35 36 37 38 42
 44 45 53] [ 3634  5809  1880 10469  3220  2219  8806 10582 12656  2366  2772  4829
  8273 13340  2912  6472  2281  3993  4762  5759  3503 10195  8407  4502
  3123  7031 14395] [] 1716260573.7062959671
[-1  1 -1  1 -1 -1 -1 -1 -1 -1 -1 -1  1  1 -1 -1 -1  1 -1  1 -1 -1 -1 -1
 -1 -1] [ 1  2  3  4 10 11 12 13 15 18 19 20 21 23 26 27 28 29 34 35 36 37 38 42
 44 45] [ 3684  5735  1895 10286  3458  2250  9810 12291 12713  2367  2827  4850
  8252 13278  2933  6476  2311  3958  4823  5736  3717 12870 10100  6079
  3380  8131] [] 1716260573.7492227554
[-1  1 -1  1 -1 -1 -1 -1 -1 -1 -1 -1 -1 -1 -1  1 -1 -1 -1 -1 -1 -1 -1 -1
 -1 -1] [ 1  2  3  4 10 11 12 13 15 18 19 20 21 23 26 27 28 29 34 35 36 37 38 42
 44 45] [ 3934  5633  1933  9863  3720  2277 10566 12457 13061  2420  2847  4909
  9713 13310  3211  6451  2433  4003  5657  5759  4042 13177 10275  9162
  3573  8334] [] 1716260573.7921710014
[-1 -1 -1  1 -1 -1 -1 -1 -1 -1  1 -1 -1  1 -1 -1 -1 -1 -1 -1 -1 -1 -1 -1
 -1 -1] [ 1  2  3  4 10 11 12 13 15 18 19 20 21 23 26 27 28 29 34 35 36 37 38 42
 44 45] [ 4205  5636  1963  9565  3835  2314 13803 13471 13444  2450  2841  5984
  9716 13110  3365  6491  2561  4015  6311  5975  4358 13394 13753 14395
  3611  8578] [] 1716260573.8352179527
[-1 -1 -1  1 -1 -1  1 -1 -1 -1 -1  1  1 -1  1 -1 -1  1 -1 -1 -1 -1 -1] [ 1  2  3  4 10 11 12 15 18 19 20 21 23 26 27 28 29 34 35 36 37 44 45] [ 4326  5647  2022  9515  3915  2358 13704 14149  2517  2879  6047  9633
 12978  3423  6449  2636  4019  5999  6608  4503 13984  3713  8684] [] 1716260573.8781001568
[-1  1 -1  1 -1 -1 -1 -1 -1 -1  1  1 -1 -1 -1  1 -1 -1 -1  1 -1 -1] [ 1  2  3  4 10 11 12 18 19 20 21 23 26 27 28 29 34 35 36 37 44 45] [ 4805  5632  2074  9457  4313  2468 14424  2533  2899  6085  9562 12862
  3711  6511  2698  4002  6362  6682  4943 13556  3908 12582] [] 1716260573.9213142395
[-1 -1 -1  1 -1 -1 -1 -1 -1  1 -1  1 -1 -1 -1 -1 -1 -1 -1  1 -1] [ 1  2  3  4 10 11 12 18 19 20 21 23 26 27 28 29 34 35 36 37 44] [ 5129  5705  2182  9291  4515  2589 14592  2599  2984  6037  9588 12855
  3993  6663  2967  4116  6651  6702  6002 13514  3953] [] 1716260573.9643790722
[-1 -1 -1  1 -1 -1  1 -1 -1 -1  1 -1 -1 -1 -1 -1 -1 -1  1 -1 -1] [ 1  2  3  4 10 11 12 18 19 20 21 23 26 27 28 29 34 35 36 37 44] [ 5459  5760  2252  9284  4723  2629 14445  2647  3009  6175  9503 12856
  4301  7214  3131  4357  7285  6841  5950 13587  4370] [] 1716260574.0072424412
[-1 -1 -1 -1 -1 -1 -1 -1 -1 -1  1  1 -1 -1 -1 -1 -1 -1 -1 -1 -1] [ 1  2  3  4 10 11 12 18 19 20 21 23 26 27 28 29 34 35 36 37 44] [ 5610  5842  2360  9355  5163  2670 14498  2721  3081  6346  9426 12805
  4558  8630  3414  4365  7471  7215  6355 13838  6153] [] 1716260574.0501184464
[-1 -1 -1  1 -1 -1 -1 -1 -1 -1  1 -1 -1 -1 -1 -1 -1 -1 -1  1 -1] [ 1  2  3  4 10 11 12 18 19 20 21 23 26 27 28 29 34 35 36 37 44] [ 5786  6039  2645  9193  5481  2846 15539  2880  3202  6701  9423 13001
  4689  9439  3956  5105  8817  9368  7281 13823 10140] [] 1716260574.0932428837
[-1  1 -1 -1 -1 -1 -1 -1 -1 -1 -1 -1 -1  1 -1  1 -1 -1 -1 -1] [ 1  2  3  4 10 11 12 18 19 20 21 23 26 27 28 29 34 35 36 44] [ 6181  6005  2730  9253  5560  2914 15646  2963  3265  6817  9446 13091
  5005  9100  4109  5021  8947  9682  8302 12483] [] 1716260574.1362659931
[-1 -1 -1 -1 -1 -1 -1 -1 -1 -1 -1 -1 -1 -1 -1 -1 -1 -1 -1] [ 1  2  3  4 10 11 18 19 20 21 23 26 27 28 29 34 35 36 44] [ 6544  6044  2967  9546  6073  3126  2974  3323  7194  9495 13114  5941
  9341  4743  5795 11652 13359 10289 13259] [] 1716260574.1792361736
[-1 -1 -1 -1 -1 -1 -1 -1 -1 -1 -1 -1  1 -1 -1 -1 -1] [ 1  2  3  4 10 11 18 19 20 21 23 26 27 28 29 35 36] [ 6940  6254  3158 10179  6590  3684  3127  3426  9857  9525 13221  6701
  9329  5376  6045 14123 12408] [] 1716260574.2221810818
[-1 -1 -1 -1 -1 -1 -1 -1 -1 -1 -1 -1 -1 -1  1 -1 -1] [ 1  2  3  4 10 11 18 19 20 21 23 26 27 28 29 35 36] [ 6996  6576  3293 10377  6774  3875  3292  3473 10040  9693 13492  6755
  9461  5995  5559 15524 13183] [] 1716260574.2653021812
[-1 -1 -1 -1  1 -1 -1 -1 -1  1 -1 -1 -1 -1 -1] [ 1  2  3  4 10 11 18 19 20 21 26 27 28 29 36] [ 7017  6804  3399 10485  6752  3974  3455  3569 10093  9603  7990  9617
  6477  5601 13518] [] 1716260574.3082628250
[-1 -1 -1 -1 -1 -1 -1 -1 -1 -1  1 -1 -1] [ 1  2  3 10 11 18 19 20 21 26 27 28 29] [ 7081  8965  3560  6963  4218  3897  3579 10222  9691  8131  9577  8350
  6847] [] 1716260574.3512291908
[-1 -1 -1 -1 -1 -1 -1 -1 -1 -1 -1 -1 -1] [ 1  2  3 10 11 18 19 20 21 26 27 28 29] [ 8121  9893  3805  7413  4508  4213  3675 10458 10122  9087 12154  9384
  8146] [] 1716260574.3941648006
[-1 -1 -1 -1 -1 -1 -1 -1 -1 -1 -1 -1 -1] [ 1  2  3 10 11 18 19 20 21 26 27 28 29] [ 9500 10554  3980  7514  5130  4327  3741 10538 10146 12253 12192 10350
  9980] [] 1716260574.4372711182
[-1 -1 -1 -1 -1 -1 -1 -1 -1 -1 -1 -1 -1] [ 1  2  3 10 11 18 19 20 21 26 27 28 29] [ 9672 10581  4608  8015  6330  4909  3912 10852 10239 12863 12449 10431
 10051] [] 1716260574.4803466797
[-1 -1 -1 -1 -1 -1 -1 -1 -1 -1 -1 -1] [ 1  2  3 10 11 18 19 20 21 27 28 29] [ 9766 10745  4791  8440  6583  5358  4041 11287 10485 12875 10514 10405] [] 1716260574.5232071877
[-1 -1 -1 -1 -1 -1 -1 -1 -1  1 -1 -1] [ 1  2  3 10 11 18 19 20 21 27 28 29] [10354 10746  4973  8835  7668  6240  4441 11912 10780 12696 10653 10439] [] 1716260574.5662417412
[-1 -1 -1 -1 -1 -1 -1 -1 -1  1 -1 -1] [ 1  2  3 10 11 18 19 20 21 27 28 29] [14224 10858  5160  9318  7815  6531  4860 13499 11029 12597 11296 11361] [] 1716260574.6092586517
[ 1 -1 -1 -1 -1 -1  1  1 -1 -1] [ 1  2  3 10 11 18 19 20 21 28] [13926 12304  5354 10282  7936  7413  4857 13299 11193 11544] [] 1716260574.6522834301
[-1 -1 -1 -1 -1 -1  1 -1] [ 1  2  3 10 11 18 19 28] [13968 14031  7454 14256  8520 10632  4822 11756] [] 1716260574.6952404976
[ 1  1 -1  1 -1 -1  1] [ 1  2  3 11 18 19 28] [13918 13842 13673  8500 10776  5587 11635] [] 1716260574.7382409573
[-1  1  1 -1 -1] [ 1  2 11 18 19] [14208 13763  8420 11034  9204] [] 1716260574.7812190056
[-1  1 -1 -1] [ 1  2 11 19] [14396 11464  8439  9285] [] 1716260574.8242197037
[ 1  1 -1 -1] [ 1  2 11 19] [14372 11464  8516 13024] [] 1716260574.8671529293
[-1 -1  1] [ 1  2 11] [15996 12463  8487] [] 1716260574.9102487564
[ 1 -1] [ 2 11] [11970  9102] [] 1716260574.9532494545
[-1 -1] [ 2 11] [12868  9756] [] 1716260574.9961419106
[1] [11] [9745] [] 1716260575.0391571522
[-1] [11] [10862] [] 1716260575.0821659565
[-1] [11] [14865] [] 1716260575.1251773834
2 2 2 1716260575.3090233803
