FA TAX ADC PRES TS
[1] [11] [11219] [] 1716260963.1618037224
[-1] [11] [11241] [] 1716260963.2048387527
[1] [11] [11217] [] 1716260963.2477841377
[1] [11] [10581] [] 1716260963.2907810211
[1] [11] [10396] [] 1716260963.3337137699
[1] [11] [9250] [] 1716260963.3767900467
[1] [11] [9089] [] 1716260963.4197018147
[1] [11] [9042] [] 1716260963.4627661705
[-1 -1] [11 28] [ 9292 11954] [] 1716260963.5057082176
[ 1 -1  1] [11 20 28] [ 9085 15589 11628] [] 1716260963.5488169193
[1 1 1] [11 20 28] [ 8958 15382 11309] [] 1716260963.5918059349
[1 1 1] [11 20 28] [ 8871 14117 11216] [] 1716260963.6347823143
[-1 -1  1 -1] [11 19 20 28] [ 9069 10127 13109 11406] [] 1716260963.6777265072
[ 1  1 -1  1] [11 19 20 28] [ 9013 10082 14070 11345] [] 1716260963.7208890915
[ 1  1  1 -1] [11 19 20 28] [ 8897  9951 12795 11406] [] 1716260963.7637879848
[-1 -1 -1  1 -1] [10 11 19 20 28] [12538  9034  9996 12716 11490] [] 1716260963.8068423271
[-1  1  1  1  1] [10 11 19 20 28] [13240  8712  9696 12215 11384] [] 1716260963.8497459888
[-1 -1 -1  1 -1 -1] [10 11 19 20 28 29] [13298  8722  9742 12136 11469 11870] [] 1716260963.8927743435
[ 1  1 -1  1 -1 -1 -1] [10 11 19 20 27 28 29] [12296  8695  9847 11893 13752 11806 11916] [] 1716260963.9357621670
[1 1 1 1 1 1 1] [10 11 19 20 27 28 29] [12077  8597  9701 11344 12661 11639 11477] [] 1716260963.9786865711
[-1 -1 -1  1 -1 -1 -1  1  1 -1] [10 11 19 20 21 26 27 28 29 44] [13082  8741  9710 11194 12333 11717 12851 11519 11331 15016] [] 1716260964.0216927528
[ 1 -1 -1 -1  1  1  1 -1 -1 -1  1] [10 11 18 19 20 21 26 27 28 29 44] [11108  8824 11545  9721 11119 11565 11483 12927 11565 11376 14147] [] 1716260964.0648095608
[1 1 1 1 1 1 1 1 1 1 1] [10 11 18 19 20 21 26 27 28 29 44] [10226  8807  9477  7902 10826 11133  9240 12900 11383 10988 13753] [] 1716260964.1077556610
[1 1 1 1 1 1 1 1 1 1 1] [10 11 18 19 20 21 26 27 28 29 44] [10164  8770  9267  7445 10745 10973  9135 12783 11279 10864 13207] [] 1716260964.1508107185
[ 1  1  1  1  1  1  1  1  1 -1  1] [10 11 18 19 20 21 26 27 28 29 44] [ 9771  8722  8998  6990 10606 10801  8954 12546 11140 10981 12825] [] 1716260964.1937093735
[ 1  1  1  1 -1  1  1 -1  1  1 -1] [10 11 18 19 20 21 26 27 28 29 44] [ 9768  8719  8566  6474 10625 10704  8759 12573 11052 10818 12859] [] 1716260964.2368128300
[ 1  1  1  1  1  1  1  1  1 -1  1] [10 11 18 19 20 21 26 27 28 29 44] [ 9052  8666  7279  6042 10416 10578  8703 12477 10961 10836 12655] [] 1716260964.2797853947
[ 1  1  1  1  1  1  1 -1 -1  1 -1] [10 11 18 19 20 21 26 27 28 29 44] [ 8652  8645  6714  5631  8392 10446  8587 12606 11118 10564 12885] [] 1716260964.3227860928
[ 1  1  1  1  1  1  1 -1 -1  1 -1 -1  1] [10 11 18 19 20 21 26 27 28 29 35 36 44] [ 8467  6782  5101  5418  8165 10433  8434 12925 11219 10470 14423 14517
  9870] [] 1716260964.3658118248
[ 1  1  1  1  1  1  1  1  1 -1  1  1  1] [10 11 18 19 20 21 26 27 28 29 35 36 44] [ 8222  6714  4859  4926  7292 10291  8309 12817 10120 10472 13301 14425
  7871] [] 1716260964.4088220596
[-1  1  1  1  1  1 -1  1 -1  1  1  1  1  1] [ 3 10 11 18 19 20 21 26 27 28 29 35 36 44] [12683  8117  6305  4765  4416  7098 10342  8164 12911 10055 10401 12796
 14129  6470] [] 1716260964.4518280029
[ 1  1  1  1  1  1 -1 -1  1  1  1 -1 -1 -1  1] [ 3 10 11 18 19 20 21 26 27 28 29 34 35 36 44] [ 5455  7005  5353  4324  4316  7050 10428  8218 12461  9477 10253 10613
 13147 14155  5293] [] 1716260964.4948208332
[ 1  1  1  1  1  1  1  1  1  1  1  1 -1  1 -1  1] [ 3 10 11 18 19 20 21 26 27 28 29 34 35 36 42 44] [ 5260  6247  5187  4063  4230  6869 10175  7507 10285  8830 10146  7992
 13354 13904 13829  4635] [] 1716260964.5378057957
[-1  1  1  1  1  1  1  1  1  1  1  1  1 -1  1  1  1 -1] [ 1  3 10 11 18 19 20 21 26 27 28 29 34 35 36 42 44 45] [16328  4991  5940  4883  3839  4158  6471  9956  6714  9935  7678  8380
  7871 13503 13520 12631  4567 11962] [] 1716260964.5808122158
[ 1  1  1  1  1  1 -1 -1  1  1  1  1  1 -1  1 -1  1  1  1] [ 3 10 11 18 19 20 21 23 26 27 28 29 34 35 36 37 42 44 45] [ 4983  5859  4742  3740  4011  6419 10027 15927  6245  9726  7507  7105
  7643 13970 13481 16320 11424  4288  9970] [] 1716260964.6238234043
[ 1  1  1  1  1  1 -1  1  1 -1  1  1  1  1  1  1  1  1  1] [ 3 10 11 18 19 20 21 23 26 27 28 29 34 35 36 37 42 44 45] [ 4940  5607  4627  3639  3842  6348 10112 15474  5540  9802  6852  7003
  6883 13931 11693 13761 10745  4180  9036] [] 1716260964.6668193340
[-1  1  1  1  1 -1  1  1  1  1 -1  1  1 -1  1  1  1  1  1  1] [ 1  3 10 11 18 19 20 21 23 26 27 28 29 34 35 36 37 42 44 45] [16190  4937  5115  4606  3516  3858  6300  9979 15307  5050  9860  6417
  5751  7726 13127 11578 13632  9467  4123  8697] [] 1716260964.7097723484
[ 1  1  1  1  1  1 -1 -1  1  1 -1  1  1  1  1  1  1  1  1  1] [ 1  3 10 11 18 19 20 21 23 26 27 28 29 34 35 36 37 42 44 45] [16000  4885  4868  4261  3431  3776  6603  9984 14936  4841  9872  5879
  5665  6842 12629 10893 13243  8314  3957  8575] [] 1716260964.7529208660
[ 1  1  1  1  1  1  1 -1  1  1  1  1  1  1  1  1  1  1  1  1] [ 1  3 10 11 18 19 20 21 23 26 27 28 29 34 35 36 37 42 44 45] [15595  4765  4436  4075  3346  3633  5575  9992 13477  4698  9793  5507
  4805  6598  9148  9247 13227  7998  3884  8385] [] 1716260964.7958700657
[-1 -1  1  1  1  1  1  1  1  1  1 -1  1  1 -1  1  1  1  1 -1 -1 -1] [ 1  2  3 10 11 18 19 20 21 23 26 27 28 29 34 35 36 37 42 44 45 53] [15897 16027  4713  4307  4058  3225  3617  5169  9932 12975  4547  9841
  5198  4543  6615  8820  7952 13033  7745  3934  8557 11466] [] 1716260964.8389229774
[-1 -1  1  1  1  1  1  1  1 -1  1  1  1  1  1  1  1  1  1  1  1  1] [ 1  2  3 10 11 18 19 20 21 23 26 27 28 29 34 35 36 37 42 44 45 53] [16108 16042  4505  4183  3817  3075  3597  5078  9906 13449  4379  9699
  4884  4383  6594  8612  6525 12897  6292  3852  6734  8706] [] 1716260964.8818440437
[ 1  1  1  1  1  1  1  1 -1  1  1  1  1 -1  1  1  1 -1  1  1  1  1] [ 1  2  3 10 11 18 19 20 21 23 26 27 28 29 34 35 36 37 42 44 45 53] [11742 15818  3967  4011  3519  2982  3477  4657  9994 13244  4324  9614
  4436  4453  6591  8420  6024 13083  5307  3710  6726  7079] [] 1716260964.9248576164
[ 1  1  1  1  1  1  1 -1  1  1  1  1  1  1  1 -1  1 -1  1  1  1  1] [ 1  2  3 10 11 18 19 20 21 23 26 27 28 29 34 35 36 37 42 44 45 53] [11412  9439  3743  3904  3343  2942  3447  4661  9832 13231  4208  7590
  4176  4451  6520  8500  5937 13107  4826  3604  6703  5580] [] 1716260964.9678702354
[ 1  1  1  1  1  1  1  1 -1 -1  1  1  1  1  1  1  1  1  1  1  1 -1  1] [ 1  2  3 10 11 18 19 20 21 23 26 27 28 29 34 35 36 37 42 44 45 46 53] [11284  8410  3698  3810  3327  2933  3383  4530  9874 13238  3963  7275
  3757  4379  6259  7772  5653 13059  4398  3366  6561 11021  5172] [] 1716260965.0108611584
[ 1 -1  1  1  1  1  1  1 -1  1  1  1  1  1  1  1  1  1 -1  1  1  1 -1  1] [ 1  2  3 10 11 18 19 20 21 23 26 27 28 29 34 35 36 37 42 44 45 46 51 53] [10892  8575  3537  3643  3217  2821  3319  4442  9920 13045  3622  7070
  3426  4169  6216  7126  5320 12803  4421  3187  6366 10763 14297  4882] [] 1716260965.0537614822
[ 1 -1  1  1  1  1  1  1 -1  1 -1  1  1 -1  1  1  1  1  1  1 -1  1  1  1
 -1] [ 1  2  3 10 11 18 19 20 21 23 26 27 28 29 34 35 36 37 42 44 45 46 51 53
 54] [10749  8949  3509  3613  3170  2766  3233  4380  9970 12920  3629  6722
  3313  4175  6194  6996  5182 12787  4185  3034  6509  9418 11443  4713
 12824] [] 1716260965.0968968868
[-1 -1  1  1  1  1  1  1  1 -1  1 -1  1  1  1  1  1  1 -1  1  1 -1  1  1
  1  1] [ 1  2  3 10 11 18 19 20 21 23 26 27 28 29 34 35 36 37 38 42 44 45 46 51
 53 54] [10757  9355  3269  3558  3143  2711  3141  4249  9852 13052  3439  6842
  3181  4154  5744  6803  4991 12505 11835  3787  3011  6976  8933 11191
  4186 12142] [] 1716260965.1398065090
[ 1 -1  1  1  1 -1  1  1  1 -1 -1 -1  1  1  1  1  1  1 -1  1  1 -1  1  1
  1  1 -1  1  1] [ 1  2  3 10 11 12 18 19 20 21 23 26 27 28 29 34 35 36 37 38 42 43 44 45
 46 51 52 53 54] [10643  9386  3013  3538  3043 15978  2695  3082  3977  9981 13175  3469
  6811  2963  4117  5553  6698  4744 12976 10791  3731 15839  3000  6167
  8305 11063 14045  4053 12114] [] 1716260965.1828050613
[-1 -1  1 -1  1  1 -1  1  1  1 -1 -1  1 -1  1  1  1  1  1 -1  1  1  1 -1
  1 -1 -1 -1  1  1 -1 -1 -1] [ 1  2  3 10 11 12 15 18 19 20 21 23 26 27 28 29 34 35 36 37 38 42 43 44
 45 46 47 50 51 52 53 54 61] [10714  9751  2879  3592  2997 15945 16343  2619  3050  3777 10006 13471
  3141  6887  2840  4068  5534  6280  4239 13232 10126  3636 14543  3072
  5626  8421 15626 16031 10947 13071  4312 12216  7425] [] 1716260965.2257883549
[ 1 -1  1 -1  1  1  1  1  1  1  1  1 -1  1  1  1  1  1  1  1 -1  1  1  1
  1  1  1  1  1  1  1  1  1  1] [ 1  2  3  4 10 11 12 15 18 19 20 21 23 26 27 28 29 34 35 36 37 38 42 43
 44 45 46 47 50 51 52 53 54 61] [10665 10059  2855 13565  3537  2995 15688 16119  2599  3040  3691  9961
 13903  2999  6827  2834  4055  5487  5725  4067 13461  9950  3432 14371
  3010  4979  7087 13084 15387 10857 12603  4141  9976  7083] [] 1716260965.2689008713
[ 1  1  1  1  1  1  1  1  1 -1  1  1 -1  1 -1  1  1  1 -1  1  1  1 -1 -1
  1  1  1  1  1  1  1  1  1  1] [ 1  2  3  4 10 11 12 15 18 19 20 21 23 26 27 28 29 34 35 36 37 38 42 43
 44 45 46 47 50 51 52 53 54 61] [10581  9879  2730 13509  3521  2850 15054 15219  2565  3046  3556  9952
 13935  2957  7047  2657  3999  5467  6402  4005  9536  8742  3493 14677
  2922  4837  6157 12197 11000  9764  9751  4080  9713  7016] [] 1716260965.3118832111
[ 1  1  1  1  1  1  1  1  1  1  1 -1 -1  1  1  1  1 -1  1  1  1  1 -1  1
  1  1  1 -1  1  1  1  1  1  1  1] [ 1  2  3  4 10 11 12 15 18 19 20 21 23 26 27 28 29 32 34 35 36 37 38 42
 43 44 45 46 47 50 51 52 53 54 61] [10549  9515  2623 12645  3496  2807 14898 14727  2547  3024  3541 10009
 14125  2873  6961  2589  3971 13915  5407  6340  3902  9236  8773  3170
 14411  2856  4213  6899 10313  9615  8089  9114  3872  9145  6680] [] 1716260965.3548393250
[ 1 -1  1 -1  1  1 -1  1  1  1  1 -1  1  1  1  1  1  1  1  1  1 -1  1  1
  1 -1  1  1  1  1  1 -1  1  1  1] [ 1  2  3  4 10 11 12 15 18 19 20 21 23 26 27 28 29 32 34 35 36 37 38 42
 43 44 45 46 47 50 51 52 53 54 61] [10404  9778  2534 13227  3448  2692 15018 14663  2527  2925  3524 10048
 14029  2841  6839  2449  3955 13566  4967  5948  3674  9375  8554  3059
 14315  2866  4079  6383  9319  8868  7231  9125  3635  8893  6576] [] 1716260965.3978033066
[ 1  1  1  1  1  1  1  1  1  1  1 -1 -1  1 -1  1 -1  1  1  1  1 -1  1  1
 -1  1  1  1  1  1  1  1 -1  1  1] [ 1  2  3  4 10 11 12 15 18 19 20 21 23 26 27 28 29 32 34 35 36 37 38 42
 43 44 45 46 47 50 51 52 53 54 61] [ 9210  9734  2486 13097  3433  2559 14056 14389  2457  2898  3328 10108
 14095  2818  7103  2407  3999 12191  4908  5810  3667  9640  8486  2840
 14335  2762  3975  5791  7993  8245  7183  8777  3688  7369  6473] [] 1716260965.4408340454
[ 1  1  1 -1  1  1  1  1  1 -1 -1  1  1  1  1  1  1  1  1 -1 -1 -1 -1  1
 -1  1  1 -1  1  1  1  1  1  1 -1  1] [ 1  2  3  4 10 11 12 15 18 19 20 21 23 26 27 28 29 32 34 35 36 37 38 42
 43 44 45 46 47 50 51 52 53 54 55 61] [ 9194  9494  2371 13667  3360  2530 12064 13987  2427  2920  3372  8933
 14015  2722  6920  2361  3898 10807  4763  6120  3690  9881  8487  2674
 14767  2730  3845  6015  6642  7582  7182  7507  3646  6932 11430  6451] [] 1716260965.4838919640
[ 1  1  1  1 -1  1  1 -1  1  1  1  1 -1  1 -1  1  1  1  1 -1  1  1  1  1
  1  1  1  1  1  1 -1  1  1  1  1] [ 1  2  3  4 10 11 12 15 18 19 20 21 23 26 27 28 29 32 34 35 36 37 38 42
 44 45 46 47 50 51 52 53 54 55 61] [ 9062  9083  2323 13071  3664  2513 11090 15051  2423  2827  3345  8663
 14095  2695  7152  2260  3815 10434  4571  7008  3546  9308  8461  2520
  2708  3677  5849  6182  7182  6957  7633  3604  5881 10201  6447] [] 1716260965.5268919468
[ 1 -1  1  1  1 -1  1  1  1  1 -1  1  1  1  1  1  1  1  1 -1  1  1  1 -1
 -1  1 -1 -1  1  1 -1 -1  1 -1  1  1] [ 1  2  3  4 10 11 12 15 18 19 20 21 23 26 27 28 29 32 34 35 36 37 38 42
 43 44 45 46 47 50 51 52 53 54 55 61] [ 8872  9255  2269 13017  3500  2521 10715 14821  2389  2720  3372  8645
 14063  2629  6828  2235  3619  9053  4419  7332  3434  8944  8143  2544
 16255  2672  3759  5908  5890  7108  6987  8663  3512  5899  9491  6422] [] 1716260965.5697953701
[ 1  1  1  1  1  1  1  1 -1  1  1 -1 -1  1  1  1 -1  1  1  1  1 -1  1  1
 -1  1  1 -1  1  1  1  1 -1  1  1  1] [ 1  2  3  4 10 11 12 15 18 19 20 21 23 26 27 28 29 32 34 35 36 37 38 42
 43 44 45 46 47 50 51 52 53 54 55 61] [ 8816  9030  2252 12821  3492  2479 10549 14783  2403  2705  3311  8666
 14103  2608  6742  2116  3663  8741  4214  7234  3427  9546  7981  2498
 16379  2656  3683  6019  5812  7056  6926  8611  3518  5827  9389  6391] [] 1716260965.6128332615
[ 1 -1  1 -1  1 -1  1 -1  1  1  1 -1 -1  1 -1 -1  1  1 -1 -1  1  1 -1  1
  1  1  1  1  1  1 -1  1  1  1  1  1] [ 1  2  3  4 10 11 12 15 18 19 20 21 23 26 27 28 29 32 34 35 36 37 38 42
 43 44 45 46 47 50 51 52 53 54 55 61] [ 8633  9040  2234 13250  3489  2491 10431 14839  2363  2696  3294  8743
 14119  2607  6986  2149  3615  8600  4235  7320  3352  8880  8142  2484
 15871  2624  3623  5799  5788  6970  6929  7946  3508  5807  9346  6309] [] 1716260965.6558902264
[ 1 -1  1  1  1  1 -1  1 -1 -1  1  1  1 -1 -1  1  1  1  1  1 -1  1 -1  1
 -1  1  1 -1  1  1  1  1  1  1 -1  1] [ 1  2  3  4 10 11 12 15 18 19 20 21 23 26 27 28 29 32 34 35 36 37 38 42
 43 44 45 46 47 50 51 52 53 54 55 61] [ 8629  9063  2231 12838  3480  2460 10438 14643  2391  2719  3276  8572
 14055  2645  7128  2114  3595  8547  4183  6386  3403  8777  8234  2470
 15933  2624  3599  5941  5756  6966  6926  7878  3496  5687  9395  6296] [] 1716260965.6988501549
[ 1 -1  1 -1  1  1 -1 -1  1  1 -1 -1 -1  1  1  1  1  1  1  1  1 -1  1 -1
 -1 -1 -1 -1  1 -1 -1 -1  1 -1  1] [ 1  2  3  4 10 11 12 15 18 19 20 21 23 26 27 28 29 32 34 35 36 37 38 42
 43 44 45 46 47 50 51 52 53 54 61] [ 7504  9066  2222 13027  3477  2459 10499 14661  2367  2679  3283  8720
 14079  2626  7105  2108  3583  8539  4170  6300  3320  8920  7972  2578
 15947  2640  3711  5950  5743  7408  7381  8005  3480  6458  6287] [] 1716260965.7417907715
[-1  1 -1  1  1 -1  1  1  1 -1 -1  1 -1  1  1 -1 -1  1 -1  1 -1  1  1 -1
  1 -1 -1 -1 -1 -1 -1 -1 -1 -1 -1] [ 1  2  3  4 10 11 12 15 18 19 20 21 23 26 27 28 29 32 34 35 36 37 38 42
 43 44 45 46 47 50 51 52 53 54 61] [ 8455  9022  2250 12975  3190  2507 10417 13309  2365  2689  3285  8575
 14125  2626  6958  2199  3607  8515  4325  6220  3401  8796  7959  2698
 15675  2688  3837  6622  6693  9665  8507  8485  3544  7269  6428] [] 1716260965.7848584652
[-1  1 -1  1 -1  1  1 -1 -1 -1 -1  1 -1 -1 -1 -1 -1 -1 -1 -1 -1 -1 -1  1
 -1 -1  1 -1 -1  1 -1 -1 -1] [ 1  2  3  4 10 11 12 15 18 19 20 21 23 26 27 28 29 32 34 35 36 37 38 42
 44 45 46 47 51 52 53 54 61] [ 8505  9002  2301 12125  3200  2477 10332 13405  2369  2784  3315  8555
 14175  2656  6991  2271  3864  8568  4471  6261  3479  8838  8493  2698
  2768  3999  6433  8533 10569  7248  3709  9118  6602] [] 1716260965.8279023170
[ 1 -1 -1  1 -1 -1  1 -1 -1 -1  1 -1  1 -1 -1 -1 -1 -1 -1 -1 -1 -1  1 -1
 -1 -1 -1 -1 -1 -1 -1 -1 -1 -1 -1] [ 1  2  3  4 10 11 12 15 18 19 20 21 23 26 27 28 29 32 34 35 36 37 38 42
 43 44 45 46 47 50 51 52 53 54 61] [ 8425  9045  2447 11586  3224  2485 10221 13431  2421  2821  3272  8629
 14099  2682  6994  2290  3930  9177  4555  6854  3562  8859  8323  2924
 16307  2850  4299  6640 12193 15060 10638  9534  4068 11600  6769] [] 1716260965.8708956242
[-1 -1 -1 -1 -1  1  1 -1 -1 -1 -1 -1  1 -1 -1 -1 -1 -1 -1  1 -1  1 -1 -1
 -1 -1 -1  1 -1  1 -1] [ 1  2  3  4 10 11 12 15 18 19 20 21 23 26 27 28 29 32 34 35 36 37 38 42
 44 45 46 51 52 53 54] [ 8639  9305  2557 13875  3372  2457 10146 13583  2423  2859  3284  8998
 14071  2811  7058  2371  3958 10519  4979  6836  3722  8832  9783  3200
  2872  4765  7058 10522 11439  4013 12096] [] 1716260965.9138615131
[-1  1 -1  1  1 -1 -1  1  1 -1 -1 -1  1 -1  1 -1  1 -1  1  1 -1 -1  1 -1
 -1 -1 -1 -1 -1 -1 -1 -1] [ 1  2  3  4 10 11 12 15 18 19 20 21 23 26 27 28 29 32 34 35 36 37 38 42
 43 44 45 46 51 52 53 54] [ 9655  9020  2742 11237  3306  2483 11640 13375  2409  2895  3365  9866
 14067  2824  6959  2457  3939 11611  4939  6541  4085 10361  9763  3610
 14823  3104  5820  8586 10710 12165  4295 12548] [] 1716260965.9570169449
[-1 -1 -1  1 -1 -1 -1 -1 -1  1 -1  1  1 -1  1 -1 -1 -1 -1 -1 -1 -1 -1 -1
 -1 -1  1 -1 -1 -1 -1] [ 1  2  3  4 10 11 12 15 18 19 20 21 23 26 27 28 29 34 35 36 37 38 42 43
 44 45 46 51 52 53 54] [ 9959  9284  2996 11142  3384  2676 14656 13867  2448  2895  3519  9829
 14007  2969  6907  2538  3945  5290  6762  4191 11988  9797  3960 14883
  3178  6055  8097 10948 14735  4752 16080] [] 1716260965.9998164177
[ 1 -1 -1 -1 -1  1 -1 -1 -1 -1 -1  1  1 -1 -1 -1  1 -1 -1 -1 -1 -1 -1  1
 -1 -1 -1 -1 -1] [ 1  2  3  4 10 11 12 15 18 19 20 21 23 26 27 28 29 34 35 36 37 38 42 43
 44 45 46 52 53] [ 9875  9513  3131 13095  3488  2653 15034 14127  2492  2929  3583  9736
 13951  2992  6909  2569  3945  5533  6908  4201 12033  9954  4442 14847
  3202  6073  8235 16375  4814] [] 1716260966.0428519249
[-1 -1 -1  1 -1 -1 -1 -1 -1 -1 -1  1  1 -1 -1 -1  1 -1 -1  1 -1 -1 -1  1
  1 -1 -1] [ 1  2  3  4 10 11 12 15 18 19 20 21 23 26 27 28 29 34 35 36 37 38 42 44
 45 46 53] [10178 10335  3574 10523  3505  2866 15176 14591  2589  3021  3675  9584
 13943  3125  6941  2733  3919  6152  7310  4193 12632 12583  4757  3183
  5913 11017  5259] [] 1716260966.0858030319
[-1  1 -1 -1  1 -1 -1 -1 -1 -1  1  1 -1  1 -1 -1 -1  1 -1  1 -1 -1 -1 -1] [ 1  2  3  4 10 11 12 18 19 20 21 23 26 27 28 29 34 35 36 37 42 44 45 53] [10366 10306  3609 12349  3455  2943 15219  2671  3043  3729  9575 13370
  3243  6927  2828  3931  6230  7171  4490 12466  4929  3228  6028  7405] [] 1716260966.1287882328
[ 1  1 -1 -1 -1 -1 -1 -1 -1  1  1 -1 -1 -1  1 -1  1 -1 -1 -1 -1 -1 -1] [ 1  2  3 10 11 12 18 19 20 21 23 26 27 28 29 34 35 36 37 42 44 45 53] [10296 10051  3690  3551  2995 15632  2702  3089  3793  9422 13073  3305
  6937  2939  3899  6236  7134  4930 12470  6616  3538  6397 10698] [] 1716260966.1717703342
[-1 -1 -1 -1 -1 -1 -1 -1  1  1 -1 -1 -1 -1 -1 -1 -1 -1 -1 -1  1] [ 1  3 10 11 12 18 19 20 21 23 26 27 28 29 34 35 36 37 42 44 45] [10525  4422  3590  3091 16360  2815  3174  3876  9358 12865  3841  7035
  3235  4039  6622  7234  5370 12804  8325  3560  6239] [] 1716260966.2147793770
[-1 -1 -1 -1  1  1 -1 -1 -1  1 -1 -1 -1  1 -1 -1 -1  1 -1 -1 -1] [ 1  3 10 11 12 18 19 20 21 23 26 27 28 29 34 35 36 37 42 44 45] [14684  4589  3719  3198 15686  2811  3283  3936  9367 12708  4191  7160
  3531  4007  7459  7843  5622 12570 12169  3686  6453] [] 1716260966.2577548027
[-1 -1 -1 -1 -1 -1 -1 -1 -1 -1 -1 -1 -1 -1 -1 -1  1 -1 -1 -1] [ 1  3 10 11 18 19 20 21 23 26 27 28 29 34 35 36 37 42 44 45] [14906  4629  3774  3288  2888  3287  4018  9393 12757  4337  7360  3872
  4111  7509  8004  6326 12444 14108  3848  6601] [] 1716260966.3007447720
[ 1  1 -1 -1 -1 -1 -1 -1 -1 -1  1 -1 -1 -1 -1 -1 -1 -1 -1] [ 1  3 10 11 18 19 20 21 23 26 27 28 29 34 35 36 37 44 45] [14896  4610  3783  3567  2973  3329  4181  9407 12882  4368  7357  4202
  4295  7650  8068  6645 12461  4057 12106] [] 1716260966.3437383175
[ 1 -1 -1 -1 -1 -1 -1  1  1 -1 -1 -1 -1 -1 -1 -1 -1 -1 -1] [ 1  3 10 11 18 19 20 21 23 26 27 28 29 34 35 36 37 44 45] [14646  4703  4164  3835  3095  3461  4403  9401 12817  4785  8914  4899
  4426  8884  8327  7008 13092  4266 12119] [] 1716260966.3867261410
[ 1 -1 -1 -1 -1 -1 -1 -1 -1 -1 -1 -1 -1 -1 -1 -1 -1 -1] [ 1  3 10 11 18 19 20 21 23 26 27 28 29 34 35 36 37 44] [14456  4770  4284  3942  3295  3498  4989  9480 13047  4853  8915  5337
  5238  9107  8344  8792 13131  4564] [] 1716260966.4297318459
[-1 -1 -1 -1 -1 -1 -1 -1  1 -1  1 -1  1  1 -1  1  1 -1] [ 1  3 10 11 18 19 20 21 23 26 27 28 29 34 35 36 37 44] [14549  4830  4476  4000  3396  3547  5264  9501 12927  5766  8862  5608
  5198  8949  8941  8591 13054  5616] [] 1716260966.4727437496
[-1 -1 -1 -1 -1 -1 -1 -1 -1 -1 -1 -1 -1 -1 -1 -1 -1 -1] [ 1  3 10 11 18 19 20 21 23 26 27 28 29 34 35 36 37 44] [15112  5541  4649  4229  3691  3706  6048  9637 13117  6718  9321  6061
  5609  9022  9413 10743 13951  7926] [] 1716260966.5157272816
[-1  1 -1 -1 -1 -1 -1 -1 -1 -1 -1 -1 -1 -1 -1] [10 11 18 19 20 21 23 26 27 28 29 34 35 36 44] [ 5136  4159  3785  3723  6354  9667 13159  7712  9481  6590  7330 12444
 13047 11830  9876] [] 1716260966.5587067604
[-1 -1 -1 -1 -1  1 -1 -1 -1 -1 -1 -1 -1 -1] [10 11 18 19 20 21 23 26 27 28 29 35 36 44] [ 5621  4595  4201  3882  6506  9627 13303  7747  9603  8134  7538 13370
 12564 12454] [] 1716260966.6016871929
[-1 -1 -1 -1  1 -1 -1 -1 -1 -1 -1 -1 -1 -1] [10 11 18 19 20 21 23 26 27 28 29 35 36 44] [ 6367  4876  4733  4130  6438  9748 14691  7939  9812  8953  7779 14879
 13070 13094] [] 1716260966.6447055340
[-1 -1 -1 -1 -1 -1 -1 -1 -1 -1 -1 -1] [10 11 18 19 20 21 26 27 28 29 36 44] [ 6637  5275  4816  4376  6453  9900  8111 12420  9691  9765 13743 14973] [] 1716260966.6876931190
[-1 -1 -1 -1 -1 -1 -1 -1 -1 -1  1] [10 11 18 19 20 21 26 27 28 29 36] [ 6700  5342  4961  4485  6881  9920  8225 12518 10672  9923 13645] [] 1716260966.7306787968
[-1 -1 -1 -1 -1 -1 -1 -1  1  1] [10 11 18 19 20 21 26 27 28 29] [ 7554  6259  5359  4643  7209 10139  8435 12845 10628  9862] [] 1716260966.7736799717
[-1 -1 -1 -1 -1 -1 -1  1  1 -1] [10 11 18 19 20 21 26 27 28 29] [ 8063  7876  8735  5061  7895 10414 13190 12629 10553 10268] [] 1716260966.8166565895
[-1 -1 -1 -1 -1 -1 -1 -1 -1] [10 11 18 19 20 21 27 28 29] [ 8332  8475  8901  6168  9770 10550 12676 10675 10529] [] 1716260966.8596832752
[-1 -1 -1 -1 -1 -1  1 -1 -1] [10 11 18 19 20 21 27 28 29] [ 8555  8505  9065  6537 10140 10679 12484 10703 10722] [] 1716260966.9027521610
[-1 -1 -1 -1 -1 -1 -1 -1 -1] [10 11 18 19 20 21 27 28 29] [ 9373  8519 10896  7198 10211 10873 12594 10867 10901] [] 1716260966.9458537102
[-1 -1 -1 -1 -1 -1 -1 -1] [10 11 18 19 20 21 28 29] [ 9528  8581 11770  9491 10780 11068 11164 11504] [] 1716260966.9886484146
[-1 -1 -1 -1  1  1 -1] [10 11 18 19 20 21 28] [11036  8616 11956  9535 10773 10993 11175] [] 1716260967.0316531658
[-1 -1  1 -1 -1] [10 11 19 20 28] [11566  8662  9535 11485 11180] [] 1716260967.0746173859
[-1 -1 -1 -1 -1  1] [10 11 18 19 20 28] [13062  8791 14147  9998 12222 11167] [] 1716260967.1176977158
[-1 -1 -1 -1  1] [10 11 18 20 28] [13814  8808 14399 12783 11071] [] 1716260967.1606719494
[-1  1 -1] [11 18 28] [ 8842 14298 11541] [] 1716260967.2036435604
[ 1 -1] [11 28] [ 8778 14762] [] 1716260967.2466392517
[-1] [11] [9151] [] 1716260967.2895946503
[-1] [11] [9446] [] 1716260967.3325963020
[-1] [11] [10239] [] 1716260967.3756010532
2 2 2 1716260967.5446999073
