FA TAX ADC PRES TS
[-1] [11] [12928] [] 1716261442.6149151325
[1] [11] [9890] [] 1716261442.6580119133
[ 1 -1] [11 28] [ 9550 12072] [] 1716261442.7010226250
[1 1] [11 28] [ 9101 11599] [] 1716261442.7439467907
[-1 -1  1] [11 19 28] [ 9135 10176 11505] [] 1716261442.7870316505
[-1  1 -1  1] [11 19 20 28] [ 9233  9933 16025 11475] [] 1716261442.8298645020
[1 1 1 1] [11 19 20 28] [ 8990  9764 13804 11240] [] 1716261442.8730087280
[1 1 1 1] [11 19 20 28] [ 8874  9667 13476 11171] [] 1716261442.9160315990
[1 1 1 1] [11 19 20 28] [ 8801  9533 12770 11007] [] 1716261442.9589951038
[ 1  1  1 -1] [11 19 20 28] [ 8765  7485 12517 11174] [] 1716261443.0019347668
[-1 -1 -1 -1 -1 -1 -1] [11 19 20 21 27 28 29] [ 8865  7590 12576 12028 12625 11276 12373] [] 1716261443.0450468063
[-1 -1 -1 -1  1  1 -1 -1 -1  1] [10 11 18 19 20 21 26 27 28 29] [15616  8895 12664  7687 12400 11240  9259 12842 11314 11524] [] 1716261443.0881776810
[ 1  1  1  1  1  1  1  1 -1  1] [10 11 18 19 20 21 26 27 28 29] [14426  8872 11197  6773 12239 10983  9067 12693 11327 11270] [] 1716261443.1310684681
[1 1 1 1 1 1 1 1 1 1] [10 11 18 19 20 21 26 27 28 29] [13060  8777 10597  6313 11820 10821  8633 12412 11057 10881] [] 1716261443.1741070747
[ 1  1  1  1  1  1  1 -1  1  1 -1 -1] [10 11 18 19 20 21 26 27 28 29 34 44] [11270  8751 10390  5727 11240 10645  8522 12440 10786 10637 12285 13321] [] 1716261443.2170710564
[ 1  1  1  1  1  1  1  1  1 -1  1  1 -1] [10 11 18 19 20 21 26 27 28 29 34 44 45] [10522  8676 10235  5365 10912 10567  8466 12389  9279 10773 11687 12699
 13442] [] 1716261443.2601554394
[ 1 -1 -1  1  1  1  1  1  1 -1  1 -1  1] [10 11 18 19 20 21 26 27 28 29 34 44 45] [ 9548  8700 10257  5173  8866 10415  8260 12301  8175 10842 11533 12725
 12301] [] 1716261443.3031141758
[ 1  1  1  1  1  1 -1 -1  1  1  1 -1  1] [10 11 18 19 20 21 26 27 28 29 34 44 45] [ 9097  8639 10247  5033  8554 10253  8322 12463  7730 10631  9205 12866
  9161] [] 1716261443.3460812569
[ 1  1  1  1  1 -1  1 -1  1  1  1 -1  1  1] [10 11 18 19 20 21 26 27 28 29 34 36 44 45] [ 9033  8621  7638  4754  8229 10262  7162 12711  7202 10605  8881 14459
  6851  9024] [] 1716261443.3891398907
[-1  1  1  1  1  1 -1  1 -1  1  1  1 -1  1  1  1] [ 3 10 11 18 19 20 21 26 27 28 29 34 35 36 44 45] [13098  8705  8620  6843  4503  8076 10371  5378 12880  5297 10562  8744
 13740 12929  5812  8790] [] 1716261443.4321935177
[ 1  1  1  1  1  1  1 -1  1  1  1  1  1 -1  1  1  1 -1] [ 3 10 11 18 19 20 21 23 26 27 28 29 34 35 36 44 45 53] [12386  8136  8601  6773  4490  7977 10193 14173  4791 10261  4907  7664
  8680 13878 12079  5169  8495 15413] [] 1716261443.4751443863
[ 1  1  1  1  1  1  1  1  1  1  1  1  1 -1  1 -1  1  1  1] [ 3 10 11 18 19 20 21 23 26 27 28 29 34 35 36 42 44 45 53] [ 7057  7453  8557  6570  4278  7271 10128 13802  4340 10196  4319  6983
  7486 14072 11616 12715  4653  8476 11001] [] 1716261443.5181980133
[-1  1  1  1  1  1  1  1  1  1  1  1  1  1  1  1 -1  1  1  1  1] [ 1  3 10 11 18 19 20 21 23 26 27 28 29 34 35 36 37 42 44 45 53] [15829  6798  6975  8542  5900  4132  6348  9961 13182  4199 10026  3868
  6694  6978 14006 11089 16341 11609  4388  8349 10039] [] 1716261443.5612156391
[-1  1  1  1  1  1  1 -1  1  1  1  1  1  1  1  1  1  1  1 -1  1] [ 1  3 10 11 18 19 20 21 23 26 27 28 29 34 35 36 37 42 44 45 53] [16004  6659  6525  8481  5811  3961  5543  9991 12948  3861  7971  3784
  5759  6852 13471  9284 13851 10466  4143  8409  7295] [] 1716261443.6042201519
[ 1  1  1 -1  1  1  1  1  1  1  1  1  1  1  1  1  1  1  1  1  1] [ 1  3 10 11 18 19 20 21 23 26 27 28 29 34 35 36 37 42 44 45 53] [15544  6575  5902  8503  5746  3852  5392  9962 12775  3671  7785  3486
  5442  6514 13058  8455 13674  8439  3878  8247  6184] [] 1716261443.6472630501
[ 1  1  1 -1  1  1  1  1 -1  1  1  1  1  1 -1  1  1  1  1 -1 -1  1] [ 1  3 10 11 18 19 20 21 23 26 27 28 29 34 35 36 37 42 44 45 47 53] [15014  6161  5333  8528  5540  3678  4843  9902 12784  3521  7539  3387
  5319  6214 13204  7679 12907  6796  3688  8249 14309  5966] [] 1716261443.6901977062
[-1  1  1  1  1  1  1 -1 -1  1  1  1  1  1  1  1 -1  1  1 -1 -1  1  1] [ 1  3 10 11 18 19 20 21 23 26 27 28 29 34 35 36 37 42 44 45 46 47 53] [15104  5874  4708  7624  5475  3627  4747  9917 12848  3351  7067  3341
  5303  5952 13200  7550 12917  6409  3618  8314 11346 11941  5667] [] 1716261443.7332217693
[ 1  1  1  1  1  1  1 -1 -1  1 -1  1  1  1  1  1  1  1  1  1  1  1 -1  1] [ 1  3 10 11 18 19 20 21 23 26 27 28 29 34 35 36 37 42 44 45 46 47 52 53] [14804  5459  4665  7380  4894  3553  4493  9944 13101  3253  7095  3220
  4542  5650 11729  6328 12760  5304  3511  6501 10950  7953 14853  5455] [] 1716261443.7762668133
[ 1  1  1  1  1  1  1 -1 -1  1  1  1  1  1 -1  1 -1  1  1  1  1  1  1  1] [ 1  3 10 11 18 19 20 21 23 26 27 28 29 34 35 36 37 42 44 45 46 47 52 53] [14559  5137  4157  6711  4436  3382  4423 10027 13370  3127  6951  3029
  4515  5645 11899  5781 12964  5246  3453  6343 10893  7610 11987  5289] [] 1716261443.8192815781
[-1  1  1  1 -1  1  1  1  1  1  1 -1  1  1  1 -1  1  1  1  1  1  1  1  1
  1] [ 1  3 10 11 15 18 19 20 21 23 26 27 28 29 34 35 36 37 42 44 45 46 47 52
 53] [14616  5093  4016  6511 15295  4360  3339  4325  9946 13345  3040  7320
  2974  4467  4970 11957  5692 12904  4993  3340  6035 10791  6735 10751
  4984] [] 1716261443.8621819019
[-1 -1  1  1  1  1  1  1  1  1  1  1  1  1  1  1  1  1 -1  1  1 -1  1  1
  1 -1 -1 -1] [ 1  2  3 10 11 15 18 19 20 21 23 26 27 28 29 34 35 36 37 42 44 45 46 47
 52 53 54 61] [15148 13436  4976  3916  6462 14135  4023  3288  4146  9831 13275  2954
  6812  2862  4091  4914  9559  5263 13130  4315  3254  6282  7477  6162
  9710  5256 12012  6883] [] 1716261443.9053485394
[ 1  1  1  1  1  1  1  1  1  1 -1  1  1  1  1 -1  1  1  1 -1 -1  1  1  1
  1  1  1  1  1  1] [ 1  2  3 10 11 15 18 19 20 21 23 26 27 28 29 32 34 35 36 37 38 42 44 45
 46 47 52 53 54 61] [10993 13156  4763  3736  5810 13615  3799  3259  4088  9788 13281  2925
  6729  2765  3674 11805  4655  8618  4674 13256 13903  4080  3024  6094
  7084  5576  9583  4892 11743  6770] [] 1716261443.9482941628
[ 1 -1  1  1  1  1  1  1  1 -1 -1  1  1  1 -1  1  1  1  1 -1  1  1  1  1
  1  1  1  1  1  1] [ 1  2  3 10 11 15 18 19 20 21 23 26 27 28 29 32 34 35 36 37 38 42 44 45
 46 47 52 53 54 61] [10841 13176  4553  3636  5502 13523  3719  3186  3860  9850 13373  2861
  6427  2714  3675 11594  4581  8300  4649 13516 12050  3340  2935  5424
  6899  5174  8621  4800 11713  6597] [] 1716261443.9912919998
[ 1 -1  1  1  1  1  1  1  1 -1 -1  1  1  1  1  1  1  1  1 -1  1 -1  1  1
  1  1 -1  1 -1 -1  1] [ 1  2  3 10 11 15 18 19 20 21 23 26 27 28 29 32 34 35 36 37 38 42 44 45
 46 47 50 52 53 54 61] [10751 13183  4415  3616  5140 13006  3531  3096  3790  9904 13453  2791
  6318  2640  3627 10521  4487  6782  4530 13778  8007  3430  2902  5357
  6786  4995  9969  8006  4853 11734  6559] [] 1716261444.0343446732
[ 1  1  1  1 -1 -1  1 -1  1  1  1  1  1  1  1  1 -1  1  1  1  1  1 -1  1
  1  1  1  1  1  1  1  1] [ 1  2  3 10 11 15 18 19 20 21 23 26 27 28 29 32 34 35 36 37 38 42 43 44
 45 46 47 50 52 53 54 61] [10126 12742  4132  3592  5186 13151  3455  3103  3600  9814 13433  2737
  6308  2547  3581 10237  4539  6674  4440 13760  7372  3150 15779  2832
  5223  6665  4287  8567  7693  4489 11128  6433] [] 1716261444.0772850513
[ 1 -1  1  1 -1 -1  1  1 -1 -1 -1  1  1  1  1  1  1 -1  1  1  1  1  1  1
  1 -1  1  1  1 -1  1  1] [ 1  2  3 10 11 15 18 19 20 21 23 26 27 28 29 32 34 35 36 37 38 42 43 44
 45 46 47 50 52 53 54 61] [ 8297 12755  4067  3436  5258 13251  3455  2977  3661  9838 13631  2683
  6220  2505  3573 10192  4367  7351  4367 13677  7305  2962 12595  2818
  4845  6709  3965  7606  7504  4639  7720  6277] [] 1716261444.1203446388
[-1 -1  1  1  1  1  1  1  1  1 -1  1 -1  1  1  1  1  1  1  1  1  1  1  1
  1  1  1  1  1  1  1  1] [ 1  2  3 10 11 15 18 19 20 21 23 26 27 28 29 32 34 35 36 37 38 42 43 44
 45 46 47 50 52 53 54 61] [ 8551 12807  3802  3352  4539 13071  3292  2952  3506  9800 13687  2627
  6310  2424  3539 10115  4281  6760  4300 13352  7194  2829 12459  2700
  4601  6509  3738  7482  7302  4588  7027  6170] [] 1716261444.1633744240
[ 1 -1  1  1 -1  1  1  1  1 -1 -1  1  1  1  1 -1  1 -1  1  1  1  1  1 -1
  1  1  1  1 -1  1  1  1  1] [ 1  2  3 10 11 15 18 19 20 21 23 26 27 28 29 32 34 35 36 37 38 42 43 44
 45 46 47 50 51 52 53 54 61] [ 7984 12911  3389  3344  4764 12999  3222  2907  3437  9828 13735  2609
  6171  2389  3503 10205  4183  7113  4157 13204  6868  2767 12371  2732
  4115  5352  3263  6010 11264  6048  4037  6326  6078] [] 1716261444.2063179016
[-1  1  1 -1  1 -1  1  1  1 -1  1  1 -1  1  1  1  1  1  1  1  1  1  1  1
  1  1 -1  1  1 -1  1  1 -1 -1] [ 1  2  3 10 11 15 18 19 20 21 23 26 27 28 29 32 34 35 36 37 38 42 43 44
 45 46 47 50 51 52 53 54 55 61] [ 7999 12155  3031  3384  4483 13491  3036  2847  3280  9976 13695  2504
  6290  2317  3306  9439  4006  6052  3799 13000  6681  2722 10431  2708
  4095  5302  3332  5720  8706  6452  3912  5823 11405  6086] [] 1716261444.2493119240
[ 1 -1  1 -1 -1 -1  1  1  1  1  1  1 -1  1  1  1  1 -1  1  1  1  1  1  1
  1  1  1  1  1  1  1  1  1 -1 -1] [ 1  2  3 10 11 15 18 19 20 21 23 26 27 28 29 32 34 35 36 37 38 42 43 44
 45 46 47 50 51 52 53 54 55 60 61] [ 7919 12431  2927  3548  4503 14671  3015  2825  3240  9907 13695  2495
  6342  2234  3279  8423  3911  6956  3726 12764  6554  2492  8130  2642
  3775  5215  3207  5254  8379  5626  3798  5023  9087 12893  6163] [] 1716261444.2923517227
[ 1 -1  1  1  1  1  1  1  1  1 -1 -1  1 -1  1  1  1  1  1  1  1  1  1 -1
  1  1  1  1  1  1 -1 -1  1  1  1  1] [ 1  2  3 10 11 15 18 19 20 21 23 24 26 27 28 29 32 34 35 36 37 38 42 43
 44 45 46 47 50 51 52 53 54 55 60 61] [ 7138 12935  2835  3341  3799 14351  2975  2796  3170  9282 13799 12530
  2437  6361  2183  3199  7405  3753  6107  3442 11275  5724  2423  8227
  2580  3455  5099  3133  5024  8238  5970  3802  4460  8020 12720  6107] [] 1716261444.3353376389
[ 1  1  1 -1 -1 -1 -1  1  1  1 -1  1  1  1  1  1 -1  1  1  1  1  1  1  1
  1  1  1  1  1  1  1  1  1  1  1  1] [ 1  2  3 10 11 15 18 19 20 21 23 24 26 27 28 29 32 34 35 36 37 38 42 43
 44 45 46 47 50 51 52 53 54 55 60 61] [ 6943 12153  2706  3520  4020 15295  2983  2754  3088  8984 13807 12276
  2385  6323  2145  3165  8095  3661  6053  3347 10701  5498  2374  7966
  2544  3269  4838  3016  4848  8136  5898  3720  4399  7642 12629  6093] [] 1716261444.3784112930
[ 1  1  1  1  1 -1  1  1  1  1 -1  1 -1  1 -1  1  1  1  1  1  1  1  1  1
  1  1  1  1  1  1  1  1 -1  1 -1  1  1] [ 1  2  3 10 11 12 15 18 19 20 21 23 24 26 27 28 29 32 34 35 36 37 38 42
 43 44 45 46 47 50 51 52 53 54 55 60 61] [ 6814 10031  2574  3510  3925 12783 15183  2927  2738  3070  9413 13767
 12290  2349  6422  2090  3123  7352  3577  5452  3297 10568  5461  2322
  7908  2536  3198  4725  3010  4821  7768  5716  3737  4335  7644 12580
  6092] [] 1716261444.4213633537
[ 1  1  1  1  1  1 -1  1  1  1  1 -1 -1  1  1  1  1 -1  1  1  1 -1  1  1
  1  1 -1  1 -1  1  1 -1  1 -1  1  1  1] [ 1  2  3 10 11 12 15 18 19 20 21 23 24 26 27 28 29 32 34 35 36 37 38 42
 43 44 45 46 47 50 51 52 53 54 55 60 61] [ 6789  9753  2478  3478  3858 12647 15263  2875  2721  3021  9345 13815
 12400  2347  6246  2082  3107  7457  3399  5413  3294 10992  5400  2308
  7900  2496  3230  4694  3035  4802  7723  5738  3650  4339  7548 12524
  6073] [] 1716261444.4643716812
[ 1  1 -1  1  1  1 -1  1  1  1  1  1  1 -1  1  1  1  1 -1 -1  1  1  1  1
 -1  1  1 -1  1 -1 -1 -1 -1  1 -1 -1  1] [ 1  2  3 10 11 12 15 18 19 20 21 23 24 26 27 28 29 32 34 35 36 37 38 42
 43 44 45 46 47 50 51 52 53 54 55 60 61] [ 6574  9411  2501  3468  3814 12599 15293  2859  2709  2949  9103 13791
 12328  2354  6243  2077  3087  7401  3431  5634  3226 10914  5396  2298
  7912  2482  3157  4741  2986  4804  7741  5770  3667  4277  7847 12541
  6050] [] 1716261444.5074217319
[ 1  1 -1  1  1  1  1  1  1 -1  1  1  1  1  1  1  1 -1  1 -1  1  1 -1 -1
 -1 -1 -1 -1 -1 -1 -1 -1 -1 -1 -1 -1 -1] [ 1  2  3 10 11 12 15 18 19 20 21 23 24 26 27 28 29 32 34 35 36 37 38 42
 43 44 45 46 47 50 51 52 53 54 55 60 61] [ 6457  9359  2511  3468  3777 12550 15287  2811  2705  2989  8861 13783
 12296  2354  6228  2071  3083  7883  3427  5688  3219 10816  5598  2431
  7920  2532  3243  4891  3046  4897  7866  6016  3681  4317  9319 12804
  6083] [] 1716261444.5503842831
[-1 -1 -1  1 -1 -1 -1 -1 -1 -1  1 -1  1  1  1 -1 -1 -1 -1  1 -1 -1 -1 -1
 -1 -1 -1 -1  1 -1 -1  1  1 -1  1] [ 1  2  3 10 11 12 15 18 19 20 21 23 24 26 27 28 29 32 34 35 36 37 38 42
 43 44 45 46 47 50 51 52 53 54 61] [ 6825  9407  2667  3468  3818 12675 15479  2831  2720  3071  8794 13811
 12290  2349  6218  2088  3103  7907  3583  5625  3240 11532  5599  2509
  7962  2560  3463  5165  2941  5057  7869  5468  3679  4651  5892] [] 1716261444.5934259892
[-1 -1 -1  1 -1 -1  1  1 -1  1  1  1  1 -1  1 -1 -1 -1 -1  1 -1 -1  1 -1
 -1 -1 -1 -1 -1 -1 -1 -1 -1 -1 -1] [ 1  2  3 10 11 12 15 18 19 20 21 23 24 26 27 28 29 32 34 35 36 37 38 42
 43 44 45 46 47 50 51 52 53 54 61] [ 6854 10938  2735  3193  3987 16149 14039  2799  2738  3064  8652 13775
 12248  2372  6117  2152  3111  7970  3629  5273  3286 11552  5590  2716
  8927  2592  3869  5335  3154  5751 10762  5774  3754  4911  6035] [] 1716261444.6363930702
[-1 -1 -1 -1 -1 -1  1 -1 -1 -1  1  1 -1  1 -1 -1 -1 -1 -1 -1 -1  1 -1  1
 -1 -1 -1 -1 -1 -1 -1 -1 -1 -1] [ 1  2  3 10 11 12 15 18 19 20 21 23 26 27 28 29 32 34 35 36 37 38 42 43
 44 45 46 47 50 51 52 53 54 61] [ 7690 11178  2965  3212  4005 16232 13991  2859  2749  3115  8562 13719
  2431  6065  2174  3123  8063  3839  5736  3529 11878  5584  2836  8913
  2600  4191  5624  3274  6711 15568  5841  3789  6062  6137] [] 1716261444.6793856621
[-1  1 -1 -1 -1  1  1 -1 -1 -1  1 -1 -1 -1 -1 -1 -1 -1 -1 -1 -1 -1 -1 -1
 -1 -1 -1 -1 -1 -1 -1 -1] [ 1  2  3 10 11 15 18 19 20 21 23 26 27 28 29 32 34 35 36 37 38 42 43 44
 45 46 47 50 52 53 54 61] [ 7758 11055  3123  3264  4221 13727  2845  2779  3163  8654 13625  2460
  6125  2196  3147  8667  4085  5780  3550 12140  5724  2925 10653  2656
  4425  6335  3440  7441  6030  4190  9877  6349] [] 1716261444.7224748135
[-1 -1 -1 -1 -1 -1 -1 -1 -1 -1 -1 -1  1 -1 -1  1 -1 -1 -1 -1 -1 -1 -1 -1
 -1 -1 -1 -1 -1 -1 -1 -1] [ 1  2  3 10 11 15 18 19 20 21 23 26 27 28 29 32 34 35 36 37 38 42 43 44
 45 46 47 50 52 53 54 61] [ 9343 11463  3269  3312  4296 13739  2957  2818  3172  8717 13771  2533
  6105  2297  3191  8495  4138  5792  3663 12346  7102  2958 12379  2740
  4709  6487  3819 14558  7681  4576 11552  6394] [] 1716261444.7652115822
[-1 -1 -1 -1 -1  1 -1 -1 -1  1  1 -1  1 -1 -1  1 -1 -1 -1 -1 -1 -1 -1 -1
 -1 -1 -1 -1 -1 -1 -1 -1] [ 1  2  3 10 11 15 18 19 20 21 23 26 27 28 29 32 34 35 36 37 38 42 43 44
 45 46 47 50 52 53 54 61] [ 9685 12135  4212  3328  4672 13478  3053  2863  3296  8639 13703  2602
  6071  2343  3279  8359  4185  5825  4022 12448  7435  3109 12407  2752
  4753  6543  4056 15285  7937  4722 11865  6535] [] 1716261444.8082172871
[-1 -1 -1  1 -1  1 -1 -1 -1 -1 -1  1  1 -1  1  1 -1 -1 -1  1 -1 -1 -1 -1
 -1 -1 -1 -1 -1 -1 -1] [ 1  2  3 10 11 15 18 19 20 21 23 26 27 28 29 32 34 35 36 37 38 42 43 44
 45 46 47 52 53 54 61] [10173 12283  4377  3312  4947 13075  3061  2900  3328  9083 13783  2602
  5913  2374  3263  8131  4227  5856  4113 12272  9937  3311 12629  2856
  5343  6806  4559  8294  5000 12476  6862] [] 1716261444.8512470722
[-1 -1 -1 -1 -1  1 -1 -1 -1 -1  1 -1  1 -1 -1 -1 -1 -1 -1 -1 -1 -1 -1  1
 -1 -1 -1  1 -1] [ 1  2  3 10 11 15 18 19 20 21 23 26 27 28 29 32 34 35 36 37 38 42 44 45
 46 47 52 53 54] [13435 12735  4449  3334  5047 12973  3227  2927  3481  9521 13759  2639
  5909  2459  3315 10129  4495  5888  4180 12362 10017  3519  2950  5235
  6946  4978  9305  4851 12625] [] 1716261444.8942086697
[-1 -1 -1 -1  1 -1 -1 -1 -1  1  1 -1 -1 -1 -1 -1  1 -1 -1  1 -1 -1 -1 -1
 -1 -1 -1 -1] [ 1  2  3 10 11 15 18 19 20 21 23 26 27 28 29 32 34 35 36 37 38 42 44 45
 46 47 52 53] [13497 13171  4697  3481  4594 13087  3301  2987  3536  9449 13376  2731
  5990  2507  3577 10288  4472  5949  4245 12341 10073  4003  3170  5565
  8226  6437 10305  5329] [] 1716261444.9372205734
[ 1  1 -1 -1 -1  1 -1 -1 -1  1  1 -1 -1 -1 -1 -1 -1 -1 -1 -1 -1 -1 -1 -1
 -1 -1] [ 1  2  3 10 11 15 18 19 20 21 23 26 27 28 29 34 35 36 37 42 44 45 46 47
 52 53] [13403 12580  4701  3584  5461 13087  3435  3035  3646  9420 13255  2739
  5992  2575  3599  4535  6181  4355 12480  4076  3390  5823  8577 11135
 12253  5531] [] 1716261444.9801506996
[ 1  1 -1  1 -1 -1 -1 -1 -1  1 -1 -1 -1 -1 -1 -1 -1 -1 -1  1 -1 -1 -1 -1
 -1] [ 1  3 10 11 15 18 19 20 21 23 26 27 28 29 34 35 36 37 42 44 45 46 47 52
 53] [13187  4667  3637  5277 13319  3635  3094  3714  9488 13111  2781  6086
  2641  3974  4873  7944  4528 12870  4799  3380  5938 10636 14125 16075
  5742] [] 1716261445.0232658386
[-1 -1 -1 -1  1 -1 -1 -1  1 -1 -1  1 -1 -1 -1 -1 -1 -1 -1 -1 -1 -1] [ 1  3 10 11 15 18 19 20 21 23 26 27 28 29 34 35 36 37 42 44 45 53] [13243  4691  3797  6022 13311  3699  3113  3809  9388 13171  2839  6030
  2679  4015  5115  9439  4632 13061  6255  3480  6281  6052] [] 1716261445.0662260056
[-1 -1 -1 -1  1 -1 -1 -1  1  1 -1 -1 -1 -1 -1  1 -1 -1 -1 -1 -1 -1] [ 1  3 10 11 15 18 19 20 21 23 26 27 28 29 34 35 36 37 42 44 45 53] [13380  4850  3979  6681 12907  4036  3176  4070  9339 13019  3011  6577
  2793  4337  5697  8944  5154 13216  7787  3538  7700  6177] [] 1716261445.1092703342
[-1 -1 -1 -1 -1 -1 -1 -1 -1  1 -1 -1 -1 -1 -1 -1 -1  1 -1 -1 -1 -1] [ 1  3 10 11 15 18 19 20 21 23 26 27 28 29 34 35 36 37 42 44 45 53] [13390  5024  4169  6922 13213  4528  3218  4138  9399 12908  3118  6935
  2876  4463  5755  9133  5328 12806  9509  4070  8289  6678] [] 1716261445.1522655487
[-1 -1 -1 -1  1 -1 -1 -1 -1 -1 -1 -1 -1 -1 -1 -1 -1 -1 -1 -1 -1 -1] [ 1  3 10 11 15 18 19 20 21 23 26 27 28 29 34 35 36 37 42 44 45 53] [14166  5427  4655  7248 13172  4621  3349  4318  9511 13005  3300  7047
  3054  5195  5959  9263  5989 12853 12063  4273  8366 10545] [] 1716261445.1952531338
[-1 -1 -1 -1 -1 -1 -1 -1  1 -1 -1  1 -1 -1 -1 -1 -1  1 -1  1  1] [ 1  3 10 11 15 18 19 20 21 23 26 27 28 29 34 35 36 37 42 44 45] [14508  6923  5107  8338 13426  4709  3419  4405  9495 13065  3492  6907
  3177  5359  6351  9549  6486 12740 14168  4194  8237] [] 1716261445.2382636070
[-1 -1 -1 -1 -1 -1 -1 -1 -1  1 -1 -1 -1 -1 -1 -1 -1 -1 -1 -1] [ 1  3 10 11 15 18 19 20 21 23 26 27 28 29 34 35 36 37 44 45] [14766  7115  5535  8371 13689  4820  3435  4498  9604 12883  3602  7065
  3257  5393  6598 10062  7234 13049  4607  8409] [] 1716261445.2812349796
[-1 -1 -1 -1 -1 -1 -1  1 -1 -1 -1 -1 -1 -1 -1 -1 -1 -1 -1] [ 1  3 10 11 18 19 20 21 23 26 27 28 29 34 35 36 37 44 45] [15422 13079  5794  8440  4928  3577  5283  9552 12967  4013  8569  3525
  5935  7528 10984  8167 13281  4943  8625] [] 1716261445.3242564201
[-1 -1 -1 -1 -1 -1 -1 -1 -1 -1 -1 -1 -1 -1 -1 -1 -1 -1] [ 1 10 11 18 19 20 21 23 26 27 28 29 34 35 36 37 44 45] [16242  6166  8478  5612  3722  6555  9615 13049  4176  9461  3701  6202
  8505 13247  9365 14207  6817 12132] [] 1716261445.3673214912
[-1  1 -1 -1 -1 -1  1 -1  1 -1 -1 -1 -1 -1 -1 -1] [10 11 18 19 20 21 23 26 27 28 29 34 35 36 44 45] [ 6282  8437  5788  3835  6762  9671 13044  4598  9133  4167  7874  8666
 14437  9590  8967 12227] [] 1716261445.4102637768
[-1 -1 -1 -1 -1 -1 -1 -1 -1 -1 -1 -1 -1 -1 -1] [10 11 18 19 20 21 23 26 27 28 29 34 35 36 44] [ 6549  8482  6195  3996  6804  9862 13073  5266  9254  4790  7990  8893
 15112 10068 12171] [] 1716261445.4532277584
[-1 -1 -1 -1 -1  1 -1 -1 -1 -1 -1 -1 -1 -1 -1] [10 11 18 19 20 21 23 26 27 28 29 34 35 36 44] [ 7824  8494  6745  4082  6866  9811 13118  7011  9595  5490  8125  9098
 15264 11222 12997] [] 1716261445.4962100983
[-1 -1 -1 -1 -1 -1 -1 -1  1 -1 -1 -1 -1 -1] [10 11 18 19 20 21 23 26 27 28 29 34 35 36] [ 8741  8594  6945  4275  7134  9995 13741  8227  9554  7366 10224  9272
 15355 11972] [] 1716261445.5392632484
[-1  1 -1 -1 -1 -1 -1 -1 -1 -1 -1 -1] [10 11 18 19 20 21 26 27 28 29 34 36] [ 9024  8550  7021  4436  7794 10086  8249 10141  8178 10253 11767 13462] [] 1716261445.5822703838
[-1  1 -1 -1 -1 -1 -1 -1 -1 -1 -1] [10 11 18 19 20 21 26 27 28 29 36] [ 9222  8529  9962  4497  8096 10321  8256 12569  9567 10414 16357] [] 1716261445.6252443790
[-1 -1 -1 -1 -1 -1 -1  1 -1 -1] [10 11 18 19 20 21 26 27 28 29] [ 9646  8549 10356  4799 10009 10393  8425 12506 10508 10631] [] 1716261445.6683781147
[-1 -1 -1 -1 -1 -1 -1 -1 -1 -1] [10 11 18 19 20 21 26 27 28 29] [10701  8662 10405  5026 10478 10746  9834 12555 10583 10934] [] 1716261445.7113175392
[-1  1 -1 -1 -1  1 -1 -1 -1 -1] [10 11 18 19 20 21 26 27 28 29] [11406  8655 10523  5183 10585 10688 13688 12574 10722 11089] [] 1716261445.7542507648
[-1 -1 -1 -1 -1 -1  1 -1 -1] [10 11 18 19 20 21 27 28 29] [14092  8728 10687  6115 11174 11005 12493 10772 11535] [] 1716261445.7972576618
[ 1 -1 -1  1 -1  1] [11 19 20 21 27 28] [ 8534  7382 11835 10907 12629 10765] [] 1716261445.8404169083
[-1 -1 -1  1] [11 19 20 28] [ 8550  8862 12367 10729] [] 1716261445.8834950924
[-1 -1 -1 -1] [11 19 20 28] [ 8711  9520 13455 10922] [] 1716261445.9265222549
[-1 -1 -1] [11 19 28] [ 8733  9591 11247] [] 1716261445.9694333076
[1 1] [11 28] [ 8719 11233] [] 1716261446.0122928619
[-1  1] [11 28] [ 9123 11141] [] 1716261446.0555276871
[-1 -1] [11 28] [10069 11452] [] 1716261446.0984938145
[-1] [28] [13286] [] 1716261446.1414718628
2 2 2 1716261446.6695811749
