FA TAX ADC PRES TS
[-1 -1] [11 28] [10632 14978] [] 1716262332.1051723957
[ 1 -1] [11 28] [10196 15290] [] 1716262332.1480247974
[1 1] [11 28] [10130 12167] [] 1716262332.1914627552
[1 1] [11 28] [ 9995 11903] [] 1716262332.2343935966
[-1  1] [11 28] [ 9998 11760] [] 1716262332.2774436474
[1 1] [11 28] [ 9743 11687] [] 1716262332.3202955723
[-1 -1  1] [11 19 28] [ 9889 12389 11651] [] 1716262332.3633804321
[ 1 -1 -1  1] [11 19 20 28] [ 9582 13954 16215 11450] [] 1716262332.4063973427
[-1  1  1 -1 -1 -1] [11 19 20 21 27 28] [ 9665 11237 15348 13425 14778 11625] [] 1716262332.4494178295
[ 1  1 -1  1  1  1] [11 19 20 21 27 28] [ 9369 10582 16004 11978 13294 11563] [] 1716262332.4922881126
[1 1 1 1 1 1] [11 19 20 21 27 28] [ 9356  8900 15094 11379 12766 11462] [] 1716262332.5354108810
[ 1  1  1  1  1 -1 -1] [11 19 20 21 27 28 29] [ 9124  8335 14173 11241 12683 11654 12544] [] 1716262332.5784025192
[1 1 1 1 1 1 1] [11 19 20 21 27 28 29] [ 9046  7810 13390 10981 12531 11367 11992] [] 1716262332.6214261055
[-1 -1  1  1  1  1  1  1 -1] [11 18 19 20 21 27 28 29 44] [ 9106 14436  7038 12814 10911 12505 11283 11679 14708] [] 1716262332.6644079685
[ 1  1  1  1  1 -1  1  1  1] [11 18 19 20 21 27 28 29 44] [ 8948 11056  6056 12565 10829 12813 11114 11212 13640] [] 1716262332.7074029446
[-1  1  1  1  1 -1 -1 -1  1  1] [11 18 19 20 21 26 27 28 29 44] [ 9021 10995  5864 11798 10690 11735 13031 11119 11067 13171] [] 1716262332.7504489422
[ 1  1  1  1  1  1  1 -1 -1  1 -1] [11 18 19 20 21 26 27 28 29 44 45] [ 8977 10833  5596 11600 10546 11386 13015 11173 11078 13010 12485] [] 1716262332.7933609486
[ 1 -1  1  1  1  1  1 -1  1  1 -1  1] [11 12 18 19 20 21 26 27 28 29 44 45] [ 8870 14724  9168  5062 11095 10497 10139 13113 10334 10849 13089  9475] [] 1716262332.8364229202
[ 1  1  1  1  1 -1  1 -1  1  1 -1  1  1] [11 12 18 19 20 21 26 27 28 29 34 44 45] [ 8524 13696  9000  4929 10847 10546  9479 13271  8965 10690 13762 10705
  9372] [] 1716262332.8794279099
[ 1  1 -1  1  1  1  1  1  1  1  1  1  1] [11 12 18 19 20 21 26 27 28 29 34 44 45] [ 8372 13546  9009  4829 10726 10527  9303 12939  8189 10674 13525 10397
  9116] [] 1716262332.9223752022
[1 1 1 1 1 1 1 1 1 1 1 1 1] [11 12 18 19 20 21 26 27 28 29 34 44 45] [ 8207 13336  6554  4667 10408 10472  9038 12734  8049 10573 12599  9943
  8750] [] 1716262332.9653878212
[-1  1 -1  1  1  1  1  1  1  1  1  1  1  1] [ 3 11 12 18 19 20 21 26 27 28 29 34 44 45] [ 7306  7501 13404  6167  4491 10107 10110  8758 12652  7224  8623 10552
  8963  8557] [] 1716262333.0083930492
[ 1 -1  1  1  1  1  1  1  1  1  1  1 -1 -1  1  1] [ 3 10 11 12 18 19 20 21 26 27 28 29 34 35 44 45] [ 7195 15304  6046 13161  5914  4300  9947 10107  8625 12534  6687  8383
 10626 15950  8236  8407] [] 1716262333.0514278412
[ 1  1  1 -1  1  1  1  1  1  1  1 -1  1  1 -1  1 -1] [ 3 10 11 12 18 19 20 21 26 27 28 29 34 35 42 44 45] [ 7133 14794  5636 13171  5738  4235  9884 10032  7715 10088  5341  9533
 10479 15626 12850  7015  8496] [] 1716262333.0944519043
[ 1  1  1 -1  1  1  1  1  1  1  1  1  1  1  1  1  1 -1] [ 3 10 11 12 18 19 20 21 26 27 28 29 34 35 42 44 45 53] [ 7100 12852  5098 13237  5282  4135  9742  9941  7019  8897  4595  7615
  9973 15332 12226  6292  6868 14481] [] 1716262333.1374449730
[1 1 1 1 1 1 1 1 1 1 1 1 1 1 1 1 1 1] [ 3 10 11 12 18 19 20 21 26 27 28 29 34 35 42 44 45 53] [ 6943 12088  4620 11432  5065  4077  9021  9912  6076  8819  4413  6190
  8265 13640 10969  5779  6751 12715] [] 1716262333.1804077625
[ 1  1  1  1  1  1  1  1  1  1  1  1  1  1 -1 -1  1  1  1] [ 3 10 11 12 18 19 20 21 26 27 28 29 34 35 36 42 44 45 53] [ 6735 11734  4347 11427  4471  3888  7752  9857  5481  8748  4073  5972
  7723 13323 15381 11411  5255  6617  9499] [] 1716262333.2234487534
[-1  1  1  1  1  1  1  1  1  1  1  1  1  1  1 -1  1  1 -1  1] [ 3 10 11 12 18 19 20 21 26 27 28 29 34 35 36 37 42 44 45 53] [ 6758 10970  3607 11147  4067  3790  7553  9798  5059  8016  3781  5243
  7164 12790 11696 16364 10739  4690  6677  8188] [] 1716262333.2664237022
[ 1  1  1  1  1  1  1  1 -1  1  1  1  1  1  1  1  1 -1  1 -1 -1  1] [ 3 10 11 12 18 19 20 21 23 26 27 28 29 34 35 36 37 42 44 45 46 53] [ 6580 10345  3367 11144  3886  3714  7553  9761 15452  4849  7845  3717
  5083  6050 12300 11021 13449 11319  4590  6878  9510  7382] [] 1716262333.3093945980
[-1  1  1 -1  1  1  1 -1  1  1  1  1  1  1  1  1 -1 -1  1  1  1  1  1] [ 3 10 11 12 18 19 20 21 23 26 27 28 29 34 35 36 37 38 42 44 45 46 53] [ 6583  8559  3058 11160  3641  3671  7295  9789 14131  4535  7037  3576
  4819  5006  8659  8801 13784 13465  7993  4431  6779  9479  6811] [] 1716262333.3524055481
[-1  1  1  1  1  1  1  1 -1 -1  1  1  1  1  1  1  1  1  1  1  1 -1 -1 -1
  1] [ 2  3 10 11 12 18 19 20 21 23 26 27 28 29 34 35 36 37 38 42 44 45 46 47
 53] [16201  6532  7494  2903 10232  3623  3534  6730  9886 14488  4295  6819
  3479  4751  4899  8652  7661 13737 11088  7321  4218  6783  9653 14099
  5793] [] 1716262333.3954439163
[ 1  1  1  1  1  1  1  1  1  1  1  1  1  1  1  1  1 -1  1  1  1  1  1 -1
  1 -1] [ 3 10 11 12 18 19 20 21 23 26 27 28 29 34 35 36 37 38 42 44 45 46 47 52
 53 54] [ 6288  6525  2816  9994  3533  3510  6299  9877 13458  4036  6762  3291
  4693  4563  8536  7062 13507 11733  6742  4140  6707  9285  9931 15620
  5462 13033] [] 1716262333.4384624958
[ 1  1  1  1  1  1  1 -1 -1  1  1  1  1 -1  1  1  1  1  1  1  1  1  1  1
  1  1  1] [ 3 10 11 12 18 19 20 21 23 26 27 28 29 32 34 35 36 37 38 42 44 45 46 47
 52 53 54] [ 5452  5804  2700  9809  3290  3421  5940 10052 13602  3615  6718  2975
  4654 13561  4443  8214  5778 13322 10211  6627  4023  6550  8031  8658
 15285  5040 12593] [] 1716262333.4813613892
[ 1  1  1 -1  1  1  1  1 -1  1 -1  1  1  1  1  1 -1 -1  1  1  1  1  1  1
  1  1  1] [ 3 10 11 12 18 19 20 21 23 26 27 28 29 32 34 35 36 37 38 42 44 45 46 47
 52 53 54] [ 5229  5646  2634  9835  3163  3368  5918 10051 14442  3572  6724  2851
  4583 12954  4330  7932  5929 13384  8724  5739  3763  5567  6831  7818
 12615  4797 12060] [] 1716262333.5242514610
[-1  1  1  1  1 -1  1  1  1  1 -1  1 -1  1  1  1  1  1  1  1  1  1  1  1
 -1  1  1 -1  1 -1] [ 1  3 10 11 12 15 18 19 20 21 23 26 27 28 29 32 34 35 36 37 38 42 44 45
 46 47 52 53 54 61] [12176  4271  5416  2557  9480 14675  3024  3310  5586  9857 15129  3408
  6827  2748  4502 11095  4023  7719  5362 12972  8526  5358  3761  5478
  6896  7026 12085  4802 12036  7585] [] 1716262333.5674254894
[ 1  1  1  1 -1  1 -1  1  1  1  1  1  1  1  1  1  1  1  1  1  1  1  1  1
 -1  1 -1  1  1  1  1] [ 1  3 10 11 12 15 18 19 20 21 23 26 27 28 29 32 34 35 36 37 38 42 44 45
 46 47 51 52 53 54 61] [11841  3823  5193  2498  9536 14623  3039  3275  5573  9817 14390  3385
  6662  2656  4478 10599  3839  7087  4577 12644  8407  4764  3674  5386
  7084  6578 11978 11831  4278 11741  7080] [] 1716262333.6104681492
[ 1 -1  1  1  1  1  1  1  1  1 -1  1  1  1  1  1  1  1  1  1  1  1  1  1
  1  1  1  1  1  1  1  1] [ 1  2  3 10 11 12 15 18 19 20 21 23 26 27 28 29 32 34 35 36 37 38 42 44
 45 46 47 51 52 53 54 61] [11486 16098  3759  4930  2407  9346 14347  2919  3197  4811  9952 14127
  3273  6621  2553  4421 10486  3671  7029  4500 12449  8089  4155  3549
  5139  6176  5884 11070  7755  4261  9713  6886] [] 1716262333.6534183025
[ 1 -1  1  1  1  1  1  1  1  1 -1 -1  1  1  1  1 -1  1  1  1  1 -1  1 -1
  1  1  1  1 -1  1  1  1  1  1] [ 1  2  3 10 11 12 15 18 19 20 21 23 26 27 28 29 32 34 35 36 37 38 42 43
 44 45 46 47 50 51 52 53 54 61] [11341 16312  3295  4400  2322  9005 13743  2827  3141  4327 10076 14154
  3242  6598  2467  4371 11064  3458  6592  4102 11522  8102  3987 14839
  3384  4617  5936  4975 15569 10976  7711  4071  7394  6591] [] 1716262333.6963431835
[ 1  1 -1  1  1  1  1  1  1  1  1  1 -1  1  1  1  1  1  1 -1 -1 -1  1  1
  1  1  1  1  1  1  1  1  1  1] [ 1  3 10 11 12 15 18 19 20 21 23 26 27 28 29 32 34 35 36 37 38 41 42 43
 44 45 46 47 50 51 52 53 54 61] [11058  3133  4453  2257  8985 13663  2771  3106  4235  9968 14143  3199
  6686  2425  4311 10399  3439  6272  3836 11677  8131 14937  3935 14547
  3330  4540  5887  4669 15334 10813  7552  3866  7113  6546] [] 1716262333.7394773960
[ 1  1  1  1  1  1  1  1  1  1  1  1 -1  1  1  1  1  1  1  1 -1  1  1  1
  1  1  1  1  1  1  1  1  1  1] [ 1  3 10 11 12 15 18 19 20 21 23 26 27 28 29 32 34 35 36 37 38 41 42 43
 44 45 46 47 50 51 52 53 54 61] [10753  2967  4393  2255  8795 13523  2716  3082  4109  9465 13935  3105
  6775  2413  4289 10201  3399  6027  3619 10262  8789 14852  3700 14183
  3248  4454  5801  4438 14453 10640  7326  3587  6753  6373] [] 1716262333.7824544907
[ 1  1  1  1  1  1 -1  1  1  1  1  1  1  1 -1  1  1  1  1  1  1  1  1 -1
  1  1  1  1  1  1  1  1  1  1] [ 1  3 10 11 12 15 18 19 20 21 23 26 27 28 29 32 34 35 36 37 38 41 42 43
 44 45 46 47 50 51 52 53 54 61] [ 8712  2687  4388  2231  8601 13511  2725  3007  3888  9012 13903  3057
  6734  2325  4309  9614  3315  5920  3474  9383  7848 14695  3526 14207
  3144  4295  5027  4121  8179  9183  6690  3522  6191  6253] [] 1716262333.8254857063
[ 1 -1  1  1  1  1  1  1  1  1  1 -1  1  1  1  1  1  1  1  1  1  1  1  1
 -1  1  1  1 -1  1  1 -1  1  1 -1 -1 -1] [ 1  2  3 10 11 12 15 18 19 20 21 23 26 27 28 29 32 34 35 36 37 38 41 42
 43 44 45 46 47 50 51 52 53 54 55 60 61] [ 6919 15863  2559  4362  2136  8555 13427  2717  2872  3682  8600 13951
  3003  6700  2247  4223  9577  3099  5701  3444  8488  7800 14651  3352
 14245  2956  3869  4780  4190  7250  8272  7315  3476  5743  7751 12900
  6281] [] 1716262333.8683977127
[ 1  1  1 -1  1  1 -1  1  1  1  1  1  1 -1  1  1  1  1  1  1  1  1  1  1
 -1  1  1  1  1  1  1  1  1  1  1 -1 -1] [ 1  2  3 10 11 12 15 18 19 20 21 23 26 27 28 29 32 34 35 36 37 38 41 42
 43 44 45 46 47 50 51 52 53 54 55 60 61] [ 6899 15199  2373  4544  2078  8551 15007  2663  2790  3561  8519 13941
  2879  6824  2184  4054  9313  2883  5600  3276  7691  7593 14527  3170
 14359  2924  3765  4780  4046  6616  8222  6838  3268  5341  7118 12913
  6304] [] 1716262333.9114665985
[ 1  1  1  1  1  1  1  1  1  1  1  1  1  1  1 -1  1  1  1  1  1  1  1  1
 -1  1  1  1  1  1  1  1  1  1  1  1  1] [ 1  2  3 10 11 12 15 18 19 20 21 23 26 27 28 29 32 34 35 36 37 38 41 42
 43 44 45 46 47 50 51 52 53 54 55 60 61] [ 6817 15103  2324  4456  2037  8164 14839  2607  2752  3535  7253 13669
  2807  6808  2173  4087  9292  2831  5476  3103  7533  7400 14375  2987
 15207  2864  3711  4574  3862  6088  8133  6328  3139  4669  5550 10216
  6137] [] 1716262333.9544675350
[ 1  1  1  1  1  1 -1  1  1  1  1  1  1  1  1  1 -1  1 -1  1  1  1  1  1
  1  1  1  1  1  1  1  1  1  1  1  1  1] [ 1  2  3 10 11 12 15 18 19 20 21 23 26 27 28 29 32 34 35 36 37 38 41 42
 43 44 45 46 47 50 51 52 53 54 55 60 61] [ 6364 13551  2267  4332  1966  7863 14975  2523  2694  3484  6214 13631
  2775  6762  2065  4015  9323  2715  5536  2890  6833  7153 14169  2744
 14755  2768  3542  4363  3565  5664  6958  6153  3007  4383  4748  9338
  6038] [] 1716262333.9974129200
[ 1 -1  1  1  1  1 -1  1  1  1  1  1  1  1  1  1  1  1 -1  1  1  1  1  1
  1  1  1  1  1  1  1 -1 -1  1  1  1 -1] [ 1  2  3 10 11 12 15 18 19 20 21 23 26 27 28 29 32 34 35 36 37 38 41 42
 43 44 45 46 47 50 51 52 53 54 55 60 61] [ 5904 14255  2219  4324  1934  7304 15005  2479  2600  3417  6127 13535
  2661  6580  1978  3951  9308  2630  5613  2788  6645  6908 14042  2734
 12115  2756  3467  4081  3477  5504  6955  6196  3011  4211  4504  7716
  6064] [] 1716262334.0404253006
[ 1 -1  1  1  1  1 -1  1  1  1  1  1  1  1  1 -1  1  1  1  1  1  1  1  1
  1  1  1  1  1  1 -1 -1  1  1  1 -1  1] [ 1  2  3 10 11 12 15 18 19 20 21 23 26 27 28 29 32 34 35 36 37 38 41 42
 43 44 45 46 47 50 51 52 53 54 55 60 61] [ 5492 14939  2155  4306  1923  7188 15087  2432  2574  3287  6091 13479
  2602  6450  1956  3989  9213  2590  5400  2753  6443  6835 13935  2710
 11867  2712  3213  3834  3369  5384  7013  6380  2974  3990  4448  7848
  6014] [] 1716262334.0833697319
[-1  1  1  1  1  1  1  1  1  1  1  1 -1 -1  1  1 -1  1  1  1  1  1 -1  1
  1  1 -1  1 -1  1  1 -1 -1  1  1  1 -1] [ 1  2  3 10 11 12 15 18 19 20 21 23 26 27 28 29 32 34 35 36 37 38 41 42
 43 44 45 46 47 50 51 52 53 54 55 60 61] [ 5544 14375  2143  4272  1901  7136 15085  2413  2566  3239  6071 13403
  2619  6536  1937  3935  9452  2559  5170  2710  6228  5933 14049  2642
 11837  2712  3227  3778  3374  5282  6975  6449  2980  3903  4252  7525
  6029] [] 1716262334.1264135838
[ 1  1 -1  1  1  1  1 -1  1  1  1 -1  1 -1 -1 -1 -1  1  1  1  1  1  1  1
  1 -1  1 -1 -1 -1  1  1 -1 -1  1  1 -1] [ 1  2  3 10 11 12 15 18 19 20 21 23 26 27 28 29 32 34 35 36 37 38 41 42
 43 44 45 46 47 50 51 52 53 54 55 60 61] [ 5488 13995  2155  4233  1895  7125 15039  2417  2553  3193  5876 13581
  2586  6576  1959  3951  9481  2535  5136  2698  5971  5841 13983  2606
 11785  2720  3195  4027  3496  5322  6758  6196  3001  4011  4210  6468
  6079] [] 1716262334.1694188118
[ 1  1  1  1  1 -1 -1 -1  1 -1  1  1  1  1 -1  1 -1  1  1  1  1  1  1 -1
 -1  1  1 -1 -1 -1 -1 -1  1 -1 -1 -1 -1  1] [ 1  2  3 10 11 12 13 15 18 19 20 21 23 26 27 28 29 32 34 35 36 37 38 41
 42 43 44 45 46 47 50 51 52 53 54 55 60 61] [ 5487 13851  2129  4160  1883  7127 16352 15231  2401  2591  3131  5706
 13503  2555  6604  1933  3967  9455  2527  5024  2651  5933  5814 14106
  2637 11773  2688  3199  4158  3569  5393  6761  6184  3003  4039  4666
  6746  6029] [] 1716262334.2122800350
[-1  1 -1 -1 -1  1  1  1  1  1 -1 -1 -1  1  1 -1  1 -1 -1  1 -1  1 -1  1
 -1 -1 -1 -1 -1 -1 -1 -1  1 -1 -1 -1 -1 -1] [ 1  2  3 10 11 12 13 15 18 19 20 21 23 26 27 28 29 32 34 35 36 37 38 41
 42 43 44 45 46 47 50 51 52 53 54 55 60 61] [ 5870 13839  2146  4224  1919  7112 16349 15029  2395  2563  3137  6003
 13527  2553  6586  1961  3933  9485  2547  4988  2695  5834  5817 14011
  2797 11951  2752  3263  4363  3665  5456  6823  6170  3049  4283  6344
 10769  6103] [] 1716262334.2554185390
[-1  1 -1  1  1 -1  1 -1 -1 -1 -1 -1  1 -1  1  1  1  1 -1 -1 -1 -1 -1 -1
 -1 -1 -1 -1 -1 -1 -1 -1 -1 -1 -1 -1 -1 -1] [ 1  2  3 10 11 12 13 15 18 19 20 21 23 26 27 28 29 32 34 35 36 37 38 41
 42 43 44 45 46 47 50 51 52 53 54 55 60 61] [ 6213 13343  2165  4212  1883  7141 16224 15053  2416  2602  3231  6017
 13451  2571  6448  1956  3915  9362  2655  5072  2728  5882  5968 14388
  3029 14755  2792  3370  4581  3864  5882  7861  6624  3088  4701 11141
 13572  6158] [] 1716262334.2984046936
[-1  1 -1 -1 -1  1  1 -1 -1 -1 -1 -1 -1 -1 -1 -1 -1 -1 -1 -1 -1 -1 -1 -1
  1 -1 -1 -1 -1 -1  1  1 -1 -1  1] [ 1  2  3 10 11 12 15 18 19 20 21 23 26 27 28 29 32 34 35 36 37 38 41 42
 43 44 45 46 47 50 51 52 53 54 61] [ 6573 13167  2266  4312  1951  7137 14959  2481  2662  3404  6079 13467
  2665  6588  2017  3999  9371  2719  5188  2852  6341  6100 14670  3188
 14599  2922  3450  4757  3902 10213  7828  5936  3133  4935  6055] [] 1716262334.3413455486
[-1 -1 -1  1 -1 -1  1 -1 -1 -1 -1 -1 -1  1 -1 -1  1 -1  1 -1 -1 -1 -1 -1
  1 -1 -1 -1 -1 -1 -1 -1 -1 -1 -1] [ 1  2  3 10 11 12 15 18 19 20 21 23 26 27 28 29 32 34 35 36 37 38 41 42
 43 44 45 46 47 50 51 52 53 54 61] [ 6583 13227  2364  3980  1991  7339 13563  2493  2690  3540  6869 13485
  2734  6531  2089  4083  9334  2793  4816  2948  6622  6462 14687  3391
 14511  3008  3891  5167  4033 14694  8202  6998  3296  6651  6213] [] 1716262334.3844270706
[-1 -1 -1 -1 -1 -1  1 -1 -1 -1 -1 -1 -1 -1 -1 -1  1 -1 -1 -1 -1 -1 -1  1
 -1 -1 -1 -1 -1 -1 -1 -1 -1] [ 1  2  3 10 11 12 15 18 19 20 21 23 26 27 28 29 32 34 35 36 37 38 42 43
 44 45 46 47 51 52 53 54 61] [ 8378 13311  2495  4056  2031  7497 13439  2534  2715  3633  8271 13639
  2832  6547  2151  4086  9316  2889  5120  3313  6913  6614  3576 14347
  3048  4111  5878  4260 10441  7066  3478  8525  6468] [] 1716262334.4273502827
[-1 -1 -1  1 -1 -1  1 -1 -1  1 -1 -1 -1  1 -1 -1 -1 -1 -1 -1 -1 -1 -1  1
 -1 -1  1 -1 -1 -1 -1 -1 -1] [ 1  2  3 10 11 12 15 18 19 20 21 23 26 27 28 29 32 34 35 36 37 38 42 43
 44 45 46 47 51 52 53 54 61] [10343 13866  2779  4000  2032  8107 13247  2586  2798  3616  8358 13749
  2871  6404  2177  4151  9383  2943  5229  3391  7550  7821  3804 14294
  3128  4745  5871  4890 10595  7352  3961 11318  6684] [] 1716262334.4703438282
[-1 -1 -1 -1 -1 -1  1 -1 -1 -1 -1  1 -1 -1 -1 -1 -1 -1 -1 -1 -1 -1 -1 -1
 -1 -1 -1 -1 -1 -1 -1 -1 -1] [ 1  2  3 10 11 12 15 18 19 20 21 23 26 27 28 29 32 34 35 36 37 38 42 43
 44 45 46 47 51 52 53 54 61] [10930 14207  2981  4057  2082  8224 13229  2655  2950  3750  8362 13661
  2885  6422  2217  4171  9533  3231  5684  3502  7731  7944  4131 14459
  3280  4981  6121  5617 10781  8254  4164 11821  7032] [] 1716262334.5134003162
[-1  1 -1 -1 -1 -1 -1 -1 -1 -1 -1 -1 -1 -1 -1 -1 -1 -1 -1 -1 -1  1 -1 -1
 -1 -1 -1 -1 -1 -1 -1] [ 1  2  3 10 11 12 15 18 19 20 21 23 26 27 28 29 32 34 35 36 37 38 42 44
 45 46 47 51 52 53 54] [15887 14079  3686  4113  2150  8242 13295  2667  3000  3835  8504 13671
  2991  6489  2289  4279 10339  3412  5816  3717  8073  7937  4233  3299
  5091  6241  6799 10782  9713  4230 11993] [] 1716262334.5563628674
[ 1 -1 -1 -1 -1  1 -1 -1 -1 -1 -1  1 -1 -1 -1  1 -1 -1 -1 -1 -1 -1 -1 -1
 -1  1 -1 -1 -1] [ 1  2  3 10 11 12 15 18 19 20 21 23 26 27 28 29 32 34 35 36 37 38 42 44
 45 46 47 52 53] [15843 14136  3867  4486  2189  8211 13331  2735  3023  3931  8641 13431
  3051  6506  2338  4242 10438  3515  5960  3836  8448  8111  4762  3418
  5239  6205 12375 11915  4640] [] 1716262334.5993700027
[-1 -1 -1 -1 -1  1 -1 -1 -1 -1 -1  1 -1 -1 -1  1  1 -1 -1 -1 -1  1 -1 -1
 -1 -1 -1 -1] [ 1  2  3 10 11 12 15 18 19 20 21 23 26 27 28 29 32 34 35 36 37 38 42 44
 45 46 52 53] [15975 14241  4699  4554  2274  8208 13403  2783  3070  4183  9640 13337
  3161  6510  2402  4223 10338  3691  6181  3980 10808  8088  5246  3589
  5404  6539 14455  4857] [] 1716262334.6423354149
[-1 -1 -1 -1 -1 -1 -1 -1 -1 -1 -1  1 -1  1 -1 -1  1 -1 -1 -1 -1 -1 -1 -1
 -1 -1 -1] [ 1  2  3 10 11 12 15 18 19 20 21 23 26 27 28 29 32 34 35 36 37 38 42 44
 45 46 53] [16120 14533  4742  4784  2350  8383 13469  2847  3090  4265  9722 13210
  3254  6484  2498  4287 10323  3959  6553  4378 11562  8982  7807  3859
  6051  8329  5314] [] 1716262334.6853942871
[ 1 -1 -1 -1 -1 -1 -1 -1 -1  1 -1 -1 -1 -1 -1 -1 -1 -1  1 -1 -1 -1 -1 -1
 -1] [ 2  3 10 11 12 15 18 19 20 21 23 26 27 28 29 34 35 36 37 38 42 44 45 46
 53] [14458  4830  4964  2447  9509 13567  2973  3231  4423  9584 13214  3408
  6500  2659  4373  4388  6652  4731 11421 10118  9009  3926  6095  8546
  7500] [] 1716262334.7282218933
[-1 -1 -1 -1 -1  1 -1 -1 -1  1  1 -1 -1 -1 -1 -1 -1 -1 -1  1 -1 -1  1 -1] [ 2  3 10 11 12 15 18 19 20 21 23 26 27 28 29 34 35 36 37 38 42 44 45 53] [14501  4990  5373  2598  9737 13188  3202  3251  4515  9496 13210  3647
  6603  2747  4458  4838  7772  5417 11545 10003 11489  4112  6058 10350] [] 1716262334.7713382244
[ 1 -1 -1 -1  1 -1 -1 -1 -1 -1  1 -1 -1 -1 -1 -1 -1 -1 -1 -1 -1 -1 -1] [ 2  3 10 11 12 15 18 19 20 21 23 26 27 28 29 34 35 36 37 38 42 44 45] [14463  5111  6022  2688  9361 13250  3483  3347  5007  9504 13103  4155
  6975  2963  4485  5418  8178  5719 12582 10433 14239  4326  6261] [] 1716262334.8143227100
[ 1 -1 -1 -1 -1 -1 -1 -1 -1 -1 -1 -1 -1 -1 -1 -1 -1 -1 -1 -1  1] [ 2  3 10 11 12 15 18 19 20 21 23 26 27 28 29 34 35 36 37 44 45] [14378  6558  7499  2798 10599 13771  3617  3419  5271  9545 13119  4435
  7017  3191  4631  6170 10047  7547 13269  4452  6163] [] 1716262334.8572671413
[-1 -1 -1 -1 -1 -1 -1 -1 -1 -1  1 -1 -1 -1 -1 -1 -1 -1 -1 -1 -1] [ 2  3 10 11 12 15 18 19 20 21 23 26 27 28 29 34 35 36 37 44 45] [14431  6970  7585  2912 10712 14372  3672  3437  5451  9560 13119  4815
  7107  3237  4733  6226 11029  8400 13439  4965  6304] [] 1716262334.9001464844
[-1 -1 -1 -1 -1 -1 -1 -1 -1 -1 -1  1 -1 -1 -1 -1 -1  1 -1 -1] [ 2  3 10 11 12 18 19 20 21 23 26 27 28 29 34 35 36 37 44 45] [15051  7330  7737  3087 11590  4137  3460  6239  9598 13197  4957  7085
  3486  4867  6685 12689  9407 13111  5807  6731] [] 1716262334.9430665970
[ 1 -1 -1 -1 -1 -1 -1 -1 -1 -1 -1 -1 -1 -1 -1 -1 -1 -1 -1 -1] [ 2  3 10 11 12 18 19 20 21 23 26 27 28 29 34 35 36 37 44 45] [13811  7635  7901  3429 13320  4498  3557  7425  9623 13437  6261  8167
  3852  5159  8184 12717 13142 14079  7585  6820] [] 1716262334.9860701561
[-1 -1 -1  1 -1 -1 -1 -1  1 -1 -1 -1 -1 -1 -1  1 -1 -1] [ 2 10 11 12 18 19 20 21 23 26 27 28 29 34 35 36 44 45] [14357  8410  3582 13209  4647  3605  7459  9638 13422  7215  8305  4038
  6020  8383 13565 13048  9574 12633] [] 1716262335.0290441513
[-1 -1 -1 -1 -1 -1 -1 -1 -1 -1 -1 -1 -1  1 -1  1] [10 11 12 18 19 20 21 23 26 27 28 29 34 35 44 45] [ 9155  3902 13274  4938  3791  7682  9795 14783  8279  8481  4375  7205
 10629 13522  9742 12406] [] 1716262335.0720608234
[-1 -1 -1 -1 -1 -1 -1  1  1 -1 -1  1 -1] [10 11 12 18 19 20 21 26 27 28 29 35 44] [ 9578  4252 13289  5289  3853  9249  9891  8175  8278  4761  7687 13144
 12421] [] 1716262335.1150331497
[-1 -1 -1 -1 -1 -1 -1 -1 -1 -1 -1 -1 -1] [10 11 12 18 19 20 21 26 27 28 29 35 44] [11931  4866 13548  8028  4045  9454  9957  8449 11229  6883  8066 14013
 12741] [] 1716262335.1580362320
[-1 -1 -1 -1 -1 -1 -1 -1 -1 -1 -1 -1 -1] [10 11 12 18 19 20 21 26 27 28 29 35 44] [12349  5443 13577  8661  4263  9531 10029  8537 11369  7635  8088 15164
 13493] [] 1716262335.2010042667
[-1 -1 -1 -1 -1 -1 -1 -1 -1 -1 -1] [10 11 12 18 19 20 21 26 27 28 29] [13774  7199 13678  8988  4422  9889 10058  9056 11966  9429 10223] [] 1716262335.2439844608
[-1 -1 -1  1 -1  1  1 -1 -1] [11 12 18 19 20 21 27 28 29] [ 8227 14474  9015  4297  9942 10023 11930 10265 10311] [] 1716262335.2869920731
[-1 -1 -1 -1 -1 -1 -1 -1] [11 18 19 20 21 27 28 29] [ 8349  9260  4806 10509 10276 12070 10547 10652] [] 1716262335.3300125599
[-1 -1 -1 -1 -1 -1 -1 -1] [11 18 19 20 21 27 28 29] [ 8363  9361  5248 10988 10429 12375 10603 10949] [] 1716262335.3729774952
[-1 -1 -1 -1 -1 -1 -1 -1] [11 18 19 20 21 27 28 29] [ 8722 14441  5675 11524 10646 12874 10706 11414] [] 1716262335.4159832001
[ 1 -1 -1 -1 -1  1] [11 19 20 21 27 28] [ 8656  7246 12228 10665 12885 10623] [] 1716262335.4592158794
[-1 -1 -1 -1 -1 -1] [11 19 20 21 27 28] [ 8877  7893 12891 10972 13160 10951] [] 1716262335.5021908283
[-1 -1 -1 -1 -1] [11 19 20 21 28] [ 9007  9964 14792 11103 11162] [] 1716262335.5452382565
[-1 -1 -1 -1] [11 19 21 28] [ 9300 10203 11638 11570] [] 1716262335.5880687237
[-1 -1 -1] [11 19 28] [ 9639 10384 11611] [] 1716262335.6312272549
[-1 -1 -1] [11 19 28] [10220 11406 12173] [] 1716262335.6741988659
[1] [11] [9474] [] 1716262335.7171828747
2 2 2 1716262336.0212728977
