FA TAX ADC PRES TS
[-1] [28] [11846] [] 1716262470.8573215008
[1] [28] [11661] [] 1716262470.9002237320
[-1 -1 -1] [11 19 28] [10786 10719 12470] [] 1716262470.9432835579
[ 1 -1  1] [11 19 28] [10735 10743 12364] [] 1716262470.9863083363
[1 1 1] [11 19 28] [10331 10473 12115] [] 1716262471.0293302536
[1 1 1] [11 19 28] [10259 10281 11919] [] 1716262471.0722515583
[ 1  1 -1  1] [11 19 20 28] [ 9918 10233 16130 11693] [] 1716262471.1152973175
[-1  1  1 -1 -1] [11 19 20 27 28] [10015  8796 15571 13751 11847] [] 1716262471.1582832336
[ 1  1  1  1  1 -1] [11 19 20 27 28 29] [ 9578  6993 15003 13145 11690 12472] [] 1716262471.2013056278
[-1  1  1  1  1  1  1] [10 11 19 20 27 28 29] [15672  9425  6294 14398 12828 11444 11872] [] 1716262471.2443490028
[ 1  1  1  1 -1 -1  1] [10 11 19 20 27 28 29] [14624  9417  6213 14194 12853 11598 11706] [] 1716262471.2873206139
[ 1  1  1  1 -1  1  1] [10 11 19 20 27 28 29] [12952  9210  5576 13541 12944 11366 11263] [] 1716262471.3303291798
[ 1  1  1  1 -1 -1  1  1] [10 11 19 20 21 27 28 29] [11290  7689  5267 12898 14612 13027 11277 10925] [] 1716262471.3733150959
[ 1  1  1  1  1 -1  1  1] [10 11 19 20 21 27 28 29] [10468  6819  5206 12654 12393 13032 11144 10888] [] 1716262471.4162278175
[ 1  1  1  1  1  1  1  1 -1] [10 11 19 20 21 27 28 29 44] [ 9351  5686  4978 12066 11564 12949 10949 10743 14299] [] 1716262471.4593014717
[ 1  1 -1  1  1  1  1  1 -1  1] [10 11 18 19 20 21 27 28 29 44] [ 9028  5297 11513  4580 11826 11216 12317 10930 10772 13759] [] 1716262471.5024797916
[1 1 1 1 1 1 1 1 1 1] [10 11 18 19 20 21 27 28 29 44] [ 8756  4804 10804  4437 11018 10942 11886 10872 10646 13689] [] 1716262471.5453150272
[ 1  1  1 -1  1  1 -1  1  1 -1  1] [10 11 18 19 20 21 26 27 28 29 44] [ 8118  4774 10699  4471 10652 10769 12414 11564 10764 10677 13441] [] 1716262471.5882799625
[ 1  1  1  1  1  1  1  1 -1  1  1] [10 11 18 19 20 21 26 27 28 29 44] [ 7764  4566 10496  4103 10524 10522 11251 11287 10788  9468 12602] [] 1716262471.6313483715
[ 1  1  1  1  1  1  1  1  1  1  1 -1] [10 11 18 19 20 21 26 27 28 29 44 45] [ 7351  4222 10389  3982 10220 10434 10907 11170 10521  7870 10363 11874] [] 1716262471.6743769646
[ 1  1  1  1 -1 -1 -1 -1 -1  1 -1  1  1] [10 11 18 19 20 21 26 27 28 29 35 44 45] [ 6728  4100 10337  3913 10236 10568 10916 11527 10565  7825 15201 10219
  8130] [] 1716262471.7172615528
[ 1  1  1  1  1  1  1  1  1  1 -1  1  1] [10 11 18 19 20 21 26 27 28 29 35 44 45] [ 6295  3938  8748  3719  9899 10301 10785 10819 10388  7079 15858  9848
  6925] [] 1716262471.7602636814
[ 1  1  1  1  1  1  1 -1 -1  1 -1  1  1  1] [10 11 18 19 20 21 26 27 28 29 34 35 44 45] [ 6142  3898  8625  3531  9665 10159 10735 10842 10627  6808 13446 15247
  9714  6594] [] 1716262471.8034160137
[ 1  1  1  1  1  1  1 -1  1  1  1  1 -1  1  1] [10 11 18 19 20 21 26 27 28 29 34 35 36 44 45] [ 5939  3721  8574  3412  9494  9901 10675 11021 10570  6703  9965 13968
 15455  8562  6357] [] 1716262471.8463861942
[ 1  1  1  1  1  1  1  1 -1  1  1  1  1  1  1] [10 11 18 19 20 21 26 27 28 29 34 35 36 44 45] [ 5685  3552  6845  3268  9468  9873 10587 10854 10635  6202  9716 13290
 13705  8141  6205] [] 1716262471.8893482685
[ 1  1 -1  1  1  1  1  1  1 -1  1  1  1  1 -1  1  1] [10 11 12 18 19 20 21 26 27 28 29 34 35 36 42 44 45] [ 5452  3425 16358  6697  3188  9315  9862 10552  8456 10805  5553  9638
  9256 13540 11790  7714  6135] [] 1716262471.9322457314
[-1  1  1  1  1  1  1  1  1  1 -1  1 -1  1  1 -1  1  1] [ 3 10 11 12 18 19 20 21 26 27 28 29 34 35 36 42 44 45] [13500  5087  3391 14742  6671  3087  9221  9698 10509  8455 10885  5434
  9661  9039 13251 12569  7323  6084] [] 1716262471.9753403664
[ 1  1  1  1  1  1  1  1  1  1  1  1  1  1  1  1  1 -1 -1] [ 3 10 11 12 18 19 20 21 26 27 28 29 34 35 36 42 44 45 53] [13060  4900  3358 13829  6592  3023  9188  9663 10444  8299 10687  4552
  7995  8452 12592 10619  6357  6294 11021] [] 1716262472.0183417797
[ 1  1  1  1  1  1  1  1  1 -1  1  1  1  1  1  1  1  1  1] [ 3 10 11 12 18 19 20 21 26 27 28 29 34 35 36 42 44 45 53] [ 7499  4623  3351 11331  5889  2915  9169  9614 10330  8332  9483  4511
  7839  7562 11273  8324  5827  6141  7950] [] 1716262472.0613460541
[1 1 1 1 1 1 1 1 1 1 1 1 1 1 1 1 1 1 1] [ 3 10 11 12 18 19 20 21 26 27 28 29 34 35 36 42 44 45 53] [ 6824  4270  3019 10611  5746  2863  7973  9596 10215  8297  6716  4374
  7619  7397 11245  7386  5455  6053  6654] [] 1716262472.1043596268
[ 1  1  1  1  1  1 -1  1  1  1  1  1 -1 -1  1 -1  1  1 -1 -1  1] [ 3 10 11 12 18 19 20 21 26 27 28 29 34 35 36 37 42 44 45 46 53] [ 6407  4105  3000  9846  5469  2792  8075  9590 10113  7832  6263  4355
  7710  7663  9402 16371  6828  5070  6091 11674  5727] [] 1716262472.1473853588
[ 1  1  1  1  1  1  1  1  1 -1  1 -1  1 -1 -1  1  1  1  1  1 -1  1] [ 3 10 11 12 18 19 20 21 26 27 28 29 34 35 36 37 42 44 45 46 51 53] [ 5272  4041  2959  9603  5200  2726  7963  9546 10088  8055  5967  4391
  7427  7727  9576 12996  5898  5069  6082  9378 11555  5367] [] 1716262472.1903901100
[-1  1 -1 -1  1  1  1  1  1  1  1  1  1 -1 -1  1  1  1  1 -1  1 -1  1 -1
 -1 -1] [ 1  3 10 11 12 18 19 20 21 26 27 28 29 34 35 36 37 42 44 45 46 47 51 52
 53 54] [16139  5110  4042  2966  9024  4943  2645  7907  9542  8758  7757  5086
  4281  7459  7786  7238 12889  5417  4616  6157  8833 11625 11176 16215
  5383 12149] [] 1716262472.2334849834
[-1  1  1  1  1 -1  1  1 -1  1 -1  1 -1  1 -1  1 -1 -1  1  1  1  1  1  1
  1  1] [ 1  3 10 11 12 18 19 20 21 26 27 28 29 34 35 36 37 42 44 45 46 47 51 52
 53 54] [16306  5025  3886  2870  8510  4956  2636  7738  9578  8278  7779  4895
  4411  6829  7876  6391 13120  5471  4389  6047  8693 11034 11022 15209
  5333 11957] [] 1716262472.2764153481
[ 1  1  1 -1  1  1  1  1 -1  1  1  1  1  1  1 -1 -1  1  1  1 -1  1  1  1
  1  1 -1] [ 1  3 10 11 12 18 19 20 21 26 27 28 29 34 35 36 37 42 44 45 46 47 51 52
 53 54 61] [16224  4979  3804  2891  8411  4700  2592  7734  9690  8156  7747  4686
  4328  6687  7840  6883 13387  4872  4261  6033  9077  8269 10848 13723
  5271 11856  7388] [] 1716262472.3194234371
[ 1  1  1 -1  1  1  1 -1 -1  1  1  1  1  1  1  1  1 -1  1  1 -1  1  1  1
  1  1  1  1] [ 3 10 11 12 18 19 20 21 23 26 27 28 29 34 35 36 37 38 42 44 45 46 47 51
 52 53 54 61] [ 4919  3637  2766  8479  4220  2536  6561  9709 14091  8109  6777  4191
  4103  5827  7162  5237 13082 10618  4619  4017  6051  8569  7431  8738
 10914  5033  9852  7240] [] 1716262472.3624155521
[ 1  1  1  1  1  1  1 -1  1  1  1  1  1  1  1  1  1  1 -1  1  1  1 -1  1
  1  1  1  1] [ 3 10 11 12 18 19 20 21 23 26 27 28 29 34 35 36 37 38 42 44 45 46 47 51
 52 53 54 61] [ 4874  3494  2741  7549  4100  2481  5632  9772 13746  8006  6613  3892
  4043  5773  7005  4790 12361 10363  4683  3912  5984  7226  7453  8572
 10690  4925  9405  7074] [] 1716262472.4053983688
[-1  1  1  1  1  1  1  1 -1  1  1  1  1 -1  1  1  1 -1  1  1  1  1  1  1
  1  1  1  1  1] [ 1  3 10 11 12 18 19 20 21 23 26 27 28 29 34 35 36 37 38 42 44 45 46 47
 51 52 53 54 61] [16342  4081  3323  2703  7163  4031  2454  5471  9815 13574  7974  6148
  3765  4049  5451  6929  4764 12528  9998  4446  3662  5911  6434  6378
  8508  9969  4347  9124  6680] [] 1716262472.4483132362
[ 1  1  1  1  1  1  1  1  1  1  1  1  1  1  1  1  1  1 -1  1  1  1  1  1
  1  1  1  1] [ 3 10 11 12 18 19 20 21 23 26 27 28 29 34 35 36 37 38 42 44 45 46 47 51
 52 53 54 61] [ 3879  3315  2534  6865  3841  2429  5373  9701 13309  7951  5933  3573
  3969  5073  6870  4307 12292  9818  4511  3518  5812  6201  5511  8458
  9565  4052  7813  6616] [] 1716262472.4913930893
[ 1  1  1  1  1  1 -1  1  1  1  1  1  1 -1  1  1  1  1  1 -1  1  1  1  1
  1  1  1  1  1  1] [ 3 10 11 12 18 19 20 21 23 26 27 28 29 32 34 35 36 37 38 41 42 44 45 46
 47 51 52 53 54 61] [ 3849  3189  2495  6355  3724  2379  5399  9677 13072  7814  5743  3478
  3894 12036  4953  6779  3967 11340  9816 14255  4167  3457  5774  6090
  4965  8135  9501  3826  7396  6495] [] 1716262472.5345170498
[-1  1  1  1  1  1  1  1 -1  1  1  1  1  1  1  1  1  1  1  1 -1  1  1  1
  1  1  1  1  1  1  1] [ 1  3 10 11 12 18 19 20 21 23 26 27 28 29 32 34 35 36 37 38 41 42 44 45
 46 47 51 52 53 54 61] [11428  3753  3156  2462  6117  3652  2358  5289  9746 12956  7795  5485
  3279  3679 10237  4483  6730  3669 11033  8556 14347  3930  3306  5724
  6027  4626  7954  9329  3638  6326  6224] [] 1716262472.5774242878
[ 1  1  1  1  1  1  1  1  1 -1 -1  1  1  1 -1  1  1  1  1  1  1  1  1  1
  1  1  1  1  1  1  1] [ 1  3 10 11 12 18 19 20 21 23 26 27 28 29 32 34 35 36 37 38 41 42 44 45
 46 47 51 52 53 54 61] [ 9271  3631  2986  2419  5701  3581  2302  4902  9668 12963  7817  5211
  3078  3624 11759  4223  6680  3429  9953  8438 14321  3876  3228  5647
  5941  4411  6775  8972  3516  5575  6224] [] 1716262472.6203718185
[ 1  1  1  1  1  1  1  1 -1 -1  1  1  1  1  1  1 -1  1  1 -1 -1  1  1  1
  1  1 -1  1  1 -1  1 -1 -1] [ 1  3 10 11 12 18 19 20 21 23 26 27 28 29 32 34 35 36 37 38 41 42 44 45
 46 47 50 51 52 53 54 60 61] [ 8905  3514  2922  2383  5431  3423  2264  4863  9698 13017  7639  4935
  2979  3458 10089  3915  6707  3181  9566  8439 14401  3722  3192  5635
  5791  4258 10362  6737  8965  3536  5443 12725  6396] [] 1716262472.6634569168
[ 1  1 -1  1  1 -1  1  1 -1 -1  1  1  1  1  1  1  1  1  1  1  1  1 -1 -1
  1  1  1  1  1 -1 -1 -1 -1 -1 -1] [ 1  3 10 11 12 18 19 20 21 23 26 27 28 29 32 34 35 36 37 38 41 42 43 44
 45 46 47 50 51 52 53 54 55 60 61] [ 8627  3363  2943  2354  5249  3447  2263  4582  9734 13251  7619  4665
  2896  3332  9401  3903  6664  3110  8663  6986 14283  3579 12201  3204
  5455  5384  4222  9566  6348  9959  3561  5935  9224 12858  6406] [] 1716262472.7064611912
[ 1  1 -1  1  1 -1  1  1 -1  1  1 -1  1  1 -1 -1 -1  1  1  1  1 -1  1  1
  1  1  1  1  1 -1  1  1  1  1  1] [ 1  3 10 11 12 18 19 20 21 23 26 27 28 29 32 34 35 36 37 38 41 42 43 44
 45 46 47 50 51 52 53 54 55 60 61] [ 8138  3261  3224  2331  5092  3455  2195  4556  9772 13247  7595  4692
  2786  3263  9487  4027  7242  3026  8523  6888  8787  3641 10642  3044
  5286  5381  3962  9477  5925  9967  3510  5780  7076 11306  6379] [] 1716262472.7494068146
[ 1  1  1  1  1 -1  1  1  1  1  1  1  1  1  1  1  1  1  1  1  1  1  1  1
  1  1  1  1  1  1  1  1  1  1  1 -1] [ 1  3 10 11 12 15 18 19 20 21 23 26 27 28 29 32 34 35 36 37 38 41 42 43
 44 45 46 47 50 51 52 53 54 55 60 61] [ 8017  3036  3164  2300  4876 16279  3355  2180  4448  7632 13235  7559
  4452  2693  3153  8369  3727  6694  2916  7631  5797  7957  3423 10619
  2916  4634  5254  3711  9017  5275  9791  3445  4897  6342  8054  6391] [] 1716262472.7923536301
[ 1  1  1  1  1  1  1 -1  1  1 -1 -1  1  1  1  1  1  1 -1  1  1  1  1  1
  1  1  1  1  1  1  1 -1  1  1  1  1  1] [ 1  3 10 11 12 15 18 19 20 21 23 25 26 27 28 29 32 34 35 36 37 38 41 42
 43 44 45 46 47 50 51 52 53 54 55 60 61] [ 7895  2758  3081  2269  4416 16119  3236  2187  4428  6879 13348 13486
  7037  4226  2618  3077  8199  3482  6706  2781  7598  5696  7874  3210
 10469  2816  4602  5186  3628  8858  5011  9946  3178  4783  5590  7453
  6345] [] 1716262472.8354444504
[ 1  1  1  1  1  1  1  1  1  1  1  1  1  1  1  1  1  1  1  1  1  1  1 -1
  1  1  1  1  1  1  1  1  1  1  1  1  1] [ 1  3 10 11 12 15 18 19 20 21 23 25 26 27 28 29 32 34 35 36 37 38 41 42
 43 44 45 46 47 50 51 52 53 54 55 60 61] [ 7155  2514  3056  2243  4116 16079  3135  2120  4255  6849 13325 13380
  6951  4132  2496  3039  8175  3335  5636  2700  7125  5672  7694  3227
 10347  2770  4317  4719  3541  8416  4927  9395  3167  4600  5104  7332
  6338] [] 1716262472.8784151077
[ 1  1  1  1  1 -1 -1 -1  1  1  1  1  1  1  1  1  1  1  1 -1  1  1  1  1
 -1 -1 -1 -1  1  1  1 -1  1  1  1  1  1] [ 1  3 10 11 12 15 18 19 20 21 23 25 26 27 28 29 32 34 35 36 37 38 41 42
 43 44 45 46 47 50 51 52 53 54 55 60 61] [ 6814  2484  2984  2235  4074 16127  3147  2124  4096  6801 13062 12768
  6833  4032  2437  2996  8108  3223  5570  2704  6833  5628  7626  3194
 10641  2778  4369  4724  3503  7596  4863  9407  3106  4507  4948  6959
  6306] [] 1716262472.9213960171
[ 1 -1 -1 -1  1  1  1  1 -1  1 -1  1  1  1  1  1 -1  1  1  1  1  1 -1  1
  1  1  1  1  1 -1  1  1  1  1  1  1  1] [ 1  3 10 11 12 15 18 19 20 21 23 25 26 27 28 29 32 34 35 36 37 38 41 42
 43 44 45 46 47 50 51 52 53 54 55 60 61] [ 6763  2485  2996  2237  4002 16055  3115  2111  4132  6779 13114 12642
  6818  3962  2431  2989  8210  3190  5498  2688  6631  5616  7753  3151
 10570  2764  4279  4662  3460  7780  4818  9299  3082  4497  4940  6801
  6304] [] 1716262472.9643342495
[-1  1  1 -1  1  1  1  1 -1 -1  1  1  1  1  1  1 -1  1  1  1 -1 -1 -1  1
 -1 -1  1  1 -1  1  1 -1 -1  1  1  1  1] [ 1  3 10 11 12 15 18 19 20 21 23 25 26 27 28 29 32 34 35 36 37 38 41 42
 43 44 45 46 47 50 51 52 53 54 55 60 61] [ 6767  2472  2976  2255  3968 15999  3107  2067  4204  6830 13097 12574
  6397  3944  2391  2984  9144  3167  5490  2674  7186  5635  7758  3141
 10649  2786  4221  4645  3468  7603  4765  9319  3127  4494  4848  6793
  6288] [] 1716262473.0074548721
[ 1 -1  1  1  1  1  1  1  1  1 -1 -1  1  1  1  1  1  1 -1  1 -1 -1  1 -1
  1 -1  1 -1 -1 -1 -1 -1  1 -1 -1 -1  1] [ 1  3 10 11 12 15 18 19 20 21 23 25 26 27 28 29 32 34 35 36 37 38 41 42
 43 44 45 46 47 50 51 52 53 54 55 60 61] [ 6683  2499  2976  2251  3940 15871  3079  2056  4172  6759 13167 12700
  6363  3940  2389  2953  8399  3155  5494  2653  7327  5640  7654  3267
 10645  2800  4219  4654  3489  8667  4887  9461  3119  4537  6080  7553
  6277] [] 1716262473.0504217148
[-1 -1  1  1 -1 -1 -1  1 -1 -1 -1  1 -1 -1  1 -1  1 -1 -1 -1  1  1 -1 -1
 -1 -1 -1 -1 -1 -1 -1 -1  1 -1 -1 -1 -1] [ 1  3 10 11 12 15 18 19 20 21 23 25 26 27 28 29 32 34 35 36 37 38 41 42
 43 44 45 46 47 50 51 52 53 54 55 60 61] [ 7335  2592  2968  2207  4040 16007  3127  2056  4207  6814 13238 12581
  6775  4008  2384  2967  8389  3183  5552  2672  7300  5606  7896  3471
 10823  2840  4263  5079  3598  9250  5505  9647  3107  4671  7807  9268
  6321] [] 1716262473.0934331417
[ 1 -1  1 -1  1  1  1 -1  1  1 -1 -1 -1 -1 -1 -1  1 -1 -1 -1 -1 -1 -1 -1
 -1 -1 -1  1  1  1 -1  1 -1 -1 -1  1] [ 1  3 10 11 12 15 18 19 20 21 23 25 26 27 28 29 32 34 35 36 37 38 41 42
 43 44 45 46 47 50 51 52 53 54 60 61] [ 7275  2758  2968  2217  4032 15925  3125  2072  4182  6763 13255 12782
  6829  4084  2413  3010  8086  3316  5593  2772  7343  5636 12075  3574
 12153  2850  4598  5059  3521  9115  5695  8875  3246  4675 13141  6267] [] 1716262473.1363525391
[-1 -1  1 -1 -1  1 -1 -1  1 -1 -1 -1 -1 -1 -1 -1 -1 -1  1 -1  1 -1 -1 -1
  1 -1 -1 -1 -1 -1  1 -1 -1 -1] [ 1  3 10 11 12 15 18 19 20 21 23 25 26 27 28 29 32 34 35 36 37 38 41 42
 43 44 45 46 47 51 52 53 54 61] [ 7731  3127  2756  2219  4375 14715  3215  2091  4106  6795 13325 14308
  6947  4137  2516  3058  8255  3459  5300  2782  7308  6707 12434  3652
 12123  2900  4664  5663  3794  6308  8724  3392  4996  6327] [] 1716262473.1794033051
[-1 -1  1 -1 -1  1 -1 -1  1 -1  1 -1 -1 -1 -1 -1 -1  1 -1 -1 -1 -1 -1 -1
 -1 -1 -1 -1 -1 -1 -1 -1 -1] [ 1  3 10 11 12 15 18 19 20 21 23 26 27 28 29 32 34 35 36 37 38 41 42 43
 44 45 46 47 51 52 53 54 61] [ 9532  3343  2752  2255  4503 14215  3262  2137  4085  7601 13239  7358
  4202  2619  3187  8376  3583  5250  2908  8113  6815 14247  3848 12327
  3072  5594  5851  4264  6414  8896  3567  5559  6390] [] 1716262473.2224137783
[-1 -1 -1 -1 -1 -1 -1 -1 -1 -1  1 -1 -1 -1 -1 -1 -1 -1 -1 -1 -1 -1 -1 -1
 -1 -1 -1 -1 -1 -1 -1 -1] [ 1  3 10 11 12 15 18 19 20 21 23 26 27 28 29 32 34 35 36 37 38 41 42 44
 45 46 47 51 52 53 54 61] [15662  3395  2773  2266  4999 14463  3341  2169  4111  7609 13197  7401
  4431  2756  3309  8751  3699  5716  2972  8641  9711 14303  3955  3187
  5610  5904  4751  6437  8977  3698  7499  6529] [] 1716262473.2653310299
[-1 -1 -1 -1 -1  1 -1 -1 -1 -1 -1  1 -1 -1 -1 -1 -1 -1 -1 -1 -1 -1 -1 -1
  1 -1 -1 -1 -1 -1 -1 -1] [ 1  3 10 11 12 15 18 19 20 21 23 26 27 28 29 32 34 35 36 37 38 41 42 44
 45 46 47 51 52 53 54 61] [15727  3571  2858  2298  5135 14391  3408  2222  4889  9316 13271  7386
  4893  2826  3323  9411  3891  5796  3311  8776  9742 15541  3996  3256
  5608  6599  5125  6653  9422  3808  8793  6712] [] 1716262473.3082966805
[ 1 -1 -1  1 -1 -1 -1 -1 -1 -1  1 -1  1 -1 -1 -1 -1  1 -1 -1 -1 -1 -1 -1
 -1 -1 -1 -1 -1 -1 -1] [ 1  3 10 11 12 15 18 19 20 21 23 26 27 28 29 32 34 35 36 37 38 42 44 45
 46 47 51 52 53 54 61] [15635  3703  2872  2289  5502 14439  3425  2240  5203  9328 13218  7396
  4883  2829  3418  9598  4108  5770  3430  9059  9755  4075  3410  5679
  6820  6442  8504  9948  4204 11175  7097] [] 1716262473.3513605595
[-1 -1 -1 -1 -1 -1 -1 -1  1  1 -1 -1 -1 -1 -1 -1 -1 -1 -1 -1 -1 -1 -1 -1
 -1 -1 -1  1 -1] [ 1  3 10 11 12 18 19 20 21 23 26 27 28 29 32 34 35 36 37 38 42 44 45 46
 47 51 52 53 54] [15679  3883  2884  2343  5781  3462  2268  5227  9274 13156  7399  4908
  2923  3512 10223  4243  5852  3614 10097  9819  4191  3569  5713  6822
  9021 10519 10701  4161 11830] [] 1716262473.3943917751
[ 1 -1 -1  1 -1 -1 -1  1  1  1 -1 -1 -1 -1 -1  1 -1 -1 -1 -1 -1  1 -1 -1
 -1 -1 -1 -1] [ 1  3 10 11 12 18 19 20 21 23 26 27 28 29 34 35 36 37 38 42 44 45 46 47
 51 52 53 54] [15386  4638  2965  2335  5993  3538  2348  5200  9181 12937  7441  5047
  2965  3625  4671  5828  3868 10773  9829  4526  3786  5472  7926 14084
 10669 11937  4401 12060] [] 1716262473.4373514652
[ 1 -1 -1 -1 -1 -1 -1 -1 -1  1 -1 -1 -1 -1 -1 -1 -1 -1 -1 -1 -1 -1  1 -1
 -1] [ 1  3 10 11 12 18 19 20 21 23 26 27 28 29 34 35 36 37 38 42 44 45 46 52
 53] [15254  4733  2988  2381  6317  3600  2367  5237  9214 12868  7531  5213
  3031  3705  5183  5990  4038 11531 10102  4992  4076  5842  7911 14303
  4859] [] 1716262473.4803338051
[ 1 -1 -1 -1 -1 -1  1 -1 -1 -1 -1 -1 -1 -1 -1 -1 -1 -1 -1 -1  1  1 -1] [ 1  3 10 11 12 18 19 20 21 23 26 27 28 29 34 35 36 37 42 44 45 46 53] [14927  5003  3192  2435  6758  4034  2359  5379  9223 12929  7816  5601
  3181  3808  5402  6038  4270 11689  4997  4133  5778  7876  5483] [] 1716262473.5232801437
[ 1 -1 -1 -1 -1 -1 -1 -1 -1 -1 -1 -1  1 -1 -1 -1  1 -1  1 -1 -1 -1 -1 -1] [ 1  3 10 11 12 15 18 19 20 21 23 26 27 28 29 34 35 36 37 42 44 45 46 53] [14617  6103  3273  2451  7470 15814  4081  2390  5436  9244 13074  7934
  5581  3279  3900  5671  5965  4719 11618  6324  4689  5940 12303 10018] [] 1716262473.5663354397
[-1 -1 -1 -1 -1  1 -1 -1 -1  1 -1 -1 -1 -1 -1 -1 -1 -1 -1 -1 -1  1 -1] [ 1  3 10 11 12 15 18 19 20 21 23 26 27 28 29 34 35 36 37 42 44 45 53] [15450 11173  3433  2599  7853 14726  4303  2481  6360  9209 13320  8319
  5749  3583  4143  6098  7480  5381 11947  9336  4852  5891 14507] [] 1716262473.6093213558
[-1 -1 -1 -1 -1 -1 -1 -1 -1 -1 -1 -1  1 -1 -1 -1 -1 -1 -1 -1 -1 -1] [ 1  3 10 11 12 15 18 19 20 21 23 26 27 28 29 34 35 36 37 42 44 45] [16079 13944  3676  2651  8418 14831  4559  2550  7464  9316 13546  9914
  5682  3863  4199  6127  7802  5983 12687 10645  5464  6005] [] 1716262473.6522660255
[-1 -1 -1 -1  1 -1 -1 -1  1 -1 -1 -1 -1 -1 -1 -1 -1 -1 -1 -1 -1] [ 1 10 11 12 15 18 19 20 21 23 26 27 28 29 34 35 36 37 42 44 45] [16101  3738  2671  9249 14053  5017  2637  7568  9281 13557  9993  5715
  4134  4287  6171  7909  6298 13201 14289  5739  6087] [] 1716262473.6953096390
[-1 -1 -1  1 -1 -1 -1 -1 -1  1 -1 -1 -1 -1 -1 -1  1 -1 -1] [10 11 12 15 18 19 20 21 23 26 27 28 29 34 35 36 37 44 45] [ 3856  2781 10122 13835  5087  2706  8887  9295 13757  9975  5814  4936
  4339  6322  8114  8611 13177  6061  6335] [] 1716262473.7383065224
[-1 -1 -1 -1  1 -1 -1 -1 -1 -1 -1 -1 -1 -1 -1 -1 -1 -1] [10 11 12 15 18 19 20 21 26 27 28 29 34 35 36 37 44 45] [ 4234  2845 10432 13870  5074  2786  8907  9334 10044  6472  6296  4467
  8726  8408 10469 13887  8066  6615] [] 1716262473.7812716961
[-1 -1 -1 -1 -1 -1  1 -1 -1 -1 -1 -1 -1 -1 -1 -1 -1] [10 11 12 15 18 19 20 21 26 27 28 29 34 35 36 44 45] [ 4533  2923 12267 14314  5660  2887  8867  9343 10250  6518  8279  4567
  9440  9029 10939  8126  7936] [] 1716262473.8242349625
[-1 -1 -1 -1 -1  1 -1 -1 -1 -1 -1 -1 -1 -1 -1 -1] [10 11 12 18 19 20 21 26 27 28 29 34 35 36 44 45] [ 4576  2948 13926  5871  2925  8848  9366 10284  6619  9963  5322 12946
 11860 12442  9262 12398] [] 1716262473.8673088551
[-1 -1 -1 -1 -1 -1 -1 -1 -1 -1 -1 -1 -1 -1 -1] [10 11 12 18 19 20 21 26 27 28 29 34 35 36 44] [ 4768  3209 14902  6538  2981  8955  9508 10296  6706  9995  5428 13141
 13045 13197  9652] [] 1716262473.9102780819
[-1 -1 -1 -1 -1 -1 -1 -1 -1 -1 -1 -1 -1 -1] [10 11 12 18 19 20 21 26 27 28 29 35 36 44] [ 4962  3267 15000  6797  3210  9118  9521 10390  7201 10113  5550 13982
 13328 12395] [] 1716262473.9533150196
[-1 -1 -1 -1 -1 -1 -1  1 -1  1 -1 -1 -1 -1] [10 11 12 18 19 20 21 26 27 28 29 35 36 44] [ 5191  3357 15302  8454  3297  9187  9596 10334  9025 10099  7701 14060
 14714 12747] [] 1716262473.9961960316
[-1 -1 -1 -1 -1 -1 -1 -1 -1  1 -1 -1 -1] [10 11 12 18 19 20 21 26 27 28 29 35 44] [ 5947  3500 15642  8573  3493  9449  9741 10530 11147 10018  7785 14230
 13037] [] 1716262474.0392835140
[-1 -1 -1 -1 -1 -1 -1  1 -1 -1 -1] [10 11 18 19 20 21 26 27 28 29 35] [ 6357  3750 10272  3784  9876  9927 10786 10993 10311  8116 15531] [] 1716262474.0822429657
[-1 -1 -1  1 -1 -1  1 -1 -1] [10 11 18 19 20 21 27 28 29] [ 6582  3897 10290  3717 10045 10173 10905 10351  8328] [] 1716262474.1252641678
[-1 -1 -1 -1 -1 -1 -1  1 -1] [10 11 18 19 20 21 27 28 29] [ 7586  4143 10401  4009 10331 10487 10924 10311 10405] [] 1716262474.1681702137
[-1 -1 -1 -1 -1 -1 -1 -1 -1] [10 11 18 19 20 21 27 28 29] [ 8883  4838 10728  4318 11012 10854 11874 10828 10801] [] 1716262474.2112753391
[-1 -1 -1 -1 -1 -1 -1  1 -1] [10 11 18 19 20 21 27 28 29] [ 9088  5067 10876  4489 11250 10950 11929 10764 10939] [] 1716262474.2543230057
[-1 -1 -1 -1 -1 -1 -1 -1] [10 11 19 20 21 27 28 29] [ 9391  6541  4843 12611 11512 12502 11176 11409] [] 1716262474.2972681522
[-1 -1 -1 -1  1  1 -1] [10 11 19 20 27 28 29] [10717  8927  5052 13680 12093 11075 11467] [] 1716262474.3401582241
[-1 -1 -1 -1 -1] [10 11 19 20 28] [13457  9378  6216 15507 11521] [] 1716262474.3832757473
[ 1 -1 -1] [11 19 28] [ 9312  7767 11523] [] 1716262474.4262681007
[-1 -1 -1] [11 19 28] [ 9563 10014 11909] [] 1716262474.4692499638
[-1 -1 -1] [11 19 28] [ 9958 10214 12218] [] 1716262474.5122864246
[1] [19] [10032] [] 1716262474.5552647114
2 2 2 1716262474.7702894211
