FA TAX ADC PRES TS
[-1] [11] [11280] [] 1716262320.8667740822
[1] [11] [10147] [] 1716262320.9097249508
[-1 -1] [11 28] [10219 12305] [] 1716262320.9527668953
[1 1] [11 28] [ 9871 11924] [] 1716262320.9957556725
[ 1 -1  1] [11 20 28] [ 9449 15563 11502] [] 1716262321.0387766361
[1 1 1] [11 20 28] [ 9134 15497 11252] [] 1716262321.0817956924
[-1 -1  1 -1 -1] [11 19 20 27 28] [ 9359 10719 15318 13380 11479] [] 1716262321.1247568130
[1 1 1 1 1] [11 19 20 27 28] [ 9131 10225 14378 12741 11400] [] 1716262321.1677768230
[ 1  1  1  1 -1 -1] [11 19 20 27 28 29] [ 8981 10119 13877 12557 11645 12219] [] 1716262321.2110431194
[1 1 1 1 1 1] [11 19 20 27 28 29] [ 8845  9918 13606 12363 11544 11594] [] 1716262321.2539122105
[ 1  1  1  1  1  1 -1] [11 19 20 27 28 29 44] [ 8671  9273 13183 12148 11226 10980 14050] [] 1716262321.2968995571
[-1  1  1 -1 -1 -1  1  1] [11 19 20 26 27 28 29 44] [ 8817  7612 12754  9757 12424 11281 10915 13507] [] 1716262321.3399009705
[1 1 1 1 1 1 1 1] [11 19 20 26 27 28 29 44] [ 8755  7507 12377  9141 12351 11242 10717 13099] [] 1716262321.3829731941
[-1  1  1  1 -1  1 -1  1 -1  1] [10 11 19 20 21 26 27 28 29 44] [15743  8710  7209 12175 11456  8934 12495 11185 10771 12675] [] 1716262321.4259312153
[-1  1  1  1  1  1 -1  1  1  1] [10 11 19 20 21 26 27 28 29 44] [16354  8649  6407 11995 10911  8556 12651 11134 10600 12485] [] 1716262321.4690055847
[ 1  1  1  1  1  1 -1  1  1 -1] [10 11 19 20 21 26 27 28 29 44] [14880  8625  5308 11474 10655  8380 12914 10948 10419 12488] [] 1716262321.5119624138
[1 1 1 1 1 1 1 1 1 1] [10 11 19 20 21 26 27 28 29 44] [12184  8621  5017 10957 10338  8316 12909 10794 10217  9989] [] 1716262321.5548715591
[ 1  1  1  1 -1  1  1  1  1 -1  1] [10 11 19 20 21 26 27 28 29 37 44] [11683  8558  4684 10503 10382  8214 12703 10767 10203 16358  9843] [] 1716262321.5979955196
[ 1  1  1  1  1  1  1  1 -1  1  1] [10 11 19 20 21 26 27 28 29 37 44] [10449  8538  4403 10400 10321  8110 12271  9817 10293 13872  9203] [] 1716262321.6408615112
[-1  1 -1 -1 -1 -1 -1 -1  1 -1  1 -1 -1  1 -1  1 -1] [ 3 10 11 18 19 20 21 23 26 27 28 29 36 37 42 44 45] [ 8592  9517  8657 11385  4405 10432 10409 15321  7288 12474  9630 10347
 13190 13537 12589  8400 12052] [] 1716262321.6839785576
[ 1  1  1  1  1  1 -1  1  1  1  1 -1 -1  1 -1  1  1  1] [ 3 10 11 18 19 20 21 23 26 27 28 29 34 36 37 42 44 45] [ 7666  8727  8631 10738  4282 10194 10426 14080  6368 12327  9361 10436
 12086 12084 13712 12521  7313  9173] [] 1716262321.7270090580
[ 1  1  1 -1  1  1  1 -1  1  1  1  1  1  1 -1  1 -1  1  1  1] [ 3 10 11 15 18 19 20 21 23 26 27 28 29 34 35 36 37 42 44 45] [ 5209  8308  8164 13965  8683  4142  9955 10430 13385  5747 12106  7787
  9159  8568 15605 11837 13855 12253  6807  6921] [] 1716262321.7699620724
[ 1  1 -1  1  1  1  1  1  1  1  1  1  1  1  1  1  1  1  1  1] [ 3 10 11 15 18 19 20 21 23 26 27 28 29 34 35 36 37 42 44 45] [ 5089  8204  8359 13694  8196  4025  8235 10197 13277  5405 11991  7497
  8293  8382 14731 10524 13569 11013  6442  6714] [] 1716262321.8129100800
[ 1  1  1  1  1  1  1  1  1  1  1  1 -1  1 -1  1  1  1  1  1 -1] [ 3 10 11 15 18 19 20 21 23 26 27 28 29 34 35 36 37 42 44 45 53] [ 4950  7898  8044 13259  8057  3938  7950 10050 13214  5067  8373  7016
  8949  8213 15260  8871 13392  9846  6180  6711 14200] [] 1716262321.8559412956
[-1  1  1  1  1  1  1  1  1  1  1  1  1  1  1 -1  1 -1  1  1  1  1] [ 1  3 10 11 15 18 19 20 21 23 26 27 28 29 34 35 36 37 42 44 45 53] [16148  4866  7589  7586 13137  7354  3769  7911  9858 13013  4606  8015
  6149  8046  8015 15539  8399 13872  6703  5761  6711  8855] [] 1716262321.8988680840
[ 1 -1  1  1  1  1  1  1  1 -1 -1  1  1  1  1  1  1  1  1  1  1  1  1] [ 1  2  3 10 11 15 18 19 20 21 23 26 27 28 29 34 35 36 37 42 44 45 53] [16042 15576  4745  7382  6550 12791  5692  3706  7693  9956 13201  4231
  7476  5185  7892  7617 13411  6323 13297  6582  5599  6630  8271] [] 1716262321.9418640137
[-1 -1  1  1 -1 -1  1  1  1  1  1  1  1  1  1  1  1  1  1  1  1  1  1] [ 1  2  3 10 11 15 18 19 20 21 23 26 27 28 29 34 35 36 37 42 44 45 53] [16158 16013  4719  7323  6557 12807  5418  3606  7647  9867 13173  4102
  6907  4852  7773  7214 13323  5722 12980  5394  5077  6574  6548] [] 1716262321.9848566055
[ 1  1  1  1  1  1  1  1  1  1  1  1  1  1  1  1  1  1  1  1  1 -1  1] [ 1  3 10 11 15 18 19 20 21 23 26 27 28 29 34 35 36 37 42 44 45 46 53] [16154  4603  7112  6174 12683  5232  3451  7567  9808 13151  3788  6625
  4499  6027  6666 12722  4851 12261  4680  4755  6544 11093  5878] [] 1716262322.0278317928
[ 1  1  1  1  1  1  1  1  1  1  1 -1  1  1  1  1  1  1  1  1  1  1  1] [ 1  3 10 11 15 18 19 20 21 23 26 27 28 29 34 35 36 37 42 44 45 46 53] [15850  4539  7036  6154 12598  4614  3386  7434  9748 12940  3424  6629
  4123  5133  5726 12420  4482 11937  4113  4486  6479 10853  5396] [] 1716262322.0708689690
[-1  1 -1  1 -1  1  1  1 -1 -1  1  1  1  1  1  1  1  1  1  1  1  1 -1 -1
  1] [ 1  3 10 11 15 18 19 20 21 23 26 27 28 29 34 35 36 37 42 44 45 46 47 52
 53] [16084  4099  7060  5346 12953  4542  3263  7387  9757 12957  3351  6524
  3877  4763  5558 12243  4202 11875  3844  4226  6334 10802 15205 16287
  5320] [] 1716262322.1138465405
[ 1  1  1  1  1  1  1  1  1 -1  1  1  1  1  1  1  1  1 -1  1  1 -1 -1  1
  1  1 -1] [ 1  3 10 11 15 18 19 20 21 23 26 27 28 29 34 35 36 37 38 42 44 45 46 47
 52 53 61] [15872  3514  6685  4740 12763  4477  3205  7227  9694 13005  3234  6450
  3602  4264  5060 11307  3926 10682 13963  3762  3992  6375 11011 10167
 15551  4991  8277] [] 1716262322.1568620205
[-1  1  1  1 -1  1  1  1 -1 -1  1 -1  1 -1  1  1  1  1  1  1  1  1  1  1
  1 -1 -1  1] [ 1  3 10 11 15 18 19 20 21 23 26 27 28 29 34 35 36 37 38 42 44 45 46 47
 52 53 54 61] [16221  3311  6358  4190 12938  4397  3145  7039  9761 13059  3153  6460
  3533  4337  4989 10759  3907  8725 11358  3566  3918  6363 10247  8563
 14323  5077 12662  7332] [] 1716262322.1999025345
[ 1  1  1  1 -1  1  1  1 -1  1  1  1  1  1  1  1  1  1  1  1  1  1 -1  1
 -1  1  1  1  1] [ 1  3 10 11 15 18 19 20 21 23 26 27 28 29 34 35 36 37 38 42 44 45 46 47
 51 52 53 54 61] [16005  3079  6224  3869 13019  4139  3043  6882  9809 13026  3090  6415
  3397  4215  4740  8187  3654  8246 10400  3379  3812  6178 10407  7379
 11150 11999  4939 12007  7089] [] 1716262322.2428812981
[ 1  1  1  1  1  1  1  1 -1  1  1  1  1  1  1  1  1  1  1 -1  1  1  1  1
  1  1  1  1  1  1] [ 1  3 10 11 15 18 19 20 21 23 26 27 28 29 34 35 36 37 38 41 42 44 45 46
 47 51 52 53 54 61] [15979  2975  5794  3631 12869  4077  2943  6841  9849 12920  3036  6399
  3277  4101  4349  7709  3413  8050 10073 14435  3260  3685  6044  9311
  6694 10783  9783  4609 11844  6911] [] 1716262322.2858533859
[-1  1  1  1 -1  1  1  1 -1  1  1  1  1  1  1  1  1 -1  1  1  1  1  1  1
  1  1  1  1  1  1] [ 1  3 10 11 15 18 19 20 21 23 26 27 28 29 34 35 36 37 38 41 42 44 45 46
 47 51 52 53 54 61] [16168  2730  5348  3373 12943  3965  2895  6820  9858 12899  3027  6332
  3179  4053  4036  7624  3212  8062  9911 14311  2982  3660  6001  8880
  6480 10618  9349  4162  9619  6813] [] 1716262322.3287544250
[-1  1  1  1 -1 -1  1  1  1  1  1  1 -1  1  1  1  1  1  1 -1 -1  1  1  1
  1  1 -1 -1  1  1  1  1] [ 1  3 10 11 13 15 18 19 20 21 23 26 27 28 29 34 35 36 37 38 41 42 44 45
 46 47 50 51 52 53 54 61] [16329  2559  5200  3129 16153 13707  3730  2891  6120  9791 12778  2982
  6337  3042  3963  3923  6786  3051  7897  9998 14392  2963  3572  5841
  7436  5626 10242 10657  8950  3915  9422  6653] [] 1716262322.3719103336
[ 1  1  1  1  1 -1  1  1  1 -1 -1  1 -1  1  1 -1  1  1  1 -1  1  1  1  1
  1  1  1  1  1  1  1  1  1] [ 1  3 10 11 13 15 18 19 20 21 23 26 27 28 29 32 34 35 36 37 38 41 42 44
 45 46 47 50 51 52 53 54 61] [16197  2393  5148  3047 16106 13811  3728  2799  5949  9805 13053  2927
  6404  2975  3854 16005  3863  6484  2923  8061  8987 13959  2728  3485
  4823  6722  4474  8615 10538  7298  3668  8811  6396] [] 1716262322.4149827957
[-1 -1  1  1  1  1  1  1  1  1 -1 -1  1  1  1 -1  1  1  1  1  1  1  1 -1
  1  1  1  1  1  1  1  1  1 -1] [ 1  2  3 10 11 13 15 18 19 20 21 23 26 27 28 29 32 34 35 36 37 38 41 42
 44 45 46 47 50 51 52 53 54 61] [16316 10850  2332  4850  2971  9847 13387  3510  2769  5536 10082 13114
  2843  6390  2863  3857 10320  3794  5920  2688  6975  6666 13465  2743
  3380  4735  5567  4460  7909  7223  7168  3660  8666  6410] [] 1716262322.4579906464
[ 1  1  1  1  1  1  1  1  1  1  1 -1  1  1  1  1  1  1 -1  1  1  1  1  1
  1  1  1  1  1  1  1  1  1 -1  1] [ 1  2  3 10 11 13 15 18 19 20 21 23 26 27 28 29 32 34 35 36 37 38 41 42
 44 45 46 47 50 51 52 53 54 55 61] [15679 10585  2259  4708  2914  9415 13198  3379  2736  5402 10029 13221
  2782  6366  2661  3837  9832  3775  6280  2659  6563  6516 12725  2670
  3279  4507  5219  4190  6875  7089  7040  3616  7267 13425  6376] [] 1716262322.5009748936
[-1 -1  1 -1  1  1  1  1  1  1  1  1 -1  1  1  1  1  1  1  1  1  1  1  1
  1  1  1  1  1  1  1  1  1  1  1  1] [ 1  2  3  4 10 11 13 15 18 19 20 21 23 26 27 28 29 32 34 35 36 37 38 41
 42 44 45 46 47 50 51 52 53 54 55 61] [15807 10692  2249 12719  4458  2871  8710 13131  3136  2736  5305 10020
 13430  2751  6325  2585  3811  9110  3606  5953  2527  6377  6428 12693
  2534  3214  4221  5051  4000  6285  6988  6769  3440  6991 10381  6232] [] 1716262322.5440239906
[-1  1  1  1  1  1  1 -1  1  1  1  1 -1  1  1  1  1  1  1  1  1  1  1  1
  1  1  1  1  1  1  1  1  1  1  1  1] [ 1  2  3  4 10 11 13 15 18 19 20 21 23 26 27 28 29 32 34 35 36 37 38 41
 42 44 45 46 47 50 51 52 53 54 55 61] [16303 10258  2175 12175  4384  2774  7780 13165  3043  2679  5088  8841
 13577  2669  6294  2439  3755  8966  3455  5034  2352  5950  6370 12407
  2386  3063  3635  4914  3671  5680  6891  6192  3200  6095  6333  6152] [] 1716262322.5869746208
[ 1  1  1  1  1  1  1  1  1  1  1  1  1  1  1  1  1  1  1  1  1 -1  1  1
 -1  1  1  1  1  1  1 -1 -1  1  1  1] [ 1  2  3  4 10 11 13 15 18 19 20 21 23 26 27 28 29 32 34 35 36 37 38 41
 42 44 45 46 47 50 51 52 53 54 55 61] [ 9088  9710  2155 11071  4320  2625  6256 13009  2957  2634  4694  8640
 13508  2627  6228  2400  3751  8602  3271  4884  2292  6043  6328 11081
  2392  2976  3599  4839  3560  5403  6547  6234  3208  5737  5158  6115] [] 1716262322.6299815178
[ 1 -1  1  1  1  1  1 -1  1  1  1 -1 -1 -1  1  1  1  1  1  1  1  1  1 -1
  1  1  1  1  1 -1  1  1 -1  1  1  1 -1] [ 1  2  3  4 10 11 13 15 18 19 20 21 23 26 27 28 29 32 34 35 36 37 38 41
 42 44 45 46 47 48 50 51 52 53 54 55 61] [ 8178 10103  2118 10678  4212  2503  5883 13149  2903  2624  4420  8713
 14007  2647  6196  2360  3739  8073  3146  4698  2260  5756  6272 11519
  2284  2800  3407  4753  3342 12439  5120  6431  7334  3064  5341  4672
  6118] [] 1716262322.6729977131
[ 1  1  1  1 -1  1  1 -1 -1  1  1  1  1  1 -1  1  1  1  1 -1  1  1  1  1
  1 -1  1  1 -1  1  1 -1 -1  1  1  1  1  1] [ 1  2  3  4 10 11 13 15 18 19 20 21 23 26 27 28 29 32 34 35 36 37 38 41
 42 43 44 45 46 47 48 50 51 52 53 54 55 61] [ 7488  9992  2095 10163  4441  2421  5668 14501  2943  2602  4333  8651
 13855  2559  6486  2285  3582  7943  3071  4992  2187  5012  6208 10674
  2260 14603  2680  3247  4786  3252 11386  5188  6435  7016  3060  5259
  4417  5990] [] 1716262322.7159900665
[ 1  1  1  1  1  1  1  1  1  1  1  1  1  1  1  1  1  1  1 -1  1  1  1  1
  1 -1 -1  1  1  1 -1  1 -1 -1  1 -1  1 -1] [ 1  2  3  4 10 11 13 15 18 19 20 21 23 26 27 28 29 32 34 35 36 37 38 41
 42 43 44 45 46 47 48 50 51 52 53 54 55 61] [ 7293  9833  2071  9957  4400  2387  5562 14487  2925  2570  4283  8644
 13773  2543  6448  2248  3566  7659  2918  5018  2126  4845  6208 10660
  2254 14923  2714  3239  4654  3229 11784  5038  6553  7114  3020  5397
  4410  6047] [] 1716262322.7590198517
[ 1 -1 -1 -1  1 -1 -1  1  1 -1  1  1  1  1  1 -1 -1  1  1  1 -1  1 -1  1
  1 -1  1  1  1  1 -1 -1 -1  1  1  1  1  1] [ 1  2  3  4 10 11 13 15 18 19 20 21 23 26 27 28 29 32 34 35 36 37 38 41
 42 43 44 45 46 47 48 50 51 52 53 54 55 61] [ 7267  9967  2082 10019  4204  2407  5567 14379  2836  2599  4273  8531
 13711  2535  6443  2263  3607  6765  2911  4896  2143  4715  6214 10455
  2228 15295  2624  3135  4623  3161 12133  5098  6593  7009  2992  5097
  4394  6003] [] 1716262322.8019709587
[-1  1  1  1  1  1  1 -1  1  1  1 -1  1  1  1  1  1  1  1  1  1  1 -1  1
 -1  1  1  1 -1  1  1 -1 -1 -1  1  1  1] [ 1  2  3  4 10 11 13 15 18 19 20 21 23 26 27 28 29 32 34 35 36 37 38 41
 42 44 45 46 47 48 50 51 52 53 54 55 61] [ 7285  9767  2061  9987  4096  2347  5504 14447  2815  2556  4241  8535
 13693  2513  6442  2225  3547  6707  2877  4872  2121  4631  6251 10340
  2235  2608  3113  4610  3165 12126  4981  6594  7044  3016  5007  4340
  5941] [] 1716262322.8449084759
[ 1  1  1  1 -1  1 -1  1  1  1 -1  1  1 -1 -1 -1 -1 -1  1  1  1 -1  1  1
 -1 -1 -1 -1 -1 -1 -1  1 -1  1 -1 -1 -1] [ 1  2  3  4 10 11 13 15 18 19 20 21 23 26 27 28 29 32 34 35 36 37 38 41
 42 44 45 46 47 48 50 51 52 53 54 55 61] [ 7275  9325  2059  9907  4116  2335  5563 14419  2768  2550  4294  8466
 13627  2539  6482  2244  3563  6814  2859  4872  2110  4741  6164 10340
  2237  2658  3246  4625  3237 15217  5480  6546  7062  3016  5323  5436
  5987] [] 1716262322.8879907131
[-1 -1 -1  1 -1 -1  1  1  1 -1  1  1  1  1  1 -1 -1 -1 -1  1 -1 -1  1 -1
 -1 -1 -1 -1 -1 -1 -1 -1 -1 -1 -1 -1 -1] [ 1  2  3  4 10 11 13 15 18 19 20 21 23 26 27 28 29 32 34 35 36 37 38 41
 42 43 44 45 46 47 50 51 52 53 54 55 61] [ 7311  9819  2069  9800  4376  2367  5518 14399  2765  2570  4268  8435
 13619  2495  6385  2248  3671  6866  2895  4864  2116  4999  6153 10893
  2288 16111  2752  3443  4662  3397  5578  6808  7154  3084  5759  7068
  6073] [] 1716262322.9309918880
[-1 -1 -1  1 -1  1 -1  1 -1 -1 -1 -1 -1  1  1 -1  1 -1 -1 -1 -1 -1 -1 -1
 -1  1 -1 -1 -1 -1 -1 -1  1 -1 -1 -1 -1] [ 1  2  3  4 10 11 13 15 18 19 20 21 23 26 27 28 29 32 34 35 36 37 38 41
 42 43 44 45 46 47 50 51 52 53 54 55 61] [ 9521 10055  2104  9689  4420  2335  5622 14351  2827  2586  4333  8505
 13639  2479  6368  2273  3671  7231  3019  4994  2159  5351  6191 11074
  2406 15643  2920  3577  4750  3508  5701  6970  6676  3291  6105 10733
  6104] [] 1716262322.9740214348
[-1  1 -1  1  1 -1 -1  1 -1 -1 -1  1 -1 -1  1 -1 -1 -1 -1  1 -1 -1 -1 -1
 -1 -1 -1 -1 -1 -1 -1 -1 -1 -1 -1] [ 1  2  3  4 10 11 13 15 18 19 20 21 23 26 27 28 29 32 34 35 36 37 38 41
 42 44 45 46 47 50 51 52 53 54 61] [10714  9689  2195  9526  4214  2495  6311 12863  2945  2604  4462  8464
 13659  2513  6081  2342  3711  8771  3207  4504  2246  5694  6242 12095
  2530  3020  3993  4838  3903  6916  7217  6723  3428  6737  6216] [] 1716262323.0169632435
[-1 -1 -1 -1 -1 -1 -1  1 -1 -1 -1  1 -1 -1 -1 -1 -1 -1 -1 -1 -1  1 -1 -1
  1  1 -1 -1 -1 -1 -1 -1 -1 -1 -1] [ 1  2  3  4 10 11 13 15 18 19 20 21 23 26 27 28 29 32 34 35 36 37 38 41
 42 44 45 46 47 50 51 52 53 54 61] [11123 10751  2269  9582  4216  2566  7415 12831  3007  2648  4650  8463
 13749  2631  6132  2496  3739  9325  3307  4800  2284  5661  6247 12385
  2494  2987  4239  5746  4105 14234  8080  6837  3726  8545  6299] [] 1716262323.0599775314
[-1  1 -1 -1 -1 -1 -1 -1 -1 -1 -1  1  1  1  1 -1  1 -1 -1 -1 -1  1 -1 -1
 -1 -1 -1 -1 -1 -1 -1 -1 -1 -1] [ 1  2  3  4 10 11 13 15 18 19 20 21 23 26 27 28 29 32 34 35 36 37 38 41
 42 44 45 46 47 51 52 53 54 61] [15534 10584  2367  9663  4294  2707  8209 12893  3031  2658  5181  8462
 13260  2623  6087  2535  3674 10463  3374  4976  2325  5635  6441 12421
  2500  3027  4559  6155  4470  9739  7088  3850  9088  6479] [] 1716262323.1029162407
[ 1  1 -1 -1 -1 -1  1 -1 -1 -1  1  1 -1 -1 -1 -1 -1 -1 -1 -1 -1 -1 -1 -1
 -1 -1 -1 -1 -1 -1 -1 -1 -1] [ 1  2  3 10 11 13 15 18 19 20 21 23 26 27 28 29 32 34 35 36 37 38 41 42
 44 45 46 47 51 52 53 54 61] [15295 10522  2415  4374  2786  9121 12723  3281  2692  5243  8447 13109
  2727  6203  2621  3709 10885  3547  5268  2409  5942  8411 13725  2714
  3120  4878  7007  4963  9781  7628  4043 11812  6678] [] 1716262323.1459877491
[ 1 -1 -1 -1 -1 -1 -1 -1 -1 -1 -1 -1  1 -1 -1 -1 -1 -1 -1 -1 -1 -1 -1 -1
 -1 -1 -1 -1 -1 -1] [ 1  3 10 11 13 15 18 19 20 21 23 26 27 28 29 34 35 36 37 38 42 44 45 46
 47 51 52 53 54 61] [15288  2728  4570  2843  9981 12819  3479  2721  5389  9565 13176  2755
  6158  2695  3732  3633  5404  2614  6109  9913  3044  3318  5983  7969
  6506 10042  9655  4461 12369  7086] [] 1716262323.1888818741
[-1 -1 -1 -1 -1  1 -1 -1 -1  1  1 -1 -1 -1 -1 -1 -1 -1 -1  1 -1 -1  1  1
 -1 -1 -1 -1 -1] [ 1  3 10 11 13 15 18 19 20 21 23 26 27 28 29 34 35 36 37 38 42 44 45 46
 47 51 52 53 61] [15331  3015  4876  2905 16233 12487  3747  2790  5511  9493 13100  2820
  6263  2769  3851  3817  5826  2786  6373  9888  3137  3376  5949  7951
  7310 10940  9763  4595  7200] [] 1716262323.2320117950
[ 1 -1 -1 -1 -1 -1 -1 -1  1  1  1 -1 -1  1 -1 -1 -1 -1  1 -1 -1 -1 -1 -1
 -1 -1] [ 1  3 10 11 15 18 19 20 21 23 26 27 28 29 34 35 36 37 38 42 44 45 46 47
 52 53] [15314  3036  4885  2967 12587  3789  2815  6093  9427 13039  2793  6323
  2802  3799  3925  5864  2938  6662  9874  3319  3596  5991  8194 10521
 10179  4612] [] 1716262323.2748775482
[ 1 -1 -1 -1 -1 -1 -1 -1 -1  1 -1  1 -1 -1 -1 -1 -1 -1 -1 -1 -1 -1 -1 -1
 -1] [ 1  3 10 11 15 18 19 20 21 23 26 27 28 29 34 35 36 37 38 42 44 45 46 52
 53] [14918  3381  4984  3244 12759  3963  2852  6617  9443 12990  2881  6266
  2928  3822  3935  6020  3180  6981  9997  3660  3700  6126 11209 15263
  4920] [] 1716262323.3179140091
[ 1 -1 -1 -1 -1 -1 -1 -1  1  1 -1 -1 -1 -1 -1 -1 -1 -1 -1 -1 -1 -1  1 -1] [ 1  3 10 11 15 18 19 20 21 23 26 27 28 29 34 35 36 37 38 42 44 45 46 53] [14683  4047  5729  3592 13031  4023  2859  6826  9372 12864  3027  6371
  3036  3976  4706  6074  3508  8073 10216  3825  3734  6205 11104  5068] [] 1716262323.3609139919
[ 1 -1 -1 -1 -1 -1 -1 -1 -1  1  1  1 -1 -1 -1 -1 -1  1 -1 -1 -1 -1] [ 1  3 10 11 15 18 19 20 21 23 26 27 28 29 34 35 36 37 42 44 45 53] [14356  4372  5857  3623 13103  4099  2895  6833  9440 12773  3006  6355
  3108  3998  5271  6528  3756  8027  4742  3919  6295  6793] [] 1716262323.4039764404
[ 1 -1 -1 -1  1 -1 -1 -1  1  1 -1 -1 -1 -1 -1 -1 -1 -1 -1 -1 -1 -1] [ 1  3 10 11 15 18 19 20 21 23 26 27 28 29 34 35 36 37 42 44 45 53] [14210  4432  5948  3826 12818  4317  3047  6889  9365 12588  3315  6492
  3334  4391  5957  8503  4198  9418  5962  4327  6327  7713] [] 1716262323.4468607903
[-1 -1  1 -1 -1 -1 -1 -1 -1 -1 -1  1 -1 -1 -1 -1  1 -1 -1 -1  1] [ 1  3 10 11 15 18 19 20 21 23 26 27 28 29 34 35 36 37 42 44 45] [14297  4467  5939  3901 12919  4387  3076  6993  9388 12685  3372  6454
  3479  4448  5968  9868  4132 10332  7748  4714  6305] [] 1716262323.4898982048
[-1 -1 -1 -1  1 -1 -1 -1 -1 -1 -1 -1 -1 -1 -1 -1 -1 -1 -1 -1 -1] [ 1  3 10 11 15 18 19 20 21 23 26 27 28 29 34 35 36 37 42 44 45] [14355  4669  6305  4308 12852  5119  3206  7205  9456 12687  3551  6611
  3747  5858  6331  9912  4648 11498  8429  4975  6390] [] 1716262323.5328850746
[-1 -1 -1 -1  1 -1 -1 -1 -1 -1 -1 -1 -1  1 -1 -1 -1 -1 -1 -1 -1] [ 1  3 10 11 15 18 19 20 21 23 26 27 28 29 34 35 36 37 42 44 45] [15201  4771  6309  4849 12766  5250  3269  7227  9479 12769  3723  6638
  3980  5818  6725 11307  4770 11862 15905  5694  6862] [] 1716262323.5757870674
[-1 -1 -1 -1 -1 -1 -1 -1 -1 -1 -1 -1 -1 -1 -1  1 -1 -1  1 -1 -1] [ 1  3 10 11 15 18 19 20 21 23 26 27 28 29 34 35 36 37 42 44 45] [16322  6934  6820  5830 13118  5805  3445  7347  9586 12927  4197  6712
  4638  5932  8028 11216  5604 12203 14201  5770 12251] [] 1716262323.6188733578
[-1 -1 -1  1 -1 -1 -1  1 -1 -1 -1 -1 -1 -1 -1 -1 -1 -1 -1] [ 3 10 11 15 18 19 20 21 23 26 27 28 29 34 35 36 37 44 45] [ 7240  6877  6674 13026  7913  3535  7415  9556 13124  4754  7762  5139
  7627  8332 12446  7277 12284  6280 12685] [] 1716262323.6618909836
[-1 -1 -1 -1 -1 -1 -1 -1  1 -1 -1 -1 -1 -1 -1 -1 -1 -1] [ 3 10 11 15 18 19 20 21 23 26 27 28 29 34 35 36 37 44] [13659  6918  6750 13528  7999  3588  7569  9651 12979  4897  7765  5896
  7680  8458 13557  7657 12456  8920] [] 1716262323.7047617435
[-1 -1 -1 -1 -1 -1 -1 -1 -1 -1 -1 -1 -1 -1 -1 -1] [10 11 18 19 20 21 23 26 27 28 29 34 35 36 37 44] [ 7181  7440  8148  3751  7666  9864 13001  5827  9946  6287  8358  9635
 13988  9491 13157  9473] [] 1716262323.7477517128
[ 1 -1 -1 -1 -1  1  1 -1 -1 -1 -1 -1 -1 -1 -1 -1] [10 11 18 19 20 21 23 26 27 28 29 34 35 36 37 44] [ 7143  8441 10314  3989  7815  9806 12995  6711 10427  8127  9947 12417
 15030 11150 13496 12402] [] 1716262323.7907216549
[-1 -1 -1 -1 -1 -1 -1 -1  1 -1  1 -1 -1 -1] [10 11 18 19 20 21 23 26 27 28 29 36 37 44] [ 7562  8518 10433  4111  8238  9921 13104  8183 10361  8846  9941 11631
 14631 12565] [] 1716262323.8337166309
[ 1  1 -1 -1 -1 -1 -1 -1 -1 -1 -1 -1  1 -1] [10 11 18 19 20 21 23 26 27 28 29 36 37 44] [ 7525  8472 10776  4292  9930 10225 13127  8265 10399  9557 10129 13075
 13887 12987] [] 1716262323.8766624928
[-1  1 -1 -1 -1 -1 -1 -1 -1 -1  1] [10 11 19 20 21 26 27 28 29 36 44] [ 8012  8443  4320 10054 10370  8351 11753 10322 10296 16188 12853] [] 1716262323.9196741581
[-1 -1 -1 -1 -1 -1 -1  1 -1 -1] [10 11 19 20 21 26 27 28 29 44] [ 8536  8535  4640 10229 10411  8504 11934 10211 10482 13039] [] 1716262323.9626443386
[ 1  1 -1 -1 -1 -1 -1  1  1] [10 11 19 20 21 26 27 28 29] [ 8392  8514  4949 10397 10624  9959 12412 10209 10423] [] 1716262324.0056819916
[-1 -1 -1 -1 -1 -1 -1 -1 -1] [10 11 19 20 21 26 27 28 29] [11262  8589  5667 10929 10814 12893 12682 10450 10594] [] 1716262324.0485410690
[-1  1 -1 -1 -1  1 -1 -1] [10 11 19 20 21 27 28 29] [12006  8500  6893 11270 11133 12666 10507 10735] [] 1716262324.0916376114
[-1 -1 -1 -1 -1 -1 -1] [10 11 19 20 27 28 29] [13282  8593  9139 11812 12865 10756 11172] [] 1716262324.1346349716
[-1 -1 -1 -1  1 -1] [10 11 19 20 27 28] [15690  8634  9529 12571 12619 10769] [] 1716262324.1776371002
[-1 -1 -1 -1 -1] [11 19 20 27 28] [ 8817  9812 13407 12941 11351] [] 1716262324.2205920219
[-1 -1 -1 -1] [11 19 20 28] [ 8837 10072 15899 11494] [] 1716262324.2636115551
[-1 -1] [11 28] [ 8901 11562] [] 1716262324.3065986633
[-1 -1] [11 28] [ 9255 11757] [] 1716262324.3495969772
[-1] [11] [9658] [] 1716262324.3925628662
[-1] [11] [10263] [] 1716262324.4355731010
2 2 2 1716262324.6926741600
