FA TAX ADC PRES TS
[-1] [28] [12363] [] 1716262623.0624394417
[ 1 -1] [28 44] [11916 13954] [] 1716262623.1053750515
[-1  1] [28 44] [12289 13639] [] 1716262623.1483449936
[1 1] [28 44] [11910 13493] [] 1716262623.1913912296
[-1 -1 -1] [11 28 44] [10463 12082 13527] [] 1716262623.2344093323
[-1 -1 -1  1] [11 19 28 44] [10469 10813 12231 13359] [] 1716262623.2774593830
[ 1  1  1 -1] [11 19 28 44] [ 9898 10475 11878 13541] [] 1716262623.3205749989
[ 1  1 -1  1 -1] [11 19 20 28 44] [ 9840 10463 16247 11806 14440] [] 1716262623.3635387421
[-1 -1  1 -1 -1] [11 19 20 28 44] [10095 10616 14712 11942 16335] [] 1716262623.4064366817
[ 1 -1  1  1  1] [11 19 20 28 44] [ 9891 10639 14574 11888 14893] [] 1716262623.4494030476
[1 1 1 1] [11 20 28 44] [ 9312 14506 11385 13762] [] 1716262623.4922277927
[ 1  1 -1 -1  1] [11 20 28 29 44] [ 9258 14044 11490 12127 11257] [] 1716262623.5354201794
[ 1 -1  1  1  1  1] [11 19 20 28 29 44] [ 9183 10441 13439 11437 11356 10953] [] 1716262623.5784716606
[1 1 1 1 1 1] [11 19 20 28 29 44] [ 9040  8270 13052 11367 11111 10398] [] 1716262623.6214413643
[1 1 1 1 1 1] [11 19 20 28 29 44] [ 9021  7815 13005 11179 10746 10168] [] 1716262623.6644098759
[ 1  1  1 -1  1  1 -1] [11 19 20 21 28 29 44] [ 8831  7486 12740 14420 11087 10674 10291] [] 1716262623.7074353695
[ 1  1  1  1 -1 -1 -1 -1] [11 19 20 21 28 29 35 44] [ 8791  7313 12382 11574 11253 10746 14859 10399] [] 1716262623.7504181862
[-1 -1 -1 -1  1 -1  1 -1 -1] [11 18 19 20 21 28 29 35 44] [ 8829 11062  7343 12506 11536 11301 10669 15347 10466] [] 1716262623.7933893204
[ 1  1  1  1  1  1 -1 -1 -1  1] [11 18 19 20 21 28 29 35 36 44] [ 8789 10587  6857 12179 11407 11066 10695 15870 15819 10111] [] 1716262623.8364937305
[-1  1  1  1  1 -1  1  1  1  1  1 -1] [11 18 19 20 21 26 28 29 35 36 44 45] [ 8858 10496  6327 12154 11096 11290 11046 10600 15286 14271 10011 12622] [] 1716262623.8794288635
[ 1 -1 -1 -1  1  1 -1 -1 -1  1  1 -1  1  1] [11 18 19 20 21 26 27 28 29 35 36 42 44 45] [ 7749 10506  6334 12201 11044 11033 15636 11047 10658 12934 13383 15600
  9813  8574] [] 1716262623.9224333763
[ 1  1  1  1  1  1  1 -1  1  1 -1  1  1 -1] [11 18 19 20 21 26 27 28 29 35 36 42 44 45] [ 6803 10503  5610 11995 11039 10924 12845 11162 10521 11595 15344 12551
  9204 11861] [] 1716262623.9654707909
[-1  1  1  1  1  1  1  1  1  1  1  1  1  1  1] [ 3 11 18 19 20 21 26 27 28 29 35 36 42 44 45] [13272  6701 10472  5308 11646 10728 10847 12539 10131  9188  9189 14777
 12103  8163 10277] [] 1716262624.0083911419
[-1  1 -1  1  1  1  1  1  1  1  1  1  1  1  1] [ 3 11 18 19 20 21 26 27 28 29 35 36 42 44 45] [13636  6465 10496  5173 11644 10724 10745 12415  8550  8915  8773 14499
 11789  7534  8456] [] 1716262624.0514385700
[ 1  1  1  1  1 -1  1  1  1  1  1  1  1  1  1] [ 3 11 18 19 20 21 26 27 28 29 35 36 42 44 45] [11606  6022 10421  5123 11480 10787 10737 12300  7237  8773  8732 14093
 11581  7135  7842] [] 1716262624.0945024490
[ 1  1  1  1  1  1 -1 -1  1 -1 -1  1  1 -1  1  1] [ 3 11 18 19 20 21 26 27 28 29 34 35 36 42 44 45] [ 8519  5865 10320  4989 11294 10705 10836 12332  6601  8929 11595  8499
 13150 11601  6042  7675] [] 1716262624.1374146938
[-1  1 -1  1  1  1  1  1  1 -1  1  1  1  1  1 -1  1 -1 -1] [ 1  3 10 11 18 19 20 21 26 27 28 29 34 35 36 42 44 45 53] [16242  5527 14881  4983 10189  4890 11043 10608  8947 12382  6176  8885
 10939  8442 12104 11767  5739  7703 14431] [] 1716262624.1805388927
[ 1  1  1  1  1  1  1  1  1  1  1 -1  1 -1  1  1  1  1  1] [ 1  3 10 11 18 19 20 21 26 27 28 29 34 35 36 42 44 45 53] [15605  4849 14548  4245  7076  4815 10833 10356  8811 12331  5784  8902
 10628  8481 11462  8276  5426  7577 11242] [] 1716262624.2234959602
[ 1  1  1  1  1  1  1  1  1 -1  1  1  1  1  1  1  1  1 -1] [ 1  3 10 11 18 19 20 21 26 27 28 29 34 35 36 42 44 45 53] [15436  4640 13249  3937  6873  4305 10739 10196  8668 12681  5260  8643
 10105  8354 10503  7054  4882  7391 11353] [] 1716262624.2665963173
[ 1  1  1  1 -1  1  1  1  1  1  1  1  1  1  1  1  1  1  1  1] [ 1  3 10 11 15 18 19 20 21 26 27 28 29 34 35 36 42 44 45 53] [15267  4581 11882  3770 14297  6074  4112 10636 10081  8509 12656  4793
  7923  9816  8344  9319  6389  4763  6583 10830] [] 1716262624.3095231056
[ 1  1  1  1  1  1  1  1 -1  1  1  1 -1  1 -1  1  1  1  1  1] [ 1  3 10 11 15 18 19 20 21 26 27 28 29 34 35 36 42 44 45 53] [15030  4558 11512  3720 13617  5621  4084 10586 10122  8353  9078  4503
  7974  9756  8352  9134  5978  4478  6373  8468] [] 1716262624.3525526524
[ 1 -1 -1  1  1  1  1  1 -1 -1 -1  1  1 -1  1  1  1  1  1 -1 -1 -1  1] [ 1  3 10 11 15 18 19 20 21 26 27 28 29 34 35 36 42 44 45 46 47 51 53] [14835  4559 11583  3661 13424  5319  4059 10513 10201  8407  9580  4331
  7759  9851  8120  8711  5023  4208  6268 11445 13719 11695  8326] [] 1716262624.3955140114
[-1  1  1  1  1  1  1  1  1  1  1  1  1  1 -1  1  1  1  1  1  1  1  1] [ 1  3 10 11 15 18 19 20 21 26 27 28 29 34 35 36 42 44 45 46 47 51 53] [15262  4332 10589  3443 13331  4827  3943 10504  9987  8145  6976  3948
  7679  9812  8499  7261  4364  4073  6174  9145 11800 11469  8159] [] 1716262624.4385392666
[ 1  1  1  1  1  1  1  1  1  1  1  1  1 -1  1  1  1 -1 -1 -1  1  1 -1  1
 -1] [ 1  3 10 11 15 18 19 20 21 26 27 28 29 34 35 36 42 44 45 46 47 51 52 53
 54] [14713  3787 10446  3169 13168  4613  3820 10448  9925  8130  6815  3776
  7503  9905  7742  6785  4142  4082  6374  9372 10047 11278 15887  7862
 12491] [] 1716262624.4816234112
[-1  1 -1  1 -1  1  1  1 -1  1 -1  1  1  1 -1  1  1  1  1  1  1  1  1 -1
  1 -1] [ 1  3 10 11 15 18 19 20 21 26 27 28 29 34 35 36 42 44 45 46 47 51 52 53
 54 61] [14901  3611 10703  3154 13387  4466  3758 10417 10093  7955  6858  3665
  5387  9894  8000  6362  3965  4008  6369  8968  7230 11040 13271  7948
 12279  7648] [] 1716262624.5246787071
[-1  1  1  1  1  1  1  1  1  1 -1  1  1  1 -1  1  1  1  1  1  1  1  1  1
  1  1] [ 1  3 10 11 15 18 19 20 21 26 27 28 29 34 35 36 42 44 45 46 47 51 52 53
 54 61] [14923  3513  9743  3052 13247  4263  3636  8471 10051  7402  6867  3501
  5032  7865  8047  5410  3790  3739  6179  8910  6497 10948 12543  7777
 12126  7428] [] 1716262624.5675504208
[-1  1  1  1 -1  1  1  1  1  1 -1  1  1  1  1  1  1  1  1  1  1  1  1  1
  1  1] [ 1  3 10 11 15 18 19 20 21 26 27 28 29 34 35 36 42 44 45 46 47 51 52 53
 54 61] [15168  3470  9615  2959 13325  4149  3563  8023  9897  6336  6887  3420
  4978  7144  7800  5164  3692  3669  6122  8707  6343 10784 11821  7110
 12033  7237] [] 1716262624.6105561256
[ 1  1  1  1  1  1  1  1 -1  1  1  1  1  1 -1  1  1  1  1  1  1  1  1  1
  1  1] [ 1  3 10 11 15 18 19 20 21 26 27 28 29 34 35 36 42 44 45 46 47 51 52 53
 54 61] [15080  3459  9270  2889 13294  4103  3442  7213 10004  6188  6751  3276
  4964  7138  7810  4857  3596  3591  5907  8586  5476 10754  9805  6510
 11897  7037] [] 1716262624.6535036564
[-1  1  1  1  1  1  1  1 -1  1  1  1  1  1  1  1 -1  1  1  1  1  1  1  1
  1  1  1] [ 1  3 10 11 15 18 19 20 21 26 27 28 29 34 35 36 38 42 44 45 46 47 51 52
 53 54 61] [15176  3431  8540  2747 13223  3798  3334  6958 10228  5640  6703  3223
  4821  5858  7674  4462 10877  3336  3460  5839  7257  5047 10645  9547
  5988 11518  6827] [] 1716262624.6964647770
[-1  1  1  1  1  1  1  1  1  1  1  1  1  1  1  1 -1  1 -1  1  1  1  1 -1
 -1 -1  1  1  1] [ 1  3 10 11 15 18 19 20 21 26 27 28 29 34 35 36 37 38 42 44 45 46 47 50
 51 52 53 54 61] [15478  3392  8297  2655 13111  3721  3260  6550 10198  5385  6683  3185
  4095  5623  7144  4062 16328 10401  3434  3365  5627  7069  4710 10411
 10677  9601  5478 11428  6740] [] 1716262624.7395350933
[-1  1 -1  1 -1  1  1  1  1  1  1  1  1  1 -1  1  1  1  1  1  1  1  1 -1
  1  1  1  1  1] [ 1  3 10 11 15 18 19 20 21 26 27 28 29 34 35 36 37 38 42 44 45 46 47 50
 51 52 53 54 61] [15730  3345  8362  2605 13175  3675  3194  5575 10192  4972  6625  2955
  3930  5164  7248  3813 15064 10170  3342  3139  5520  6915  4444 10469
 10624  9146  5188 11171  6603] [] 1716262624.7825515270
[-1  1  1  1  1  1  1  1  1  1  1  1  1  1  1  1 -1  1  1  1  1  1  1 -1
  1  1  1  1 -1  1] [ 1  3 10 11 15 18 19 20 21 26 27 28 29 34 35 36 37 38 42 44 45 46 47 50
 51 52 53 54 55 61] [16284  3194  7412  2536 13115  3447  3166  4765 10087  4831  6419  2834
  3864  4526  6894  3567 15712 10069  3127  3063  5345  6609  4376 10484
 10525  7680  5122 10206 11693  6554] [] 1716262624.8255715370
[ 1  1  1  1  1  1  1 -1  1  1  1  1  1  1  1  1  1 -1  1  1  1  1  1 -1
  1  1  1  1  1  1] [ 3 10 11 15 18 19 20 21 26 27 28 29 34 35 36 37 38 41 42 44 45 46 47 50
 51 52 53 54 55 61] [ 3103  6801  2434 13111  3379  3107  4414 10102  4659  6379  2714  3679
  3958  6768  3362 15104  9575 14367  3071  3014  4602  5848  4362 10587
  9984  7310  5036  9273  9566  6524] [] 1716262624.8684587479
[ 1  1  1  1  1  1  1  1  1  1  1  1  1  1  1  1  1  1  1  1  1  1  1  1
 -1 -1  1  1  1  1] [ 3 10 11 15 18 19 20 21 26 27 28 29 34 35 36 37 38 41 42 44 45 46 47 50
 51 52 53 54 55 61] [ 3055  6568  2425 13099  3269  3104  3805 10069  4322  6227  2699  3613
  3877  6440  3200 12788  8704 14319  2943  2919  4185  5823  4234 10573
 10466  7318  4860  9108  7401  6505] [] 1716262624.9115316868
[-1  1  1  1 -1  1  1  1 -1  1  1  1  1  1  1  1  1  1 -1  1  1  1  1  1
  1  1  1 -1  1  1  1] [ 1  3 10 11 15 18 19 20 21 26 27 28 29 34 35 36 37 38 41 42 44 45 46 47
 50 51 52 53 54 55 61] [11874  2989  6309  2351 13117  3234  2991  3646 10132  4263  6153  2564
  3587  3675  6304  3152 10763  8594 14363  2795  2832  4116  5733  4156
 10370 10292  7168  4940  8322  5797  6473] [] 1716262624.9545643330
[ 1  1  1  1  1  1  1  1 -1  1  1  1  1 -1  1  1  1 -1  1  1  1  1  1  1
  1  1  1  1  1  1  1  1] [ 1  3 10 11 15 18 19 20 21 26 27 28 29 32 34 35 36 37 38 41 42 44 45 46
 47 50 51 52 53 54 55 61] [11851  2875  5988  2332 11503  3097  2948  3475 10206  4007  6140  2487
  3537 16354  3383  5592  3025 10840  8566 14205  2668  2759  4022  5689
  4012 10318  9777  7101  4703  8126  4917  6313] [] 1716262624.9975652695
[ 1  1  1  1  1 -1  1  1  1 -1 -1  1  1  1  1 -1  1 -1  1  1 -1 -1  1  1
  1  1 -1 -1  1  1  1  1  1] [ 1  3 10 11 15 18 19 20 21 26 27 28 29 32 34 35 36 37 38 41 42 43 44 45
 46 47 50 51 52 53 54 55 61] [11652  2851  5809  2237 11211  3152  2846  3467 10137  4023  6147  2429
  3471 16319  3359  5672  2905 10997  8496 13703  2687 12389  2694  3828
  5267  3624 10346  9883  6350  4274  8039  4515  6185] [] 1716262625.0404760838
[ 1  1  1  1  1  1  1  1  1  1 -1  1  1  1  1  1  1  1 -1  1  1  1  1  1
  1  1  1  1  1  1  1  1  1] [ 1  3 10 11 15 18 19 20 21 26 27 28 29 32 34 35 36 37 38 41 42 43 44 45
 46 47 50 51 52 53 54 55 61] [11323  2703  5636  2200 11111  2979  2838  3298 10030  3861  6326  2332
  3278 16253  3199  5672  2801 10404  8571 13189  2569 12297  2645  3732
  5047  3393 10239  7927  6226  3941  8031  4294  6146] [] 1716262625.0835647583
[ 1  1 -1  1  1  1  1  1  1  1  1  1  1  1  1  1  1 -1 -1  1  1  1  1  1
  1  1  1  1 -1  1  1  1 -1 -1] [ 1  3 10 11 15 18 19 20 21 26 27 28 29 32 34 35 36 37 38 41 42 43 44 45
 46 47 50 51 52 53 54 55 60 61] [ 9026  2603  5792  2166 10939  2943  2827  3211  8457  3854  6242  2283
  3227 11560  3143  5433  2670 10422  8619 12775  2564 12075  2584  3518
  4918  3172  7911  7706  6248  3785  7665  4101 14608  6224] [] 1716262625.1265571117
[ 1  1  1  1 -1  1  1  1  1  1  1  1  1  1  1  1  1  1  1 -1  1  1 -1  1
 -1  1  1  1  1  1  1  1  1  1] [ 1  3 10 11 15 18 19 20 21 26 27 28 29 32 34 35 36 37 38 41 42 43 44 45
 46 47 50 51 52 53 54 55 60 61] [ 8616  2381  5328  2113 10955  2887  2780  3039  8379  3615  6183  2235
  3048  9516  2991  5397  2624  9789  8473 12864  2449 12053  2610  3279
  4935  3114  6639  7603  5514  3692  6833  3932  9749  6194] [] 1716262625.1696059704
[ 1  1  1 -1  1  1  1  1  1  1 -1  1 -1  1  1  1  1  1 -1  1  1  1  1  1
  1  1 -1  1  1 -1 -1  1  1 -1] [ 1  3 10 11 15 18 19 20 21 26 27 28 29 32 34 35 36 37 38 41 42 43 44 45
 46 47 50 51 52 53 54 55 60 61] [ 8429  2275  5200  2127 10867  2778  2743  2909  7748  3444  6193  2197
  3067  7445  2895  5210  2586  8103  8567 12697  2418 12023  2609  3231
  4913  3045  7119  7398  5082  3724  7215  3912  9428  6253] [] 1716262625.2124998569
[-1  1  1  1  1  1  1  1  1  1  1  1 -1  1 -1  1  1  1 -1  1  1  1  1  1
  1  1  1  1  1  1  1  1 -1  1] [ 1  3 10 11 15 18 19 20 21 26 27 28 29 32 34 35 36 37 38 41 42 43 44 45
 46 47 50 51 52 53 54 55 60 61] [ 8516  2259  5168  2094 10863  2743  2742  2881  7685  3331  6126  2144
  3070  7196  2903  5100  2576  7986  8574 12690  2403 11778  2554  3231
  4883  2978  7054  7289  4976  3642  6859  3910  9703  6179] [] 1716262625.2555737495
[ 1  1  1 -1 -1  1  1  1  1  1  1  1 -1  1  1  1  1  1  1  1 -1  1  1  1
 -1 -1 -1 -1 -1  1 -1 -1  1  1] [ 1  3 10 11 15 18 19 20 21 26 27 28 29 32 34 35 36 37 38 41 42 43 44 45
 46 47 50 51 52 53 54 55 60 61] [ 8489  2237  5092  2099 10900  2735  2741  2873  7451  3213  5895  2137
  3071  7164  2879  5084  2522  7966  8542 12553  2422 11711  2538  3191
  4930  2981  7108  7294  5012  3621  6863  3916  9605  6178] [] 1716262625.2985553741
[ 1 -1  1  1 -1  1  1  1  1 -1 -1  1  1  1  1  1  1  1  1  1 -1 -1 -1 -1
  1 -1 -1  1  1  1 -1 -1 -1  1] [ 1  3 10 11 15 18 19 20 21 26 27 28 29 32 34 35 36 37 38 41 42 43 44 45
 46 47 50 51 52 53 54 55 60 61] [ 8480  2259  5008  2079 10935  2717  2709  2867  6925  3282  5938  2118
  3017  7121  2874  5076  2517  7749  8509 12499  2423 11757  2539  3273
  4885  3007  7725  7202  4960  3617  6903  4015 15424  6092] [] 1716262625.3416545391
[ 1 -1 -1 -1  1 -1  1 -1 -1 -1  1 -1 -1  1 -1  1 -1  1  1  1 -1 -1 -1 -1
  1 -1 -1 -1 -1 -1 -1 -1 -1] [ 1  3 10 11 15 18 19 20 21 26 27 28 29 32 34 35 36 37 38 41 42 43 44 45
 46 47 50 51 52 53 54 55 61] [ 8450  2275  5030  2087 10885  2751  2704  2913  7644  3431  5918  2129
  3044  7048  2875  5072  2540  7623  8496 12395  2472 11789  2565  3502
  4743  3226 10076  7470  4980  3634  7482  4210  6096] [] 1716262625.3846619129
[-1 -1 -1 -1 -1  1 -1 -1 -1 -1 -1 -1 -1 -1 -1  1 -1  1 -1 -1 -1 -1 -1 -1
 -1 -1 -1 -1 -1 -1 -1 -1 -1] [ 1  3 10 11 15 18 19 20 21 26 27 28 29 32 34 35 36 37 38 41 42 43 44 45
 46 47 50 51 52 53 54 55 61] [10489  2587  5092  2107 10933  2727  2722  3098  8308  3566  6131  2188
  3163  7134  2943  5064  2572  7509  8515 12624  2582 12021  2641  3647
  4966  3498 10269  7556  5472  3860  7571  5046  6284] [] 1716262625.4275398254
[-1 -1 -1 -1 -1 -1 -1 -1 -1 -1 -1 -1 -1 -1 -1 -1 -1 -1 -1 -1 -1 -1 -1 -1
 -1 -1  1 -1 -1 -1 -1 -1 -1] [ 1  3 10 11 15 18 19 20 21 26 27 28 29 32 34 35 36 37 38 41 42 43 44 45
 46 47 50 51 52 53 54 55 61] [10727  2659  5413  2148 11043  2841  2740  3109  8324  3597  6155  2207
  3187  7302  3031  5168  2636  7590  8527 13165  2638 12831  2665  3714
  5067  3752 10255  7656  6338  4123  7785  8136  6362] [] 1716262625.4705321789
[-1 -1 -1 -1  1 -1 -1  1 -1 -1 -1 -1 -1 -1 -1 -1 -1 -1  1 -1 -1 -1 -1 -1
 -1 -1  1 -1 -1 -1 -1 -1] [ 1  3 10 11 15 18 19 20 21 26 27 28 29 32 34 35 36 37 38 41 42 44 45 46
 47 50 51 52 53 54 55 61] [11086  2740  5570  2151 10927  2889  2762  3104  9813  3695  6207  2217
  3197  9303  3151  5234  2704  8049  8419 14475  2690  2681  3747  5273
  3857 10418  7556  6401  4214  8182 10662  6466] [] 1716262625.5136630535
[-1 -1  1 -1  1 -1 -1 -1  1  1 -1 -1 -1 -1 -1  1 -1 -1 -1 -1 -1 -1 -1 -1
 -1 -1 -1 -1 -1 -1 -1] [ 1  3 10 11 15 18 19 20 21 26 27 28 29 32 34 35 36 37 38 41 42 44 45 46
 47 50 51 52 53 54 61] [16348  2888  5460  2171 10911  2910  2800  3121  9774  3677  6269  2256
  3423 14684  3218  5208  2772  8873  8459 14551  2857  2762  3866  6025
  3905 10688  7684  6874  4357  8831  6496] [] 1716262625.5565741062
[ 1 -1 -1 -1 -1 -1 -1 -1  1 -1  1 -1 -1 -1 -1 -1 -1 -1  1 -1 -1 -1 -1  1
 -1 -1 -1 -1] [ 1  3 10 11 15 18 19 20 21 26 27 28 29 34 35 36 37 38 42 44 45 46 47 51
 52 53 54 61] [16104  3037  5512  2206 11023  2975  2858  3202  9667  3942  6166  2341
  3471  3503  5352  2956 10400  9823  2684  2870  4332  6311  4359  7591
  7438  4776  9556  6720] [] 1716262625.5995197296
[ 1 -1 -1 -1  1 -1 -1 -1  1 -1 -1 -1 -1 -1 -1 -1 -1 -1 -1 -1 -1 -1 -1 -1
 -1 -1 -1 -1] [ 1  3 10 11 15 18 19 20 21 26 27 28 29 34 35 36 37 38 42 44 45 46 47 51
 52 53 54 61] [15764  3063  6008  2303 10979  3023  2913  3383  9633  4194  6191  2445
  3534  3959  5698  3122 10637 10073  2903  2933  4724  7169  4707  7784
  7740  5152 11213  6893] [] 1716262625.6425173283
[-1 -1 -1 -1  1 -1 -1 -1  1 -1  1 -1 -1 -1 -1 -1  1 -1 -1 -1 -1 -1 -1 -1
 -1 -1 -1 -1] [ 1  3 10 11 15 18 19 20 21 26 27 28 29 34 35 36 37 38 42 44 45 46 47 51
 52 53 54 61] [15838  3210  6112  2377 10905  3087  2928  3795  9492  4248  6096  2535
  3561  4491  5836  3291 10530 10385  3071  2982  4887  7383  5352  7871
  9469  5455 11637  7257] [] 1716262625.6855552197
[ 1 -1 -1 -1 -1 -1 -1 -1 -1 -1 -1 -1 -1 -1 -1 -1 -1  1 -1 -1 -1 -1 -1 -1
 -1 -1 -1 -1] [ 1  3 10 11 15 18 19 20 21 26 27 28 29 34 35 36 37 38 42 44 45 46 47 51
 52 53 54 61] [15536  3337  6424  2443 11157  3165  2958  3901  9530  4629  6099  2585
  3617  5473  6160  3553 10592 10278  3319  3052  5654  8456  5845  8247
  9621  5675 12275  7660] [] 1716262625.7285335064
[-1  1 -1 -1 -1 -1 -1 -1 -1 -1 -1 -1 -1 -1 -1 -1  1 -1 -1 -1 -1 -1 -1 -1
 -1 -1 -1] [ 1  3 10 11 15 18 19 20 21 26 27 28 29 34 35 36 37 38 42 44 45 46 47 51
 52 53 54] [15591  3312  7107  2497 12885  3263  3048  3997  9557  4831  6154  2697
  4192  5553  6507  3898 10585 11788  3644  3187  5866  8593  7153 10720
 11790  6560 12394] [] 1716262625.7715082169
[ 1 -1 -1 -1 -1 -1 -1 -1 -1 -1 -1 -1 -1 -1 -1 -1  1 -1 -1  1 -1 -1 -1 -1
 -1] [ 1  3 10 11 15 18 19 20 21 26 27 28 29 34 35 36 37 42 44 45 46 47 51 52
 53] [15266  3459  7936  2559 12981  3350  3103  4649  9616  5364  6191  2861
  4244  6109  6660  4152 10580  4147  3358  5853 10969 13987 10771 12823
  7224] [] 1716262625.8145270348
[ 1 -1  1 -1  1 -1 -1 -1  1 -1 -1 -1 -1 -1 -1 -1 -1 -1 -1  1 -1 -1 -1] [ 1  3 10 11 15 18 19 20 21 26 27 28 29 34 35 36 37 42 44 45 46 51 53] [14848  4014  7918  2628 12831  3588  3178  4846  9537  6085  6222  3007
  4249  7022  7422  4540 14368  4959  3399  5823 11743 10927  7400] [] 1716262625.8575184345
[ 1 -1 -1 -1  1 -1 -1 -1  1 -1 -1 -1 -1 -1  1 -1 -1 -1 -1  1 -1] [ 1  3 10 11 15 18 19 20 21 26 27 28 29 34 35 36 37 42 44 45 53] [14834  4085  8103  2707 12415  3707  3232  4860  9523  6365  6329  3111
  4312  7379  7274  4654 14544  6612  3493  5756 10788] [] 1716262625.9005360603
[-1 -1 -1 -1 -1 -1 -1 -1  1 -1  1 -1 -1 -1 -1 -1 -1 -1 -1 -1  1] [ 1  3 10 11 15 18 19 20 21 26 27 28 29 34 35 36 37 42 44 45 53] [15044  4241  8162  2821 12557  3915  3314  5250  9407  7211  6321  3214
  4359 10494  7503  5098 16063  8105  3558  5883 10674] [] 1716262625.9434726238
[-1 -1 -1 -1 -1 -1 -1 -1 -1 -1  1 -1 -1 -1  1 -1 -1 -1  1] [ 1  3 10 11 15 18 19 20 21 26 27 28 29 34 35 36 42 44 45] [15242  4338  8673  2846 12618  4031  3357  5347  9619  7971  6319  3315
  4625 10878  7324  5428 11007  3824  5731] [] 1716262625.9864683151
[-1 -1 -1 -1 -1 -1 -1 -1 -1 -1 -1 -1 -1  1 -1 -1 -1 -1 -1] [ 1  3 10 11 15 18 19 20 21 26 27 28 29 34 35 36 42 44 45] [15368  4877  9133  3002 12663  4287  3451  7275  9624  8131  6433  3499
  5097 10209  7334  6785 12448  4198  5885] [] 1716262626.0294623375
[-1 -1 -1 -1 -1 -1 -1 -1 -1 -1  1 -1 -1 -1 -1 -1 -1 -1 -1] [ 1  3 10 11 15 18 19 20 21 26 27 28 29 34 35 36 42 44 45] [16188  6954  9455  3073 12730  4807  3573  9918  9655  8319  6273  3762
  6030 12761  7549  9214 12816  4550  5974] [] 1716262626.0723783970
[ 1 -1 -1 -1 -1 -1 -1 -1 -1 -1 -1 -1 -1 -1 -1 -1 -1 -1] [ 1  3 10 11 15 18 19 20 21 26 27 28 29 34 35 36 44 45] [15560  9845  9952  3235 12803  5274  3644  9981  9784  8321  6508  4053
  7914 12829  7702 10935  5637  7752] [] 1716262626.1154322624
[-1 -1 -1 -1 -1 -1 -1 -1 -1 -1 -1 -1  1 -1 -1 -1 -1] [ 3 10 11 15 18 19 20 21 26 27 28 29 34 35 36 44 45] [14195 10978  3551 13127  6559  3797 10116  9896  8457  7646  4757  8166
 11440  7817 11507  5754  8198] [] 1716262626.1584348679
[-1 -1 -1 -1 -1 -1 -1 -1 -1 -1 -1 -1 -1 -1 -1] [10 11 15 18 19 20 21 26 27 28 29 35 36 44 45] [12321  3763 13430  6815  3924 10328  9959  8546  7797  5308  8317  7889
 12425  6519 10321] [] 1716262626.2014255524
[-1 -1  1 -1 -1 -1 -1 -1 -1 -1 -1 -1 -1 -1] [10 11 15 18 19 20 21 26 27 28 29 35 36 44] [13024  3989 13361  7057  4144 10383 10018  8779  7927  5851  8596  8248
 16209  6821] [] 1716262626.2443816662
[-1 -1 -1 -1 -1 -1  1 -1 -1 -1  1 -1 -1] [10 11 15 18 19 20 21 26 27 28 29 35 44] [13970  4671 13542  7943  4369 10482  9998 10728  8242  5932  8585  8674
  7822] [] 1716262626.2874248028
[-1 -1 -1 -1 -1 -1 -1 -1 -1 -1 -1 -1  1] [10 11 15 18 19 20 21 26 27 28 29 35 44] [15369  5097 13764 10304  4488 10658 10250 10976  8600  7058 10111 12338
  7601] [] 1716262626.3305475712
[-1  1  1 -1 -1  1 -1  1  1 -1] [11 18 19 20 21 27 28 29 35 44] [ 5175 10259  4481 10838 10396  8460  9733 10070 11729 10037] [] 1716262626.3734447956
[-1 -1 -1 -1 -1 -1 -1 -1  1 -1] [11 18 19 20 21 27 28 29 35 44] [ 6297 10604  4764 11208 10539  8560 10354 10612 11448 10295] [] 1716262626.4163372517
[-1 -1 -1 -1 -1 -1 -1 -1 -1 -1] [11 18 19 20 21 27 28 29 35 44] [ 6921 10878  5001 11406 11049 10670 10565 10993 12505 10459] [] 1716262626.4593992233
[-1 -1 -1 -1 -1 -1 -1 -1 -1 -1] [11 18 19 20 21 27 28 29 35 44] [ 7929 11010  5525 11658 11233 10818 10583 11157 12781 13073] [] 1716262626.5024003983
[-1 -1 -1 -1 -1 -1  1 -1] [11 19 20 21 27 28 29 35] [ 8696  6306 11942 11497 15035 10948 11061 14741] [] 1716262626.5453803539
[ 1 -1 -1 -1 -1 -1] [11 19 20 21 28 29] [ 8664  7346 12447 12563 10949 11556] [] 1716262626.5883650780
[-1 -1 -1 -1 -1] [11 19 20 28 29] [ 8939  9837 13290 11239 11873] [] 1716262626.6313698292
[-1 -1 -1 -1 -1] [11 19 20 28 29] [ 9117  9918 13748 11598 12107] [] 1716262626.6743984222
[-1 -1  1] [11 20 28] [ 9157 14360 11437] [] 1716262626.7173414230
[-1 -1 -1] [11 20 28] [10018 15768 11750] [] 1716262626.7602968216
[1] [28] [11358] [] 1716262626.8033123016
[-1] [28] [11432] [] 1716262626.8463354111
[-1] [28] [11599] [] 1716262626.8893134594
2 2 2 1716262627.1904792786
