FA TAX ADC PRES TS
[1] [28] [11999] [] 1716262791.5874238014
[1] [28] [11977] [] 1716262791.6303994656
[1] [28] [11541] [] 1716262791.6733975410
[1] [28] [11470] [] 1716262791.7161900997
[1] [28] [11350] [] 1716262791.7594480515
[-1 -1] [11 28] [10628 11679] [] 1716262791.8023974895
[1 1] [11 28] [ 9826 11525] [] 1716262791.8452863693
[1 1] [11 28] [ 9700 11251] [] 1716262791.8884375095
[ 1  1 -1] [11 28 44] [ 9383 11011 15012] [] 1716262791.9313900471
[-1 -1 -1 -1  1] [11 19 27 28 44] [ 9921 10829 14043 11526 14907] [] 1716262791.9744634628
[-1  1  1  1  1] [11 19 27 28 44] [ 9948 10547 13188 11462 13941] [] 1716262792.0174069405
[ 1  1  1 -1  1] [11 19 27 28 44] [ 9712 10491 13036 11518 13561] [] 1716262792.0602865219
[ 1  1  1 -1 -1  1] [11 19 27 28 29 44] [ 9500 10267 12893 11567 12400 13332] [] 1716262792.1034069061
[ 1  1 -1  1  1  1  1] [11 19 21 27 28 29 44] [ 9210 10105 12037 12596 11423 12127 13167] [] 1716262792.1465694904
[ 1  1  1  1 -1  1  1] [11 19 21 27 28 29 44] [ 9093 10052 11635 12461 11465 11955 13059] [] 1716262792.1894659996
[1 1 1 1 1 1 1] [11 19 21 27 28 29 44] [ 8985  9840 11207 12315 11250 11224 12574] [] 1716262792.2324478626
[ 1  1  1 -1  1  1  1] [11 19 21 27 28 29 44] [ 8911  9577 11081 12471 11220 10906 12462] [] 1716262792.2754945755
[ 1 -1 -1  1 -1  1  1 -1] [11 19 20 21 27 28 29 44] [ 8835  9645 16163 11035 12537 11046 10692 12723] [] 1716262792.3184902668
[-1  1  1  1 -1 -1 -1  1  1] [11 19 20 21 26 27 28 29 44] [ 8902  9620 15598 10940 10899 12770 11167 10530 12561] [] 1716262792.3614733219
[ 1  1  1  1  1 -1  1  1  1] [11 19 20 21 26 27 28 29 44] [ 8835  7747 14766 10605 10732 12788 11073 10389 12538] [] 1716262792.4044818878
[ 1  1  1  1  1 -1  1  1  1] [11 19 20 21 26 27 28 29 44] [ 8829  7550 14146 10555 10614 12843 10941 10311 10211] [] 1716262792.4474852085
[ 1  1 -1  1  1  1  1 -1  1] [11 19 20 21 26 27 28 29 44] [ 8805  7195 14148 10533  9062  9271 10912 10388  9858] [] 1716262792.4904906750
[-1  1  1  1  1  1 -1  1  1  1 -1] [10 11 19 20 21 26 27 28 29 44 45] [15311  8767  6611 13962 10482  8905  9286 10804 10298  9856  9473] [] 1716262792.5334167480
[ 1 -1  1  1  1  1  1  1 -1 -1  1  1] [10 11 19 20 21 26 27 28 29 42 44 45] [13338  8799  6223 13240 10447  8671  9162 10497 10299 14375  8901  8927] [] 1716262792.5764021873
[-1  1 -1 -1  1  1 -1  1  1  1  1  1  1  1] [ 3 10 11 18 19 20 21 26 27 28 29 42 44 45] [12844 13338  8869 11913  5826 12927 10491  8641  8877  7989 10237 12679
  8519  8670] [] 1716262792.6194694042
[ 1  1  1 -1  1  1  1  1  1  1  1  1  1 -1] [ 3 10 11 18 19 20 21 26 27 28 29 42 44 45] [ 8598 10465  8717 12064  5530 12487 10481  8433  8703  7494 10231 12485
  8305  8679] [] 1716262792.6624519825
[ 1  1 -1  1  1  1  1 -1  1  1  1 -1 -1  1  1  1] [ 3 10 11 18 19 20 21 26 27 28 29 34 36 42 44 45] [ 8114  9736  9000 11270  5328 12107 10330  8467  8646  6490 10176 12412
 16207 12312  7009  8669] [] 1716262792.7053689957
[ 1  1  1  1  1  1  1  1  1  1  1  1  1 -1  1  1 -1] [ 3 10 11 18 19 20 21 26 27 28 29 34 36 42 44 45 53] [ 5557  9041  8273  9047  4846 11766 10110  7543  8386  5785 10122 12040
 12833 12371  6634  8551 14358] [] 1716262792.7482409477
[-1  1  1 -1  1  1  1 -1  1 -1  1  1  1  1  1  1 -1  1] [ 1  3 10 11 18 19 20 21 26 27 28 29 34 36 42 44 45 53] [16328  5379  8660  8456  9018  4606 11277 10129  6434  8412  5243  9740
 10033 12165 11990  5983  8574 11449] [] 1716262792.7915868759
[ 1  1  1  1  1  1  1  1  1  1  1  1  1 -1  1  1 -1  1] [ 1  3 10 11 18 19 20 21 26 27 28 29 34 36 42 44 45 53] [15757  5172  8274  6990  8891  4403 10931  9971  6157  8337  4547  9550
  9917 13482 11031  5599  8625  9082] [] 1716262792.8344109058
[ 1  1  1  1 -1  1  1  1 -1 -1  1  1  1  1  1  1  1  1  1  1] [ 1  3 10 11 15 18 19 20 21 23 26 27 28 29 34 36 42 44 45 53] [15690  5112  8157  5921 15413  8878  4281 10674 10036 15377  5869  8299
  4274  6939  9814 11129  9941  4804  8520  7302] [] 1716262792.8776037693
[ 1  1  1  1  1  1  1  1  1 -1  1  1  1  1  1 -1  1  1  1  1 -1  1] [ 1  3 10 11 15 18 19 20 21 23 26 27 28 29 34 35 36 42 44 45 46 53] [15285  5002  7557  5483 14325  8657  4158 10550  9872 15586  5589  8285
  3980  6069  8061 15509  8495  8795  4641  7629 11719  7266] [] 1716262792.9202921391
[ 1  1  1  1  1 -1  1  1  1 -1  1 -1  1  1  1  1  1  1  1  1  1 -1  1] [ 1  3 10 11 15 18 19 20 21 23 26 27 28 29 34 35 36 42 44 45 46 47 53] [15123  4953  7247  5483 14183  8682  4095  8963  9792 15633  5454  8341
  3967  5688  7287 15087  8431  8167  4205  6685 11330 14982  6902] [] 1716262792.9634802341
[-1  1  1  1  1 -1  1  1  1  1  1  1  1  1  1 -1  1 -1  1  1 -1  1  1 -1
  1] [ 1  3 10 11 15 18 19 20 21 23 26 27 28 29 34 35 36 37 42 44 45 46 47 52
 53] [15170  4252  6492  5109 14134  8686  3978  8493  9788 14400  4990  7686
  3608  5459  6851 15176  7919 16356  7231  4010  6702 10915 10323 16239
  5912] [] 1716262793.0064828396
[ 1  1  1  1 -1  1  1  1 -1  1  1  1  1  1  1  1  1  1  1  1  1  1 -1  1
  1] [ 1  3 10 11 15 18 19 20 21 23 26 27 28 29 34 35 36 37 42 44 45 46 47 52
 53] [15042  4112  5720  4567 14459  8475  3872  8130  9976 13005  4636  7595
  3459  5274  6736 14383  7164 13580  6404  3902  6637  9624 10506 16011
  5562] [] 1716262793.0494709015
[-1 -1  1  1  1  1  1  1  1  1  1  1  1  1  1 -1  1 -1  1  1  1  1  1  1
  1 -1] [ 1  3 10 11 15 18 19 20 21 23 26 27 28 29 34 35 36 37 42 44 45 46 47 52
 53 54] [15188  4164  5393  4340 14399  6327  3774  7991  9940 12946  4479  7569
  3309  5123  6588 14471  7079 13590  5098  3863  6590  8988  7820 14071
  5275 12554] [] 1716262793.0923693180
[-1  1  1  1  1  1  1  1  1 -1  1 -1  1 -1  1 -1  1 -1 -1  1  1  1  1  1
  1  1  1] [ 1  3 10 11 15 18 19 20 21 23 26 27 28 29 34 35 36 37 38 42 44 45 46 47
 52 53 54] [16217  4060  4928  3643 14189  5948  3699  7972  9908 13013  4175  7573
  3085  5131  6527 14567  6555 13684 13151  4902  3722  6502  8637  7654
 11495  5072 12418] [] 1716262793.1354510784
[ 1  1  1  1  1  1  1  1 -1 -1  1  1  1  1 -1  1  1  1  1  1 -1 -1  1  1
 -1  1 -1  1 -1] [ 1  3 10 11 15 18 19 20 21 23 26 27 28 29 34 35 36 37 38 42 44 45 46 47
 51 52 53 54 61] [ 9626  4031  4513  3412 14045  5465  3624  7826  9997 13127  4027  7508
  2962  4977  6530 13555  6396 13664 11192  4764  3822  6544  8555  7269
 12705 11343  5265 12327  9918] [] 1716262793.1784918308
[ 1  1  1 -1  1  1  1  1  1 -1  1 -1  1 -1 -1  1  1  1  1  1  1  1  1  1
  1  1  1  1  1] [ 1  3 10 11 15 18 19 20 21 23 26 27 28 29 34 35 36 37 38 42 44 45 46 47
 51 52 53 54 61] [ 9213  3782  4309  3414 13687  5341  3550  7677  9993 13190  3917  7589
  2949  5071  6597 12047  5879 13586 10306  4559  3616  6372  8479  6906
 11380 10719  4998 11914  7584] [] 1716262793.2214221954
[ 1  1  1  1  1  1  1  1  1  1  1  1  1  1  1  1  1 -1  1  1  1  1  1  1
  1  1  1  1  1] [ 1  3 10 11 15 18 19 20 21 23 26 27 28 29 34 35 36 37 38 42 44 45 46 47
 51 52 53 54 61] [ 6724  3488  4096  3215 13423  5235  3535  7508  9934 13138  3654  7521
  2743  4555  5759  8757  5627 13600  9026  4004  3505  6306  7005  6769
 11009 10375  4843  7821  7240] [] 1716262793.2644131184
[-1  1  1  1  1  1  1  1  1  1  1 -1  1 -1  1 -1  1  1  1  1  1  1  1  1
  1  1  1  1  1] [ 1  3 10 11 15 18 19 20 21 23 26 27 28 29 34 35 36 37 38 42 44 45 46 47
 51 52 53 54 61] [ 6772  3375  3932  3023 13311  4862  3402  6791  9901 13133  3529  7620
  2658  4660  5501  8876  5085 13372  8796  3658  3364  6102  6850  6311
 10812  9909  4473  7587  6979] [] 1716262793.3075053692
[ 1  1  1  1  1  1  1  1  1  1  1 -1  1  1  1  1  1  1  1  1  1  1  1  1
 -1  1  1  1  1  1] [ 1  3 10 11 15 18 19 20 21 23 26 27 28 29 34 35 36 37 38 42 44 45 46 47
 50 51 52 53 54 61] [ 6592  3266  3816  2995 13126  4770  3329  6498  9753 13079  3465  7666
  2581  4149  5475  8873  4938 12810  8638  3560  3298  6059  6338  5857
 10299 10768  9887  4227  7434  6907] [] 1716262793.3505167961
[ 1  1  1  1 -1  1  1  1 -1 -1  1  1  1 -1  1  1  1  1  1  1  1  1  1  1
  1  1  1  1  1  1] [ 1  3 10 11 15 18 19 20 21 23 26 27 28 29 34 35 36 37 38 42 44 45 46 47
 50 51 52 53 54 61] [ 5976  3239  3796  2885 13255  4305  3258  6484  9815 13234  3393  7013
  2470  4373  5181  8686  4420 12661  8606  3316  3239  5999  6212  5427
 10195 10643  9691  3880  7314  6708] [] 1716262793.3934929371
[ 1  1  1  1 -1  1  1  1  1  1  1  1  1  1  1  1  1  1  1 -1  1  1  1  1
  1 -1  1  1  1  1  1] [ 1  3 10 11 15 18 19 20 21 23 26 27 28 29 34 35 36 37 38 41 42 44 45 46
 47 50 51 52 53 54 61] [ 4913  3170  3756  2751 13347  3967  3224  6403  9802 13080  3193  6516
  2391  4049  5087  8337  4001 12652  8578 14343  3206  3099  5944  6153
  5220 10537 10619  9614  3760  7247  6612] [] 1716262793.4364180565
[ 1  1 -1  1 -1  1  1  1 -1  1  1 -1  1 -1  1  1  1  1  1  1  1  1  1  1
  1 -1  1 -1  1 -1 -1  1] [ 1  3 10 11 15 18 19 20 21 23 26 27 28 29 34 35 36 37 38 41 42 44 45 46
 47 50 51 52 53 54 55 61] [ 4389  3001  3784  2671 13741  3763  3168  6276  9916 13077  3130  6728
  2317  4289  5075  8194  3864 12512  8528 14329  2900  3095  5861  5591
  4911 10546  8210  9631  3372  7275  9239  6459] [] 1716262793.4794974327
[ 1  1 -1  1 -1  1  1  1 -1 -1  1  1  1  1  1 -1  1 -1  1  1  1  1  1  1
  1  1  1  1  1  1  1  1] [ 1  3 10 11 15 18 19 20 21 23 26 27 28 29 34 35 36 37 38 41 42 44 45 46
 47 50 51 52 53 54 55 61] [ 4185  2913  3872  2531 14219  3639  3105  5818 10018 13580  3043  6712
  2244  4151  4997  8939  3455 12608  7251 14237  2765  3023  5860  5430
  4683 10441  8138  9192  3277  7018  7709  6414] [] 1716262793.5224914551
[ 1  1 -1  1 -1  1  1  1  1  1  1 -1  1  1 -1 -1 -1  1 -1  1 -1  1  1  1
  1  1  1  1  1  1 -1  1  1] [ 1  3 10 11 15 18 19 20 21 23 26 27 28 29 32 34 35 36 37 38 41 42 44 45
 46 47 50 51 52 53 54 55 61] [ 3933  2785  3940  2453 14765  3455  3076  5605  9908 13577  3007  6745
  2163  3979 13885  5007  9042  3247 12634  7205 14363  2632  2881  5635
  5332  4416 10087  8079  8267  3170  7089  6498  6241] [] 1716262793.5655007362
[ 1  1  1 -1  1  1  1 -1  1  1  1  1  1  1  1  1  1  1  1  1  1  1 -1  1
  1  1  1  1 -1 -1  1  1  1] [ 1  3 10 11 15 18 19 20 21 23 26 27 28 29 32 34 35 36 37 38 41 42 44 45
 46 47 50 51 52 53 54 55 61] [ 3849  2782  3888  2458 14719  3319  2994  5639  8296 13479  2959  6708
  2143  3772 10478  4813  7878  3042 12328  6290 14275  2606  2911  5355
  5274  4297  9508  8018  8363  3228  6723  5645  6152] [] 1716262793.6084322929
[ 1  1  1  1 -1  1  1  1  1 -1  1  1  1  1  1  1 -1  1  1  1 -1  1  1  1
 -1  1  1  1  1  1  1  1  1] [ 1  3 10 11 15 18 19 20 21 23 26 27 28 29 32 34 35 36 37 38 41 42 44 45
 46 47 50 51 52 53 54 55 61] [ 3722  2704  3841  2389 14879  3289  2931  5568  8219 13600  2935  6374
  2055  3551 10397  4727  8436  2891 12145  5414 14291  2580  2679  5197
  5289  4199  6631  6865  8308  3148  5727  5120  6131] [] 1716262793.6515042782
[-1  1  1  1 -1 -1  1  1  1  1  1  1 -1  1 -1  1  1  1  1  1 -1  1  1  1
  1  1  1  1  1  1  1  1  1  1] [ 1  3 10 11 12 15 18 19 20 21 23 26 27 28 29 32 34 35 36 37 38 41 42 44
 45 46 47 50 51 52 53 54 55 61] [ 3738  2511  3840  2351 15515 15083  3199  2827  5312  8122 13260  2839
  6400  2008  3780  9883  4410  8149  2765 11944  5436 13989  2490  2615
  4270  5119  3636  5778  6435  7492  3007  5135  4188  6053] [] 1716262793.6945085526
[-1  1  1  1  1 -1  1  1  1  1  1  1  1  1  1  1  1  1  1  1 -1  1  1 -1
  1  1  1  1  1 -1  1 -1  1 -1 -1] [ 1  3 10 11 12 15 18 19 20 21 23 26 27 28 29 32 34 35 36 37 38 41 42 44
 45 46 47 50 51 52 53 54 55 60 61] [ 3830  2405  3752  2299 15151 15151  3178  2743  5229  8093 13133  2813
  6302  1982  3444  9368  4263  7451  2634 11714  5604 13791  2434  2735
  4233  5109  3592  5576  6291  7617  3005  5311  4032 12933  6143] [] 1716262793.7374315262
[ 1  1  1  1 -1 -1 -1  1  1 -1 -1 -1  1  1  1 -1 -1 -1 -1  1  1  1  1  1
  1  1  1  1  1 -1  1  1  1  1  1 -1] [ 1  3 10 11 12 15 18 19 20 21 23 24 26 27 28 29 32 34 35 36 37 38 41 42
 44 45 46 47 50 51 52 53 54 55 60 61] [ 3718  2327  3746  2246 15159 15487  3221  2720  4651  8110 13674 12812
  2759  6226  1950  3577  9420  4271  7478  2621 11469  5440 13667  2350
  2717  4126  4699  3353  5184  6327  6814  2802  4967  3656  8333  6177] [] 1716262793.7804384232
[ 1  1 -1  1  1  1  1  1 -1 -1  1  1 -1  1  1  1  1  1  1  1  1  1  1  1
  1  1  1  1  1  1  1  1  1  1  1  1  1] [ 1  3  4 10 11 12 15 18 19 20 21 23 24 26 27 28 29 32 34 35 36 37 38 41
 42 44 45 46 47 50 51 52 53 54 55 60 61] [ 3377  2255 15417  3680  2169 15007 15295  3035  2725  5064  7941 13633
 13165  2703  6152  1917  3411  8524  3797  7112  2477 10419  4878 13127
  2304  2591  4068  4674  3232  5076  5544  6733  2740  4587  3524  7842
  6164] [] 1716262793.8235375881
[ 1  1 -1  1  1  1  1  1  1  1 -1  1  1  1  1  1 -1  1  1  1  1  1  1  1
  1  1  1  1  1  1  1  1  1 -1  1 -1  1] [ 1  3  4 10 11 12 15 18 19 20 21 23 24 26 27 28 29 32 34 35 36 37 38 41
 42 44 45 46 47 50 51 52 53 54 55 60 61] [ 3320  2206 15743  3624  2131 14975 14919  2973  2698  4989  7967 13568
 12388  2575  6104  1874  3537  7769  3631  6908  2407 10087  4758 13001
  2284  2571  3930  4659  3228  5040  5518  6714  2736  4598  3522  7851
  6111] [] 1716262793.8665895462
[ 1  1  1 -1  1  1  1  1  1 -1  1 -1  1  1  1  1  1 -1 -1  1  1  1 -1  1
 -1 -1  1 -1  1 -1  1  1  1  1 -1 -1  1] [ 1  3  4 10 11 12 15 18 19 20 21 23 24 26 27 28 29 32 34 35 36 37 38 41
 42 44 45 46 47 50 51 52 53 54 55 60 61] [ 3313  2204 15214  3648  2126 14431 14799  2957  2673  4996  7915 13632
 12340  2539  6064  1868  3490  8560  3638  6728  2347 10002  4894 11138
  2288  2585  3868  4666  3170  5090  5466  6681  2716  4566  3528  8138
  6037] [] 1716262793.9095172882
[ 1  1 -1  1  1  1 -1  1  1  1  1 -1  1 -1  1 -1  1 -1  1 -1  1 -1  1 -1
  1 -1  1  1 -1  1 -1 -1  1 -1 -1  1 -1] [ 1  3  4 10 11 12 15 18 19 20 21 23 24 26 27 28 29 32 34 35 36 37 38 41
 42 44 45 46 47 50 51 52 53 54 55 60 61] [ 3301  2203 15469  3568  2111 13903 14943  2926  2621  4903  7914 13778
 12152  2541  5980  1877  3460  8730  3638  6776  2338 10114  4884 11525
  2277  2596  3825  4621  3172  5048  5508  6690  2708  4771  3536  7770
  6114] [] 1716262793.9524595737
[ 1  1  1  1  1  1  1 -1 -1  1  1 -1  1  1 -1  1  1  1  1 -1 -1  1 -1 -1
 -1 -1 -1 -1 -1 -1 -1 -1 -1 -1 -1 -1  1] [ 1  3  4 10 11 12 15 18 19 20 21 23 24 26 27 28 29 32 34 35 36 37 38 41
 42 44 45 46 47 50 51 52 53 54 55 60 61] [ 3296  2199 15367  3568  2097 13807 14943  2951  2630  4269  7906 13882
 12022  2507  6088  1850  3382  8547  3551  6845  2379  9096  4911 13007
  2292  2626  3847  4635  3226  5068  6062  6716  2729  4970  3712  9753
  6036] [] 1716262793.9955255985
[-1 -1 -1 -1 -1 -1 -1  1 -1  1 -1 -1 -1 -1  1 -1 -1  1 -1 -1 -1 -1 -1 -1
 -1 -1 -1 -1 -1 -1 -1 -1 -1 -1 -1 -1 -1] [ 1  3  4 10 11 12 15 18 19 20 21 23 24 26 27 28 29 32 34 35 36 37 38 41
 42 44 45 46 47 50 51 52 53 54 55 60 61] [ 3340  2238 16275  3640  2111 13887 14951  2951  2651  4237  7916 14071
 12042  2511  6064  1860  3487  8056  3657  6920  2392  9995  4944 13167
  2392  2646  3956  4703  3401  5556  6219  6724  2832  5002  4377 12888
  6132] [] 1716262794.0385937691
[-1 -1  1  1 -1 -1  1 -1 -1 -1  1  1 -1 -1 -1 -1  1  1 -1  1 -1  1 -1 -1
 -1 -1 -1 -1 -1 -1 -1 -1 -1 -1 -1  1] [ 1  3  4 10 11 12 15 18 19 20 21 23 24 26 27 28 29 32 34 35 36 37 38 41
 42 44 45 46 47 50 51 52 53 54 55 61] [ 3344  2367 16151  3604  2130 14279 14807  3027  2668  4291  7878 13736
 12186  2579  6163  1888  3448  7866  3990  6853  2435  9948  4984 13470
  2448  2692  4167  4729  3519  6300  6249  6749  2850  5919  5928  6013] [] 1716262794.0815527439
[-1 -1  1 -1 -1 -1 -1  1 -1  1 -1 -1 -1  1 -1 -1 -1 -1 -1 -1 -1 -1 -1 -1
 -1 -1 -1 -1 -1 -1 -1 -1 -1 -1 -1] [ 1  3  4 10 11 12 15 18 19 20 21 23 26 27 28 29 32 34 35 36 37 38 41 42
 44 45 46 47 50 51 52 53 54 55 61] [ 3534  2607 15247  3702  2207 14615 14911  3010  2802  4263  7944 13965
  2695  6120  1916  3460  8427  4291  6880  2577 10384  5018 14077  2520
  2753  4397  4745  3736  8391  6395  8233  2995  6923  6546  6111] [] 1716262794.1243648529
[-1 -1  1 -1 -1 -1 -1 -1  1 -1  1 -1  1 -1 -1  1 -1 -1 -1 -1 -1 -1 -1 -1
 -1 -1 -1 -1 -1  1 -1  1 -1] [ 1  3 10 11 12 15 18 19 20 21 23 26 27 28 29 32 34 35 36 37 38 41 42 44
 45 46 47 50 51 52 53 54 61] [ 3588  2664  3652  2219 15015 15039  3033  2828  4224  7967 13903  2711
  6097  1933  3464  8403  4342  6893  2634 10640  5093 14421  2570  2816
  5259  4776  3972 10296  7784  7640  3166  6807  6144] [] 1716262794.1675295830
[-1 -1  1 -1  1  1 -1 -1 -1  1  1 -1  1 -1 -1 -1 -1  1 -1 -1 -1 -1 -1 -1
 -1 -1 -1 -1 -1 -1 -1 -1 -1] [ 1  3 10 11 12 15 18 19 20 21 23 26 27 28 29 32 34 35 36 37 38 41 42 44
 45 46 47 50 51 52 53 54 61] [ 3712  2774  3370  2268 14731 14191  3087  2839  4308  7950 13579  2811
  6092  1992  3477  8452  4763  6292  2755 10896  5551 14425  2799  2859
  5604  4886  4111 10532  8090  9074  3267  6997  6226] [] 1716262794.2105722427
[-1 -1 -1 -1 -1 -1 -1 -1 -1 -1  1 -1  1 -1 -1 -1 -1 -1 -1 -1 -1 -1 -1 -1
 -1 -1 -1 -1 -1 -1 -1] [ 1  3 10 11 12 15 18 19 20 21 23 26 27 28 29 32 34 35 36 37 38 42 44 45
 46 47 51 52 53 54 61] [ 3809  2796  3380  2294 14790 14271  3095  2883  4416  7984 13484  2815
  6026  2027  3724  8975  4775  6334  2770 11234  6969  2890  3025  5694
  6164  4617  8098  9365  3634  7185  6583] [] 1716262794.2535114288
[-1 -1 -1 -1  1 -1 -1 -1 -1  1 -1  1 -1 -1 -1 -1 -1 -1  1 -1 -1 -1 -1 -1
 -1 -1  1 -1 -1 -1] [ 1  3 10 11 15 18 19 20 21 23 26 27 28 29 32 34 35 36 37 38 42 44 45 46
 47 51 52 53 54 61] [ 4585  3187  3472  2419 13163  3303  2988  5238  9749 13427  2935  5990
  2114  3923 10951  4911  7076  3134 11011  7019  3090  3080  5718  6185
  4773 10427  9312  3956  8460  6731] [] 1716262794.2963705063
[-1  1  1 -1  1 -1 -1 -1  1 -1  1 -1 -1 -1  1 -1 -1 -1 -1 -1 -1 -1 -1 -1
 -1 -1 -1 -1 -1] [ 1  3 10 11 15 18 19 20 21 23 26 27 28 29 34 35 36 37 38 42 44 45 46 47
 51 52 53 54 61] [ 5053  3167  3465  2503 13085  3326  3009  5716  9546 13455  2922  5997
  2181  3939  4892  7142  3261 11394  8464  3322  3117  5755  6364  5192
 10652  9793  4150 11577  7043] [] 1716262794.3395280838
[-1 -1 -1 -1  1 -1 -1  1  1  1 -1  1 -1 -1 -1 -1 -1 -1 -1 -1 -1 -1 -1 -1
 -1 -1 -1 -1] [ 1  3 10 11 15 18 19 20 21 23 26 27 28 29 34 35 36 37 38 42 44 45 46 47
 51 52 53 54] [ 6256  3230  3512  2539 13007  3827  3046  5707  9523 13309  2929  5979
  2219  4051  4934  7427  3487 11565  8569  4021  3331  6050  8313  6572
 10855 10734  4263 12194] [] 1716262794.3825042248
[-1 -1 -1 -1 -1 -1 -1 -1  1  1 -1 -1 -1 -1 -1 -1 -1 -1 -1 -1 -1  1  1 -1
 -1 -1  1] [ 1  3 10 11 15 18 19 20 21 23 26 27 28 29 34 35 36 37 38 42 44 45 46 47
 51 52 53] [13828  3687  3592  2647 13143  3893  3159  6163  9474 13175  3169  6031
  2367  4125  5379  7915  4058 12128  8729  4513  3395  5963  8277  7306
 15609 10931  4258] [] 1716262794.4255056381
[ 1 -1 -1 -1 -1 -1 -1 -1  1 -1 -1 -1 -1  1 -1 -1 -1  1 -1 -1 -1 -1 -1 -1
 -1 -1] [ 1  3 10 11 15 18 19 20 21 23 26 27 28 29 34 35 36 37 38 42 44 45 46 47
 52 53] [13734  3803  3652  2760 13165  4019  3198  6260  9467 13201  3249  6038
  2469  3975  5431  8208  4183 11716  9938  5373  3455  6114  8478 10784
 12571  4874] [] 1716262794.4682545662
[-1 -1 -1 -1  1 -1 -1 -1  1 -1 -1 -1 -1 -1 -1 -1 -1 -1 -1 -1 -1  1 -1 -1
 -1] [ 1  3 10 11 15 18 19 20 21 23 26 27 28 29 34 35 36 37 38 42 44 45 46 52
 53] [13861  4002  3780  2875 13050  4318  3269  7186  9457 13216  3478  6079
  2519  4558  5815 10771  5000 11926 10009  6030  3520  6095  8618 14155
  5298] [] 1716262794.5115022659
[-1 -1 -1 -1 -1 -1 -1 -1  1  1 -1 -1 -1 -1 -1  1 -1 -1 -1 -1 -1 -1 -1 -1] [ 1  3 10 11 15 18 19 20 21 23 26 27 28 29 34 35 36 37 38 42 44 45 46 53] [13959  4318  3858  3078 13119  4451  3326  7225  9412 13214  3620  6889
  2669  4564  6163 10319  5222 12090 10414  6624  3796  6217 11301  7598] [] 1716262794.5545010567
[ 1 -1 -1 -1  1 -1 -1 -1  1  1 -1 -1 -1 -1 -1 -1 -1  1 -1 -1 -1 -1] [ 1  3 10 11 15 18 19 20 21 23 26 27 28 29 34 35 36 37 42 44 45 53] [13804  4667  3984  3157 12772  4701  3380  7253  9378 13116  3869  6990
  2720  4751  7344 11199  5566 12018  9296  3914  6283  8398] [] 1716262794.5974345207
[-1 -1 -1 -1  1 -1 -1 -1  1  1 -1  1 -1  1  1 -1 -1  1 -1 -1 -1 -1] [ 1  3 10 11 15 18 19 20 21 23 26 27 28 29 34 35 36 37 42 44 45 53] [14056  4701  4507  3167 12694  5669  3444  7332  9279 13082  4229  6910
  2855  4599  6748 12313  5983 11857 11895  4215  6345 15027] [] 1716262794.6403479576
[ 1 -1 -1 -1 -1 -1 -1 -1 -1 -1 -1 -1 -1 -1 -1 -1 -1 -1 -1 -1 -1] [ 1  3 10 11 15 18 19 20 21 23 26 27 28 29 34 35 36 37 42 44 45] [13913  4811  4823  3470 12698  5793  3519  7358  9328 13151  4493  7215
  3067  4645  6943 12903  6138 12484 14981  4601  6365] [] 1716262794.6835248470
[-1 -1 -1 -1 -1 -1 -1 -1 -1  1 -1 -1 -1 -1 -1 -1 -1 -1  1 -1 -1] [ 1  3 10 11 15 18 19 20 21 23 26 27 28 29 34 35 36 37 42 44 45] [14262  4969  5405  4090 12967  6235  3534  7526  9392 12987  5091  7263
  3219  4764  7186 12994  6623 12735 13141  5215  6623] [] 1716262794.7264738083
[-1 -1 -1 -1 -1 -1 -1 -1 -1  1 -1 -1 -1 -1 -1  1 -1 -1 -1] [ 1  3 10 11 15 18 19 20 21 23 26 27 28 29 34 35 36 44 45] [15078  6755  5681  4267 13218  7693  3618  7585  9424 12924  5399  7405
  3327  4855  9785 12881  6793  5773  6702] [] 1716262794.7694351673
[ 1 -1 -1 -1 -1 -1 -1 -1 -1 -1 -1 -1 -1 -1  1 -1 -1 -1 -1] [ 1  3 10 11 15 18 19 20 21 23 26 27 28 29 34 35 36 44 45] [14600  7029  6270  4962 13279  8333  3677  7837  9540 13139  5599  8055
  3550  5070  9757 13657  8035  6282  6958] [] 1716262794.8122506142
[-1 -1 -1 -1 -1 -1 -1 -1 -1 -1  1 -1 -1 -1 -1 -1 -1 -1] [ 3 10 11 15 18 19 20 21 23 26 27 28 29 34 35 36 44 45] [12468  6493  5137 13437  8452  3814  7989  9606 13277  5922  7739  3812
  7419 11881 15419 10996  7870 12852] [] 1716262794.8554217815
[-1 -1 -1 -1 -1 -1 -1  1 -1 -1 -1 -1  1 -1] [ 1 10 11 18 19 20 21 23 26 27 28 29 36 44] [16159  7129  6198  8582  3903  9877  9626 12880  6955  8205  4279  9370
 10514  7953] [] 1716262794.8984084129
[ 1  1 -1 -1 -1 -1 -1  1 -1 -1 -1  1 -1 -1] [ 1 10 11 18 19 20 21 23 26 27 28 29 36 44] [16012  7024  6312  8801  3966 10103  9764 12835  8089  8332  4676  7673
 13527  9266] [] 1716262794.9413006306
[-1 -1 -1 -1 -1 -1  1 -1 -1 -1 -1 -1 -1 -1] [ 1 10 11 18 19 20 21 23 26 27 28 29 36 44] [16344  7195  7706  8974  4135 10256  9751 13144  8250  8385  5601  9257
 13791  9793] [] 1716262794.9841930866
[-1 -1 -1 -1 -1 -1 -1 -1 -1 -1 -1] [10 11 18 19 20 21 26 27 28 29 44] [ 7873  7905  9340  4617 10667  9765  8452  8578  7939 10033 12299] [] 1716262795.0273957253
[ 1 -1 -1 -1 -1 -1 -1 -1 -1 -1 -1] [10 11 18 19 20 21 26 27 28 29 44] [ 7829  7938  9461  4776 10795  9878  8733  8647  9087 10036 12899] [] 1716262795.0702822208
[-1 -1 -1 -1 -1 -1 -1 -1 -1 -1 -1] [10 11 18 19 20 21 26 27 28 29 44] [ 8545  8727 10950  5545 11464 10155  9082  8818 10429 10231 13071] [] 1716262795.1134176254
[-1 -1  1 -1 -1 -1  1  1 -1 -1] [10 11 18 19 20 21 27 28 29 44] [10240  8812 10881  5765 12008 10461  8639 10316 10377 13238] [] 1716262795.1563782692
[-1  1 -1 -1 -1 -1 -1 -1] [10 11 19 20 21 27 28 29] [11136  8762  5980 12546 10515  8904 10362 10507] [] 1716262795.1993761063
[-1 -1 -1 -1 -1 -1 -1 -1] [10 11 19 20 21 27 28 29] [14429  8917  7497 13696 10809 12099 10661 10980] [] 1716262795.2423892021
[ 1 -1 -1 -1 -1 -1 -1] [11 19 20 21 27 28 29] [ 8820  9570 14598 11067 12602 10711 11425] [] 1716262795.2854256630
[-1 -1 -1 -1 -1  1] [11 19 20 21 27 28] [ 8884  9731 15214 11266 12885 10659] [] 1716262795.3282051086
[-1 -1 -1 -1 -1] [11 19 20 27 28] [ 9063  9872 15980 13100 10956] [] 1716262795.3713090420
[-1 -1 -1] [11 19 28] [ 9535 10047 11029] [] 1716262795.4141993523
[ 1 -1] [11 28] [ 9275 11090] [] 1716262795.4573996067
[1] [28] [10986] [] 1716262795.5004198551
[-1] [28] [11308] [] 1716262795.5433473587
[-1] [28] [12073] [] 1716262795.5862727165
2 2 2 1716262795.7585229874
