FA TAX ADC PRES TS
[-1] [28] [11468] [] 1716263646.9445767403
[-1] [28] [11544] [] 1716263646.9875571728
[-1] [28] [11563] [] 1716263647.0305521488
[1] [28] [11461] [] 1716263647.0736205578
[1] [28] [11413] [] 1716263647.1166896820
[1] [28] [11311] [] 1716263647.1595258713
[1] [28] [11223] [] 1716263647.2025728226
[1] [28] [11160] [] 1716263647.2455294132
[1] [28] [11005] [] 1716263647.2885556221
[1] [28] [10956] [] 1716263647.3315010071
[1] [28] [10763] [] 1716263647.3745312691
[1] [28] [10746] [] 1716263647.4175293446
[-1 -1 -1] [11 19 28] [11357 10714 11633] [] 1716263647.4605302811
[ 1 -1 -1] [11 19 28] [11207 10716 11638] [] 1716263647.5035591125
[1 1 1] [11 19 28] [10643 10519 11469] [] 1716263647.5465960503
[1 1 1] [11 19 28] [10298 10293 11343] [] 1716263647.5895478725
[1 1 1] [11 19 28] [ 9922 10010 11058] [] 1716263647.6325299740
[1 1 1] [11 19 28] [ 9739  9878 10967] [] 1716263647.6755299568
[1 1 1] [11 19 28] [ 9555  9608 10842] [] 1716263647.7185575962
[1 1 1] [11 19 28] [ 9239  9405 10737] [] 1716263647.7615368366
[1 1 1] [11 19 28] [ 9211  9395 10670] [] 1716263647.8046021461
[-1 -1 -1] [11 19 28] [ 9217  9461 10716] [] 1716263647.8475630283
[ 1  1 -1  1 -1] [11 19 20 28 44] [ 9081  9322 15054 10610 15399] [] 1716263647.8905618191
[-1  1  1 -1 -1  1 -1] [11 19 20 27 28 44 45] [ 9145  9257 14639 13761 10795 14816 11751] [] 1716263647.9335832596
[ 1  1  1 -1 -1 -1  1  1] [11 19 20 27 28 29 44 45] [ 9037  8504 14022 14012 10942 12813 14293 10475] [] 1716263647.9765853882
[ 1  1  1  1 -1  1  1  1] [11 19 20 27 28 29 44 45] [ 8978  7941 12688 11437 11171 11718 14057 10389] [] 1716263648.0195825100
[ 1  1  1  1 -1  1  1  1] [11 19 20 27 28 29 44 45] [ 8925  6916 12392 10106 11209 11560 13503 10169] [] 1716263648.0625827312
[-1  1  1  1  1  1  1  1] [11 19 20 27 28 29 44 45] [ 8998  6454 12129  9118 11185 11375 13251  9853] [] 1716263648.1055855751
[-1  1  1  1  1  1  1  1  1] [ 3 11 19 20 27 28 29 44 45] [ 9585  8933  6027 11645  8831 11026 11101 12759  9731] [] 1716263648.1485993862
[ 1  1  1  1  1  1  1 -1  1] [ 3 11 19 20 27 28 29 44 45] [ 9151  8839  5841 11566  8759 10911 10907 12857  8281] [] 1716263648.1917150021
[ 1 -1  1  1 -1 -1 -1  1  1 -1  1  1] [ 3 11 19 20 21 26 27 28 29 34 44 45] [ 8715  9054  5261 11459 12884 11489  9028  9404 10808 12088 12778  8068] [] 1716263648.2345631123
[ 1  1  1  1  1  1 -1  1  1  1 -1  1  1] [ 3 11 19 20 21 26 27 28 29 34 37 44 45] [ 8523  8994  5118 11244 11556 11379  9118  8976 10776 12040 16330 12631
  8031] [] 1716263648.2775983810
[ 1  1  1  1  1  1 -1  1  1  1 -1  1 -1 -1  1] [ 3 11 19 20 21 26 27 28 29 34 36 37 42 44 45] [ 7446  8893  4999 10952 11330 11196  9133  7779 10716  9227 14129 12935
 13211 12782  8002] [] 1716263648.3204350471
[ 1 -1  1  1  1  1  1  1  1 -1  1 -1  1  1 -1 -1 -1] [ 3 11 19 20 21 26 27 28 29 34 36 37 42 44 45 47 53] [ 7166  8920  4867 10788 10983 11149  9060  7310 10592  9328 13845 13050
 12700 12715  8293 14305 15434] [] 1716263648.3635823727
[-1  1  1 -1  1  1  1  1  1  1  1  1  1  1  1 -1  1] [ 3 11 19 20 21 26 27 28 29 34 36 37 42 44 45 47 53] [ 7224  8787  4592 10812 10831 11022  8842  6310  7980  9227 13697 12968
 12555 12579  8200 14529 10976] [] 1716263648.4066033363
[ 1 -1  1  1  1  1  1  1  1  1  1  1 -1  1  1 -1 -1] [ 3 11 19 20 21 26 27 28 29 34 36 37 42 44 45 47 53] [ 7184  8833  4456 10703 10674 10885  8742  5529  7703  9105 13583 12889
 12592 11238  8058 14954 10979] [] 1716263648.4496264458
[ 1  1 -1  1  1  1  1 -1  1  1  1  1  1  1  1  1  1 -1] [ 3 11 18 19 20 21 26 27 28 29 34 36 37 42 44 45 47 53] [ 7157  8793 12066  4411 10514 10588  9794  8792  5145  7533  9054 13270
 12475 12363 10280  7001 14203 11021] [] 1716263648.4924001694
[ 1  1 -1  1  1  1  1  1  1  1  1  1  1 -1  1  1 -1  1 -1 -1] [ 3 11 18 19 20 21 26 27 28 29 34 36 37 38 42 44 45 47 53 54] [ 7076  7462 12518  4305 10494 10438  9154  7481  4863  7387  9037 13123
 12084 11299 12147  7838  7396 13307 11086 13697] [] 1716263648.5357861519
[ 1  1  1  1  1 -1  1  1  1 -1 -1 -1 -1 -1 -1  1  1  1  1  1  1] [ 3 11 18 19 20 21 26 27 28 29 34 35 36 37 38 42 44 45 47 53 54] [ 6447  5352 10992  4256  9525 10576  9112  7356  4714  7522  9047 15787
 13258 12106 11345 11645  7007  7259 13188  9463 12896] [] 1716263648.5787193775
[ 1  1  1  1 -1  1  1  1  1  1  1  1  1 -1  1  1  1  1  1  1  1] [ 3 11 18 19 20 21 26 27 28 29 34 35 36 37 38 42 44 45 47 53 54] [ 4730  4844 10427  4072  9944 10419  8743  6731  4266  6962  7761 15521
 13026 12213 10370 11463  6335  7077 10803  9043 10058] [] 1716263648.6216142178
[ 1  1 -1  1 -1  1  1  1  1  1  1 -1  1 -1  1  1  1  1  1  1  1] [ 3 11 18 19 20 21 26 27 28 29 34 35 36 37 38 42 44 45 47 53 54] [ 4703  4656 10446  3979 10122 10183  8630  6542  3927  6865  7233 15639
 12867 12725 10318 11272  5583  6728  9143  7412  9732] [] 1716263648.6643509865
[ 1 -1  1  1  1  1  1  1  1  1  1  1  1  1  1  1  1  1 -1 -1  1 -1 -1] [ 3 10 11 18 19 20 21 26 27 28 29 34 35 36 37 38 42 44 45 46 47 53 54] [ 4587 15876  4477 10145  3864 10063 10004  8329  6435  3778  6557  6849
 15367 12852 12595 10150 11017  5023  6747 11367  8031  7481  9860] [] 1716263648.7076210976
[-1  1  1  1  1  1 -1  1  1  1  1  1  1  1  1  1 -1  1 -1 -1  1 -1 -1 -1] [ 3 10 11 18 19 20 21 26 27 28 29 34 35 36 37 38 42 44 45 46 47 53 54 61] [ 4589 14563  4073  7853  3806  9999 10018  8174  6318  3532  6452  5737
 14299 12648 12496  8939 11057  4885  6799 11388  7649  7800  9955  8039] [] 1716263648.7506477833
[ 1  1  1  1  1  1 -1  1 -1  1 -1  1 -1  1 -1  1  1  1  1  1  1 -1  1  1
  1] [ 3 10 11 18 19 20 21 26 27 28 29 34 35 36 37 38 42 44 45 46 47 51 53 54
 61] [ 3938 14290  3768  7769  3716  8605 10180  8022  6330  3451  6480  5715
 14462 12527 12975  8765 10855  4754  6735  9690  6929 11555  7578  9819
  7570] [] 1716263648.7936291695
[ 1  1  1  1  1  1  1 -1  1  1  1  1 -1 -1 -1  1  1  1  1  1  1  1  1  1
 -1  1] [ 3 10 11 18 19 20 21 26 27 28 29 34 35 36 37 38 42 44 45 46 47 51 53 54
 55 61] [ 3749 12646  3544  6687  3687  7547  9994  8028  6207  3264  6362  5388
 14560 12774 13087  8712 10640  4553  6658  8884  6012 11213  7438  9763
 14376  7436] [] 1716263648.8364877701
[ 1  1  1  1  1 -1  1  1  1  1 -1  1  1  1 -1  1  1  1  1  1  1  1  1  1
  1  1] [ 3 10 11 18 19 20 21 26 27 28 29 34 35 36 37 38 42 44 45 46 47 51 53 54
 55 61] [ 3654 11970  3404  5938  3626  7846  9933  7905  6147  3169  6364  5318
 13697 12227 13103  7543 10287  4447  6143  8811  5488 10827  7163  9674
 10770  7293] [] 1716263648.8796508312
[-1 -1  1  1  1  1  1 -1  1 -1  1  1  1  1  1  1  1  1  1  1  1  1  1  1
 -1  1  1] [ 2  3 10 11 18 19 20 21 26 27 28 29 34 35 36 37 38 42 44 45 46 47 51 53
 54 55 61] [14276  3767  9420  3375  5875  3365  7560  9957  7813  6284  3143  5425
  4881 11722 11876 12656  7294  8752  4291  5890  8559  5208 10777  6862
  9677  9968  7203] [] 1716263648.9227147102
[ 1  1  1  1 -1  1  1 -1  1  1  1  1  1  1 -1  1  1  1  1  1  1  1  1  1
 -1  1  1] [ 2  3 10 11 18 19 20 21 26 27 28 29 34 35 36 37 38 42 44 45 46 47 51 53
 54 55 61] [13797  3751  8384  3245  5915  3325  7086 10092  7807  6225  3005  5262
  4708  9810 11904 12328  7115  7402  4090  5737  8367  4831 10607  6038
  9713  8864  6938] [] 1716263648.9656338692
[ 1  1  1  1  1  1  1 -1  1  1  1  1  1  1 -1  1  1  1  1  1  1  1  1  1
 -1  1  1] [ 2  3 10 11 18 19 20 21 26 27 28 29 34 35 36 37 38 42 44 45 46 47 51 53
 54 55 61] [13673  3709  7677  3048  5544  3253  6689 10212  6222  6057  2955  5041
  4531  9445 12025 11763  5753  6688  3967  5719  7479  4598  7918  5933
  9743  7238  6855] [] 1716263649.0085890293
[ 1  1  1  1 -1  1  1  1 -1  1  1  1  1  1  1  1  1 -1  1  1  1  1  1 -1
  1  1  1  1] [ 2  3 10 11 12 18 19 20 21 26 27 28 29 34 35 36 37 38 42 44 45 46 47 51
 53 54 55 61] [13539  3691  6095  2896 14104  5055  3155  6272 10306  6164  5980  2897
  4762  4327  7971 10542 11636  5772  6588  3831  5703  6621  4308  7924
  5407  9619  6423  6694] [] 1716263649.0516803265
[-1 -1  1  1  1  1  1  1  1  1 -1  1  1  1  1  1  1  1  1  1  1  1  1  1
  1  1  1  1  1  1] [ 1  2  3 10 11 12 18 19 20 21 23 26 27 28 29 34 35 36 37 38 42 44 45 46
 47 51 53 54 55 61] [16342 13679  3655  5716  2828 13338  4881  3137  5809 10194 15888  5968
  5962  2809  4741  4301  7731  9506 11460  5453  6444  3667  5511  6109
  4038  7780  4788  7163  5820  6574] [] 1716263649.0946781635
[ 1 -1  1  1  1  1  1  1  1  1  1  1  1  1 -1  1  1  1 -1  1  1  1  1  1
  1 -1 -1  1  1  1  1] [ 1  2  3 10 11 12 18 19 20 21 23 26 27 28 29 34 35 36 37 38 42 44 45 46
 47 50 51 53 54 55 61] [15637 13684  3642  5575  2769 13224  4699  3085  5538 10145 14885  5611
  5938  2761  4778  4178  7573  7683 11586  5311  5926  3564  5341  5853
  3813  9927  7787  4542  6802  5044  6525] [] 1716263649.1376931667
[ 1  1  1 -1  1  1  1  1 -1  1  1  1 -1  1  1  1 -1  1  1  1  1  1  1  1
  1  1 -1  1  1  1  1] [ 1  2  3 10 11 12 18 19 20 21 23 26 27 28 29 34 35 36 37 38 42 44 45 46
 47 50 51 53 54 55 61] [15174 13405  3547  5663  2679 13205  4445  3054  5854 10003 14768  4971
  6068  2669  4655  3919  7739  6883 11514  5247  5754  3516  4767  5640
  3721  9342  7807  4439  6754  4672  6524] [] 1716263649.1807076931
[ 1 -1  1  1  1  1  1  1  1  1  1 -1  1  1  1  1  1 -1  1  1  1  1  1  1
  1 -1 -1  1  1  1  1] [ 2  3 10 11 12 18 19 20 21 23 26 27 28 29 34 35 36 37 38 42 44 45 46 47
 50 51 52 53 54 55 61] [10189  3583  5519  2626 13099  4050  3008  5658  9999 14551  4839  6144
  2631  4633  3602  7548  6883 11892  4633  5606  3434  4453  5387  3629
  9047  7816 16207  4367  6570  4240  6394] [] 1716263649.2237427235
[-1  1  1 -1 -1  1  1  1  1  1 -1  1  1  1  1  1 -1  1  1  1  1  1  1  1
  1  1  1  1 -1  1 -1  1] [ 1  2  3 10 11 12 18 19 20 21 23 26 27 28 29 34 35 36 37 38 42 44 45 46
 47 50 51 52 53 54 55 61] [15610  8284  3465  6120  2643  9915  3863  2943  5156  9968 14705  4604
  5978  2583  4611  3489  7852  6537 11820  4552  5392  3395  3959  5321
  3395  8970  7814 14789  4551  6213  4264  6298] [] 1716263649.2667198181
[ 1  1  1  1  1  1 -1  1  1 -1 -1  1  1  1  1  1  1  1  1  1  1  1  1  1
  1  1  1  1  1  1  1  1  1] [ 1  2  3 10 11 12 15 18 19 20 21 23 26 27 28 29 34 35 36 37 38 42 44 45
 46 47 50 51 52 53 54 55 61] [14991  8139  3419  6048  2543  9765 16295  3615  2897  5227 10052 14489
  4314  5480  2533  4594  3368  7470  6249 11693  4478  5265  3308  3865
  5303  3319  8879  7159 14551  4343  6116  4164  6229] [] 1716263649.3097681999
[ 1 -1  1  1  1  1  1  1  1  1 -1  1  1  1  1  1 -1  1  1  1 -1  1 -1  1
  1  1  1 -1 -1 -1  1  1  1  1  1] [ 1  2  3 10 11 12 15 18 19 20 21 23 26 27 28 29 32 34 35 36 37 38 42 44
 45 46 47 48 50 51 52 53 54 55 61] [14894  8197  3354  5424  2396  9634 16187  3577  2866  5051 10090 14482
  4201  5456  2478  4565 12846  3279  6965  6226 11882  4258  5366  3194
  3607  5252  3242 12926  9029  7211 14079  3935  5753  4128  6152] [] 1716263649.3527395725
[-1  1  1  1  1  1 -1  1  1  1  1  1  1  1  1  1  1 -1  1  1  1  1  1  1
 -1 -1  1  1  1  1  1  1 -1 -1  1  1  1] [ 1  2  3 10 11 12 15 18 19 20 21 23 26 27 28 29 32 33 34 35 36 37 38 42
 43 44 45 46 47 48 50 51 52 53 54 55 61] [14935  8080  3266  5176  2230  8521 16271  3493  2845  4845  8754 14224
  4000  5001  2435  4543 11893 13153  3227  6618  5985 10580  4212  5143
 15219  3200  3479  5221  3124  9589  8920  7084 14411  3997  5487  4018
  6078] [] 1716263649.3957221508
[-1 -1  1  1  1  1  1  1  1  1  1 -1  1  1  1 -1  1  1  1  1  1 -1  1  1
  1  1  1  1  1  1  1  1  1  1  1  1  1] [ 1  2  3 10 11 12 15 18 19 20 21 23 26 27 28 29 32 33 34 35 36 37 38 42
 43 44 45 46 47 48 50 51 52 53 54 55 61] [15014  8341  3192  5100  2147  8199 16061  3429  2803  4777  8521 14479
  3670  4998  2417  4599 11459 12312  3183  6408  5902 11314  4074  4832
 14151  2914  3303  5086  3064  8910  8797  7019 13691  3572  5439  3872
  5972] [] 1716263649.4387021065
[ 1  1  1  1  1  1  1  1  1  1 -1 -1  1 -1  1  1  1  1  1  1 -1  1  1  1
  1  1  1  1  1  1  1  1  1  1  1  1  1] [ 1  2  3 10 11 12 15 18 19 20 21 23 26 27 28 29 32 33 34 35 36 37 38 42
 43 44 45 46 47 48 50 51 52 53 54 55 61] [14527  7499  3183  4833  2109  8054 15551  3325  2769  4695  8527 14847
  3544  5024  2374  4567 10557 12298  3027  6274  5992 10242  3948  4384
 11395  2824  3243  4963  2978  6928  8540  5533 13679  3520  5175  3860
  5949] [] 1716263649.4816999435
[ 1  1  1 -1  1  1  1  1  1 -1  1 -1  1  1  1  1  1  1  1  1  1  1  1  1
 -1  1  1  1  1  1 -1  1  1  1  1  1  1] [ 1  2  3 10 11 12 15 18 19 20 21 23 26 27 28 29 32 33 34 35 36 37 38 42
 43 44 45 46 47 48 50 51 52 53 54 55 61] [14093  7499  3055  5096  2079  7960 15051  3135  2676  4701  8493 15111
  3451  4904  2347  4519  9972 12082  2926  6237  5834 10172  3770  3913
 12221  2808  3055  4646  2792  6492  8553  5215 12379  3437  5047  3704
  5927] [] 1716263649.5248322487
[-1  1  1  1  1  1  1  1  1  1 -1  1  1  1  1  1  1 -1  1  1  1  1  1  1
 -1  1  1  1  1  1 -1  1 -1  1  1  1  1] [ 1  2  3 10 11 12 15 18 19 20 21 23 26 27 28 29 32 33 34 35 36 37 38 42
 43 44 45 46 47 48 50 51 52 53 54 55 61] [14255  7484  2898  4644  1992  7825 14839  3107  2648  4495  8549 14951
  3362  4864  2267  4281  9201 12176  2855  5620  5389  9936  3706  3803
 12485  2752  2934  4564  2790  5906  8584  5108 12395  3364  4933  3600
  5869] [] 1716263649.5677351952
[-1  1 -1 -1  1  1 -1  1  1  1  1 -1  1  1  1  1  1 -1  1  1  1 -1  1  1
  1 -1  1  1  1  1 -1 -1  1  1  1  1  1] [ 1  2  3 10 11 12 15 18 19 20 21 23 26 27 28 29 32 33 34 35 36 37 38 42
 43 44 45 46 47 48 50 51 52 53 54 55 61] [14288  6838  2911  4800  1984  7804 14903  3035  2621  4488  8546 15887
  3305  4764  2239  4143  8943 12227  2815  5450  5160 10078  3620  3568
 12159  2756  2887  4500  2697  5229  8734  5119 10234  3338  4703  3542
  5852] [] 1716263649.6107339859
[-1  1  1  1  1  1 -1  1  1  1  1  1  1  1 -1  1  1  1  1  1  1 -1 -1  1
  1  1  1  1 -1  1  1 -1  1  1  1 -1 -1 -1] [ 1  2  3 10 11 12 15 18 19 20 21 23 26 27 28 29 32 33 34 35 36 37 38 42
 43 44 45 46 47 48 50 51 52 53 54 55 60 61] [14316  6754  2841  4572  1973  7736 14927  2991  2580  4439  8520 15759
  3283  4688  2255  4051  8804 12121  2711  5426  5032 10956  3644  3401
 10175  2732  2837  4493  2732  5145  8664  5653 10213  3187  4583  3632
 13508  5939] [] 1716263649.6536717415
[-1  1  1  1  1 -1  1  1 -1  1 -1  1  1  1  1  1  1 -1  1 -1  1 -1  1 -1
  1  1  1  1  1  1 -1 -1  1  1 -1  1 -1  1] [ 1  2  3 10 11 12 15 18 19 20 21 23 26 27 28 29 32 33 34 35 36 37 38 42
 43 44 45 46 47 48 50 51 52 53 54 55 60 61] [14439  6624  2787  4492  1964  7757 14743  2975  2617  4424  8545 15199
  3211  4564  2199  4043  8748 12137  2693  5440  4933 11946  3620  3465
  9981  2720  2815  4465  2680  5080  8666  5819 10103  3173  4627  3512
 13840  5928] [] 1716263649.6966469288
[-1  1  1  1  1 -1 -1 -1  1  1 -1  1  1 -1  1  1  1  1  1  1  1  1  1  1
 -1  1  1 -1 -1 -1  1  1  1 -1 -1 -1  1] [ 1  2  3 10 11 12 15 18 19 20 21 23 26 27 28 29 32 33 34 35 36 37 38 42
 43 44 45 46 47 48 50 51 52 53 54 55 61] [14461  6500  2758  4425  1956  7781 14749  2979  2565  4421  8565 14805
  3179  4588  2199  4009  8639 12094  2659  5352  4589 10169  3600  3411
  9995  2704  2805  4489  2698  5189  8590  5623  9767  3190  4671  3536
  5808] [] 1716263649.7399525642
[ 1 -1 -1  1  1 -1  1  1 -1 -1 -1  1  1 -1 -1  1 -1  1  1  1 -1 -1 -1 -1
 -1 -1 -1  1 -1 -1  1 -1 -1  1  1 -1  1] [ 1  2  3 10 11 12 15 18 19 20 21 23 26 27 28 29 32 33 34 35 36 37 38 42
 43 44 45 46 47 48 50 51 52 53 54 55 61] [14291  6562  2793  4408  1944  7801 14623  2913  2566  4444  8573 14493
  3172  4589  2203  3987  8770 12053  2591  5298  4592 10358  3650  3519
 10046  2732  2807  4366  2700  5849  8491  5644 11151  3180  4607  3594
  5775] [] 1716263649.7827064991
[-1 -1 -1  1  1  1  1 -1  1  1 -1  1  1  1  1 -1  1 -1  1  1 -1 -1 -1 -1
  1 -1 -1 -1 -1 -1  1 -1 -1 -1 -1 -1 -1] [ 1  2  3 10 11 12 15 18 19 20 21 23 26 27 28 29 32 33 34 35 36 37 38 42
 43 44 45 46 47 48 50 51 52 53 54 55 61] [14359  6884  2847  4400  1942  7774 14591  2943  2566  4374  8582 14043
  3172  4534  2187  3988  8628 12104  2587  5274  4953 10643  3824  3834
  9973  2752  2933  4512  2846  6234  8459  6324 12127  3333  4671  3632
  5874] [] 1716263649.8257226944
[-1 -1 -1 -1 -1 -1 -1 -1  1  1  1  1 -1 -1 -1 -1  1  1 -1 -1 -1  1 -1 -1
 -1 -1 -1 -1 -1 -1 -1 -1 -1 -1 -1 -1 -1] [ 1  2  3 10 11 12 15 18 19 20 21 23 26 27 28 29 32 33 34 35 36 37 38 42
 43 44 45 46 47 48 50 51 52 53 54 55 61] [14448  7006  2887  4416  1948  7826 14743  2997  2564  4345  7957 13674
  3210  4576  2196  4205  8628 12088  2719  5524  5178  8723  3908  4286
 10149  2836  3063  4616  2913  8249  8565  6687 12559  3451  4830  3644
  5900] [] 1716263649.8685004711
[ 1 -1 -1 -1 -1  1 -1 -1 -1 -1 -1  1 -1 -1 -1 -1  1  1 -1  1 -1 -1  1 -1
 -1 -1 -1 -1 -1 -1  1 -1  1 -1 -1 -1 -1] [ 1  2  3 10 11 12 15 18 19 20 21 23 26 27 28 29 32 33 34 35 36 37 38 42
 43 44 45 46 47 48 50 51 52 53 54 55 61] [14397  7250  2981  4481  1956  7788 14827  3003  2602  4405  8224 13503
  3281  4672  2207  4373  8610 12080  2767  5464  5531  8756  3888  4444
 10223  2888  3215  4939  3007  8609  8512  7209 12331  3559  5031  3712
  5944] [] 1716263649.9117784500
[-1 -1 -1  1 -1 -1 -1 -1 -1 -1 -1  1 -1 -1 -1 -1 -1 -1 -1 -1 -1 -1 -1 -1
 -1 -1 -1 -1 -1 -1 -1 -1 -1 -1 -1 -1 -1] [ 1  2  3 10 11 12 15 18 19 20 21 23 26 27 28 29 32 33 34 35 36 37 38 42
 43 44 45 46 47 48 50 51 52 53 54 55 61] [14427  7306  2986  4472  2003  7824 14875  3045  2621  4413  8392 13343
  3303  4696  2253  4429  8654 12134  2799  5618  5775  8824  4160  5064
 10571  3368  3591  5107  3176 12719  8641  7752 14505  4235  5627  4214
  6193] [] 1716263649.9549157619
[-1  1 -1 -1 -1 -1 -1 -1 -1 -1 -1 -1 -1  1 -1 -1 -1 -1 -1 -1  1 -1  1 -1
 -1 -1 -1 -1 -1 -1 -1 -1 -1  1 -1  1] [ 1  2  3 10 11 12 15 18 19 20 21 23 26 27 28 29 32 33 34 35 36 37 38 42
 43 44 45 46 47 50 51 52 53 54 55 61] [14450  7302  3172  4608  2031  7975 15191  3167  2633  4465  8552 13355
  3424  4665  2266  4495  8846 12644  3118  6125  5729 10729  4144  5295
 12124  3456  3747  5243  3216  8715  8003 15471  4695  5479  4324  6177] [] 1716263649.9978592396
[ 1 -1 -1  1  1 -1 -1 -1  1  1  1  1 -1 -1 -1  1 -1 -1 -1 -1 -1 -1 -1 -1
 -1 -1 -1 -1 -1 -1 -1 -1 -1 -1 -1] [ 1  2  3 10 11 12 15 18 19 20 21 23 26 27 28 29 32 33 34 35 36 37 38 42
 43 44 45 46 47 50 51 53 54 55 61] [14379  7321  3258  4564  1998  8154 15335  3255  2620  4409  8550 13311
  3567  4842  2301  4466 10095 12662  3225  6284  5932 12303  4227  5602
 12185  3504  3935  5310  3340  8871  8085  4699  5682  4784  6257] [] 1716263650.0405199528
[-1  1 -1 -1 -1 -1 -1 -1 -1  1  1  1 -1 -1 -1 -1 -1 -1 -1 -1 -1 -1 -1 -1
 -1 -1 -1 -1 -1 -1 -1 -1 -1 -1 -1] [ 1  2  3 10 11 12 15 18 19 20 21 23 26 27 28 29 32 33 34 35 36 37 38 42
 43 44 45 46 47 50 51 53 54 55 61] [14422  7278  3282  4673  2041  8323 15703  3338  2656  4318  8537 13291
  3794  4962  2352  4479 13555 13227  3367  6339  6231 12452  4257  5647
 12187  3576  4365  5539  3549 14675  8255  4810  6079  5320  6351] [] 1716263650.0836830139
[ 1 -1 -1  1 -1 -1 -1 -1 -1 -1 -1 -1  1 -1 -1 -1 -1 -1  1 -1 -1 -1 -1 -1
 -1 -1 -1 -1 -1 -1 -1 -1] [ 1  2  3 10 11 12 18 19 20 21 23 26 27 28 29 34 35 36 37 38 42 43 44 45
 46 47 50 51 53 54 55 61] [14288  7371  3291  4347  2130  9326  3383  2706  4518 10022 13381  4171
  4888  2381  4515  3731  6423  6886 12442  4445  6296 12222  3700  4515
  5685  3900 15631 10571  5128  6531  6009  6572] [] 1716263650.1266453266
[ 1 -1 -1  1 -1 -1 -1 -1 -1  1  1 -1 -1 -1 -1 -1 -1 -1  1 -1 -1 -1  1 -1
 -1 -1 -1  1 -1 -1 -1 -1] [ 1  2  3 10 11 12 18 19 20 21 23 26 27 28 29 34 35 36 37 38 42 43 44 45
 46 47 50 51 53 54 55 61] [14205  7756  3437  4343  2214 11035  3949  2734  4991  9969 13351  4181
  5330  2450  4561  3981  6598  7719 12263  4586  6675 12223  3692  5226
  6527  4201 15675 10523  5282  6866  6851  6677] [] 1716263650.1696522236
[ 1 -1 -1 -1 -1 -1 -1 -1 -1  1  1 -1 -1 -1 -1 -1 -1  1 -1 -1 -1  1 -1 -1
 -1  1  1 -1 -1 -1] [ 1  2  3 10 11 12 18 19 20 21 23 26 27 28 29 34 35 36 37 38 42 44 45 46
 47 51 53 54 55 61] [14015 11031  3499  4435  2319 11479  3970  2809  5187  9876 13183  4340
  5400  2533  4583  4077  7007  7470 12295  4774  6945  3684  5347  7532
  4546 10499  5179  7823  8833  6774] [] 1716263650.2124955654
[ 1 -1  1 -1 -1 -1 -1 -1 -1  1  1 -1 -1 -1  1 -1  1 -1 -1 -1 -1 -1 -1 -1
 -1 -1 -1 -1 -1 -1] [ 1  2  3 10 11 12 18 19 20 21 23 26 27 28 29 34 35 36 37 38 42 44 45 46
 47 51 53 54 55 61] [13798 12077  3490  4507  2392 13179  4481  2855  5356  9864 13083  4947
  5728  2561  4571  4251  6617  8105 12468  5559  7315  3854  5733  7697
  4715 10641  5512  8042 11136  6955] [] 1716263650.2556824684
[-1 -1 -1 -1 -1 -1 -1 -1 -1  1 -1 -1  1 -1 -1 -1 -1 -1  1 -1 -1 -1 -1 -1
 -1 -1 -1 -1 -1 -1] [ 1  2  3 10 11 12 18 19 20 21 23 26 27 28 29 34 35 36 37 38 42 44 45 46
 47 51 53 54 55 61] [14659 13841  3575  4573  2538 13320  4665  2930  5743  9793 13085  5521
  5639  2615  4639  4272  7078  9358 12185  5718  8277  3944  5899  7855
  4987 10669  5740  9902 11305  7013] [] 1716263650.2986364365
[-1 -1 -1 -1 -1 -1 -1 -1  1 -1 -1 -1  1 -1 -1 -1 -1 -1  1 -1  1 -1 -1  1
 -1 -1 -1 -1 -1] [ 1  2  3 10 11 12 18 19 20 21 23 26 27 28 29 34 35 36 37 38 42 44 45 46
 47 51 53 54 61] [15780 14083  3667  4831  2568 13536  4983  2976  5715  9828 13111  5659
  5606  2733  4693  4303  7618 10071 12170  5814  8133  4078  6325  7763
  5115 10841  5968 10019  7179] [] 1716263650.3415918350
[-1  1 -1 -1 -1 -1 -1 -1  1 -1 -1 -1 -1 -1 -1 -1 -1 -1 -1 -1 -1 -1 -1 -1
 -1 -1 -1 -1] [ 2  3 10 11 12 18 19 20 21 23 26 27 28 29 34 35 36 37 38 42 44 45 46 47
 51 53 54 61] [14152  3647  4869  2669 13952  5346  3042  5753  9739 13113  7582  5790
  2795  4697  4419  8329 11094 12180  7214  8163  4165  6489  8658  5602
 11026  6331 10090  7309] [] 1716263650.3843805790
[ 1 -1 -1 -1 -1 -1 -1  1  1 -1  1 -1 -1 -1 -1 -1 -1 -1 -1 -1 -1 -1 -1 -1
 -1  1 -1] [ 3 10 11 12 18 19 20 21 23 26 27 28 29 34 35 36 37 38 42 44 45 46 47 51
 53 54 61] [ 3642  5817  2842 16068  5695  3089  6487  9660 12906  7645  5706  2922
  4762  4710 12397 11324 12188  7285  9579  4359  6607  9163  6164 11193
  6659  9903  7459] [] 1716263650.4276599884
[-1 -1 -1 -1  1 -1  1  1 -1 -1 -1 -1 -1 -1 -1 -1 -1 -1 -1 -1 -1 -1 -1 -1
 -1 -1] [ 3 10 11 12 18 19 20 21 23 26 27 28 29 34 35 36 37 38 42 44 45 46 47 53
 54 61] [ 4200  5915  2970 16258  5661  3224  6400  9608 13122  7656  5754  2981
  4810  4958 13312 11397 12501  7513 11173  4591  6749 11572  7143  8974
 10135  7777] [] 1716263650.4705450535
[-1 -1 -1 -1 -1 -1 -1 -1 -1  1 -1 -1 -1 -1 -1 -1 -1 -1  1  1 -1  1  1] [ 3 10 11 18 19 20 21 23 26 27 28 29 34 35 36 37 38 42 44 45 47 53 54] [ 4467  6846  3178  5955  3272  6599  9634 13648  7777  5701  3185  4988
  5162 13496 11583 12643  8718 11193  4526  6545  7707  8862  9997] [] 1716263650.5137190819
[-1 -1 -1 -1 -1  1  1 -1 -1 -1 -1 -1 -1 -1 -1  1 -1 -1 -1 -1 -1 -1 -1] [ 3 10 11 18 19 20 21 23 26 27 28 29 34 35 36 37 38 42 44 45 47 53 54] [ 4478  7368  3307  6689  3379  6553  9577 14776  7943  5809  3271  6323
  6011 13639 11613 12498  9953 11930  5101  6825  9235  9783 12901] [] 1716263650.5566017628
[-1 -1 -1 -1 -1 -1 -1 -1 -1 -1 -1 -1 -1 -1 -1 -1  1 -1 -1 -1 -1 -1] [ 3 10 11 18 19 20 21 26 27 28 29 34 35 36 37 38 42 44 45 47 53 54] [ 4550  7815  3595  7432  3451  6766  9666  8012  5869  3327  6474  7583
 13994 11891 12644 10141 11213  5919  7745 10222 10356 13244] [] 1716263650.5999107361
[-1 -1 -1  1 -1 -1 -1 -1 -1 -1 -1 -1 -1 -1 -1  1 -1 -1 -1 -1 -1 -1] [ 3 10 11 18 19 20 21 26 27 28 29 34 35 36 37 38 42 44 45 47 53 54] [ 6715  9706  4231  7410  3513  7364  9839  8130  6203  3433  6568  8508
 14494 12011 12659 10088 11740  6866  7768 12548 10711 15381] [] 1716263650.6427674294
[-1 -1 -1 -1 -1 -1 -1 -1 -1 -1 -1 -1 -1 -1 -1 -1 -1 -1  1 -1 -1] [ 3 10 11 18 19 20 21 26 27 28 29 34 35 36 37 38 42 44 45 47 53] [ 6736 10837  4306  7582  3744  8821  9840  8357  6468  3757  6719  8833
 15738 12485 12853 10142 12287  8533  7743 14381 10798] [] 1716263650.6856796741
[-1 -1 -1 -1 -1 -1 -1 -1 -1 -1 -1 -1  1  1 -1 -1 -1 -1  1  1 -1] [ 3 10 11 18 19 20 21 26 27 28 29 34 35 36 37 38 42 44 45 47 53] [ 6984 11476  4920  7749  3862  9511 10042  8519  7512  4121  6799  8865
 15269 11822 13287 10421 12486  9505  7061 13623 10997] [] 1716263650.7287867069
[-1 -1 -1 -1 -1 -1 -1 -1  1 -1 -1 -1 -1  1 -1 -1 -1 -1] [ 3 10 11 18 19 20 21 26 27 28 29 34 36 37 42 44 45 47] [ 7049 11582  6321 10498  4368 10081 10366 10427  7511  4953  7542  9026
 12554 13283 13098 12110 11564 13723] [] 1716263650.7716751099
[-1 -1 -1 -1  1 -1 -1  1 -1 -1 -1] [ 3 11 19 20 26 27 28 29 36 37 44] [ 8276  7204  4838 11432 10370 12183  7001  7478 13407 13887 12331] [] 1716263650.8145420551
[-1  1  1 -1 -1 -1  1  1] [ 3 11 19 20 27 28 29 44] [ 8360  6205  4686 12462 12339  8258  7257 12316] [] 1716263650.8575639725
[ 1 -1 -1 -1  1  1 -1] [ 3 11 19 20 27 28 29] [ 8350  8783  5002 12966  8576  7974  7477] [] 1716263650.9004552364
[-1  1 -1 -1 -1  1 -1 -1] [ 3 11 19 20 27 28 29 44] [ 8453  6468  5056 13256  9094  7934  7591 14676] [] 1716263650.9435155392
[-1 -1 -1  1 -1 -1 -1  1] [ 3 11 19 20 27 28 29 44] [ 8517  6999  5361 13061 10823  8530  7817 13338] [] 1716263650.9866280556
[-1 -1  1  1  1 -1 -1 -1] [ 3 11 19 20 27 28 29 44] [ 8616  7453  5341 12973 10805  8710  7944 13663] [] 1716263651.0296123028
[-1 -1 -1 -1 -1 -1 -1 -1] [ 3 11 19 20 27 28 29 44] [ 8752  7870  5500 13035 10835  8807 11198 14315] [] 1716263651.0724484921
[-1 -1 -1 -1 -1 -1 -1] [ 3 11 19 20 27 28 29] [ 8996  9161  5917 13085 10867  9128 11509] [] 1716263651.1155889034
[ 1 -1 -1  1  1] [11 19 20 27 28] [ 9043  7148 13380 10764  8791] [] 1716263651.1585733891
[-1 -1 -1 -1 -1] [11 19 20 27 28] [ 9227 10230 13683 10841 10521] [] 1716263651.2015972137
[-1 -1 -1 -1  1] [11 19 20 27 28] [ 9343 15049 13852 10985 10458] [] 1716263651.2445533276
[-1 -1 -1 -1] [11 20 27 28] [10767 14816 16097 10468] [] 1716263651.2875726223
[ 1  1 -1] [20 27 28] [14620 11098 10489] [] 1716263651.3305909634
[-1 -1 -1] [11 20 28] [10070 15584 10741] [] 1716263651.3735680580
[-1  1 -1] [11 20 28] [10289 14670 11316] [] 1716263651.4163253307
[ 1 -1 -1] [11 20 28] [10230 15140 11523] [] 1716263651.4595494270
[-1 -1  1] [11 19 28] [10791 10597 11422] [] 1716263651.5025701523
[-1  1 -1] [11 19 28] [10933 10515 11507] [] 1716263651.5456106663
[1 1] [19 28] [10065 11051] [] 1716263651.5884170532
[-1 -1] [19 28] [10271 11219] [] 1716263651.6316139698
[-1 -1] [19 28] [10560 11363] [] 1716263651.6746041775
[1] [28] [10991] [] 1716263651.7175533772
[1] [28] [10979] [] 1716263651.7604818344
[-1] [28] [11046] [] 1716263651.8035993576
[1] [28] [10762] [] 1716263651.8465800285
[1] [28] [10570] [] 1716263651.8896284103
[-1] [28] [10803] [] 1716263651.9322264194
[1] [28] [10597] [] 1716263651.9754323959
[-1] [42] [11863] [] 1716263652.1464579105
[-1  1] [28 42] [11166  9322] [] 1716263652.1895010471
[-1 -1  1] [27 34 42] [10730 10552  6620] [] 1716263652.2509331703
2 2 2 1716263652.2511739731
