FA TAX ADC PRES TS
[-1] [28] [12104] [] 1716263559.0709738731
[1] [28] [11452] [] 1716263559.1139261723
[1] [28] [11270] [] 1716263559.1569194794
[ 1 -1] [28 42] [10945 13196] [] 1716263559.1999313831
[-1  1 -1] [28 42 44] [11161 12932 14791] [] 1716263559.2429461479
[1 1 1] [28 42 44] [11051 11893 13999] [] 1716263559.2859840393
[-1 -1 -1  1] [20 28 42 44] [16112 11138 11983 13933] [] 1716263559.3290076256
[-1 -1 -1 -1] [11 28 42 44] [13433 11332 12343 14107] [] 1716263559.3719201088
[ 1 -1 -1 -1  1  1] [11 19 20 28 42 44] [11196 13985 15466 11603 12213 13567] [] 1716263559.4149327278
[1 1 1 1 1 1] [11 19 20 28 42 44] [10409 10743 15300 11370 11310 13189] [] 1716263559.4579169750
[ 1  1  1  1 -1 -1 -1] [11 19 20 28 42 44 45] [10179 10460 15042 11287 11809 13381 10747] [] 1716263559.5009026527
[ 1 -1 -1 -1  1  1  1] [11 19 20 28 42 44 45] [10149 10523 15099 11513 11285 13264  9221] [] 1716263559.5440328121
[ 1  1 -1 -1  1 -1  1  1] [11 19 20 27 28 42 44 45] [ 9898 10265 15177 13196 11340 12135 13048  8901] [] 1716263559.5870056152
[-1  1  1  1 -1 -1 -1  1  1] [11 19 20 27 28 29 42 44 45] [ 9930  8736 14470 13179 11395 13219 12233 12973  8743] [] 1716263559.6299581528
[-1  1  1  1  1  1  1  1  1] [11 19 20 27 28 29 42 44 45] [ 9940  8720 14255 13117 11343 12661 12051 12892  8669] [] 1716263559.6729903221
[ 1  1  1 -1  1  1  1  1 -1  1] [11 19 20 21 27 28 29 42 44 45] [ 9803  8424 14138 12358 13048 11313 11895  9029 12995  8535] [] 1716263559.7160015106
[ 1  1  1  1  1  1  1 -1  1  1] [11 19 20 21 27 28 29 42 44 45] [ 9702  8253 13644 11765 12923 11182 11681 10219 12937  8382] [] 1716263559.7588796616
[-1  1  1  1 -1  1 -1  1  1  1 -1 -1] [11 19 20 21 26 27 28 29 42 44 45 53] [ 9740  8104 13204 11542 11957 12923 11275 11436 10178 10541  8659 10969] [] 1716263559.8018066883
[ 1  1  1  1  1 -1  1  1 -1  1  1  1] [11 19 20 21 26 27 28 29 42 44 45 53] [ 9572  7487 13160 11340 11811 12973 11205 11147 10341 10501  8565 10883] [] 1716263559.8447852135
[1 1 1 1 1 1 1 1 1 1 1 1] [11 19 20 21 26 27 28 29 42 44 45 53] [ 9327  6567 12828 10982 11712 12782 11105 11084  9251 10183  8478 10821] [] 1716263559.8877599239
[ 1  1  1  1  1 -1  1  1  1  1  1  1] [11 19 20 21 26 27 28 29 42 44 45 53] [ 9223  6093 12585 10977 11466 12784 11085 11001  8375 10131  8361 10797] [] 1716263559.9309847355
[ 1  1  1 -1  1  1  1 -1 -1  1 -1 -1 -1] [11 19 20 21 26 27 28 29 42 44 45 53 54] [ 9153  5678 12487 10984 11443 12575 11031 11005  8437 10049  8534 10950
 12565] [] 1716263559.9739429951
[-1 -1  1  1  1  1 -1  1 -1 -1  1  1  1  1] [11 18 19 20 21 26 27 28 29 42 44 45 53 54] [ 9269 12422  5435 12225 10773 11417 12583 10879 11033  8497  9627  8369
  9685 12352] [] 1716263560.0170109272
[ 1  1  1  1  1  1  1  1  1 -1  1 -1  1 -1  1 -1] [11 18 19 20 21 26 27 28 29 36 42 44 45 53 54 61] [ 9097 11526  5125 11942 10657 11387 12580 10837 10774 15275  7754  9842
  7738 10050 12315  8955] [] 1716263560.0599794388
[ 1  1  1  1 -1  1 -1 -1  1 -1  1  1  1  1  1  1  1] [11 18 19 20 21 26 27 28 29 35 36 42 44 45 53 54 61] [ 9047 11216  4974 11319 10786 11363 12666 10931 10757 15100 14684  6934
  9605  7596  9867 12178  8009] [] 1716263560.1029608250
[ 1  1  1  1 -1  1 -1  1 -1 -1  1  1  1  1  1  1  1] [11 18 19 20 21 26 27 28 29 35 36 42 44 45 53 54 61] [ 9041 10828  4892  9588 10858 11108 12761 10290 10784 15303 11788  6558
  8141  7472  8724 12009  7895] [] 1716263560.1459803581
[ 1  1  1  1  1 -1 -1  1  1 -1  1  1  1  1  1  1 -1  1] [11 18 19 20 21 26 27 28 29 34 35 36 42 44 45 53 54 61] [ 7166 10629  4678  9128 10765 11162 12793  8846 10698 12276 14275 11343
  6350  8118  7412  8670 12018  7850] [] 1716263560.1890215874
[-1  1  1  1  1  1  1 -1  1 -1  1  1  1  1  1  1  1  1  1] [10 11 18 19 20 21 26 27 28 29 34 35 36 42 44 45 53 54 61] [14784  7106 10503  4547  8943 10614 11064 12794  7561 10718 12084 14191
  9814  6183  7795  7149  8297 11889  7442] [] 1716263560.2319903374
[ 1  1  1  1  1  1  1  1  1  1  1 -1 -1  1  1 -1 -1  1 -1 -1 -1] [10 11 18 19 20 21 26 27 28 29 34 35 36 42 44 45 47 53 54 55 61] [14022  7082 10400  4363  8758 10415 10850 12763  6714  9356 12039 14376
  9871  5642  6971  7374 15435  7483 12045  9043  7605] [] 1716263560.2749040127
[ 1  1  1  1  1 -1  1  1  1  1  1  1  1 -1  1  1  1  1  1  1  1  1] [10 11 18 19 20 21 26 27 28 29 34 35 36 37 42 44 45 47 53 54 55 61] [11408  6887  9010  4260  8660 10421 10732 12354  6178  9326  9919 10301
  9215 13422  5397  6626  7303 14604  7422 12022  8888  7514] [] 1716263560.3179926872
[ 1  1  1  1  1 -1  1 -1  1  1  1  1  1  1  1  1  1  1 -1  1 -1  1  1] [10 11 18 19 20 21 26 27 28 29 34 35 36 37 42 44 45 47 52 53 54 55 61] [11095  6007  8765  4208  8369 10450 10611 12517  5879  9127  8567 10111
  8758 13400  5155  5576  7154 10723 16045  7275 12112  8093  7373] [] 1716263560.3610355854
[ 1  1  1  1  1  1  1  1  1  1  1 -1  1 -1  1  1  1  1  1  1  1  1  1] [10 11 18 19 20 21 26 27 28 29 34 35 36 37 42 44 45 47 52 53 54 55 61] [10123  5909  8640  4104  8116 10260 10493 12284  5255  8955  8212 10121
  8032 13593  4866  5337  6996 10346 14738  6550 11985  7689  7148] [] 1716263560.4040348530
[ 1  1  1  1  1  1  1 -1  1  1  1  1  1 -1  1  1  1 -1  1  1  1  1  1] [10 11 18 19 20 21 26 27 28 29 34 35 36 37 42 44 45 47 52 53 54 55 61] [ 9897  5291  7243  3996  7970 10085 10440 12308  4713  8858  8055  9907
  7104 13857  4498  5128  6969 10355 13429  6400 11669  7069  6992] [] 1716263560.4469025135
[ 1  1  1  1  1  1 -1  1 -1  1  1  1  1  1  1  1  1  1  1  1  1  1  1  1] [10 11 18 19 20 21 23 26 27 28 29 34 35 36 37 42 44 45 47 52 53 54 55 61] [ 9785  5198  7107  3929  7802 10017 13872 10421 12380  4471  8836  7906
  9698  6642 13625  3940  4798  6704 10010 11203  6253  9218  6231  6819] [] 1716263560.4900548458
[ 1  1  1  1  1 -1  1  1  1  1  1  1  1  1  1  1  1  1  1 -1  1  1 -1  1
  1] [10 11 18 19 20 21 23 26 27 28 29 34 35 36 37 42 44 45 47 50 52 53 54 55
 61] [ 9001  4386  7031  3795  7659 10172 13465 10146  9017  4074  7682  7883
  9461  6422 13114  3907  4692  6619  9865 11111 11057  6215  9234  5781
  6801] [] 1716263560.5330405235
[ 1  1  1  1  1 -1  1  1 -1  1  1 -1 -1  1  1 -1  1  1 -1  1  1  1  1  1
  1  1] [10 11 18 19 20 21 23 26 27 28 29 34 35 36 37 42 44 45 46 47 50 52 53 54
 55 61] [ 8794  4345  6987  3720  7504 10189 13334  9290  9088  3970  7283  7893
  9569  6142 13084  3916  4434  6543 11582  8296 10306 10547  6091  9071
  5334  6738] [] 1716263560.5760841370
[-1  1  1  1  1 -1  1 -1  1  1  1  1  1  1  1  1 -1  1  1  1  1  1  1  1
  1  1  1  1] [ 3 10 11 18 19 20 21 23 26 27 28 29 34 35 36 37 38 42 44 45 46 47 50 52
 53 54 55 61] [13782  8318  4194  5058  3663  7581 10144 13377  8582  7625  3868  7016
  7757  8061  5827 12661 14045  3614  4241  6495 11302  7205 10226 10203
  5945  7652  4904  6527] [] 1716263560.6190171242
[ 1  1  1  1  1  1  1  1  1  1  1  1  1  1  1  1  1 -1  1 -1  1  1  1 -1
  1 -1  1  1  1] [ 3 10 11 18 19 20 21 23 26 27 28 29 34 35 36 37 38 42 44 45 46 47 50 51
 52 53 54 55 61] [ 7333  7890  4059  4802  3573  7440 10044 13100  8299  7448  3663  6921
  7639  8001  5443 12362 10700  3626  4147  6557 11207  7076 10183 12725
 10202  5953  7007  4444  6518] [] 1716263560.6619553566
[ 1  1  1  1  1  1 -1  1  1  1  1  1 -1  1  1 -1  1  1  1  1  1  1  1  1
  1  1  1  1  1] [ 3 10 11 18 19 20 21 23 26 27 28 29 34 35 36 37 38 42 44 45 46 47 50 51
 52 53 54 55 61] [ 7309  7807  3990  4669  3549  7141 10201 12675  8261  7447  3496  6855
  7649  7978  5360 12516 10105  3434  4048  6390 10890  6994  9169 11180
  9603  5630  6764  4060  6421] [] 1716263560.7049033642
[ 1  1  1  1  1  1 -1  1  1  1  1  1  1  1  1  1  1  1  1  1  1  1  1  1
  1  1  1  1  1] [ 3 10 11 18 19 20 21 23 26 27 28 29 34 35 36 37 38 42 44 45 46 47 50 51
 52 53 54 55 61] [ 7179  7511  3967  4635  3493  7082 10209 12565  8175  7344  3322  6768
  6869  7959  5172 12410  9998  3312  3949  6273 10779  6364  8870 11006
  9504  5485  6512  3874  6335] [] 1716263560.7479801178
[ 1  1  1  1  1 -1  1 -1  1  1  1  1  1  1  1  1 -1  1  1 -1  1  1 -1  1
  1  1  1  1  1] [ 3 10 11 18 19 20 21 23 26 27 28 29 34 35 36 37 38 42 44 45 46 47 50 51
 52 53 54 55 61] [ 6734  6388  3922  4405  3394  7108 10066 12630  7988  7256  3214  6705
  6119  7951  4988 12192 10024  3194  3848  6317  9122  6068  8901 10922
  9263  5315  6478  3777  6248] [] 1716263560.7909650803
[ 1  1  1  1  1  1  1  1  1  1  1  1  1  1  1 -1 -1  1  1  1  1  1  1  1
 -1  1  1  1 -1] [ 3 10 11 18 19 20 21 23 26 27 28 29 34 35 36 37 38 42 44 45 46 47 50 51
 52 53 54 55 61] [ 6729  5601  3820  4223  3379  6962 10033 12457  7925  7249  3106  6642
  5061  7826  4803 12326 10077  3003  3775  6045  8390  5868  8721 10563
  9264  4719  6189  3621  6257] [] 1716263560.8339939117
[ 1  1  1  1  1  1  1 -1  1  1  1  1  1  1  1  1  1  1  1  1  1  1 -1  1
  1  1  1  1  1] [ 3 10 11 18 19 20 21 23 26 27 28 29 34 35 36 37 38 42 44 45 46 47 50 51
 52 53 54 55 61] [ 6199  5010  3762  4095  3290  6378  9908 12569  6646  7049  2955  6489
  4814  7709  4550 12056 10010  2780  3590  5950  8130  5210  8805 10557
  9014  4584  5858  3346  6135] [] 1716263560.8769145012
[ 1  1  1  1  1  1  1 -1  1  1  1  1  1  1  1  1  1  1  1  1 -1  1  1  1
  1  1  1  1  1] [ 3 10 11 18 19 20 21 23 26 27 28 29 34 35 36 37 38 42 44 45 46 47 50 51
 52 53 54 55 61] [ 5915  4784  3692  3947  3203  6230  9388 12743  6481  6906  2887  5207
  4814  7709  4460 11810  9972  2731  3524  5059  8186  4713  8776 10489
  8987  4556  5717  3124  6089] [] 1716263560.9199070930
[ 1  1  1  1  1  1 -1  1  1  1  1  1 -1  1 -1  1  1  1 -1  1  1  1  1  1
 -1  1  1  1  1  1 -1 -1] [ 3 10 11 18 19 20 21 23 26 27 28 29 33 34 35 36 37 38 41 42 44 45 46 47
 50 51 52 53 54 55 60 61] [ 5564  4551  3642  3837  3132  6200  9840 12565  6239  6639  2859  4778
 13941  4730  7738  4279 11543  7862 14844  2689  3462  4709  8057  4501
  8852 10477  8922  4478  5297  2992 12869  6163] [] 1716263560.9629614353
[ 1  1  1  1  1  1  1 -1  1  1  1  1  1  1  1  1  1  1  1  1  1  1  1  1
  1  1  1  1  1  1  1  1] [ 3 10 11 18 19 20 21 23 26 27 28 29 33 34 35 36 37 38 41 42 44 45 46 47
 50 51 52 53 54 55 60 61] [ 5228  4388  3343  3738  3072  5519  8268 12897  5898  6538  2772  4551
 13667  4624  7687  4003 11140  6738 14501  2579  3342  4296  7997  4283
  8763 10342  8501  4459  4665  2861 10990  6151] [] 1716263561.0059514046
[ 1  1  1  1  1  1  1  1  1 -1  1  1  1  1  1  1 -1  1  1  1  1  1  1  1
  1 -1  1  1  1  1  1  1] [ 3 10 11 18 19 20 21 23 26 27 28 29 33 34 35 36 37 38 41 42 44 45 46 47
 50 51 52 53 54 55 60 61] [ 5090  4263  3213  3645  3012  5046  7495 12703  5273  6560  2674  4285
 13536  4254  7364  3874 11325  6652 12667  2518  3288  4170  7104  4065
  8597 10363  7849  4399  4441  2756 10928  6052] [] 1716263561.0489130020
[ 1  1  1  1  1  1  1  1  1  1  1  1 -1  1  1  1  1  1  1  1  1  1  1  1
  1  1 -1  1  1  1  1 -1  1] [ 3 10 11 18 19 20 21 23 26 27 28 29 32 33 34 35 36 37 38 41 42 44 45 46
 47 50 51 52 53 54 55 60 61] [ 4899  4155  3030  3563  2958  4968  7190 12604  4901  6448  2615  4228
 11549 13409  4206  7047  3730 11148  6577 12383  2390  3211  3949  6408
  3995  8497 10425  7671  4387  4294  2693 11149  5998] [] 1716263561.0920472145
[ 1  1  1  1  1  1  1 -1  1 -1  1  1  1 -1  1  1  1 -1 -1  1  1  1  1  1
  1  1 -1  1  1  1  1 -1  1] [ 3 10 11 18 19 20 21 23 26 27 28 29 32 33 34 35 36 37 38 41 42 44 45 46
 47 50 51 52 53 54 55 60 61] [ 4827  3871  3015  3307  2945  4830  7136 12676  4589  6467  2599  4083
 10839 13516  4036  6912  3620 11195  6696 10666  2319  3102  3710  5941
  3874  8281 10493  7618  4216  3880  2644 11496  5903] [] 1716263561.1349699497
[ 1  1  1  1  1  1  1 -1  1  1  1  1  1  1 -1 -1  1  1 -1  1  1  1  1  1
  1  1  1  1  1  1  1  1  1] [ 3 10 11 18 19 20 21 23 26 27 28 29 32 33 34 35 36 37 38 41 42 44 45 46
 47 50 51 52 53 54 55 60 61] [ 4643  3699  2903  3091  2902  4172  7109 12918  4511  6369  2500  3966
 10224 13330  4043  6953  3540 11043  6758 10523  2245  3037  3676  5855
  3810  7874 10165  6710  4149  3734  2584  9936  5889] [] 1716263561.1779651642
[-1  1  1  1  1  1  1 -1  1  1  1  1  1  1  1  1  1 -1  1 -1  1  1  1  1
  1  1  1  1  1  1  1  1 -1] [ 3 10 11 18 19 20 21 23 26 27 28 29 32 33 34 35 36 37 38 41 42 44 45 46
 47 50 51 52 53 54 55 60 61] [ 4654  3688  2819  2959  2848  4079  7062 12970  4461  6309  2471  3946
  9378 13226  3941  6910  3483 11248  6295 11356  2174  2834  3472  5762
  3702  7688  9881  5611  3790  3540  2497  9784  5895] [] 1716263561.2209098339
[ 1  1  1  1  1  1 -1 -1 -1  1  1  1  1 -1  1 -1  1  1  1  1  1  1  1  1
  1  1  1  1  1  1  1  1  1  1] [ 3 10 11 18 19 20 21 23 24 26 27 28 29 32 33 34 35 36 37 38 41 42 44 45
 46 47 50 51 52 53 54 55 60 61] [ 4524  3647  2762  2847  2806  3958  7163 13174 12444  4135  6298  2423
  3943  9441 12568  3955  6887  3447 11178  5571 11273  2087  2764  3417
  5728  3569  7394  9805  5429  3718  3538  2406  9656  5823] [] 1716263561.2639412880
[ 1  1  1  1  1  1  1 -1  1  1  1  1 -1  1 -1  1 -1  1 -1  1 -1  1 -1  1
  1  1  1 -1  1  1  1  1  1  1  1 -1] [ 3 10 11 18 19 20 21 23 24 26 27 28 29 32 33 34 35 36 37 38 41 42 43 44
 45 46 47 48 50 51 52 53 54 55 60 61] [ 4457  3463  2647  2715  2751  3696  6545 13687 12385  3930  6245  2397
  3959  9382 12613  3729  6892  3338 11196  5181 11950  2063 15287  2678
  3335  5127  3398 14343  6486  9767  5402  3624  3439  2349  8132  5835] [] 1716263561.3069624901
[ 1  1  1  1  1  1  1 -1 -1  1 -1  1  1 -1 -1  1  1  1  1 -1  1  1  1  1
  1  1  1  1  1  1  1  1  1  1  1 -1] [ 3 10 11 18 19 20 21 23 24 26 27 28 29 32 33 34 35 36 37 38 41 42 43 44
 45 46 47 48 50 51 52 53 54 55 60 61] [ 3595  3385  2583  2579  2726  3380  6022 13695 12435  3785  6298  2348
  3883  9383 12616  3539  6783  3199 10813  5239 11866  2032 15199  2628
  3248  5111  3303 14070  6182  9712  5372  3563  3290  2348  8074  5893] [] 1716263561.3499820232
[ 1  1  1  1  1  1 -1  1  1  1 -1  1  1  1  1  1  1  1  1  1 -1  1  1  1
  1  1  1  1  1  1  1  1 -1  1  1  1] [ 3 10 11 18 19 20 21 23 24 26 27 28 29 32 33 34 35 36 37 38 41 42 43 44
 45 46 47 48 50 51 52 53 54 55 60 61] [ 3417  3346  2519  2543  2687  3367  6023 13645 11772  3755  6335  2332
  3855  9349 12573  3434  6442  3149 10756  5032 12119  2026 14655  2612
  3222  5071  3249 13992  6098  9681  5368  3520  3295  2330  8064  5809] [] 1716263561.3929386139
[-1 -1  1  1  1  1  1  1  1  1  1 -1  1  1 -1  1  1  1  1 -1  1  1 -1 -1
  1  1  1  1 -1  1  1  1  1  1 -1  1  1] [ 1  3 10 11 18 19 20 21 23 24 26 27 28 29 32 33 34 35 36 37 38 41 42 43
 44 45 46 47 48 50 51 52 53 54 55 60 61] [16287  3455  3320  2479  2531  2642  3361  6011 13631 11593  3653  6366
  2327  3845  9479 12522  3429  6379  3074 10839  4878 10512  2039 15179
  2584  3183  5018  3216 14042  5756  9640  5352  3506  3215  2331  7966
  5804] [] 1716263561.4360396862
[ 1  1  1  1  1  1 -1  1  1 -1  1  1  1  1  1  1  1  1  1  1 -1 -1  1  1
  1  1  1  1  1 -1  1  1  1 -1  1 -1 -1] [ 1  3 10 11 18 19 20 21 23 24 26 27 28 29 32 33 34 35 36 37 38 41 42 43
 44 45 46 47 48 50 51 52 53 54 55 60 61] [15752  3411  3309  2431  2514  2628  3373  5973 13599 11596  3619  6356
  2315  3814  9385 10242  3418  6356  3037 10620  4906 10591  2030 14839
  2580  3146  5006  3184 13841  5774  9622  5345  3485  3238  2325  8022
  5806] [] 1716263561.4790561199
[-1 -1  1  1 -1 -1 -1  1  1  1 -1  1  1  1  1  1 -1 -1  1  1  1 -1 -1 -1
  1 -1 -1  1 -1 -1 -1 -1 -1  1  1  1  1] [ 1  3 10 11 18 19 20 21 23 24 26 27 28 29 32 33 34 35 36 37 38 41 42 43
 44 45 46 47 48 50 51 52 53 54 55 60 61] [15963  3423  3295  2417  2543  2637  3417  5961 13583 11576  3647  6305
  2274  3801  9179 10204  3422  6380  3025 10500  4881 10647  2044 15143
  2568  3151  5018  3176 14338  5987  9629  5352  3496  3215  2311  8000
  5796] [] 1716263561.5220763683
[ 1 -1 -1 -1  1  1  1 -1  1 -1  1  1  1  1  1 -1  1 -1  1 -1 -1 -1  1 -1
 -1 -1 -1 -1 -1 -1 -1 -1 -1 -1  1] [ 1  3 10 11 18 19 20 21 23 24 26 27 28 29 32 33 34 35 36 37 38 41 42 44
 45 46 47 50 51 52 53 54 55 60 61] [15846  3766  3306  2419  2499  2635  3397  5965 13549 11648  3597  6258
  2268  3795  8973 12492  3419  6580  3019 10533  4892 12055  2042  2572
  3186  5581  3394  7365  9673  5363  3517  3247  2345  9464  5772] [] 1716263561.5651121140
[ 1 -1 -1 -1 -1 -1  1 -1  1 -1 -1  1 -1  1 -1 -1 -1  1 -1 -1 -1  1 -1 -1
 -1 -1 -1 -1 -1 -1 -1 -1 -1 -1 -1] [ 1  3 10 11 18 19 20 21 23 24 26 27 28 29 32 33 34 35 36 37 38 41 42 44
 45 46 47 50 51 52 53 54 55 60 61] [15768  4213  3337  2456  2547  2650  3366  6033 13483 12248  3731  6251
  2289  3768  9265 12573  3640  6334  3126 10540  4904 11421  2122  2714
  3281  5698  3524  8082  9713  5418  3644  3354  2447  9599  5774] [] 1716263561.6081044674
[-1 -1 -1 -1 -1 -1 -1 -1  1 -1 -1 -1 -1 -1 -1 -1 -1 -1 -1 -1 -1 -1 -1 -1
 -1 -1 -1 -1 -1 -1 -1 -1 -1 -1 -1] [ 1  3 10 11 18 19 20 21 23 24 26 27 28 29 32 33 34 35 36 37 38 41 42 44
 45 46 47 50 51 52 53 54 55 60 61] [16022  4500  3447  2599  2586  2675  3436  6630 13055 12342  3831  6300
  2343  3776  9306 12704  3699  6357  3255 10568  5382 12623  2174  2854
  3381  5738  3679  8277  9948  5528  3722  3534  2516  9730  5806] [] 1716263561.6510167122
[-1  1 -1 -1 -1 -1 -1 -1  1 -1 -1 -1 -1 -1 -1  1 -1 -1 -1 -1 -1 -1 -1 -1
 -1 -1 -1 -1 -1 -1 -1 -1 -1 -1 -1] [ 1  3 10 11 18 19 20 21 23 24 26 27 28 29 32 33 34 35 36 37 38 41 42 44
 45 46 47 50 51 52 53 54 55 60 61] [16111  4496  3471  2604  2678  2715  3473  7038 13029 12817  3997  6315
  2348  3813 10195 12692  3854  6606  3322 10809  6080 13790  2243  2925
  3610  5923  3770  8307 10482  5797  4031  3688  2594 11112  5812] [] 1716263561.6939752102
[-1 -1 -1 -1  1 -1  1  1 -1 -1  1 -1 -1 -1  1 -1 -1 -1  1 -1 -1 -1 -1 -1
 -1 -1 -1  1 -1 -1 -1 -1 -1 -1] [ 3 10 11 18 19 20 21 23 24 26 27 28 29 32 33 34 35 36 37 38 41 42 44 45
 46 47 50 51 52 53 54 55 60 61] [ 4648  3570  2775  2763  2688  3614  7015 13013 13149  4241  6244  2420
  3821 10470 12597  3883  6636  3390 10565  6488 13985  2345  3039  3840
  6895  3848  8358 10358  7240  4080  4148  2746 11160  5881] [] 1716263561.7370898724
[-1 -1 -1 -1 -1 -1 -1  1 -1 -1 -1 -1 -1 -1 -1 -1 -1  1 -1 -1 -1 -1 -1 -1
 -1 -1 -1 -1 -1 -1 -1 -1] [ 3 10 11 18 19 20 21 23 26 27 28 29 33 34 35 36 37 38 41 42 44 45 46 47
 50 51 52 53 54 55 60 61] [ 4683  3699  2955  2975  2785  4067  7047 12908  4395  6307  2470  3829
 12760  4187  6888  3474 10791  6441 14231  2466  3083  4071  7711  3977
  8500 10435  7615  4352  4680  2934 11755  5943] [] 1716263561.7800495625
[-1 -1  1 -1 -1 -1  1  1 -1  1 -1 -1 -1  1 -1 -1  1 -1 -1 -1 -1 -1 -1 -1
  1  1 -1 -1 -1 -1  1] [ 3 10 11 18 19 20 21 23 26 27 28 29 33 34 35 36 37 38 41 42 44 45 46 47
 50 51 52 53 54 55 61] [ 4758  3765  2930  3081  2859  4286  7020 12763  4543  6299  2496  3852
 13634  4046  6898  3539 10593  6601 14596  2532  3206  4170  7767  4193
  8433 10351  8782  4390  4941  3200  5884] [] 1716263561.8230810165
[-1 -1 -1 -1 -1 -1 -1 -1 -1 -1 -1 -1 -1 -1  1 -1  1 -1 -1 -1 -1 -1 -1 -1
 -1 -1 -1 -1 -1 -1] [ 3 10 11 18 19 20 21 23 26 27 28 29 33 34 35 36 37 38 42 44 45 46 47 50
 51 52 53 54 55 61] [ 4817  3907  3087  3130  2924  4346  7092 12790  4791  6358  2586  4047
 15689  4307  6882  3594 10437  6792  2590  3371  4722  7833  4568  8584
 10490  8814  4500  5866  3379  5959] [] 1716263561.8660671711
[-1 -1 -1 -1 -1 -1 -1  1 -1 -1 -1 -1 -1  1 -1 -1 -1 -1 -1 -1 -1 -1 -1 -1
 -1 -1 -1 -1 -1] [ 3 10 11 18 19 20 21 23 26 27 28 29 34 35 36 37 38 42 44 45 46 47 50 51
 52 53 54 55 61] [ 6513  4296  3186  3517  2943  4711  7105 12678  5271  6472  2640  4112
  4588  6660  3775 11206  7398  2795  3527  5679  7981  5210  8821 10518
  8995  4582  5930  3662  6120] [] 1716263561.9090206623
[-1 -1 -1 -1 -1 -1 -1  1 -1  1 -1 -1 -1 -1 -1  1 -1 -1 -1 -1 -1 -1 -1 -1
 -1 -1 -1 -1 -1] [ 3 10 11 18 19 20 21 23 26 27 28 29 34 35 36 37 38 42 44 45 46 47 50 51
 52 53 54 55 61] [ 6893  4625  3509  3612  2974  4984  9693 12555  5565  6428  2727  4191
  4616  6741  4079 11141  9695  3006  3592  5855  8150  5828 10227 10699
  9290  4731  6224  3947  6208] [] 1716263561.9520771503
[-1 -1 -1 -1 -1 -1  1 -1 -1 -1 -1 -1 -1 -1 -1 -1 -1 -1 -1 -1 -1 -1 -1 -1
 -1 -1 -1 -1 -1] [ 3 10 11 18 19 20 21 23 26 27 28 29 34 35 36 37 38 42 44 45 46 47 50 51
 52 53 54 55 61] [ 7325  5561  3529  3730  3063  5364  9660 12686  6707  6496  2816  4294
  4849  6878  4479 11383  9798  3316  3807  6099 10690  6425 10304 10890
  9620  4888  6539  4197  6327] [] 1716263561.9950122833
[-1 -1 -1 -1 -1  1 -1 -1 -1 -1 -1 -1 -1 -1 -1 -1 -1 -1 -1 -1 -1 -1 -1 -1
 -1 -1] [10 11 18 19 20 21 23 26 27 28 29 34 35 36 37 38 42 44 45 46 47 52 53 54
 55 61] [ 5987  3633  3922  3087  6666  9654 12846  7625  6601  2967  5658  5698
  7056  4683 11480 10007  3319  3886  6264 11010  7118 10082  5125  8050
  4870  6343] [] 1716263562.0380787849
[-1 -1 -1 -1 -1  1  1 -1 -1 -1  1 -1  1 -1 -1 -1 -1 -1 -1 -1 -1 -1 -1 -1
 -1 -1] [10 11 18 19 20 21 23 26 27 28 29 34 35 36 37 38 42 44 45 46 47 52 53 54
 55 61] [ 6949  3721  4136  3222  6745  9560 12743  7697  7030  3100  5560  6794
  7001  4825 11728 10075  3477  4055  6287 11377  7407 10613  6034  8827
  5492  6537] [] 1716263562.0810325146
[-1 -1 -1 -1 -1 -1 -1 -1 -1 -1 -1 -1 -1 -1 -1 -1 -1 -1 -1 -1 -1  1 -1 -1
 -1] [10 11 18 19 20 21 23 26 27 28 29 34 35 36 37 38 42 44 45 47 52 53 54 55
 61] [ 7349  3847  4565  3232  6912  9598 12924  7746  8040  3215  5867  7492
  7351  4874 12574 10192  3645  4226  6319 10681 10953  5621  8927  5871
  6559] [] 1716263562.1240601540
[-1 -1 -1 -1  1 -1 -1 -1 -1 -1 -1 -1 -1 -1  1 -1 -1 -1  1 -1 -1 -1 -1 -1] [10 11 18 19 20 21 23 26 27 28 29 34 35 36 37 42 44 45 47 52 53 54 55 61] [ 8017  3967  4623  3310  6879  9622 12979  7848  8183  3377  6301  7546
  7728  5282 11630  4046  4415  6348 10657 13119  5828  9056  6715  6698] [] 1716263562.1670625210
[-1 -1 -1 -1 -1  1 -1 -1 -1 -1 -1 -1  1 -1 -1 -1 -1 -1 -1 -1 -1 -1 -1 -1] [10 11 18 19 20 21 23 26 27 28 29 34 35 36 37 42 44 45 47 52 53 54 55 61] [ 8197  4044  4646  3368  6971  9619 12998  7940  8252  3440  6699  7579
  7250  5502 12152  4380  4684  6527 10962 14715  6644 11361  7248  6935] [] 1716263562.2099182606
[-1 -1 -1 -1 -1 -1  1 -1 -1 -1 -1 -1 -1 -1  1 -1 -1 -1 -1 -1 -1 -1 -1] [10 11 18 19 20 21 23 26 27 28 29 34 35 36 37 42 44 45 47 53 54 55 61] [ 9117  4494  5656  3471  7192  9693 12805  8279  8337  3661  7049  7851
  7395  5948 12088  4717  4941  6638 14539  6702 11417  8072  7014] [] 1716263562.2530071735
[-1 -1 -1 -1 -1  1 -1 -1 -1 -1  1 -1 -1 -1 -1 -1 -1 -1 -1 -1 -1 -1] [10 11 18 19 20 21 23 26 27 28 29 34 35 36 37 42 44 45 53 54 55 61] [ 9545  4578  6672  3536  7268  9606 12990 10006  8445  3877  6960  7900
  7634  6408 13408  5246  5230  6772  6857 11590  8470  7207] [] 1716263562.2960114479
[ 1 -1 -1 -1 -1 -1 -1 -1 -1 -1 -1 -1 -1 -1 -1 -1 -1 -1 -1 -1 -1] [10 11 18 19 20 21 23 26 27 28 29 34 35 36 37 42 44 45 53 54 61] [ 9313  4843  7673  3647  7361  9612 13357 10243  8526  4063  8646  7984
  7933  6775 13718  5713  5914  7036  8346 11703  7306] [] 1716263562.3390209675
[-1 -1 -1 -1 -1 -1 -1  1 -1 -1  1 -1 -1 -1 -1 -1 -1 -1 -1 -1 -1] [10 11 18 19 20 21 23 26 27 28 29 34 35 36 37 42 44 45 53 54 61] [10396  5935  8585  3780  7780  9952 13875 10218  8647  4586  8422  8183
  8095  6964 13907  5894  6314  7108  9324 12000  7348] [] 1716263562.3820281029
[-1 -1 -1 -1 -1  1 -1 -1 -1 -1 -1 -1 -1 -1 -1 -1 -1 -1 -1 -1] [10 11 18 19 20 21 26 27 28 29 34 35 36 37 42 44 45 53 54 61] [11397  5995  8740  3917  8023  9922 10378  8779  5097  8519  8225  8709
  7819 14207  6091  7549  7182  9631 12141  7725] [] 1716263562.4249773026
[-1 -1 -1 -1 -1 -1 -1 -1 -1 -1 -1 -1 -1 -1 -1 -1 -1 -1 -1] [10 11 18 19 20 21 26 27 28 29 34 35 36 42 44 45 53 54 61] [16170  6282  8900  4005  8196 10174 10500 11391  5735 10452  8781 12500
  8539  6302  8290  7199  9645 12149  7937] [] 1716263562.4680225849
[-1 -1 -1  1  1 -1 -1 -1 -1 -1 -1 -1 -1 -1  1 -1  1] [11 18 19 20 21 26 27 28 29 34 35 36 42 44 45 53 54] [ 6485  9149  4147  8158 10163 10583 11420  6783 10518 10079 13161 10351
  6735  8348  7091 10067 12145] [] 1716263562.5109436512
[-1 -1 -1 -1 -1 -1  1 -1 -1 -1  1 -1 -1 -1  1  1 -1] [11 18 19 20 21 26 27 28 29 34 35 36 42 44 45 53 54] [ 7032 10550  4211  8377 10222 10635 11409  8862 10638 12352 13015 12325
  7315  9089  7088 10063 12275] [] 1716263562.5540313721
[-1 -1 -1 -1 -1 -1 -1 -1  1 -1 -1 -1 -1 -1 -1 -1] [11 18 19 20 21 26 27 28 29 35 36 42 44 45 53 54] [ 8835 10641  4357  8720 10355 10825 11467 10539 10635 13261 13572  7553
  9447  7170 10093 14425] [] 1716263562.5969948769
[-1 -1 -1 -1 -1 -1 -1 -1 -1 -1 -1 -1 -1 -1 -1] [11 18 19 20 21 26 27 28 29 35 36 42 44 45 53] [ 8886 10912  4428  8776 10423 10866 11637 10558 10691 14181 13795  7955
  9829  7927 10683] [] 1716263562.6400575638
[-1 -1 -1 -1 -1 -1 -1 -1 -1 -1  1 -1 -1 -1] [11 19 20 21 26 27 28 29 35 36 42 44 45 53] [ 9039  4777 11064 10647 10912 12154 10816 10847 14721 15115  7914 10113
  8068 10779] [] 1716263562.6829247475
[-1 -1 -1 -1 -1  1  1 -1 -1 -1 -1 -1 -1 -1] [11 19 20 21 26 27 28 29 35 36 42 44 45 53] [ 9184  4963 11161 10785 11966 12140 10815 11029 15325 15901  8137 10346
  8237 10986] [] 1716263562.7259550095
[-1 -1 -1 -1 -1 -1 -1 -1 -1 -1 -1  1 -1] [11 19 20 21 27 28 29 35 36 42 44 45 53] [ 9198  5572 11395 10999 12349 10996 11246 15670 16354  9740 12673  8102
 14987] [] 1716263562.7689480782
[-1 -1 -1 -1 -1 -1 -1 -1 -1  1] [11 19 20 21 27 28 29 42 44 45] [ 9316  6282 11784 11105 12600 11000 11332 10018 12833  8098] [] 1716263562.8119809628
[-1 -1 -1 -1 -1 -1 -1 -1 -1 -1] [11 19 20 21 27 28 29 42 44 45] [ 9359  6816 12354 11357 12694 11018 11597 10655 13255  8293] [] 1716263562.8548629284
[-1 -1 -1 -1 -1 -1 -1 -1 -1 -1] [11 19 20 21 27 28 29 42 44 45] [ 9479  6981 12872 11882 12822 11075 11714 11409 13283  8446] [] 1716263562.8979823589
[-1 -1 -1 -1 -1 -1 -1 -1 -1 -1] [11 19 20 21 27 28 29 42 44 45] [ 9543  8001 13444 12285 13019 11198 11828 12053 14421  8653] [] 1716263562.9409542084
[-1 -1 -1 -1 -1 -1 -1 -1] [11 19 20 27 28 29 42 45] [ 9793  8513 14425 13172 11240 11910 12321 10981] [] 1716263562.9840021133
[-1 -1  1 -1  1  1] [11 19 20 27 28 42] [ 9859 10340 14041 13311 11155 12249] [] 1716263563.0269892216
[ 1 -1  1 -1] [11 20 28 42] [ 9715 14324 10946 12291] [] 1716263563.0699269772
[-1 -1 -1 -1] [11 20 28 42] [ 9734 15039 11260 12349] [] 1716263563.1128771305
[-1 -1 -1 -1] [11 20 28 42] [ 9916 15186 11344 12776] [] 1716263563.1560266018
[-1  1 -1 -1] [11 20 28 42] [10324 15125 11584 12853] [] 1716263563.1989741325
[-1 -1  1  1] [11 20 28 42] [11012 15218 11575 12710] [] 1716263563.2419536114
[-1  1] [20 28] [16035 11352] [] 1716263563.2848882675
[1] [28] [10998] [] 1716263563.3278319836
[1] [28] [10991] [] 1716263563.3708798885
[-1] [28] [11010] [] 1716263563.4138109684
[-1] [28] [11114] [] 1716263563.4569571018
[1] [28] [11112] [] 1716263563.5000531673
[-1] [28] [11386] [] 1716263563.5429792404
2 2 2 1716263564.0161228180
