FA TAX ADC PRES TS
[-1] [11] [13361] [] 1716263076.6494188309
[1] [11] [11283] [] 1716263076.6922097206
[1] [11] [10841] [] 1716263076.7354326248
[1] [11] [10591] [] 1716263076.7783441544
[1] [11] [10221] [] 1716263076.8213393688
[1] [11] [10026] [] 1716263076.8642101288
[1] [11] [9689] [] 1716263076.9073770046
[1] [11] [9558] [] 1716263076.9504201412
[-1] [11] [9579] [] 1716263076.9932978153
[1] [11] [9538] [] 1716263077.0361394882
[1] [11] [9343] [] 1716263077.0793850422
[ 1 -1] [11 44] [ 9191 13791] [] 1716263077.1224257946
[-1 -1  1] [11 19 44] [ 9790 10670 13603] [] 1716263077.1653859615
[1 1 1] [11 19 44] [ 9695 10372 13558] [] 1716263077.2081985474
[ 1  1 -1  1] [11 19 28 44] [ 9615 10109 13123 13365] [] 1716263077.2513937950
[-1 -1  1  1] [11 19 28 44] [ 9670 10197 11883 13346] [] 1716263077.2944116592
[1 1 1 1] [11 19 28 44] [ 9602 10099 11793 13087] [] 1716263077.3374409676
[1 1 1 1] [11 19 28 44] [ 9427  9969 11579 12797] [] 1716263077.3802430630
[ 1  1  1 -1 -1] [11 19 28 42 44] [ 9374  9734 11269 13123 13037] [] 1716263077.4234592915
[ 1 -1 -1  1  1] [11 19 28 42 44] [ 9367  9803 11321 12865 12944] [] 1716263077.4663467407
[1 1 1 1 1] [11 19 28 42 44] [ 9273  9796 11246 12815 12864] [] 1716263077.5094296932
[1 1 1 1 1] [11 19 28 42 44] [ 9082  9558 11053 12812 12775] [] 1716263077.5522379875
[-1 -1  1  1 -1 -1] [11 19 28 42 44 45] [ 9149  9599 11007 12373 12966 12691] [] 1716263077.5954403877
[ 1  1 -1  1  1  1] [11 19 28 42 44 45] [ 9069  9544 11027 12109 12901 12157] [] 1716263077.6384575367
[1 1 1 1 1 1] [11 19 28 42 44 45] [ 8917  9416 10993 12091 12823 11936] [] 1716263077.6814422607
[ 1 -1 -1 -1  1 -1  1] [11 19 27 28 42 44 45] [ 8896  9438 12813 11028 11958 12838 11693] [] 1716263077.7241950035
[ 1  1  1 -1  1  1  1] [11 19 27 28 42 44 45] [ 8806  9245 12745 11097 11944 12716 11306] [] 1716263077.7675065994
[-1  1 -1  1  1  1  1  1] [11 19 26 27 28 42 44 45] [ 8912  7768 13736 12671 10943 11728 12645  8421] [] 1716263077.8105072975
[ 1  1  1 -1  1  1  1  1] [11 19 26 27 28 42 44 45] [ 8802  7392 11464 12698 10818 11526 12565  7978] [] 1716263077.8534827232
[1 1 1 1 1 1 1 1] [11 19 26 27 28 42 44 45] [ 8789  7216 11053 12530 10678 11355 12553  7856] [] 1716263077.8963055611
[-1 -1  1  1  1 -1  1  1  1] [10 11 19 26 27 28 42 44 45] [16134  8846  7004 10895 12515 10700  9895 12480  7835] [] 1716263077.9394330978
[-1  1  1  1  1  1  1 -1 -1 -1 -1] [ 3 10 11 19 26 27 28 42 44 45 53] [12414 14574  8820  6855 10739 12421 10627  9973 12589  8351 11562] [] 1716263077.9824602604
[ 1  1 -1  1 -1 -1  1 -1 -1 -1  1 -1  1  1] [ 3 10 11 19 20 21 26 27 28 29 42 44 45 53] [12123 12728  8882  6766 16118 11722 10723 12501 10986 12482  8771 12718
  8296 11249] [] 1716263078.0254757404
[ 1  1 -1 -1  1  1  1  1  1  1  1  1 -1  1  1] [ 3 10 11 18 19 20 21 26 27 28 29 42 44 45 53] [12032 12586  8893 11568  6495 15302 11517 10719 12481 10932 11935  8567
 12837  8238  9636] [] 1716263078.0682551861
[-1  1 -1  1  1  1  1  1  1  1  1 -1  1  1 -1  1] [ 3 10 11 18 19 20 21 26 27 28 29 34 42 44 45 53] [12128  9496  8923 11082  5909 14400 11295 10687 12480 10922 11650 12263
  8095 12787  8252  8361] [] 1716263078.1114792824
[ 1  1 -1  1  1  1  1 -1 -1 -1  1  1  1  1  1  1] [ 3 10 11 18 19 20 21 26 27 28 29 34 42 44 45 53] [ 7906  9135  8925 10944  5738 14180 11154 10694 12504 11007 11543  9815
  7377 12358  7298  7356] [] 1716263078.1544713974
[ 1  1  1  1  1  1  1  1 -1 -1  1  1  1 -1  1  1] [ 3 10 11 18 19 20 21 26 27 28 29 34 42 44 45 53] [ 7057  8329  8879 10768  5479 13954 11025  9253 12644 11080 11415  9183
  7271 12416  7283  7249] [] 1716263078.1974794865
[ 1  1  1  1  1  1  1  1 -1 -1  1  1 -1  1  1  1  1] [ 3 10 11 18 19 20 21 26 27 28 29 34 35 42 44 45 53] [ 6805  8202  8831  8997  5267 13777 10873  8951 12702 11189 11236  9126
 14616  6819 10084  6910  6819] [] 1716263078.2403001785
[ 1  1  1  1  1  1  1  1  1 -1  1  1  1  1  1  1 -1] [ 3 10 11 18 19 20 21 26 27 28 29 34 35 42 44 45 53] [ 6170  8099  8790  8863  5014 13770 10709  8683 12381 11193 11018  8937
 14273  6244  8881  6886  6841] [] 1716263078.2834644318
[ 1  1  1  1  1  1  1 -1  1  1  1  1  1  1  1  1  1] [ 3 10 11 18 19 20 21 26 27 28 29 34 35 42 44 45 53] [ 5953  7797  8781  8741  4877 13432 10614  8702 11528 11076 10887  8072
 14187  6002  8719  6680  6756] [] 1716263078.3264889717
[ 1  1  1  1  1  1  1  1  1  1  1  1 -1  1  1 -1  1 -1] [ 3 10 11 18 19 20 21 26 27 28 29 34 35 42 44 45 53 61] [ 5458  7629  8042  7436  4634 13020 10461  8481 11153 10976 10666  7957
 14261  5864  7680  6711  6378 10675] [] 1716263078.3694760799
[ 1  1  1  1  1  1 -1  1  1  1  1  1  1  1  1 -1 -1 -1  1] [ 3 10 11 18 19 20 21 26 27 28 29 34 35 42 44 45 53 54 61] [ 5446  6991  5711  6570  4502 12594 10462  8399 10935 10825 10448  7922
 13936  5469  6968  6874  6426 12939  8182] [] 1716263078.4123351574
[ 1  1  1  1  1  1  1  1 -1 -1 -1 -1  1  1  1  1  1  1  1] [ 3 10 11 18 19 20 21 26 27 28 29 34 35 42 44 45 53 54 61] [ 5311  6789  4911  6053  4371 12007 10445  8265 10983 10939 10472  7953
 11847  5082  5867  6590  6002 12527  7370] [] 1716263078.4554824829
[ 1  1  1  1  1  1  1 -1  1 -1  1 -1  1  1  1  1  1 -1  1  1  1] [ 3 10 11 18 19 20 21 23 26 27 28 29 34 35 42 44 45 47 53 54 61] [ 5154  6524  4655  5290  4266 11839 10269 15981  8163 11030 10767 10493
  7643 10400  4836  4966  6326 14077  5537  9543  7201] [] 1716263078.4986677170
[ 1  1  1  1  1  1  1  1  1  1  1  1  1  1 -1  1  1  1  1  1  1 -1] [ 3 10 11 18 19 20 21 23 26 27 28 29 34 35 37 42 44 45 47 53 54 61] [ 5020  6198  4250  4746  4153 11560 10122 14410  7050 10902  8523 10357
  7427 10110 16338  4783  4900  6300 13782  5504  8415  7234] [] 1716263078.5416817665
[-1  1  1  1  1  1  1  1  1  1  1  1  1  1 -1  1  1  1  1  1 -1  1 -1 -1] [ 3 10 11 18 19 20 21 23 26 27 28 29 34 35 36 37 42 44 45 47 53 54 55 61] [ 5021  5907  4162  4713  4109 11416 10106 14224  7046 10698  8325  8933
  7394  9997 15408 13949  4423  4804  6276 12253  5639  8121 11940  7312] [] 1716263078.5843453407
[ 1  1  1  1  1  1  1 -1  1  1  1  1 -1 -1  1  1  1  1  1  1  1  1  1  1
  1] [ 3 10 11 18 19 20 21 23 26 27 28 29 32 34 35 36 37 42 44 45 47 53 54 55
 61] [ 4940  5691  4085  4515  4049 11085 10094 14301  5965 10674  7388  7513
 11831  7405  8544 14511 13759  4293  4627  6264  9749  5429  8080 10955
  7288] [] 1716263078.6276516914
[ 1  1  1  1  1  1  1  1  1  1  1  1  1  1  1  1 -1  1  1  1  1  1  1  1
  1] [ 3 10 11 18 19 20 21 23 26 27 28 29 32 34 35 36 37 42 44 45 47 53 54 55
 61] [ 4872  5101  3702  4314  3940 10845 10039 13722  5649 10584  7082  7111
 11090  5762  8049 13098 13785  4104  4574  6165  9651  5170  8013 10213
  7164] [] 1716263078.6705424786
[ 1  1  1  1  1 -1  1 -1  1  1  1  1  1  1  1  1  1  1  1  1  1 -1  1  1
  1  1] [ 3 10 11 18 19 20 21 23 26 27 28 29 32 34 35 36 37 42 44 45 47 51 53 54
 55 61] [ 4843  5025  3355  4179  3866 10895  9839 14125  5261 10376  6122  6910
 10905  5066  7946 10546 13545  3958  4362  6008  9081 12128  4829  7886
  7151  6970] [] 1716263078.7135303020
[ 1  1  1  1  1  1 -1 -1  1 -1  1  1  1  1  1  1 -1  1  1 -1 -1  1  1  1
  1  1  1] [ 3 10 11 18 19 20 21 23 26 27 28 29 32 34 35 36 37 42 44 45 46 47 51 53
 54 55 61] [ 4814  4897  3275  3945  3828 10856  9938 14548  4698 10402  5241  6028
 10781  4788  7673  9132 13713  3894  4335  6068 12564  9037 11691  4602
  7850  6736  6932] [] 1716263078.7563848495
[ 1  1  1  1  1  1  1  1  1  1  1  1  1  1  1  1  1  1  1 -1  1  1 -1  1
 -1  1  1  1 -1] [ 3 10 11 18 19 20 21 23 26 27 28 29 32 34 35 36 37 42 44 45 46 47 50 51
 52 53 54 55 61] [ 4780  4752  3136  3854  3790 10739  9829 14348  4508 10270  4917  4984
 10421  4749  7265  8154 13012  3763  4247  6093  9657  8810 10273 11305
 10420  4580  6881  6471  7049] [] 1716263078.7995817661
[ 1 -1  1  1  1  1 -1  1  1  1  1  1 -1  1 -1  1  1  1  1 -1  1  1  1  1
  1  1  1  1  1] [ 3 10 11 18 19 20 21 23 26 27 28 29 32 34 35 36 37 42 44 45 46 47 50 51
 52 53 54 55 61] [ 4774  4761  2974  3737  3763 10490  9949 14082  4260 10238  4581  4736
 10452  4351  7381  7450 12640  3514  4102  6108  9278  7806 10205 10466
  9290  4429  6765  5995  6913] [] 1716263078.8424940109
[ 1  1  1  1  1  1  1  1  1  1  1 -1  1 -1  1  1  1  1  1  1  1 -1  1  1
  1  1  1  1  1] [ 3 10 11 18 19 20 21 23 26 27 28 29 32 34 35 36 37 42 44 45 46 47 50 51
 52 53 54 55 61] [ 4713  4497  2858  3645  3740  9465  9942 13527  4099  8554  4296  4951
 10265  4435  7242  6627 12212  3391  4024  5982  8935  7879 10204 10267
  8765  4391  6745  5982  6851] [] 1716263078.8855531216
[-1  1  1  1 -1  1  1  1  1  1  1  1 -1 -1  1  1  1  1  1  1  1  1  1 -1
  1  1  1  1  1] [ 3 10 11 18 19 20 21 23 26 27 28 29 32 34 35 36 37 42 44 45 46 47 50 51
 52 53 54 55 61] [ 4751  4121  2818  3599  3770  8289  9910 13311  4002  8336  4277  4789
 10311  4479  6867  6501 12091  3220  3790  5952  8529  7353 10158 10336
  8061  4232  6692  5681  6707] [] 1716263078.9284162521
[ 1  1  1  1  1  1 -1  1  1  1  1  1 -1  1  1  1 -1  1  1  1  1  1  1  1
  1  1  1  1  1] [ 3 10 11 18 19 20 21 23 26 27 28 29 32 34 35 36 37 42 44 45 46 47 50 51
 52 53 54 55 61] [ 4399  3959  2690  3491  3672  6648  9973 12963  3815  7001  3967  4418
 10338  4324  6798  5788 12220  3134  3694  5808  8242  7147 10101  8195
  7525  4134  6640  5297  6636] [] 1716263078.9715952873
[ 1  1  1  1  1  1  1 -1  1  1  1  1 -1  1  1  1  1  1  1  1  1  1  1  1
  1  1  1  1  1] [ 3 10 11 18 19 20 21 23 26 27 28 29 32 34 35 36 37 42 44 45 46 47 50 51
 52 53 54 55 61] [ 4342  3842  2616  3449  3512  6411  9868 12984  3701  6674  3805  4323
 10394  4195  6793  5705 12119  3026  3655  5421  8142  6553 10045  7338
  7381  4017  6611  5162  6571] [] 1716263079.0145373344
[ 1  1  1  1  1  1 -1 -1  1  1  1  1  1 -1  1  1 -1  1  1  1  1  1  1  1
  1  1  1  1  1] [ 3 10 11 18 19 20 21 23 26 27 28 29 32 34 35 36 37 42 44 45 46 47 50 51
 52 53 54 55 61] [ 4167  3780  2590  3411  3465  6125  9873 13002  3646  6628  3652  4282
 10295  4223  6765  5362 12344  2892  3463  4804  8081  6331  9984  7119
  7065  3785  6527  4807  6534] [] 1716263079.0575439930
[ 1  1  1  1  1  1  1  1  1  1  1  1 -1  1  1  1 -1 -1  1  1  1  1  1  1
  1  1  1  1  1  1] [ 3 10 11 18 19 20 21 23 26 27 28 29 32 34 35 36 37 38 42 44 45 46 47 50
 51 52 53 54 55 61] [ 3775  3681  2571  3307  3369  5950  9768 12988  3567  6566  3430  4149
 10303  4034  6555  4927 12441 14429  2778  3326  4299  7943  5776  9957
  6995  6807  3658  6300  4515  6375] [] 1716263079.1003952026
[ 1  1  1  1  1  1 -1 -1  1  1  1  1  1  1  1  1  1 -1 -1  1  1  1  1  1
  1 -1  1  1  1  1  1] [ 3 10 11 18 19 20 21 23 26 27 28 29 32 34 35 36 37 38 41 42 44 45 46 47
 50 51 52 53 54 55 61] [ 3501  3582  2525  3117  3342  5647  9828 13060  3409  6469  3331  4138
  9847  3718  6465  4732 11882 14430 14647  2765  3246  4128  6783  5221
  9855  7009  6752  3611  6055  4318  6206] [] 1716263079.1435286999
[-1  1  1  1 -1 -1  1  1 -1 -1  1  1  1  1  1  1 -1  1  1  1  1  1 -1  1
  1  1  1 -1  1 -1  1  1 -1  1] [ 1  3 10 11 15 18 19 20 21 23 26 27 28 29 32 34 35 36 37 38 41 42 43 44
 45 46 47 50 51 52 53 54 55 61] [16227  3279  3498  2495 15007  3125  3329  5484  9836 13152  3377  6313
  3198  3777  9823  3685  6569  4542 10538  9478 14629  2689 12759  3206
  4109  6143  4900 10191  6925  7328  3492  6054  4410  6153] [] 1716263079.1865401268
[ 1  1 -1  1 -1  1  1  1 -1 -1  1 -1  1  1  1  1 -1  1  1  1  1  1  1  1
  1  1  1  1  1  1  1  1  1  1] [ 1  3 10 11 15 18 19 20 21 23 26 27 28 29 32 34 35 36 37 38 41 42 43 44
 45 46 47 50 51 52 53 54 55 61] [16117  3131  3756  2441 16015  3021  3260  5277  9929 13233  3177  6681
  3147  3752  8690  3567  7221  4529  9428  8875 14483  2528 11892  3114
  3828  6041  4594 10151  6103  7280  3198  5926  4298  6111] [] 1716263079.2295725346
[ 1  1  1  1  1  1  1  1 -1  1  1  1  1  1 -1  1  1  1 -1  1  1  1  1  1
  1  1  1 -1 -1  1 -1  1  1  1] [ 1  3 10 11 15 18 19 20 21 23 26 27 28 29 32 34 35 36 37 38 41 42 43 44
 45 46 47 50 51 52 53 54 55 61] [15935  3111  3728  2393 15795  2985  3187  5211  9936 13207  3102  6509
  3028  3727  9650  3495  7166  3874 10004  7536 14387  2507 11811  3052
  3737  5995  4347 10159  6722  6858  3213  5837  4290  6069] [] 1716263079.2723972797
[-1  1  1  1 -1  1 -1 -1  1 -1  1  1 -1  1  1  1  1  1 -1  1  1 -1  1 -1
 -1  1  1  1  1  1  1  1  1  1 -1  1] [ 1  3 10 11 12 15 18 19 20 21 23 26 27 28 29 32 34 35 36 37 38 41 42 43
 44 45 46 47 50 51 52 53 54 55 60 61] [15979  2923  3680  2334 16039 15535  2991  3189  4711 10034 13188  2973
  6510  2964  3687  8904  3383  7139  3898  9982  7229 14417  2374 12211
  3088  3533  5950  3996 10047  5832  6164  3129  5814  3940 13600  6057] [] 1716263079.3155481815
[ 1  1  1  1  1  1  1  1  1 -1  1 -1  1  1  1  1  1  1 -1 -1  1  1  1  1
  1  1  1  1  1  1 -1  1  1  1  1] [ 3 10 11 12 15 18 19 20 21 23 26 27 28 29 32 34 35 36 37 38 41 42 43 44
 45 46 47 50 51 52 53 54 55 60 61] [ 2646  3512  2265 15499 14989  2957  3128  4349  9850 13687  2887  6536
  2929  3646  8676  3231  6992  3752 10073  7640 14307  2341 12087  3056
  3474  5913  3884 10023  5121  6108  3141  5720  3922 12848  6053] [] 1716263079.3585515022
[ 1  1  1  1  1  1  1  1 -1  1  1  1  1  1  1 -1  1  1  1  1  1  1  1  1
  1  1  1  1  1  1  1  1  1  1  1] [ 3 10 11 12 15 18 19 20 21 23 26 27 28 29 32 34 35 36 37 38 41 42 43 44
 45 46 47 50 51 52 53 54 55 60 61] [ 2525  3401  2227 15127 14727  2899  3115  4235  9882 13575  2851  6504
  2888  3595  8584  3254  6868  3709 10000  6722 14033  2223 11793  2880
  3357  5834  3657  9995  5054  5632  3007  5396  3724 12288  5972] [] 1716263079.4015464783
[ 1  1  1  1  1  1  1  1  1  1  1  1  1  1  1  1  1  1  1  1  1  1 -1  1
  1  1  1  1  1 -1  1  1  1  1 -1] [ 3 10 11 12 15 18 19 20 21 23 26 27 28 29 32 34 35 36 37 38 41 42 43 44
 45 46 47 50 51 52 53 54 55 60 61] [ 2431  3264  2194 14687 14687  2823  3046  4097  8371 13205  2765  6422
  2799  3556  8372  3143  6530  3465  9697  6479 13925  2196 11802  2822
  3295  5430  3528  9919  5017  5784  2860  4722  3656  8636  6003] [] 1716263079.4444031715
[ 1 -1  1  1 -1  1  1  1  1 -1  1  1  1  1  1 -1  1  1  1  1  1  1  1 -1
 -1  1  1  1 -1 -1  1  1  1  1  1  1] [ 3 10 11 12 15 18 19 20 21 23 26 27 28 29 32 33 34 35 36 37 38 41 42 43
 44 45 46 47 50 51 52 53 54 55 60 61] [ 2351  3288  2125 14359 14763  2779  3028  3754  8341 13325  2699  6368
  2649  3434  8349 14008  3029  6304  3271  9356  6432 13897  2172 12183
  2856  3183  5362  3450  9935  5052  5520  2783  4719  3504  7238  5928] [] 1716263079.4874274731
[-1  1  1  1  1  1 -1  1  1 -1 -1 -1  1 -1  1  1  1  1  1  1  1  1  1 -1
  1  1  1  1  1  1  1  1  1  1  1  1  1 -1] [ 1  3 10 11 12 15 18 19 20 21 23 24 26 27 28 29 32 33 34 35 36 37 38 41
 42 43 44 45 46 47 50 51 52 53 54 55 60 61] [16319  2324  3220  2099 14235 14743  2803  2970  3640  8378 13674 12009
  2631  6389  2589  3423  8217 13058  2882  6153  3047  9029  6268 13915
  2094 12141  2840  3061  5328  3331  9910  4781  5176  2750  4523  3408
  6632  5967] [] 1716263079.5307548046
[ 1  1  1  1  1  1  1  1  1  1 -1 -1  1  1 -1  1 -1  1  1  1  1 -1  1  1
  1 -1  1  1  1  1  1  1 -1 -1  1 -1  1  1] [ 1  3 10 11 12 15 18 19 20 21 23 24 26 27 28 29 32 33 34 35 36 37 38 41
 42 43 44 45 46 47 50 51 52 53 54 55 60 61] [14863  2319  3190  2086 14043 14575  2666  2939  3570  8287 13695 12063
  2629  6376  2599  3401  8254 12817  2820  6044  2991  9381  6217 13823
  2073 12143  2792  2973  5287  3300  9855  4671  5206  2759  4505  3456
  6530  5959] [] 1716263079.5735449791
[-1  1  1  1  1 -1  1  1  1 -1 -1  1 -1 -1  1  1  1  1  1 -1 -1 -1 -1 -1
 -1  1  1  1  1  1  1 -1  1  1  1  1  1 -1] [ 1  3 10 11 12 15 18 19 20 21 23 24 26 27 28 29 32 33 34 35 36 37 38 41
 42 43 44 45 46 47 50 51 52 53 54 55 60 61] [14944  2279  3156  2077 13903 14615  2643  2937  3563  8338 13717 11776
  2675  6389  2547  3387  7345 12789  2813  6108  2999  9444  6224 13895
  2074 12019  2756  2954  5246  3263  9759  4788  5044  2741  4363  3408
  6519  5967] [] 1716263079.6164529324
[ 1  1 -1  1  1  1 -1  1 -1  1  1 -1  1  1  1  1 -1  1 -1 -1  1  1  1  1
 -1  1 -1 -1  1  1  1  1 -1  1  1  1  1 -1] [ 1  3 10 11 12 15 18 19 20 21 23 24 26 27 28 29 32 33 34 35 36 37 38 41
 42 43 44 45 46 47 50 51 52 53 54 55 60 61] [14431  2275  3168  2077 13823 14477  2661  2922  3580  8330 13647 12147
  2611  6356  2526  3355  7559 12741  2852  6132  2998  8869  6216 13751
  2078 10599  2776  2959  5228  3252  9737  4786  5080  2727  4311  3364
  6450  5997] [] 1716263079.6595473289
[-1  1 -1  1  1  1 -1 -1  1  1 -1 -1  1  1 -1  1 -1 -1 -1  1 -1 -1  1  1
 -1  1 -1  1 -1  1  1  1  1  1  1 -1  1 -1  1] [ 1  3  9 10 11 12 15 18 19 20 21 23 24 26 27 28 29 32 33 34 35 36 37 38
 41 42 43 44 45 46 47 50 51 52 53 54 55 60 61] [14639  2264 16223  3160  2072 13807 14647  2663  2921  3547  8393 13663
 12119  2603  6364  2524  3391  7613 12840  2848  6218  2999  8777  6214
 13759  2064 12111  2756  3007  5217  3248  9703  4780  5022  2718  4351
  3336  6474  5911] [] 1716263079.7026038170
[ 1 -1  1  1  1  1  1  1  1 -1  1  1  1 -1  1 -1  1 -1  1  1  1  1  1 -1
  1 -1  1 -1 -1 -1 -1 -1  1 -1 -1 -1 -1 -1  1] [ 1  3  9 10 11 12 15 18 19 20 21 23 24 26 27 28 29 32 33 34 35 36 37 38
 41 42 43 44 45 46 47 50 51 52 53 54 55 60 61] [13531  2303 16127  3148  2063 13791 14501  2629  2912  3555  8300 13639
 12095  2621  6338  2545  3337  7782 12745  2832  6157  2983  8680  6236
 13639  2100 12047  2802  3075  5310  3380  9916  4708  5300  2775  4537
  3472  8507  5867] [] 1716263079.7456419468
[-1  1  1  1 -1  1 -1 -1  1 -1  1  1 -1  1 -1 -1  1 -1 -1  1 -1 -1 -1 -1
 -1 -1 -1 -1 -1 -1  1 -1 -1 -1 -1 -1 -1  1] [ 1  3 10 11 12 15 18 19 20 21 23 24 26 27 28 29 32 33 34 35 36 37 38 41
 42 43 44 45 46 47 50 51 52 53 54 55 60 61] [14774  2254  3124  2041 13887 14479  2647  2918  3529  8332 13577 11858
  2639  6332  2552  3361  7701 12821  2880  6132  3091  8697  6255 13891
  2136 12127  2844  3159  5759  3596  9867  5014  5440  2831  5323  3600
 11902  5859] [] 1716263079.7884285450
[-1 -1 -1 -1  1  1 -1 -1 -1  1  1 -1 -1 -1 -1 -1 -1 -1  1 -1 -1 -1 -1 -1
  1 -1 -1  1 -1 -1 -1 -1 -1 -1 -1 -1 -1] [ 1  3 10 11 12 15 18 19 20 21 23 26 27 28 29 32 33 34 35 36 37 38 41 42
 43 44 45 46 47 50 51 52 53 54 55 60 61] [16056  2291  3136  2091 13883 14347  2681  2942  3808  8284 13511  2686
  6386  2671  3474  7866 13054  2906  6084  3191  8821  6383 14261  2180
 12101  2868  3224  5718  3660  9876  5204  5472  2846  5587  3760 13104
  5894] [] 1716263079.8315875530
[-1 -1 -1  1 -1 -1 -1 -1 -1 -1 -1 -1  1  1 -1  1 -1 -1 -1 -1  1 -1 -1 -1
  1 -1 -1 -1 -1 -1 -1 -1 -1 -1 -1 -1] [ 1  3 10 11 12 15 18 19 20 21 23 26 27 28 29 32 33 34 35 36 37 38 41 42
 43 44 45 46 47 50 51 52 53 54 55 61] [16280  2335  3144  2077 14063 14535  2727  2954  3828  8329 13631  2751
  6345  2647  3495  7826 13601  2991  6388  3320  8743  6849 14486  2275
 11783  2891  3405  5868  3901  9901  6710  5938  2985  5663  4005  5915] [] 1716263079.8745818138
[ 1 -1 -1 -1 -1 -1  1 -1 -1  1  1 -1 -1 -1 -1  1 -1 -1 -1 -1 -1  1 -1 -1
 -1 -1 -1 -1 -1 -1 -1 -1 -1 -1 -1] [ 1  3 10 11 12 15 18 19 20 21 23 26 27 28 29 32 34 35 36 37 38 41 42 43
 44 45 46 47 50 51 52 53 54 55 61] [16115  2432  3216  2155 14135 14791  2697  3023  3952  8239 13135  2780
  6382  2763  3528  7795  3223  6574  3519  8878  6924 14373  2350 11878
  2944  3441  5875  4189  9903  6747  6841  3182  5723  4193  5938] [] 1716263079.9175577164
[-1 -1 -1 -1 -1 -1 -1 -1 -1 -1 -1 -1 -1 -1 -1  1 -1 -1 -1 -1 -1 -1 -1 -1
 -1 -1 -1 -1 -1 -1 -1 -1 -1 -1 -1] [ 1  3 10 11 12 15 18 19 20 21 23 26 27 28 29 32 34 35 36 37 38 41 42 43
 44 45 46 47 50 51 52 53 54 55 61] [16209  2595  3289  2175 14797 14887  2851  3027  4169  9644 13366  2923
  6410  2832  3595  7421  3455  7026  3712  9968  8578 14655  2543 12265
  3160  3903  6903  4951 10196  6952  7156  3315  5943  4738  6097] [] 1716263079.9604060650
[-1 -1 -1 -1 -1 -1 -1 -1 -1  1 -1 -1 -1 -1 -1 -1 -1 -1 -1 -1 -1 -1  1 -1
 -1 -1 -1  1 -1 -1 -1 -1 -1] [ 1  3 10 11 12 15 18 19 20 21 23 26 27 28 29 32 34 35 36 37 38 42 44 45
 46 47 50 51 52 53 54 55 61] [16290  3014  3552  2246 15055 15115  2923  3096  4263  9625 13607  2999
  6464  2904  3655  7663  3530  7060  4252 10006  9938  2562  3082  4177
  7996  5527 10205  6883  7364  3408  6002  5000  6186] [] 1716263080.0035629272
[ 1 -1 -1 -1 -1 -1 -1 -1 -1  1  1 -1  1 -1 -1  1 -1  1 -1 -1 -1 -1 -1 -1
 -1 -1 -1 -1 -1 -1 -1 -1 -1] [ 1  3 10 11 12 15 18 19 20 21 23 26 27 28 29 32 34 35 36 37 38 42 44 45
 46 47 50 51 52 53 54 55 61] [16222  3373  3592  2325 15819 15295  2964  3131  4680  9604 13068  3086
  6464  2938  3742  7605  3593  6980  4444 10148 10095  2656  3204  4362
  8036  6414 10333  7097  7615  3608  6158  5352  6348] [] 1716263080.0465643406
[ 1 -1 -1 -1 -1 -1 -1 -1 -1 -1 -1 -1 -1 -1 -1 -1 -1 -1 -1 -1 -1 -1 -1 -1
  1 -1 -1 -1 -1 -1 -1 -1 -1] [ 1  3 10 11 12 15 18 19 20 21 23 26 27 28 29 32 34 35 36 37 38 42 44 45
 46 47 50 51 52 53 54 55 61] [15671  3547  3616  2383 16219 15919  3001  3168  4825  9760 13193  3169
  6542  3050  4113  9483  3871  7053  4797 10230 13845  2835  3368  4488
  8031  6857 10567  8159  7984  3781  6370  5632  6493] [] 1716263080.0895361900
[ 1 -1 -1 -1 -1 -1 -1  1  1 -1 -1 -1 -1 -1 -1 -1 -1 -1  1 -1 -1 -1 -1 -1
  1 -1 -1 -1 -1] [ 1  3 10 11 18 19 20 21 23 26 27 28 29 32 34 35 36 37 42 44 45 46 47 51
 52 53 54 55 61] [15223  3668  3680  2419  3103  3217  5302  9670 13060  3335  6556  3135
  4142 10359  3959  7089  5118 10488  2817  3557  4980  8141  7333  8202
  7395  3923  7534  5862  6550] [] 1716263080.1323819160
[ 1 -1  1 -1 -1 -1 -1  1  1 -1  1 -1 -1  1 -1  1 -1 -1 -1 -1 -1 -1 -1 -1
 -1 -1 -1 -1 -1] [ 1  3 10 11 18 19 20 21 23 26 27 28 29 32 34 35 36 37 42 44 45 46 47 51
 52 53 54 55 61] [14702  3751  3470  2493  3167  3287  5396  9606 12941  3506  6418  3246
  4162 10179  3998  6236  5503 12796  2981  3843  5612  8366  7933  8443
  8225  4229  7788  6805  6691] [] 1716263080.1755144596
[-1 -1 -1 -1 -1 -1  1 -1  1 -1 -1 -1 -1  1 -1 -1 -1  1 -1 -1 -1 -1 -1 -1
 -1 -1 -1 -1 -1] [ 1  3 10 11 18 19 20 21 23 26 27 28 29 32 34 35 36 37 42 44 45 46 47 51
 52 53 54 55 61] [15770  4571  3619  2667  3279  3332  5378  9635 12927  3605  6500  3396
  4266 10152  4273  6303  6134 12476  3194  3988  5798  8686  9001 11019
  9271  4538  8027  7246  6938] [] 1716263080.2185173035
[-1 -1 -1 -1 -1 -1 -1  1 -1 -1 -1 -1 -1 -1 -1 -1 -1 -1 -1  1  1 -1 -1  1
  1 -1  1] [ 1  3 10 11 18 19 20 21 23 26 27 28 29 32 34 35 36 37 42 44 45 47 51 53
 54 55 61] [15979  4661  3804  2862  3443  3482  5664  9527 12934  3727  6596  3643
  4362 10244  5530  6475  7470 12481  3216  3907  5771 10234 15099  4481
  8005  7938  6851] [] 1716263080.2615036964
[-1 -1 -1 -1 -1 -1 -1  1 -1 -1 -1 -1 -1 -1 -1  1 -1 -1 -1 -1 -1 -1 -1 -1
 -1  1] [ 1  3 10 11 18 19 20 21 23 26 27 28 29 32 34 35 36 37 42 44 45 47 53 54
 55 61] [16288  4745  4262  3103  3535  3517  5779  9485 13073  3895  6698  4038
  4455 10629  6749  6301  9364 12500  3280  4045  5858 14350  4673 12057
  9887  6812] [] 1716263080.3043584824
[ 1  1 -1 -1 -1 -1 -1 -1  1 -1 -1 -1 -1 -1 -1 -1  1 -1 -1 -1 -1  1 -1 -1] [ 1  3 10 11 18 19 20 21 23 26 27 28 29 34 35 36 37 42 44 45 53 54 55 61] [15918  4735  4893  3490  3963  3557  6660  9525 12698  4164  8214  4663
  5193  7063  6415 10859 12466  3385  4274  6006  5061 12029 10657  7028] [] 1716263080.3474688530
[-1 -1 -1 -1 -1 -1  1  1 -1 -1 -1 -1 -1 -1 -1  1 -1 -1 -1 -1  1  1] [ 3 10 11 18 19 20 21 23 26 27 28 29 34 35 36 37 42 44 45 53 54 61] [ 4783  4909  3693  4315  3647  6781  9463 12619  4729  9850  5311  5756
  7065  6922 12044 12440  3568  4638  6089  5170 11969  6992] [] 1716263080.3904490471
[ 1 -1 -1 -1 -1 -1 -1  1 -1 -1 -1 -1 -1 -1  1  1 -1 -1 -1 -1 -1 -1] [ 3 10 11 18 19 20 21 23 26 27 28 29 34 35 36 37 42 44 45 53 54 61] [ 4776  4981  3915  4427  3710  9622  9588 12595  5260  9917  6586  6155
  7187  7731 11527 12428  3727  4945  6165  5514 12007  7149] [] 1716263080.4334843159
[-1 -1 -1 -1 -1 -1 -1  1 -1 -1 -1 -1  1 -1 -1 -1 -1 -1 -1 -1 -1 -1] [ 3 10 11 18 19 20 21 23 26 27 28 29 34 35 36 37 42 44 45 53 54 61] [ 4799  5086  3935  4620  3728  9883  9707 12583  5565 10003  7640  6211
  7175  8566 12299 12731  3978  5697  6517  6022 12135  7352] [] 1716263080.4762837887
[-1 -1 -1 -1 -1 -1  1 -1 -1 -1 -1 -1 -1 -1 -1 -1 -1 -1 -1 -1 -1] [ 3 10 11 18 19 20 21 23 26 27 28 29 34 35 36 37 42 44 45 53 61] [ 4837  5403  4004  5391  3799  9989  9688 12913  6707 10061  8045  6401
  7275  8666 12450 12963  4367  7391  6646  6237  7425] [] 1716263080.5195968151
[-1 -1 -1 -1 -1 -1 -1  1 -1 -1 -1 -1 -1 -1 -1 -1 -1 -1  1 -1] [ 3 10 11 18 19 20 21 23 26 27 28 29 34 35 36 37 42 44 45 53] [ 5025  5801  4570  5582  3842 10218  9867 12889  7855 10099 10292  8165
  7539  8953 12623 13567  4512  8056  6409  6280] [] 1716263080.5624954700
[-1 -1 -1 -1 -1 -1 -1 -1 -1 -1 -1 -1 -1 -1 -1 -1 -1 -1 -1] [ 3 10 11 18 19 20 21 23 26 27 28 29 34 35 36 42 44 45 53] [ 5280  6030  5294  5840  4007 10530  9882 12895  8002 10237 10367  8530
  7667  9203 13742  4948  8665  6529  6896] [] 1716263080.6054527760
[-1 -1 -1 -1 -1 -1 -1 -1 -1 -1 -1 -1 -1 -1 -1 -1 -1 -1 -1] [ 3 10 11 18 19 20 21 23 26 27 28 29 34 35 36 42 44 45 53] [ 7015  6487  6927  6739  4244 10589  9972 13118  8202 10513 10572 10584
  8255 10018 14207  5787  9981  6824  7102] [] 1716263080.6482987404
[-1 -1 -1 -1 -1 -1 -1 -1 -1 -1 -1 -1 -1 -1 -1 -1 -1 -1 -1] [ 3 10 11 18 19 20 21 23 26 27 28 29 34 35 36 42 44 45 53] [13007  6787  8625  8477  4459 11226 10179 13179  8276 10639 10776 10684
  9131 14086 15025  6253 12224  6847  8082] [] 1716263080.6914632320
[-1 -1  1 -1 -1  1 -1 -1 -1 -1 -1 -1 -1 -1 -1 -1 -1 -1] [ 3 10 11 18 19 20 21 23 26 27 28 29 34 35 42 44 45 53] [13886  7290  8615  8660  4585 11171 10319 13352  8421 11397 10778 10886
  9196 15317  6871 12420  6848  8725] [] 1716263080.7344412804
[ 1 -1 -1 -1 -1 -1  1 -1 -1 -1 -1 -1  1 -1 -1 -1 -1] [ 3 10 11 18 19 20 21 26 27 28 29 34 35 42 44 45 53] [13885  7632  8723  8916  4659 11252 10316  8527 11999 10791 10923  9311
 15123  7519 12599  6937  8908] [] 1716263080.7774322033
[-1 -1 -1 -1 -1 -1 -1 -1 -1 -1 -1 -1 -1 -1 -1 -1 -1] [ 3 10 11 18 19 20 21 26 27 28 29 34 35 42 44 45 53] [13890  7858  8756 10498  4850 12006 10570  8720 12148 10857 11095  9457
 15352  8379 12608  7028 10328] [] 1716263080.8203456402
[ 1 -1  1 -1 -1 -1 -1 -1 -1 -1 -1 -1 -1 -1 -1 -1 -1] [ 3 10 11 18 19 20 21 26 27 28 29 34 35 42 44 45 53] [13661  7931  8751 10540  4914 12234 10671  8877 12204 10942 11205 12647
 15459  9048 12736  7705 10505] [] 1716263080.8634507656
[-1  1 -1 -1 -1 -1 -1 -1  1 -1  1 -1 -1 -1 -1] [10 11 18 19 20 21 26 27 28 29 34 42 44 45 53] [ 7994  8746 10570  5028 12494 10775 10608 12205 10902 11341 12524  9790
 13100  7769 10697] [] 1716263080.9064278603
[-1  1 -1 -1 -1 -1  1 -1  1 -1 -1  1  1 -1] [10 11 18 19 20 21 26 27 28 29 42 44 45 53] [ 9139  8729 10690  5329 13500 10961 10539 12247 10899 11603 10071 13055
  7622 10858] [] 1716263080.9494268894
[-1 -1 -1 -1 -1 -1 -1  1  1  1  1  1] [10 11 18 19 20 21 26 27 28 42 44 45] [11758  8744 11022  5768 13604 11132 10741 12174 10838  9811 12703  7302] [] 1716263080.9922573566
[-1  1 -1 -1 -1 -1 -1  1 -1  1 -1] [10 11 19 20 21 26 27 28 42 44 45] [14228  8731  6213 16242 11324 10767 12254 10764 10434 12505  7336] [] 1716263081.0354459286
[ 1 -1 -1 -1  1 -1 -1 -1] [11 19 26 27 28 42 44 45] [ 8729  6969 11485 12413 10675 11206 12771  7982] [] 1716263081.0783813000
[-1 -1 -1 -1 -1 -1] [11 19 28 42 44 45] [ 8824  9201 11007 12212 13584 13099] [] 1716263081.1214003563
[-1 -1  1 -1] [11 19 28 42] [ 8899  9592 10974 12617] [] 1716263081.1642293930
[-1 -1 -1 -1  1] [11 19 27 28 42] [ 9122 10079 11293 10997 12473] [] 1716263081.2073745728
[ 1  1 -1  1 -1] [11 19 20 28 42] [ 9117 10058 16122 10966 15775] [] 1716263081.2503702641
[1 1 1 1] [11 19 28 42] [ 9035  9807 10951 13753] [] 1716263081.2933881283
[-1 -1 -1] [11 19 28] [ 9128  9990 11345] [] 1716263081.3362009525
[-1 -1  1] [11 19 28] [ 9149 12373 11177] [] 1716263081.3793928623
[ 1 -1] [11 28] [ 8994 11205] [] 1716263081.4223465919
[-1 -1] [11 28] [ 9023 11304] [] 1716263081.4652757645
[-1 -1] [11 28] [ 9201 11326] [] 1716263081.5082945824
[ 1 -1] [11 28] [ 9163 11584] [] 1716263081.5513143539
[-1 -1] [11 28] [ 9323 11618] [] 1716263081.5943646431
[1] [11] [9019] [] 1716263081.6373450756
[-1] [11] [9095] [] 1716263081.6802060604
[-1] [11] [9150] [] 1716263081.7232360840
[-1] [11] [9372] [] 1716263081.7662799358
[-1] [11] [9773] [] 1716263081.8093135357
[-1] [11] [9931] [] 1716263081.8521819115
[-1] [11] [16318] [] 1716263081.8953073025
2 2 2 1716263082.1534667015
