FA TAX ADC PRES TS
[1] [28] [10893] [] 1716265244.4785718918
[-1] [28] [10911] [] 1716265244.5216290951
[-1] [28] [10946] [] 1716265244.5645623207
[1] [28] [10831] [] 1716265244.6075999737
[1] [28] [10748] [] 1716265244.6505506039
[1] [28] [10698] [] 1716265244.6935541630
[ 1 -1] [28 45] [10637 12266] [] 1716265244.7365913391
[-1  1] [28 45] [10736 12010] [] 1716265244.7795610428
[-1  1] [28 45] [10771 11903] [] 1716265244.8225526810
[ 1 -1] [28 45] [10709 11939] [] 1716265244.8655419350
[-1 -1  1] [11 28 45] [11276 10956 11863] [] 1716265244.9084069729
[1 1 1] [11 28 45] [ 9996 10881 11835] [] 1716265244.9515843391
[1 1 1] [11 28 45] [ 9829 10760 11684] [] 1716265244.9945580959
[1 1 1] [11 28 45] [ 9676 10663 11634] [] 1716265245.0375542641
[1 1 1] [11 28 45] [ 9583 10623 11345] [] 1716265245.0805463791
[ 1  1 -1] [11 28 45] [ 9537 10562 11505] [] 1716265245.1235604286
[-1 -1 -1 -1] [11 28 29 45] [ 9614 10832 11982 11524] [] 1716265245.1665952206
[ 1  1 -1 -1  1] [11 28 29 42 45] [ 9535 10761 11990 15397 11477] [] 1716265245.2095539570
[-1 -1  1  1 -1 -1] [11 28 29 42 45 53] [ 9581 10892 11762 14076 11866 11627] [] 1716265245.2525529861
[-1 -1 -1 -1  1 -1  1] [11 21 28 29 42 45 53] [ 9742 12692 11087 12004 13009 11936 11073] [] 1716265245.2956037521
[-1 -1  1 -1  1 -1 -1 -1] [11 19 21 28 29 42 45 53] [ 9937 11764 12460 11222 11761 13021 11959 11087] [] 1716265245.3386051655
[ 1  1  1  1  1 -1  1  1] [11 19 21 28 29 42 45 53] [ 9875 10602 12414 11197 11476 13206 10390 11048] [] 1716265245.3815832138
[-1 -1 -1 -1  1  1  1  1] [11 19 21 28 29 42 45 53] [ 9972 10615 12464 11368 11461 12989  9224 11027] [] 1716265245.4245440960
[ 1  1 -1  1 -1 -1  1  1  1 -1] [11 19 20 21 27 28 29 42 45 53] [ 9968 10538 15782 12237 13757 11428 11452 12853  8654 11063] [] 1716265245.4676179886
[ 1  1  1  1  1 -1  1 -1  1  1] [11 19 20 21 27 28 29 42 45 53] [ 9711 10374 15618 12031 13283 11452 11343 12883  8461 11011] [] 1716265245.5107512474
[ 1 -1  1  1  1  1  1 -1 -1 -1] [11 19 20 21 27 28 29 42 45 53] [ 9663 10403 15555 11952 13245 11274 11139 12958  8496 11042] [] 1716265245.5536761284
[-1  1  1  1 -1 -1 -1  1  1  1  1] [11 19 20 21 26 27 28 29 42 45 53] [ 9801 10295 15490 11765 13312 13257 11293 10987 12934  7815 10943] [] 1716265245.5966072083
[1 1 1 1 1 1 1 1 1 1 1] [11 19 20 21 26 27 28 29 42 45 53] [ 9741 10173 15466 11615 12503 13191 11254 10912 12633  7445 10801] [] 1716265245.6395924091
[ 1  1  1  1  1  1  1  1 -1 -1 -1 -1 -1] [11 19 20 21 26 27 28 29 42 45 53 54 61] [ 9685 10149 15329 11565 11782 13135 11179 10871 12671  7813 11246 13547
  8556] [] 1716265245.6825480461
[-1 -1  1  1  1 -1 -1 -1  1  1  1  1  1] [11 19 20 21 26 27 28 29 42 45 53 54 61] [ 9698 10164 15191 11533 11406 13167 11234 10952 12631  7673 11164 13269
  8214] [] 1716265245.7255659103
[ 1  1  1  1  1  1  1  1  1 -1 -1 -1  1  1] [11 19 20 21 26 27 28 29 42 44 45 53 54 61] [ 9561  9947 15055 11375 11364 13116 11082 10831 12487 14239  7826 11215
 12865  8207] [] 1716265245.7686309814
[ 1  1 -1  1 -1  1  1 -1  1  1  1  1  1  1] [11 19 20 21 26 27 28 29 42 44 45 53 54 61] [ 9443  9910 15108 11285 11984 13063 10994 10854 12461 13952  7724 11167
 12639  8074] [] 1716265245.8116323948
[ 1  1 -1  1  1  1  1  1  1  1  1  1  1  1] [11 19 20 21 26 27 28 29 42 44 45 53 54 61] [ 9306  9853 15236 11258 11804 12962 10930 10810 12448 13283  7526 11021
 12306  7784] [] 1716265245.8547770977
[1 1 1 1 1 1 1 1 1 1 1 1 1 1] [11 19 20 21 26 27 28 29 42 44 45 53 54 61] [ 9219  9774 15099 11111 11642 12929 10847 10726 12360 13043  7367 10790
 12181  7475] [] 1716265245.8977587223
[ 1  1  1  1  1  1  1  1  1  1 -1 -1  1 -1  1] [11 19 20 21 26 27 28 29 42 44 45 47 53 54 61] [ 9142  9693 15058 11024 11531 12724 10784 10691 11967 12973  7378 14607
 10764 12191  7466] [] 1716265245.9406433105
[ 1 -1  1  1  1  1 -1  1  1  1 -1  1  1 -1  1] [11 19 20 21 26 27 28 29 42 44 45 47 53 54 61] [ 9112  9723 14463 10841 11392 12607 10791 10630 11841 12861  7381 13913
 10737 12199  7422] [] 1716265245.9836449623
[ 1  1 -1  1  1  1  1 -1 -1  1  1 -1  1 -1  1  1] [11 19 20 21 26 27 28 29 36 42 44 45 47 53 54 61] [ 9039  9608 14519 10771 11315 12574 10779 10702 16297 11758 12797  7389
  9647 10746 12092  7415] [] 1716265246.0266363621
[ 1  1 -1  1  1  1  1  1  1  1 -1  1  1  1  1  1] [11 19 20 21 26 27 28 29 36 42 44 45 47 53 54 61] [ 8941  9524 14621 10686 11278 12449 10730 10700 16264 11697 12860  7365
  9617 10659 11983  7320] [] 1716265246.0696384907
[-1  1  1 -1 -1 -1 -1  1 -1  1  1  1  1  1  1  1] [11 19 20 21 26 27 28 29 36 42 44 45 47 53 54 61] [ 9003  7925 14603 10743 11281 12572 10884 10638 16317 11018 12767  7301
  9438  9762 11917  7295] [] 1716265246.1126623154
[ 1  1 -1  1  1  1  1  1 -1  1  1  1  1  1  1  1  1] [11 19 20 21 26 27 28 29 35 36 42 44 45 47 53 54 61] [ 8947  6960 14717 10529 11168 12503 10665 10611 15271 16213 10915 10387
  7162  9024  8650 11833  7229] [] 1716265246.1555945873
[ 1  1  1 -1  1  1  1  1 -1 -1 -1  1  1  1  1 -1  1] [11 19 20 21 26 27 28 29 35 36 42 44 45 47 53 54 61] [ 8884  6607 14673 10593 10771 12493 10603 10442 15579 16335 10997  9301
  7052  8723  7713 11912  7188] [] 1716265246.1986598969
[ 1  1  1  1  1  1 -1  1  1  1  1  1  1  1  1  1  1] [11 19 20 21 26 27 28 29 35 36 42 44 45 47 53 54 61] [ 8880  6458 14396 10560 10717 11694 10664 10170 15301 16235 10850  9214
  7039  8207  7486 11862  7100] [] 1716265246.2416462898
[1 1 1 1 1 1 1 1 1 1 1 1 1 1 1 1 1] [11 19 20 21 26 27 28 29 35 36 42 44 45 47 53 54 61] [ 8791  6360 14248 10473 10696 11630 10604 10146 15197 16181 10825  9168
  6942  7758  7039 11788  6983] [] 1716265246.2846622467
[-1  1  1  1  1  1  1  1  1  1  1  1  1  1 -1  1  1 -1  1] [ 3 11 19 20 21 26 27 28 29 35 36 42 44 45 46 47 53 54 61] [13108  8740  6260 13972 10266 10567 11611 10571 10041 15123 15847 10751
  8844  6942 11997  7345  6587 11838  6975] [] 1716265246.3276638985
[ 1  1  1  1  1  1 -1  1  1 -1  1 -1  1  1  1  1  1  1  1] [ 3 11 19 20 21 26 27 28 29 35 36 42 44 45 46 47 53 54 61] [12617  8738  5955 13832 10137 10514 11723 10565 10016 15268 13821 10767
  8764  6788 11668  7111  6364 11729  6774] [] 1716265246.3706219196
[-1  1  1  1  1  1 -1 -1  1 -1  1  1  1  1  1  1  1  1 -1] [ 3 11 19 20 21 26 27 28 29 35 36 42 44 45 46 47 53 54 61] [13208  8698  5617 13659 10067 10447 11858 10607  9900 15701 12492 10732
  8289  6783 11398  6946  6005 11685  6831] [] 1716265246.4136874676
[ 1 -1 -1  1  1 -1  1  1  1 -1 -1  1  1  1  1  1  1  1  1  1] [ 3 11 18 19 20 21 26 27 28 29 35 36 42 44 45 46 47 53 54 61] [ 7563  8881 11243  5305 13542 10207 10387 11812 10603  9968 15789 12009
 10699  7667  6646 11241  6743  5464 11411  6679] [] 1716265246.4566788673
[ 1  1  1  1  1  1  1  1  1  1  1  1  1  1 -1  1 -1  1 -1 -1 -1] [ 3 11 18 19 20 21 26 27 28 29 35 36 42 44 45 46 47 53 54 55 61] [ 7427  8857 10836  5147 13299 10119 10342 11506 10549  9905 15544 11195
 10317  6748  6650 11080  6864  5372 11488 11068  6717] [] 1716265246.4997251034
[ 1 -1  1  1  1  1  1  1 -1  1  1  1 -1  1  1  1  1 -1  1  1  1 -1] [ 3 11 18 19 20 21 26 27 28 29 35 36 42 44 45 46 47 50 53 54 55 61] [ 7343  8873 10528  5040 12742 10103 10303 11504 10559  9903 15218 10337
 10364  6131  6617 11046  6860 10402  5371 11411  8412  6772] [] 1716265246.5426948071
[ 1  1  1  1  1  1 -1 -1  1  1 -1 -1  1 -1 -1  1  1  1  1  1  1  1  1  1] [ 3 11 18 19 20 21 26 27 28 29 34 35 36 37 42 44 45 46 47 50 53 54 55 61] [ 7014  8871 10468  4885 12094 10022 10305 11653 10468  9745 12271 15309
 10078 16323 10520  5875  6585 10835  6685 10299  5148 11363  8230  6719] [] 1716265246.5856862068
[ 1 -1  1  1  1  1 -1 -1 -1  1  1  1 -1  1  1 -1  1  1 -1  1  1  1  1  1
  1] [ 3 10 11 18 19 20 21 26 27 28 29 34 35 36 37 42 44 45 46 47 50 53 54 55
 61] [ 6051 15636  8846 10408  4812 11690 10108 10344 11727 10353  7121 10059
 15323  9328 13055 10548  5862  6132 10888  6545 10218  5079 11245  7440
  6560] [] 1716265246.6286590099
[ 1 -1  1  1  1  1  1  1 -1  1  1  1 -1  1  1  1  1 -1  1  1 -1  1  1  1
  1] [ 3 10 11 18 19 20 21 26 27 28 29 34 35 36 37 42 44 45 46 47 50 53 54 55
 61] [ 5716 15716  8840 10268  4704 11638 10079 10231 11764  9833  6973 10006
 15338  8257 12711 10448  5319  6179 10516  6402 10248  5031 11243  7119
  6496] [] 1716265246.6717410088
[ 1 -1  1  1  1  1  1  1 -1  1  1  1  1  1  1  1  1  1  1  1  1  1  1  1
  1] [ 3 10 11 18 19 20 21 26 27 28 29 34 35 36 37 42 44 45 46 47 50 53 54 55
 61] [ 5555 15856  8808 10265  4586 11361  9981 10230 11812  8306  6890  9965
 15218  8058 12550 10352  5196  6039  9766  6317 10120  4855 11203  6665
  6445] [] 1716265246.7146816254
[-1  1  1 -1 -1  1  1 -1  1 -1  1  1  1  1  1 -1  1  1  1 -1  1 -1 -1  1
  1  1  1] [ 1  3 10 11 18 19 20 21 26 27 28 29 34 35 36 37 42 44 45 46 47 50 52 53
 54 55 61] [15928  5443 11639  8815 10442  4540 11162 10009  8756 12085  6930  6789
  9775 12747  7875 12720 10233  5075  5635 10445  6192 10207 16147  4744
 11014  6145  6411] [] 1716265246.7577028275
[-1  1  1 -1  1  1  1 -1  1  1  1  1  1  1  1  1  1  1  1  1  1  1  1  1
  1  1  1] [ 1  3 10 11 18 19 20 21 26 27 28 29 34 35 36 37 42 44 45 46 47 50 52 53
 54 55 61] [16256  5418 10116  8826 10266  4479 10812 10178  8614 11852  6485  5945
  9612 11341  6595 12533 10120  4897  5574  9417  5942 10169 14206  4642
 10948  5721  6289] [] 1716265246.8007798195
[ 1  1  1 -1  1  1  1 -1  1  1  1  1  1  1  1 -1  1  1  1 -1  1 -1  1  1
  1  1  1] [ 1  3 10 11 18 19 20 21 26 27 28 29 34 35 36 37 42 44 45 46 47 50 52 53
 54 55 61] [16192  5322  9367  8931 10188  4433 10571 10300  8454  9951  5791  5927
  9607 10588  6226 12771  9989  4725  5210 10370  5902 10201 12265  4480
  8733  5414  6254] [] 1716265246.8436815739
[ 1  1  1  1  1  1  1 -1  1  1  1  1  1  1  1 -1  1  1  1  1  1  1 -1  1
  1  1  1] [ 1  3 10 11 18 19 20 21 26 27 28 29 34 35 36 37 42 44 45 46 47 50 52 53
 54 55 61] [15723  5226  7551  8776 10133  4353 10420 10402  8269  9739  5328  5865
  9524 10040  5553 12908  9856  4486  4904  9453  5900 10181 12659  4284
  8626  5253  6125] [] 1716265246.8867051601
[ 1  1  1 -1  1  1  1  1  1 -1  1  1  1  1  1  1  1  1  1  1  1  1  1  1
  1  1  1] [ 1  3 10 11 18 19 20 21 26 27 28 29 34 35 36 37 42 44 45 46 47 50 52 53
 54 55 61] [15704  5093  7215  8809  8821  4351 10026 10212  8182  9856  5025  5772
  9396  9829  5336 12707  8381  4126  4716  8541  5541  9904 11526  4205
  8515  4904  6034] [] 1716265246.9296960831
[ 1  1  1  1  1  1  1  1  1  1  1  1  1  1  1 -1 -1  1  1  1  1  1 -1  1
  1 -1  1 -1] [ 1  3 10 11 18 19 20 21 26 27 28 29 34 35 36 37 42 44 45 46 47 50 51 52
 53 54 55 61] [15388  4367  6961  8769  8637  4188  8744 10167  8098  9759  4534  5683
  9326  9595  4905 12746  8788  4043  4414  8442  5443  9894 12417 10714
  4125  8528  4697  6047] [] 1716265246.9727239609
[-1  1  1  1  1  1  1  1  1  1  1  1 -1  1  1 -1  1  1  1  1  1  1  1  1
  1  1  1  1] [ 1  3 10 11 18 19 20 21 26 27 28 29 34 35 36 37 42 44 45 46 47 50 51 52
 53 54 55 61] [15407  4354  6888  7242  8521  4178  8330 10123  8045  9731  4334  5615
  9409  9497  4563 12752  8441  3909  4177  8291  5183  9805 11309  8921
  3991  8410  4435  6015] [] 1716265247.0157027245
[ 1  1  1  1  1  1  1  1 -1  1  1  1  1  1  1 -1 -1  1  1  1  1  1 -1  1
  1  1  1  1 -1] [ 1  3 10 11 18 19 20 21 26 27 28 29 34 35 36 37 41 42 44 45 46 47 50 51
 52 53 54 55 61] [15178  4287  6688  6857  7248  4007  8168 10106  8062  9371  3973  5571
  9316  9403  4258 12954 14581  8351  3814  3853  8137  4884  9927 11027
  8709  3889  8336  4292  6069] [] 1716265247.0587382317
[ 1  1  1  1  1  1  1  1  1  1  1  1  1 -1  1  1  1  1  1  1 -1  1  1  1
  1  1  1  1  1] [ 1  3 10 11 18 19 20 21 26 27 28 29 34 35 36 37 41 42 44 45 46 47 50 51
 52 53 54 55 61] [15006  4166  6557  6849  7127  3984  8128  8478  8004  8700  3921  5549
  7913  9420  4092 12884 14243  7544  3726  3663  8190  4708  9851 10828
  8561  3768  7637  4229  5977] [] 1716265247.1017248631
[-1  1 -1  1  1  1  1 -1  1 -1  1  1 -1  1  1  1 -1 -1  1  1  1  1  1  1
  1  1  1  1  1  1] [ 1  3 10 11 18 19 20 21 26 27 28 29 34 35 36 37 38 41 42 44 45 46 47 50
 51 52 53 54 55 61] [15088  4124  6600  6074  6155  3926  8005  8489  7146  8767  3721  5251
  8127  9041  3864 12720 11522 14391  6505  3642  3619  7785  4524  9826
 10730  7545  3712  7482  4020  5955] [] 1716265247.1447625160
[-1  1  1  1  1  1  1  1  1 -1  1  1 -1  1  1  1  1  1 -1  1  1  1  1 -1
 -1  1  1  1 -1  1 -1] [ 1  3 10 11 18 19 20 21 26 27 28 29 33 34 35 36 37 38 41 42 44 45 46 47
 50 51 52 53 54 55 61] [15416  3945  6327  5497  4911  3814  7858  8484  5643  8986  3596  5140
 13563  7111  8757  3787 12338 10396 14421  6072  3579  3512  6932  4525
  9894 10667  7494  3621  7526  3996  5980] [] 1716265247.1877076626
[ 1  1  1  1  1  1 -1  1  1 -1  1  1  1  1  1  1  1  1  1  1  1  1  1  1
  1  1  1  1 -1  1  1] [ 1  3 10 11 18 19 20 21 26 27 28 29 33 34 35 36 37 38 41 42 44 45 46 47
 50 51 52 53 54 55 61] [15307  3924  6116  5019  4767  3751  7897  8332  5427  9109  3524  5033
 12599  6740  8600  3705 11968 10217 14277  5896  3446  3384  6804  4516
  9855 10616  7457  3556  7615  3896  5890] [] 1716265247.2307150364
[-1  1  1  1  1  1  1  1  1  1  1  1 -1  1  1  1  1  1  1  1  1  1  1  1
  1  1  1  1  1  1 -1] [ 1  3 10 11 18 19 20 21 26 27 28 29 33 34 35 36 37 38 41 42 44 45 46 47
 50 51 52 53 54 55 61] [15364  3623  5949  4200  4524  3718  7768  8235  5323  9029  3386  4999
 12604  6683  8334  3575 11472  9904 14002  5769  3368  3230  5772  4381
  9667  8463  7206  3529  7518  3730  5905] [] 1716265247.2737128735
[1 1 1 1 1 1 1 1 1 1 1 1 1 1 1 1 1 1 1 1 1 1 1 1 1 1 1 1 1 1] [ 3 10 11 18 19 20 21 26 27 28 29 33 34 35 36 37 38 41 42 44 45 46 47 50
 51 52 53 54 55 61] [ 3412  5643  3805  4333  3619  7270  7257  4795  8691  3244  4980 12545
  6642  8118  3434 10474  9751 13827  5220  3327  3153  5678  4092  9537
  8419  6287  3438  5911  3673  5827] [] 1716265247.3166859150
[ 1  1  1  1  1  1  1  1  1  1  1  1  1  1  1  1  1  1  1  1  1  1  1  1
 -1  1  1  1  1 -1 -1] [ 3 10 11 18 19 20 21 26 27 28 29 33 34 35 36 37 38 41 42 44 45 46 47 50
 51 52 53 54 55 60 61] [ 3234  5142  3543  4274  3594  6977  7229  4655  7816  3213  4881 12479
  6527  8012  3331 10276  8377 13328  5033  3235  3070  5622  4023  9301
  8440  5966  3365  5660  3498 14856  5837] [] 1716265247.3597619534
[ 1  1  1  1  1  1  1  1  1  1  1  1  1  1  1 -1  1  1 -1  1  1  1  1  1
 -1  1 -1  1  1  1 -1] [ 3 10 11 18 19 20 21 26 27 28 29 33 34 35 36 37 38 41 42 44 45 46 47 50
 51 52 53 54 55 60 61] [ 3092  4827  3403  4087  3536  6920  7173  4515  7504  3127  4832 12392
  6482  7492  3197 10607  8377 13045  5073  3172  2971  5116  3912  9269
  8441  5872  3380  5402  3441 10669  5881] [] 1716265247.4026732445
[ 1  1  1  1  1  1  1  1  1  1  1 -1  1  1  1 -1  1  1  1  1  1  1  1  1
  1  1  1  1  1  1  1] [ 3 10 11 18 19 20 21 26 27 28 29 33 34 35 36 37 38 41 42 44 45 46 47 50
 51 52 53 54 55 60 61] [ 3035  4606  3130  3935  3458  6770  7014  4447  7409  3036  4604 12480
  6430  7213  3043 10860  8279 12783  4607  3042  2814  4983  3688  7297
  7244  5854  3274  5385  3391  9105  5852] [] 1716265247.4456803799
[-1  1  1  1  1  1  1 -1  1  1  1  1 -1  1  1  1  1  1  1  1  1  1  1  1
  1  1 -1  1 -1  1  1  1] [ 1  3 10 11 18 19 20 21 26 27 28 29 33 34 35 36 37 38 41 42 44 45 46 47
 50 51 52 53 54 55 60 61] [15732  2855  4539  2966  3819  3378  6684  7018  4059  7254  2956  3952
 12544  6079  6926  2906 10599  8199 12651  4489  2992  2697  4907  3666
  7092  6910  6000  3248  5386  3380  9029  5840] [] 1716265247.4888515472
[ 1  1  1  1  1  1  1  1  1  1  1  1  1  1 -1  1  1 -1  1  1  1  1  1  1
  1  1  1  1  1 -1  1  1] [ 1  3 10 11 18 19 20 21 26 27 28 29 33 34 35 36 37 38 41 42 44 45 46 47
 50 51 52 53 54 55 60 61] [15614  2795  4497  2881  3703  3332  6676  7007  4009  6861  2888  3825
 12384  6028  6969  2882  8349  8260 11354  4223  2870  2631  4882  3574
  6410  6783  5646  3175  5088  3432  7352  5829] [] 1716265247.5315167904
[ 1  1  1  1  1  1 -1  1  1  1  1  1  1  1  1  1  1  1 -1  1  1  1  1  1
 -1  1  1  1 -1  1  1 -1] [ 1  3 10 11 18 19 20 21 26 27 28 29 33 34 35 36 37 38 41 42 44 45 46 47
 50 51 52 53 54 55 60 61] [13824  2683  4417  2722  3535  3302  6727  6923  3887  6773  2795  3552
 12288  5963  6830  2778  7876  8161 11396  3926  2802  2511  4675  3404
  6458  6767  5546  3097  5107  3264  5958  5832] [] 1716265247.5746831894
[ 1  1  1  1  1  1  1  1  1  1  1  1  1 -1  1  1 -1  1  1  1  1  1  1 -1
  1  1  1  1  1  1  1  1] [ 1  3 10 11 18 19 20 21 26 27 28 29 33 34 35 36 37 38 41 42 44 45 46 47
 50 51 52 53 54 55 60 61] [12267  2602  4372  2638  3431  3228  6629  6511  3759  6671  2729  3453
 12280  5979  6734  2684  8181  8094 10337  3699  2764  2460  4655  3416
  6039  6617  5457  3005  5015  3220  5297  5810] [] 1716265247.6178052425
[ 1  1  1  1 -1  1  1  1  1  1  1  1  1  1  1 -1  1  1 -1 -1  1  1  1  1
  1  1 -1  1  1  1  1  1 -1] [ 1  3 10 11 13 18 19 20 21 26 27 28 29 33 34 35 36 37 38 41 42 44 45 46
 47 50 51 52 53 54 55 60 61] [11800  2530  4251  2597 16064  3269  3151  6583  6461  3605  5841  2687
  3429 12110  5861  6826  2578  8047  8207 10957  3594  2719  2351  4623
  3196  5856  6808  5383  2863  4867  3190  4947  5824] [] 1716265247.6606700420
[ 1  1  1  1  1  1  1  1 -1  1  1  1  1 -1 -1 -1  1  1  1  1  1  1  1  1
  1  1  1 -1  1  1 -1  1  1  1] [ 1  3 10 11 13 18 19 20 21 26 27 28 29 32 33 34 35 36 37 38 41 42 44 45
 46 47 50 51 52 53 54 55 60 61] [11348  2495  4226  2492 14086  3242  3106  6553  6466  3439  5598  2622
  3418 12164 12217  6020  6636  2550  7353  8127 10877  3531  2715  2344
  4602  3176  5738  6831  5332  2818  4909  3152  4659  5810] [] 1716265247.7037024498
[ 1  1  1  1  1  1  1  1  1  1  1  1 -1  1  1 -1  1  1  1 -1  1  1  1 -1
  1 -1 -1  1  1  1 -1  1  1  1] [ 1  3 10 11 13 18 19 20 21 26 27 28 29 32 33 34 35 36 37 38 41 42 44 45
 46 47 50 51 52 53 54 55 60 61] [ 9443  2479  4215  2471 14064  3242  3079  6433  6462  3367  5417  2609
  3439 12034 12085  6047  6565  2511  7105  8187 10826  3494  2676  2346
  4586  3213  5776  6823  5227  2798  4924  3127  4539  5805] [] 1716265247.7466964722
[ 1  1  1  1  1  1  1  1 -1  1  1  1  1 -1 -1  1 -1  1 -1  1 -1  1  1  1
 -1 -1 -1  1  1  1 -1 -1  1  1] [ 1  3 10 11 13 18 19 20 21 26 27 28 29 32 33 34 35 36 37 38 41 42 44 45
 46 47 50 51 52 53 54 55 60 61] [ 9238  2470  4208  2467 13928  3215  3062  6344  6489  3311  5389  2593
  3412 12050 12126  6009  6577  2483  7121  8143 10904  3456  2632  2343
  4596  3260  5841  6728  5219  2784  4957  3132  4372  5778] [] 1716265247.7896850109
[-1  1  1 -1 -1  1 -1  1  1  1 -1 -1  1 -1  1  1  1 -1 -1  1  1 -1 -1 -1
  1 -1 -1 -1 -1 -1  1 -1 -1 -1] [ 1  3 10 11 13 18 19 20 21 26 27 28 29 32 33 34 35 36 37 38 41 42 44 45
 46 47 50 51 52 53 54 55 60 61] [11058  2452  4180  2495 13948  3175  3077  6319  6450  3289  5425  2622
  3393 12285 12082  5987  6506  2502  7193  8123 10877  3462  2693  2357
  4581  3292  6056  6778  5351  2796  4938  3144  4769  5871] [] 1716265247.8325767517
[-1 -1 -1  1 -1 -1  1 -1 -1 -1  1  1 -1  1 -1 -1  1  1  1  1 -1 -1 -1 -1
 -1 -1 -1 -1 -1 -1 -1 -1 -1  1] [ 1  3 10 11 13 18 19 20 21 26 27 28 29 32 33 34 35 36 37 38 41 42 44 45
 46 47 50 51 52 53 54 55 60 61] [11337  2459  4195  2463 16035  3183  3061  6333  6517  3291  5401  2579
  3438 12111 12230  6009  6506  2479  7105  8066 12242  3633  2698  2396
  4652  3380  6310  6837  5430  2955  4949  3302  6674  5786] [] 1716265247.8759040833
[-1 -1 -1 -1 -1 -1 -1 -1  1 -1 -1 -1  1 -1  1  1  1 -1 -1 -1 -1 -1 -1 -1
  1 -1 -1  1 -1 -1 -1  1 -1 -1] [ 1  3 10 11 13 18 19 20 21 26 27 28 29 32 33 34 35 36 37 38 41 42 44 45
 46 47 50 51 52 53 54 55 60 61] [11727  2517  4214  2509 16054  3217  3118  6521  6434  3567  5705  2616
  3413 13715 11989  5976  6488  2528  7107  8072 12297  3947  2763  2450
  4573  3452  6462  6765  5551  2977  4973  3232  7166  5811] [] 1716265247.9187133312
[-1 -1 -1 -1 -1 -1  1 -1 -1 -1 -1 -1  1  1 -1 -1 -1  1  1 -1 -1 -1 -1 -1
 -1 -1 -1 -1 -1 -1 -1 -1] [ 1  3 10 11 18 19 20 21 26 27 28 29 33 34 35 36 37 38 41 42 44 45 46 47
 50 51 52 53 54 55 60 61] [15888  2604  4253  2603  3255  3169  6485  6498  3679  6472  2657  3441
 11987  5911  6518  2582  7250  8056 12243  4186  2871  2608  4767  3594
  7240  7017  5739  3058  5142  3389  8786  5812] [] 1716265247.9616954327
[ 1 -1 -1 -1 -1 -1 -1 -1 -1 -1 -1 -1 -1 -1 -1 -1 -1 -1 -1 -1 -1 -1 -1 -1
 -1 -1 -1 -1 -1 -1  1] [ 1  3 10 11 18 19 20 21 26 27 28 29 33 34 35 36 37 38 41 42 44 45 46 47
 50 51 52 53 54 55 61] [15690  2746  4365  2685  3403  3194  6488  6605  3863  6522  2722  3471
 12032  5938  6682  2680  7443  8261 12455  4540  2907  2751  4914  3694
  8714  8170  6052  3094  5411  3553  5740] [] 1716265248.0046584606
[ 1 -1 -1 -1 -1 -1 -1 -1 -1 -1 -1 -1 -1 -1 -1 -1 -1 -1  1 -1 -1 -1 -1 -1
 -1 -1 -1 -1 -1 -1 -1] [ 1  3 10 11 18 19 20 21 26 27 28 29 33 34 35 36 37 38 41 42 44 45 46 47
 50 51 52 53 54 55 61] [15660  2982  4525  2783  3539  3280  6500  6988  3990  6805  2800  3542
 12310  6355  7305  2753  7661  8295 12331  4678  2970  2808  4943  3748
  9269  8389  6076  3119  5503  3631  5742] [] 1716265248.0477161407
[-1 -1 -1 -1 -1 -1 -1  1 -1 -1 -1  1 -1  1 -1 -1 -1 -1 -1 -1 -1 -1 -1 -1
 -1 -1 -1 -1 -1 -1 -1] [ 1  3 10 11 18 19 20 21 26 27 28 29 33 34 35 36 37 38 41 42 44 45 46 47
 50 51 52 53 54 55 61] [15679  3143  4690  2846  3625  3285  6527  6988  4021  6808  2838  3496
 12544  6324  7322  2826  7705  9809 13250  5065  3205  2972  5113  3973
  9833 10512  6222  3191  6930  3748  5783] [] 1716265248.0907607079
[ 1 -1 -1 -1 -1 -1 -1 -1 -1 -1 -1 -1 -1 -1 -1 -1 -1  1 -1 -1 -1 -1 -1 -1
 -1 -1 -1 -1 -1 -1 -1] [ 1  3 10 11 18 19 20 21 26 27 28 29 33 34 35 36 37 38 41 42 44 45 46 47
 50 51 52 53 54 55 61] [15438  3467  5179  3181  3727  3375  6564  7077  4374  6905  2950  3579
 12720  6453  7550  2936  9209  9801 14209  5215  3302  3103  5132  4047
  9862 10559  6345  3278  7014  3799  5855] [] 1716265248.1336917877
[ 1 -1 -1 -1 -1 -1 -1 -1 -1  1 -1 -1  1 -1 -1 -1 -1 -1 -1 -1 -1 -1 -1 -1
  1 -1 -1 -1 -1 -1 -1] [ 1  3 10 11 18 19 20 21 26 27 28 29 33 34 35 36 37 38 41 42 44 45 46 47
 50 51 52 53 54 55 61] [15274  3782  5393  3475  3895  3466  6645  7123  4639  6888  2981  4353
 12700  6541  7813  3043  9814 10312 14582  6674  3410  3343  6051  4153
  9671 10787  8575  3437  7176  4009  5900] [] 1716265248.1765809059
[ 1 -1 -1 -1 -1 -1 -1 -1 -1 -1 -1 -1 -1 -1 -1 -1 -1 -1 -1 -1 -1 -1 -1 -1
 -1 -1 -1 -1 -1] [ 1  3 10 11 18 19 20 21 26 27 28 29 33 34 35 36 37 42 44 45 46 47 50 51
 52 53 54 55 61] [15268  3909  5461  3730  3961  3515  7565  7348  4895  6902  3071  4743
 12753  7723  7849  3144  9915  7260  3476  3447  7106  4220  9749 10867
  8640  3492  7487  4108  5942] [] 1716265248.2197110653
[ 1 -1 -1 -1 -1 -1  1 -1 -1 -1 -1  1 -1 -1 -1 -1  1 -1 -1 -1 -1 -1 -1 -1
 -1 -1  1 -1 -1] [ 1  3 10 11 18 19 20 21 26 27 28 29 33 34 35 36 37 42 44 45 46 47 50 51
 52 53 54 55 61] [15058  3927  5640  4211  4083  3641  7509  8063  5783  7024  3140  4739
 12859  9290  8210  3244  9641  7999  3540  3650  7128  4296  9870 15374
  9098  3579  7471  4328  5958] [] 1716265248.2627460957
[ 1 -1 -1 -1 -1  1 -1  1 -1 -1 -1 -1  1 -1 -1 -1 -1 -1 -1 -1 -1 -1 -1 -1
 -1 -1 -1 -1] [ 1  3 10 11 18 19 20 21 26 27 28 29 33 34 35 36 37 42 44 45 46 47 50 52
 53 54 55 61] [14976  3986  5700  4498  4535  3624  7586  8037  6485  7109  3215  4818
 12721  9319  8262  3402  9898  8541  3739  4134  7222  4795  9937  9340
  3653  7693  4840  6034] [] 1716265248.3057019711
[-1  1 -1 -1 -1 -1 -1 -1 -1 -1 -1 -1 -1 -1 -1 -1 -1 -1  1 -1 -1 -1 -1 -1
  1 -1 -1] [ 1  3 10 11 18 19 20 21 26 27 28 29 34 35 36 37 42 44 45 46 47 50 52 53
 54 55 61] [14990  3960  6205  5807  5325  3771  7788  8090  7727  7216  3435  4892
  9331  8435  3550  9980  8633  3782  4018  7270  4903 10072  9776  3668
  7663  5052  6055] [] 1716265248.3486692905
[ 1 -1  1 -1 -1 -1 -1 -1  1 -1 -1 -1  1  1 -1  1 -1 -1 -1 -1 -1 -1 -1 -1
 -1 -1 -1] [ 1  3 10 11 18 19 20 21 26 27 28 29 34 35 36 37 42 44 45 46 47 50 52 53
 54 55 61] [14878  3992  6203  5872  5480  3811  7838  8119  7720  7257  3511  4976
  9264  8296  3589  9965  9800  4127  4698  7855  5164 10085 11884  3933
  7839  5831  6194] [] 1716265248.3916876316
[-1 -1 -1 -1 -1 -1 -1 -1 -1 -1 -1 -1 -1 -1 -1 -1 -1 -1 -1 -1 -1 -1 -1 -1
 -1 -1 -1] [ 1  3 10 11 18 19 20 21 26 27 28 29 34 35 36 37 42 44 45 46 47 50 52 53
 54 55 61] [14910  4845  6390  7826  7157  3826  7955  8252  7867  7406  3765  5208
  9275  8882  3911  9979 10486  4241  4864  7958  5667 10201 13084  4098
  7994  6423  6298] [] 1716265248.4347476959
[-1 -1 -1  1 -1 -1 -1 -1 -1 -1 -1 -1 -1 -1 -1  1 -1 -1 -1 -1 -1 -1 -1 -1
 -1 -1 -1] [ 1  3 10 11 18 19 20 21 26 27 28 29 34 35 36 37 42 44 45 46 47 50 52 53
 54 55 61] [15344  4887  6529  7794  7252  3948  8015  9705  7943  7591  3903  5445
  9348  9089  4039  9900 10502  4526  5665  8020  5770 10249 13513  4236
  8715  6871  6358] [] 1716265248.4776625633
[ 1 -1 -1 -1 -1 -1 -1 -1 -1 -1 -1 -1 -1 -1 -1 -1 -1 -1 -1 -1 -1 -1 -1 -1
 -1 -1 -1] [ 1  3 10 11 18 19 20 21 26 27 28 29 34 35 36 37 42 44 45 46 47 50 52 53
 54 55 61] [15159  4918  6811  7865  7415  3959  8500  9804  7999  7598  4101  5627
  9439  9351  4344 10517 10953  4806  5956  8142  6140 10429 15536  4456
 10823  7948  6504] [] 1716265248.5203192234
[-1 -1 -1  1 -1 -1 -1  1 -1 -1 -1 -1 -1 -1 -1 -1 -1 -1 -1 -1 -1 -1 -1 -1
 -1 -1] [ 1  3 10 11 18 19 20 21 26 27 28 29 34 35 36 37 42 44 45 46 47 50 53 54
 55 61] [15691  5019  7236  7859  8151  4037 10030  9666  8107  7830  4767  5633
  9659  9586  4827 10757 11001  5089  6043  8287  6351 10493  4569 10843
  7992  6571] [] 1716265248.5636625290
[-1 -1 -1 -1 -1 -1  1 -1 -1 -1 -1 -1 -1 -1 -1  1 -1 -1 -1  1 -1 -1  1] [ 3 10 11 18 19 20 21 26 27 28 29 34 35 36 37 42 44 45 46 47 53 54 61] [ 5186  8361  8706  8382  4106 10042  9657  8263  8083  5210  6498  9723
 13321  5201 10894 10945  5311  6196  8380  6188  4741 10873  6447] [] 1716265248.6066663265
[-1 -1 -1 -1 -1 -1 -1 -1 -1 -1 -1  1 -1 -1 -1 -1 -1 -1  1 -1 -1  1 -1] [ 3 10 11 18 19 20 21 26 27 28 29 34 35 36 37 42 44 45 46 47 53 54 61] [ 5506  8784  8726  9996  4226 10127  9754  8383  8093  5894  6606  9705
 13877  5537 11297 11052  5458  6364  8362  6520  4775 10811  6463] [] 1716265248.6496529579
[-1 -1  1 -1 -1 -1  1 -1 -1 -1 -1  1 -1 -1 -1  1 -1 -1 -1 -1 -1 -1 -1] [ 3 10 11 18 19 20 21 26 27 28 29 34 35 36 37 42 44 45 46 47 53 54 61] [ 5591  9344  8710 10221  4287 10278  9738  8614  8115  7207  6694  9699
 13936  5957 11509 10836  6103  6518 10865  6805  4965 11015  6580] [] 1716265248.6926701069
[-1 -1 -1 -1 -1 -1 -1 -1 -1 -1 -1 -1 -1 -1 -1  1 -1 -1 -1 -1 -1 -1 -1] [ 3 10 11 18 19 20 21 26 27 28 29 34 35 36 37 42 44 45 46 47 53 54 61] [ 6918 10211  8767 10336  4362 10692  9849 10374  9071 10201  9276 10393
 14210  7659 11866 10588  6425  6565 11198  7169  5128 11079  6716] [] 1716265248.7356622219
[-1 -1  1 -1 -1 -1  1 -1  1 -1 -1  1 -1 -1 -1 -1 -1 -1 -1 -1 -1 -1] [ 3 10 11 18 19 20 21 26 27 28 29 35 36 37 42 44 45 46 47 53 54 61] [12437 10873  8684 10499  4471 10719  9794 10399  9070 10214  9315 13853
  8642 13823 10692  7697  6600 11536  7553  5314 11191  6881] [] 1716265248.7785749435
[-1 -1  1  1 -1 -1  1 -1 -1 -1 -1 -1 -1  1 -1  1 -1 -1  1  1] [ 3 10 11 18 19 20 21 26 27 28 29 35 36 42 44 45 47 53 54 61] [13095 12607  8658 10490  4565 10843  9779 10485  9264 10231  9377 14096
  9798 10686  8232  6576  8563  5454 11113  6827] [] 1716265248.8216187954
[-1 -1 -1 -1 -1 -1 -1 -1  1 -1  1  1 -1  1 -1 -1 -1 -1 -1 -1] [ 3 10 11 18 19 20 21 26 27 28 29 35 36 42 44 45 47 53 54 61] [14091 16104  8691 10609  4707 11118  9805 10510  9216 10245  9376 14034
 10942 10655  8502  6714  8741  5855 11197  7029] [] 1716265248.8647038937
[-1  1 -1 -1 -1 -1 -1 -1  1  1  1 -1 -1 -1 -1 -1 -1 -1 -1] [10 11 18 19 20 21 26 27 28 29 35 36 42 44 45 47 53 54 61] [16130  8667 10723  4845 11280  9966 10655  9440 10232  9351 13861 13389
 10827  9797  6925  9027  6920 11337  7319] [] 1716265248.9076776505
[-1 -1 -1 -1 -1  1 -1 -1 -1  1 -1  1 -1 -1 -1 -1 -1 -1] [11 18 19 20 21 26 27 28 29 35 36 42 44 45 47 53 54 61] [ 8671 14408  5006 11438 10011 10641 10668 10258  9443 13792 13715 10685
  9897  6945  9131  7413 11489  7413] [] 1716265248.9506261349
[ 1 -1 -1 -1 -1 -1  1 -1 -1 -1 -1 -1 -1 -1 -1 -1  1] [11 19 20 21 26 27 28 29 35 36 42 44 45 47 53 54 61] [ 8587  5082 11916 10057 10651 11458 10222  9744 13885 13925 10743 10160
  7014 14089  7975 11537  7358] [] 1716265248.9936225414
[-1 -1 -1 -1 -1 -1 -1 -1 -1 -1 -1 -1 -1 -1 -1  1] [11 19 20 21 26 27 28 29 35 36 42 44 45 53 54 61] [ 8604  5603 12643 10128 10657 11772 10313  9862 14070 14055 10796 10226
  7089  9728 11911  7319] [] 1716265249.0365455151
[-1 -1 -1 -1 -1  1  1 -1 -1  1  1 -1 -1 -1 -1 -1] [11 19 20 21 26 27 28 29 35 36 42 44 45 53 54 61] [ 8620  6185 12802 10166 10784 11713 10257  9983 14526 14023 10482 12634
  7152  9799 12281  7528] [] 1716265249.0796172619
[-1 -1 -1 -1 -1 -1 -1 -1 -1 -1 -1 -1 -1 -1 -1 -1] [11 19 20 21 26 27 28 29 35 36 42 44 45 53 54 61] [ 8677  6332 13340 10256 11291 11861 10311 10194 15637 15047 10697 12823
  7268  9944 12335  7689] [] 1716265249.1226189137
[-1 -1 -1 -1 -1 -1  1 -1 -1  1 -1 -1 -1  1 -1] [11 19 20 21 26 27 28 29 36 42 44 45 53 54 61] [ 8720  6550 13499 10257 11473 11908 10266 10329 15730 10586 13191  7424
 11068 12221  7870] [] 1716265249.1655907631
[ 1 -1 -1 -1 -1 -1 -1 -1 -1 -1 -1 -1 -1 -1 -1] [11 19 20 21 26 27 28 29 36 42 44 45 53 54 61] [ 8720  9355 13926 10387 11735 12090 10325 10488 16051 10632 13386  7630
 11440 12677  8059] [] 1716265249.2086143494
[-1 -1 -1 -1 -1 -1 -1 -1  1 -1  1 -1  1  1] [11 19 20 21 26 27 28 29 42 44 45 53 54 61] [ 8977  9683 14368 10654 12352 12618 10391 10795 10631 13484  7564 11447
 12559  8006] [] 1716265249.2516424656
[-1 -1 -1 -1 -1  1 -1 -1 -1 -1  1  1 -1] [11 19 20 21 26 27 28 29 42 44 45 53 61] [ 9057  9876 14540 10805 14258 12553 10460 10853 10885 14331  7516 11313
  8046] [] 1716265249.2946245670
[-1  1 -1 -1 -1 -1 -1 -1  1  1 -1] [11 19 20 21 27 28 29 42 45 53 61] [ 9097  9816 15208 11115 12632 10549 11052 11356  7337 11152  9091] [] 1716265249.3375711441
[-1 -1  1  1 -1  1  1 -1  1  1] [11 19 20 21 27 28 29 42 45 53] [ 9174  9871 15020 11061 12716 10499 10935 11566  7119 10946] [] 1716265249.3805186749
[-1 -1 -1 -1  1 -1  1 -1 -1  1] [11 19 20 21 27 28 29 42 45 53] [ 9251  9944 15194 11119 12659 10583 10839 13419  7167 10753] [] 1716265249.4236021042
[-1 -1 -1 -1 -1 -1 -1 -1 -1 -1] [11 19 20 21 27 28 29 42 45 53] [ 9587 10244 15460 11218 12949 10747 11014 14035  8033 10794] [] 1716265249.4665889740
[ 1 -1 -1 -1  1 -1 -1  1 -1  1] [11 19 20 21 27 28 29 42 45 53] [ 9543 10313 15600 11387 12947 10804 11193 13715  8067 10702] [] 1716265249.5097517967
[-1 -1 -1 -1 -1  1  1  1 -1] [11 19 20 21 28 29 42 45 53] [ 9671 10327 15972 11586 10874 11137 13179  8021 10775] [] 1716265249.5526852608
[ 1  1  1 -1  1 -1 -1 -1] [11 19 21 28 29 42 45 53] [ 9592 10114 11441 10920 11071 13719  8097 11078] [] 1716265249.5955700874
[-1 -1 -1 -1 -1 -1  1 -1] [11 19 21 28 29 42 45 53] [ 9741 10342 11957 10999 11391 13765  8040 11375] [] 1716265249.6385848522
[ 1 -1  1  1  1  1] [11 19 28 29 42 45] [ 9654 14292 10985 11312 13319  7534] [] 1716265249.6815500259
[ 1  1 -1  1 -1] [11 28 29 42 45] [ 9604 10877 11448 13220  7616] [] 1716265249.7245516777
[-1 -1 -1  1] [11 28 29 45] [ 9837 10919 11639  7319] [] 1716265249.7675390244
[-1  1  1] [11 28 45] [10248 10713  7280] [] 1716265249.8105494976
[ 1 -1] [28 45] [10483  7329] [] 1716265249.8536026478
[-1 -1] [28 45] [10638  7394] [] 1716265249.8966302872
[-1 -1] [28 45] [10808  7455] [] 1716265249.9395220280
[-1 -1] [28 45] [10879  7701] [] 1716265249.9825382233
[-1 -1] [28 45] [10989  8201] [] 1716265250.0255000591
[-1 -1] [28 45] [11097 10886] [] 1716265250.0684652328
[-1] [28] [11443] [] 1716265250.1114792824
[1] [28] [11095] [] 1716265250.1545243263
[-1] [28] [11276] [] 1716265250.1975057125
[-1] [28] [11352] [] 1716265250.2405099869
[-1] [28] [11495] [] 1716265250.2835001945
2 2 2 1716265250.4988334179
