FA TAX ADC PRES TS
[-1] [28] [11536] [] 1716264892.3668470383
[ 1 -1] [28 45] [10947 12005] [] 1716264892.4098656178
[-1  1] [28 45] [11141 11965] [] 1716264892.4528045654
[1 1] [28 45] [11020 11961] [] 1716264892.4958612919
[-1 -1 -1 -1] [11 28 42 45] [12338 11211 14904 12029] [] 1716264892.5388112068
[ 1 -1 -1  1  1] [11 19 28 42 45] [11009 11387 11370 12853 11918] [] 1716264892.5819125175
[1 1 1 1 1] [11 19 28 42 45] [10656 10523 11260 12662  8438] [] 1716264892.6247293949
[1 1 1 1 1] [11 19 28 42 45] [10500 10295 11176 12639  8109] [] 1716264892.6679098606
[1 1 1 1 1] [11 19 28 42 45] [10137 10111 11042 11971  7184] [] 1716264892.7107830048
[1 1 1 1 1] [11 19 28 42 45] [ 9928 10030 10921 11848  7149] [] 1716264892.7539255619
[ 1  1 -1 -1 -1] [11 19 28 42 45] [ 9891  9980 10941 12034  7298] [] 1716264892.7969088554
[-1 -1 -1 -1 -1  1  1] [11 19 27 28 29 42 45] [ 9925 10161 14398 11061 12061 11341  7167] [] 1716264892.8398327827
[ 1  1  1  1  1 -1 -1] [11 19 27 28 29 42 45] [ 9833 10119 13807 11032 11921 11469  7283] [] 1716264892.8829061985
[-1 -1 -1  1 -1  1  1  1] [11 19 26 27 28 29 42 45] [10073 10349 12104 13560 11077 11777 11252  7122] [] 1716264892.9259142876
[1 1 1 1 1 1 1 1] [11 19 26 27 28 29 42 45] [ 9948 10260  9868 13267 11058 11549  9818  7118] [] 1716264892.9689462185
[ 1  1 -1  1  1  1  1  1] [11 19 26 27 28 29 42 45] [ 9909 10167  9894 12981 11045 11402  9501  6926] [] 1716264893.0118715763
[ 1  1  1  1  1  1 -1 -1 -1] [11 19 26 27 28 29 42 44 45] [ 9756  9866  9647 12879 10985 11121  9782 14691  6942] [] 1716264893.0548706055
[ 1 -1  1  1  1  1  1  1 -1 -1] [11 19 26 27 28 29 42 44 45 53] [ 9738  9886  9441 12798 10866 10970  8991 14281  7009 14407] [] 1716264893.0978951454
[ 1  1  1  1  1  1  1  1 -1  1] [11 19 26 27 28 29 42 44 45 53] [ 9535  8288  9286 12651 10839 10755  8819 13452  7020 11362] [] 1716264893.1409099102
[ 1  1  1  1  1  1  1 -1  1  1] [11 19 26 27 28 29 42 44 45 53] [ 9494  8022  9179 12584 10710 10607  8420 13472  6995 10862] [] 1716264893.1838624477
[ 1  1 -1  1  1 -1  1  1  1 -1  1] [11 19 20 26 27 28 29 42 44 45 53] [ 9393  7972 15105  9093 12533 10762 10571  8040 13384  7063 10727] [] 1716264893.2268564701
[ 1  1  1 -1  1  1  1 -1  1  1  1  1] [11 19 20 21 26 27 28 29 42 44 45 53] [ 9256  7869 14420 11784  8881 12453 10722 10645  7801 13085  6917 10586] [] 1716264893.2699229717
[-1  1  1  1  1  1  1  1 -1  1 -1  1] [11 19 20 21 26 27 28 29 42 44 45 53] [ 9262  7699 13752 11506  8833 12441 10693 10548  8065 12987  6939  9003] [] 1716264893.3129179478
[ 1  1  1  1  1  1 -1  1  1  1  1  1] [11 19 20 21 26 27 28 29 42 44 45 53] [ 9202  7614 13305 11409  8642 12389 10760 10477  7706 12928  6882  8833] [] 1716264893.3559389114
[ 1  1  1  1  1  1  1  1 -1  1 -1 -1  1] [11 19 20 21 26 27 28 29 42 44 45 47 53] [ 9156  7391 13247 11218  8541 12220 10717 10401  7734 12759  6962 15416
  8209] [] 1716264893.3988537788
[ 1  1  1  1  1  1  1 -1 -1 -1  1  1  1] [11 19 20 21 26 27 28 29 42 44 45 47 53] [ 9026  7203 12827 11199  8486 12178 10620 10478  8054 12767  6938 10467
  8138] [] 1716264893.4419360161
[ 1  1  1  1  1  1  1  1  1  1 -1  1 -1 -1] [11 19 20 21 26 27 28 29 42 44 45 47 53 54] [ 8872  6957 12072 10979  8352 12117 10547 10410  7871 12471  7096 10309
  8378 12532] [] 1716264893.4847974777
[ 1  1  1 -1  1 -1 -1 -1  1  1 -1  1 -1  1 -1] [11 19 20 21 26 27 28 29 42 44 45 47 53 54 61] [ 8825  6887 11878 10992  8248 12245 10572 10527  7701 12237  7295  9920
  8564 12420  8154] [] 1716264893.5278787613
[-1 -1 -1  1  1  1 -1  1 -1 -1  1  1  1  1  1  1  1] [ 2 11 18 19 20 21 26 27 28 29 42 44 45 47 53 54 61] [15798  8900 11564  6719 11515 10878  8350 12176 10610 10602  7303 11800
  6998  9612  7828 12262  7906] [] 1716264893.5708763599
[ 1  1  1  1  1  1  1 -1  1  1  1  1  1  1  1  1  1] [ 2 11 18 19 20 21 26 27 28 29 42 44 45 47 53 54 61] [14994  8874 10898  6538 11323 10773  8286 12472 10497 10581  7235 11285
  6895  9362  7826 12234  7821] [] 1716264893.6139202118
[ 1 -1  1  1 -1  1  1 -1 -1  1  1  1  1 -1  1  1  1  1] [ 2 11 18 19 20 21 26 27 28 29 42 44 45 46 47 53 54 61] [14610  8950 10673  6176 11407 10696  8246 12839 10721 10544  6991  9999
  6127 12210  8855  7565 12229  7750] [] 1716264893.6569564342
[1 1 1 1 1 1 1 1 1 1 1 1 1 1 1 1 1 1] [ 2 11 18 19 20 21 26 27 28 29 42 44 45 46 47 53 54 61] [14122  8765 10299  6046 10979 10564  8114 12694 10655 10422  6781  9148
  5652 11825  8375  7374 12116  7583] [] 1716264893.6999030113
[ 1  1  1  1  1 -1 -1 -1  1  1  1  1  1  1  1  1 -1  1] [ 2 11 18 19 20 21 26 27 28 29 42 44 45 46 47 53 54 61] [14107  8723 10194  5889 10822 10593  8137 12698 10571 10415  6476  8901
  5544 10715  8137  7245 12143  7571] [] 1716264893.7429602146
[ 1 -1 -1 -1  1  1  1 -1  1 -1  1  1  1  1  1  1  1  1 -1 -1 -1] [ 2 10 11 18 19 20 21 23 26 27 28 29 42 44 45 46 47 53 54 55 61] [14105 15234  8759 10259  5793 10779 10550 15751  7905 13088 10081 10360
  6076  8244  5451  9891  7948  7201 12227 12086  7682] [] 1716264893.7859587669
[-1 -1  1  1  1  1  1 -1 -1  1  1 -1 -1  1  1  1  1  1  1 -1  1  1] [ 2 10 11 18 19 20 21 23 26 27 28 29 36 42 44 45 46 47 53 54 55 61] [14159 15464  8722  8823  5647 10739 10537 15785  7973  9656 10025 10410
 11524  5755  7831  5198  9570  7886  7030 12248 11286  7558] [] 1716264893.8289322853
[ 1 -1  1 -1  1  1  1  1  1  1  1  1  1  1  1  1  1  1  1  1  1  1  1] [ 2  3 10 11 18 19 20 21 23 26 27 28 29 36 42 44 45 46 47 53 54 55 61] [13832 13590 15342  8781  7887  5546 10652 10485 15303  7871  9437  9826
 10305  9672  5385  7602  5039  9390  7382  6694 12108 10962  7389] [] 1716264893.8719432354
[-1  1  1  1  1  1 -1  1  1  1  1  1  1  1  1  1  1  1  1  1  1  1  1] [ 2  3 10 11 18 19 20 21 23 26 27 28 29 36 42 44 45 46 47 53 54 55 61] [14186 13310 13970  8715  7539  5301 10690 10425 15080  7783  9292  8187
 10272  9640  4979  7276  4870  9295  7144  6616 12044 10828  7297] [] 1716264893.9158294201
[-1  1  1  1  1  1  1  1  1  1  1  1  1  1  1  1  1  1  1  1  1  1  1] [ 2  3 10 11 18 19 20 21 23 26 27 28 29 36 42 44 45 46 47 53 54 55 61] [14194 11965 13571  8640  7427  5173 10551 10408 14848  7103  9256  7798
 10227  8265  4666  7070  4763  7885  6634  6230 12040  9867  7246] [] 1716264893.9588992596
[-1  1  1  1  1  1  1  1  1  1  1  1 -1  1  1  1  1  1  1  1  1  1  1] [ 2  3 10 11 18 19 20 21 23 26 27 28 29 36 42 44 45 46 47 53 54 55 61] [14359  7708 11989  8402  7296  5048 10530 10369 14633  6601  9087  7432
 10292  7442  4515  6885  4663  7816  6390  5957 12020  9360  7240] [] 1716264894.0019936562
[ 1  1  1  1 -1  1  1  1  1  1 -1  1  1  1 -1  1  1  1  1  1 -1 -1  1  1
  1  1] [ 2  3 10 11 18 19 20 21 23 26 27 28 29 36 37 42 44 45 46 47 50 52 53 54
 55 61] [14037  7468 11471  7234  7330  4906 10414 10317 14608  6375  9093  6631
 10284  7173 16341  4436  6756  4630  7763  5975 10379 14710  5718 11848
  8587  7109] [] 1716264894.0448174477
[-1  1  1  1  1  1  1  1  1  1 -1  1 -1 -1  1  1  1  1  1  1  1  1  1  1
  1  1  1] [ 2  3 10 11 18 19 20 21 23 26 27 28 29 35 36 37 42 44 45 46 47 50 52 53
 54 55 61] [14175  6000  9657  7167  7275  4478 10333 10287 14429  5700  9160  5938
 10309 16013  6574 13226  4189  6529  4493  7605  5690 10261 14013  5386
 11818  7453  6946] [] 1716264894.0877919197
[-1  1  1  1 -1  1  1  1  1  1  1  1  1  1  1  1  1  1  1  1  1  1  1  1
  1  1  1] [ 2  3 10 11 18 19 20 21 23 26 27 28 29 35 36 37 42 44 45 46 47 50 52 53
 54 55 61] [14626  5763  9270  6991  7305  4299 10179 10281 13911  5486  9124  5742
 10237 15157  5747 13096  3964  6375  4394  7419  5450 10217 12920  5305
  9168  7188  6936] [] 1716264894.1308169365
[ 1  1  1 -1  1  1  1  1 -1  1  1  1  1  1  1  1  1  1  1  1  1  1  1  1
  1  1  1] [ 2  3 10 11 18 19 20 21 23 26 27 28 29 35 36 37 42 44 45 46 47 50 52 53
 54 55 61] [14305  5633  9073  7061  7250  4238 10125 10253 13937  5041  8973  5637
 10184 14744  5248 13008  3790  6266  4223  7249  5114 10115 12086  5220
  9083  6651  6772] [] 1716264894.1737823486
[-1  1  1  1  1  1  1 -1  1  1  1  1  1  1  1  1  1  1  1  1  1  1  1  1
  1  1  1] [ 2  3 10 11 18 19 20 21 23 26 27 28 29 35 36 37 42 44 45 46 47 50 52 53
 54 55 61] [14371  5551  9034  6937  7249  3903 10023 10316 13797  4701  8869  5079
  8621 14450  4808 13008  3677  6178  4108  7245  4952 10097 11386  5071
  8957  6225  6745] [] 1716264894.2167870998
[ 1  1  1 -1  1  1  1  1 -1  1  1  1 -1 -1  1  1  1  1  1  1  1  1  1  1
  1  1  1  1] [ 2  3 10 11 18 19 20 21 23 26 27 28 29 34 35 36 37 42 44 45 46 47 50 52
 53 54 55 61] [14055  5455  8201  6939  6979  3841  8599 10210 13809  4508  8753  4965
  8631 12065 14411  4337 12816  3487  5716  3925  7109  4683  9959 10639
  4865  8838  5946  6686] [] 1716264894.2598156929
[ 1  1  1 -1 -1  1  1 -1  1  1  1  1  1  1  1  1 -1  1  1  1  1  1 -1  1
  1  1  1  1] [ 2  3 10 11 18 19 20 21 23 26 27 28 29 34 35 36 37 42 44 45 46 47 50 52
 53 54 55 61] [14038  5328  7400  6974  6986  3785  8131 10284 13555  4356  8644  4777
  8225 11820 14277  4121 12932  3373  5191  3839  7049  4487  9971 10288
  4784  8786  5743  6538] [] 1716264894.3028202057
[ 1  1  1  1  1  1  1  1  1  1  1  1  1  1  1  1  1  1  1  1  1  1  1  1
  1  1  1 -1] [ 2  3 10 11 18 19 20 21 23 26 27 28 29 34 35 36 37 42 44 45 46 47 50 52
 53 54 55 61] [13744  5303  6785  6866  6983  3764  8073 10142 13466  4279  8608  4612
  8188 11733 12868  3881 12852  3208  4956  3720  6851  4379  9885 10146
  4666  8678  5627  6599] [] 1716264894.3457741737
[ 1  1  1 -1 -1  1  1 -1 -1  1  1  1  1  1  1  1  1  1  1  1  1  1 -1 -1
  1  1 -1 -1  1] [ 2  3 10 11 18 19 20 21 23 26 27 28 29 34 35 36 37 42 44 45 46 47 50 52
 53 54 55 60 61] [13704  5156  5841  6887  7117  3712  7933 10153 13540  4039  8584  4507
  8144 11706 12696  3662 12758  3066  4643  3555  6557  4217 10239 10342
  4524  8572  5664 13692  6495] [] 1716264894.3887522221
[-1  1 -1  1 -1  1  1  1  1  1 -1  1  1  1 -1  1  1  1  1  1  1  1 -1 -1
  1  1  1  1  1 -1] [ 2  3 10 11 18 19 20 21 23 26 27 28 29 34 35 36 37 42 44 45 46 47 50 51
 52 53 54 55 60 61] [13773  5118  5951  6803  7265  3665  7820 10093 13520  3973  8943  4401
  7439 11594 12880  3532 12747  3051  4499  3375  6490  4121 10393 12261
  9872  4409  8528  5482 10609  6591] [] 1716264894.4317765236
[ 1  1  1 -1  1  1  1  1  1 -1  1  1  1  1  1  1  1  1 -1  1  1  1  1  1
 -1  1  1  1  1  1  1  1] [ 2  3 10 11 18 19 20 21 23 24 26 27 28 29 34 35 36 37 41 42 44 45 46 47
 50 51 52 53 54 55 60 61] [13448  5034  5703  6820  7233  3608  7804 10048 13445 15085  3764  8805
  4101  6407  8804 12812  3414 12352 14483  3048  4400  3252  6431  4044
 10449 11955  9803  4328  8436  5260 10197  6481] [] 1716264894.4748117924
[-1  1  1  1 -1  1  1 -1  1  1  1  1  1  1  1 -1  1  1  1  1  1  1  1  1
  1  1  1  1  1  1  1  1] [ 2  3 10 11 18 19 20 21 23 24 26 27 28 29 34 35 36 37 41 42 44 45 46 47
 50 51 52 53 54 55 60 61] [13830  4639  5375  6166  7237  3536  7690 10102 13412 14774  3743  8725
  3984  5243  7674 13824  3274 12320 14411  2928  4362  3071  6187  3949
 10367 11141  9540  4124  8252  5113  9685  6376] [] 1716264894.5179460049
[ 1  1  1  1 -1  1  1  1  1  1  1  1  1  1  1 -1  1  1  1  1  1  1  1  1
  1  1  1  1  1  1  1  1  1  1] [ 2  3 10 11 12 18 19 20 21 23 24 26 27 28 29 32 34 35 36 37 41 42 44 45
 46 47 50 51 52 53 54 55 60 61] [13575  4275  5199  5695 12647  6473  3460  7552 10018 13322 14600  3643
  8624  3801  5071 14299  7333 12376  3115 12184 14389  2863  4168  2966
  5855  3845 10285 11009  9517  3895  8232  5056  8568  6318] [] 1716264894.5608038902
[ 1  1  1  1  1  1  1  1  1  1  1  1  1  1  1  1  1  1  1  1  1  1  1  1
  1  1  1  1  1  1  1 -1  1  1] [ 2  3 10 11 12 18 19 20 21 23 24 26 27 28 29 32 34 35 36 37 41 42 44 45
 46 47 50 51 52 53 54 55 60 61] [13515  4157  5063  5066 12295  6439  3448  7482  9920 13240 14578  3487
  8593  3662  4966 13165  7165 12104  3041 11812 14335  2773  4092  2807
  5783  3793 10233 11003  9434  3785  8139  5068  8408  6303] [] 1716264894.6038732529
[-1  1  1  1  1  1  1  1 -1 -1 -1 -1  1  1  1 -1  1  1  1  1  1  1  1  1
  1 -1  1  1  1  1  1  1  1  1 -1] [ 1  2  3 10 11 12 18 19 20 21 23 24 26 27 28 29 32 34 35 36 37 41 42 44
 45 46 47 50 51 52 53 54 55 60 61] [16311 13250  4040  5047  4499 12111  6367  3438  7488  9969 13295 14691
  3423  8359  3570  4979 11370  7109 11936  2973 11503 14251  2635  3950
  2703  5784  3576 10188  8768  9308  3689  8097  4984  7366  6311] [] 1716264894.6468119621
[ 1  1  1  1  1  1  1  1  1 -1  1  1  1  1  1  1  1  1  1  1  1  1  1  1
  1  1  1  1  1  1  1  1  1  1] [ 2  3 10 11 12 18 19 20 21 23 24 26 27 28 29 32 34 35 36 37 41 42 44 45
 46 47 50 51 52 53 54 55 60 61] [12641  3825  4773  3410 11699  5923  3375  7372  9852 13333 14532  3137
  7178  3321  4808 10902  6946 11876  2828 10956 14127  2550  3894  2631
  5307  3436  9058  8747  9270  3544  8051  4768  6568  6266] [] 1716264894.6898269653
[ 1  1  1  1 -1 -1  1  1 -1 -1 -1  1  1  1  1  1  1  1  1 -1 -1  1  1  1
  1  1 -1  1  1  1  1 -1  1 -1] [ 2  3 10 11 12 18 19 20 21 23 24 26 27 28 29 32 34 35 36 37 41 42 44 45
 46 47 50 51 52 53 54 55 60 61] [12374  3803  4661  3165 11764  5927  3331  7335  9856 13362 14566  3107
  7112  3237  4759 10852  6928 11876  2775 11000 14211  2472  3745  2603
  5282  3364 10115  8389  9040  3452  7593  4792  6441  6308] [] 1716264894.7328035831
[ 1  1  1  1  1  1 -1  1  1  1  1  1  1  1  1  1 -1  1  1 -1  1  1  1  1
  1  1  1  1  1  1  1  1  1  1] [ 2  3 10 11 12 18 19 20 21 23 24 26 27 28 29 32 34 35 36 37 41 42 44 45
 46 47 50 51 52 53 54 55 60 61] [12186  3763  4575  2991 11518  5848  3345  7290  9442 13334 14221  3065
  7047  3211  4471 10367  7008 11658  2716 11082 14079  2407  3514  2477
  4755  3274  8849  8129  8563  3427  7566  4676  6184  6226] [] 1716264894.7758433819
[ 1  1  1  1  1  1  1 -1  1 -1  1  1  1  1  1  1  1  1  1 -1 -1  1  1  1
  1 -1  1  1  1  1  1  1  1  1  1] [ 2  3 10 11 12 18 19 20 21 23 24 26 27 28 29 32 34 35 36 37 38 41 42 44
 45 46 47 50 51 52 53 54 55 60 61] [ 8143  3755  4493  2785 10075  5448  3286  7300  8744 13339 13218  3011
  7038  3021  4299 10305  6644 11304  2631 11169 13343 13961  2321  3375
  2383  4794  3157  8659  8073  8005  3277  7435  4586  6150  6139] [] 1716264894.8188219070
[ 1  1  1  1  1  1  1  1  1 -1  1  1  1  1  1 -1  1  1  1 -1  1  1  1 -1
  1 -1  1  1  1  1  1  1 -1  1  1  1] [ 2  3 10 11 12 18 19 20 21 23 24 26 27 28 29 32 34 35 36 37 38 41 42 43
 44 45 46 47 50 51 52 53 54 55 60 61] [ 7919  3303  4299  2664  8593  5403  3224  7145  8485 13406 12644  2985
  7028  2902  4238 10417  5735 11208  2530 11592 10591 13887  2305 16079
  3360  2391  4790  3137  8608  8058  7715  3100  7559  4532  5819  6084] [] 1716264894.8618347645
[-1  1  1  1  1  1  1  1 -1  1 -1  1  1 -1  1 -1  1  1  1  1  1  1  1  1
  1  1  1  1  1  1  1  1  1  1  1  1 -1] [ 1  2  3 10 11 12 18 19 20 21 23 24 26 27 28 29 32 34 35 36 37 38 41 42
 43 44 45 46 47 50 51 52 53 54 55 60 61] [15837  7880  3265  4139  2635  8072  5227  3218  7172  8444 13533 12418
  2915  7078  2852  4263 10352  5725 11044  2503 10678  7983 13731  2230
 15771  3224  2343  4651  2993  7000  8020  7377  3025  7467  4488  5551
  6087] [] 1716264894.9048097134
[ 1 -1  1  1  1  1  1  1  1  1 -1  1  1 -1  1 -1  1  1  1  1  1  1  1  1
 -1  1  1  1  1 -1 -1  1  1  1  1  1  1] [ 1  2  3 10 11 12 18 19 20 21 23 24 26 27 28 29 32 34 35 36 37 38 41 42
 43 44 45 46 47 50 51 52 53 54 55 60 61] [15558  7943  3162  3991  2495  7602  4759  3207  7099  8378 13541 12279
  2837  7126  2777  4303 10264  5615 11036  2408 10512  6079 13722  2108
 16219  3076  2253  4632  2922  7438  8063  7092  2971  6715  4432  5263
  6074] [] 1716264894.9480152130
[ 1  1  1 -1  1  1  1  1 -1  1  1  1  1  1  1  1  1  1 -1  1 -1  1  1  1
  1  1 -1  1  1  1 -1  1  1  1  1  1] [ 1  2  3 10 11 12 18 19 20 21 23 24 26 27 28 29 32 34 35 36 37 38 41 42
 44 45 46 47 50 51 52 53 54 55 60 61] [15319  7919  2889  4073  2365  6826  4731  3153  7140  8293 13479 11447
  2771  7076  2721  4223 10260  5372 11973  2362 10547  5986 13719  2079
  3040  2191  4655  2880  7129  7980  7106  2909  6482  4420  5236  5979] [] 1716264894.9908499718
[-1  1 -1  1  1  1  1  1  1  1  1  1 -1 -1  1  1  1 -1  1  1  1  1  1  1
 -1  1  1  1  1  1 -1 -1  1  1  1 -1 -1] [ 1  2  3 10 11 12 18 19 20 21 23 24 25 26 27 28 29 32 34 35 36 37 38 41
 42 44 45 46 47 50 51 52 53 54 55 60 61] [15349  7817  2919  4042  2321  6814  4603  3136  7008  8241 13451 11052
 16201  2775  7058  2712  4199 10311  5343 11883  2311 10418  5906 13627
  2095  3020  2191  4599  2876  7072  7982  7186  2903  6423  4384  5263
  5981] [] 1716264895.0338451862
[-1  1  1  1  1 -1 -1  1  1 -1  1  1  1  1 -1  1  1  1 -1 -1  1  1  1  1
  1 -1  1 -1  1  1  1 -1  1  1  1  1  1 -1] [ 1  2  3 10 11 12 18 19 20 21 23 24 25 26 27 28 29 32 34 35 36 37 38 41
 42 43 44 45 46 47 50 51 52 53 54 55 60 61] [15459  7761  2858  4036  2303  6849  4635  3123  6960  8304 13447 10388
 16046  2739  7106  2708  4109 10234  5359 11987  2297  9913  5863 13625
  2063 15535  3008  2195  4563  2863  7040  8009  7136  2865  6347  4384
  5182  6050] [] 1716264895.0767974854
[ 1 -1  1  1  1  1  1  1 -1 -1 -1  1  1 -1  1  1 -1 -1  1  1 -1  1  1 -1
 -1  1 -1  1 -1 -1 -1  1 -1  1  1 -1  1  1] [ 1  2  3 10 11 12 18 19 20 21 23 24 25 26 27 28 29 32 34 35 36 37 38 41
 42 43 44 45 46 47 50 51 52 53 54 55 60 61] [15355  7829  2842  4004  2293  6726  4559  3118  6975  8323 13503 10041
 15846  2751  7093  2695  4159 10247  5339 11823  2315  8580  5768 13701
  2067 15086  3020  2175  4597  2868  7042  7969  7146  2843  6205  4428
  5158  5966] [] 1716264895.1198503971
[ 1  1 -1  1 -1 -1  1 -1  1  1  1  1 -1  1 -1 -1 -1  1  1 -1  1 -1 -1 -1
 -1  1 -1 -1 -1 -1 -1 -1  1 -1 -1 -1 -1 -1] [ 1  2  3 10 11 12 18 19 20 21 23 24 25 26 27 28 29 32 34 35 36 37 38 41
 42 43 44 45 46 47 50 51 52 53 54 55 60 61] [15180  7824  2862  4000  2326  6749  4541  3122  6959  8213 13479  9978
 15864  2733  7181  2726  4178 10227  5287 11847  2289  9608  6970 13826
  2151 15047  3056  2263  4711  2939  9269  8093  7014  2922  6501  4484
  5443  6017] [] 1716264895.1628420353
[-1  1 -1 -1 -1 -1 -1 -1  1  1  1  1 -1 -1  1 -1 -1  1 -1  1 -1 -1 -1  1
 -1 -1 -1  1 -1 -1  1 -1 -1 -1  1 -1 -1 -1] [ 1  2  3 10 11 12 18 19 20 21 23 24 25 26 27 28 29 32 34 35 36 37 38 41
 42 43 44 45 46 47 50 51 52 53 54 55 60 61] [15282  7823  3079  4033  2387  6757  4561  3143  6913  8213 13423  9164
 16161  2753  7030  2735  4181 10209  5328 11833  2322  9692  7084 13758
  2227 15303  3096  2259  4715  2953  9191  8098  7407  2990  6239  4548
  5545  6102] [] 1716264895.2057988644
[ 1  1 -1  1  1 -1 -1  1 -1  1 -1 -1 -1 -1  1 -1  1 -1  1 -1 -1 -1 -1 -1
 -1 -1 -1  1 -1  1  1 -1 -1 -1 -1 -1 -1] [ 1  2  3 10 11 12 18 19 20 21 23 24 26 27 28 29 32 34 35 36 37 38 41 42
 43 44 45 46 47 50 51 52 53 54 55 60 61] [15270  7753  3245  4011  2367  7400  4593  3135  7100  8211 13503  9953
  2774  7064  2710  4223 10164  5599 10720  2360 10401  8253 13825  2278
 15743  3172  2357  4645  3088  8699  8077  7449  3069  6579  4564  5799
  6138] [] 1716264895.2487828732
[ 1 -1 -1  1 -1 -1 -1 -1  1 -1  1 -1 -1 -1 -1  1 -1 -1 -1 -1  1 -1 -1 -1
 -1 -1 -1 -1 -1 -1 -1 -1 -1 -1 -1 -1] [ 1  2  3 10 11 12 18 19 20 21 23 24 26 27 28 29 32 34 35 36 37 38 41 42
 44 45 46 47 50 51 52 53 54 55 60 61] [15180 11603  3570  4007  2503  7908  5159  3170  6961  8213 13407 11204
  2791  7088  2741  4207 10185  5981 10744  2437 10383 12569 14119  2354
  3284  2389  4875  3263  8814  8106  7556  3185  6719  4696  6875  6170] [] 1716264895.2918474674
[-1  1 -1 -1 -1 -1 -1 -1 -1  1 -1 -1 -1  1 -1 -1  1 -1 -1 -1 -1 -1  1 -1
 -1 -1 -1 -1 -1  1 -1 -1 -1 -1 -1 -1] [ 1  2  3 10 11 12 18 19 20 21 23 24 26 27 28 29 32 34 35 36 37 38 41 42
 44 45 46 47 50 51 52 53 54 55 60 61] [15409 11483  3663  4279  2546  9847  5196  3213  6981  8166 13543 12225
  3071  7078  2797  4223 10061  6855 10776  2456 10533 14647 14107  2360
  3363  2429  5197  3400  9871  7964  7876  3269  6777  4736  6953  6279] [] 1716264895.3348276615
[-1  1 -1 -1 -1 -1 -1  1  1 -1  1  1 -1  1  1 -1 -1 -1 -1 -1  1 -1 -1 -1
 -1 -1 -1 -1 -1 -1 -1 -1 -1 -1  1] [ 1  2  3 10 11 12 18 19 20 21 23 24 26 27 28 29 32 34 35 36 37 41 42 44
 45 46 47 50 51 52 53 54 55 60 61] [15459 11240  3710  4307  2653 11311  5260  3180  6947  8241 13345 12144
  3098  7000  2786  4535 10091  6899 10906  2542 10328 14309  2515  3479
  2567  5243  3547 10037  8372  8315  3410  6890  4812 10009  6242] [] 1716264895.3778192997
[ 1  1 -1 -1 -1 -1 -1 -1 -1 -1  1  1 -1  1 -1 -1 -1  1 -1 -1  1 -1 -1 -1
 -1 -1 -1 -1 -1 -1 -1 -1  1 -1  1] [ 1  2  3 10 11 12 18 19 20 21 23 24 26 27 28 29 32 34 35 36 37 41 42 44
 45 46 47 50 51 52 53 54 55 60 61] [15454 11129  3835  4339  3309 11631  5619  3210  7174  8317 13332 12008
  3135  6992  2865  4538 10262  6887 11062  2661 10269 14540  2664  3702
  2699  5255  3620 10119  8438  9138  3605  7076  4804 13178  6223] [] 1716264895.4208304882
[ 1 -1 -1 -1 -1 -1  1 -1  1  1  1  1 -1 -1 -1 -1 -1 -1 -1 -1 -1 -1 -1 -1
 -1  1 -1  1 -1 -1 -1 -1 -1] [ 1  2  3 10 11 12 18 19 20 21 23 24 26 27 28 29 34 35 36 37 42 44 45 46
 47 50 51 52 53 54 55 60 61] [15443 11210  4030  4511  4082 12331  5533  3259  7165  8280 13229 11898
  3205  7198  3060  4590  6903 11236  2863 10400  2678  3784  2799  5794
  3783 10055  8757  9014  3691  7955  4912 13764  6248] [] 1716264895.4638068676
[-1 -1 -1 -1 -1  1 -1 -1 -1 -1  1 -1 -1 -1 -1 -1 -1  1 -1  1 -1 -1 -1 -1
 -1  1 -1 -1 -1 -1 -1  1] [ 1  2  3 10 11 12 18 19 20 21 23 24 26 27 28 29 34 35 36 37 42 44 45 46
 47 50 51 52 53 54 55 61] [15508 11259  4077  4639  4705 12157  5655  3260  7222  9590 13197 12020
  3289  8134  3069  4655  6930 11234  2892 10394  2716  3900  2855  5807
  3975 10046  9995  9083  3747  8037  5044  6241] [] 1716264895.5068128109
[-1  1 -1 -1 -1 -1 -1 -1  1  1 -1 -1 -1 -1 -1 -1  1  1 -1 -1 -1 -1 -1 -1
 -1 -1 -1 -1 -1 -1  1] [ 1  2  3 10 11 12 18 19 20 21 23 24 26 27 28 29 34 35 36 37 42 44 45 46
 47 50 52 53 54 55 61] [15633 11138  4862  4647  5506 15177  5811  3288  7217  9580 13229 12285
  3340  8149  3227  4739  6927 11228  2992 10510  2766  4187  2965  6034
  4073 10124  9418  3938  8235  5216  6238] [] 1716264895.5499753952
[-1 -1  1 -1 -1 -1 -1 -1 -1 -1  1 -1 -1 -1 -1 -1  1 -1 -1 -1 -1 -1 -1 -1
 -1 -1 -1 -1 -1 -1 -1] [ 1  2  3 10 11 12 18 19 20 21 23 24 26 27 28 29 34 35 36 37 42 44 45 46
 47 50 52 53 54 55 61] [15651 11222  4834  4853  5917 15855  5874  3302  7359  9652 13091 12538
  3397  8162  3292  4871  6921 11376  3133 11068  3029  4373  3185  6545
  4256 10395  9554  4067  8329  5508  6325] [] 1716264895.5929613113
[ 1 -1 -1 -1 -1 -1 -1 -1  1 -1 -1 -1 -1 -1 -1 -1 -1 -1 -1 -1 -1 -1  1  1
 -1 -1 -1 -1] [ 2  3 10 11 18 19 20 21 23 26 27 28 29 34 35 36 37 42 44 45 46 47 50 52
 53 54 55 61] [11153  4873  5099  6553  6361  3372  7374  9656 13028  3470  8264  3570
  5898  7577 11609  3315 11256  3173  4684  3422  6690  4376 10165  9468
  4278  8522  5638  6462] [] 1716264895.6359884739
[ 1 -1 -1  1 -1 -1 -1 -1  1 -1  1 -1 -1 -1 -1 -1 -1 -1 -1 -1 -1 -1 -1 -1
 -1 -1 -1 -1] [ 2  3 10 11 18 19 20 21 23 26 27 28 29 34 35 36 37 42 44 45 46 47 50 52
 53 54 55 61] [11045  4933  5197  6538  6492  3414  7430  9697 13010  3691  8000  3686
  5916  8896 11883  3500 11520  3343  4948  3571  6869  4579 10311  9790
  4484  8683  5971  6617] [] 1716264895.6789102554
[-1 -1 -1  1 -1 -1 -1  1  1 -1 -1 -1 -1 -1 -1 -1 -1 -1 -1 -1 -1 -1 -1 -1
 -1 -1 -1 -1] [ 2  3 10 11 18 19 20 21 23 26 27 28 29 34 35 36 37 42 44 45 46 47 50 52
 53 54 55 61] [11158  5006  5679  6486  6579  3471  7572  9660 12984  3845  8085  3876
  5943  9473 12234  3714 12464  3502  5182  3729  6969  4788 10329 10063
  4660 11379  6626  6706] [] 1716264895.7219693661
[-1 -1 -1 -1 -1 -1 -1 -1 -1 -1 -1 -1 -1 -1 -1 -1 -1 -1 -1 -1 -1 -1 -1 -1
  1 -1 -1] [ 2  3 10 11 18 19 20 21 23 26 27 28 29 34 35 36 37 42 44 45 46 47 52 53
 54 55 61] [11250  5175  6062  6789  6661  3491  7826  9717 13151  4071  8115  4018
  7487 11449 12444  3994 12558  3519  5480  3972  7066  5025 10715  4729
 11370  7204  6834] [] 1716264895.7650456429
[-1 -1 -1 -1 -1 -1 -1 -1 -1 -1 -1 -1 -1 -1 -1 -1 -1 -1 -1 -1 -1 -1 -1 -1
 -1 -1 -1] [ 2  3 10 11 18 19 20 21 23 26 27 28 29 34 35 36 37 42 44 45 46 47 52 53
 54 55 61] [11512  5223  6450  6800  6979  3517  9527  9788 13161  4379  8120  4293
  7496 11678 12499  4463 12808  3859  5793  4243  8501  5329 11719  5030
 11544  8573  7051] [] 1716264895.8081529140
[ 1 -1 -1 -1 -1 -1 -1 -1  1 -1 -1 -1 -1 -1 -1 -1 -1  1 -1 -1  1 -1 -1 -1
 -1 -1  1] [ 2  3 10 11 18 19 20 21 23 26 27 28 29 34 35 36 37 42 44 45 46 47 52 53
 54 55 61] [11287  8781  7381  6911  7056  3598  9575  9832 13146  4747  8156  4665
  7654 11930 14324  5489 13224  3856  6068  4325  8472  5443 12647  5333
 11628 10599  7040] [] 1716264895.8511915207
[-1  1 -1  1 -1 -1 -1 -1  1 -1  1 -1 -1 -1  1 -1 -1 -1 -1 -1 -1 -1 -1 -1
 -1 -1 -1] [ 2  3 10 11 18 19 20 21 23 26 27 28 29 34 35 36 37 42 44 45 46 47 52 53
 54 55 61] [11367  8618  7892  6879  7134  3667  9606  9912 13121  4835  8150  4986
  7741 15117 14249  5994 13480  4160  6300  4447  8570  5781 15395  5688
 11760 10858  7126] [] 1716264895.8941683769
[-1  1  1 -1  1 -1 -1  1 -1 -1 -1 -1 -1 -1 -1  1 -1 -1 -1 -1 -1 -1 -1 -1
 -1] [ 2  3 10 11 18 19 20 21 23 26 27 28 29 35 36 37 42 44 45 46 47 53 54 55
 61] [12149  8508  7875  6926  7129  3763  9724  9811 13224  5230  8179  5348
  7743 14319  6445 13480  4422  6609  4537  8588  6098  5933 11837 15963
  7184] [] 1716264895.9371683598
[-1 -1 -1 -1 -1 -1 -1 -1 -1 -1  1 -1 -1 -1 -1 -1 -1 -1 -1 -1 -1 -1  1  1] [ 2  3 10 11 18 19 20 21 23 26 27 28 29 35 36 37 42 44 45 46 47 53 54 61] [13759 13260  8074  6964  7280  3920  9791  9845 13312  5862  8165  6187
  7843 14357  7334 13503  4594  6700  4669  8645  6638  6264 11796  7109] [] 1716264895.9801506996
[-1 -1 -1 -1 -1 -1 -1 -1  1 -1 -1 -1 -1  1 -1 -1 -1 -1 -1 -1 -1 -1 -1] [ 2  3 10 11 18 19 20 21 23 26 27 28 29 35 36 42 44 45 46 47 53 54 61] [14927 14053  8173  7059  7371  4056  9807  9883 13191  6100  8225  7452
  7933 14166  7837  5231  7533  5119  8843  7216  6558 12112  7422] [] 1716264896.0232205391
[-1 -1  1 -1 -1 -1 -1 -1 -1 -1 -1 -1 -1 -1 -1 -1 -1 -1 -1 -1 -1  1] [ 2 10 11 18 19 20 21 23 26 27 28 29 35 36 42 44 45 46 47 53 54 61] [15335  8448  7037  7373  4347 10010  9963 13421  6982  8287  8983  7971
 14255 10374  5295  7925  5183  8949  7428  6657 12279  7385] [] 1716264896.0661787987
[-1 -1 -1 -1 -1 -1  1 -1 -1 -1 -1 -1 -1 -1 -1 -1 -1 -1 -1 -1 -1 -1] [ 2 10 11 18 19 20 21 23 26 27 28 29 35 36 42 44 45 46 47 53 54 61] [15530  8903  7116  7421  4680 10065  9962 13519  7528  8303  9099  8161
 14275 10927  5764  8127  6151  9756  8266  6949 12342  7645] [] 1716264896.1090898514
[ 1 -1 -1 -1 -1 -1 -1 -1 -1 -1 -1 -1 -1 -1 -1 -1 -1 -1 -1 -1 -1] [ 2 10 11 18 19 20 21 23 26 27 28 29 35 42 44 45 46 47 53 54 61] [12495 14318  7882  7463  5042 10149 10047 13819  7819  8571  9302 10299
 15422  5807  8584  6318 11789  8399  7080 12356  7702] [] 1716264896.1519503593
[-1  1 -1 -1 -1 -1 -1 -1  1  1 -1 -1 -1 -1 -1 -1 -1 -1 -1] [ 2 10 11 18 19 20 21 23 26 27 28 29 42 44 45 47 53 54 61] [12636 13689  7904  7547  5228 10163 10172 14252  7812  8498 10191 10407
  6515  9074  6480  9658  7258 12529  8458] [] 1716264896.1950504780
[ 1 -1 -1 -1 -1 -1 -1 -1 -1 -1 -1 -1 -1 -1 -1 -1  1] [ 2 10 11 18 19 20 21 23 26 27 28 29 42 44 45 47 53] [12156 14550  8673  7684  5502 10312 10247 14885  7977  8738 10263 10428
  6948 10776  6703 10651  6553] [] 1716264896.2381525040
[-1 -1  1 -1 -1 -1 -1 -1 -1 -1  1  1  1 -1  1 -1  1] [ 2 10 11 18 19 20 21 23 26 27 28 29 42 44 45 47 53] [14184 14721  8582  7880  5566 10441 10297 15572  8090  8999 10206 10312
  6885 12106  6651 14856  6544] [] 1716264896.2810781002
[-1 -1 -1 -1 -1 -1  1 -1 -1  1  1 -1  1 -1] [ 2 11 18 19 20 21 26 27 28 29 42 44 45 53] [14442  8584  7914  5611 10516 10360  8058  9074 10213 10293  6808 12156
  6623  6922] [] 1716264896.3240897655
[-1 -1 -1 -1 -1 -1 -1 -1  1 -1 -1 -1  1 -1] [ 2 11 18 19 20 21 26 27 28 29 42 44 45 53] [15134  8651  8008  5717 10606 10379  8292  9259 10167 10365  6972 12441
  6591  8020] [] 1716264896.3670921326
[-1 -1 -1 -1 -1 -1  1 -1 -1  1 -1 -1 -1 -1] [ 2 11 18 19 20 21 26 27 28 29 42 44 45 53] [15487  8740 10934  5931 10845 10380  8252 12601 10279 10346  7633 12479
  6638  8811] [] 1716264896.4100441933
[ 1  1 -1 -1  1  1  1 -1 -1 -1 -1 -1] [11 19 20 21 26 27 28 29 42 44 45 53] [ 8617  5886 11148 10480  8161 12323 10196 10440  7695 12684  6672 10611] [] 1716264896.4530379772
[-1 -1 -1 -1 -1 -1 -1 -1 -1 -1 -1 -1 -1] [ 2 11 19 20 21 26 27 28 29 42 44 45 53] [15180  8753  6296 11334 10665  8385 12337 10310 10524  8251 13060  6749
 11410] [] 1716264896.4961452484
[-1 -1 -1 -1 -1 -1 -1  1 -1 -1 -1  1] [ 2 11 19 20 21 26 27 28 29 42 44 45] [15464  8833  6518 12086 10677  8607 12375 10291 10568  8349 13167  6579] [] 1716264896.5392539501
[-1 -1 -1 -1 -1 -1 -1 -1 -1 -1 -1 -1] [ 2 11 19 20 21 26 27 28 29 42 44 45] [16339  8959  6952 13062 10844  8682 12773 10302 10636  8490 13182  6622] [] 1716264896.5820138454
[-1 -1 -1  1 -1 -1 -1 -1 -1  1 -1] [11 19 20 21 26 27 28 29 42 44 45] [ 8991  7018 13482 10762  8804 12804 10330 10697  9461 13031  6823] [] 1716264896.6250765324
[-1 -1 -1 -1 -1  1 -1 -1 -1 -1 -1] [11 19 20 21 26 27 28 29 42 44 45] [ 9144  7317 13950 10978  9020 12767 10517 10914 10067 13098  6863] [] 1716264896.6681447029
[-1 -1 -1 -1 -1  1 -1 -1 -1 -1 -1] [11 19 20 21 26 27 28 29 42 44 45] [ 9209  7451 14312 11082  9557 12617 10708 10969 10250 14459  6983] [] 1716264896.7111034393
[-1 -1 -1 -1 -1 -1 -1 -1 -1  1  1] [11 19 20 21 26 27 28 29 42 44 45] [ 9353  7909 15973 12069 13138 12640 10837 11194 10383 14281  6927] [] 1716264896.7540833950
[-1 -1 -1  1  1  1 -1 -1 -1] [11 19 26 27 28 29 42 44 45] [ 9356  9490 13323 12583 10751 11050 10798 14977  6933] [] 1716264896.7970559597
[-1 -1 -1 -1 -1  1 -1  1] [11 19 26 27 28 29 42 45] [ 9490  9796 14166 12642 10920 10964 11535  6871] [] 1716264896.8399899006
[ 1 -1  1  1 -1 -1 -1] [11 19 27 28 29 42 45] [ 9406  9824 12469 10853 11075 12460  7000] [] 1716264896.8830914497
[-1 -1 -1 -1 -1 -1 -1] [11 19 27 28 29 42 45] [ 9592  9918 12592 10883 11429 12526  7065] [] 1716264896.9260172844
[-1 -1 -1 -1 -1 -1 -1] [11 19 27 28 29 42 45] [ 9726 10012 12841 10975 11714 12766  7073] [] 1716264896.9690878391
[ 1  1 -1  1 -1] [11 19 27 28 45] [ 9714  9999 12865 10943  7999] [] 1716264897.0119390488
[ 1  1 -1  1 -1] [11 19 27 28 45] [ 9687  9989 12990 10866  8090] [] 1716264897.0550596714
[ 1  1 -1 -1] [11 19 28 45] [ 9641  9880 10894  8520] [] 1716264897.0980367661
[-1 -1 -1 -1] [11 19 28 45] [ 9952 10117 11290  8745] [] 1716264897.1410799026
[-1 -1 -1 -1] [11 19 28 45] [10141 10298 11461  8846] [] 1716264897.1839971542
[-1 -1 -1 -1] [11 19 28 45] [10359 10493 11632 12263] [] 1716264897.2270896435
[1 1] [28 45] [11101 12193] [] 1716264897.2700579166
[ 1 -1] [28 45] [11071 12310] [] 1716264897.3130421638
[-1 -1  1] [19 28 45] [10783 11350 12191] [] 1716264897.3560769558
[-1] [28] [11399] [] 1716264897.3990113735
[-1] [28] [10945] [] 1716264897.5279626846
[1] [28] [10503] [] 1716264897.5709972382
[-1] [28] [10731] [] 1716264897.6140389442
[1] [28] [10707] [] 1716264897.6570296288
[-1] [28] [10719] [] 1716264897.6999511719
[-1] [28] [11365] [] 1716264897.7430694103
2 2 2 1716264898.0442812443
