FA TAX ADC PRES TS
[-1 -1] [19 28] [11800 12357] [] 1716265434.3949615955
[1 1] [19 28] [10765 12172] [] 1716265434.4379351139
[1 1] [19 28] [10445 11721] [] 1716265434.4809820652
[-1 -1 -1] [11 19 28] [12284 10811 11798] [] 1716265434.5240197182
[1 1 1] [11 19 28] [10919 10726 11678] [] 1716265434.5669741631
[1 1 1] [11 19 28] [10272 10342 11385] [] 1716265434.6099362373
[ 1 -1 -1 -1] [11 19 20 28] [10078 10367 15878 11418] [] 1716265434.6528770924
[1 1 1 1] [11 19 20 28] [ 9929 10031 15593 11364] [] 1716265434.6959948540
[-1 -1  1 -1 -1] [11 19 20 27 28] [ 9934 10066 15561 13919 11413] [] 1716265434.7387740612
[ 1  1 -1  1  1 -1] [11 19 20 27 28 44] [ 9707  9375 15728 13182 11209 14759] [] 1716265434.7817304134
[-1  1  1 -1 -1 -1 -1  1] [11 19 20 26 27 28 29 44] [ 9922  7582 15173 15326 13215 11503 12432 14001] [] 1716265434.8247375488
[ 1  1  1  1  1 -1  1  1] [11 19 20 26 27 28 29 44] [ 9903  7214 15039 12376 13136 11587 12213 13427] [] 1716265434.8677358627
[1 1 1 1 1 1 1 1] [11 19 20 26 27 28 29 44] [ 9641  6223 14367 11563 12842 11206 11785 13316] [] 1716265434.9108533859
[1 1 1 1 1 1 1 1] [11 19 20 26 27 28 29 44] [ 9427  5739 14066  9641 12715 11166 11310 12989] [] 1716265434.9539484978
[1 1 1 1 1 1 1 1] [11 19 20 26 27 28 29 44] [ 9193  5247 13756  9200 12513 10984 10908 12893] [] 1716265434.9969062805
[ 1  1  1 -1  1  1  1  1  1 -1] [11 19 20 21 26 27 28 29 44 45] [ 9069  4934 13742 11381  8879 12370 10943 10794 12825 12672] [] 1716265435.0399692059
[-1  1  1 -1  1 -1 -1 -1  1  1] [11 19 20 21 26 27 28 29 44 45] [ 9076  4821 13170 11401  8767 12386 10975 10887 12787  8166] [] 1716265435.0829632282
[ 1  1  1  1  1  1  1 -1  1  1] [11 19 20 21 26 27 28 29 44 45] [ 8973  4595 13000 11267  8607 12355 10931 10933 12627  7558] [] 1716265435.1259629726
[-1 -1  1  1  1  1 -1  1  1 -1  1] [11 18 19 20 21 26 27 28 29 44 45] [ 9014 11723  4547 12902 11192  8597 12621 10887 10703 12661  7039] [] 1716265435.1689345837
[ 1  1  1  1  1  1  1  1  1 -1  1 -1] [11 18 19 20 21 26 27 28 29 42 44 45] [ 8875 10864  4315 12658 10654  8441 12596 10628 10495 13899 12542  7046] [] 1716265435.2118794918
[ 1  1 -1  1  1  1 -1  1  1  1 -1  1] [11 18 19 20 21 26 27 28 29 42 44 45] [ 8117 10700  4319 12519 10637  7315 12831 10453 10474 12885 12658  6846] [] 1716265435.2549521923
[ 1  1  1  1  1  1 -1  1  1 -1  1  1  1] [11 18 19 20 21 26 27 28 29 34 42 44 45] [ 6787  9680  4243 12299 10512  6649 12926 10440 10410 12676 12843 12330
  6602] [] 1716265435.2979891300
[-1  1  1  1  1  1  1  1  1  1  1  1  1  1] [10 11 18 19 20 21 26 27 28 29 34 42 44 45] [12602  6099  8810  4090 11721 10345  5650 11328  9727  9510 12363 12470
  9881  6522] [] 1716265435.3408637047
[ 1  1  1  1  1  1 -1  1  1  1  1  1  1  1 -1 -1] [10 11 18 19 20 21 23 26 27 28 29 34 42 44 45 53] [12473  5515  8810  4018 11508 10317 13871  5212 11113  9480  8547 12136
 12279  9848  6556 13384] [] 1716265435.3839414120
[1 1 1 1 1 1 1 1 1 1 1 1 1 1 1 1] [10 11 18 19 20 21 23 26 27 28 29 34 42 44 45 53] [11955  4654  7163  3914 11116 10289 13638  4935 11049  8882  7965  9757
 11873  9585  6379 10084] [] 1716265435.4269514084
[ 1  1  1  1  1 -1  1  1  1  1  1  1 -1  1  1 -1  1] [10 11 18 19 20 21 23 26 27 28 29 34 36 42 44 45 53] [10878  4002  6522  3747  8649 10372 13245  4579 10930  7303  7787  9522
 15525 11805  8758  6483  9690] [] 1716265435.4699702263
[ 1  1  1  1  1  1  1  1  1  1 -1  1  1 -1  1  1  1] [10 11 18 19 20 21 23 26 27 28 29 34 36 42 44 45 53] [ 9714  3948  6480  3711  8556 10292 12924  4482 10716  7009  7842  8727
 13805 11808  8582  6375  6781] [] 1716265435.5128598213
[ 1  1  1  1  1  1 -1  1  1  1  1  1 -1  1 -1  1  1 -1  1] [10 11 18 19 20 21 23 26 27 28 29 34 35 36 37 42 44 45 53] [ 8538  3702  5179  3592  8133 10244 13015  4326  7683  6118  7466  7695
 12003 13416 16344 10402  8147  6466  5532] [] 1716265435.5559782982
[-1  1  1  1  1  1  1  1  1  1  1  1  1  1  1  1  1  1  1  1] [ 3 10 11 18 19 20 21 23 26 27 28 29 34 35 36 37 42 44 45 53] [13032  8457  3462  5019  3486  7945  9990 12883  4048  7090  5693  7331
  6923 10421 13170 13531 10160  6317  6327  5306] [] 1716265435.5989096165
[-1  1  1  1  1  1  1 -1  1  1  1  1  1  1  1  1 -1  1  1 -1 -1] [ 3 10 11 18 19 20 21 23 26 27 28 29 34 35 36 37 42 44 45 46 53] [13166  7907  3181  4523  3446  7722  9906 12924  3939  7008  5325  7145
  6725  9867 13062 13503 11144  5475  6315  9751  5312] [] 1716265435.6418960094
[1 1 1 1 1 1 1 1 1 1 1 1 1 1 1 1 1 1 1 1 1] [ 3 10 11 18 19 20 21 23 26 27 28 29 34 35 36 37 42 44 45 46 53] [ 7223  7075  3090  4391  3314  7679  9856 12662  3793  6755  4541  7055
  6575  8440 10929 13245 10516  4941  6250  8400  4949] [] 1716265435.6849372387
[-1  1  1  1  1  1  1 -1  1  1  1  1  1  1  1  1  1  1  1  1 -1  1] [ 3 10 11 18 19 20 21 23 26 27 28 29 34 35 36 37 42 44 45 46 47 53] [ 7290  6637  2976  4210  3291  7621  9743 12936  3632  6670  4317  5513
  5442  7962 10795 13137 10124  4603  6189  8227 13868  4787] [] 1716265435.7279601097
[ 1  1  1  1  1  1  1 -1  1  1  1  1  1  1  1  1  1  1 -1 -1  1  1 -1] [ 3 10 11 18 19 20 21 23 26 27 28 29 34 35 36 37 42 44 45 46 47 53 54] [ 6902  6125  2894  3803  3286  7482  9731 12961  3427  6575  4087  5419
  5419  7732  8503 11745  9044  4420  6246  8291  9243  4623 12097] [] 1716265435.7709610462
[ 1  1  1 -1  1  1  1  1 -1  1 -1  1  1  1  1  1  1  1 -1  1  1  1  1  1] [ 3 10 11 15 18 19 20 21 23 26 27 28 29 34 35 36 37 42 44 45 46 47 53 54] [ 6607  5739  2825 14285  3647  3195  7280  9576 13059  3256  6629  3758
  5372  5075  7295  6786 11251  8633  4462  6161  8236  8925  4487 11927] [] 1716265435.8138961792
[-1 -1  1  1  1  1  1  1  1 -1  1  1  1  1  1  1  1  1  1  1  1  1  1 -1
  1 -1] [ 1  3 10 11 15 18 19 20 21 23 26 27 28 29 34 35 36 37 42 44 45 46 47 53
 54 61] [16085  6616  5159  2805 14060  3621  3175  7261  9537 13381  3217  6604
  3489  5048  4888  7171  6598  9605  8021  3986  6099  8062  7664  4589
 11772  7470] [] 1716265435.8569307327
[ 1  1  1  1  1  1  1 -1  1  1  1  1  1  1 -1  1  1  1  1  1  1  1  1  1
  1] [ 3 10 11 15 18 19 20 21 23 26 27 28 29 34 35 36 37 42 44 45 46 47 53 54
 61] [ 6266  4695  2624 13625  3572  3121  7030  9558 13059  3089  6494  3331
  4957  4815  7187  6356  8756  6830  3758  5939  7919  7362  4462  9365
  6910] [] 1716265435.8999567032
[ 1  1  1 -1 -1  1  1  1 -1  1  1  1  1  1  1 -1  1  1 -1  1  1  1  1 -1
  1  1  1] [ 3 10 11 12 15 18 19 20 21 23 26 27 28 29 34 35 36 37 42 44 45 46 47 50
 53 54 61] [ 5172  4534  2611 14500 14139  3431  3052  6291  9644 12852  2987  6490
  3263  4477  4790  7421  5750  8459  6926  3599  5739  7855  7203 10294
  4257  9276  6697] [] 1716265435.9429280758
[-1  1  1  1 -1 -1  1  1  1 -1 -1 -1 -1  1  1  1 -1  1 -1  1  1  1  1  1
  1 -1  1  1  1] [ 1  3 10 11 12 15 18 19 20 21 23 26 27 28 29 34 35 36 37 42 44 45 46 47
 50 52 53 54 61] [15581  4979  4438  2487 14604 14367  3373  3024  5294  9766 12927  2997
  6569  3130  4229  4314  7528  5604  8540  6745  3390  5599  7839  7158
 10209 15567  4122  9084  6576] [] 1716265435.9860033989
[ 1  1  1  1  1  1  1  1  1 -1 -1  1  1  1 -1  1  1  1 -1  1  1  1  1  1
 -1  1  1  1  1] [ 1  3 10 11 12 15 18 19 20 21 23 26 27 28 29 34 35 36 37 42 44 45 46 47
 50 52 53 54 61] [15060  4835  4364  2364 13535 13935  3223  2970  5063  9894 12977  2865
  6497  3003  4260  4235  7440  5119  8776  6445  3266  4862  6499  6796
 10256 13719  3924  8986  6367] [] 1716265436.0289063454
[ 1  1  1  1  1  1  1  1  1  1  1  1  1  1  1  1  1  1  1  1  1  1  1  1
 -1  1  1  1  1] [ 1  3 10 11 12 15 18 19 20 21 23 26 27 28 29 34 35 36 37 42 44 45 46 47
 50 52 53 54 61] [14572  4755  4240  2274 13515 13755  3130  2887  4911  9792 12977  2821
  6475  2865  4128  4094  7378  4862  8353  6307  3106  4774  6179  6672
 10277 12295  3776  8924  6279] [] 1716265436.0719735622
[ 1 -1  1  1  1  1  1  1  1 -1  1  1  1  1  1  1  1 -1  1 -1  1  1 -1  1
  1 -1  1  1  1 -1 -1] [ 3 10 11 12 15 18 19 20 21 23 26 27 28 29 34 35 36 37 42 43 44 45 46 47
 50 51 52 53 54 55 61] [ 4359  4272  2216 13420 13509  2979  2861  4516  9764 12986  2765  6459
  2715  4081  4001  7068  4552  8430  5098 14059  3043  4202  6210  6477
 10041  9021  9409  3775  7435  8412  6360] [] 1716265436.1150028706
[-1  1 -1  1 -1 -1  1  1  1  1 -1  1 -1  1  1  1 -1  1 -1  1 -1  1  1  1
  1  1  1  1  1  1  1  1] [ 1  3 10 11 12 15 18 19 20 21 23 26 27 28 29 34 35 36 37 42 43 44 45 46
 47 50 51 52 53 54 55 61] [16367  3911  4428  2166 13575 14751  2889  2817  4405  9228 13066  2708
  6564  2590  4005  3825  7680  4382  8461  4569 14295  2869  3855  5757
  6102  7611  8517  9173  3488  7322  7735  6251] [] 1716265436.1579439640
[ 1  1  1  1  1  1  1  1  1  1 -1  1  1  1  1 -1  1  1  1 -1 -1 -1  1  1
  1  1 -1  1  1  1  1  1  1  1  1] [ 1  3 10 11 12 15 18 19 20 21 23 26 27 28 29 32 34 35 36 37 38 41 42 43
 44 45 46 47 50 51 52 53 54 55 61] [13988  3850  4336  2122 13479 14615  2829  2779  4062  8877 13252  2636
  6460  2520  3967 11038  3623  7341  4173  9080 13935 14463  4129 12291
  2856  3545  5804  5527  7140  8317  8084  3263  7160  6912  6137] [] 1716265436.2009041309
[ 1  1  1  1 -1 -1  1  1  1  1 -1  1 -1  1  1  1  1  1  1  1  1  1  1 -1
  1  1  1  1  1  1 -1  1  1  1 -1] [ 1  3 10 11 12 15 18 19 20 21 23 26 27 28 29 32 34 35 36 37 38 41 42 43
 44 45 46 47 50 51 52 53 54 55 61] [13865  3787  4230  2113 13503 14671  2729  2723  3873  8660 13279  2606
  6474  2472  3926 10770  3495  6669  4062  9045 11699 14325  3819 12294
  2799  3406  5667  4988  5953  8200  8193  3126  6002  6609  6182] [] 1716265436.2439579964
[-1  1  1  1 -1 -1  1  1  1  1 -1 -1  1  1  1  1  1  1  1  1  1  1  1  1
  1  1  1 -1  1  1  1  1  1  1  1  1] [ 1  3 10 11 12 15 18 19 20 21 23 24 26 27 28 29 32 34 35 36 37 38 41 42
 43 44 45 46 47 50 51 52 53 54 55 61] [14255  3748  4128  2061 13567 14911  2677  2686  3626  8581 13485 12110
  2559  6418  2429  3908  9503  3375  6528  3983  8553 11128 14270  3582
 12087  2752  3355  5701  4898  5780  8168  7472  2986  5943  6083  6049] [] 1716265436.2869589329
[ 1  1  1  1  1 -1  1  1  1  1 -1  1  1 -1  1  1  1  1  1  1 -1 -1  1  1
  1  1  1  1  1  1  1  1  1  1  1  1] [ 1  3 10 11 12 15 18 19 20 21 23 24 26 27 28 29 32 34 35 36 37 38 41 42
 43 44 45 46 47 50 51 52 53 54 55 61] [10586  3406  4024  2019 13535 14943  2663  2653  3401  8515 13559 11472
  2522  6425  2352  3855  9251  3171  6385  3774  8709 11367 14132  3121
 11982  2642  3258  5007  4470  5250  8098  6930  2840  5731  4968  5909] [] 1716265436.3299548626
[-1  1  1  1  1  1  1 -1  1  1  1 -1  1  1  1  1  1  1  1  1 -1  1  1  1
  1  1  1 -1  1  1  1  1  1  1  1  1] [ 1  3 10 11 12 15 18 19 20 21 23 24 26 27 28 29 32 34 35 36 37 38 41 42
 43 44 45 46 47 50 51 52 53 54 55 61] [11538  3343  3952  2005 13527 14879  2582  2680  3301  7348 13331 11717
  2485  6419  2292  3503  8874  2959  6146  3629  8721 10095 14027  3067
 11955  2552  3099  5051  4120  4934  8083  6432  2743  5631  4501  5848] [] 1716265436.3730721474
[ 1  1  1  1 -1 -1  1  1  1 -1 -1  1  1  1  1  1  1  1 -1  1  1 -1  1  1
  1  1  1  1  1  1  1  1  1  1  1 -1 -1] [ 1  3 10 11 12 15 18 19 20 21 23 24 26 27 28 29 32 34 35 36 37 38 41 42
 43 44 45 46 47 50 51 52 53 54 55 60 61] [11254  3210  3849  1943 13662 14911  2559  2575  3177  7367 13403 11632
  2447  6336  2233  3424  8359  2923  6160  3418  8504 10513 13965  2758
 11771  2476  3004  4905  3961  4864  7075  6241  2673  5577  4226 13856
  5876] [] 1716265436.4159536362
[ 1  1  1  1  1  1  1  1  1  1  1  1  1 -1  1  1 -1  1  1  1  1  1  1  1
 -1 -1 -1 -1  1  1  1  1  1  1  1  1  1] [ 1  3 10 11 12 15 18 19 20 21 23 24 26 27 28 29 32 34 35 36 37 38 41 42
 43 44 45 46 47 50 51 52 53 54 55 60 61] [10925  3109  3768  1911 13477 14739  2539  2548  3127  6213 13128 11616
  2418  6432  2185  3364  8399  2827  5776  3298  7487  9205 13811  2699
 12013  2490  3024  4909  3730  4736  6699  5868  2654  5493  3893 12521
  5869] [] 1716265436.4589359760
[ 1  1  1 -1  1 -1  1  1  1  1 -1 -1  1  1  1 -1  1  1  1  1  1  1  1  1
 -1  1  1  1  1  1  1  1  1 -1  1  1  1] [ 1  3 10 11 12 15 18 19 20 21 23 24 26 27 28 29 32 34 35 36 37 38 41 42
 43 44 45 46 47 50 51 52 53 54 55 60 61] [ 9711  3031  3681  1935 13331 14943  2467  2526  3063  6165 13501 11777
  2397  6298  2169  3367  7920  2735  5312  2893  7359  8888 13715  2682
 12043  2480  3000  4877  3720  4656  6660  5677  2622  5514  3888 12468
  5858] [] 1716265436.5019574165
[-1  1  1  1 -1  1  1  1  1  1 -1  1  1 -1 -1  1  1  1  1  1  1  1  1 -1
  1  1  1  1  1 -1 -1  1 -1  1  1  1 -1] [ 1  3 10 11 12 15 18 19 20 21 23 24 26 27 28 29 32 34 35 36 37 38 41 42
 43 44 45 46 47 50 51 52 53 54 55 60 61] [ 9773  3027  3664  1919 13339 14903  2459  2518  3016  6050 13527 11657
  2389  6302  2179  3363  7834  2713  5229  2850  7279  8438 13589  2715
 11951  2474  2953  4806  3654  4660  6716  5627  2638  5503  3812 12456
  5862] [] 1716265436.5450208187
[-1  1  1  1 -1 -1 -1  1  1 -1  1 -1 -1  1  1  1  1 -1 -1  1 -1  1  1  1
  1  1  1  1  1  1  1  1  1  1  1  1  1] [ 1  3 10 11 12 15 18 19 20 21 23 24 26 27 28 29 32 34 35 36 37 38 41 42
 43 44 45 46 47 50 51 52 53 54 55 60 61] [ 9817  3002  3652  1906 13487 15031  2495  2501  2987  6090 13495 11766
  2431  6273  2134  3361  7733  2715  5280  2801  7317  8128 13487  2682
 11851  2444  2900  4781  3604  4610  6658  5616  2593  5479  3780 12352
  5853] [] 1716265436.5879631042
[ 1  1 -1  1  1 -1  1  1  1  1  1  1  1  1  1  1  1 -1  1  1 -1 -1 -1 -1
 -1 -1 -1 -1 -1 -1 -1  1  1  1 -1  1] [ 1  3 10 11 12 15 18 19 20 21 23 24 26 27 28 29 32 34 35 36 37 38 41 42
 43 44 45 46 47 50 51 52 53 54 55 61] [ 9742  2894  3653  1893 13479 15035  2457  2496  2954  6021 13479 11672
  2387  6241  2112  3345  7654  2719  5232  2778  7357  8148 13595  2686
 11925  2452  2934  4922  3672  4640  7542  5476  2576  5455  4236  5807] [] 1716265436.6309602261
[ 1 -1  1  1  1 -1  1 -1 -1 -1 -1  1  1  1  1 -1 -1  1 -1 -1  1  1 -1 -1
 -1 -1 -1 -1 -1 -1 -1 -1 -1 -1 -1  1] [ 1  3 10 11 12 15 18 19 20 21 23 24 26 27 28 29 32 34 35 36 37 38 41 42
 43 44 45 46 47 50 51 52 53 54 55 61] [ 9533  3033  3652  1876 13439 15083  2423  2500  2992  6049 13567 11543
  2357  6214  2112  3353  7708  2687  5424  2839  7350  8063 13829  2783
 11945  2474  2951  4995  3935  4660  7601  5601  2597  5461  4717  5779] [] 1716265436.6738436222
[-1 -1 -1 -1  1  1 -1 -1 -1  1 -1  1 -1 -1 -1  1 -1 -1 -1 -1 -1 -1 -1 -1
 -1 -1 -1 -1 -1 -1 -1 -1 -1 -1 -1 -1] [ 1  3 10 11 12 15 18 19 20 21 23 24 26 27 28 29 32 34 35 36 37 38 41 42
 43 44 45 46 47 50 51 52 53 54 55 61] [ 9593  3151  3690  1880 13327 14831  2437  2532  3035  5981 13583 11450
  2399  6234  2128  3351  7974  2762  5524  3117  7895  8839 13995  2958
 11966  2528  3057  5048  4240  4956  7640  5784  2669  5599  6166  5875] [] 1716265436.7169411182
[-1 -1 -1 -1 -1  1 -1 -1 -1 -1  1  1  1 -1 -1 -1 -1 -1 -1 -1 -1 -1 -1 -1
  1 -1 -1 -1 -1 -1 -1 -1 -1 -1 -1 -1] [ 1  3 10 11 12 15 18 19 20 21 23 24 26 27 28 29 32 34 35 36 37 38 41 42
 43 44 45 46 47 50 51 52 53 54 55 61] [10203  3277  3733  1921 13375 14743  2478  2592  3140  7166 13266 11328
  2387  6261  2169  3403  8263  2879  5736  3274  8124  9599 14167  3304
 11760  2538  3144  5156  4709  5650  7988  6666  2784  5774  7355  5984] [] 1716265436.7599444389
[-1 -1  1 -1 -1 -1 -1  1 -1 -1  1  1 -1 -1 -1 -1  1 -1 -1 -1 -1  1 -1 -1
 -1 -1 -1 -1 -1 -1 -1 -1 -1 -1 -1] [ 1  3 10 11 12 15 18 19 20 21 23 24 26 27 28 29 32 34 35 36 37 38 42 43
 44 45 46 47 50 51 52 53 54 55 61] [13723  3342  3713  1939 13398 14751  2541  2590  3212  7239 13085 11317
  2409  6310  2208  3697  8229  2933  5764  3403  8419  9516  3638 11827
  2642  3198  5708  5021  8111  8270  7489  2869  6899 11026  6104] [] 1716265436.8029346466
[ 1 -1 -1 -1 -1  1 -1 -1 -1 -1  1 -1 -1 -1 -1 -1 -1 -1 -1 -1  1 -1 -1 -1
 -1 -1  1 -1 -1 -1 -1 -1  1 -1] [ 1  3 10 11 12 15 18 19 20 21 23 24 26 27 28 29 32 34 35 36 37 38 42 43
 44 45 46 47 50 51 52 53 54 61] [13692  3695  3824  1944 13423 14539  2595  2611  3232  8186 13071 11504
  2427  6377  2263  3716  8830  3103  6232  3572  8264 10933  3972 11954
  2747  3316  5655  5358  9685  8340  8151  3071  6880  6220] [] 1716265436.8458948135
[ 1 -1  1 -1  1  1 -1 -1 -1 -1 -1 -1 -1  1 -1 -1 -1 -1  1 -1 -1 -1 -1 -1
 -1 -1 -1 -1 -1 -1 -1 -1 -1 -1] [ 1  3 10 11 12 15 18 19 20 21 23 24 26 27 28 29 32 34 35 36 37 38 42 43
 44 45 46 47 50 51 52 53 54 61] [13577  3754  3638  1981 13332 13331  2615  2640  3382  8207 13140 12348
  2461  6214  2322  3759  9602  3375  5716  3866  8810 12457  4543 12257
  2830  3813  6165  6036 10672  8646  9703  3575  8681  6328] [] 1716265436.8889899254
[-1 -1 -1 -1 -1  1 -1 -1 -1  1  1 -1 -1 -1 -1 -1 -1 -1  1 -1 -1 -1 -1 -1
 -1 -1 -1 -1 -1 -1] [ 1  3 10 11 12 15 18 19 20 21 23 26 27 28 29 34 35 36 37 38 42 44 45 46
 47 51 52 53 54 61] [13585  4484  3732  2033 13410 13277  2775  2684  3538  8166 12931  2522
  6256  2414  3792  3525  5840  4026  8672 14751  5199  2998  4103  6352
  6335 11867 10635  3709  9123  6437] [] 1716265436.9318864346
[-1 -1 -1 -1  1  1  1 -1 -1  1  1 -1  1 -1 -1 -1  1 -1  1 -1 -1  1 -1  1
 -1  1 -1 -1] [ 1  3 10 11 12 15 18 19 20 21 23 26 27 28 29 34 35 36 37 42 44 45 46 47
 52 53 54 61] [13712  4507  3737  2074 13082 12999  2763  2775  3728  8143 12894  2542
  6177  2457  3846  3695  5608  4169  8466  5550  3071  4090  7673  6323
 12535  3678 11033  6467] [] 1716265436.9749178886
[ 1 -1 -1 -1 -1  1 -1 -1 -1 -1  1 -1 -1 -1 -1 -1  1 -1 -1 -1 -1 -1 -1 -1
 -1 -1 -1 -1] [ 1  3 10 11 12 15 18 19 20 21 23 26 27 28 29 34 35 36 37 42 44 45 46 47
 52 53 54 61] [13425  4527  3826  2097 13096 12991  2805  2782  3915  8200 12828  2595
  6189  2498  3863  3726  5592  4255  8590  7053  3234  4819  7823  7756
 13375  3944 11627  6771] [] 1716265437.0178601742
[ 1 -1 -1 -1 -1 -1 -1 -1 -1 -1 -1 -1  1 -1 -1 -1 -1 -1  1 -1 -1 -1  1 -1
  1 -1] [ 1  3 10 11 12 15 18 19 20 21 23 26 27 28 29 34 35 36 37 42 44 45 46 47
 53 54] [13403  4719  3872  2143 13200 13055  2929  2824  4125  8276 12905  2679
  6154  2648  3951  3919  6210  4595  8215  7155  3438  5353  7761 10469
  3878 11757] [] 1716265437.0607695580
[-1 -1 -1 -1 -1 -1 -1 -1 -1 -1  1 -1 -1 -1 -1 -1 -1 -1 -1  1 -1 -1 -1  1] [ 1  3 10 11 12 15 18 19 20 21 23 26 27 28 29 34 35 36 37 42 44 45 46 53] [13506  5272  3944  2225 13248 13071  3143  2870  4556  9244 12849  2721
  6198  2806  3953  4599  6256  5022  8501  6812  3624  5383  7776  3708] [] 1716265437.1038219929
[-1 -1  1 -1  1  1 -1 -1 -1  1  1 -1 -1 -1  1 -1  1 -1 -1 -1 -1 -1 -1 -1] [ 1  3 10 11 12 15 18 19 20 21 23 26 27 28 29 34 35 36 37 42 44 45 46 53] [14196  6458  3900  2324 13101 12600  3220  2879  5631  9211 12767  2865
  6222  2881  3943  4699  6135  5145  8579  6883  3955  5763  8068  4114] [] 1716265437.1468496323
[-1 -1 -1 -1 -1 -1 -1 -1 -1  1 -1 -1 -1 -1 -1 -1 -1 -1 -1 -1 -1 -1 -1 -1] [ 1  3 10 11 12 15 18 19 20 21 23 26 27 28 29 34 35 36 37 42 44 45 46 53] [15626 12962  4143  2505 13204 12892  3415  2944  6703  9203 12933  3042
  6303  3053  4370  4834  6222  5424  8995  9085  4195  5946  8320  4545] [] 1716265437.1898365021
[ 1 -1 -1 -1 -1 -1 -1 -1 -1 -1 -1 -1 -1 -1 -1 -1 -1 -1  1  1 -1 -1 -1] [ 1  3 10 11 12 15 18 19 20 21 23 26 27 28 29 34 35 36 37 42 44 45 53] [15594 15176  4193  2601 13450 13007  3472  2988  6854  9230 12995  3180
  6372  3190  4606  5075  6346  5713  8835  8836  4354  5995  4897] [] 1716265437.2326209545
[ 1 -1  1 -1 -1 -1 -1 -1 -1  1 -1 -1 -1 -1 -1 -1 -1 -1 -1 -1 -1 -1] [ 1 10 11 12 15 18 19 20 21 23 26 27 28 29 34 35 36 37 42 44 45 53] [15416  4415  2595 15398 13038  3786  3063  7012  9290 12966  3289  6463
  3375  5457  6056  6585  6307 11000 10278  4626  6019  6260] [] 1716265437.2758040428
[-1 -1 -1 -1 -1 -1 -1 -1  1 -1 -1 -1 -1 -1  1 -1 -1 -1 -1 -1 -1] [ 1 10 11 15 18 19 20 21 23 26 27 28 29 34 35 36 37 42 44 45 53] [15955  4715  2637 13196  4068  3112  7140  9390 12951  3448  6515  3615
  5465  6550  6504  6618 11154 11605  5891  6152 10538] [] 1716265437.3187184334
[-1 -1 -1 -1 -1 -1 -1 -1 -1 -1 -1 -1 -1 -1 -1 -1 -1 -1 -1 -1] [10 11 15 18 19 20 21 23 26 27 28 29 34 35 36 37 42 44 45 53] [ 5694  2859 13567  4537  3182  7355  9458 13009  3679  6569  4205  6980
  6705  6723  8779 11447 15479  7582  6164 14269] [] 1716265437.3618433475
[-1 -1 -1 -1 -1  1 -1 -1 -1 -1 -1 -1 -1 -1 -1  1 -1  1] [10 11 18 19 20 21 23 26 27 28 29 34 35 36 37 42 44 45] [ 6211  2964  5009  3255  7481  9412 13087  3749  6626  4532  7006  7442
  7172  9164 12223 15280  7931  6057] [] 1716265437.4048192501
[-1 -1 -1 -1 -1 -1  1 -1 -1 -1 -1 -1 -1 -1 -1 -1] [10 11 18 19 20 21 23 26 27 28 29 34 35 36 44 45] [ 6937  3133  5858  3334  7625  9612 12931  4137  6709  5111  7015  9188
 10424 14170  8326  6399] [] 1716265437.4477894306
[-1 -1 -1 -1 -1 -1 -1 -1 -1 -1 -1 -1 -1 -1 -1] [10 11 18 19 20 21 23 26 27 28 29 34 35 44 45] [ 7430  3448  6686  3465  7892  9657 13039  4529  6833  5701  7339  9342
 12962  9369  6571] [] 1716265437.4907338619
[-1 -1 -1 -1 -1 -1 -1 -1 -1 -1 -1 -1 -1 -1 -1] [10 11 18 19 20 21 23 26 27 28 29 34 35 44 45] [ 7653  3966  6754  3486  7933  9791 13089  4667  7012  6666  7557 11991
 14188  9779  7093] [] 1716265437.5337295532
[-1 -1 -1 -1 -1 -1 -1 -1 -1 -1 -1 -1 -1 -1] [10 11 18 19 20 21 23 26 27 28 29 34 44 45] [ 7890  4312  8694  3571  9974  9927 13233  5360  8708  8023  7839 12279
 12129  7331] [] 1716265437.5765681267
[-1 -1 -1 -1 -1 -1 -1 -1 -1 -1 -1 -1 -1] [10 11 18 19 20 21 23 26 27 28 29 44 45] [ 8639  4641 10327  3652 10158 10133 13775  6489 10349  9494  7959 12297
 12356] [] 1716265437.6197733879
[-1 -1 -1 -1 -1 -1 -1 -1 -1 -1 -1] [10 11 18 19 20 21 26 27 28 29 44] [ 9171  5687 10459  3737 10341 10293  7635 10600 10223  8053 12524] [] 1716265437.6627228260
[-1 -1 -1 -1 -1 -1 -1 -1  1 -1 -1] [10 11 18 19 20 21 26 27 28 29 44] [10233  6268 10621  3791 10895 10322  8430 10886 10155 10369 12877] [] 1716265437.7056386471
[-1 -1 -1 -1 -1 -1 -1 -1 -1 -1 -1] [10 11 18 19 20 21 26 27 28 29 44] [11435  8169 10874  4004 11284 10511  8668 12323 10214 10647 13229] [] 1716265437.7486839294
[-1 -1 -1 -1 -1  1 -1 -1] [11 19 20 21 26 27 28 29] [ 8287  4361 11699 11004 10524 12243 10391 10992] [] 1716265437.7917482853
[-1 -1 -1  1 -1 -1  1 -1] [11 19 20 21 26 27 28 29] [ 8710  4527 12088 10998 13830 12298 10380 11142] [] 1716265437.8346996307
[ 1 -1 -1 -1 -1 -1] [11 19 20 27 28 29] [ 8687  4584 12432 12462 10530 11154] [] 1716265437.8776700497
[-1 -1 -1 -1 -1 -1] [11 19 20 27 28 29] [ 8934  5595 13422 12847 10808 11629] [] 1716265437.9206061363
[-1 -1 -1  1  1] [11 19 20 27 28] [ 9051  7512 14470 12843 10633] [] 1716265437.9637451172
[-1 -1 -1 -1 -1] [11 19 20 27 28] [ 9352  9932 15113 12929 10978] [] 1716265438.0066576004
[-1  1 -1] [11 19 28] [ 9495  9858 11045] [] 1716265438.0496916771
[-1 -1 -1] [11 19 28] [ 9745  9915 11276] [] 1716265438.0924868584
[-1 -1] [19 28] [ 9936 11415] [] 1716265438.1356372833
[-1 -1] [19 28] [10276 11794] [] 1716265438.1786289215
[-1] [19] [10370] [] 1716265438.2216434479
[1] [19] [10037] [] 1716265438.2644720078
2 2 2 1716265438.4794929028
