FA TAX ADC PRES TS
[-1] [28] [13491] [] 1716265494.7054708004
[1] [28] [13058] [] 1716265494.7482123375
[1] [28] [11362] [] 1716265494.7914376259
[-1 -1 -1] [11 19 28] [12021 11958 12124] [] 1716265494.8344478607
[1 1 1] [11 19 28] [10987 11238 11907] [] 1716265494.8773741722
[1 1 1] [11 19 28] [10653 10821 11767] [] 1716265494.9202544689
[1 1 1] [11 19 28] [10349 10636 11644] [] 1716265494.9635021687
[1 1 1] [11 19 28] [ 9930 10194 11333] [] 1716265495.0064218044
[1 1 1] [11 19 28] [ 9760 10041 11241] [] 1716265495.0494410992
[ 1  1 -1  1] [11 19 27 28] [ 9570  9904 14412 11240] [] 1716265495.0921108723
[-1  1 -1 -1  1  1] [11 19 20 21 27 28] [ 9672  8404 16195 12393 13135 11223] [] 1716265495.1355042458
[1 1 1 1 1 1] [11 19 20 21 27 28] [ 9412  8023 15956 11724 12795 11081] [] 1716265495.1785190105
[ 1  1  1  1  1 -1 -1] [11 19 20 21 27 28 29] [ 9224  7482 15828 11671 12615 11123 11980] [] 1716265495.2214751244
[ 1  1  1  1  1 -1  1 -1] [11 19 20 21 27 28 29 44] [ 9096  6888 15621 11367 12531 11139 11860 14215] [] 1716265495.2644963264
[ 1  1 -1  1 -1  1  1  1] [11 19 20 21 27 28 29 44] [ 8989  6122 15656 11061 12562 10979 11516 13042] [] 1716265495.3075041771
[-1  1  1  1  1  1  1  1] [11 19 20 21 27 28 29 44] [ 9078  5615 14587 10905 12436 10825 11430 12803] [] 1716265495.3504843712
[ 1  1  1  1 -1  1 -1  1  1] [11 19 20 21 26 27 28 29 44] [ 9006  5317 14272 10704 12097 12351 10881 11256 12663] [] 1716265495.3934526443
[ 1  1  1  1  1  1  1  1 -1 -1] [11 19 20 21 26 27 28 29 44 45] [ 8783  4995 13459 10571 11215 12287 10778 10863 12814 10236] [] 1716265495.4364209175
[-1 -1  1  1  1  1 -1 -1  1  1  1] [10 11 19 20 21 26 27 28 29 44 45] [15000  8853  4936 12861 10450 11153 12292 10798 10818 12719  9773] [] 1716265495.4794957638
[ 1  1  1  1  1  1 -1 -1  1  1  1] [10 11 19 20 21 26 27 28 29 44 45] [14592  8832  4726 12294 10367 11095 12360 10829 10655 10149  7625] [] 1716265495.5225138664
[ 1  1  1  1 -1  1  1  1  1  1  1] [10 11 19 20 21 26 27 28 29 44 45] [13759  7067  4458 11616 10389 10697 11773 10680 10518  8789  7167] [] 1716265495.5654413700
[ 1 -1 -1  1  1  1  1 -1  1  1 -1  1  1] [10 11 18 19 20 21 26 27 28 29 42 44 45] [12901  7121 12072  4341 11378 10211 10664 11827 10560 10202 13549  8439
  6847] [] 1716265495.6086113453
[ 1  1  1  1  1  1 -1  1  1 -1  1  1  1] [10 11 18 19 20 21 26 27 28 29 42 44 45] [ 9279  6278 10970  4261 11075  9924 10672  9807 10352 10324 12853  7840
  6733] [] 1716265495.6515111923
[ 1  1  1  1  1  1  1 -1 -1  1 -1  1  1  1] [10 11 18 19 20 21 26 27 28 29 35 42 44 45] [ 8848  5886 10724  4133 10703  9888 10470  9808 10368 10188 15806 12487
  6806  6575] [] 1716265495.6944985390
[ 1  1  1  1  1  1  1  1  1  1  1 -1  1  1  1] [10 11 18 19 20 21 26 27 28 29 35 36 42 44 45] [ 8428  5543 10396  4004 10323  9787 10345  9551 10134 10128 15425 15538
 11913  6591  6503] [] 1716265495.7374520302
[-1  1  1  1 -1  1  1 -1 -1  1  1 -1  1  1 -1  1  1] [ 3 10 11 18 19 20 21 26 27 28 29 34 35 36 42 44 45] [13051  8180  5044  8922  4025 10216  9709 10391  9663  7342 10031 12342
 14335 13700 12101  6383  6399] [] 1716265495.7805414200
[ 1  1  1  1  1  1  1  1 -1  1 -1  1  1  1  1  1 -1 -1] [ 3 10 11 18 19 20 21 26 27 28 29 34 35 36 42 44 45 53] [12838  7922  4565  8780  3957  9935  9706 10376  9692  6246 10137 11835
 14199 12000 11885  5992  6499 11527] [] 1716265495.8235225677
[ 1  1  1 -1  1  1  1  1  1  1  1  1  1  1  1  1  1  1] [ 3 10 11 18 19 20 21 26 27 28 29 34 35 36 42 44 45 53] [12616  7716  4069  8781  3867  9742  9697 10257  9540  5429  8254  9679
 13801 10922 11583  5422  6356 11377] [] 1716265495.8665356636
[ 1  1  1  1  1  1  1  1  1  1  1  1  1  1 -1  1  1 -1  1] [ 3 10 11 18 19 20 21 26 27 28 29 34 35 36 37 42 44 45 53] [ 9171  7135  3743  8571  3748  8029  9663  8966  8795  4967  7210  9647
 11522  8151 16343 11402  4855  6431  9267] [] 1716265495.9095075130
[1 1 1 1 1 1 1 1 1 1 1 1 1 1 1 1 1 1 1] [ 3 10 11 18 19 20 21 26 27 28 29 34 35 36 37 42 44 45 53] [ 5734  6752  3721  8451  3671  7813  9642  8816  8587  4635  7120  9513
 11319  7289 13384 11329  4332  6330  8398] [] 1716265495.9525828362
[ 1  1  1  1  1  1 -1  1  1  1  1  1  1  1 -1  1  1  1 -1  1] [ 3 10 11 18 19 20 21 26 27 28 29 34 35 36 37 42 44 45 47 53] [ 5371  5689  3439  8354  3599  7630  9752  8366  6954  4292  5742  9294
 10735  6373 13403 11245  3999  6137 14286  6551] [] 1716265495.9954028130
[ 1  1  1  1  1  1 -1  1  1  1  1  1  1  1  1  1  1 -1 -1  1  1 -1] [ 3 10 11 18 19 20 21 26 27 28 29 34 35 36 37 42 44 45 46 47 53 54] [ 5153  5508  3063  6711  3527  7502  9791  8136  6378  4083  5491  7953
  8807  6046 13136 11153  3831  6251 14793 10770  6318 12643] [] 1716265496.0385110378
[ 1  1  1 -1  1  1  1 -1 -1  1  1  1  1  1  1  1  1  1  1 -1  1  1 -1  1
  1 -1] [ 3 10 11 15 18 19 20 21 23 26 27 28 29 34 35 36 37 42 44 45 46 47 51 53
 54 61] [ 5021  5281  2983 13967  6236  3474  6206  9868 15775  7986  6273  3911
  5461  7933  7884  5913 12961 11110  3781  6267 11421 10419 12296  5884
 12181  9374] [] 1716265496.0815131664
[ 1  1  1 -1  1  1  1 -1  1  1  1  1  1  1  1  1 -1  1  1  1  1  1  1  1
  1  1] [ 3 10 11 15 18 19 20 21 23 26 27 28 29 34 35 36 37 42 44 45 46 47 51 53
 54 61] [ 5011  4898  2834 14018  6021  3413  6163  9871 13711  7922  6171  3671
  5411  7741  7694  5533 13086 10756  3578  6164 11177  8266 11424  5760
 11930  7541] [] 1716265496.1244461536
[ 1  1  1  1  1  1  1  1  1  1  1  1  1  1  1  1 -1  1  1  1  1  1  1  1
  1  1] [ 3 10 11 15 18 19 20 21 23 26 27 28 29 34 35 36 37 42 44 45 46 47 51 53
 54 61] [ 4875  4615  2725 13857  5651  3401  5979  9785 13576  7796  6126  3452
  5260  7579  7555  5279 13178  9980  3471  6091 11023  7237 10865  5518
  9609  7122] [] 1716265496.1673924923
[ 1  1  1  1  1  1  1  1  1  1  1  1 -1  1  1  1  1  1  1  1  1  1  1  1
  1  1] [ 3 10 11 15 18 19 20 21 23 26 27 28 29 34 35 36 37 42 44 45 46 47 51 53
 54 61] [ 4723  4327  2587 13843  4347  3275  5901  9778 13443  7743  5999  3261
  5284  5471  7457  5067 13000  9829  3322  6076 10894  6706 10813  5232
  9338  6942] [] 1716265496.2104628086
[ 1  1  1  1  1  1  1  1 -1  1  1  1  1  1 -1  1 -1 -1  1  1  1  1  1  1
  1  1  1] [ 3 10 11 15 18 19 20 21 23 26 27 28 29 34 35 36 37 38 42 44 45 46 47 51
 53 54 61] [ 4705  4020  2499 13674  4279  3265  5835  9656 13620  7657  5970  3135
  4663  5455  7464  4715 13178 14308  9629  3202  5921 10766  5925  8410
  5124  8106  6687] [] 1716265496.2534692287
[ 1  1  1 -1  1  1  1 -1  1  1  1  1 -1  1 -1  1 -1  1  1  1  1  1  1 -1
 -1  1  1  1] [ 3 10 11 15 18 19 20 21 23 26 27 28 29 34 35 36 37 38 42 44 45 46 47 51
 52 53 54 61] [ 4671  3988  2359 13771  4147  3174  5512  9736 13450  6735  5758  2975
  4757  5021  7509  4228 13547 11864  8184  3140  5884  9510  5321  8707
 15583  5014  7519  6567] [] 1716265496.2963707447
[ 1  1  1  1  1  1  1 -1  1  1 -1  1  1  1  1  1  1  1  1  1  1 -1  1  1
  1  1  1  1] [ 3 10 11 15 18 19 20 21 23 26 27 28 29 34 35 36 37 38 42 44 45 46 47 51
 52 53 54 61] [ 4629  3904  2274 13591  3989  3172  4825  9780 13237  5929  5785  2908
  4598  4935  7130  3862 13504 10694  7678  3072  5729 10687  5059  8101
 15151  4856  7335  6511] [] 1716265496.3394677639
[ 1  1  1  1  1  1  1  1  1  1  1  1 -1  1 -1  1  1  1  1  1  1  1  1 -1
 -1  1  1  1  1] [ 3 10 11 15 18 19 20 21 23 26 27 28 29 34 35 36 37 38 42 44 45 46 47 50
 51 52 53 54 61] [ 4609  3820  2244 13583  3857  3079  4681  9771 13218  5475  5730  2851
  4601  4915  7174  3666 13370  8747  6302  2980  4865  8555  4865 10416
  8272 14583  4657  6597  6313] [] 1716265496.3824715614
[-1 -1  1  1  1  1  1  1 -1 -1  1 -1  1 -1  1  1  1 -1  1  1  1  1  1  1
  1  1  1  1  1  1] [ 1  3 10 11 15 18 19 20 21 23 26 27 28 29 34 35 36 37 38 42 44 45 46 47
 50 51 52 53 54 61] [11163  4624  3777  2139 13527  3607  3000  4595  9807 13254  4740  5742
  2717  4728  4855  7064  3391 13400  8621  5798  2904  4473  7633  4657
 10196  8056 12711  4550  6466  6215] [] 1716265496.4254336357
[ 1  1  1  1  1  1  1  1  1  1  1  1  1  1  1 -1  1  1  1  1  1 -1 -1  1
  1  1  1  1  1  1] [ 1  3 10 11 15 18 19 20 21 23 26 27 28 29 34 35 36 37 38 42 44 45 46 47
 50 51 52 53 54 61] [ 9426  4581  3760  2077 13407  3446  2973  4336  9733 13148  4448  5730
  2625  4295  4663  7116  3204 13277  7302  4962  2852  4496  7637  4516
 10080  7950 12623  3947  6287  6202] [] 1716265496.4684023857
[-1  1  1  1  1  1  1  1  1 -1  1  1  1  1 -1  1 -1  1  1  1  1  1  1  1
  1 -1  1  1  1 -1 -1  1] [ 1  3 10 11 15 18 19 20 21 23 26 27 28 29 32 34 35 36 37 38 42 44 45 46
 47 50 51 52 53 54 55 61] [ 9786  4559  3690  2045 13403  3316  2943  4247  9732 13181  4365  5653
  2589  3976 13602  4318  7368  3039 13121  7254  4001  2762  4214  6853
  4289 10229  7613 11633  3658  6302 11499  6049] [] 1716265496.5114843845
[ 1  1 -1  1 -1  1  1  1  1  1  1  1  1  1  1  1 -1  1  1  1  1  1  1  1
  1  1  1  1  1  1  1  1] [ 1  3 10 11 15 18 19 20 21 23 26 27 28 29 32 34 35 36 37 38 42 44 45 46
 47 50 51 52 53 54 55 61] [ 7275  4431  3856  1976 14623  3159  2885  4019  8149 13138  3874  5610
  2468  3939 12067  3871  7587  2852 11442  7247  3747  2702  3645  6009
  4152 10151  6637  9315  3412  5964  7865  6017] [] 1716265496.5544686317
[ 1 -1  1  1 -1 -1  1  1  1  1  1  1  1  1  1 -1  1 -1  1  1  1 -1  1  1
  1  1  1  1  1  1  1  1  1 -1 -1] [ 1  3 10 11 12 15 18 19 20 21 23 26 27 28 29 32 34 35 36 37 38 41 42 44
 45 46 47 50 51 52 53 54 55 60 61] [ 5572  4519  3798  1947 15531 14901  3118  2816  3921  7473 13116  3747
  5488  2379  3891 12114  3510  7746  2777 10865  7046 14692  3507  2684
  3347  5959  3884  8935  6436  9253  3345  5833  6892 12768  6029] [] 1716265496.5974843502
[ 1  1  1  1  1  1 -1  1  1  1 -1  1  1  1 -1 -1  1 -1  1  1  1  1  1  1
  1  1  1  1 -1  1  1  1  1  1 -1] [ 1  3 10 11 12 15 18 19 20 21 23 26 27 28 29 32 34 35 36 37 38 41 42 44
 45 46 47 50 51 52 53 54 55 60 61] [ 4984  3891  3760  1914 14311 14679  3135  2761  3761  6645 13255  3649
  5456  2373  3894 13418  3442  7948  2696 10574  6323 14595  3204  2641
  3167  5562  3790  8934  6471  9178  3288  5571  6114 12714  6053] [] 1716265496.6404032707
[ 1  1  1  1  1  1  1  1  1  1  1  1  1  1  1  1 -1  1  1  1  1  1  1  1
  1  1  1  1  1  1  1  1  1  1  1  1] [ 1  3 10 11 12 15 18 19 20 21 23 26 27 28 29 32 33 34 35 36 37 38 41 42
 44 45 46 47 50 51 52 53 54 55 60 61] [ 4611  3880  3732  1871 14117 14477  2941  2726  3696  6590 13253  3575
  5364  2320  3807 11882 13769  3311  7197  2627  9752  5471 14533  2908
  2587  3063  5531  3602  7787  6231  8678  3024  5075  4812  9974  6000] [] 1716265496.6834793091
[ 1  1 -1  1  1  1  1  1  1  1  1 -1 -1  1  1  1  1  1  1  1  1  1  1  1
  1  1  1  1  1  1  1  1  1  1  1  1  1] [ 1  3  4 10 11 12 15 18 19 20 21 23 26 27 28 29 32 33 34 35 36 37 38 41
 42 44 45 46 47 50 51 52 53 54 55 60 61] [ 4061  3323 10958  3604  1812 13631 14359  2797  2678  3655  6484 13366
  3581  5088  2214  3754 10380 12428  3107  6861  2521  8377  4822 14411
  2800  2567  2996  5174  3451  6988  6151  8676  2902  4870  4432  9706
  5983] [] 1716265496.7264959812
[ 1  1  1  1  1  1 -1  1  1  1  1 -1  1  1  1  1  1  1  1  1  1  1  1 -1
  1  1  1  1  1  1  1  1  1  1  1  1  1] [ 1  3  4 10 11 12 15 18 19 20 21 23 26 27 28 29 32 33 34 35 36 37 38 41
 42 44 45 46 47 50 51 52 53 54 55 60 61] [ 3721  3125 10371  3586  1799 13598 14397  2767  2642  3583  6444 13472
  3461  5080  2173  3738  9879 12293  2999  6112  2475  6893  4556 14425
  2688  2475  2853  5101  3383  6200  6009  8553  2818  4637  4204  9574
  5936] [] 1716265496.7694756985
[ 1  1  1  1  1 -1 -1  1  1  1  1  1  1  1  1  1  1 -1 -1  1  1  1  1  1
  1 -1  1  1  1  1  1  1  1  1 -1 -1 -1] [ 1  3  4 10 11 12 15 18 19 20 21 23 26 27 28 29 32 33 34 35 36 37 38 41
 42 44 45 46 47 50 51 52 53 54 55 60 61] [ 3607  2933 10291  3448  1769 13599 14415  2711  2612  3575  6412 13413
  3415  4974  2141  3571  9463 12300  3007  6069  2381  6243  4429 14293
  2671  2487  2794  5052  3336  6174  6001  8485  2808  4594  4224  9634
  5989] [] 1716265496.8123903275
[ 1  1  1  1  1 -1 -1  1  1  1 -1  1  1  1  1  1  1 -1  1 -1  1  1  1 -1
  1  1  1  1  1  1 -1  1  1 -1  1  1  1] [ 1  3  4 10 11 12 15 18 19 20 21 23 26 27 28 29 32 33 34 35 36 37 38 41
 42 44 45 46 47 50 51 52 53 54 55 60 61] [ 3532  2897 10290  3372  1767 13678 14509  2709  2587  3529  6436 13392
  3286  4914  2133  3527  9380 12365  2963  6090  2350  6118  4352 14356
  2660  2436  2744  5045  3303  6016  6007  8417  2800  4686  4164  9509
  5895] [] 1716265496.8554677963
[ 1  1  1  1  1  1  1  1 -1  1  1 -1  1 -1  1  1  1  1  1  1  1  1  1 -1
  1 -1  1  1  1  1  1  1  1  1  1  1  1] [ 1  3  4 10 11 12 15 18 19 20 21 23 26 27 28 29 32 33 34 35 36 37 38 41
 42 44 45 46 47 50 51 52 53 54 55 60 61] [ 3501  2848 10275  3308  1759 13581 14443  2687  2619  3516  6416 13396
  3277  4922  2129  3460  9360 12266  2951  6048  2306  5922  4280 14378
  2644  2467  2743  5007  3285  5972  5980  8399  2781  4587  4120  9335
  5883] [] 1716265496.8984959126
[ 1  1 -1  1 -1 -1  1  1  1 -1  1 -1 -1  1 -1 -1 -1  1  1  1  1  1 -1  1
  1  1  1 -1  1 -1  1  1 -1  1 -1  1 -1] [ 1  3  4 10 11 12 15 18 19 20 21 23 26 27 28 29 32 33 34 35 36 37 38 41
 42 44 45 46 47 50 51 52 53 54 55 60 61] [ 3490  2843 10316  3296  1763 13607 14391  2671  2578  3517  5906 13398
  3292  4848  2131  3467  9443 12231  2935  6048  2293  5855  4332 14251
  2632  2415  2728  5023  3224  6030  5975  8382  2789  4563  4173  9290
  5885] [] 1716265496.9414393902
[-1 -1  1  1  1 -1 -1 -1  1 -1 -1  1 -1  1  1  1  1 -1  1 -1  1 -1 -1 -1
 -1 -1 -1 -1 -1 -1 -1 -1 -1 -1 -1 -1 -1] [ 1  3  4 10 11 12 15 18 19 20 21 23 26 27 28 29 32 33 34 35 36 37 38 41
 42 44 45 46 47 50 51 52 53 54 55 60 61] [ 3511  2879 10261  3264  1727 13691 14551  2716  2571  3520  5983 13389
  3297  4845  2106  3411  9423 12248  2917  6080  2284  5868  4514 14295
  2710  2475  2815  5155  3452  6874  6031  8457  2864  4873  4908  9906
  5991] [] 1716265496.9844186306
[-1 -1 -1 -1 -1  1  1  1 -1 -1 -1  1  1 -1 -1 -1 -1 -1 -1 -1 -1 -1 -1 -1
 -1 -1 -1 -1 -1 -1 -1 -1  1 -1 -1 -1  1] [ 1  3  4 10 11 12 15 18 19 20 21 23 26 27 28 29 32 33 34 35 36 37 38 41
 42 44 45 46 47 50 51 52 53 54 55 60 61] [ 3681  3037 14407  3449  1763 13599 14431  2659  2611  3525  6392 13368
  3284  4864  2113  3687  9427 12396  2927  6117  2387  6091  4860 14437
  2947  2504  2915  5482  3656  8803  6134  8545  2863  5039  6770 12778
  5933] [] 1716265497.0274517536
[-1 -1 -1 -1 -1  1 -1  1 -1 -1  1 -1 -1 -1  1 -1  1 -1 -1 -1 -1 -1 -1 -1
 -1 -1 -1 -1 -1 -1 -1 -1 -1 -1  1] [ 1  3 10 11 12 15 18 19 20 21 23 26 27 28 29 32 33 34 35 36 37 38 41 42
 44 45 46 47 50 51 52 53 54 55 61] [ 3973  3139  3504  1771 13719 14351  2743  2600  3528  6509 13280  3429
  4913  2143  3670  9524 12358  3069  6662  2464  6338  4950 14645  3108
  2526  3062  5511  3677 10094  6233  8557  3088  5415 10515  5848] [] 1716265497.0704827309
[-1 -1 -1 -1  1  1  1 -1 -1  1  1 -1 -1 -1 -1 -1 -1 -1 -1 -1 -1 -1 -1 -1
 -1  1 -1  1 -1  1 -1 -1 -1] [ 1  3 10 11 12 15 18 19 20 21 23 26 27 28 29 32 33 34 35 36 37 38 42 44
 45 46 47 50 51 52 53 54 61] [ 4128  3351  3526  1813 13607 14255  2700  2622  3601  6451 13230  3511
  5028  2189  3787 10391 12369  3175  6914  2490  6828  5986  3236  2580
  3238  5454  3808 10089  7094  7923  3200  5564  5940] [] 1716265497.1134459972
[-1 -1  1 -1 -1  1 -1 -1 -1 -1  1  1  1 -1 -1 -1 -1 -1  1 -1 -1 -1 -1 -1
 -1 -1 -1 -1 -1 -1 -1 -1] [ 1  3 10 11 12 15 18 19 20 21 23 26 27 28 29 32 33 34 35 36 37 38 42 44
 45 46 47 51 52 53 54 61] [ 5036  4271  3296  1834 13658 13077  2783  2648  3680  6692 13194  3493
  4898  2264  3837 10635 16357  3239  6310  2596  7823  6976  3717  2643
  3932  6605  4181  7426  9866  3416  5907  6069] [] 1716265497.1563472748
[-1 -1  1 -1 -1  1 -1 -1 -1 -1 -1 -1 -1 -1  1 -1 -1  1 -1 -1 -1 -1 -1 -1
 -1 -1  1 -1 -1 -1 -1] [ 1  3 10 11 12 15 18 19 20 21 23 26 27 28 29 32 34 35 36 37 38 42 44 45
 46 47 51 52 53 54 61] [ 7961  4358  3280  1875 13842 12863  2967  2745  3748  7926 13213  3656
  4911  2367  3831 13228  3463  6240  2673  8323  6993  4191  2708  4126
  6686  4384  7324 10239  3689  6063  6166] [] 1716265497.1994280815
[-1 -1 -1 -1 -1 -1 -1 -1 -1 -1 -1 -1 -1 -1 -1 -1 -1 -1 -1 -1 -1 -1 -1 -1
 -1 -1 -1 -1 -1 -1] [ 1  3 10 11 12 15 18 19 20 21 23 26 27 28 29 34 35 36 37 38 42 44 45 46
 47 51 52 53 54 61] [10168  4414  3336  1941 14552 12887  2999  2776  3841  9489 13237  4110
  5119  2483  3863  3674  6264  2831  8569  8417  4982  2765  4293  8063
  4872  7430 11087  4109  7001  6399] [] 1716265497.2424335480
[-1 -1 -1 -1  1 -1 -1 -1 -1  1 -1 -1 -1 -1 -1  1 -1 -1 -1 -1 -1 -1 -1 -1
 -1 -1 -1 -1 -1] [ 1  3 10 11 15 18 19 20 21 23 26 27 28 29 34 35 36 37 38 42 44 45 46 47
 51 52 53 54 61] [14883  4463  3368  1991 12763  3055  2858  3998  9505 13206  4350  5219
  2559  4170  4055  6092  3132  8807  8643  6602  2952  4766  8461  6124
  7717 13291  4598  9322  6799] [] 1716265497.2854158878
[ 1 -1 -1 -1 -1 -1 -1 -1  1 -1 -1 -1 -1 -1 -1 -1 -1  1 -1 -1 -1 -1 -1 -1
 -1 -1 -1 -1 -1] [ 1  3 10 11 15 18 19 20 21 23 26 27 28 29 34 35 36 37 38 42 44 45 46 47
 51 52 53 54 61] [14729  4477  3460  2030 12827  3255  2947  4157  9470 13307  4717  5295
  2604  4271  4539  6466  3367  8780  8753  7464  3016  5166  8535  7369
  8249 14471  4909 11473  6839] [] 1716265497.3283321857
[-1 -1 -1 -1 -1 -1  1 -1  1  1 -1 -1 -1  1 -1 -1 -1 -1 -1 -1 -1 -1 -1 -1
 -1 -1 -1 -1] [ 1  3 10 11 15 18 19 20 21 23 26 27 28 29 34 35 36 37 38 42 44 45 46 47
 51 53 54 61] [14954  4485  3538  2055 12909  3491  2945  4273  9436 13274  5192  5313
  2633  4241  4596  6664  3390  9216 10063  8745  3144  5926  8673 10505
  8531  5174 12072  7085] [] 1716265497.3713839054
[ 1 -1 -1 -1 -1 -1 -1 -1  1  1 -1 -1 -1 -1 -1 -1 -1 -1 -1 -1 -1  1  1 -1
  1  1] [ 1  3 10 11 15 18 19 20 21 23 26 27 28 29 34 35 36 37 38 42 44 45 46 51
 53 54] [14925  4605  3640  2086 12971  3729  3002  4366  9402 13263  6613  5367
  2703  4246  5131  6717  3598 10039 12584  9296  3166  5880  8635 11048
  5119 12051] [] 1716265497.4143865108
[-1 -1 -1 -1  1 -1 -1 -1  1  1 -1  1 -1 -1 -1  1 -1 -1 -1 -1  1  1] [ 1  3 10 11 15 18 19 20 21 23 26 27 28 29 34 35 36 37 42 44 45 53] [15348  4655  3680  2171 12681  3953  3048  4479  9279 13149  6683  5363
  2846  4310  5254  6691  3804 11783 10623  3240  5674  5030] [] 1716265497.4573667049
[-1 -1 -1 -1 -1 -1 -1 -1  1  1 -1 -1 -1 -1 -1 -1 -1 -1 -1 -1 -1 -1] [ 1  3 10 11 15 18 19 20 21 23 26 27 28 29 34 35 36 37 42 44 45 53] [15668  4710  3837  2355 12779  4251  3131  4945  9265 13106  7583  5513
  2949  4343  5518  6733  4292 12496 11171  3385  5835  5227] [] 1716265497.5002522469
[-1 -1 -1 -1 -1 -1 -1 -1 -1  1 -1 -1 -1 -1 -1 -1 -1 -1  1 -1 -1 -1] [ 1  3 10 11 15 18 19 20 21 23 26 27 28 29 34 35 36 37 42 44 45 53] [16138  4817  3975  2422 12827  4549  3191  4982  9330 13076  7596  5514
  3071  4383  6454  6768  4342 12598 10892  3532  5912  8291] [] 1716265497.5433619022
[-1 -1 -1 -1 -1 -1 -1  1  1 -1 -1 -1 -1 -1 -1 -1  1 -1 -1 -1 -1] [ 3 10 11 15 18 19 20 21 23 26 27 28 29 34 35 36 37 42 44 45 53] [ 7034  4423  2485 12927  5281  3341  5330  9224 12968  7817  5717  3293
  4421  6569  7017  4862 12394 11541  3924  6173 10846] [] 1716265497.5864052773
[-1 -1 -1 -1 -1 -1 -1 -1  1 -1 -1 -1 -1 -1 -1 -1 -1  1 -1  1] [ 3 10 11 15 18 19 20 21 23 26 27 28 29 34 35 36 37 42 44 45] [13957  4743  2681 13254  5749  3379  7124  9344 12778  7903  5856  3574
  4529  9299  7505  5339 13151 11263  4371  6036] [] 1716265497.6292717457
[-1 -1 -1 -1 -1 -1  1  1 -1 -1 -1 -1 -1 -1 -1 -1 -1 -1 -1] [ 3 10 11 18 19 20 21 23 26 27 28 29 34 35 36 37 42 44 45] [14239  4985  2818  7090  3465  7241  9248 12733  8019  6012  3826  4643
  9425  9457  5614 13531 15765  4925  6287] [] 1716265497.6722452641
[-1 -1 -1 -1 -1 -1 -1 -1 -1 -1 -1 -1 -1 -1  1  1 -1 -1] [10 11 18 19 20 21 23 26 27 28 29 34 35 36 37 42 44 45] [ 5417  2978  8348  3595  7411  9424 13133  8648  7167  4398  5734  9616
  9896  6541 13000 14487  5911  6458] [] 1716265497.7153248787
[-1 -1 -1 -1 -1  1 -1 -1 -1 -1 -1 -1 -1 -1 -1 -1 -1] [10 11 18 19 20 21 23 26 27 28 29 34 35 36 37 44 45] [ 5892  3257  8395  3602  7606  9339 13205  9065  7666  4857  5878 11842
 10498  7439 13823  6752  6521] [] 1716265497.7583007812
[-1 -1 -1 -1 -1 -1  1 -1 -1 -1 -1 -1 -1 -1 -1 -1] [10 11 18 19 20 21 23 26 27 28 29 34 35 36 44 45] [ 6295  3579  8544  3698  9316  9393 13136 10178  7740  5830  6001 11921
 10981  8071  7430  6829] [] 1716265497.8012764454
[-1 -1 -1  1 -1 -1  1 -1 -1 -1 -1 -1 -1 -1 -1] [10 11 18 19 20 21 23 26 27 28 29 35 36 44 45] [ 6532  3817  8584  3658  9501  9487 12971 10237  7833  7635  6106 12940
  9439  8490  7403] [] 1716265497.8442122936
[-1 -1 -1 -1 -1 -1 -1 -1 -1 -1 -1 -1 -1 -1] [10 11 18 19 20 21 23 26 27 28 29 35 36 44] [ 7253  4179 10293  3795  9703  9638 13241 10354  7970 10178  7654 13927
 11292  9665] [] 1716265497.8872215748
[-1 -1 -1 -1 -1 -1  1 -1 -1 -1 -1 -1 -1] [10 11 18 19 20 21 26 27 28 29 35 36 44] [ 7701  5117 10470  3875 10092  9721 10345  8049 10257 10087 15458 15125
 12111] [] 1716265497.9302799702
[-1 -1 -1 -1 -1 -1 -1 -1  1 -1  1 -1] [10 11 18 19 20 21 26 27 28 29 36 44] [ 7821  5311 10592  3905 10155  9783 10550  8135 10245 10235 14610 12755] [] 1716265497.9731969833
[-1 -1 -1 -1 -1 -1 -1 -1  1 -1 -1] [10 11 18 19 20 21 26 27 28 29 44] [ 8438  6557 12836  4191 10568  9874 10938  9566 10175 10574 12892] [] 1716265498.0161979198
[-1 -1 -1 -1 -1 -1 -1 -1 -1] [10 11 19 20 21 27 28 29 44] [10491  7815  4209 11018 10080 11546 10286 10729 12989] [] 1716265498.0592284203
[-1 -1 -1 -1 -1 -1 -1 -1] [10 11 19 20 21 27 28 29] [11346  7918  4474 11537 10316 11650 10347 10860] [] 1716265498.1022319794
[-1 -1 -1 -1 -1 -1  1 -1] [10 11 19 20 21 27 28 29] [14421  8698  4809 12715 10612 12451 10258 10956] [] 1716265498.1452226639
[-1 -1 -1 -1 -1 -1 -1] [11 19 20 21 27 28 29] [ 8838  5509 13538 10775 12677 10632 11249] [] 1716265498.1883733273
[ 1 -1 -1  1  1 -1] [11 19 20 21 27 28] [ 8835  6353 15812 10730 12663 10836] [] 1716265498.2312510014
[-1 -1  1 -1 -1 -1] [11 19 20 21 27 28] [ 9055  7137 15423 11079 12693 10943] [] 1716265498.2742066383
[-1 -1  1] [11 19 28] [ 9139  9608 10858] [] 1716265498.3171858788
[-1 -1 -1] [11 19 28] [ 9429  9866 11159] [] 1716265498.3601686954
[-1 -1 -1] [11 19 28] [ 9959 10900 11822] [] 1716265498.4031732082
[-1  1] [11 28] [10316 11628] [] 1716265498.4461910725
[-1] [28] [11752] [] 1716265498.4891686440
2 2 2 1716265498.7545645237
