FA TAX ADC PRES TS
[-1 -1 -1 -1 -1 -1  1 -1 -1] [10 11 18 19 20 21 27 28 29] [13392  7322 10993  5750 12647 10847 12571 10679 11036] [] 1716265426.5395410061
[-1 -1 -1 -1 -1 -1 -1] [11 19 20 21 27 28 29] [ 8833  6571 13844 11062 12631 10867 12109] [] 1716265426.5824418068
[-1 -1 -1 -1 -1 -1] [11 19 20 21 27 28] [ 9004  9828 14390 11316 12735 11018] [] 1716265426.6254703999
[-1 -1 -1 -1 -1] [11 19 20 27 28] [ 9159  9887 14959 13305 11168] [] 1716265426.6685628891
[-1 -1 -1  1] [11 19 20 28] [ 9282  9932 15549 11154] [] 1716265426.7115046978
[-1 -1 -1] [11 19 28] [ 9528 10326 11339] [] 1716265426.7545273304
[1 1] [11 28] [ 9378 11087] [] 1716265426.7974505424
[1] [28] [10883] [] 1716265426.8404810429
[-1] [28] [11107] [] 1716265426.8834307194
[-1] [28] [11244] [] 1716265426.9264144897
[-1] [28] [11437] [] 1716265426.9694142342
2 2 2 1716265427.3135073185
