FA TAX ADC PRES TS
[1] [11] [9107] [] 1716265879.6779375076
[1] [11] [9085] [] 1716265879.7208731174
[1] [11] [9060] [] 1716265879.7638912201
[1] [11] [9017] [] 1716265879.8069071770
[1] [11] [8934] [] 1716265879.8499133587
[1] [11] [8867] [] 1716265879.8928949833
[-1 -1] [11 19] [8871 9851] [] 1716265879.9359471798
[-1 -1 -1 -1] [11 19 20 28] [ 9019 10137 15459 11984] [] 1716265879.9788954258
[1 1 1 1] [11 19 20 28] [ 8886  9887 15264 11517] [] 1716265880.0219013691
[-1  1  1  1  1] [10 11 19 20 28] [13834  8770  7567 13775 11205] [] 1716265880.0649785995
[ 1 -1 -1  1 -1 -1 -1] [10 11 19 20 21 27 28] [12584  8839  7652 13257 11612 12683 11345] [] 1716265880.1079344749
[ 1  1  1  1 -1  1  1 -1] [10 11 19 20 21 27 28 29] [11760  7120  7214 13167 11682 12530 11246 11879] [] 1716265880.1508803368
[1 1 1 1 1 1 1 1] [10 11 19 20 21 27 28 29] [10518  5509  6506 12960 11493 12455 11117 11396] [] 1716265880.1939139366
[1 1 1 1 1 1 1 1] [10 11 19 20 21 27 28 29] [10253  5077  6152 12462 11102 12455 11076 11038] [] 1716265880.2369353771
[ 1  1 -1  1  1  1 -1  1  1] [10 11 18 19 20 21 27 28 29] [10098  4942 11085  5479 11589 10843 12543 10805 10536] [] 1716265880.2797958851
[ 1  1  1  1  1  1 -1 -1 -1  1] [10 11 18 19 20 21 26 27 28 29] [ 9876  4464 10930  5056 11343 10839 13433 13000 10824 10385] [] 1716265880.3229174614
[1 1 1 1 1 1 1 1 1 1] [10 11 18 19 20 21 26 27 28 29] [ 9535  4069 10670  4808 11035 10633  9191 10541 10811 10325] [] 1716265880.3659150600
[1 1 1 1 1 1 1 1 1 1] [10 11 18 19 20 21 26 27 28 29] [ 8686  3892 10552  4590 10762 10461  8935 10171 10657 10196] [] 1716265880.4089343548
[ 1  1  1  1  1 -1  1  1  1  1 -1 -1] [10 11 18 19 20 21 26 27 28 29 35 44] [ 8106  3564 10245  4328 10436 10494  8542  9845 10534 10117 15631 12688] [] 1716265880.4519464970
[ 1  1  1  1  1  1 -1  1  1 -1  1 -1 -1] [10 11 18 19 20 21 23 26 27 28 29 35 44] [ 7643  3425  8108  4074 10038 10305 15133  8344  9092 10724 10115 15697
 12735] [] 1716265880.4948787689
[ 1  1  1  1  1  1  1  1  1  1  1 -1  1 -1  1] [10 11 18 19 20 21 23 26 27 28 29 34 35 36 44] [ 6743  3278  7165  4023  9998 10258 14276  8281  7953  9443  9948 12003
 14691 13961  8799] [] 1716265880.5378632545
[ 1  1  1  1  1  1  1  1  1  1  1  1  1  1 -1  1] [10 11 18 19 20 21 23 26 27 28 29 34 35 36 37 44] [ 5979  3215  6886  3949  8252  9984 13661  7438  6757  8285  9868  9118
 14129 13931 16379  6108] [] 1716265880.5808103085
[ 1  1 -1  1  1  1 -1 -1  1  1  1  1  1  1  1  1  1 -1] [10 11 15 18 19 20 21 23 26 27 28 29 34 35 36 37 44 45] [ 5537  2910 14101  6641  3750  7085 10087 13721  6801  6382  6968  7819
  7095 12037 11603 13799  5075 11962] [] 1716265880.6238162518
[ 1  1  1  1  1  1  1 -1  1  1  1  1  1  1  1  1  1  1] [10 11 15 18 19 20 21 23 26 27 28 29 34 35 36 37 44 45] [ 5394  2748 13294  5887  3659  6981  9944 13988  6367  6175  6342  7721
  6858 11282  9098 12902  4708  8093] [] 1716265880.6668426991
[ 1  1  1  1  1  1  1  1  1  1  1  1  1  1  1 -1  1  1] [10 11 15 18 19 20 21 23 26 27 28 29 34 35 36 37 44 45] [ 5223  2650 12836  5085  3593  6464  9936 13652  5736  6139  5579  6653
  6795  8677  7983 12999  4384  7906] [] 1716265880.7098412514
[ 1  1 -1  1  1  1  1  1  1  1  1  1  1  1  1  1  1  1] [10 11 15 18 19 20 21 23 26 27 28 29 34 35 36 37 44 45] [ 4881  2623 12873  4797  3464  5918  9778 13591  5082  6029  5127  6535
  6583  8170  7528 12763  4118  6517] [] 1716265880.7527501583
[-1  1  1 -1  1  1  1  1  1  1  1  1  1  1 -1  1  1 -1  1  1] [ 3 10 11 15 18 19 20 21 23 26 27 28 29 34 35 36 37 42 44 45] [13854  4277  2567 12999  4215  3401  5562  9733 13529  4828  5937  4407
  4740  6307  8239  6984 12673 13053  3890  6262] [] 1716265880.7958376408
[1 1 1 1 1 1 1 1 1 1 1 1 1 1 1 1 1 1 1 1] [ 3 10 11 15 18 19 20 21 23 26 27 28 29 34 35 36 37 42 44 45] [12308  4139  2494 12809  4009  3314  5188  9724 13204  4061  5910  4040
  4394  5577  7254  5385 12328 12250  3800  6125] [] 1716265880.8388385773
[-1  1  1 -1  1  1  1  1  1 -1  1  1  1  1  1  1  1 -1  1  1  1] [ 3 10 11 12 15 18 19 20 21 23 26 27 28 29 34 35 36 37 42 44 45] [12947  4043  2476 16031 12770  3819  3267  5097  9681 13314  3968  5858
  3890  4139  5551  6338  5125 12377 11041  3627  5977] [] 1716265880.8818535805
[ 1  1  1  1  1  1  1  1  1 -1  1  1  1  1  1  1  1  1  1  1  1 -1] [ 3 10 11 12 15 18 19 20 21 23 26 27 28 29 34 35 36 37 42 44 45 46] [ 7258  3953  2440 15976 12762  3549  3184  5021  9634 13325  3838  5690
  3458  4026  5399  6057  4838 12337  6929  3493  5842  8431] [] 1716265880.9248032570
[ 1  1  1  1  1  1  1  1 -1  1  1  1  1  1  1  1  1  1  1  1  1  1 -1] [ 3 10 11 12 15 18 19 20 21 23 26 27 28 29 34 35 36 37 42 44 45 46 53] [ 5685  3831  2328 15743 12663  3385  3124  4914  9739 12938  3447  5587
  3201  3975  5391  5991  4402  9355  5947  3359  5813  8251 13855] [] 1716265880.9678428173
[ 1  1  1 -1  1  1  1  1  1 -1  1  1  1  1  1  1  1  1 -1  1  1 -1  1  1] [ 3 10 11 12 15 18 19 20 21 23 26 27 28 29 34 35 36 37 38 42 44 45 46 53] [ 5231  3756  2276 15752 12605  3239  3075  4523  9706 13167  3273  5500
  3008  3958  4819  5897  4261  9259 10725  5026  3195  5862  8039  7579] [] 1716265881.0108475685
[-1  1 -1  1  1 -1  1  1  1 -1  1  1  1  1 -1  1 -1  1 -1  1  1 -1  1  1
  1 -1 -1  1] [ 1  3 10 11 12 15 18 19 20 21 23 26 27 28 29 34 35 36 37 38 42 43 44 45
 46 51 52 53] [15554  4889  3824  2166 13352 13091  3127  2973  4186  9708 12985  3113
  5478  2787  3983  4479  6528  3953  9870  9919  3933 14565  3171  5767
  7058 11685 11887  6265] [] 1716265881.0538766384
[ 1  1  1  1  1  1  1  1  1 -1 -1  1 -1  1  1  1  1  1 -1  1  1  1  1  1
  1  1  1  1] [ 1  3 10 11 12 15 18 19 20 21 23 26 27 28 29 34 35 36 37 38 42 43 44 45
 46 51 52 53] [14930  4769  3696  2118 13122 13039  2913  2928  4029  9736 13107  3001
  5495  2695  3920  4076  6232  3650  9955  8658  3538 14210  3084  5727
  6606 10964  9133  5100] [] 1716265881.0968601704
[ 1  1  1  1  1 -1  1  1  1 -1 -1  1  1  1  1 -1  1  1  1  1  1  1 -1  1
  1  1  1  1  1] [ 1  3 10 11 12 15 18 19 20 21 23 26 27 28 29 32 34 35 36 37 38 42 43 44
 45 46 51 52 53] [14487  4694  3634  2063 13024 13159  2796  2891  3757  9760 13357  2870
  5439  2587  3898 11108  3871  6129  3306  9557  8491  3462 14677  2959
  5692  6004  8434  8696  4331] [] 1716265881.1399097443
[ 1  1  1  1 -1 -1  1  1  1 -1  1  1  1  1  1  1  1 -1  1  1 -1  1  1  1
  1  1  1  1  1] [ 1  3 10 11 12 15 18 19 20 21 23 26 27 28 29 32 34 35 36 37 38 42 43 44
 45 46 51 52 53] [14169  4657  3584  2063 13076 13163  2671  2815  3673  9872 13233  2819
  5317  2559  3882 10268  3791  6337  3227  9488  8517  3109 13921  2835
  4515  5775  8181  7588  3954] [] 1716265881.1828637123
[ 1  1  1  1  1 -1  1  1  1  1 -1  1  1  1  1  1  1 -1  1  1 -1 -1 -1  1
  1  1  1 -1  1  1  1 -1] [ 1  3 10 11 12 15 18 19 20 21 23 26 27 28 29 32 34 35 36 37 38 41 42 43
 44 45 46 47 51 52 53 54] [13894  4641  3488  2015 12996 13167  2577  2785  3575  9372 13251  2752
  5256  2426  3826 10121  3699  6950  3119  9393  8588 14379  3170 13592
  2772  4336  5451  7650  8167  7421  3684 12247] [] 1716265881.2258675098
[-1 -1 -1  1 -1  1  1  1  1  1 -1  1 -1  1 -1  1  1  1  1  1  1  1  1  1
  1  1  1  1  1  1 -1  1 -1] [ 1  3 10 11 12 15 18 19 20 21 23 26 27 28 29 32 34 35 36 37 38 41 42 43
 44 45 46 47 51 52 53 54 61] [14015  4685  3490  1981 13148 13101  2551  2776  3524  8672 13272  2749
  5286  2417  3835  9069  3677  5986  3014  8585  8522 14246  2995 13546
  2656  4287  5308  5357  8161  6770  3844 11717  8782] [] 1716265881.2688636780
[ 1  1  1  1  1 -1  1  1  1  1  1  1  1  1  1  1  1  1  1 -1  1 -1  1 -1
  1  1  1  1  1  1  1  1  1] [ 1  3 10 11 12 15 18 19 20 21 23 26 27 28 29 32 34 35 36 37 38 41 42 43
 44 45 46 47 51 52 53 54 61] [13861  4284  3444  1950 13096 13143  2535  2771  3489  8417 13220  2673
  5277  2322  3827  8970  3475  5696  3000  8601  8262 14259  2788 13615
  2531  4100  5303  4682  8063  6106  3658 11679  6669] [] 1716265881.3119602203
[ 1  1  1  1  1  1  1  1  1  1  1  1 -1  1  1 -1  1  1  1  1  1  1  1  1
  1  1  1  1 -1  1  1  1  1  1] [ 1  3 10 11 12 15 18 19 20 21 23 26 27 28 29 32 34 35 36 37 38 41 42 43
 44 45 46 47 50 51 52 53 54 61] [13343  4015  3344  1915 13096 13039  2497  2758  3436  8385 13154  2615
  5351  2240  3432  8996  3435  5512  2952  8306  8262 14121  2718 13612
  2515  3878  5177  4287 15004  7025  6005  3546  9243  6539] [] 1716265881.3548514843
[-1  1  1  1 -1 -1  1  1  1  1 -1  1  1  1  1  1  1 -1  1  1  1  1 -1 -1
  1  1  1  1  1  1  1  1  1  1] [ 1  3 10 11 12 15 18 19 20 21 23 26 27 28 29 32 34 35 36 37 38 41 42 43
 44 45 46 47 50 51 52 53 54 61] [13526  3819  3304  1887 13342 13323  2477  2731  3424  6773 13219  2564
  5305  2198  3402  8834  3258  5584  2776  8093  6782 12183  2742 13638
  2411  3491  5109  3736  9293  6873  5570  3300  6146  6235] [] 1716265881.3979022503
[-1  1  1  1  1 -1  1  1  1  1  1  1 -1  1  1  1  1  1  1  1 -1  1  1 -1
  1  1  1  1  1 -1 -1  1  1  1] [ 1  3 10 11 12 15 18 19 20 21 23 26 27 28 29 32 34 35 36 37 38 41 42 43
 44 45 46 47 50 51 52 53 54 61] [13596  3704  3210  1802 13262 13407  2439  2656  3344  6127 13132  2533
  5323  2092  3374  8601  3183  5574  2602  7524  7061 10275  2650 13739
  2367  3322  5052  3583  8459  6960  5586  3101  5547  6164] [] 1716265881.4407804012
[ 1  1  1  1  1 -1  1  1  1  1 -1 -1  1  1  1 -1  1  1  1  1  1  1  1  1
 -1  1  1  1  1  1  1  1  1  1  1] [ 1  3 10 11 12 15 18 19 20 21 23 24 26 27 28 29 32 34 35 36 37 38 41 42
 43 44 45 46 47 50 51 52 53 54 61] [10143  3679  3092  1757 13215 13555  2393  2650  3063  6039 13154 12726
  2495  5265  2048  3401  8500  3067  5489  2517  7357  5622  9890  2551
 13923  2344  3166  4750  3377  7073  6840  5290  2884  4493  5981] [] 1716265881.4839799404
[ 1  1  1  1  1 -1 -1  1  1 -1 -1  1  1  1  1  1  1  1  1  1 -1  1  1  1
 -1 -1  1  1  1  1  1  1  1  1  1] [ 1  3 10 11 12 15 18 19 20 21 23 24 26 27 28 29 32 34 35 36 37 38 41 42
 43 44 45 46 47 50 51 52 53 54 61] [ 8053  3292  3044  1731 13205 13591  2423  2616  2951  6079 13312 12404
  2459  5243  2022  3061  8095  2999  5304  2367  7613  5225  9767  2430
 14351  2348  3124  4602  3282  6557  6812  5280  2816  4223  5882] [] 1716265881.5269327164
[ 1  1  1  1 -1 -1  1  1  1  1 -1  1 -1  1  1  1  1  1  1  1  1  1 -1  1
 -1  1  1  1 -1  1  1 -1  1  1 -1 -1 -1] [ 1  3 10 11 12 15 18 19 20 21 23 24 26 27 28 29 32 34 35 36 37 38 41 42
 43 44 45 46 47 50 51 52 53 54 55 60 61] [ 6063  3185  2997  1721 13212 13751  2347  2599  2909  6061 13623 12019
  2461  5213  1946  3037  8006  2847  5060  2310  7406  4752 10022  2358
 14399  2320  2825  4538  3382  5762  6747  5664  2756  4123 10343 12501
  6025] [] 1716265881.5700321198
[ 1  1 -1  1 -1 -1 -1 -1  1  1 -1  1  1  1 -1  1  1  1 -1  1 -1  1  1  1
 -1  1  1  1  1  1  1  1  1  1  1  1  1  1  1] [ 1  3 10 11 12 13 15 18 19 20 21 23 24 26 27 28 29 32 33 34 35 36 37 38
 41 42 43 44 45 46 47 50 51 52 53 54 55 60 61] [ 5363  2927  3204  1695 13323 15810 15311  2369  2582  2835  6079 13423
 11889  2407  5298  1937  3033  7863 15047  2726  5104  2303  7381  4722
 10109  2339 14317  2272  2763  4461  3272  5710  6686  5560  2755  4053
 10053 12432  5990] [] 1716265881.6129472256
[ 1  1  1  1 -1  1  1  1  1  1  1  1  1  1  1  1 -1  1  1  1  1  1  1  1
  1  1  1  1  1 -1  1  1  1  1  1  1  1 -1  1] [ 1  3 10 11 12 13 15 18 19 20 21 23 24 26 27 28 29 32 33 34 35 36 37 38
 41 42 43 44 45 46 47 50 51 52 53 54 55 60 61] [ 5289  2915  3204  1683 13339 14502 15125  2349  2556  2817  6037 13339
 11762  2371  5256  1891  3034  7791 14816  2693  5016  2220  7318  4636
 10102  2279 14287  2240  2739  4472  3220  5636  6501  5476  2730  4005
  9941 12517  5960] [] 1716265881.6559886932
[ 1  1  1  1  1  1  1  1  1  1 -1  1  1  1  1  1  1  1  1  1  1  1  1  1
  1  1  1 -1 -1  1  1  1 -1 -1  1  1  1  1  1] [ 1  3 10 11 12 13 15 18 19 20 21 23 24 26 27 28 29 32 33 34 35 36 37 38
 41 42 43 44 45 46 47 50 51 52 53 54 55 60 61] [ 5216  2915  3180  1683 13299 13887 15079  2345  2534  2795  6057 13263
 11708  2363  5141  1880  3019  7747 14688  2671  4913  2202  7229  4580
 10069  2255 14247  2272  2743  4450  3216  5600  6512  5482  2677  3963
  9907 12414  5941] [] 1716265881.6989536285
[ 1  1 -1  1  1  1  1  1 -1  1  1  1  1 -1  1 -1 -1  1  1  1  1  1  1  1
  1 -1 -1  1 -1  1  1  1 -1  1  1  1 -1  1 -1] [ 1  3 10 11 12 13 15 18 19 20 21 23 24 26 27 28 29 32 33 34 35 36 37 38
 41 42 43 44 45 46 47 50 51 52 53 54 55 60 61] [ 5140  2907  3216  1683 13183 13628 14983  2338  2557  2780  5953 13261
 11678  2370  5098  1909  3062  7567 14566  2662  4780  2188  7112  4506
 10009  2272 14255  2234  2751  4435  3201  5460  6533  5408  2677  3958
 11338 12393  5983] [] 1716265881.7419540882
[ 1  1  1  1  1  1  1 -1  1  1 -1  1  1  1  1  1  1  1 -1 -1  1  1  1 -1
  1 -1  1 -1 -1 -1 -1 -1 -1  1 -1 -1  1] [ 1  3 10 11 12 13 15 18 19 20 21 23 24 26 27 28 29 32 33 34 35 36 37 38
 41 42 43 44 45 46 47 50 51 52 53 54 61] [ 5128  2887  3168  1680 12599 13597 14875  2367  2534  2779  5975 13205
 11660  2359  5028  1874  3013  7419 14760  2687  4752  2186  7106  5301
  9833  2362 14203  2256  2925  4493  3257  6141  6717  5092  2766  3975
  5924] [] 1716265881.7847890854
[-1 -1  1  1 -1 -1  1  1 -1  1 -1  1 -1 -1  1 -1  1 -1 -1  1 -1  1 -1  1
 -1 -1 -1 -1 -1 -1 -1 -1 -1 -1 -1 -1] [ 1  3 10 11 12 13 15 18 19 20 21 23 24 26 27 28 29 32 34 35 36 37 38 41
 42 43 44 45 46 47 50 51 52 53 54 61] [ 6318  3119  2934  1676 13024 13970 13747  2301  2539  2777  6007 13177
 11712  2377  4938  1892  3003  8037  2694  4536  2271  7095  5334  9643
  2427 14255  2276  2991  4500  3351  6939  6782  5166  2844  4111  5949] [] 1716265881.8279173374
[-1 -1  1 -1 -1 -1  1 -1 -1 -1  1 -1 -1 -1 -1 -1 -1 -1 -1 -1  1  1  1 -1
 -1  1  1 -1 -1 -1 -1 -1 -1 -1 -1 -1] [ 1  3 10 11 12 13 15 18 19 20 21 23 24 26 27 28 29 32 34 35 36 37 38 41
 42 43 44 45 46 47 50 51 52 53 54 61] [ 7795  3159  2928  1682 13116 15517 13663  2331  2564  2864  5967 13229
 12364  2399  4953  1906  3019  8109  2751  4548  2264  6946  5324  9793
  2429 13738  2252  3077  4700  3492 12204  6856  5240  2910  5018  6099] [] 1716265881.8709936142
[-1 -1 -1 -1  1 -1  1 -1 -1  1  1  1 -1 -1 -1 -1  1 -1 -1 -1  1 -1 -1  1
  1 -1 -1 -1 -1  1 -1 -1 -1 -1] [ 1  3 10 11 12 15 18 19 20 21 23 24 26 27 28 29 32 34 35 36 37 38 41 42
 43 44 45 46 47 51 52 53 54 61] [12955  3215  2932  1721 13023 13669  2316  2582  3103  5957 12755 12178
  2419  5039  1981  3282  8085  2869  4984  2369  6840  6905 13490  2396
 13644  2333  3381  4951  3858  6721  5461  3124 10799  6366] [] 1716265881.9139451981
[ 1 -1  1 -1  1  1 -1 -1 -1 -1  1  1 -1 -1 -1  1 -1  1 -1 -1 -1 -1 -1  1
 -1 -1  1 -1 -1  1  1 -1] [ 1  3 10 11 12 15 18 19 20 21 23 26 27 28 29 32 34 35 36 37 38 41 42 43
 44 45 46 47 51 52 53 54] [12811  3304  2924  1739 12876 13355  2321  2629  3125  5967 12679  2409
  5050  2012  3336  7989  2951  4836  2487  7407  7572 13955  2514 13554
  2371  3783  4944  4437  6755  5176  3048 11354] [] 1716265881.9567148685
[ 1 -1 -1 -1  1 -1 -1  1 -1 -1 -1 -1 -1 -1  1 -1 -1 -1 -1 -1 -1 -1 -1  1
 -1 -1 -1 -1 -1 -1  1 -1] [ 1  3 10 11 12 15 18 19 20 21 23 26 27 28 29 32 34 35 36 37 38 41 42 43
 44 45 46 47 51 52 53 54] [12754  3751  2944  1758 12832 13407  2379  2614  3178  6637 12745  2467
  5071  2034  3320  8121  3063  4842  2568  7612  7607 14242  2667 13512
  2408  3923  5063  5106  7865  5304  3015 11818] [] 1716265881.9999480247
[ 1 -1 -1 -1 -1 -1  1 -1 -1 -1 -1 -1 -1 -1 -1  1 -1 -1 -1 -1 -1 -1 -1 -1
 -1  1 -1 -1 -1] [ 1  3 10 11 12 15 18 19 20 21 23 26 27 28 29 32 34 35 36 37 38 42 43 44
 45 46 51 52 53] [12707  4512  3104  1815 12860 13475  2366  2673  3228  6650 12771  2497
  5110  2115  3329  7499  3235  4908  2623  7733  7967  2718 13605  2570
  4079  4885  8122  5958  3634] [] 1716265882.0428881645
[-1  1 -1 -1  1 -1 -1  1 -1 -1 -1 -1 -1 -1 -1 -1 -1 -1 -1 -1 -1 -1 -1 -1
 -1 -1 -1 -1 -1] [ 1  3 10 11 12 15 18 19 20 21 23 26 27 28 29 32 34 35 36 37 38 42 43 44
 45 46 51 52 53] [13023  4506  3208  1840 12783 13551  2439  2659  3253  8240 12825  2523
  5144  2154  3449  8270  3402  5112  2743  8250  8453  3086 13707  2710
  4350  5615 10672  7321  4545] [] 1716265882.0857677460
[-1 -1 -1 -1 -1 -1 -1 -1 -1  1  1 -1 -1 -1 -1 -1 -1 -1 -1  1  1 -1  1 -1
 -1 -1 -1 -1 -1] [ 1  3 10 11 12 15 18 19 20 21 23 26 27 28 29 32 34 35 36 37 38 42 43 44
 45 46 51 52 53] [13240  4518  3252  1923 12859 13615  2475  2721  3423  8207 12814  2591
  5145  2254  3749  9234  3506  5418  2917  8227  8393  3336 13697  2818
  4533  6550 11022  7650  5360] [] 1716265882.1287131310
[ 1 -1 -1 -1 -1 -1 -1  1 -1 -1 -1 -1 -1 -1 -1 -1 -1 -1 -1 -1 -1 -1 -1 -1
 -1 -1 -1 -1] [ 1  3 10 11 12 15 18 19 20 21 23 26 27 28 29 32 34 35 36 37 38 42 43 44
 45 46 52 53] [13192  4573  3296  1941 12995 13799  2599  2712  3427  8294 12931  2647
  5173  2295  3765 10083  3631  5468  2969  8374  8521  4146 13722  2879
  5350  6737 11191  7607] [] 1716265882.1718943119
[-1 -1  1 -1 -1  1 -1 -1 -1 -1  1 -1 -1 -1 -1 -1 -1 -1 -1 -1 -1  1  1 -1
 -1 -1] [ 1  3 10 11 12 15 18 19 20 21 23 26 27 28 29 34 35 36 37 38 42 43 44 45
 46 53] [13554  4599  3274  1971 13100 13695  2703  2749  3500  8334 12894  2775
  5189  2361  3773  3775  5898  3265  8693  9721  5917 13687  2857  5356
  7868 14044] [] 1716265882.2148756981
[-1 -1  1 -1  1  1 -1 -1 -1 -1  1 -1 -1 -1 -1 -1  1 -1 -1 -1 -1 -1 -1 -1
 -1] [ 1  3 10 11 12 15 18 19 20 21 23 26 27 28 29 34 35 36 37 38 42 43 44 45
 46] [13749  4662  3254  2023 13078 13320  2843  2809  3538  8369 12821  2865
  5301  2444  3800  3835  5767  3386  9018  9927  9666 13923  3018  5638
 11190] [] 1716265882.2578895092
[-1 -1 -1 -1 -1  1 -1 -1 -1 -1  1 -1 -1 -1 -1 -1 -1 -1  1 -1 -1 -1 -1] [ 1  3 10 11 12 15 18 19 20 21 23 26 27 28 29 34 35 36 37 38 42 44 45] [14580  4875  3393  2077 13090 13266  2977  2829  3991  9152 12773  3197
  5318  2601  3839  4298  5768  3823  8920 10479 14451  3180  5713] [] 1716265882.3008010387
[-1 -1 -1 -1 -1 -1 -1 -1 -1 -1 -1 -1  1 -1 -1 -1 -1 -1 -1 -1 -1] [ 1  3 10 11 12 15 18 19 20 21 23 26 27 28 29 34 35 36 37 44 45] [15448  7527  3476  2115 13251 13340  3058  2886  4079  9274 12876  3378
  5296  2727  3899  4492  5811  3868  9480  3343  5804] [] 1716265882.3438804150
[ 1 -1 -1 -1 -1  1 -1 -1 -1 -1  1 -1 -1 -1  1 -1  1 -1 -1 -1 -1] [ 1  3 10 11 12 15 18 19 20 21 23 26 27 28 29 34 35 36 37 44 45] [14159 13490  3489  2145 13284 13191  3128  2975  4101  9301 12833  3531
  5347  2866  3862  4706  5784  3973  9525  3632  7455] [] 1716265882.3868658543
[-1 -1 -1  1 -1 -1 -1 -1 -1 -1 -1 -1 -1 -1 -1 -1 -1  1 -1] [10 11 12 15 18 19 20 21 23 26 27 28 29 34 35 36 37 44 45] [ 3717  2264 15759 13127  3509  3023  4422  9333 12923  3924  5495  3247
  4103  6158  6412  4548 10463  3632 11628] [] 1716265882.4298141003
[-1 -1 -1  1 -1 -1 -1 -1 -1 -1 -1 -1 -1 -1 -1 -1 -1 -1] [10 11 12 15 18 19 20 21 23 26 27 28 29 34 35 36 37 44] [ 3829  2282 16044 12735  3690  3077  4675  9356 12940  4239  5582  3512
  4254  6273  6692  4742 12247  4113] [] 1716265882.4727571011
[-1 -1 -1 -1 -1 -1  1  1 -1 -1 -1 -1 -1 -1 -1 -1 -1] [10 11 15 18 19 20 21 23 26 27 28 29 34 35 36 37 44] [ 3984  2378 12762  4695  3241  5079  9348 12848  5210  5811  4112  4991
  6638  7936  6646 12435  5436] [] 1716265882.5158941746
[-1 -1 -1 -1 -1 -1 -1 -1 -1 -1 -1 -1 -1 -1 -1 -1 -1] [10 11 15 18 19 20 21 23 26 27 28 29 34 35 36 37 44] [ 4225  2430 13087  6165  3307  5198  9508 12861  5581  5943  4613  5206
  6989  9290  7433 12771 12242] [] 1716265882.5588247776
[-1 -1 -1 -1 -1  1 -1 -1 -1 -1 -1 -1 -1 -1 -1 -1] [10 11 18 19 20 21 23 26 27 28 29 34 35 36 37 44] [ 4716  2494  6544  3462  6378  9495 12959  6329  6081  5291  7252 12066
 10546  9159 12991 13229] [] 1716265882.6018776894
[-1 -1 -1 -1 -1 -1 -1 -1 -1 -1 -1 -1 -1] [10 11 18 19 20 21 23 26 27 28 29 35 36] [ 5061  2727  6707  3563  7028  9734 13187  7775  7071  7305  7339 13545
 12571] [] 1716265882.6447956562
[-1 -1 -1 -1 -1 -1 -1 -1 -1 -1 -1 -1  1] [10 11 18 19 20 21 23 26 27 28 29 35 36] [ 5323  2826  6831  3627  9200  9790 13276  8026  7161  8694  7452 13886
 12516] [] 1716265882.6878783703
[-1 -1 -1 -1 -1 -1 -1 -1 -1 -1 -1] [10 11 18 19 20 21 26 27 28 29 36] [ 6463  3165  9021  3868  9493  9849  8618  7345 10214  9647 13273] [] 1716265882.7307963371
[-1 -1 -1 -1 -1 -1 -1 -1 -1 -1] [10 11 18 19 20 21 26 27 28 29] [ 6750  3627 10213  4027  9627  9977 12755  8460 10283 10133] [] 1716265882.7738025188
[-1 -1 -1 -1 -1 -1 -1  1 -1] [10 11 18 19 20 21 27 28 29] [ 7137  3890 10389  4145 10063 10274 11394 10087 10512] [] 1716265882.8166875839
[-1 -1 -1 -1 -1 -1 -1 -1 -1] [10 11 18 19 20 21 27 28 29] [ 8924  4850 10674  4715 10362 10527 11474 10463 10851] [] 1716265882.8597934246
[-1 -1 -1 -1 -1 -1 -1 -1 -1] [10 11 18 19 20 21 27 28 29] [ 9160  6031 10803  5539 11107 10875 12235 10818 10985] [] 1716265882.9028172493
[-1 -1 -1 -1 -1 -1 -1 -1 -1] [10 11 18 19 20 21 27 28 29] [ 9674  8801 11290  6347 11947 11354 13584 11298 11509] [] 1716265882.9458158016
[ 1  1 -1 -1  1  1] [10 11 19 20 21 28] [ 9482  8656  6535 12132 11124 11198] [] 1716265882.9887964725
[-1 -1 -1 -1 -1 -1] [10 11 19 20 21 28] [ 9892  8802  9716 12575 12286 11200] [] 1716265883.0318198204
[-1 -1 -1 -1 -1] [10 11 19 20 28] [16206  8976 10126 14147 11493] [] 1716265883.0747568607
[1] [11] [8714] [] 1716265883.1177558899
[-1] [11] [8882] [] 1716265883.1606705189
[1] [11] [8827] [] 1716265883.2038035393
[-1] [11] [9242] [] 1716265883.2467944622
[-1] [11] [10014] [] 1716265883.2897882462
2 2 2 1716265883.2900664806
