FA TAX ADC PRES TS
[1] [11] [9855] [] 1716266044.5501542091
[1] [11] [9799] [] 1716266044.5930931568
[-1] [11] [9815] [] 1716266044.6361107826
[1] [11] [9727] [] 1716266044.6791331768
[ 1 -1] [11 19] [ 9557 10496] [] 1716266044.7220628262
[-1 -1 -1] [11 19 28] [ 9919 10908 12555] [] 1716266044.7650799751
[ 1  1 -1  1] [11 19 20 28] [ 9422 10367 16004 11974] [] 1716266044.8081011772
[1 1 1 1] [11 19 20 28] [ 9213  9890 14653 11441] [] 1716266044.8510963917
[-1  1  1  1 -1] [10 11 19 20 28] [15269  9139  9517 13757 11566] [] 1716266044.8940818310
[ 1 -1  1  1 -1 -1  1] [10 11 19 20 21 27 28] [13731  9204  7927 13402 11952 13028 11479] [] 1716266044.9371094704
[ 1 -1  1  1  1  1 -1 -1] [10 11 19 20 21 27 28 29] [13571  9234  7631 13085 11747 12920 11511 11869] [] 1716266044.9801893234
[1 1 1 1 1 1 1 1] [10 11 19 20 21 27 28 29] [11496  9003  6903 12697 11559 12663 11262 11444] [] 1716266045.0230603218
[ 1  1  1  1  1 -1  1  1] [10 11 19 20 21 27 28 29] [ 9852  8374  6047 12431 11365 12763 11118 11003] [] 1716266045.0660896301
[ 1  1  1  1  1  1 -1  1] [10 11 19 20 21 27 28 29] [ 9467  8069  5431 11995 11075 12552 11126 10721] [] 1716266045.1091120243
[ 1  1  1  1  1 -1  1  1] [10 11 19 20 21 27 28 29] [ 8912  6985  5047 11327 10967 12733 11049 10587] [] 1716266045.1521470547
[ 1  1 -1  1 -1  1 -1 -1  1 -1] [10 11 18 19 20 21 26 27 28 29] [ 8697  6492 12356  5033 11368 10613 13644 12883 10913 10608] [] 1716266045.1950917244
[-1  1  1  1  1  1  1  1  1  1] [10 11 18 19 20 21 26 27 28 29] [ 8711  5749 11288  4773 10962 10413  9351 12639 10779 10587] [] 1716266045.2380208969
[1 1 1 1 1 1 1 1 1 1] [10 11 18 19 20 21 26 27 28 29] [ 8482  5288 11057  4585 10728 10316  8992 12602 10605 10396] [] 1716266045.2811505795
[ 1  1  1  1  1  1  1  1  1  1 -1] [10 11 18 19 20 21 26 27 28 29 44] [ 8252  4934 10628  4332 10490 10303  8682 12569 10517 10364 12967] [] 1716266045.3241844177
[ 1  1  1  1  1  1  1  1  1  1 -1 -1] [10 11 18 19 20 21 26 27 28 29 36 44] [ 7916  4645  9021  4233 10422 10303  8507 11202  9678  9735 14337 12986] [] 1716266045.3671677113
[ 1  1  1  1  1  1 -1  1  1  1 -1  1  1] [10 11 18 19 20 21 23 26 27 28 29 36 44] [ 6988  4485  8032  4115  9948 10263 15645  8291 11095  8571 10070 13630
  9481] [] 1716266045.4101169109
[1 1 1 1 1 1 1 1 1 1 1 1 1] [10 11 18 19 20 21 23 26 27 28 29 36 44] [ 6666  4078  7057  3975  9800 10132 14355  8183 10788  7761  7420 12421
  5935] [] 1716266045.4530189037
[ 1  1  1  1  1  1  1  1  1  1  1 -1 -1 -1  1] [10 11 18 19 20 21 23 26 27 28 29 34 35 36 44] [ 5909  3617  6959  3961  9785  9946 13910  8163 10615  7221  6862 12213
 10664 12836  5121] [] 1716266045.4961571693
[ 1  1  1  1  1  1  1 -1  1  1 -1  1  1  1 -1  1 -1] [10 11 18 19 20 21 23 26 27 28 29 34 35 36 37 44 45] [ 5392  3277  6813  3892  9454  9871 13223  8165  8981  6242  7477 11986
  9460 12104 16352  4921 11981] [] 1716266045.5391938686
[ 1  1 -1  1  1  1 -1  1  1  1  1  1  1  1  1  1  1  1] [10 11 15 18 19 20 21 23 26 27 28 29 34 35 36 37 44 45] [ 5196  3178 13895  5339  3753  8391  9990 13038  7489  8909  5312  6128
  8277  8622  9354 14178  4592 11723] [] 1716266045.5821523666
[ 1  1  1  1  1  1  1  1  1  1  1  1  1 -1  1  1  1  1] [10 11 15 18 19 20 21 23 26 27 28 29 34 35 36 37 44 45] [ 5117  3061 13241  5184  3654  7587  9900 12865  6868  8705  4781  5786
  7705  9181  8545 13737  4072  6719] [] 1716266045.6250813007
[1 1 1 1 1 1 1 1 1 1 1 1 1 1 1 1 1 1] [10 11 15 18 19 20 21 23 26 27 28 29 34 35 36 37 44 45] [ 4575  2803 12939  4458  3522  7019  9642 12768  5957  8577  4383  5689
  7470  8422  7717 13347  3967  6569] [] 1716266045.6680684090
[ 1  1 -1  1  1 -1  1 -1  1  1  1  1  1 -1  1  1 -1  1  1] [10 11 15 18 19 20 21 23 26 27 28 29 34 35 36 37 42 44 45] [ 4347  2751 12964  4380  3451  7035  9632 12839  5287  8311  4001  5636
  6571  8767  7517 10505 13280  3851  6355] [] 1716266045.7111723423
[-1  1  1  1  1  1  1  1 -1  1  1  1  1 -1  1  1  1  1  1  1] [ 3 10 11 15 18 19 20 21 23 26 27 28 29 34 35 36 37 42 44 45] [14139  4247  2733 12822  4261  3295  6769  9574 12852  4721  8263  3685
  4830  6646  7380  6544 10238 11985  3619  6189] [] 1716266045.7541761398
[ 1  1  1  1  1  1  1 -1  1  1  1  1  1  1  1  1  1  1  1  1] [ 3 10 11 15 18 19 20 21 23 26 27 28 29 34 35 36 37 42 44 45] [10242  4167  2628 12814  4171  3194  6183  9698 12846  4319  8151  3412
  4636  5528  7206  5376 10238  9503  3538  6070] [] 1716266045.7970888615
[ 1  1 -1  1  1  1  1 -1 -1  1  1  1  1  1  1  1  1  1  1  1 -1] [ 3 10 11 15 18 19 20 21 23 26 27 28 29 34 35 36 37 42 44 45 46] [ 8984  4091  2670 12659  4145  3156  6004  9776 12933  3719  8036  3253
  4617  5447  7088  5348  9883  6451  3291  5807 11316] [] 1716266045.8402023315
[ 1  1  1 -1  1  1  1  1 -1  1  1  1  1  1  1  1  1  1 -1 -1  1 -1] [ 3 10 11 15 18 19 20 21 23 26 27 28 29 34 35 36 37 42 44 45 46 53] [ 5751  3922  2522 12661  3739  3103  5170  9767 13113  3613  6427  2868
  4290  5090  6961  5130  9547  5490  3307  5870  8414 10986] [] 1716266045.8831794262
[-1  1  1 -1  1  1  1 -1 -1  1  1  1  1  1  1  1  1 -1  1 -1  1  1 -1 -1
  1] [ 3 10 11 15 18 19 20 21 23 26 27 28 29 34 35 36 37 38 42 44 45 46 51 52
 53] [ 5918  3869  2495 12705  3535  3036  4635  9864 13251  3301  6309  2757
  3997  4861  6351  4803  9332 11533  4421  3345  5615  7136 11797 14461
  7056] [] 1716266045.9260993004
[ 1  1  1 -1  1  1  1 -1  1  1  1  1 -1  1 -1  1  1  1  1  1  1  1  1  1
  1] [ 3 10 11 15 18 19 20 21 23 26 27 28 29 34 35 36 37 38 42 44 45 46 51 52
 53] [ 5298  3812  2444 13035  3311  2977  4511  9969 13094  3159  6254  2661
  4047  4170  6485  4667  9270 10580  4021  3234  5407  6892 11310 13037
  6065] [] 1716266045.9690737724
[ 1  1  1  1  1  1  1  1  1  1  1  1  1  1  1  1  1 -1  1  1  1  1  1  1
  1] [ 3 10 11 15 18 19 20 21 23 26 27 28 29 34 35 36 37 38 42 44 45 46 51 52
 53] [ 5199  3728  2393 12951  3271  2942  4467  8443 13062  3101  6203  2576
  3930  3992  6300  4625  9204 11153  3807  3147  5079  6251 10969 12239
  5223] [] 1716266046.0120558739
[ 1  1  1  1  1 -1  1  1 -1  1 -1  1  1 -1 -1  1  1  1  1  1  1  1  1  1
  1] [ 3 10 11 15 18 19 20 21 23 26 27 28 29 34 35 36 37 38 42 44 45 46 51 52
 53] [ 5109  3696  2291 12827  3180  2955  4409  8341 13194  3038  6271  2517
  3899  3993  6404  4422  8753  9289  3652  3084  4549  6070  8511  9781
  4600] [] 1716266046.0550279617
[ 1  1  1 -1  1  1  1 -1 -1  1  1  1  1 -1  1  1  1 -1  1  1  1  1  1  1
  1  1] [ 3 10 11 15 18 19 20 21 23 26 27 28 29 32 34 35 36 37 38 42 44 45 46 51
 52 53] [ 4738  3656  2204 12885  3043  2859  4362  8397 13507  2975  6161  2449
  3861 13205  3977  5916  4323  8805  9059  3318  2941  4210  5918  8272
  8907  4075] [] 1716266046.0980288982
[-1  1  1  1  1  1  1  1  1  1  1 -1  1  1  1  1  1  1  1  1  1  1  1 -1
  1  1  1 -1] [ 2  3 10 11 15 18 19 20 21 23 26 27 28 29 32 34 35 36 37 38 42 44 45 46
 51 52 53 54] [15950  4581  3576  2167 12831  2836  2818  4347  8336 13399  2913  6167
  2365  3807 12244  3903  5717  4150  8635  9033  3134  2870  3817  6127
  8059  8144  3783 12466] [] 1716266046.1410124302
[-1  1  1  1 -1  1 -1  1 -1 -1  1  1  1 -1  1  1  1  1  1  1  1 -1  1  1
 -1 -1  1 -1  1 -1] [ 2  3 10 11 15 18 19 20 21 23 26 27 28 29 32 34 35 36 37 38 42 44 45 46
 47 51 52 53 54 61] [16038  4479  3444  2087 12983  2772  2853  4305  8357 13417  2839  6017
  2316  3829 10999  3787  5678  4056  8626  8973  3000  2899  3708  5676
  6184  8064  7458  3954 11917  7324] [] 1716266046.1840362549
[ 1  1  1 -1  1  1  1  1  1 -1  1  1  1  1  1  1  1  1 -1  1  1 -1  1  1
  1  1 -1 -1 -1  1  1  1] [ 3 10 11 12 15 18 19 20 21 23 26 27 28 29 32 34 35 36 37 38 42 43 44 45
 46 47 50 51 52 53 54 61] [ 4193  3318  2037 15528 12935  2703  2783  4210  8107 13477  2741  5923
  2215  3828 10681  3682  5312  3639  8901  8494  2910 15615  2786  3439
  5540  5048 14927  8079  7795  3929 11824  6804] [] 1716266046.2270455360
[ 1  1  1  1 -1  1 -1  1  1 -1  1 -1  1  1  1 -1  1  1  1  1 -1  1  1  1
  1  1  1 -1  1  1  1  1  1] [ 3 10 11 12 15 18 19 20 21 23 26 27 28 29 32 34 35 36 37 38 41 42 43 44
 45 46 47 50 51 52 53 54 61] [ 3599  3316  2018 15526 13193  2673  2799  3785  7934 13799  2711  5997
  2124  3554 10442  3704  5264  3627  8227  8374 14656  2854 14119  2600
  3326  5439  4433 15514  8030  6776  3698  7620  6494] [] 1716266046.2700588703
[-1  1  1  1  1 -1  1  1  1  1  1  1  1  1  1  1  1  1  1  1 -1  1  1  1
  1  1  1  1  1 -1  1  1  1  1] [ 2  3 10 11 12 15 18 19 20 21 23 26 27 28 29 32 34 35 36 37 38 41 42 43
 44 45 46 47 50 51 52 53 54 61] [15819  3344  3280  2011 15398 13203  2671  2734  3573  7522 13663  2694
  5932  2061  3535 10186  3579  5232  3378  8105  8654 14620  2755 13959
  2528  3199  5396  4079  9416  8037  5977  3664  6153  6369] [] 1716266046.3130931854
[ 1  1  1  1  1  1  1  1  1  1  1  1 -1  1 -1 -1  1  1  1  1  1  1  1 -1
  1  1  1  1  1  1  1  1  1  1] [ 2  3 10 11 12 15 18 19 20 21 23 26 27 28 29 32 34 35 36 37 38 41 42 43
 44 45 46 47 50 51 52 53 54 61] [15199  3213  3224  1934 15191 13127  2623  2727  3428  7372 13639  2679
  5979  2023  3747 10201  3508  4904  3030  7853  8586 14599  2562 13997
  2444  3103  5169  3753  8821  7823  5368  3325  5771  6198] [] 1716266046.3561143875
[-1  1  1 -1  1 -1  1  1  1  1  1 -1  1 -1  1  1 -1  1  1  1  1  1  1  1
  1  1  1  1  1  1  1  1  1  1  1] [ 2  3 10 11 12 15 18 19 20 21 23 24 26 27 28 29 32 34 35 36 37 38 41 42
 43 44 45 46 47 50 51 52 53 54 61] [15919  3007  3170  1941 14698 13143  2593  2686  3309  7321 13631 12451
  2601  6041  1964  3298 10302  3260  4872  2882  7593  6446 11463  2464
 13903  2424  3007  5081  3392  8305  7584  5057  3217  5267  6162] [] 1716266046.3990879059
[-1  1  1  1  1  1 -1 -1  1  1  1  1  1  1  1  1  1 -1  1  1  1 -1  1  1
  1  1  1  1 -1  1 -1  1  1  1  1  1] [ 1  2  3 10 11 12 15 18 19 20 21 23 24 26 27 28 29 32 34 35 36 37 38 41
 42 43 44 45 46 47 50 51 52 53 54 61] [ 9685 15851  2866  3161  1876 14388 13167  2613  2655  3278  7290 13493
 12108  2601  6034  1881  3053 10346  3197  4496  2767  7839  6141 10452
  2357 13706  2376  2899  5093  3172  8403  5999  4937  3145  4986  6018] [] 1716266046.4421198368
[ 1 -1  1  1  1 -1 -1  1  1  1 -1  1 -1 -1  1  1  1  1  1  1  1  1  1  1
  1  1  1  1 -1 -1  1  1 -1  1 -1 -1 -1 -1] [ 1  2  3 10 11 12 15 18 19 20 21 23 24 26 27 28 29 32 34 35 36 37 38 41
 42 43 44 45 46 47 50 51 52 53 54 55 60 61] [ 9339 15903  2831  3125  1847 14408 13279  2567  2602  3253  7299 13399
 12110  2623  5928  1843  3029 10205  3111  4464  2582  7817  5976 10169
  2255 13679  2320  2829  5126  3275  6251  5898  5436  3087  5045 11039
 12666  6117] [] 1716266046.4852478504
[ 1  1  1 -1  1 -1 -1  1  1  1 -1 -1 -1  1 -1  1  1  1  1 -1  1  1  1  1
  1  1  1  1 -1  1  1 -1  1  1  1  1  1  1] [ 1  2  3 10 11 12 15 18 19 20 21 23 24 26 27 28 29 32 34 35 36 37 38 41
 42 43 44 45 46 47 50 51 52 53 54 55 60 61] [ 8830 13939  2663  3376  1818 14523 14519  2555  2565  3021  7394 13483
 12312  2535  6052  1799  3013  8499  2990  4698  2434  7315  5848 10069
  2204 13651  2288  2741  5138  3218  6002  5915  5260  3071  4942 10943
 12480  6101] [] 1716266046.5282745361
[ 1 -1  1 -1  1  1  1  1  1 -1  1 -1  1 -1 -1  1 -1  1  1 -1  1  1  1  1
  1 -1  1  1  1  1  1 -1  1  1  1  1 -1  1] [ 1  2  3 10 11 12 15 18 19 20 21 23 24 26 27 28 29 32 34 35 36 37 38 41
 42 43 44 45 46 47 50 51 52 53 54 55 60 61] [ 8803 14047  2615  3400  1806 14495 14447  2547  2551  3024  6571 13503
 12268  2551  6067  1754  3039  8041  2959  4712  2406  7175  5761 10010
  2176 13695  2280  2725  5065  3125  5684  6069  5222  3037  4821 10847
 12500  6053] [] 1716266046.5712587833
[ 1 -1  1  1 -1 -1  1  1  1  1  1  1  1  1 -1  1  1  1  1 -1  1 -1  1  1
  1 -1  1 -1  1  1  1 -1  1  1  1  1  1  1] [ 1  2  3 10 11 12 15 18 19 20 21 23 24 26 27 28 29 32 34 35 36 37 38 41
 42 43 44 45 46 47 50 51 52 53 54 55 60 61] [ 8049 15067  2551  3340  1817 14502 14413  2531  2535  3020  6509 13503
 12164  2503  6090  1736  2997  8007  2938  4776  2403  7203  5648  9976
  2164 13751  2280  2743  5039  3117  5643  6201  5124  3012  4755 10737
 12468  6053] [] 1716266046.6141722202
[ 1  1 -1  1  1  1 -1  1  1  1  1  1 -1  1  1 -1 -1  1  1  1  1  1  1  1
 -1  1  1  1 -1  1  1 -1  1  1  1 -1 -1  1] [ 1  2  3 10 11 12 15 18 19 20 21 23 24 26 27 28 29 32 34 35 36 37 38 41
 42 43 44 45 46 47 50 51 52 53 54 55 60 61] [ 7928 14847  2575  3328  1801 14477 14415  2505  2531  2927  6431 13435
 12184  2491  6010  1742  3013  7971  2911  4728  2354  7165  5448  9811
  2167 13695  2232  2655  5046  3090  5560  6339  5010  3000  4671 11965
 12544  6040] [] 1716266046.6571862698
[-1 -1  1  1  1  1  1  1 -1 -1  1  1  1 -1 -1  1  1  1  1  1 -1  1 -1 -1
 -1 -1 -1 -1 -1  1 -1  1  1 -1 -1  1] [ 1  2  3 10 11 12 15 18 19 20 21 23 24 26 27 28 29 32 34 35 36 37 38 41
 42 43 44 45 46 47 50 51 52 53 54 61] [ 7980 14859  2568  3320  1787 14447 14359  2501  2532  2939  6387 13427
 12032  2493  6067  1720  2975  7879  2910  4696  2395  7059  5934 10039
  2241 13727  2248  2703  5051  3059  6274  6123  4614  3035  4863  5967] [] 1716266046.7001709938
[-1  1 -1  1 -1  1  1  1 -1 -1 -1 -1 -1 -1  1 -1  1  1 -1  1 -1 -1 -1 -1
 -1  1 -1 -1 -1 -1 -1  1 -1 -1 -1 -1] [ 1  2  3 10 11 12 15 18 19 20 21 23 24 26 27 28 29 32 34 35 36 37 38 41
 42 43 44 45 46 47 50 51 52 53 54 61] [ 9219 13743  2711  3072  1797 14326 13247  2461  2549  3107  6829 13523
 12044  2499  5919  1721  2975  7503  3023  4330  2448  7167  6048 10228
  2287 13599  2284  2795  5065  3227  7062  5986  4836  3133  5023  6052] [] 1716266046.7431395054
[-1  1 -1  1 -1 -1  1 -1 -1  1 -1  1 -1 -1 -1 -1 -1 -1  1 -1 -1  1 -1 -1
  1 -1 -1 -1 -1 -1 -1  1 -1 -1 -1 -1] [ 1  2  3 10 11 12 15 18 19 20 21 23 24 26 27 28 29 32 34 35 36 37 38 41
 42 43 44 45 46 47 50 51 52 53 54 61] [12301 13479  2795  3072  1813 14380 13203  2463  2561  3107  7263 13431
 12112  2505  5957  1777  2979  7837  3007  4448  2511  7117  6151 14197
  2274 13675  2322  3013  5103  3606 14720  5896  4905  3340  5823  6162] [] 1716266046.7861409187
[ 1 -1  1 -1  1 -1 -1 -1 -1  1 -1 -1 -1  1 -1 -1 -1 -1 -1 -1 -1 -1 -1 -1
  1 -1 -1 -1 -1  1 -1 -1 -1 -1 -1] [ 2  3 10 11 12 15 18 19 20 21 23 24 26 27 28 29 32 34 35 36 37 38 41 42
 43 44 45 46 47 50 51 52 53 54 61] [13199  3012  3060  1838 14330 13239  2466  2602  3109  7216 13439 12522
  2575  5906  1793  3011 10393  3044  4513  2645  7628  8517 14613  2551
 13661  2384  3147  5200  4031 14203  6950  5220  3408 11112  6406] [] 1716266046.8291280270
[-1 -1 -1 -1 -1  1 -1 -1 -1  1 -1  1 -1 -1 -1  1 -1 -1 -1 -1  1 -1  1 -1
 -1 -1 -1 -1 -1 -1 -1 -1 -1] [ 2  3 10 11 12 15 18 19 20 21 23 26 27 28 29 32 34 35 36 37 38 41 42 43
 44 45 46 47 51 52 53 54 61] [15631  3571  3098  1855 14443 13171  2502  2671  3160  7193 13495  2567
  5911  1883  3578 10250  3207  4760  2798  7840  8486 14625  2550 13755
  2432  3259  5286  4530  7884  5410  3480 11525  6646] [] 1716266046.8722100258
[ 1 -1  1 -1 -1  1 -1  1 -1 -1  1  1  1 -1 -1 -1 -1  1 -1  1  1 -1 -1 -1
 -1  1 -1 -1  1] [ 2  3 10 11 12 15 18 19 20 21 23 26 27 28 29 32 34 35 36 37 38 42 43 44
 45 46 51 52 53] [15589  4085  3058  1899 14452 12831  2544  2623  3178  7219 13429  2559
  5841  1951  3683 10303  3298  4644  2888  7750  8420  2664 14027  2572
  3319  5003  7885  5738  3462] [] 1716266046.9151816368
[-1 -1 -1 -1 -1 -1 -1 -1 -1 -1 -1 -1  1 -1 -1  1 -1 -1 -1 -1  1 -1 -1 -1
 -1 -1 -1 -1 -1] [ 2  3 10 11 12 15 18 19 20 21 23 26 27 28 29 32 34 35 36 37 38 42 43 44
 45 46 51 52 53] [15663  4282  3160  1935 15289 12895  2567  2659  3557  7277 13477  2617
  5809  2062  3707  9934  3581  4998  3290  7770  8410  2768 14059  2616
  3391  5156  7977  5965  3615] [] 1716266046.9581673145
[-1 -1  1 -1  1 -1 -1 -1 -1  1  1 -1 -1 -1  1  1 -1 -1 -1 -1 -1 -1 -1 -1
 -1 -1 -1 -1] [ 2  3 10 11 12 15 18 19 20 21 23 26 27 28 29 32 34 35 36 37 38 42 44 45
 46 51 52 53] [15701  4288  3136  1955 15115 12911  2653  2686  3657  7246 13419  2654
  5879  2091  3686  9879  3727  5093  3395  8382  8495  2858  2832  3773
  6041  8095  6548  4308] [] 1716266047.0010888577
[-1 -1 -1  1 -1 -1 -1 -1 -1 -1  1 -1 -1 -1 -1 -1 -1 -1 -1 -1 -1 -1 -1 -1
 -1 -1] [ 3 10 11 15 18 19 20 21 23 26 27 28 29 32 34 35 36 37 38 42 44 45 46 51
 52 53] [ 4631  3288  2001 12871  2807  2716  3831  7419 13447  2747  5875  2162
  3725 10348  3812  5442  3575  8414  8520  3303  2964  4292  6539  8507
  7121  5937] [] 1716266047.0441126823
[-1 -1 -1 -1 -1 -1 -1  1  1 -1 -1 -1 -1 -1 -1 -1  1 -1 -1  1 -1 -1 -1 -1] [ 3 10 11 15 18 19 20 21 23 26 27 28 29 34 35 36 37 38 42 44 45 46 52 53] [ 4829  3488  2066 12931  2859  2766  4006  7224 13367  2815  5905  2274
  3821  3881  5600  3868  8314  9844  4106  2955  4903  6870 11803 11261] [] 1716266047.0870501995
[-1 -1 -1  1 -1 -1 -1 -1  1 -1 -1 -1 -1 -1  1 -1 -1 -1 -1  1 -1 -1] [ 3 10 11 15 18 19 20 21 23 26 27 28 29 34 35 36 37 38 42 44 45 46] [ 5044  3512  2188 12815  2959  2843  4117  8223 13181  3015  5969  2354
  3877  3939  5504  4124  8743  9870  7851  2942  5225 10680] [] 1716266047.1301274300
[-1 -1 -1  1 -1  1 -1 -1  1 -1  1 -1  1 -1 -1 -1  1 -1 -1 -1] [ 3 10 11 15 18 19 20 21 23 26 27 28 29 34 35 36 37 42 44 45] [ 8777  3533  2298 12568  3110  2828  4191  9436 13012  3147  5961  2461
  3859  4042  5525  4276  8657 15764  3104  5599] [] 1716266047.1731314659
[-1 -1 -1  1 -1 -1 -1  1 -1 -1 -1 -1 -1 -1 -1 -1 -1 -1 -1] [ 2 10 11 15 18 19 20 21 23 26 27 28 29 34 35 36 37 44 45] [15556  3571  2360 12486  3385  2897  4401  9339 13125  3338  6069  2576
  3861  4547  6385  4479  8757  3391  5897] [] 1716266047.2160656452
[-1 -1 -1 -1 -1 -1 -1 -1 -1 -1 -1 -1 -1 -1 -1 -1 -1 -1 -1] [ 2 10 11 15 18 19 20 21 23 26 27 28 29 34 35 36 37 44 45] [15979  3728  2516 12527  3695  3022  4883  9384 13199  3489  6248  2743
  3982  6067  6440  4770  9523  3460  6086] [] 1716266047.2590370178
[-1  1 -1  1 -1 -1  1  1  1 -1 -1 -1 -1 -1  1 -1  1 -1 -1] [ 2 10 11 15 18 19 20 21 23 26 27 28 29 34 35 36 37 44 45] [16091  3710  2579 12471  4047  3045  4823  9201 13157  3849  6355  2935
  4019  6137  6100  4861  9286  3718  7865] [] 1716266047.3020985126
[ 1 -1 -1  1 -1 -1 -1 -1 -1 -1 -1 -1 -1 -1 -1 -1 -1 -1 -1] [ 2 10 11 15 18 19 20 21 23 26 27 28 29 34 35 36 37 44 45] [15967  3920  2643 12358  4275  3127  5062  9285 13182  4497  6442  3269
  4146  7095  6293  5204  9763  3828 11816] [] 1716266047.3450720310
[-1 -1  1 -1 -1 -1 -1 -1  1 -1 -1 -1 -1 -1 -1 -1 -1 -1] [ 2 10 11 15 18 19 20 21 23 26 27 28 29 34 35 36 37 44] [16319  4058  2640 12466  4509  3191  5235  9354 13071  4931  7015  3495
  5540  7328  6372  5270  9851  4020] [] 1716266047.3880834579
[-1 -1 -1 -1 -1 -1  1  1 -1 -1 -1 -1 -1 -1 -1 -1 -1] [10 11 15 18 19 20 21 23 26 27 28 29 34 35 36 37 44] [ 4157  2710 13173  4555  3275  5541  9339 12975  5662  7983  3724  5617
  7525  6742  6288  9860  5069] [] 1716266047.4310843945
[-1 -1 -1 -1 -1 -1  1 -1 -1 -1 -1 -1 -1 -1 -1 -1] [10 11 18 19 20 21 23 26 27 28 29 34 35 36 37 44] [ 4580  2878  5705  3401  6642  9424 12825  6809  8089  4050  6207 12386
  6793  7219 12402  7213] [] 1716266047.4740858078
[-1 -1 -1 -1 -1 -1 -1 -1 -1 -1 -1 -1 -1 -1 -1] [10 11 18 19 20 21 23 26 27 28 29 35 36 37 44] [ 4740  2975  6594  3535  7222  9545 12969  7666  8240  4500  6502  8797
  8824 12863 13277] [] 1716266047.5170466900
[-1 -1 -1 -1 -1 -1 -1 -1 -1 -1 -1 -1 -1] [10 11 18 19 20 21 23 26 27 28 29 35 36] [ 5520  3524  6924  3781  7723  9696 13127  8097  8490  6233  6706 13873
 13335] [] 1716266047.5599560738
[-1 -1 -1 -1 -1 -1 -1 -1 -1 -1 -1 -1 -1] [10 11 18 19 20 21 23 26 27 28 29 35 36] [ 5783  3592  6980  3808  9354  9791 13246  8194  8647  7271  7829 14578
 13539] [] 1716266047.6030631065
[-1 -1 -1 -1 -1 -1 -1 -1 -1 -1] [10 11 18 19 20 21 26 27 28 29] [ 6983  3785 10440  3937  9741  9857  8639  9931  9498  7969] [] 1716266047.6460726261
[-1 -1 -1 -1 -1 -1 -1 -1 -1 -1] [10 11 18 19 20 21 26 27 28 29] [ 7338  4153 10719  3954  9897  9985 12566 10363 10308 10189] [] 1716266047.6890027523
[-1 -1  1 -1 -1 -1  1  1 -1] [10 11 18 19 20 21 27 28 29] [ 7743  4354 10685  4000 10480 10131 10286 10148 10332] [] 1716266047.7320222855
[-1 -1 -1 -1 -1 -1 -1 -1] [10 11 19 20 21 27 28 29] [10368  7015  5647 12351 11121 12325 11167 11076] [] 1716266047.7750513554
[-1 -1 -1 -1 -1 -1 -1 -1] [10 11 19 20 21 27 28 29] [13022  8518  7991 13084 13925 12763 11365 11699] [] 1716266047.8180072308
[-1 -1 -1  1  1  1] [10 11 19 20 27 28] [15394  9179  8094 12956 12477 10907] [] 1716266047.8609788418
[-1  1  1 -1 -1] [10 11 19 20 28] [16143  9107  7811 13193 10980] [] 1716266047.9040460587
[-1 -1 -1 -1] [11 19 20 28] [ 9353  9673 13822 11479] [] 1716266047.9468963146
[-1 -1 -1 -1] [11 19 20 28] [10060 10944 14126 12292] [] 1716266047.9898841381
[ 1 -1] [11 20] [ 9444 15658] [] 1716266048.0329215527
[1] [11] [9411] [] 1716266048.0758197308
[-1] [11] [9637] [] 1716266048.1189606190
[-1] [11] [10942] [] 1716266048.1721234322
2 2 2 1716266048.1724443436
