FA TAX ADC PRES TS
[-1] [11] [10385] [] 1716266239.6271967888
[1] [11] [9802] [] 1716266239.6701800823
[1] [11] [9313] [] 1716266239.7131538391
[1] [11] [9259] [] 1716266239.7560524940
[-1 -1] [11 20] [ 9423 15820] [] 1716266239.7991759777
[1 1] [11 20] [ 9305 13821] [] 1716266239.8422033787
[1 1] [11 20] [ 8994 13580] [] 1716266239.8851613998
[-1 -1 -1 -1] [11 20 27 28] [ 9302 14312 12819 11849] [] 1716266239.9281010628
[-1 -1 -1  1 -1 -1 -1] [10 11 19 20 21 27 28] [15990  9594 10830 13274 11903 12944 12067] [] 1716266239.9711892605
[1 1 1 1 1 1 1] [10 11 19 20 21 27 28] [15106  9421 10542 12996 11619 12765 11869] [] 1716266240.0142288208
[1 1 1 1 1 1 1] [10 11 19 20 21 27 28] [15010  9368 10392 12349 11201 12645 11677] [] 1716266240.0570940971
[1 1 1 1 1 1 1] [10 11 19 20 21 27 28] [14474  9234 10123 11724 10878 12559 11399] [] 1716266240.1001524925
[1 1 1 1 1 1 1] [10 11 19 20 21 27 28] [14361  8397  9841 11419 10822 12491 11336] [] 1716266240.1431267262
[ 1  1 -1  1 -1 -1 -1 -1 -1] [10 11 19 20 21 26 27 28 36] [14112  7075  9842 11186 10837 13682 12693 11407 14801] [] 1716266240.1861796379
[ 1  1  1  1  1  1  1 -1  1] [10 11 19 20 21 26 27 28 36] [13915  6258  9461 11079 10603  9487 12633 11480 14207] [] 1716266240.2291009426
[-1  1  1  1 -1  1 -1  1 -1  1] [10 11 19 20 21 26 27 28 29 36] [13972  5260  9065 11032 10850  9074 12812 11438 12190 13729] [] 1716266240.2721228600
[ 1  1  1  1  1  1 -1  1  1  1] [10 11 19 20 21 26 27 28 29 36] [12173  5149  8851 10864 10804  8919 13084 11435 11859 13453] [] 1716266240.3152432442
[ 1  1 -1  1  1  1  1  1 -1  1  1] [10 11 18 19 20 21 26 27 28 29 36] [12008  4586 12106  7523  9513 10684  8836 12606 11445 11481 11513] [] 1716266240.3581614494
[ 1  1  1  1  1  1  1  1  1  1  1 -1] [10 11 18 19 20 21 26 27 28 29 36 44] [11621  4336 11019  7254  9284 10596  8723 12554 11282 11376 10031 13809] [] 1716266240.4011571407
[ 1  1  1  1  1 -1  1  1  1  1 -1  1  1] [10 11 18 19 20 21 26 27 28 29 35 36 44] [11461  4150 10825  6710  8364 10614  8673 12510 11222 11355 15600  9871
 13201] [] 1716266240.4442341328
[ 1  1  1  1  1 -1 -1  1  1  1  1  1  1 -1  1 -1] [10 11 18 19 20 21 23 26 27 28 29 35 36 42 44 45] [11298  3949  8323  6344  7525 10635 16195  8469 12422 11125 11097 15560
  8707 14383 13090 13290] [] 1716266240.4872088432
[1 1 1 1 1 1 1 1 1 1 1 1 1 1 1 1] [10 11 18 19 20 21 23 26 27 28 29 35 36 42 44 45] [10098  3656  8026  5631  7020 10411 14472  8251 12373 11016 10762 15455
  7970 13216 11854 12141] [] 1716266240.5302028656
[1 1 1 1 1 1 1 1 1 1 1 1 1 1 1 1] [10 11 18 19 20 21 23 26 27 28 29 35 36 42 44 45] [ 9740  3515  6640  5352  6875 10297 14257  7499 12274 10217 10605 13469
  6559 12733 10163  7237] [] 1716266240.5731601715
[1 1 1 1 1 1 1 1 1 1 1 1 1 1 1 1] [10 11 18 19 20 21 23 26 27 28 29 35 36 42 44 45] [ 9020  3222  6327  4621  6735 10043 13329  6705 12079  8488 10592 12495
  5722 11248  9140  6973] [] 1716266240.6161594391
[ 1  1  1  1  1 -1 -1  1  1  1  1  1  1  1  1  1] [10 11 18 19 20 21 23 26 27 28 29 35 36 42 44 45] [ 8916  3149  5542  4411  6694 10067 13527  6219 12048  7943 10526 12145
  5553  8737  6885  6683] [] 1716266240.6592361927
[ 1  1  1  1  1  1  1  1  1  1  1  1  1  1  1 -1] [10 11 18 19 20 21 23 26 27 28 29 35 36 42 44 45] [ 8491  3048  5159  4169  5889 10035 13082  5174 12023  6978  9369 10595
  5375  7578  5899  6731] [] 1716266240.7022159100
[ 1  1  1  1  1  1  1  1  1  1  1 -1  1  1  1  1 -1 -1] [10 11 18 19 20 21 23 26 27 28 29 34 35 36 42 44 45 53] [ 8245  2940  5080  4067  5669  9914 12929  4707  9483  5511  8022 12117
  9001  4959  6504  5443  6807 13520] [] 1716266240.7451794147
[ 1  1  1  1  1  1 -1  1  1  1  1  1  1  1 -1  1  1 -1 -1  1] [10 11 18 19 20 21 23 26 27 28 29 34 35 36 37 42 44 45 46 53] [ 7618  2907  4836  4013  5585  9818 12943  4484  9025  5013  7410 12016
  8878  4756 16340  5496  5167  6818 12286 12803] [] 1716266240.7881669998
[ 1  1  1  1  1 -1  1  1  1  1  1  1 -1  1  1  1  1  1  1  1] [10 11 18 19 20 21 23 26 27 28 29 34 35 36 37 42 44 45 46 53] [ 6704  2740  4408  3929  5387  9848 12895  4309  9017  4443  7222 10863
  8928  4545 13649  5098  4803  6693 10498 12599] [] 1716266240.8311927319
[ 1  1  1  1  1  1  1  1  1  1  1  1 -1  1  1  1  1 -1  1  1 -1] [10 11 18 19 20 21 23 26 27 28 29 34 35 36 37 42 44 45 46 53 54] [ 5547  2599  4297  3764  5355  9762 12882  4035  8875  3846  7150  7911
  9125  4163 10451  4935  4655  6911  9922  9882 13083] [] 1716266240.8742473125
[ 1  1  1  1  1 -1 -1  1  1  1  1  1 -1  1  1  1  1 -1  1  1  1 -1] [10 11 18 19 20 21 23 26 27 28 29 34 35 36 37 42 44 45 46 53 54 61] [ 5437  2528  4247  3682  5147  9785 12967  3895  8848  3686  6639  7373
  9249  4002 10326  4782  4403  7029  9537  9876 12413  7959] [] 1716266240.9171941280
[-1  1 -1  1  1  1  1 -1  1 -1  1  1  1  1  1  1  1  1  1  1 -1  1  1  1] [ 3 10 11 18 19 20 21 23 26 27 28 29 34 35 36 37 42 44 45 46 47 53 54 61] [ 8836  5153  2550  4103  3557  5065  9705 12981  3740  9018  3463  5456
  6641  8906  3772  9285  4443  4104  6973  8215 12580  8868 10494  7642] [] 1716266240.9602711201
[ 1  1  1 -1  1  1  1  1 -1  1  1  1  1  1  1  1  1  1  1  1  1  1  1  1
  1] [ 3 10 11 12 18 19 20 21 23 26 27 28 29 34 35 36 37 42 44 45 46 47 53 54
 61] [ 8385  4919  2498 16232  3860  3454  4911  9686 13005  3577  8516  3372
  5288  5685  8786  3624  8970  4066  3826  6725  6967 12008  8492 10249
  7180] [] 1716266241.0031414032
[1 1 1 1 1 1 1 1 1 1 1 1 1 1 1 1 1 1 1 1 1 1 1 1 1] [ 3 10 11 12 18 19 20 21 23 26 27 28 29 34 35 36 37 42 44 45 46 47 53 54
 61] [ 8347  4790  2449 15212  3739  3357  4655  9658 12986  3388  8399  3176
  5117  5068  8431  3398  8719  4037  3758  6607  6842  9941  8437 10148
  7116] [] 1716266241.0462493896
[ 1 -1  1  1  1  1  1 -1  1  1  1  1  1  1 -1  1  1  1  1  1  1  1 -1  1
  1 -1  1] [ 3 10 11 12 18 19 20 21 23 26 27 28 29 34 35 36 37 42 44 45 46 47 52 53
 54 55 61] [ 8345  4848  2411 14530  3723  3333  4553  9738 12917  3300  8300  3009
  4799  4705  8498  3284  8651  3971  3591  5506  6835  9533 13135  7543
 10130 11380  7036] [] 1716266241.0892226696
[ 1  1  1 -1  1  1  1 -1 -1  1  1  1  1  1  1  1  1  1 -1  1  1  1 -1  1
  1  1  1  1] [ 3 10 11 12 18 19 20 21 23 26 27 28 29 34 35 36 37 42 43 44 45 46 47 52
 53 54 55 61] [ 7136  4240  2376 14730  3615  3276  3924  9743 12932  3163  6804  2906
  4620  4451  8108  3125  8641  3885 11987  3489  5161  6657  9626 12990
  7408  8391  8184  6958] [] 1716266241.1321909428
[ 1  1  1  1  1  1  1 -1  1  1  1  1  1 -1  1  1  1  1  1  1  1  1  1  1
  1  1  1  1] [ 3 10 11 12 18 19 20 21 23 26 27 28 29 34 35 36 37 42 43 44 45 46 47 52
 53 54 55 61] [ 7025  4085  2288 14640  3361  3218  3878  9750 12757  2919  6519  2818
  4348  4492  7037  3056  8379  3838 10788  3441  4932  6246  9222 11682
  7116  8058  7373  6678] [] 1716266241.1752521992
[ 1  1  1  1  1  1  1 -1  1  1  1  1  1  1  1  1 -1  1  1  1  1  1  1  1
  1  1  1  1] [ 3 10 11 12 18 19 20 21 23 26 27 28 29 34 35 36 37 42 43 44 45 46 47 52
 53 54 55 61] [ 6923  3989  2250 14368  3342  3169  3804  9756 12703  2878  6069  2734
  4211  4310  7005  2976  8408  3774 10474  3254  4854  6216  8693 11059
  6938  7821  6437  6532] [] 1716266241.2182612419
[ 1  1  1  1  1  1  1 -1  1  1  1  1  1  1  1  1 -1 -1 -1 -1 -1  1  1  1
 -1 -1  1  1  1  1  1] [ 3 10 11 12 18 19 20 21 23 26 27 28 29 34 35 36 37 38 42 43 44 45 46 47
 50 51 52 53 54 55 61] [ 6873  3979  2187 14280  3274  3105  3684  9912 12665  2834  6001  2667
  4173  4296  6933  2868  8423 11898  3775 10536  3274  4689  6149  8508
 10543  9147  9062  6884  7588  5428  6486] [] 1716266241.2612392902
[-1  1  1 -1  1  1  1 -1 -1 -1  1 -1  1  1 -1 -1  1 -1  1 -1  1  1  1  1
  1 -1  1  1  1  1  1  1  1] [ 3 10 11 12 18 19 20 21 23 24 26 27 28 29 34 35 36 37 38 41 42 43 44 45
 46 47 50 51 52 53 54 55 61] [ 6979  3885  2157 14711  3175  3072  3627  9920 12705 15072  2803  6097
  2587  4114  4367  7140  2787  8514 10271 13389  3775 10520  3192  4430
  5997  8658 10383  8660  8630  6793  7521  4800  6402] [] 1716266241.3041851521
[ 1  1  1 -1  1  1  1  1 -1  1  1  1  1  1  1  1  1  1  1  1 -1 -1  1  1
  1  1 -1  1  1 -1  1  1  1] [ 3 10 11 12 18 19 20 21 23 24 26 27 28 29 34 35 36 37 38 41 42 43 44 45
 46 47 50 51 52 53 54 55 61] [ 6885  3835  2130 14775  3107  3015  3620  9818 12851 14349  2751  5964
  2513  4068  4286  6987  2723  8341 10141 13045  3823 10552  3140  4323
  5867  7725 10511  8583  8506  6868  7369  4402  6355] [] 1716266241.3473000526
[ 1 -1 -1  1 -1  1  1  1 -1 -1  1  1  1  1  1  1 -1  1 -1  1  1  1 -1  1
  1  1  1  1  1  1  1  1  1  1] [ 3  4 10 11 12 18 19 20 21 23 24 26 27 28 29 34 35 36 37 38 41 42 43 44
 45 46 47 50 51 52 53 54 55 61] [ 6211 12570  3887  2105 15029  3047  2982  3563  9882 13392 12039  2699
  5606  2430  4039  4159  7123  2558  8615  8707 12651  3648 10873  3092
  4199  5212  7409 10317  7231  8005  6781  7271  3876  6221] [] 1716266241.3902642727
[ 1  1  1  1  1  1  1  1  1 -1  1  1  1  1  1  1  1  1  1  1  1  1 -1  1
  1 -1  1  1  1  1  1  1  1  1] [ 3  4 10 11 12 18 19 20 21 23 24 26 27 28 29 34 35 36 37 38 41 42 43 44
 45 46 47 50 51 52 53 54 55 61] [ 5677 11737  3859  2082 14903  3023  2968  3537  9833 13515 11423  2671
  5240  2368  4000  4103  6758  2478  8142  8625 12591  3542 10909  2972
  3927  5262  7371 10301  7083  6971  5942  7125  3568  6144] [] 1716266241.4332365990
[-1  1 -1  1  1 -1  1  1  1  1 -1 -1  1  1  1  1 -1  1 -1  1  1  1  1  1
  1  1  1  1  1 -1  1  1 -1  1  1  1] [ 2  3  4 10 11 12 18 19 20 21 23 24 26 27 28 29 32 34 35 36 37 38 41 42
 43 44 45 46 47 50 51 52 53 54 55 61] [15759  5451 12014  3839  2066 14927  2931  2942  3513  9779 13771 11539
  2583  5074  2311  3883 11045  3931  6957  2336  6999  8484 12463  3492
 10906  2880  3799  5014  6683 10319  6106  6949  5973  6946  3474  6094] [] 1716266241.4762508869
[ 1  1  1  1  1 -1  1  1  1 -1 -1  1  1  1  1  1  1  1  1  1  1  1 -1  1
  1 -1  1  1  1  1  1  1  1  1  1 -1] [ 2  3  4 10 11 12 18 19 20 21 23 24 26 27 28 29 32 34 35 36 37 38 41 42
 43 44 45 46 47 50 51 52 53 54 55 61] [15615  5278 11507  3703  2054 15059  2919  2915  3455  9796 13782 11301
  2550  4960  2214  3863 10939  3759  6587  2283  6978  8479 12491  3172
  9530  2900  3577  4607  6182  9247  6003  6841  5586  6171  3316  6151] [] 1716266241.5192210674
[-1  1  1  1  1  1  1  1  1  1 -1  1  1  1  1  1  1  1  1  1  1  1  1  1
  1  1  1  1  1  1  1  1  1  1  1  1] [ 2  3  4 10 11 12 18 19 20 21 23 24 26 27 28 29 32 34 35 36 37 38 41 42
 43 44 45 46 47 50 51 52 53 54 55 61] [15725  5166 10993  3519  2020 14871  2783  2909  3385  8933 13871 11137
  2431  4904  2133  3813 10778  3535  5631  2239  6773  7228  9403  3097
  8480  2696  3319  4512  5228  9120  5932  6767  5424  6066  3186  6061] [] 1716266241.5622437000
[-1  1  1  1 -1 -1  1  1  1  1 -1 -1  1 -1  1  1  1  1  1  1  1 -1  1  1
  1  1 -1  1  1 -1  1  1  1 -1  1  1  1] [ 2  3  4 10 11 12 18 19 20 21 23 24 26 27 28 29 32 34 35 36 37 38 41 42
 43 44 45 46 47 48 50 51 52 53 54 55 61] [15895  5161 10676  3327  2031 14951  2703  2849  3343  8669 14015 11146
  2419  5000  2071  3762 10513  3367  5559  2153  6662  7244  8886  2812
  8265  2608  3327  4185  4835 10303  8980  5868  5895  6025  5630  3138
  6049] [] 1716266241.6053233147
[-1  1  1  1 -1  1  1  1  1  1  1  1  1  1 -1  1 -1 -1  1 -1  1  1  1  1
  1  1  1  1  1  1  1  1  1  1  1  1  1  1] [ 1  2  3  4 10 11 12 18 19 20 21 23 24 26 27 28 29 32 34 35 36 37 38 41
 42 43 44 45 46 47 48 50 51 52 53 54 55 61] [16159 13375  5051 10632  3415  2021 14943  2615  2815  3239  8633 13863
 11074  2399  5110  2011  3765 10562  3207  5685  2109  6406  7198  6757
  2712  8072  2592  3035  3990  4468  7617  8925  5807  5719  5728  5205
  3008  5971] [] 1716266241.6483035088
[ 1  1  1  1  1  1  1  1  1  1  1  1 -1 -1 -1  1  1  1  1  1  1  1  1  1
  1  1  1  1  1  1  1 -1  1  1  1  1  1  1] [ 1  2  3  4 10 11 12 18 19 20 21 23 24 26 27 28 29 32 34 35 36 37 38 41
 42 43 44 45 46 47 48 50 51 52 53 54 55 61] [15866 11519  4971  9853  3309  1987 14551  2542  2778  3094  8489 13855
 11309  2405  5452  1920  3705  9723  3055  5283  2049  6071  7089  6404
  2625  7938  2528  2933  3733  4131  7391  9085  5699  5511  5182  4991
  2905  5971] [] 1716266241.6912572384
[-1  1  1  1  1  1  1  1  1  1 -1  1  1  1  1  1  1  1  1  1  1  1  1  1
  1  1  1  1  1  1  1  1 -1 -1  1  1 -1 -1  1] [ 1  2  3  4 10 11 12 18 19 20 21 23 24 26 27 28 29 32 34 35 36 37 38 41
 42 43 44 45 46 47 48 50 51 52 53 54 55 60 61] [16159 11431  4566  9772  3199  1959 12735  2495  2734  3005  8569 13783
 11139  2319  5301  1890  3495  9599  2901  5002  2047  6015  6604  6305
  2598  7938  2516  2917  3613  4054  7288  9050  5787  5952  5168  4967
  2908 15488  5956] [] 1716266241.7342400551
[-1  1  1  1 -1 -1  1 -1 -1  1  1 -1 -1  1  1  1  1  1  1 -1  1  1  1  1
  1 -1  1  1  1 -1  1  1  1  1  1  1  1 -1] [ 1  2  3  4 10 11 12 18 19 20 21 23 24 26 27 28 29 32 34 35 36 37 38 41
 42 43 44 45 46 47 48 50 51 52 53 54 55 61] [16214 11375  4549  9690  3432  1989 12279  2511  2751  2984  8496 13887
 11181  2311  5157  1876  3495  9197  2879  5220  1994  5851  6506  6177
  2546  7992  2508  2885  3564  4055  7200  8985  5683  5882  5062  4799
  2876  5996] [] 1716266241.7772343159
[ 1 -1  1  1  1  1  1  1  1  1 -1  1  1  1  1 -1 -1  1  1  1  1  1  1  1
  1  1  1  1  1  1  1 -1  1  1  1  1  1] [ 2  3  4 10 11 12 18 19 20 21 23 24 26 27 28 29 32 34 35 36 37 38 41 42
 43 44 45 46 47 48 50 51 52 53 54 55 61] [10711  4583  9653  3352  1983 12201  2473  2739  2975  8460 13989 11092
  2287  4772  1856  3511  9598  2835  5164  1983  5749  6502  6134  2544
  7957  2480  2815  3488  3992  7032  8752  5713  5875  4850  4711  2852
  5924] [] 1716266241.8202247620
[ 1  1  1  1  1  1  1  1 -1  1 -1  1 -1  1  1  1  1  1  1  1  1 -1 -1 -1
  1  1  1  1  1 -1  1  1 -1  1  1  1 -1 -1] [ 2  3  4 10 11 12 18 19 20 21 23 24 26 27 28 29 32 34 35 36 37 38 41 42
 43 44 45 46 47 48 50 51 52 53 54 55 60 61] [10511  4505  9647  3332  1948 12191  2467  2706  2989  8438 14047 11065
  2311  4593  1856  3487  9561  2815  5157  1975  5651  6528  6145  2546
  7900  2472  2791  3487  3982  7055  8404  5706  5896  4805  4709  2844
 14675  5983] [] 1716266241.8632366657
[ 1 -1  1  1  1  1  1 -1  1 -1  1  1  1  1 -1  1  1 -1 -1  1 -1  1  1 -1
 -1 -1 -1 -1 -1 -1 -1  1  1  1 -1 -1  1  1] [ 2  3  4 10 11 12 18 19 20 21 23 24 26 27 28 29 32 34 35 36 37 38 41 42
 43 44 45 46 47 48 50 51 52 53 54 55 60 61] [10423  4559  9628  3328  1941 12155  2447  2729  2953  8481 13887 10933
  2273  4484  1879  3463  9507  2839  5184  1973  5759  6477  6126  2552
  7904  2488  2859  3548  4026  7220  8882  5684  5894  4792  4795  2912
 14536  5951] [] 1716266241.9062218666
[-1 -1  1 -1 -1 -1 -1 -1  1 -1  1  1  1 -1 -1  1 -1 -1 -1  1  1  1 -1 -1
 -1  1 -1 -1 -1 -1 -1 -1 -1  1 -1 -1 -1  1] [ 1  2  3  4 10 11 12 18 19 20 21 23 24 26 27 28 29 32 34 35 36 37 38 41
 42 43 44 45 46 47 48 50 51 52 53 54 55 61] [16351 10665  4484  9646  3344  1943 12207  2461  2701  2971  8414 13879
 10876  2287  4740  1851  3657  9535  2877  5140  1972  5608  7053  8342
  2657  7899  2504  3045  3899  4539 10210  8899  5732  5527  5670  4998
  3092  5883] [] 1716266241.9492280483
[ 1 -1 -1  1  1 -1 -1 -1 -1 -1  1  1  1 -1  1 -1  1  1 -1  1 -1 -1 -1 -1
 -1 -1 -1 -1 -1 -1 -1 -1 -1 -1  1 -1 -1 -1] [ 1  2  3  4 10 11 12 18 19 20 21 23 24 26 27 28 29 32 34 35 36 37 38 41
 42 43 44 45 46 47 48 50 51 52 53 54 55 61] [15310 11451  4805  9614  3199  1963 13775  2525  2742  3011  8385 13797
 10846  2309  4656  1889  3641  9393  2987  5067  1995  5649  7109  9383
  2828  7952  2560  3139  4173  4595 16366  8900  5853  5771  5291  5119
  3178  5915] [] 1716266241.9922480583
[-1 -1 -1 -1 -1 -1 -1 -1 -1 -1  1 -1  1 -1  1 -1 -1  1 -1 -1 -1 -1 -1 -1
 -1 -1 -1 -1 -1 -1 -1  1 -1 -1 -1 -1 -1] [ 1  2  3  4 10 11 12 18 19 20 21 23 24 26 27 28 29 32 34 35 36 37 38 41
 42 43 44 45 46 47 50 51 52 53 54 55 61] [15588 11731  4815  9710  3215  1973 13789  2527  2750  3081  8325 13823
 10839  2325  4626  1919  3663  9281  3151  5115  2015  5662  8364 11907
  2923  8112  2752  3391  4496  5794 10211  5853  6135  5580  5811  3404
  6021] [] 1716266242.0352084637
[-1 -1 -1 -1 -1  1  1 -1 -1 -1  1  1 -1  1 -1 -1 -1 -1 -1 -1 -1 -1 -1 -1
 -1 -1 -1 -1 -1 -1 -1 -1 -1 -1 -1 -1  1] [ 1  2  3  4 10 11 12 18 19 20 21 23 24 26 27 28 29 32 34 35 36 37 38 41
 42 43 44 45 46 47 50 51 52 53 54 55 61] [15704 13631  4859  9731  3455  1967 13743  2539  2815  3161  8288 13811
 10848  2313  4632  2022  3719 10145  3338  5145  2122  5962  8409 12239
  3104  9325  2776  3483  4643  6826 10294  6054  6335  6621  6813  3680
  6014] [] 1716266242.0782442093
[-1 -1 -1 -1 -1 -1 -1 -1  1 -1 -1 -1 -1 -1 -1 -1 -1 -1 -1 -1 -1 -1 -1 -1
 -1 -1 -1 -1 -1 -1 -1 -1 -1  1 -1 -1 -1] [ 1  2  3  4 10 11 12 18 19 20 21 23 24 26 27 28 29 32 34 35 36 37 38 41
 42 43 44 45 46 47 50 51 52 53 54 55 61] [15794 13791  4882  9984  3551  1983 13951  2643  2779  3209  8358 13931
 10976  2341  4720  2060  3735 10782  3575  5350  2145  6273  8427 12550
  3238 10463  2834  3775  4991  6909 10367  6529  6546  6509  7159  4416
  6174] [] 1716266242.1212244034
[ 1 -1 -1 -1 -1  1 -1 -1 -1  1  1  1 -1 -1 -1 -1 -1 -1  1 -1 -1 -1 -1 -1
 -1 -1 -1 -1 -1 -1 -1 -1 -1 -1 -1 -1] [ 1  2  3 10 11 12 18 19 20 21 23 24 26 27 28 29 32 34 35 36 37 38 41 42
 43 44 45 46 47 50 51 52 53 54 55 61] [15674 16126  4934  3659  1992 13895  2807  2808  3257  8355 13367 10819
  2455  4782  2120  3918 15549  3847  5335  2197  6509  8449 13035  3363
 10527  2850  3831  5012  6944 10495  7272  8067  6560  7268  4770  6299] [] 1716266242.1641068459
[-1 -1 -1 -1 -1 -1 -1 -1 -1 -1 -1 -1 -1  1 -1  1 -1 -1 -1 -1 -1 -1 -1 -1
 -1 -1 -1 -1 -1 -1 -1 -1 -1 -1 -1] [ 1  2  3 10 11 12 18 19 20 21 23 24 26 27 28 29 34 35 36 37 38 41 42 43
 44 45 46 47 50 51 52 53 54 55 61] [15717 16167  5453  3711  2022 14791  2859  2879  3303  8658 13499 10984
  2535  4776  2209  3903  3902  5777  2313  6646  9824 13487  3427 10565
  2984  4063  5414  7461 10637  7435  8436  6698  7414  5637  6466] [] 1716266242.2072539330
[-1 -1  1 -1  1 -1  1 -1  1  1 -1 -1 -1 -1 -1 -1  1 -1 -1 -1  1  1  1 -1
 -1 -1 -1 -1 -1 -1 -1 -1] [ 1  3 10 11 12 18 19 20 21 23 24 26 27 28 29 34 35 36 37 38 42 43 44 45
 46 47 51 52 53 54 55 61] [15869  6689  3620  2062 14458  2931  2879  3378  8570 13407 11685  2570
  4888  2304  3999  3907  5606  2386  7133 10229  3411 10394  2982  4340
  5970  8372 11512  8513  6856  7580  6765  6706] [] 1716266242.2502481937
[-1 -1  1  1  1 -1  1 -1 -1  1 -1 -1 -1 -1  1 -1 -1 -1  1 -1 -1 -1 -1 -1
 -1 -1 -1 -1 -1 -1 -1] [ 1  3 10 11 12 18 19 20 21 23 24 26 27 28 29 34 35 36 37 42 43 44 45 46
 47 51 52 53 54 55 61] [16050  6794  3599  2048 14417  2991  2878  3438  9320 13011 15276  2645
  4946  2397  3959  4093  5753  2531  7105  3622 10493  3092  4767  6155
  8642 13776 11004  7027  7825  9876  6784] [] 1716266242.2932565212
[-1 -1 -1  1 -1 -1 -1 -1  1 -1 -1 -1 -1 -1 -1 -1 -1 -1 -1 -1 -1  1 -1 -1
 -1 -1 -1] [ 3 10 11 12 18 19 20 21 23 26 27 28 29 34 35 36 37 42 43 44 45 46 47 52
 53 54 61] [ 7119  3685  2088 14404  3141  2905  3480  9366 12983  2722  4993  2480
  3988  4155  5861  2588  7637  3652 10589  3230  4845  6080  9014 11707
  7045  9535  6786] [] 1716266242.3362107277
[-1  1 -1  1 -1 -1 -1  1  1 -1 -1 -1 -1 -1 -1 -1  1 -1 -1 -1 -1 -1 -1 -1
 -1 -1] [ 3 10 11 12 18 19 20 21 23 26 27 28 29 34 35 36 37 42 44 45 46 47 52 53
 54 61] [ 8306  3685  2127 14314  3266  2995  3568  9314 12806  2743  5004  2605
  4049  4210  6845  2775  7637  3783  3326  5156  6535  9604 13369  7417
  9585  7055] [] 1716266242.3792054653
[-1 -1 -1  1 -1 -1 -1 -1  1 -1 -1 -1 -1 -1 -1 -1 -1 -1 -1 -1  1 -1 -1 -1] [ 3 10 11 12 18 19 20 21 23 26 27 28 29 34 35 36 37 42 44 45 46 53 54 61] [ 8425  3725  2158 14280  3315  3011  3609  9472 12719  2797  5109  2726
  4131  4335  6941  2883  7897  3860  3516  5434  6515  7582 12095  7242] [] 1716266242.4222378731
[-1  1 -1 -1 -1 -1 -1  1 -1 -1 -1 -1 -1  1 -1 -1 -1 -1 -1 -1 -1 -1 -1] [10 11 12 18 19 20 21 23 26 27 28 29 34 35 36 37 42 44 45 46 53 54 61] [ 3981  2152 14418  3365  3023  3703  9504 12607  3001  5387  2794  4459
  4422  6877  3114  7926  4223  3886  6178  7641  8100 12635  7771] [] 1716266242.4651918411
[-1 -1 -1 -1 -1 -1  1 -1 -1 -1 -1 -1 -1 -1 -1 -1 -1 -1  1 -1 -1] [10 11 12 18 19 20 21 23 26 27 28 29 34 35 36 37 42 44 45 46 53] [ 4145  2230 15008  3423  3071  3731  9404 12654  3107  5723  2907  4539
  5067  7160  3355  8099  4303  4023  5925  8881  8347] [] 1716266242.5081229210
[-1 -1 -1 -1 -1 -1 -1  1 -1 -1 -1 -1 -1 -1 -1 -1 -1 -1 -1 -1 -1] [10 11 12 18 19 20 21 23 26 27 28 29 34 35 36 37 42 44 45 46 53] [ 4210  2326 15659  3801  3155  4089  9437 12575  3255  6795  3034  4793
  6193  7216  3494  8456  4770  4415  6095  9269 10684] [] 1716266242.5512542725
[-1 -1 -1 -1 -1 -1 -1 -1 -1 -1 -1 -1 -1 -1 -1 -1 -1 -1 -1 -1] [10 11 18 19 20 21 23 26 27 28 29 34 35 36 37 42 44 45 46 53] [ 4649  2443  3939  3221  4561  9495 12746  3518  7710  3331  5886  6742
  8308  3927  9359  5548  4630  6791 13720 10823] [] 1716266242.5941240788
[-1 -1 -1 -1  1  1  1 -1  1 -1 -1 -1 -1 -1 -1 -1 -1  1] [10 11 18 19 20 21 23 26 27 28 29 34 35 36 37 42 44 45] [ 5072  2449  4257  3338  4545  9450 12580  3642  7685  3444  6166  7015
  8524  4095  9571  7007  4842  6354] [] 1716266242.6371376514
[-1 -1 -1 -1 -1 -1 -1 -1 -1 -1 -1 -1 -1 -1 -1 -1 -1 -1] [10 11 18 19 20 21 23 26 27 28 29 34 35 36 37 42 44 45] [ 6015  2520  4480  3472  4829  9526 12670  3976  7879  3882  6893  8874
  8732  4587 11862 10358  5212  6462] [] 1716266242.6802203655
[-1 -1 -1 -1 -1 -1 -1 -1 -1 -1 -1 -1 -1 -1 -1 -1 -1 -1] [10 11 18 19 20 21 23 26 27 28 29 34 35 36 37 42 44 45] [ 6596  2554  4554  3529  4875  9542 12783  4076  7923  4182  6907  9156
  9017  5034 13055 11765  6207  6775] [] 1716266242.7231757641
[-1 -1 -1 -1 -1 -1 -1 -1 -1 -1 -1 -1  1 -1 -1 -1] [10 11 18 19 20 21 23 26 27 28 29 34 35 36 44 45] [ 6838  2662  4842  3648  4918  9629 12851  4519  8378  4968  6990 11858
  8962  5118  6840  6892] [] 1716266242.7660937309
[-1 -1 -1 -1 -1 -1 -1 -1 -1 -1 -1 -1 -1 -1 -1 -1] [10 11 18 19 20 21 23 26 27 28 29 34 35 36 44 45] [ 7071  2828  5965  3721  5040  9691 12933  4770  8642  5714  7224 15947
  9137  5319 10193  7296] [] 1716266242.8091583252
[-1 -1 -1 -1 -1 -1 -1 -1 -1 -1 -1 -1 -1 -1] [10 11 18 19 20 21 23 26 27 28 29 35 36 44] [ 7655  2975  6213  3899  5086  9726 12994  5272  8855  7520 10324  9342
  5477 12605] [] 1716266242.8519477844
[-1 -1 -1 -1 -1 -1 -1 -1 -1 -1 -1 -1 -1 -1] [10 11 18 19 20 21 23 26 27 28 29 35 36 44] [ 7780  3265  7735  4059  6279  9820 12996  6955  9529 10173 10442 12998
  6895 13265] [] 1716266242.8951203823
[-1 -1 -1 -1 -1 -1 -1 -1 -1 -1 -1 -1 -1] [10 11 18 19 20 21 23 26 27 28 29 35 36] [ 7883  3403  7829  4277  6375 10046 13192  7791 11574 10317 10636 13021
  7158] [] 1716266242.9381208420
[-1 -1 -1 -1 -1 -1 -1 -1  1 -1 -1 -1 -1] [10 11 18 19 20 21 23 26 27 28 29 35 36] [ 9078  3826 10681  5311  6688 10230 13226  8060 11253 10559 10968 13194
  7929] [] 1716266242.9811358452
[-1 -1 -1 -1 -1 -1 -1 -1 -1 -1 -1 -1 -1] [10 11 18 19 20 21 23 26 27 28 29 35 36] [ 9883  4279 10890  5981  7268 10403 13505  8479 11318 10767 11262 15716
  9461] [] 1716266243.0240907669
[-1 -1 -1 -1 -1 -1 -1 -1 -1 -1 -1 -1] [10 11 18 19 20 21 23 26 27 28 29 36] [10603  5377 11392  6555  9207 10653 14330  9082 11509 11222 11304 10475] [] 1716266243.0671162605
[-1 -1 -1 -1  1 -1 -1  1 -1] [10 11 19 20 21 26 27 28 36] [13102  8719  7023  9915 10525 12474 12191 10873 13761] [] 1716266243.1100397110
[ 1 -1 -1 -1  1  1 -1 -1] [10 11 19 20 21 27 28 36] [12526  8726  8826 10272 10388 12110 10913 14008] [] 1716266243.1530156136
[-1 -1 -1 -1 -1 -1 -1] [10 11 19 20 21 27 28] [13261  8831  9939 10807 10880 12541 11406] [] 1716266243.1960363388
[-1 -1 -1 -1 -1 -1 -1] [10 11 19 20 21 27 28] [13353  9009 10005 10903 10954 12784 11658] [] 1716266243.2390177250
[-1 -1 -1 -1 -1 -1 -1] [10 11 19 20 21 27 28] [13902  9509 10604 12139 11740 13265 12059] [] 1716266243.2820260525
[ 1  1 -1 -1  1] [10 11 19 20 28] [13893  9332 14550 12531 11637] [] 1716266243.3250682354
[ 1 -1  1] [11 20 28] [ 9085 12950 11617] [] 1716266243.3679976463
[-1 -1  1 -1] [10 11 20 28] [13656  9118 12635 11668] [] 1716266243.4109780788
[1 1] [11 28] [ 8974 11549] [] 1716266243.4539885521
[-1] [11] [9513] [] 1716266243.4969394207
2 2 2 1716266243.7120318413
