FA TAX ADC PRES TS
[-1] [19] [11095] [] 1716266566.5182998180
[1] [19] [9982] [] 1716266566.5613601208
[-1 -1] [19 28] [10310 11835] [] 1716266566.6042721272
[1 1] [19 28] [10187 11532] [] 1716266566.6473042965
[ 1  1 -1] [19 28 44] [ 9745 11099 15470] [] 1716266566.6903455257
[-1  1  1] [19 28 44] [ 9841 11090 13858] [] 1716266566.7333555222
[-1 -1 -1 -1  1] [11 19 26 28 44] [14173 10287 13872 11375 13520] [] 1716266566.7762873173
[ 1 -1 -1  1  1  1] [11 19 20 26 28 44] [10505 10326 15377 13446 11361 13081] [] 1716266566.8193426132
[1 1 1 1 1 1] [11 19 20 26 28 44] [10135  9859 15087 11038 11316 13055] [] 1716266566.8623247147
[ 1 -1  1  1  1 -1] [11 19 20 26 28 44] [10031  9912 14328  9422 11238 13072] [] 1716266566.9053814411
[-1  1  1  1  1  1  1] [10 11 19 20 26 28 44] [12744  9715  8795 13817  9218 11039 12852] [] 1716266566.9481661320
[ 1 -1  1  1 -1  1 -1 -1  1] [10 11 19 20 21 26 27 28 44] [10890  9785  7014 13528 12043  9064 13452 11143 12492] [] 1716266566.9913480282
[ 1  1  1 -1  1  1  1 -1  1] [10 11 19 20 21 26 27 28 44] [10502  9581  6618 13739 11479  7267 13135 11371  9305] [] 1716266567.0343561172
[1 1 1 1 1 1 1 1 1] [10 11 19 20 21 26 27 28 44] [ 9785  9457  6253 12904 11217  7037 13029 11115  8919] [] 1716266567.0773782730
[ 1  1  1  1  1  1  1  1 -1  1] [10 11 19 20 21 26 27 28 34 44] [ 8199  9299  5528 12544 11042  6443 12887 11055 12541  8467] [] 1716266567.1201829910
[1 1 1 1 1 1 1 1 1 1] [10 11 19 20 21 26 27 28 34 44] [ 7272  9279  5350 11673 10845  5794 12756 10873 12101  6549] [] 1716266567.1633892059
[1 1 1 1 1 1 1 1 1 1] [10 11 19 20 21 26 27 28 34 44] [ 6184  9056  5253 11124 10653  5503 12622 10741  9966  5978] [] 1716266567.2063765526
[ 1 -1  1  1 -1  1 -1 -1 -1  1  1] [10 11 19 20 21 26 27 28 29 34 44] [ 5934  9064  5086 11087 10827  5204 12695 10784 11806  9682  5116] [] 1716266567.2493810654
[1 1 1 1 1 1 1 1 1 1 1] [10 11 19 20 21 26 27 28 29 34 44] [ 5506  8874  4749 10674 10524  4718 12471  9783 11334  9338  4722] [] 1716266567.2922844887
[ 1  1  1  1 -1  1 -1  1  1  1  1 -1] [10 11 19 20 21 26 27 28 29 34 44 45] [ 5119  8823  4555 10524 10640  4376 12479  9381 10981  8083  4556 12092] [] 1716266567.3353540897
[ 1  1  1  1  1 -1 -1  1 -1  1 -1  1  1] [10 11 19 20 21 26 27 28 29 34 35 44 45] [ 4863  8759  4435 10139 10461  4378 12601  8362 11044  7308 14667  4400
  9290] [] 1716266567.3784379959
[1 1 1 1 1 1 1 1 1 1 1 1 1] [10 11 19 20 21 26 27 28 29 34 35 44 45] [ 4531  8729  4371  9831 10391  4267  9261  7195 10906  6789 13443  4145
  8511] [] 1716266567.4213633537
[ 1 -1  1  1  1  1  1  1  1  1  1 -1  1  1] [10 11 19 20 21 26 27 28 29 34 35 36 44 45] [ 4296  8783  4192  9719 10099  4153  9025  6900 10782  6354 12933 12681
  3934  7554] [] 1716266567.4642853737
[ 1  1  1  1  1  1 -1  1  1 -1  1 -1 -1  1  1 -1] [10 11 19 20 21 26 27 28 29 34 35 36 42 44 45 53] [ 4125  8657  4056  9499 10085  3991  9765  5901 10546  6368 12818 12938
 12355  3909  6966 13845] [] 1716266567.5073575974
[ 1  1  1  1  1  1  1  1  1  1  1  1  1  1 -1 -1  1] [10 11 19 20 21 26 27 28 29 34 35 36 42 44 45 52 53] [ 4041  8641  3977  9420 10044  3898  8756  5229 10410  6269 12697 12435
 11529  3873  6998 15156  9307] [] 1716266567.5504169464
[-1  1  1  1  1  1  1 -1  1  1  1 -1  1  1 -1 -1  1  1] [ 3 10 11 19 20 21 26 27 28 29 34 35 36 42 44 45 52 53] [12745  3865  8621  3798  7906  9994  3651  8815  4764 10211  6142 13807
 11514 11235  3919  7021 13655  6920] [] 1716266567.5933668613
[ 1  1 -1  1  1 -1  1 -1  1 -1  1  1  1 -1 -1  1 -1 -1  1  1] [ 3 10 11 19 20 21 26 27 28 29 34 35 36 37 42 44 45 46 52 53] [12706  3805  8634  3753  7699 10023  3521  8820  4498 10228  6130 12750
 10391 16332 11433  3822  7185 11962 12850  6842] [] 1716266567.6363112926
[ 1  1 -1 -1  1  1  1 -1  1  1  1  1  1  1  1  1  1  1  1  1  1  1] [ 3 10 11 18 19 20 21 23 26 27 28 29 34 35 36 37 42 44 45 46 52 53] [11839  3721  8656 12863  3714  7441  9974 15899  3484  8678  4163 10186
  6083 12341  9075 14157 10759  3706  6995  9163 10143  6572] [] 1716266567.6793608665
[-1  1  1  1 -1  1  1  1  1  1  1  1  1  1  1  1  1  1  1  1  1  1 -1  1
  1] [ 1  3 10 11 12 18 19 20 21 23 26 27 28 29 34 35 36 37 42 44 45 46 51 52
 53] [16068  5571  3664  8589 14756 12524  3527  6600  9828 15529  3349  8431
  3872  9997  5761  8504  7814 12856  9255  3682  6961  8764 12061  8471
  6437] [] 1716266567.7224793434
[ 1  1  1  1  1  1  1  1  1  1  1  1  1  1  1  1  1  1  1 -1 -1 -1 -1  1
 -1 -1] [ 1  3 10 11 12 18 19 20 21 23 26 27 28 29 34 35 36 37 42 44 45 46 51 52
 53 61] [15675  5283  3539  8107 14340 10074  3385  5679  9785 14321  3245  8241
  3719  7053  5360  8176  7345 10070  8333  3714  7111  9082 12104  8005
  6658  8381] [] 1716266567.7654101849
[ 1  1  1  1  1  1  1  1 -1  1  1 -1  1  1  1  1  1 -1 -1  1  1  1  1  1
  1  1  1] [ 1  3 10 11 12 18 19 20 21 23 26 27 28 29 34 35 36 37 38 42 44 45 46 51
 52 53 61] [15104  5069  3499  7987 14026  9688  3242  5457  9913 13754  3171  8247
  3578  6576  5106  7891  6438 10098 14395  7274  3562  6925  8776  9200
  7674  6030  7628] [] 1716266567.8082993031
[ 1  1  1  1 -1  1  1  1 -1  1  1  1  1  1  1  1  1  1  1  1  1 -1  1  1
  1  1 -1  1] [ 1  3 10 11 12 18 19 20 21 23 26 27 28 29 34 35 36 37 38 42 44 45 46 51
 52 53 54 61] [14882  4982  3331  7800 14080  8299  3160  5140  9918 13528  3129  7541
  3421  6448  4863  7607  5511  9624 14011  6297  3448  6948  8397  8961
  7400  5671 13715  7356] [] 1716266567.8514499664
[-1  1  1 -1 -1  1  1  1  1  1  1  1  1  1  1  1  1  1 -1  1  1  1  1  1
  1  1  1  1] [ 1  3 10 11 12 18 19 20 21 23 26 27 28 29 34 35 36 37 38 42 44 45 46 51
 52 53 54 61] [15125  4667  3262  7913 14092  7015  3107  4979  9850 13402  3037  6831
  3332  5416  4629  7500  5285  9320 14197  5885  3352  6803  8332  8883
  7295  5600 12384  7249] [] 1716266567.8944194317
[ 1  1  1  1  1  1  1  1  1  1  1  1  1  1  1 -1  1 -1  1  1  1  1  1 -1
  1  1  1  1  1] [ 1  3 10 11 12 18 19 20 21 23 26 27 28 29 34 35 36 37 38 42 44 45 46 50
 51 52 53 54 61] [15058  4551  3215  7896 14080  6265  3050  4762  9761 13373  3019  6503
  3207  5257  4380  7594  5138 10230 13789  5329  3279  6511  7385 15083
  8648  7099  5197 11748  7055] [] 1716266567.9373819828
[-1  1  1  1 -1  1  1  1 -1 -1  1  1  1  1  1  1 -1  1 -1  1  1  1  1 -1
 -1  1  1  1 -1  1] [ 1  3 10 11 12 18 19 20 21 23 26 27 28 29 34 35 36 37 38 42 44 45 46 47
 50 51 52 53 54 61] [15204  4197  3197  7888 14323  6241  2894  4542  9766 13490  2895  6065
  3085  5095  4175  6463  5158  8012 14192  4425  3182  6358  7262 10559
 15616  8524  6930  4886 11801  6847] [] 1716266567.9804060459
[ 1  1  1  1  1  1  1 -1 -1  1  1  1  1  1  1  1  1  1  1  1  1  1  1  1
  1  1  1  1  1  1] [ 1  3 10 11 12 18 19 20 21 23 26 27 28 29 34 35 36 37 38 42 44 45 46 47
 50 51 52 53 54 61] [15189  4113  3077  7714 14246  5157  2788  4608  9781 13386  2733  5937
  2981  4919  4030  6250  4882  7353 14067  3911  3123  6337  6521 10523
 15419  8409  6286  4455 11632  6780] [] 1716266568.0234289169
[ 1  1  1  1  1  1  1  1  1  1  1  1  1  1  1 -1  1  1  1 -1 -1  1  1  1
  1  1  1  1  1  1  1] [ 1  3 10 11 12 18 19 20 21 23 26 27 28 29 34 35 36 37 38 41 42 44 45 46
 47 50 51 52 53 54 61] [14711  4113  3011  6849 13683  4611  2709  4460  9727 13303  2669  5915
  2955  4863  3735  6417  4722  7185 13965 14631  3937  3075  6247  6414
  9859  9656  8091  6203  4245 11472  6650] [] 1716266568.0664584637
[ 1  1  1  1  1  1  1  1  1  1 -1  1  1  1 -1 -1  1  1  1  1  1  1  1  1
  1  1  1  1  1  1  1] [ 1  3 10 11 12 18 19 20 21 23 26 27 28 29 34 35 36 37 38 41 42 44 45 46
 47 50 51 52 53 54 61] [14662  4078  2943  6218 13417  4559  2671  4368  9723 13177  2677  5903
  2880  4842  3818  6422  4583  6634  8788 14461  3579  2997  6022  6074
  9647  9253  7884  6071  4113  9150  6480] [] 1716266568.1094107628
[ 1  1  1  1  1  1  1  1  1  1  1  1  1  1  1 -1  1  1  1  1  1  1  1  1
  1  1  1  1  1  1  1] [ 1  3 10 11 12 18 19 20 21 23 26 27 28 29 34 35 36 37 38 41 42 44 45 46
 47 50 51 52 53 54 61] [14473  4011  2843  5703 13238  4496  2558  4251  9589 13143  2629  5839
  2761  4716  3502  6471  4078  6445  6598 14357  3322  2817  5567  5858
  9450  8703  7688  5502  3816  8837  6235] [] 1716266568.1524186134
[ 1  1  1  1  1  1  1  1  1  1  1  1  1  1  1 -1  1  1  1  1  1  1  1  1
  1  1 -1 -1  1  1  1] [ 1  3 10 11 12 18 19 20 21 23 26 27 28 29 34 35 36 37 38 41 42 44 45 46
 47 50 51 52 53 54 61] [14378  3807  2803  5110 12825  4416  2499  4023  8147 12959  2515  5716
  2648  4444  3267  6668  3796  6239  6406 14343  3226  2762  5479  5776
  9244  8131  7760  5551  3794  8833  6209] [] 1716266568.1954402924
[ 1  1  1  1  1  1  1  1 -1 -1  1  1  1 -1 -1 -1  1  1  1  1  1 -1 -1  1
  1  1  1  1  1  1  1  1] [ 1  3 10 11 12 18 19 20 21 23 26 27 28 29 34 35 36 37 38 41 42 43 44 45
 46 47 50 51 52 53 54 61] [14332  3752  2803  4841 12742  4403  2448  3969  8267 12998  2495  5669
  2603  4459  3291  6871  3756  6061  4766 14085  3214 12543  2770  5321
  5743  9071  6711  7699  5429  3503  8801  6039] [] 1716266568.2383842468
[-1  1  1  1  1  1  1  1 -1 -1  1  1  1  1  1  1  1  1  1  1  1  1  1  1
 -1  1  1  1  1  1  1  1] [ 1  3 10 11 12 18 19 20 21 23 26 27 28 29 34 35 36 37 38 41 42 43 44 45
 46 47 50 51 52 53 54 61] [14508  3675  2791  4358 12524  4359  2394  3926  8270 13163  2449  5668
  2536  4431  3114  5777  3602  5726  4370 13923  3122 12285  2608  5223
  5993  8576  6030  7347  5397  3387  8622  5981] [] 1716266568.2813956738
[ 1  1  1  1  1  1  1  1  1 -1  1  1  1  1 -1  1  1  1  1  1  1  1  1  1
 -1  1  1  1  1  1  1 -1 -1  1] [ 1  3 10 11 12 18 19 20 21 23 26 27 28 29 32 34 35 36 37 38 41 42 43 44
 45 46 47 50 51 52 53 54 55 61] [14494  3581  2755  4164 10683  4022  2327  3905  8264 13311  2407  5588
  2485  4283 13550  2975  5625  3410  4887  4242 13251  3015 10607  2568
  5302  5925  7565  5628  5906  5214  3342  8701 11787  5976] [] 1716266568.3244466782
[ 1 -1 -1  1  1  1  1  1  1 -1  1 -1  1  1  1  1  1  1  1  1  1  1  1  1
  1 -1  1 -1 -1  1 -1  1  1  1 -1] [ 1  3 10 11 12 18 19 20 21 23 26 27 28 29 32 34 35 36 37 38 41 42 43 44
 45 46 47 48 50 51 52 53 54 55 61] [14390  3605  2791  3898 10637  3917  2311  3716  8147 13395  2367  5656
  2462  4243 12583  2821  5407  3262  4859  4200 12974  2879 10191  2540
  4753  5993  7131 13745  5658  5685  5541  3280  8529  8508  6015] [] 1716266568.3673882484
[ 1  1 -1  1  1 -1  1  1  1  1 -1  1  1  1  1  1  1 -1  1  1  1  1  1  1
  1  1  1  1  1  1  1  1  1 -1  1 -1 -1] [ 1  3 10 11 12 15 18 19 20 21 23 26 27 28 29 32 34 35 36 37 38 41 42 43
 44 45 46 47 48 50 51 52 53 54 55 60 61] [14362  3455  2914  3465  9694 15999  3903  2246  3285  7469 13559  2331
  5620  2384  4037 11103  2709  5704  3174  4839  3789 11817  2762 10058
  2488  4071  5631  6614 10354  5144  5473  5516  3083  8541  6666 10189
  6115] [] 1716266568.4103903770
[ 1  1  1  1  1  1  1  1  1 -1  1  1  1  1  1  1  1  1  1  1  1  1  1  1
  1  1  1  1  1  1  1  1  1 -1  1  1 -1] [ 1  3 10 11 12 15 18 19 20 21 23 26 27 28 29 32 34 35 36 37 38 41 42 43
 44 45 46 47 48 50 51 52 53 54 55 60 61] [14316  3219  2860  3199  8964 15819  3759  2188  3116  7557 13503  2295
  5572  2305  4031 10575  2559  5184  3135  4731  3695  9048  2702 10007
  2412  3974  5337  6326  8986  4960  5299  5516  2969  8627  6316  8263
  6116] [] 1716266568.4533884525
[ 1  1  1  1  1  1  1  1  1 -1 -1  1  1  1  1 -1  1 -1  1  1  1 -1  1  1
  1  1 -1  1  1  1  1  1  1  1  1  1  1] [ 1  3 10 11 12 15 18 19 20 21 23 26 27 28 29 32 34 35 36 37 38 41 42 43
 44 45 46 47 48 50 51 52 53 54 55 60 61] [14255  3187  2817  3015  8283 15295  3683  2152  3089  7599 13543  2239
  5482  2253  3949 10612  2478  5280  3015  4415  3526  9053  2606  9622
  2384  3735  5595  5336  6523  4514  5187  5368  2892  6897  5602  7735
  6012] [] 1716266568.4963879585
[ 1  1  1  1  1  1  1  1  1  1  1  1  1  1  1 -1  1 -1  1  1 -1  1  1  1
  1 -1  1  1  1  1  1  1  1  1  1  1  1] [ 1  3 10 11 12 15 18 19 20 21 23 26 27 28 29 32 34 35 36 37 38 41 42 43
 44 45 46 47 48 50 51 52 53 54 55 60 61] [14229  3093  2800  2899  8255 15211  3527  2116  2969  7571 13509  2195
  5469  2181  3711 10743  2405  5462  2895  4347  3612  7968  2532  9513
  2322  3789  5315  5026  5942  4300  4961  5120  2858  6791  5072  7634
  6003] [] 1716266568.5394811630
[ 1  1  1  1  1  1  1  1  1  1 -1  1 -1  1  1  1  1  1  1  1  1  1 -1 -1
 -1  1  1  1  1 -1  1 -1 -1 -1  1  1  1] [ 1  3 10 11 12 15 18 19 20 21 23 26 27 28 29 32 34 35 36 37 38 41 42 43
 44 45 46 47 48 50 51 52 53 54 55 60 61] [14091  2979  2772  2757  8093 15039  3381  2092  2935  7462 13561  2149
  5482  2124  3514 10671  2349  5440  2822  4111  3544  7539  2601  9753
  2368  3767  5309  4803  5843  4473  4909  5130  2903  6796  4992  7291
  5984] [] 1716266568.5823838711
[ 1 -1 -1 -1  1 -1  1  1 -1  1  1 -1 -1  1  1  1  1  1  1  1  1  1 -1  1
 -1  1 -1  1  1 -1  1  1  1  1 -1  1 -1 -1] [ 1  3  4 10 11 12 15 18 19 20 21 23 26 27 28 29 32 34 35 36 37 38 41 42
 43 44 45 46 47 48 50 51 52 53 54 55 60 61] [14055  3031 14238  2800  2749  8107 14975  3337  2117  2909  7369 14079
  2163  5452  2103  3445 10655  2334  5380  2757  4095  3478  7558  2556
  9834  2368  3775  5307  4716  5858  4202  4895  5060  2842  6911  4956
  7299  6019] [] 1716266568.6253890991
[-1  1  1  1  1  1  1 -1  1 -1 -1  1  1 -1  1  1  1 -1  1  1  1  1  1  1
 -1  1  1 -1  1  1  1  1  1  1  1  1 -1  1] [ 1  3  4 10 11 12 15 18 19 20 21 23 26 27 28 29 32 34 35 36 37 38 41 42
 43 44 45 46 47 48 50 51 52 53 54 55 60 61] [14109  2964 14007  2768  2749  8075 14901  3343  2078  2929  7390 14031
  2125  5488  2096  3411 10567  2344  5370  2747  4093  3437  7349  2542
  9850  2352  3725  5359  4680  5841  4180  4862  5016  2762  6823  4876
  7330  5999] [] 1716266568.6684467793
[-1  1 -1  1  1  1  1  1  1  1  1  1  1  1  1 -1 -1  1 -1  1  1 -1 -1 -1
  1  1  1 -1 -1 -1 -1 -1  1 -1 -1 -1 -1 -1] [ 1  3  4 10 11 12 15 18 19 20 21 23 26 27 28 29 32 34 35 36 37 38 41 42
 43 44 45 46 47 48 50 51 52 53 54 55 60 61] [14124  2933 14253  2764  2735  8048 14899  3303  2072  2893  7371 13983
  2119  5436  2085  3430 10596  2331  5385  2727  4005  3450  8433  2572
  9711  2336  3701  5475  5160  7218  4720  4927  5008  2850  8393  6137
  7645  6047] [] 1716266568.7113947868
[ 1 -1  1  1 -1  1  1 -1  1 -1  1  1 -1 -1 -1 -1  1 -1 -1 -1 -1 -1 -1 -1
 -1 -1 -1  1 -1 -1 -1 -1 -1 -1  1 -1 -1  1] [ 1  3  4 10 11 12 15 18 19 20 21 23 26 27 28 29 32 34 35 36 37 38 41 42
 43 44 45 46 47 48 50 51 52 53 54 55 60 61] [14074  3022 13940  2760  2775  8043 14891  3346  2070  2908  7330 13919
  2159  5464  2097  3590 10582  2359  5444  2765  4111  3500  8492  2608
  9794  2352  3719  5261  5683  9389  5149  5086  5044  2880  8316  6484
  8696  5960] [] 1716266568.7545073032
[ 1 -1  1  1 -1 -1 -1 -1 -1 -1  1 -1  1  1 -1 -1  1 -1 -1 -1 -1 -1 -1 -1
  1 -1  1  1 -1 -1  1 -1 -1 -1 -1 -1 -1 -1] [ 1  3  4 10 11 12 15 18 19 20 21 23 26 27 28 29 32 34 35 36 37 38 41 42
 43 44 45 46 47 48 50 51 52 53 54 55 60 61] [14007  3087 13783  2760  3032  8167 15055  3485  2094  2941  7309 13959
  2143  5432  2109  3699 10505  2363  5505  2828  4235  3584  8623  2662
  9775  2372  3719  5158  6135 14500  5064  5165  5230  2939  8335 10887
 12741  6017] [] 1716266568.7972922325
[ 1 -1 -1  1 -1 -1  1 -1 -1 -1  1  1 -1  1 -1 -1  1 -1  1 -1 -1 -1 -1 -1
  1  1 -1 -1 -1 -1 -1  1  1 -1  1] [ 1  3  4 10 11 12 15 18 19 20 21 23 26 27 28 29 32 34 35 36 37 38 41 42
 43 44 45 46 47 50 51 52 53 54 61] [13990  3255 14174  2560  3367  8698 13871  3569  2117  3069  7264 13819
  2227  5379  2191  3875 10468  2475  5428  2962  4305  3776 11665  2784
  9595  2360  4268  5506  6355  5429  5674  4788  2892  8470  5814] [] 1716266568.8403277397
[ 1  1 -1 -1 -1 -1 -1 -1 -1 -1  1 -1 -1 -1 -1  1 -1 -1 -1 -1 -1 -1 -1 -1
 -1 -1 -1  1 -1 -1 -1 -1 -1 -1] [ 1  3 10 11 12 15 18 19 20 21 23 26 27 28 29 32 34 35 36 37 38 41 42 43
 44 45 46 47 50 51 52 53 54 61] [13879  3227  2576  3519  9354 13967  3693  2169  3096  7291 13523  2229
  5441  2272  4071 10333  2550  5489  3092  4387  3854 12891  2892  9665
  2396  4711  5804  6344  5933  6076  4892  2964  8478  5885] [] 1716266568.8833608627
[-1 -1 -1 -1 -1 -1 -1 -1 -1 -1 -1 -1  1 -1 -1 -1 -1 -1 -1 -1 -1 -1 -1 -1
 -1 -1 -1 -1 -1 -1 -1 -1  1 -1] [ 1  3 10 11 12 15 18 19 20 21 23 26 27 28 29 32 34 35 36 37 38 41 42 43
 44 45 46 47 50 51 52 53 54 61] [14026  3282  2584  3611  9647 14163  3911  2198  3242  7407 13534  2251
  5384  2297  4103 10647  2655  5580  3186  4727  4147 13466  3093 11901
  2520  5005  5883  8073  7183  7285  5128  3288  8308  6024] [] 1716266568.9263548851
[-1 -1 -1 -1 -1 -1 -1 -1 -1 -1  1 -1 -1 -1 -1 -1 -1 -1 -1 -1 -1 -1 -1 -1
 -1 -1 -1 -1 -1 -1 -1 -1] [ 1  3 10 11 12 15 18 19 20 21 23 26 27 28 29 34 35 36 37 38 41 42 44 45
 46 47 50 51 52 53 54 61] [14052  3377  2680  3883 10580 14335  4271  2227  3558  7851 13375  2287
  5409  2372  4121  2695  5680  3301  4746  4336 13581  3128  2530  5179
  6019  9007 14415  7826  5329  3632  8640  6152] [] 1716266568.9692499638
[ 1 -1  1 -1 -1 -1 -1 -1 -1 -1 -1 -1 -1 -1 -1 -1 -1  1 -1 -1 -1 -1 -1 -1
 -1 -1 -1 -1 -1 -1 -1 -1] [ 1  3 10 11 12 15 18 19 20 21 23 26 27 28 29 34 35 36 37 38 41 42 44 45
 46 47 50 51 52 53 54 61] [13933  3391  2676  4523 10626 14519  4311  2282  3582  8179 13387  2335
  5426  2437  4143  2832  6538  3272  4870  7017 14217  3633  2752  5748
  6417  9191 14889  8337  5660  3997 11056  6577] [] 1716266569.0123808384
[ 1 -1 -1 -1 -1 -1 -1 -1 -1 -1  1 -1 -1 -1 -1 -1 -1 -1 -1 -1 -1 -1 -1 -1
 -1 -1  1 -1 -1 -1 -1 -1] [ 1  3 10 11 12 15 18 19 20 21 23 26 27 28 29 34 35 36 37 38 41 42 44 45
 46 47 50 51 52 53 54 61] [13917  3519  2720  4772 12026 14639  4375  2363  3657  8238 13231  2407
  5490  2498  4223  3102  6568  3474  5481  7251 14375  3936  2856  5961
  6708  9532 14743  8430  5910  4151 11128  6661] [] 1716266569.0553574562
[-1 -1 -1 -1 -1 -1 -1 -1 -1 -1 -1 -1 -1 -1 -1 -1 -1 -1 -1 -1 -1 -1 -1 -1
  1 -1 -1 -1 -1] [ 1  3 10 11 12 15 18 19 20 21 23 26 27 28 29 34 35 36 37 38 42 44 45 46
 51 52 53 54 61] [13921  3781  2770  5372 12783 14735  4383  2404  3741  8295 13293  2431
  5495  2533  4335  3191  6607  3780  5583  8880  4207  2916  6105  7576
  8418  5958  4757 11988  6860] [] 1716266569.0983328819
[-1 -1 -1 -1 -1  1 -1 -1 -1 -1  1 -1  1 -1 -1 -1 -1 -1 -1  1 -1 -1 -1 -1
 -1 -1 -1 -1 -1] [ 1  3 10 11 12 15 18 19 20 21 23 26 27 28 29 34 35 36 37 38 42 44 45 46
 51 52 53 54 61] [14054  3994  2794  5859 13232 14405  4499  2515  3865  9605 13271  2484
  5487  2608  4431  3407  6944  4051  6532  8684  4898  3018  6230  8037
  8582  6213  5140 12144  7234] [] 1716266569.1412227154
[-1 -1 -1 -1 -1  1 -1 -1 -1  1  1 -1 -1 -1  1 -1  1 -1 -1 -1 -1 -1 -1 -1
 -1 -1 -1 -1] [ 1  3 10 11 12 15 18 19 20 21 23 26 27 28 29 34 35 36 37 38 42 44 45 46
 51 52 53 61] [14362  4242  2808  7170 13274 14383  5194  2636  3978  9532 12999  2595
  5591  2732  4427  3658  6936  4223  7015  8711  5793  3166  6317  8253
  8712  6690  5387  8128] [] 1716266569.1841752529
[-1 -1 -1 -1  1 -1 -1 -1 -1  1 -1 -1 -1 -1 -1 -1 -1 -1 -1 -1 -1 -1 -1 -1
 -1 -1  1] [ 1  3 10 11 12 15 18 19 20 21 23 26 27 28 29 34 35 36 37 38 42 44 45 46
 51 52 53] [14545  4717  2933  7737 13214 14439  6023  2721  4099  9457 13069  2709
  5622  2869  4571  4092  7032  4624  7177  9571  7911  3201  6359 10150
  8888  6907  5292] [] 1716266569.2274115086
[-1 -1 -1 -1 -1 -1 -1 -1 -1  1 -1 -1 -1 -1 -1 -1 -1 -1 -1 -1 -1 -1 -1  1
 -1 -1] [ 1  3 10 11 12 15 18 19 20 21 23 26 27 28 29 34 35 36 37 38 42 44 45 46
 52 53] [15708  4891  2980  7803 13285 14453  6155  2891  4299  9406 13174  2787
  5831  3033  5315  4362  7245  5160  7638 11887  9584  3311  6413  9557
  8139  5662] [] 1716266569.2703499794
[ 1 -1 -1  1 -1 -1 -1 -1 -1 -1 -1 -1  1 -1 -1  1 -1 -1  1  1 -1 -1 -1  1
 -1 -1] [ 1  3 10 11 12 15 18 19 20 21 23 26 27 28 29 34 35 36 37 38 42 44 45 46
 52 53] [15035  5015  3072  7800 13316 14511  6864  2921  4381  9516 13251  2856
  5831  3157  5397  4239  7298  5279  7361 11639 11055  3422  6588  9474
  8511  6484] [] 1716266569.3133697510
[-1 -1 -1 -1 -1 -1 -1 -1  1 -1 -1 -1 -1 -1  1 -1 -1 -1 -1 -1 -1 -1] [ 3 10 11 12 18 19 20 21 23 26 27 28 29 34 35 36 37 44 45 46 52 53] [ 6905  3182  8163 14228  6896  3117  4432  9600 13217  2990  5891  3360
  5611  4954  7194  6069  7807  3564  6687 11405 12773  8522] [] 1716266569.3563697338
[-1 -1  1 -1 -1 -1 -1  1 -1 -1 -1 -1 -1 -1 -1 -1 -1  1  1] [ 3 10 11 12 18 19 20 21 23 26 27 28 29 34 35 36 37 44 45] [11158  3316  7585 14394  7147  3169  5047  9569 13309  3082  5968  3644
  7023  5324  7734  6854  8519  3406  6174] [] 1716266569.3993809223
[-1 -1 -1 -1 -1 -1  1  1 -1 -1 -1 -1 -1 -1 -1 -1 -1 -1] [10 11 12 18 19 20 21 23 26 27 28 29 34 35 36 37 44 45] [ 3393  8355 15642  7612  3423  5401  9469 13279  3299  6102  3973 10164
  6043  7802  8407 11758  3536  6285] [] 1716266569.4423627853
[-1 -1 -1 -1 -1 -1 -1 -1 -1 -1 -1  1 -1 -1 -1 -1 -1 -1] [10 11 12 18 19 20 21 23 26 27 28 29 34 35 36 37 44 45] [ 3441  8386 16245 12654  3559  5993  9514 13301  3385  6244  4403 10128
  6185  7913  9438 12197  3776  6690] [] 1716266569.4852147102
[-1 -1 -1 -1 -1 -1 -1 -1 -1 -1 -1 -1 -1 -1 -1 -1] [10 11 19 20 21 23 26 27 28 29 34 35 36 37 44 45] [ 3469  8398  3582  8995  9617 15613  3433  6301  4793 10271  6311 10382
 11799 13952  4805  7889] [] 1716266569.5283203125
[-1 -1 -1 -1 -1 -1 -1 -1 -1 -1 -1 -1 -1 -1 -1] [10 11 19 20 21 26 27 28 29 34 35 36 37 44 45] [ 3834  8597  4059  9535  9757  3807  6933  5515 10633  6813 11516 13615
 14505  5792  8710] [] 1716266569.5713834763
[-1  1 -1 -1 -1 -1 -1 -1 -1 -1 -1 -1 -1 -1] [10 11 19 20 21 26 27 28 29 34 35 37 44 45] [ 4475  8585  4314  9824  9938  4052  7667  5829 10773  8293 14170 15359
  6039 12079] [] 1716266569.6143100262
[-1 -1 -1 -1 -1 -1 -1 -1  1 -1  1 -1] [10 11 19 20 21 26 27 28 29 34 35 44] [ 4650  8805  4584  9856  9995  4205  8713  7884 10570 10064 13995  6989] [] 1716266569.6573987007
[-1 -1 -1 -1  1 -1 -1 -1 -1 -1 -1 -1] [10 11 19 20 21 26 27 28 29 34 35 44] [ 5189  8934  4623 10027  9974  4607  9543  9613 11169 10273 15181  8250] [] 1716266569.7003016472
[-1 -1 -1 -1 -1 -1 -1 -1 -1 -1] [10 11 19 20 21 26 27 28 29 44] [ 5931  9018  4875 10201 10234  4911 11719 10404 13524  8700] [] 1716266569.7433164120
[-1 -1 -1 -1 -1 -1 -1 -1 -1] [10 11 19 20 21 26 27 28 44] [ 6501  9125  5058 10353 10267  5614 11779 10506 12459] [] 1716266569.7862961292
[-1 -1 -1 -1 -1 -1 -1 -1 -1] [10 11 19 20 21 26 27 28 44] [ 7433  9323  5362 11042 10485  6288 12195 10695 13356] [] 1716266569.8292632103
[-1 -1 -1 -1 -1 -1 -1 -1] [10 11 19 20 21 26 27 28] [11369  9773  6287 12651 10833  8992 12239 11074] [] 1716266569.8722844124
[-1 -1 -1 -1 -1 -1 -1] [11 19 20 21 26 27 28] [10051  6816 13193 11124  9267 13232 11238] [] 1716266569.9153039455
[-1 -1 -1 -1 -1 -1 -1] [11 19 20 21 26 27 28] [10483  7439 15085 11463  9591 13333 11310] [] 1716266569.9582965374
[ 1  1 -1  1] [19 21 26 28] [ 6591 11455 11390 11295] [] 1716266570.0012311935
[ 1 -1] [19 28] [ 6540 11592] [] 1716266570.0442690849
[-1] [19] [7563] [] 1716266570.0872690678
[-1] [11] [9839] [] 1716266570.1303231716
[ 1 -1] [11 28] [ 9834 11986] [] 1716266570.1732242107
[-1] [11] [10729] [] 1716266570.2592394352
[ 1 -1] [11 28] [10182 11624] [] 1716266570.3099141121
2 2 2 1716266570.3102006912
