FA TAX ADC PRES TS
[1] [28] [11022] [] 1716266586.9698219299
[-1] [28] [11058] [] 1716266587.0127968788
[1] [28] [10956] [] 1716266587.0558342934
[1] [28] [10945] [] 1716266587.0988531113
[-1] [28] [10989] [] 1716266587.1418418884
[-1 -1 -1 -1] [11 19 20 28] [10137 10510 15049 11527] [] 1716266587.1847054958
[ 1  1 -1 -1  1] [11 19 20 27 28] [ 9809 10390 15359 13213 11345] [] 1716266587.2278647423
[1 1 1 1 1] [11 19 20 27 28] [ 9472  9884 14263 12953 11103] [] 1716266587.2708265781
[1 1 1 1 1] [11 19 20 27 28] [ 9384  7935 13539 12683 10996] [] 1716266587.3138275146
[1 1 1 1 1] [11 19 20 27 28] [ 9352  7781 13450 12577 10952] [] 1716266587.3568217754
[1 1 1 1 1] [11 19 20 27 28] [ 9037  7415 12922 12351 10836] [] 1716266587.3998734951
[ 1  1  1 -1  1] [11 19 20 27 28] [ 9009  7386 12906 12430 10805] [] 1716266587.4428687096
[1 1 1 1 1] [11 19 20 27 28] [ 8900  7333 12282 12255 10639] [] 1716266587.4858345985
[-1 -1 -1 -1 -1  1] [11 19 20 26 27 28] [ 8999  7418 12409 11708 12280 10616] [] 1716266587.5286676884
[-1 -1  1  1  1 -1 -1] [11 18 19 20 26 27 28] [ 9043 10174  6961 11549 11217 12298 10710] [] 1716266587.5719087124
[ 1  1  1  1  1  1  1 -1] [11 18 19 20 26 27 28 44] [ 8953  9586  6665 11171 10953 12259 10562 14653] [] 1716266587.6148946285
[ 1  1 -1  1  1 -1 -1 -1  1] [11 18 19 20 26 27 28 29 44] [ 8910  9496  6747 10938 10901 12286 10781 11826 13556] [] 1716266587.6578509808
[ 1  1  1  1  1  1  1  1 -1] [11 18 19 20 26 27 28 29 44] [ 8837  8026  5931 10632 10892 12220 10696 11297 13679] [] 1716266587.7008864880
[-1 -1  1  1  1 -1  1  1 -1  1  1] [10 11 18 19 20 21 26 27 28 29 44] [14148  8870  7743  5556 10589 11474 10686 12217 10770 11157 13201] [] 1716266587.7439072132
[ 1  1  1  1  1  1  1  1  1  1  1 -1] [10 11 18 19 20 21 26 27 28 29 44 45] [13872  8101  6805  5314 10387 11239 10568 10088 10767 10898 12901 12144] [] 1716266587.7869434357
[ 1  1  1  1  1  1  1  1 -1  1  1  1] [10 11 18 19 20 21 26 27 28 29 44 45] [12794  7538  5950  4861 10189 10988 10418 10019 10776 10884 10248  8640] [] 1716266587.8298175335
[ 1  1  1  1  1  1  1  1 -1  1 -1  1  1] [10 11 18 19 20 21 26 27 28 29 36 44 45] [12191  7109  5363  4749  9938 10850 10380  9284 10828 10862 12749 10175
  8436] [] 1716266587.8728315830
[ 1  1 -1  1  1  1  1 -1  1  1 -1  1  1  1] [10 11 15 18 19 20 21 26 27 28 29 36 44 45] [11216  5503 14245  4911  4670  9802 10836 10432  9094  9950 10913 10457
 10150  7191] [] 1716266587.9159257412
[ 1  1  1  1  1 -1  1  1 -1  1  1 -1 -1  1 -1  1  1] [10 11 15 18 19 20 21 26 27 28 29 34 35 36 42 44 45] [ 7947  5449 13893  4850  4630  9841 10736 10360  9351  8634 10678 14615
 12674  9345 13219  8873  6797] [] 1716266587.9589812756
[1 1 1 1 1 1 1 1 1 1 1 1 1 1 1 1 1] [10 11 15 18 19 20 21 26 27 28 29 34 35 36 42 44 45] [ 7177  4819 13068  4751  4479  9627 10456 10326  9139  6174 10439 13448
 11946  7778 13042  8654  6719] [] 1716266588.0017642975
[ 1  1  1  1  1  1  1 -1  1  1  1  1 -1  1  1 -1 -1  1  1] [10 11 15 18 19 20 21 23 26 27 28 29 34 35 36 37 42 44 45] [ 6625  4760 13009  4718  4368  9531 10405 15789 10254  8981  5766 10361
 15294  9268  7474 16361 14587  8430  6581] [] 1716266588.0449764729
[ 1  1  1  1  1  1 -1  1  1  1  1  1  1  1  1  1  1  1  1] [10 11 15 18 19 20 21 23 26 27 28 29 34 35 36 37 42 44 45] [ 5832  4128 13009  4567  4216  9462 10413 15088 10170  8887  5015  8722
 14519  8565  6277 14073 10767  7256  6437] [] 1716266588.0880315304
[ 1  1 -1  1  1  1 -1  1  1  1  1  1  1 -1  1  1  1  1  1] [10 11 15 18 19 20 21 23 26 27 28 29 34 35 36 37 42 44 45] [ 5546  3943 13011  4283  4136  6531 10527 13741 10028  8844  4865  7350
 13810  8569  6198 13897  9559  6238  6367] [] 1716266588.1309089661
[-1  1  1  1  1  1  1 -1  1 -1  1  1  1 -1  1  1  1  1  1  1 -1] [ 2 10 11 15 18 19 20 21 23 26 27 28 29 34 35 36 37 42 44 45 53] [16245  5406  3710 12767  4220  4039  6227 10586 13324 10121  8002  4837
  6412 14899  8392  5929 13770  6972  5312  6218 13803] [] 1716266588.1739420891
[-1  1  1 -1  1  1  1  1  1  1  1  1  1 -1  1  1  1  1  1  1  1] [ 2 10 11 15 18 19 20 21 23 26 27 28 29 34 35 36 37 42 44 45 53] [16349  5189  3522 12984  4070  3957  5725 10344 13205  9984  7377  4498
  6299 15554  7908  5547 13352  5553  5079  6165  8439] [] 1716266588.2169203758
[ 1  1  1 -1  1  1  1  1  1  1  1  1  1  1  1  1  1  1  1  1  1  1] [ 2 10 11 12 15 18 19 20 21 23 26 27 28 29 34 35 36 37 42 44 45 53] [16288  4973  3427 14216 12869  3976  3742  5480 10038 13191  9904  6907
  4028  5774 12778  7793  5344 13140  5200  4700  6159  5961] [] 1716266588.2599272728
[ 1  1  1 -1 -1  1  1  1  1  1  1  1  1 -1  1  1  1  1  1  1  1  1] [ 2 10 11 12 15 18 19 20 21 23 26 27 28 29 34 35 36 37 42 44 45 53] [16227  4881  3344 14240 12912  3941  3719  5398  9930 13029  9855  6867
  3917  6245  9331  7702  4902 12976  4727  4525  5986  5053] [] 1716266588.3029479980
[1 1 1 1 1 1 1 1 1 1 1 1 1 1 1 1 1 1 1 1 1 1] [ 2 10 11 12 15 18 19 20 21 23 26 27 28 29 34 35 36 37 42 44 45 53] [16183  4696  3216 14115 12826  3865  3622  5321  9843 13020  8221  6752
  3684  5601  8158  7668  4371 12808  4216  4205  5865  4823] [] 1716266588.3458697796
[-1 -1  1  1 -1 -1  1  1  1  1 -1  1  1  1  1  1  1  1  1 -1  1  1 -1 -1
  1] [ 1  3 10 11 12 15 18 19 20 21 23 26 27 28 29 34 35 36 37 38 42 44 45 46
 53] [16054  7509  4563  3039 14176 12838  3731  3525  5264  9820 13074  8061
  6609  3312  5235  6781  7549  4072 12224 14493  3886  4108  5902 13256
  4724] [] 1716266588.3888599873
[ 1 -1  1  1  1  1  1  1  1  1 -1 -1  1  1  1  1  1  1  1  1  1  1  1  1
  1  1] [ 1  2  3 10 11 12 15 18 19 20 21 23 26 27 28 29 34 35 36 37 38 42 44 45
 46 53] [11438 15954  7341  4317  2983 14153 12807  3707  3464  5175  9821 13166
  7963  6566  3191  5201  6487  7123  3878 12146 14027  3674  3955  5615
  9561  4479] [] 1716266588.4319434166
[ 1  1  1  1  1  1 -1  1  1  1  1 -1  1  1  1  1  1 -1  1  1  1 -1  1  1
  1 -1 -1 -1 -1] [ 1  2  3 10 11 12 15 18 19 20 21 23 26 27 28 29 34 35 36 37 38 42 44 45
 46 47 50 53 54] [ 8858 15942  7239  4180  2853 14011 12890  3693  3404  5126  9717 13200
  7832  6487  3093  5085  6409  7125  3694 12076 14011  3702  3827  4962
  8482 14274 10481  4617 12391] [] 1716266588.4749495983
[ 1 -1 -1  1  1 -1 -1  1 -1  1 -1 -1  1 -1  1  1 -1  1  1  1 -1 -1  1  1
  1  1  1  1  1  1] [ 1  2  3 10 11 12 15 18 19 20 21 23 26 27 28 29 32 34 35 36 37 38 42 44
 45 46 47 50 53 54] [ 8644 16065  7271  4166  2792 14483 13204  3649  3439  4657  9728 13303
  7801  6605  3019  4431 12482  6402  6555  3620 12090 14179  3414  3682
  4658  8094 10305 10102  4404 11702] [] 1716266588.5178904533
[-1  1  1  1  1  1  1  1  1  1  1  1  1  1  1  1  1  1  1 -1  1  1  1  1
  1  1 -1 -1 -1  1 -1] [ 1  3 10 11 12 15 18 19 20 21 23 26 27 28 29 32 34 35 36 37 38 42 44 45
 46 47 50 51 53 54 61] [ 8705  6719  4091  2681 14302 13184  3623  3326  4564  9647 13261  7733
  6586  2957  4315 10914  6260  6103  3525 12304 13821  3272  3626  4599
  8042 10204 10307 14769  4495 11672  7477] [] 1716266588.5608065128
[ 1  1  1  1 -1 -1  1  1  1  1 -1  1  1  1  1  1  1  1  1 -1  1  1  1  1
  1  1  1 -1  1  1  1] [ 1  3 10 11 12 15 18 19 20 21 23 26 27 28 29 32 34 35 36 37 38 42 44 45
 46 47 50 51 53 54 61] [ 6966  5257  3935  2623 14338 13206  3389  3299  4468  9645 13340  7718
  6519  2790  4250  9598  5447  5653  3366 12425 13491  3198  3474  4539
  7885  9983 10242 15062  4423  9542  6785] [] 1716266588.6039175987
[ 1  1  1  1 -1  1  1  1  1  1  1  1 -1  1  1 -1  1  1  1  1  1  1  1  1
  1  1 -1  1  1  1  1] [ 1  3 10 11 12 15 18 19 20 21 23 26 27 28 29 32 34 35 36 37 38 42 44 45
 46 47 50 51 53 54 61] [ 6808  4921  3823  2590 14387 13190  3263  3257  4246  9548 13159  7616
  6534  2752  4210  9675  5163  5495  3298 12067  8360  3070  3298  4270
  7835  9941 10368 14860  4292  9115  6585] [] 1716266588.6469433308
[ 1  1  1  1 -1  1  1  1  1  1 -1  1  1  1  1  1  1  1  1  1  1  1  1  1
  1  1  1  1  1  1  1] [ 1  3 10 11 12 15 18 19 20 21 23 26 27 28 29 32 34 35 36 37 38 42 44 45
 46 47 50 51 53 54 61] [ 6680  4765  3699  2516 14446 13152  3210  3245  4096  9489 13221  7492
  6471  2673  4199  9463  4989  5207  3039 11967  6800  2736  3093  3947
  6641  9771 10093 13210  4154  8898  6386] [] 1716266588.6899127960
[ 1  1  1  1 -1 -1  1  1  1 -1  1  1 -1  1  1  1  1  1  1 -1  1  1  1  1
  1  1  1  1  1  1  1] [ 1  3 10 11 12 15 18 19 20 21 23 26 27 28 29 32 34 35 36 37 38 42 44 45
 46 47 50 51 53 54 61] [ 5659  4697  3655  2430 14486 13172  3047  3213  4031  9518 13038  7395
  6527  2615  4199  9410  4961  5107  2961 12064  5934  2584  3034  3887
  6502  9455 10022  9205  3871  7109  6253] [] 1716266588.7328515053
[ 1  1 -1  1  1 -1  1  1  1 -1  1  1  1  1  1 -1  1 -1  1 -1  1  1  1  1
  1 -1  1  1  1  1 -1 -1] [ 1  3 10 11 12 15 18 19 20 21 23 26 27 28 29 32 34 35 36 37 38 42 44 45
 46 47 50 51 53 54 55 61] [ 5254  4662  3680  2367 13502 13843  3045  3138  3953  9587 12983  6376
  6407  2589  4162  9420  4925  5176  2823 12103  5562  2503  3031  3649
  5837  9484  9339  8444  3764  6344 11287  6380] [] 1716266588.7759408951
[ 1 -1 -1  1 -1 -1  1  1  1  1 -1  1 -1  1  1  1  1 -1  1  1  1  1  1  1
 -1  1 -1  1 -1  1  1  1 -1  1] [ 1  3 10 11 12 15 18 19 20 21 23 26 27 28 29 32 34 35 36 37 38 42 44 45
 46 47 50 51 52 53 54 55 60 61] [ 5153  4703  3924  2282 13881 14895  2941  3117  3908  9548 13034  6040
  6608  2493  4097  8970  4515  5610  2685 11600  4982  2382  2981  3567
  5855  9290 10187  8314 12983  3650  6246  7481 12790  6352] [] 1716266588.8189704418
[ 1  1  1  1  1 -1  1  1  1 -1  1  1  1  1  1  1  1  1  1 -1  1  1  1  1
  1  1  1  1  1  1  1  1  1  1] [ 1  3 10 11 12 15 18 19 20 21 23 26 27 28 29 32 34 35 36 37 38 42 44 45
 46 47 50 51 52 53 54 55 60 61] [ 4738  4598  3850  2189 13107 15087  2897  3090  3603  9616 12871  5237
  5752  2391  3853  8811  4287  5596  2591 12982  4718  2325  2880  3337
  5446  8525  8739  8193 12751  3526  5865  6698 10035  6274] [] 1716266588.8618938923
[ 1 -1  1  1  1  1  1 -1  1  1 -1  1 -1  1  1 -1 -1  1  1  1  1  1  1  1
 -1  1  1  1  1  1  1  1  1  1  1] [ 1  3 10 11 12 15 18 19 20 21 23 26 27 28 29 32 33 34 35 36 37 38 42 44
 45 46 47 50 51 52 53 54 55 60 61] [ 4372  4639  3792  2115 12975 14999  2813  3091  3490  9533 13033  4817
  5988  2366  3395  9016 16074  4121  5468  2537 10138  4622  2274  2810
  3408  5387  8391  8579  8071 11551  3304  5541  6334  9148  6161] [] 1716266588.9048953056
[ 1  1  1  1 -1 -1  1  1  1 -1  1  1  1  1  1  1  1  1  1  1  1  1  1  1
  1  1  1  1 -1  1  1  1  1  1  1] [ 1  3 10 11 12 15 18 19 20 21 23 26 27 28 29 32 33 34 35 36 37 38 42 44
 45 46 47 50 51 52 53 54 55 60 61] [ 4054  4505  3761  2072 13107 15141  2751  2969  3467  9628 12869  4402
  5724  2339  3335  8391 14690  3994  5248  2450  8769  4512  2174  2700
  3234  5261  7851  8577  8215 11135  3210  5425  5168  8125  6151] [] 1716266588.9479124546
[ 1  1 -1  1  1  1  1  1  1  1  1 -1  1 -1  1  1  1 -1 -1  1  1 -1  1  1
 -1  1  1  1  1  1  1  1  1  1  1  1] [ 1  3  9 10 11 12 15 18 19 20 21 23 26 27 28 29 32 33 34 35 36 37 38 42
 44 45 46 47 50 51 52 53 54 55 60 61] [ 3857  4405 15786  3562  2044 12943 14943  2751  2925  3258  9628 12928
  4101  5770  2286  3216  7244 14906  4009  5136  2443  9240  4458  2109
  2720  3042  5226  7083  7982  8177 10669  3168  5152  4324  7569  6079] [] 1716266588.9909114838
[ 1 -1  1  1  1 -1 -1  1  1  1  1 -1  1  1  1  1  1  1  1  1  1 -1  1  1
  1  1 -1  1 -1  1  1  1  1  1  1  1  1] [ 1  3  9 10 11 12 15 18 19 20 21 23 26 27 28 29 32 33 34 35 36 37 38 42
 44 45 46 47 48 50 51 52 53 54 55 60 61] [ 3641  4443 15259  3538  1993 13007 15055  2666  2900  3146  7547 13248
  3861  5692  2252  3207  7211 13424  3962  4936  2395  9405  4194  2062
  2680  2772  5273  6508 16295  7337  8165  7563  3032  4345  3808  6555
  5993] [] 1716266589.0339446068
[ 1  1  1  1  1  1 -1  1  1  1  1  1  1 -1  1  1  1 -1  1  1  1  1  1  1
  1  1  1  1  1  1  1  1 -1  1  1  1  1] [ 1  3  9 10 11 12 15 18 19 20 21 23 26 27 28 29 32 33 34 35 36 37 38 42
 44 45 46 47 48 50 51 52 53 54 55 60 61] [ 3461  4422 15022  3460  1988 12363 15183  2615  2856  3037  7347 13220
  3674  5866  2197  3097  6453 13896  3686  4684  2271  8074  4116  2025
  2643  2636  5231  6477 10829  7332  8159  7362  3039  4319  3602  6511
  5988] [] 1716266589.0769984722
[ 1  1  1  1  1  1 -1  1  1  1 -1 -1  1  1  1  1 -1  1  1  1  1 -1  1 -1
  1  1  1  1  1  1  1  1  1  1  1  1  1  1] [ 1  3  9 10 11 12 15 18 19 20 21 23 26 27 28 29 32 33 34 35 36 37 38 41
 42 44 45 46 47 48 50 51 52 53 54 55 60 61] [ 3397  4332 14793  3404  1957 12139 15311  2581  2783  3031  7380 13340
  3575  5522  2172  3031  6554 13716  3583  4594  2195  8790  3981 14841
  1994  2602  2595  5169  6228 10802  6712  8106  6954  2913  4239  3332
  5880  5959] [] 1716266589.1198668480
[ 1  1  1  1  1  1  1  1 -1  1  1  1  1  1  1  1  1  1  1  1 -1  1 -1 -1
  1 -1  1  1  1  1  1  1  1  1 -1  1  1  1] [ 1  3  9 10 11 12 15 18 19 20 21 23 26 27 28 29 32 33 34 35 36 37 38 41
 42 44 45 46 47 48 50 51 52 53 54 55 60 61] [ 3349  4057 14682  3288  1931 11878 15155  2495  2788  3019  7357 13330
  3498  5472  2153  3003  6315 13511  3483  4496  2203  8292  3990 14917
  1980  2612  2574  5148  6170 10370  6674  8063  6842  2904  4253  3312
  5733  5930] [] 1716266589.1629567146
[-1 -1  1 -1  1 -1  1 -1  1  1  1  1  1  1  1 -1  1  1 -1 -1  1  1  1  1
  1 -1 -1  1  1  1  1 -1  1  1 -1  1  1 -1  1] [ 1  2  3  9 10 11 12 15 18 19 20 21 23 26 27 28 29 32 33 34 35 36 37 38
 41 42 44 45 46 47 48 50 51 52 53 54 55 60 61] [ 3362 16138  4023 14746  3272  1951 11853 15183  2396  2769  3003  7320
 13316  3434  5436  2181  2957  6281 13570  3493  4488  2175  8194  3965
 14836  2004  2655  2518  5126  6148 10186  6764  8052  6442  2940  4055
  3256  5755  5890] [] 1716266589.2060019970
[-1  1  1  1  1  1  1 -1 -1  1  1 -1 -1  1  1  1  1  1 -1  1  1  1 -1  1
 -1  1  1  1  1  1  1  1 -1  1  1  1 -1  1  1] [ 1  2  3  9 10 11 12 15 18 19 20 21 23 26 27 28 29 32 33 34 35 36 37 38
 41 42 44 45 46 47 48 50 51 52 53 54 55 60 61] [ 3364 16033  4003 14664  3268  1945 11755 15277  2405  2755  2915  7350
 13418  3398  5348  2142  2947  6267 13660  3445  4480  2115  8581  3952
 14880  1990  2607  2506  5095  6130  9962  6694  8063  6338  2920  4014
  3280  5629  5889] [] 1716266589.2489674091
[ 1  1  1 -1  1  1  1 -1  1  1 -1  1 -1  1  1 -1  1  1  1  1  1  1 -1  1
 -1  1  1 -1  1 -1 -1 -1  1  1 -1 -1 -1 -1 -1] [ 1  2  3  9 10 11 12 15 18 19 20 21 23 26 27 28 29 32 33 34 35 36 37 38
 41 42 44 45 46 47 48 50 51 52 53 54 55 60 61] [ 3350 15749  3991 14734  3264  1907 11231 15325  2363  2749  2922  7331
 13476  3383  5326  2152  2943  6158 13507  3428  4480  2111  8636  3952
 14951  1983  2579  2514  5086  6210 10506  6933  8015  6301  2930  4057
  3520  5683  5907] [] 1716266589.2919437885
[ 1  1  1  1  1 -1  1  1  1  1 -1  1  1 -1 -1 -1  1 -1  1 -1  1  1  1 -1
 -1 -1 -1 -1 -1 -1  1 -1 -1 -1 -1 -1 -1] [ 1  2  3  9 10 11 12 15 18 19 20 21 23 26 27 28 29 32 33 34 35 36 37 38
 42 44 45 46 47 50 51 52 53 54 55 60 61] [ 3349 15434  3971 14720  3264  1947 11121 15131  2357  2743  2937  7309
 13228  3393  5380  2175  2933  6213 13325  3461  4449  2111  8493  4021
  1995  2604  2591  5178  6377  7151  7789  6905  2952  4316  4228  6183
  5958] [] 1716266589.3349473476
[-1  1 -1 -1 -1  1 -1  1 -1 -1 -1  1 -1 -1  1  1 -1 -1  1 -1 -1 -1 -1 -1
 -1 -1 -1 -1 -1 -1 -1 -1 -1 -1 -1 -1 -1] [ 1  2  3  9 10 11 12 15 18 19 20 21 23 26 27 28 29 32 33 34 35 36 37 38
 42 44 45 46 47 50 51 52 53 54 55 60 61] [ 3376 15006  4303 14796  3402  1945 11815 15079  2394  2764  2961  7245
 13249  3444  5376  2175  3099  6259 12455  3593  4512  2143  8508  4193
  2066  2645  2716  5182  6531  8214  7851  7016  3034  4523  5452  7388
  6019] [] 1716266589.3778774738
[-1 -1  1 -1 -1  1 -1  1 -1 -1 -1 -1  1 -1 -1  1 -1 -1 -1 -1 -1 -1  1 -1
 -1 -1 -1 -1 -1 -1 -1 -1 -1 -1 -1 -1 -1] [ 1  2  3  9 10 11 12 15 18 19 20 21 23 26 27 28 29 32 33 34 35 36 37 38
 42 44 45 46 47 50 51 52 53 54 55 60 61] [ 3424 15407  4268 15096  3416  1933 12234 14967  2435  2853  3055  7303
 13211  3559  5404  2173  3133  6294 13200  3711  4600  2221  8447  4415
  2125  2719  2870  5266  7344  8229  8104  8002  3188  5242  6650  9061
  6142] [] 1716266589.4209198952
[-1 -1 -1 -1 -1 -1 -1 -1  1 -1 -1 -1 -1 -1 -1 -1 -1 -1 -1 -1 -1 -1 -1 -1
 -1 -1 -1 -1 -1 -1 -1 -1 -1 -1 -1 -1] [ 1  3  9 10 11 12 15 18 19 20 21 23 26 27 28 29 32 33 34 35 36 37 38 42
 44 45 46 47 50 51 52 53 54 55 60 61] [ 3683  4373 16053  3472  1962 12791 15135  2527  2822  3136  8249 13264
  3999  5542  2201  3165  6387 13398  3841  4820  2265  8486  4462  2169
  2720  2908  5290  7710  9033  8135  9183  3407  5687  7383 13064  6146] [] 1716266589.4638741016
[-1 -1  1 -1  1  1 -1 -1 -1 -1  1 -1 -1 -1 -1 -1 -1 -1 -1 -1 -1 -1 -1 -1
 -1 -1 -1 -1  1 -1  1 -1  1] [ 1  3 10 11 12 15 18 19 20 21 23 26 27 28 29 32 33 34 35 36 37 38 42 44
 45 46 47 50 51 52 53 54 61] [ 3917  4421  3460  1979 12741 15055  2531  2865  3322  9274 13145  4214
  5552  2220  3253  6828 13932  3929  5000  2295  8632  4524  2210  2758
  2982  5295  8141  9637  7899 10519  3360  6666  6026] [] 1716266589.5069203377
[-1  1  1 -1  1  1 -1 -1 -1  1  1 -1 -1 -1 -1 -1 -1  1 -1  1 -1 -1 -1 -1
 -1 -1 -1 -1 -1 -1 -1 -1] [ 1  3 10 11 12 15 18 19 20 21 23 26 27 28 29 32 34 35 36 37 38 42 44 45
 46 47 50 51 52 53 54 61] [ 4329  4413  3244  2043 12674 13959  2603  2962  3338  9258 12996  4789
  5783  2232  3273  6944  4143  4692  2348  8593  5130  2356  2927  3475
  6581  9241  9739  8515 11758  3548  8612  6261] [] 1716266589.5499427319
[-1 -1 -1 -1 -1 -1 -1  1 -1 -1 -1 -1 -1 -1 -1 -1 -1 -1 -1 -1 -1 -1 -1 -1
 -1 -1 -1 -1 -1 -1 -1 -1] [ 1  3 10 11 12 15 18 19 20 21 23 26 27 28 29 32 34 35 36 37 38 42 44 45
 46 47 50 51 52 53 54 61] [ 5275  4487  3448  2140 12911 14031  2673  2961  3456  9288 13158  5614
  5931  2284  3323  7079  4701  4900  2466  8649  5557  2598  3039  3556
  6719  9295 10040 11680 15087  3664 11139  6427] [] 1716266589.5927946568
[-1 -1 -1 -1 -1 -1 -1 -1 -1  1 -1 -1  1 -1 -1 -1 -1 -1 -1 -1 -1 -1  1 -1
  1 -1 -1 -1  1 -1] [ 1  3 10 11 12 15 18 19 20 21 23 26 27 28 29 32 34 35 36 37 38 42 44 45
 46 47 50 51 53 54] [ 6689  4839  3484  2163 13304 14263  2786  2986  3721  9277 13161  6889
  5838  2354  3359  7560  4799  5112  2576 10428  6479  2776  3006  3743
  6672  9511 10505 12923  3591 11348] [] 1716266589.6358726025
[-1 -1  1 -1  1  1 -1 -1  1  1  1 -1 -1 -1 -1 -1 -1  1 -1 -1 -1 -1 -1 -1
 -1 -1 -1 -1 -1] [ 1  3 10 11 12 15 18 19 20 21 23 26 27 28 29 32 34 35 36 37 38 42 44 45
 46 47 50 53 54] [ 8120  5077  3471  2206 13291 13592  2932  3050  3706  9233 13093  7257
  5963  2452  4034  8054  4819  4863  2729 10978  7910  2786  3109  3974
  7909 10175 12653  3733 11848] [] 1716266589.6788547039
[-1 -1  1 -1 -1 -1 -1 -1 -1 -1  1 -1 -1 -1 -1 -1 -1 -1 -1 -1 -1 -1 -1 -1
  1 -1] [ 1  3 10 11 12 15 18 19 20 21 23 26 27 28 29 32 34 35 36 37 38 42 44 45
 46 53] [14157  6662  3455  2281 14426 13686  3035  3069  3758  9311 13034  7263
  6245  2526  4055  9557  4823  4943  2868 11103  8419  2894  3281  4119
  7755  3761] [] 1716266589.7218606472
[-1 -1  1 -1  1  1  1 -1 -1  1  1 -1  1 -1 -1 -1 -1 -1 -1  1 -1 -1 -1 -1
 -1 -1] [ 1  3 10 11 12 15 18 19 20 21 23 26 27 28 29 32 34 35 36 37 38 42 44 45
 46 53] [14290  7299  3447  2335 13102 13652  3004  3080  3846  9308 12947  7295
  6167  2617  4105 10135  4847  5047  3012 11003  8457  3156  3478  4373
  7881  4107] [] 1716266589.7648530006
[ 1 -1 -1 -1 -1  1 -1 -1  1 -1  1 -1 -1 -1  1 -1 -1 -1  1 -1 -1 -1 -1 -1] [ 1  3 10 11 12 15 18 19 20 21 23 26 27 28 29 34 35 36 37 38 42 44 45 53] [14102 13769  3543  2446 13234 13541  3191  3133  3831  9418 12846  7433
  6239  2681  4101  6027  5305  3138 10936  9426  3660  3749  4619  4380] [] 1716266589.8077518940
[-1 -1 -1  1 -1 -1 -1 -1  1  1 -1 -1 -1 -1 -1 -1 -1 -1 -1 -1 -1 -1] [ 1 10 11 12 15 18 19 20 21 23 26 27 28 29 34 35 36 37 42 44 45 53] [14423  3788  2572 13234 13659  3334  3223  3975  9397 12839  7527  6306
  2770  4875  6231  5859  3387 11147  4299  3891  5615  4598] [] 1716266589.8508410454
[-1 -1 -1 -1  1 -1 -1 -1  1  1 -1 -1 -1 -1 -1 -1 -1  1 -1 -1 -1 -1] [ 1 10 11 12 15 18 19 20 21 23 26 27 28 29 34 35 36 37 42 44 45 53] [15482  3852  2630 14208 13560  3450  3228  4465  9380 12649  7639  6318
  2903  5003  6318  6397  3645 10944  5146  4239  5821  6198] [] 1716266589.8938524723
[-1 -1  1  1 -1 -1 -1 -1 -1 -1 -1 -1 -1 -1 -1 -1 -1 -1 -1 -1 -1] [10 11 12 15 18 19 20 21 23 26 27 28 29 34 35 36 37 42 44 45 53] [ 4021  2716 13971 13492  3486  3338  4825  9488 12802  7903  6434  3061
  5151  7043  6599  3859 11128  7740  4589  5844 14007] [] 1716266589.9368326664
[-1 -1 -1  1 -1 -1 -1 -1 -1 -1 -1 -1 -1 -1 -1 -1 -1 -1 -1 -1] [10 11 12 15 18 19 20 21 23 26 27 28 29 34 35 36 37 42 44 45] [ 4250  2935 15629 13425  3604  3447  4933  9535 12813  9880  6534  3319
  5545  7961  6865  4448 11152  9234  5501  6042] [] 1716266589.9798243046
[-1 -1  1 -1  1 -1 -1 -1  1 -1 -1  1 -1 -1 -1 -1 -1 -1 -1] [10 11 15 18 19 20 21 23 26 27 28 29 34 35 36 37 42 44 45] [ 4383  3031 13373  3713  3425  5018  9607 12904  9841  6680  3531  5534
 10025  6977  4696 11211 13605  7402  6247] [] 1716266590.0228750706
[-1 -1  1 -1 -1 -1 -1 -1 -1 -1 -1 -1 -1 -1 -1 -1  1 -1 -1] [10 11 15 18 19 20 21 23 26 27 28 29 34 35 36 37 42 44 45] [ 4693  3347 13043  3967  3628  5356  9720 12996  9907  6718  3859  6099
 11504  7210  5119 11791 13070  8026  6393] [] 1716266590.0658249855
[-1 -1  1 -1 -1 -1 -1 -1 -1 -1 -1 -1 -1 -1 -1 -1 -1 -1] [10 11 15 18 19 20 21 23 26 27 28 29 34 35 36 37 44 45] [ 5203  3627 12933  4097  3799  5860  9902 13047 10033  6817  4295 10225
 11682  7380  5239 12662  9286  6883] [] 1716266590.1088361740
[-1 -1 -1 -1 -1 -1 -1 -1 -1 -1 -1 -1 -1 -1 -1 -1 -1 -1] [10 11 15 18 19 20 21 23 26 27 28 29 34 35 36 37 44 45] [ 6140  3734 13508  4360  3923  7355 10081 13441 10047  7042  4551 10434
 11758  7532  5677 13328  9563  8103] [] 1716266590.1518580914
[-1 -1 -1 -1 -1 -1 -1 -1 -1 -1 -1 -1 -1 -1 -1 -1 -1] [10 11 18 19 20 21 23 26 27 28 29 34 35 36 37 44 45] [ 6539  3842  4379  3927  8954 10170 14439 10162  8328  4851 10597 11935
  9858  6459 13887 12010  8568] [] 1716266590.1948637962
[-1 -1 -1 -1 -1 -1  1 -1 -1  1 -1 -1 -1] [10 11 18 19 20 21 26 27 28 29 35 36 44] [ 7124  4601  4413  4053  9099 10263 10106  8516  5387 10366  9930  7040
 12550] [] 1716266590.2378215790
[-1 -1 -1 -1 -1 -1 -1  1 -1 -1 -1 -1 -1] [10 11 18 19 20 21 26 27 28 29 35 36 44] [ 8014  4637  4672  4219  9317 10401 10259  8478  6933 10540 14945  8072
 12941] [] 1716266590.2808246613
[-1 -1 -1 -1 -1 -1  1  1 -1 -1 -1 -1] [10 11 18 19 20 21 26 27 28 29 36 44] [ 8026  5331  4695  4331  9344 10445 10205  8360  8201 10623  8895 12991] [] 1716266590.3238480091
[-1 -1 -1 -1 -1 -1 -1 -1 -1 -1 -1 -1] [10 11 18 19 20 21 26 27 28 29 36 44] [ 8765  7765  4916  4443  9510 10686 10496  8767 10247 10752 12173 13078] [] 1716266590.3668375015
[-1 -1 -1 -1 -1 -1 -1 -1 -1 -1  1  1] [10 11 18 19 20 21 26 27 28 29 36 44] [ 9172  8059  7632  4831 10006 10906 10775  8954 10653 11603 12086 12949] [] 1716266590.4098000526
[-1 -1 -1 -1  1 -1 -1  1] [10 11 18 19 20 26 27 28] [10832  8851  7861  4983  9964 11021  9080 10486] [] 1716266590.4527356625
[-1  1 -1 -1 -1 -1  1] [10 11 18 19 20 27 28] [13392  8749  9460  5695 10297 11981 10302] [] 1716266590.4958138466
[-1  1 -1 -1 -1 -1  1] [10 11 18 19 20 27 28] [13465  8730 14164  6509 10563 12113 10289] [] 1716266590.5388216972
[-1 -1 -1  1 -1] [11 19 20 27 28] [ 8829  7198 11993 12025 10473] [] 1716266590.5817673206
[-1 -1 -1 -1 -1] [11 19 20 27 28] [ 9786 10263 12617 12343 10867] [] 1716266590.6247360706
[-1 -1 -1 -1] [11 19 20 28] [ 9943 10462 13807 11009] [] 1716266590.6677720547
[-1 -1 -1 -1] [11 19 20 28] [10813 11203 15395 11751] [] 1716266590.7107617855
[-1  1] [19 28] [13349 10532] [] 1716266590.7537503242
[-1 -1] [19 28] [15301 10932] [] 1716266590.7965297699
[ 1 -1 -1] [19 20 28] [10737 15194 11820] [] 1716266590.8395748138
[-1] [11] [9719] [] 1716266590.8825509548
[-1 -1] [20 28] [13018 15770] [] 1716266590.9268188477
2 2 2 1716266590.9270009995
