FA TAX ADC PRES TS
[-1] [28] [12430] [] 1716266858.7447035313
[1] [28] [11481] [] 1716266858.7876570225
[-1 -1] [11 28] [11538 12081] [] 1716266858.8307929039
[1 1] [11 28] [ 9997 11711] [] 1716266858.8736968040
[ 1 -1 -1] [11 20 28] [ 9913 16179 11766] [] 1716266858.9167449474
[1 1 1] [11 20 28] [ 9710 15602 11699] [] 1716266858.9596784115
[ 1 -1  1 -1] [11 19 20 28] [ 9497 10913 15120 11705] [] 1716266859.0027141571
[1 1 1 1] [11 19 20 28] [ 9376 10501 13876 11595] [] 1716266859.0457527637
[1 1 1 1] [11 19 20 28] [ 9046 10085 13001 11374] [] 1716266859.0887482166
[-1  1  1 -1 -1] [11 19 20 28 29] [ 9049 10017 12912 11469 12740] [] 1716266859.1316475868
[ 1  1  1 -1 -1 -1  1] [11 19 20 21 27 28 29] [ 9045  9921 12587 12082 13080 11600 11757] [] 1716266859.1747908592
[ 1 -1  1  1 -1  1  1  1] [11 19 20 21 26 27 28 29] [ 9026  9929 12232 11705 12735 12919 11545 11485] [] 1716266859.2176737785
[-1  1  1  1  1  1  1  1  1 -1] [10 11 19 20 21 26 27 28 29 44] [13396  8963  9823 11854 11347 11157 12575 11306 10890 13823] [] 1716266859.2607488632
[ 1  1  1  1  1  1  1 -1  1  1] [10 11 19 20 21 26 27 28 29 44] [11196  8330  7842 11465 10970 10996 12517 11392 10789 13025] [] 1716266859.3037700653
[1 1 1 1 1 1 1 1 1 1] [10 11 19 20 21 26 27 28 29 44] [10959  7332  7132 11208 10839 10809 12463 11284 10672 12729] [] 1716266859.3466036320
[ 1  1 -1  1  1  1  1 -1  1  1 -1 -1] [10 11 18 19 20 21 26 27 28 29 35 44] [ 9938  6426 11580  6328 10995 10739 10734 12578 11197 10583 16237 12762] [] 1716266859.3896033764
[ 1  1  1  1  1  1 -1  1 -1  1  1  1] [10 11 18 19 20 21 23 26 27 28 29 44] [ 9219  6148 10953  6023 10006 10583 14584  8778 12808 11079 10443 10013] [] 1716266859.4326055050
[ 1  1  1  1  1 -1  1  1  1 -1  1 -1  1 -1] [10 11 18 19 20 21 23 26 27 28 29 35 44 45] [ 8807  4943 10708  5510  9701 10585 13886  8704 12713 11087  8907 15136
  8617 11349] [] 1716266859.4756810665
[ 1  1  1  1 -1 -1  1  1  1 -1  1  1 -1  1  1] [10 11 18 19 20 21 23 26 27 28 29 35 36 44 45] [ 7964  4037 10389  5094  9957 10604 13181  8463 11739 11096  7389 14419
 14099  6667 10753] [] 1716266859.5186154842
[1 1 1 1 1 1 1 1 1 1 1 1 1 1 1] [10 11 18 19 20 21 23 26 27 28 29 35 36 44 45] [ 7465  3718  7825  4920  9119 10340 12912  8307 11654 10775  6587 10501
 13821  5647  8487] [] 1716266859.5615487099
[ 1  1  1  1  1  1  1  1  1  1  1 -1  1  1  1  1] [10 11 18 19 20 21 23 26 27 28 29 34 35 36 44 45] [ 6228  3455  6950  4614  8782 10228 12765  8151  9366  9367  6072  9435
  9245  9809  5048  8125] [] 1716266859.6046066284
[ 1  1  1  1  1  1 -1  1  1  1  1  1  1  1 -1 -1  1  1] [10 11 18 19 20 21 23 26 27 28 29 34 35 36 37 42 44 45] [ 6054  3266  6789  4445  8063 10103 12771  7226  9103  8095  6035  9264
  7621  8915 16333 13601  4874  6898] [] 1716266859.6476290226
[-1  1  1 -1  1  1  1  1 -1  1  1  1  1  1  1  1  1  1  1  1] [ 2 10 11 15 18 19 20 21 23 26 27 28 29 34 35 36 37 42 44 45] [14824  5936  3139 14306  6104  4256  7597 10103 13356  6843  8745  6802
  5943  6355  7013  7499 14176 12006  4474  6523] [] 1716266859.6906344891
[ 1  1  1  1  1  1 -1  1  1  1  1  1  1  1  1  1  1  1 -1 -1 -1] [ 2 10 11 15 18 19 20 21 23 26 27 28 29 34 35 36 37 42 44 45 53] [14627  5463  2991 13903  5773  4086  7624  9976 13197  5736  8590  5949
  5259  5871  6638  6944 13058 10329  4495  6626 11804] [] 1716266859.7336437702
[-1  1  1  1  1  1  1  1 -1  1  1  1  1  1  1  1  1  1  1 -1 -1  1] [ 2 10 11 15 18 19 20 21 23 26 27 28 29 34 35 36 37 42 44 45 46 53] [15093  5248  2884 13859  5517  3886  6569  9854 13381  5201  8544  5189
  4979  5709  6563  6221 12742  8663  4236  6788  8812  7504] [] 1716266859.7767262459
[1 1 1 1 1 1 1 1 1 1 1 1 1 1 1 1 1 1 1 1 1 1] [ 2 10 11 15 18 19 20 21 23 26 27 28 29 34 35 36 37 42 44 45 46 53] [14915  4496  2774 13419  5342  3774  6055  9796 13196  4415  8481  4621
  4837  5635  6183  5498 12600  6140  4098  6554  8606  7169] [] 1716266859.8196878433
[ 1  1  1  1  1  1  1  1  1  1 -1  1  1  1  1  1  1  1  1  1  1 -1  1] [ 2 10 11 15 18 19 20 21 23 26 27 28 29 34 35 36 37 42 44 45 46 51 53] [14231  4296  2635 13196  4994  3648  4977  9727 13106  3948  8542  4411
  4741  5554  5570  5127 11941  4877  3873  6383  7393 12031  6466] [] 1716266859.8626437187
[ 1 -1  1  1 -1  1  1  1  1 -1 -1  1  1  1  1  1 -1  1 -1  1  1  1 -1  1
 -1  1 -1] [ 2  3 10 11 12 15 18 19 20 21 23 26 27 28 29 34 35 36 37 42 44 45 46 51
 52 53 54] [13342 11667  4138  2585 15740 13074  4515  3570  4175  9743 13173  3700
  8374  4177  4683  5491  5573  4799 12112  4387  3586  6332  7510 11667
 16207  6396 12544] [] 1716266859.9056282043
[ 1  1  1  1  1 -1  1  1  1 -1  1  1  1  1  1  1 -1  1  1  1  1  1 -1  1
  1 -1  1 -1] [ 2  3 10 11 12 15 18 19 20 21 23 26 27 28 29 34 35 36 37 42 44 45 46 51
 52 53 54 61] [12263  6892  3986  2528 15184 13493  3817  3435  4036  9898 13165  3268
  8266  3821  4659  5227  5726  4627 11156  4015  3523  6299  7687 11608
 15255  6524 11940  7956] [] 1716266859.9486832619
[ 1  1  1  1  1  1  1  1  1 -1 -1  1  1  1  1  1  1  1  1  1  1  1  1  1
  1  1  1  1] [ 2  3 10 11 12 15 18 19 20 21 23 26 27 28 29 34 35 36 37 42 44 45 46 51
 52 53 54 61] [12030  6817  3968  2495 14828 13343  3501  3377  3889  9993 13285  3187
  8148  3661  4195  4704  5666  4538  9090  3544  3344  6079  7094 11531
 11396  5955 11862  6901] [] 1716266859.9916470051
[ 1  1  1  1  1  1  1  1  1  1 -1  1  1  1  1  1  1  1  1 -1  1  1  1 -1
 -1 -1  1  1  1  1] [ 2  3 10 11 12 15 18 19 20 21 23 26 27 28 29 34 35 36 37 38 42 44 45 46
 47 51 52 53 54 61] [11849  6176  3720  2451 14372 13199  3213  3260  3799  8449 13364  3079
  6609  3439  4039  4047  5620  4135  8781 14519  3119  3270  6049  7204
 10433 11576 10605  5917  9798  6815] [] 1716266860.0347907543
[ 1  1  1  1  1 -1 -1  1  1  1 -1  1  1  1  1  1  1  1 -1  1  1  1  1  1
  1 -1  1  1  1  1  1] [ 2  3 10 11 12 15 18 19 20 21 23 26 27 28 29 34 35 36 37 38 42 44 45 46
 47 50 51 52 53 54 61] [11822  5886  3693  2354 14320 13279  3231  3239  3646  8420 13407  2949
  6559  3264  4027  3869  5602  3766  8797 11394  2949  2907  5742  6399
  6133 15077 11540 10405  5642  6663  6693] [] 1716266860.0776946545
[ 1  1  1  1 -1 -1  1  1  1  1  1  1  1  1  1  1  1  1 -1  1  1  1  1  1
  1  1  1  1  1  1  1] [ 2  3 10 11 12 15 18 19 20 21 23 26 27 28 29 34 35 36 37 38 42 44 45 46
 47 50 51 52 53 54 61] [11796  5777  3632  2284 14486 13543  3199  3175  3626  8316 13402  2887
  6348  3056  3998  3617  5570  3544  8831 10994  2940  2819  5543  6183
  5395  9450  8632  9800  5367  6279  6621] [] 1716266860.1207795143
[-1  1  1  1  1  1  1  1  1  1  1  1  1  1  1  1  1  1 -1  1  1  1  1  1
  1  1  1  1  1  1  1] [ 2  3 10 11 12 15 18 19 20 21 23 26 27 28 29 34 35 36 37 38 42 44 45 46
 47 50 51 52 53 54 61] [12495  5653  3520  2248 14428 13439  3039  3169  3450  7941 13383  2865
  6323  2884  3751  3445  5550  3449  8899 10495  2733  2718  4299  6084
  4769  9192  8452  9662  4348  6231  6479] [] 1716266860.1637039185
[-1  1  1  1 -1 -1  1  1  1  1 -1 -1  1  1  1  1 -1  1  1  1 -1  1  1  1
  1  1  1 -1  1  1  1  1  1] [ 2  3 10 11 12 15 18 19 20 21 23 24 26 27 28 29 32 34 35 36 37 38 42 44
 45 46 47 50 51 52 53 54 61] [12503  5587  3440  2223 14494 13607  2929  3104  3223  7688 13433 12462
  2768  6263  2695  3635 11380  3243  5520  3174  8960 10281  2691  2664
  4171  5881  4452  9321  7969  8138  4264  5903  6394] [] 1716266860.2066454887
[-1  1  1  1 -1 -1  1  1  1 -1 -1 -1  1  1  1  1  1  1  1  1 -1 -1  1  1
  1  1  1  1 -1  1  1  1  1] [ 2  3 10 11 12 15 18 19 20 21 23 24 26 27 28 29 32 34 35 36 37 38 42 44
 45 46 47 50 51 52 53 54 61] [14447  5472  3396  2158 14718 13719  2919  3019  3130  7699 13508 12470
  2725  6176  2601  3613 11009  3103  5072  3100  9758 10361  2487  2613
  4015  5612  4228  9039  8232  6656  4103  5797  6260] [] 1716266860.2497830391
[ 1  1  1  1  1  1  1  1  1  1  1  1  1  1  1  1  1  1  1  1  1  1 -1  1
 -1  1  1  1  1  1  1  1  1  1 -1  1] [ 2  3 10 11 12 15 18 19 20 21 23 24 26 27 28 29 32 34 35 36 37 38 41 42
 43 44 45 46 47 50 51 52 53 54 55 61] [14092  5212  3316  2105 14670 13477  2795  2972  3015  7518 13443 11540
  2669  6091  2543  3590 10546  2902  4648  3007  8742  7462 14715  2443
 16079  2592  3647  5510  3898  8267  6816  6078  3708  5641 10869  6175] [] 1716266860.2927947044
[-1  1 -1  1 -1 -1  1  1  1  1 -1  1  1  1  1  1  1 -1  1 -1  1 -1  1  1
  1  1  1  1 -1  1  1  1  1  1  1  1  1] [ 2  3 10 11 12 15 18 19 20 21 23 24 26 27 28 29 32 33 34 35 36 37 38 41
 42 43 44 45 46 47 50 51 52 53 54 55 61] [14819  4591  3560  2043 14759 14775  2668  2900  2969  7462 13663 11518
  2644  5772  2474  3553 10403 12177  2829  5090  2821  8981  7430 14667
  2331 14359  2536  3327  5559  3697  8001  6719  5592  3593  5314  9141
  6045] [] 1716266860.3358211517
[ 1  1 -1  1  1 -1  1 -1  1  1  1 -1  1 -1  1  1 -1  1  1  1  1  1  1  1
  1  1  1  1  1  1  1 -1  1  1 -1  1  1] [ 2  3 10 11 12 15 18 19 20 21 23 24 26 27 28 29 32 33 34 35 36 37 38 41
 42 43 44 45 46 47 50 51 52 53 54 55 61] [13839  4485  3568  2020 14743 14783  2619  2922  2921  7410 13655 11522
  2589  5818  2462  3541 10513 12040  2716  4900  2693  8074  6010 14455
  2258 14111  2432  3199  5509  3528  7601  6952  5180  3343  5407  6865
  5999] [] 1716266860.3787353039
[ 1  1  1  1  1  1  1  1  1  1  1 -1  1  1  1  1  1  1  1  1  1 -1  1  1
  1  1  1  1  1  1  1  1  1  1  1  1  1] [ 2  3 10 11 12 15 18 19 20 21 23 24 26 27 28 29 32 33 34 35 36 37 38 41
 42 43 44 45 46 47 50 51 52 53 54 55 61] [13093  4035  3496  2002 14661 14647  2599  2820  2898  7321 13623 11812
  2543  5776  2369  3523 10431 11932  2671  4826  2585  8994  5132 14435
  2140 14087  2360  3095  5391  3346  7228  6486  4932  2980  5215  6009
  5955] [] 1716266860.4217715263
[-1  1  1  1  1  1 -1  1  1  1 -1  1  1  1  1  1  1  1  1  1  1  1  1  1
  1  1  1  1  1  1  1  1 -1 -1  1  1  1  1] [ 1  2  3 10 11 12 15 18 19 20 21 23 24 26 27 28 29 32 33 34 35 36 37 38
 41 42 43 44 45 46 47 50 51 52 53 54 55 61] [15594 12155  3521  3476  1983 14295 14655  2454  2781  2854  7337 13559
 11308  2433  5614  2296  3455 10374 11809  2543  4626  2462  8559  4908
 14256  2033 14055  2232  2855  5331  3144  7154  6987  5434  2892  4607
  4250  5887] [] 1716266860.4648087025
[ 1  1  1  1  1 -1 -1  1  1  1  1 -1 -1  1 -1  1  1 -1  1  1 -1  1  1  1
  1 -1  1  1  1  1  1  1 -1  1  1  1  1 -1] [ 1  2  3 10 11 12 15 18 19 20 21 23 24 26 27 28 29 32 33 34 35 36 37 38
 41 42 43 44 45 46 47 50 51 52 53 54 55 61] [14035 12075  3111  3476  1947 14351 14799  2377  2735  2800  6106 13715
 11551  2411  5656  2268  3383 10665 11630  2472  4704  2351  7127  4746
 13903  2067 13931  2194  2837  5305  3103  7046  7064  5397  2887  4511
  4144  5901] [] 1716266860.5077981949
[ 1 -1  1  1  1  1 -1 -1  1 -1  1  1 -1 -1 -1  1  1  1  1  1  1  1  1  1
  1  1  1  1  1 -1  1  1  1  1  1  1  1  1] [ 1  2  3 10 11 12 15 18 19 20 21 23 24 26 27 28 29 32 33 34 35 36 37 38
 41 42 43 44 45 46 47 50 51 52 53 54 55 61] [10805 12391  3071  3425  1894 14263 14887  2383  2730  2811  6087 13533
 11580  2431  5683  2240  3367 10536 11580  2470  4566  2314  6975  4656
 13855  2010 13919  2168  2807  5348  3067  6813  6816  5304  2874  4327
  4122  5869] [] 1716266860.5507862568
[-1  1 -1  1  1  1  1 -1  1  1  1  1  1  1  1  1  1  1 -1  1  1  1  1 -1
 -1  1 -1  1  1  1  1 -1  1  1  1  1 -1  1] [ 1  2  3 10 11 12 15 18 19 20 21 23 24 26 27 28 29 32 33 34 35 36 37 38
 41 42 43 44 45 46 47 50 51 52 53 54 55 61] [10932  9411  3092  3408  1891 13719 14750  2387  2726  2732  6059 13419
 11429  2370  5220  2216  3341 10469 11670  2452  4544  2263  6607  4660
 13863  2005 13943  2168  2791  5325  3058  6840  6168  5300  2867  4235
  4148  5866] [] 1716266860.5937645435
[ 1 -1  1  1 -1  1 -1  1  1  1 -1 -1 -1  1 -1  1  1  1 -1  1  1  1  1  1
  1  1  1  1 -1  1  1  1  1  1  1 -1  1  1] [ 1  2  3 10 11 12 15 18 19 20 21 23 24 26 27 28 29 32 33 34 35 36 37 38
 41 42 43 44 45 46 47 50 51 52 53 54 55 61] [10749  9660  3062  3408  1915 12487 14819  2371  2704  2726  6076 13435
 11455  2367  5446  2206  3337 10402 11683  2416  4536  2251  6439  4646
 13849  2002 13919  2156  2831  5263  3049  6713  6144  5300  2856  4251
  4112  5863] [] 1716266860.6366994381
[ 1 -1  1  1  1  1 -1  1  1  1 -1  1  1  1 -1  1  1  1 -1 -1  1 -1  1  1
 -1 -1 -1 -1  1 -1 -1 -1 -1  1  1 -1 -1 -1] [ 1  2  3 10 11 12 15 18 19 20 21 23 24 26 27 28 29 32 33 34 35 36 37 38
 41 42 43 44 45 46 47 50 51 52 53 54 55 61] [ 9483 10647  3046  3404  1870 12230 14835  2359  2702  2709  6131 13381
 11413  2359  5480  2198  3327 10354 11740  2420  4496  2277  6277  4642
 14118  2014 14005  2168  2815  5270  3090  6856  6664  5243  2830  4511
  5541  5879] [] 1716266860.6798057556
[-1  1 -1  1 -1 -1  1  1 -1 -1  1 -1 -1 -1 -1 -1 -1 -1  1 -1 -1 -1 -1 -1
 -1 -1 -1 -1 -1 -1 -1 -1 -1 -1 -1 -1 -1 -1] [ 1  2  3 10 11 12 15 18 19 20 21 23 24 26 27 28 29 32 33 34 35 36 37 38
 41 42 43 44 45 46 47 50 51 52 53 54 55 61] [14122  9737  3183  3392  1899 13659 14695  2355  2718  2743  6057 13389
 11433  2395  5632  2206  3343 10391 11738  2468  4560  2293  6391  4675
 14435  2106 14075  2244  3005  5284  3174  6960  6808  5272  2906  4942
  7025  5936] [] 1716266860.7227659225
[-1 -1 -1 -1 -1  1 -1 -1  1 -1 -1 -1  1  1 -1  1 -1  1 -1 -1 -1 -1 -1 -1
 -1  1 -1 -1 -1 -1 -1 -1 -1 -1 -1 -1 -1] [ 2  3 10 11 12 15 18 19 20 21 23 24 26 27 28 29 32 33 34 35 36 37 38 41
 42 43 44 45 46 47 50 51 52 53 54 55 61] [13359  3710  3424  1947 14143 14639  2357  2740  2734  6079 13525 11675
  2383  5632  2259  3343 10500 11732  2576  4600  2381  6886  5225 14537
  2275 14039  2288  3067  5319  3338  7000  7278  5570  3135  5223 11183
  5989] [] 1716266860.7659008503
[-1 -1  1  1 -1  1 -1 -1  1 -1  1  1 -1 -1  1  1  1 -1 -1 -1 -1 -1 -1 -1
 -1 -1 -1 -1 -1 -1  1  1 -1  1 -1] [ 2  3 10 11 12 15 18 19 20 21 23 24 26 27 28 29 32 33 34 35 36 37 38 42
 43 44 45 46 47 50 51 52 53 54 61] [13519  4119  3400  1947 14207 14615  2471  2755  2727  7223 13487 11495
  2431  5724  2240  3327 10271 11751  2712  4640  2447  7047  7085  2313
 14135  2384  3151  5331  3452  7103  7003  5432  3495  5173  5993] [] 1716266860.8086571693
[ 1 -1  1  1 -1  1 -1 -1 -1  1  1  1 -1 -1 -1 -1 -1 -1  1  1 -1 -1 -1 -1
 -1 -1 -1 -1 -1 -1 -1 -1 -1 -1 -1] [ 2  3 10 11 12 15 18 19 20 21 23 24 26 27 28 29 32 33 34 35 36 37 38 42
 43 44 45 46 47 50 51 52 53 54 61] [13139  4787  3114  1946 14320 13579  2535  2781  2772  7215 13455 10889
  2454  5910  2267  3454 10292 11793  2668  4296  2510  7255  8464  2507
 14187  2444  3439  5402  4048  8027  7141  6048  3759  5571  6279] [] 1716266860.8518028259
[ 1 -1 -1 -1 -1  1 -1 -1 -1 -1 -1 -1 -1 -1 -1 -1  1 -1 -1 -1 -1 -1 -1 -1
 -1 -1 -1 -1 -1 -1 -1 -1 -1 -1] [ 2  3 10 11 12 15 18 19 20 21 23 24 26 27 28 29 32 34 35 36 37 38 42 43
 44 45 46 47 50 51 52 53 54 61] [13119  4843  3184  1974 14536 13551  2623  2824  2779  7239 13603 11157
  2525  5997  2317  3499 10246  2694  4312  2655  8033  9939  2631 14783
  2532  3795  5515  4308  9287  7879  6887  3931  5741  6309] [] 1716266860.8949019909
[-1 -1 -1 -1  1  1  1 -1 -1  1  1 -1 -1 -1 -1 -1 -1 -1 -1 -1 -1 -1 -1 -1
 -1 -1 -1 -1 -1 -1 -1 -1 -1] [ 2  3 10 11 12 15 18 19 20 21 23 24 26 27 28 29 32 34 35 36 37 38 42 44
 45 46 47 50 51 52 53 54 61] [13679  4915  3218  1999 14501 13487  2611  2859  2848  7199 13587 11260
  2577  6083  2365  3511 10255  2745  4396  2772  8317 10014  2658  2583
  4043  5709  5245 14976  8259  8990  4036  6061  6511] [] 1716266860.9377582073
[ 1 -1 -1 -1 -1  1 -1 -1 -1 -1  1 -1 -1 -1 -1 -1 -1 -1 -1 -1 -1 -1 -1 -1
 -1 -1 -1 -1 -1 -1 -1 -1] [ 2  3 10 11 12 15 18 19 20 21 23 24 26 27 28 29 32 34 35 36 37 38 42 44
 45 46 47 51 52 53 54 61] [13477  5083  3224  2040 14686 13415  2799  2917  2968  7217 13490 12196
  2623  6137  2456  3547 10947  2897  4802  2930  8320 10086  2747  2634
  4330  5910  6402  8333  9483  4822  9184  6620] [] 1716266860.9806292057
[ 1 -1  1 -1  1  1  1 -1 -1  1  1 -1 -1  1 -1 -1 -1 -1 -1 -1 -1 -1 -1 -1
 -1 -1 -1 -1 -1 -1] [ 2  3 10 11 12 15 18 19 20 21 23 24 26 27 28 29 34 35 36 37 38 42 44 45
 46 51 52 53 54 61] [13285  5197  3186  2067 14496 13161  2795  2945  3075  7160 13300 12736
  2644  6033  2513  3569  3031  4856  3001  8675 10313  2922  2785  5501
  5973 11416  9855  5518 11588  6746] [] 1716266861.0235600471
[-1 -1 -1 -1  1  1 -1 -1 -1 -1 -1 -1 -1 -1 -1 -1 -1 -1  1 -1 -1 -1 -1 -1
  1 -1 -1 -1 -1] [ 2  3 10 11 12 15 18 19 20 21 23 26 27 28 29 34 35 36 37 38 42 44 45 46
 51 52 53 54 61] [13503  5480  3276  2126 14388 12895  2931  2964  3223  7209 13366  2791
  6071  2687  3831  3387  4941  3272  8597 11409  3082  2966  5614  6923
 10581 10322  5952 11973  7046] [] 1716266861.0667026043
[ 1 -1 -1 -1 -1  1 -1 -1 -1  1  1 -1 -1 -1 -1 -1 -1 -1 -1 -1 -1 -1  1 -1
 -1  1 -1] [ 2  3 10 11 12 15 18 19 20 21 23 26 27 28 29 34 35 36 37 42 44 45 46 51
 52 53 54] [13482  9672  3369  2170 14552 12831  2970  3043  3248  7118 13249  2813
  6129  2781  3868  3735  4980  3331  8800  3335  3158  5746  6897 11382
 11311  5821 12046] [] 1716266861.1097214222
[-1 -1 -1 -1  1 -1 -1  1 -1 -1 -1 -1 -1 -1  1 -1 -1 -1 -1 -1 -1 -1 -1 -1
 -1  1] [ 2  3 10 11 12 15 18 19 20 21 23 26 27 28 29 34 35 36 37 42 44 45 46 51
 52 53] [13778 11965  3456  2322 14464 12863  3069  3043  3341  7357 13273  2955
  6154  2965  3831  4186  5325  3743  9018  4193  3332  6079  7105 11579
 15655  5789] [] 1716266861.1526284218
[-1 -1 -1 -1 -1 -1 -1 -1 -1  1 -1 -1 -1 -1 -1 -1 -1  1 -1 -1 -1 -1 -1] [ 2 10 11 12 15 18 19 20 21 23 26 27 28 29 34 35 36 37 42 44 45 46 53] [13839  3538  2328 14466 12975  3232  3125  3450  9264 13232  3238  6226
  3067  3877  4538  5456  3970  9009  4947  3390  6193  7271  6469] [] 1716266861.1957199574
[-1 -1 -1 -1  1 -1 -1 -1  1 -1 -1 -1 -1 -1 -1 -1 -1 -1 -1 -1 -1 -1 -1] [ 2 10 11 12 15 18 19 20 21 23 26 27 28 29 34 35 36 37 42 44 45 46 53] [14388  3553  2358 14621 12518  3359  3183  3479  9238 13243  3515  6429
  3238  4479  4642  5463  4279 11083  7887  3698  6395  8207 10479] [] 1716266861.2386991978
[ 1 -1 -1 -1 -1 -1 -1 -1 -1 -1 -1 -1 -1 -1 -1 -1 -1 -1 -1 -1  1] [ 2 10 11 12 15 18 19 20 21 23 26 27 28 29 34 35 36 37 42 44 45] [13710  3863  2425 16034 12820  3882  3273  4025  9276 13492  3807  7488
  3547  4527  5421  5582  4734 11577 11725  3792  6143] [] 1716266861.2816615105
[-1 -1 -1 -1 -1 -1 -1 -1  1 -1  1 -1 -1 -1 -1 -1  1 -1 -1 -1] [ 2 10 11 15 18 19 20 21 23 26 27 28 29 34 35 36 37 42 44 45] [14042  3998  2495 12945  4788  3406  4479  9298 13231  4015  7253  4003
  4611  5478  5718  4974 11168 13759  4028  6341] [] 1716266861.3247649670
[-1 -1 -1 -1 -1 -1 -1 -1  1 -1 -1 -1 -1 -1 -1 -1 -1 -1 -1 -1] [ 2 10 11 15 18 19 20 21 23 26 27 28 29 34 35 36 37 42 44 45] [14639  4257  2575 13183  5052  3526  4817  9422 13199  4480  7299  4379
  4783  5635  6271  5213 12615 16131  4248  6628] [] 1716266861.3677823544
[-1 -1 -1 -1 -1 -1 -1 -1  1 -1 -1 -1 -1 -1 -1 -1 -1 -1 -1] [ 2 10 11 15 18 19 20 21 23 26 27 28 29 34 35 36 37 44 45] [15715  4460  2623 13373  5166  3629  4927  9439 13087  5487  7362  4775
  4909  6664  6727  5543 13029  4587  8043] [] 1716266861.4107396603
[-1 -1 -1 -1 -1 -1  1 -1  1 -1 -1 -1  1 -1 -1 -1 -1] [10 11 18 19 20 21 23 26 27 28 29 34 35 36 37 44 45] [ 4567  2693  5855  3865  5304  9495 12718  6780  6803  6495  4995  8525
  6701  6619 13439  5000  8205] [] 1716266861.4537615776
[-1 -1 -1 -1 -1 -1  1 -1 -1 -1 -1 -1 -1 -1 -1] [10 11 18 19 20 21 23 26 27 28 29 34 35 36 44] [ 4807  2761  6691  3944  5942  9509 12690  7152  6878  6982  5962  8692
  6900  7120  5601] [] 1716266861.4966971874
[-1 -1 -1 -1 -1 -1 -1 -1 -1 -1 -1 -1 -1 -1 -1] [10 11 18 19 20 21 23 26 27 28 29 34 35 36 44] [ 4824  2849  6722  4013  5992  9574 12693  7996  8491  7795  6049  8781
  6993  9015  8348] [] 1716266861.5397033691
[-1 -1 -1 -1 -1 -1 -1 -1 -1 -1 -1 -1 -1 -1] [10 11 18 19 20 21 23 26 27 28 29 35 36 44] [ 5937  3288  7691  4345  6358  9818 13118  8026 10117  9176  6902  8621
 13071 11736] [] 1716266861.5827701092
[-1 -1 -1 -1 -1 -1  1 -1 -1 -1 -1 -1  1 -1] [10 11 18 19 20 21 23 26 27 28 29 35 36 44] [ 6087  3541  7790  4466  6585  9868 13047  8255 10138  9822  7060 10334
 13059 12917] [] 1716266861.6257343292
[-1 -1 -1 -1 -1 -1 -1 -1 -1 -1 -1 -1 -1] [10 11 18 19 20 21 23 26 27 28 29 35 44] [ 6398  4911 10628  4688  7220 10102 13307  8449 10564 10894  7126 14007
 13309] [] 1716266861.6687035561
[-1 -1 -1 -1 -1 -1 -1 -1 -1 -1 -1 -1] [10 11 18 19 20 21 23 26 27 28 29 35] [ 7429  5407 10744  4983  9421 10245 13447  8695 10648 10969  7224 14333] [] 1716266861.7117373943
[-1 -1 -1 -1 -1 -1 -1 -1 -1 -1 -1] [10 11 18 19 20 21 26 27 28 29 35] [ 8502  7947 11136  5726  9703 10580 10748 11245 11057 10641 14531] [] 1716266861.7547240257
[-1 -1 -1 -1 -1 -1 -1 -1 -1] [10 11 19 20 21 26 27 28 29] [ 9106  8785  7319 10150 10768 11523 12839 11220 10904] [] 1716266861.7976996899
[-1  1 -1 -1 -1 -1 -1 -1] [10 11 19 20 21 27 28 29] [ 9496  8749  9613 10332 10959 12887 11221 11118] [] 1716266861.8407163620
[-1 -1 -1 -1 -1  1 -1 -1] [10 11 19 20 21 27 28 29] [10364  8841  9907 10934 11372 12678 11553 11630] [] 1716266861.8837518692
[-1 -1  1 -1 -1  1] [10 11 19 20 27 28] [13281  8861  9873 11304 12795 11445] [] 1716266861.9266936779
[-1 -1 -1 -1] [11 19 20 28] [ 8928 10041 11838 11459] [] 1716266861.9695682526
[-1 -1 -1] [11 20 28] [ 8986 13153 11468] [] 1716266862.0125806332
[-1 -1 -1] [11 20 28] [ 9208 13583 11636] [] 1716266862.0557281971
[-1 -1] [11 28] [ 9971 11811] [] 1716266862.0986931324
[-1 -1] [11 28] [10957 12182] [] 1716266862.1416375637
2 2 2 1716266862.3136880398
