FA TAX ADC PRES TS
[-1] [19] [9917] [] 1716267138.7122757435
[-1] [19] [11496] [] 1716267138.7552566528
[ 1 -1] [19 28] [10558 11765] [] 1716267138.7981517315
[-1] [19] [10065] [] 1716267138.8841598034
[-1 -1 -1] [19 28 44] [10377 12753 15893] [] 1716267138.9273211956
[-1 -1 -1  1  1] [11 19 27 28 44] [11893 10860 14125 12214 14551] [] 1716267138.9703333378
[ 1 -1  1 -1] [11 19 27 28] [10975 10868 13819 12256] [] 1716267139.0132782459
[1 1 1 1] [11 19 27 28] [10430 10439 12939 11793] [] 1716267139.0562140942
[1 1 1 1] [11 19 27 28] [ 9735  9222 12470 11400] [] 1716267139.0992450714
[1 1 1 1] [11 19 27 28] [ 9544  7163 12460 11240] [] 1716267139.1422796249
[ 1  1 -1 -1 -1 -1] [11 19 20 27 28 44] [ 9338  6028 15307 12554 11282 15381] [] 1716267139.1853032112
[-1  1  1  1 -1 -1  1] [11 19 20 27 28 29 44] [ 9361  5393 13807 12478 11473 12240 14745] [] 1716267139.2283082008
[ 1  1 -1 -1 -1  1  1] [11 19 20 27 28 29 44] [ 9117  5171 14074 12603 11523 11618 13391] [] 1716267139.2712819576
[-1 -1  1  1 -1  1  1  1  1] [10 11 19 20 21 27 28 29 44] [15090  9180  5030 12682 11341 12454 11475 11408 13139] [] 1716267139.3142769337
[ 1  1  1  1  1 -1  1  1  1] [10 11 19 20 21 27 28 29 44] [14426  9004  4495 11867 11135 12738 11199 11026 12857] [] 1716267139.3573114872
[ 1  1  1  1  1  1 -1  1 -1] [10 11 19 20 21 27 28 29 44] [12193  8948  4320 11657 10961 12406 11312 11020 12978] [] 1716267139.4002518654
[ 1 -1 -1 -1 -1  1 -1  1 -1  1  1] [10 11 18 19 20 21 26 27 28 29 44] [11235  9023 11699  4477 11664 10799 10421 10351 11513 10866 12901] [] 1716267139.4433336258
[ 1  1  1  1  1  1  1  1 -1  1 -1  1] [10 11 18 19 20 21 26 27 28 29 34 44] [ 9694  9012 11122  4367 11469 10565  9533 10290 11621 10779 12221 12615] [] 1716267139.4862384796
[ 1  1  1  1  1  1  1 -1  1  1  1 -1] [10 11 18 19 20 21 26 27 28 29 34 44] [ 9432  8910 10828  4246 11384 10422  9295 10338 11514 10582 11923 12875] [] 1716267139.5293283463
[ 1  1  1  1  1 -1  1  1  1 -1  1  1] [10 11 18 19 20 21 26 27 28 29 34 44] [ 8883  8835 10708  4173 11342 10491  9167  9484 11361 10600 11655 12455] [] 1716267139.5722715855
[ 1  1  1  1  1  1  1  1  1  1  1 -1 -1 -1] [10 11 18 19 20 21 26 27 28 29 34 36 44 45] [ 8331  8799 10538  4167 11073 10407  9106  9243 11231 10521  9666 15040
 12703 10590] [] 1716267139.6151280403
[1 1 1 1 1 1 1 1 1 1 1 1 1 1] [10 11 18 19 20 21 26 27 28 29 34 36 44 45] [ 7603  8765 10402  4064  9138 10123  8967  9147 11111  9078  9202 14458
 11427 10010] [] 1716267139.6583101749
[ 1  1  1  1  1  1 -1  1  1  1  1  1  1  1  1] [10 11 18 19 20 21 23 26 27 28 29 34 36 44 45] [ 7482  8728 10235  3937  8606 10098 15823  8759  9044 10907  8973  9043
 14316  9119  8161] [] 1716267139.7013249397
[ 1 -1  1  1  1 -1  1  1  1 -1  1 -1  1  1  1] [10 11 18 19 20 21 23 26 27 28 29 34 36 44 45] [ 7041  8765  7845  3866  7672 10131 14343  8602  8771 10944  8881  9218
 13945  7421  7803] [] 1716267139.7442605495
[ 1  1 -1  1  1  1 -1  1  1  1  1  1  1  1  1  1] [10 11 15 18 19 20 21 23 26 27 28 29 34 36 44 45] [ 6662  7035 14002  7677  3752  7327 10155 13643  8508  8612 10882  7939
  7766 12919  7174  7567] [] 1716267139.7872838974
[-1  1  1  1  1  1  1  1 -1  1  1  1  1  1 -1  1 -1 -1  1  1 -1] [ 2 10 11 15 18 19 20 21 23 26 27 28 29 34 35 36 37 42 44 45 53] [14527  6029  7005 13678  7541  3663  6964  9995 13677  8311  7105 10828
  7399  6889 14903  8770 16376 14119  6690  6771 14990] [] 1716267139.8302862644
[ 1  1  1  1  1  1 -1  1  1  1  1  1  1 -1  1  1  1  1  1  1  1] [ 2 10 11 15 18 19 20 21 23 26 27 28 29 34 35 36 37 42 44 45 53] [14378  5457  6920 13182  7411  3577  6995  9887 13548  7349  6957 10526
  7013  6930 10080  8155 14920 13177  6444  6543 11574] [] 1716267139.8732602596
[ 1 -1  1  1  1  1  1  1 -1  1  1  1  1  1  1  1  1  1  1  1 -1 -1  1] [ 2  3 10 11 15 18 19 20 21 23 26 27 28 29 34 35 36 37 42 44 45 46 53] [14333 15500  5191  6785 12753  7315  3542  6829  9901 13545  6393  6941
 10013  5541  6782  8316  7819 14221 11873  5506  6573 13331  9586] [] 1716267139.9162304401
[-1  1  1  1 -1  1  1  1 -1  1  1  1  1  1  1  1  1  1  1  1  1  1  1] [ 2  3 10 11 15 18 19 20 21 23 26 27 28 29 34 35 36 37 42 44 45 46 53] [14334  9389  4879  6422 12790  7275  3437  6827  9908 13337  5445  6783
  9275  5315  6350  7848  7743 13677  9982  5092  6493 11436  7019] [] 1716267139.9593379498
[1 1 1 1 1 1 1 1 1 1 1 1 1 1 1 1 1 1 1 1 1 1 1] [ 2  3 10 11 15 18 19 20 21 23 26 27 28 29 34 35 36 37 42 44 45 46 53] [14016  8842  4519  5775 12722  7012  3394  6699  9904 13213  4986  6676
  6348  4935  6050  7690  6442 13217  8909  4850  6423 11278  6630] [] 1716267140.0023388863
[-1  1  1  1  1  1  1  1  1  1  1  1  1  1  1  1  1  1  1  1  1  1  1] [ 2  3 10 11 15 18 19 20 21 23 26 27 28 29 34 35 36 37 42 44 45 46 53] [14104  7492  4321  5664 12654  7001  3335  6649  8588 13171  4841  6635
  5961  4863  5786  7566  5981 13056  7039  4686  6203  8231  5003] [] 1716267140.0453851223
[ 1  1  1  1 -1  1  1  1  1 -1  1  1  1  1  1 -1  1  1  1  1  1  1 -1 -1
  1] [ 2  3 10 11 15 18 19 20 21 23 26 27 28 29 34 35 36 37 42 44 45 46 51 52
 53] [14026  7283  3962  5346 12676  6935  3255  6537  8378 13270  4673  6383
  5611  4635  5101  7707  5109 12864  5878  4457  6023  7470 11512 15807
  4719] [] 1716267140.0882995129
[ 1  1  1  1 -1  1  1  1  1  1  1  1  1  1  1 -1  1  1  1  1  1  1  1  1
  1] [ 2  3 10 11 15 18 19 20 21 23 26 27 28 29 34 35 36 37 42 44 45 46 51 52
 53] [13969  6244  3830  5047 13287  6286  3181  6085  8377 13245  4333  6291
  5257  4533  4828  7830  4702 12720  5413  4297  5999  6889  9287 15255
  4671] [] 1716267140.1313529015
[-1  1  1  1  1  1  1  1  1  1  1  1  1 -1  1  1  1 -1  1  1  1  1  1  1
  1 -1] [ 2  3 10 11 15 18 19 20 21 23 26 27 28 29 34 35 36 37 42 44 45 46 51 52
 53 61] [14104  5060  3728  4971 13063  6157  3153  5320  8277 13131  4235  6253
  4823  4549  4662  7710  4682 12796  5264  4109  5901  5974  8671 12695
  4528 10125] [] 1716267140.1743063927
[-1  1  1  1  1  1  1 -1  1  1  1  1  1  1  1  1  1  1 -1  1  1 -1  1 -1
  1  1  1  1] [ 2  3 10 11 15 18 19 20 21 23 26 27 28 29 34 35 36 37 38 42 44 45 46 47
 51 52 53 61] [14139  4942  3661  4125 13023  6093  3020  5335  8267 13104  3886  6160
  4109  4404  4543  7319  4031 12704 10688  4988  3739  5958  5942 11742
  8431 11635  4515  7183] [] 1716267140.2173519135
[-1  1  1  1 -1  1  1  1  1  1  1  1  1 -1  1  1  1  1  1  1  1  1 -1  1
  1  1  1 -1  1] [ 2  3 10 11 15 18 19 20 21 23 26 27 28 29 34 35 36 37 38 42 44 45 46 47
 51 52 53 54 61] [14271  4900  3412  3637 13523  6063  3005  5092  8221 13018  3701  5868
  3759  4408  4249  7215  3748 12612 10457  4805  3658  5945  6143  7883
  8405 10334  4499 13797  7168] [] 1716267140.2602529526
[ 1 -1  1  1  1  1  1  1 -1 -1  1 -1  1 -1 -1  1  1  1  1  1  1  1  1  1
  1  1  1  1  1  1] [ 2  3 10 11 15 18 19 20 21 23 26 27 28 29 32 34 35 36 37 38 42 44 45 46
 47 51 52 53 54 61] [14094  4908  3354  3518 13431  5869  2935  4781  8251 13128  3327  5921
  3523  4485 11882  4237  6869  3572 11896  8906  4215  3474  5734  5772
  5811  8248  9911  4183 12234  6987] [] 1716267140.3033030033
[ 1  1  1  1 -1  1  1  1  1 -1 -1  1  1  1  1  1  1 -1  1 -1  1  1  1  1
  1  1 -1 -1  1  1  1  1] [ 2  3 10 11 12 15 18 19 20 21 23 26 27 28 29 32 34 35 36 37 38 42 44 45
 46 47 50 51 52 53 54 61] [13912  4064  3300  3352 14487 13399  5189  2798  4277  8440 13141  3039
  5446  3270  4471 10647  3735  7063  3229 12064  8772  3859  3406  4979
  5679  5197 15228  8368  7540  4038 12010  6710] [] 1716267140.3463287354
[-1  1 -1  1 -1 -1  1  1  1  1 -1  1 -1  1  1  1  1  1  1 -1  1  1  1  1
  1  1  1 -1  1  1  1  1] [ 2  3 10 11 12 15 18 19 20 21 23 26 27 28 29 32 34 35 36 37 38 42 44 45
 46 47 50 51 52 53 54 61] [14094  4010  3332  2986 14892 13903  4764  2745  4224  8397 13215  2975
  5549  3182  4367 10495  3653  6920  3130 12280  8740  3577  3243  4717
  5553  4664  9470  8390  7418  3863 11792  6605] [] 1716267140.3894021511
[-1  1  1  1 -1 -1  1  1 -1  1 -1 -1  1 -1  1  1  1  1  1  1 -1  1  1  1
  1 -1  1  1  1  1  1  1  1] [ 2  3 10 11 12 15 18 19 20 21 23 24 26 27 28 29 32 34 35 36 37 38 42 44
 45 46 47 50 51 52 53 54 61] [14106  3639  3176  2839 14924 14183  4343  2713  4303  8377 13290 12480
  2919  5565  3163  4264 10377  3519  6700  3041 12377  8611  3209  3141
  4423  5622  4468  9326  8235  7012  3690  9366  6481] [] 1716267140.4323539734
[-1  1  1  1  1 -1  1  1  1  1 -1 -1  1  1 -1  1  1  1  1  1  1  1 -1 -1
  1  1  1  1  1 -1  1  1  1  1  1] [ 2  3 10 11 12 13 15 18 19 20 21 23 24 26 27 28 29 32 34 35 36 37 38 41
 42 44 45 46 47 50 51 52 53 54 61] [14552  3462  3136  2718 14840 16329 14119  4283  2652  4118  8433 13377
 12101  2818  5571  2992  4082 10374  3436  6552  2827  8870  8637 12720
  3132  2959  4171  5412  4169  9495  7074  5976  3287  7539  6367] [] 1716267140.4753561020
[ 1  1  1  1 -1  1  1  1  1  1 -1 -1  1  1  1  1  1  1  1  1  1 -1  1  1
  1  1  1  1  1  1  1  1  1  1  1] [ 2  3 10 11 12 13 15 18 19 20 21 23 24 26 27 28 29 32 34 35 36 37 38 41
 42 44 45 46 47 50 51 52 53 54 61] [14294  3382  3088  2678 14860 16260 14093  3674  2627  4034  8439 13434
 11566  2749  5475  2874  3951 10101  3171  5898  2702  9573  8169 12171
  2889  2854  3899  5356  3942  8515  6604  5508  3141  6492  6252] [] 1716267140.5183062553
[-1  1  1  1  1  1  1  1  1 -1 -1  1  1  1  1  1 -1  1  1  1  1  1  1  1
  1  1  1  1  1  1  1  1 -1  1] [ 2  3 10 11 12 15 18 19 20 21 23 24 26 27 28 29 32 34 35 36 37 38 41 42
 44 45 46 47 50 51 52 53 54 61] [15183  3189  3084  2626 13700 13867  3624  2537  3936  8490 13559 11542
  2651  5343  2716  3781 10124  2991  5344  2590  8505  8106 12095  2799
  2756  3775  5289  3821  7953  6476  5080  3095  6634  6121] [] 1716267140.5613720417
[-1 -1  1  1  1  1  1  1  1 -1 -1  1  1  1 -1  1  1 -1  1  1  1 -1 -1 -1
  1  1  1 -1 -1  1  1 -1  1  1 -1 -1] [ 1  2  3 10 11 12 15 18 19 20 21 23 24 26 27 28 29 32 34 35 36 37 38 41
 42 44 45 46 47 50 51 52 53 54 55 61] [16171 15928  3127  3040  2567 13278 13739  3539  2453  3965  8585 13491
 11490  2599  5349  2640  3730 10238  2907  4840  2483  8863  8258 12458
  2679  2670  3673  5299  3950  7672  5774  5410  2896  5595 11562  6140] [] 1716267140.6043040752
[-1  1  1 -1  1  1 -1  1 -1  1  1  1  1  1 -1  1 -1 -1  1 -1  1  1  1 -1
  1 -1  1  1  1  1  1  1 -1  1  1  1  1] [ 1  2  3 10 11 12 15 18 19 20 21 23 24 26 27 28 29 32 34 35 36 37 38 41
 42 43 44 45 46 47 50 51 52 53 54 55 61] [16299 15483  3007  3360  2523 10531 14795  3367  2504  3844  8409 13451
 11326  2465  5441  2597  3783 10297  2790  5212  2427  7580  7938 12605
  2599 14397  2616  3612  5022  3622  6548  5078  5636  2804  5439  8439
  6117] [] 1716267140.6473255157
[ 1  1  1  1  1 -1  1  1  1  1 -1 -1  1  1  1  1  1  1  1 -1  1 -1  1 -1
  1  1  1  1  1  1  1  1  1  1  1  1  1] [ 1  2  3 10 11 12 15 18 19 20 21 23 24 26 27 28 29 32 34 35 36 37 38 41
 42 43 44 45 46 47 50 51 52 53 54 55 61] [15903 15431  2891  3344  2467 12799 14655  3228  2427  3625  8414 13753
 11172  2403  5266  2468  3741 10191  2615  5234  2398  8426  7823 13076
  2474 14119  2580  3570  4950  3458  6458  5031  5376  2696  5339  7666
  6001] [] 1716267140.6904234886
[ 1 -1  1  1 -1 -1 -1  1  1  1 -1  1 -1  1 -1  1  1  1  1 -1  1  1  1  1
  1  1  1  1  1  1  1  1  1  1  1  1  1] [ 2  3 10 11 12 13 15 18 19 20 21 23 24 26 27 28 29 32 34 35 36 37 38 41
 42 43 44 45 46 47 50 51 52 53 54 55 61] [14939  2911  3280  2440 12827 14554 14751  3113  2365  3512  8429 13655
 11288  2393  5284  2459  3703 10098  2521  5348  2331  7337  6552 10885
  2387 14055  2472  3407  4708  3323  5921  4695  4964  2623  4831  4930
  5918] [] 1716267140.7334074974
[-1 -1  1  1  1  1  1  1  1  1  1  1 -1 -1  1  1  1 -1  1  1  1  1 -1  1
  1  1  1  1  1  1  1  1  1 -1  1  1  1  1] [ 1  2  3 10 11 12 13 15 18 19 20 21 23 24 26 27 28 29 32 34 35 36 37 38
 41 42 43 44 45 46 47 50 51 52 53 54 55 61] [16105 15503  2831  3226  2367 11150 11730 14591  2986  2321  3264  8288
 13675 11641  2351  5044  2398  3719 10036  2466  5256  2213  8589  5497
 10711  2272 13947  2404  3183  4277  3136  5541  4625  5028  2594  4447
  4198  5825] [] 1716267140.7763936520
[-1  1  1  1  1  1  1 -1  1  1  1  1  1  1  1  1  1  1  1  1  1  1  1  1
 -1  1 -1  1  1  1  1  1  1  1  1  1  1 -1] [ 1  2  3 10 11 12 13 15 18 19 20 21 23 24 26 27 28 29 32 34 35 36 37 38
 41 42 43 44 45 46 47 50 51 52 53 54 55 61] [16182 15499  2682  3028  2336  8852 10591 14783  2909  2269  3139  7159
 13653 11460  2301  4336  2292  3601  8043  2363  4984  2182  8059  5418
 10715  2240 14015  2388  3163  4235  3092  5472  4579  5016  2552  4389
  4106  5855] [] 1716267140.8194146156
[ 1  1  1  1  1  1  1  1  1  1  1 -1  1  1 -1  1 -1 -1  1  1  1  1  1  1
  1  1  1 -1  1  1  1  1  1  1 -1  1  1] [ 1  3 10 11 12 13 15 18 19 20 21 23 24 26 27 28 29 32 34 35 36 37 38 41
 42 43 44 45 46 47 50 51 52 53 54 55 61] [16167  2607  2984  2287  8850 10077 14580  2879  2237  3115  7045 13719
 11406  2283  4372  2227  3631  8090  2362  4896  2167  7945  5389 10675
  2230 13989  2386  3222  4193  3070  5376  4560  4992  2504  4414  4040
  5855] [] 1716267140.8622794151
[ 1  1  1  1 -1  1  1  1  1  1 -1  1  1  1 -1  1  1  1  1  1 -1 -1  1  1
  1  1  1  1  1  1  1  1 -1  1  1 -1  1] [ 1  3 10 11 12 13 15 18 19 20 21 23 24 26 27 28 29 32 34 35 36 37 38 41
 42 43 44 45 46 47 50 51 52 53 54 55 61] [15975  2582  2972  2271  8936  9816 14523  2871  2224  3063  7054 13687
 10989  2271  4460  2209  3573  8020  2303  4865  2175  8135  5365 10620
  2214 13911  2368  3191  4174  3056  5218  4555  5016  2496  4351  4044
  5782] [] 1716267140.9053716660
[-1 -1  1 -1  1 -1 -1  1  1 -1  1  1  1 -1 -1  1 -1 -1  1  1  1  1 -1  1
 -1 -1 -1 -1  1 -1 -1  1  1 -1 -1 -1 -1] [ 1  3 10 11 12 13 15 18 19 20 21 23 24 26 27 28 29 32 34 35 36 37 38 41
 42 43 44 45 46 47 50 51 52 53 54 55 61] [16127  2589  2954  2283  8345  9860 14535  2815  2208  3076  7046 13647
 10918  2277  4504  2197  3576  8255  2294  4850  2148  7674  5551 10552
  2246 13963  2404  3303  4163  3081  5314  4520  5000  2529  4383  4498
  5815] [] 1716267140.9483747482
[ 1 -1 -1 -1  1 -1 -1  1 -1 -1  1  1  1  1 -1  1 -1  1  1 -1 -1 -1  1 -1
 -1 -1  1  1 -1 -1 -1 -1 -1 -1 -1 -1 -1 -1] [ 1  2  3 10 11 12 13 15 18 19 20 21 23 24 26 27 28 29 32 34 35 36 37 38
 41 42 43 44 45 46 47 50 51 52 53 54 55 61] [16122 16079  2687  2968  2269  8443 10050 14495  2851  2214  3038  7042
 13647 10908  2319  4474  2203  3567  8049  2321  4860  2195  7641  5940
 10577  2278 13935  2400  3341  4300  3180  5408  4543  5028  2560  4607
  5696  5886] [] 1716267140.9913411140
[-1  1 -1 -1 -1 -1 -1 -1 -1 -1 -1 -1  1  1  1 -1 -1  1  1 -1 -1 -1 -1 -1
 -1 -1 -1 -1 -1 -1 -1 -1 -1  1 -1 -1  1] [ 1  2  3 10 11 12 13 15 18 19 20 21 23 24 26 27 28 29 32 34 35 36 37 38
 41 42 43 44 45 46 47 50 51 52 53 54 61] [16255 15934  2743  2992  2303  8497 10128 14549  2855  2224  3049  8192
 13645 10880  2311  4480  2236  3547  7949  2343  4885  2207  7829  7540
 12679  2456 14111  2496  3451  4482  3306  6038  5383  4720  2651  4939
  5852] [] 1716267141.0343103409
[ 1 -1  1 -1 -1 -1  1 -1 -1 -1 -1 -1 -1 -1  1 -1 -1 -1 -1  1 -1 -1 -1  1
 -1 -1 -1 -1 -1 -1 -1 -1 -1 -1 -1 -1] [ 2  3 10 11 12 13 15 18 19 20 21 23 24 26 27 28 29 32 34 35 36 37 38 41
 42 43 44 45 46 47 50 51 52 53 54 61] [15391  2796  2896  2317 10391 11227 13287  3069  2272  3313  8248 13751
 11137  2335  4446  2331  3595  8463  2518  4804  2266  8141  7904 12491
  2526 14187  2528  3479  4534  3360  6449  5447  4818  2739  5215  5972] [] 1716267141.0772142410
[-1 -1 -1 -1  1 -1  1 -1 -1 -1  1  1 -1 -1 -1 -1 -1 -1 -1  1 -1  1 -1 -1
 -1 -1 -1 -1 -1 -1 -1 -1 -1 -1 -1 -1] [ 2  3 10 11 12 13 15 18 19 20 21 23 24 26 27 28 29 32 34 35 36 37 38 41
 42 43 44 45 46 47 50 51 52 53 54 61] [15695  2887  2912  2331  9539 11382 13246  3173  2288  3457  8179 13695
 11281  2351  4471  2358  3647  9108  2591  4786  2313  8033  8344 12580
  2763 14271  2570  3549  4816  3738  8319  5961  5168  2844  5677  6119] [] 1716267141.1203176975
[-1  1 -1 -1 -1 -1 -1 -1 -1 -1 -1  1  1  1 -1 -1 -1 -1 -1 -1 -1 -1 -1 -1
 -1 -1 -1 -1 -1 -1 -1 -1 -1 -1 -1 -1] [ 1  2  3 10 11 12 13 15 18 19 20 21 23 24 26 27 28 29 32 34 35 36 37 38
 41 42 44 45 46 47 50 51 52 53 54 61] [16214 15611  3046  2936  2403 10386 12544 13459  3360  2321  3483  8159
 13599 11161  2390  4514  2467  3921  9346  2666  5136  2366  8070  8400
 12624  2967  2614  3615  4874  4171  9066  6245  5348  3021  7355  6276] [] 1716267141.1632354259
[ 1  1 -1 -1 -1 -1 -1  1 -1 -1 -1 -1  1 -1 -1  1 -1  1  1 -1 -1 -1 -1  1
  1 -1 -1 -1 -1 -1 -1 -1 -1 -1 -1 -1] [ 1  2  3 10 11 12 13 15 18 19 20 21 23 24 26 27 28 29 32 34 35 36 37 38
 41 42 44 45 46 47 50 51 52 53 54 61] [16014 15475  3195  2964  2459 11709 16322 13234  3462  2406  3668  8179
 13393 11243  2497  4505  2535  3884  7597  2814  5140  2438  8111  8279
 12407  3028  2694  3871  5034  4513 14464  6661  5720  3239 11556  6473] [] 1716267141.2062759399
[-1  1 -1 -1 -1 -1  1 -1 -1 -1  1 -1 -1 -1 -1 -1 -1 -1 -1 -1 -1 -1 -1 -1
 -1 -1 -1 -1 -1 -1 -1 -1 -1] [ 1  2  3 10 11 12 15 18 19 20 21 23 24 26 27 28 29 32 34 35 36 37 38 42
 44 45 46 47 51 52 53 54 61] [16260 15354  3442  3012  2473 11801 13167  3583  2433  3732  8141 13426
 11308  2557  4545  2548  4079 10291  2957  5558  2505  8251  8479  3083
  2775  4165  5307  5156  7685  6274  3482 12421  6612] [] 1716267141.2492747307
[-1 -1 -1 -1 -1 -1  1 -1 -1 -1  1  1 -1 -1  1 -1 -1  1 -1 -1 -1 -1 -1 -1
 -1 -1 -1 -1 -1 -1 -1 -1 -1] [ 1  2  3 10 11 12 15 18 19 20 21 23 24 26 27 28 29 32 34 35 36 37 38 42
 44 45 46 47 51 52 53 54 61] [16339 15597  3917  3092  2516 13066 12877  3894  2481  3934  8136 13369
 11941  2583  4491  2597  4163 10275  3239  5660  2637  9324  8565  3416
  2927  4558  5971  6269  7967  6706  3998 13558  6887] [] 1716267141.2923541069
[ 1 -1  1 -1 -1  1 -1  1 -1 -1  1 -1 -1  1 -1 -1 -1 -1  1 -1 -1 -1 -1 -1
 -1  1  1 -1 -1  1] [ 2  3 10 11 12 15 18 19 20 21 23 24 26 27 28 29 32 34 35 36 37 38 42 44
 45 46 51 52 53 61] [15276  4651  3088  2609 13116 12859  3921  2481  4087  8174 13303 12549
  2737  4491  2782  4167 10366  3439  5546  2772 10745  8632  4000  3262
  4607  5698  7791 10007  4121  6811] [] 1716267141.3351588249
[-1 -1 -1 -1  1  1 -1 -1 -1  1  1 -1 -1 -1  1  1 -1 -1 -1 -1 -1 -1 -1 -1
 -1 -1 -1 -1 -1] [ 2  3 10 11 12 15 18 19 20 21 23 26 27 28 29 32 34 35 36 37 38 42 44 45
 46 51 52 53 61] [15425  4689  3104  2775 12870 12665  4263  2563  4104  8169 13079  2967
  4591  2913  4015 10253  3567  5756  3109 11684  9827  4398  3517  4901
  5870  8357 10606  4434  7754] [] 1716267141.3783664703
[ 1 -1 -1 -1 -1 -1 -1 -1 -1 -1  1 -1 -1 -1 -1 -1  1 -1 -1 -1 -1 -1 -1  1
 -1 -1  1] [ 2  3 10 11 12 15 18 19 20 21 23 26 27 28 29 34 35 36 37 38 42 44 45 46
 51 52 53] [15297  5081  3168  3031 14742 12845  4452  2639  4372  8418 13038  3200
  4660  3084  4027  3958  5718  3391 12120 10123  5579  3606  5521  5855
  8472 12039  4380] [] 1716267141.4211859703
[ 1 -1  1 -1 -1 -1 -1 -1 -1  1  1 -1 -1 -1 -1 -1 -1 -1  1 -1 -1 -1 -1 -1
  1] [ 2  3 10 11 12 15 18 19 20 21 23 26 27 28 29 34 35 36 37 42 44 45 46 52
 53] [15003  6849  3156  3191 14938 12901  5164  2714  4527  8332 13003  3409
  4881  3278  4061  4058  6272  3501 11408  6531  3665  5791  5962 14783
  4370] [] 1716267141.4641284943
[-1 -1 -1 -1 -1 -1 -1  1  1  1 -1 -1 -1 -1 -1 -1 -1 -1 -1 -1  1 -1 -1] [ 2  3 10 11 15 18 19 20 21 23 26 27 28 29 34 35 36 37 42 44 45 46 53] [15039  7159  3226  3585 12981  5239  2871  4516  8254 12978  3470  4995
  3575  4079  4276  6584  3902 12231  6981  3765  5780 10497  4859] [] 1716267141.5070226192
[-1 -1  1 -1  1 -1  1 -1  1  1 -1 -1 -1  1 -1  1 -1 -1 -1 -1 -1 -1 -1] [ 2  3 10 11 15 18 19 20 21 23 26 27 28 29 34 35 36 37 42 44 45 46 53] [15403  7405  3204  3835 12480  5380  2847  4607  8142 12832  3644  5024
  3722  4071  4600  6452  4142 12341  9963  4282  5956 10793  6316] [] 1716267141.5500152111
[ 1 -1 -1 -1 -1 -1 -1 -1 -1  1 -1 -1 -1 -1 -1 -1 -1 -1 -1 -1 -1 -1 -1] [ 2  3 10 11 15 18 19 20 21 23 26 27 28 29 34 35 36 37 42 44 45 46 53] [15071  9938  3498  4216 12762  6782  2928  5036  8282 12823  4231  5238
  4688  4161  5652  6657  4387 12676 11382  4515  6061 11353  8902] [] 1716267141.5929741859
[ 1 -1 -1 -1 -1 -1 -1  1 -1 -1 -1 -1 -1 -1 -1 -1  1 -1  1] [ 2 10 11 15 18 19 20 21 23 26 27 28 29 34 35 36 37 44 45] [14995  3626  4851 12812  6857  3021  5771  8206 13009  4477  5292  5410
  4315  5939  6792  4899 12646  4720  5953] [] 1716267141.6360325813
[ 1 -1 -1 -1 -1 -1 -1 -1  1 -1  1 -1 -1 -1 -1 -1 -1 -1 -1] [ 2 10 11 15 18 19 20 21 23 26 27 28 29 34 35 36 37 44 45] [14667  3792  4946 12890  6917  3071  6125  8214 12981  4663  5246  6417
  4403  6345  6916  5273 12986  5220  6293] [] 1716267141.6790373325
[ 1 -1 -1  1 -1 -1 -1 -1 -1 -1 -1 -1 -1 -1 -1 -1 -1 -1 -1] [ 2 10 11 15 18 19 20 21 23 26 27 28 29 34 35 36 37 44 45] [14611  4271  5224 12881  7227  3182  6236  9603 13087  5309  5393  8601
  4855  6479  7219  6036 13439  5566  6447] [] 1716267141.7217986584
[ 1 -1 -1 -1 -1  1 -1  1 -1 -1 -1  1 -1 -1 -1 -1 -1 -1] [ 2 10 11 15 18 19 20 21 23 26 27 28 29 34 35 36 44 45] [14327  4773  5868 13098  7251  3182  6359  9568 13091  6829  5489  8561
  5711  7355  8820  6584  6657  8023] [] 1716267141.7650275230
[-1 -1 -1 -1 -1 -1 -1  1 -1 -1 -1 -1 -1 -1 -1 -1 -1 -1] [ 2 10 11 15 18 19 20 21 23 26 27 28 29 34 35 36 44 45] [16219  5197  6141 13353  7406  3337  6574  9537 13247  7923  5563 10436
  5939  8857 13089  7834 10667 10379] [] 1716267141.8080556393
[-1 -1 -1 -1 -1 -1  1 -1 -1  1 -1 -1 -1 -1 -1] [10 11 18 19 20 21 23 26 27 28 29 34 35 36 44] [ 5701  6798  7464  3379  6847  9714 13028  8273  5775 10412  7086  9130
 15987  9661 12332] [] 1716267141.8508131504
[-1 -1 -1 -1 -1 -1 -1 -1 -1  1 -1 -1 -1 -1] [10 11 18 19 20 21 23 26 27 28 29 34 36 44] [ 6197  7016  7667  3509  7133  9765 13099  8311  6580 10354  8202 11458
 13215 12701] [] 1716267141.8937349319
[-1 -1 -1 -1 -1 -1 -1 -1 -1 -1 -1 -1 -1 -1] [10 11 18 19 20 21 23 26 27 28 29 34 36 44] [ 6591  8573  7902  3615  8245 10001 13329  8752  6816 10527  8522 12130
 13519 13198] [] 1716267141.9370062351
[-1 -1 -1 -1 -1 -1 -1 -1 -1 -1 -1  1] [10 11 18 19 20 21 26 27 28 29 36 44] [ 7053  8689  8802  3756 10920 10189 10242  7363 10642 10558 13621 13109] [] 1716267141.9799647331
[-1 -1 -1 -1  1 -1 -1  1 -1  1 -1 -1] [10 11 18 19 20 21 26 27 28 29 36 44] [ 7303  8767 10826  3806 10914 10206 13054  7230 10818 10493 13820 13127] [] 1716267142.0229499340
[-1 -1 -1 -1 -1 -1 -1 -1 -1  1] [10 11 19 20 21 27 28 29 36 44] [ 8253  8823  4067 11503 10569  8200 11221 10904 14667 13114] [] 1716267142.0659890175
[-1 -1 -1 -1 -1 -1 -1 -1 -1] [10 11 19 20 21 27 28 29 44] [ 9211  8941  4356 12129 11059  8383 11302 11471 13207] [] 1716267142.1088879108
[-1 -1 -1 -1 -1 -1 -1 -1] [10 11 19 20 21 27 28 29] [ 9720  9159  4630 12246 11260  8611 11455 11539] [] 1716267142.1519274712
[-1 -1 -1 -1 -1 -1 -1 -1 -1] [10 11 19 20 21 27 28 29 44] [12038  9183  5110 13988 11575  8974 11458 11746 14221] [] 1716267142.1949419975
[-1 -1 -1 -1  1] [11 19 20 27 28] [ 9387  6372 14308 12624 11333] [] 1716267142.2378916740
[-1 -1 -1 -1 -1] [11 19 20 27 28] [ 9719  7288 14680 12652 11575] [] 1716267142.2808911800
[-1 -1 -1 -1] [11 19 27 28] [ 9741 10349 12807 11629] [] 1716267142.3239459991
[-1 -1 -1 -1] [11 19 20 28] [10049 10583 15171 12298] [] 1716267142.3668229580
[-1  1] [11 28] [10958 11566] [] 1716267142.4099256992
[1] [28] [11530] [] 1716267142.4529492855
[-1] [28] [11658] [] 1716267142.4958846569
[1] [28] [11648] [] 1716267142.5389604568
2 2 2 1716267142.5392005444
