FA TAX ADC PRES TS
[-1] [19] [10484] [] 1716267464.4668962955
[-1 -1 -1] [11 19 28] [10570 10724 12015] [] 1716267464.5099461079
[-1 -1 -1] [11 19 28] [10584 10879 12039] [] 1716267464.5528860092
[ 1  1 -1  1] [11 19 20 28] [10215 10621 16181 11762] [] 1716267464.5959787369
[ 1  1  1 -1  1] [11 19 20 27 28] [ 9785 10121 16032 13328 11556] [] 1716267464.6389546394
[1 1 1 1 1] [11 19 20 27 28] [ 9609  7918 15774 12777 11307] [] 1716267464.6820008755
[1 1 1 1 1] [11 19 20 27 28] [ 9361  7033 15113 12709 11219] [] 1716267464.7249512672
[ 1  1  1 -1 -1 -1] [11 19 20 27 28 29] [ 9145  6269 14427 12928 11267 12105] [] 1716267464.7679939270
[-1  1  1  1 -1 -1  1  1] [10 11 19 20 21 27 28 29] [15422  9131  5660 13575 11737 12999 11263 11770] [] 1716267464.8110036850
[ 1 -1 -1 -1  1  1 -1 -1  1] [10 11 18 19 20 21 27 28 29] [15259  9243 13008  5677 13305 11587 13208 11461 11645] [] 1716267464.8539183140
[1 1 1 1 1 1 1 1 1] [10 11 18 19 20 21 27 28 29] [13138  9109 11928  5267 12782 11280 13138 11268 11438] [] 1716267464.8968551159
[ 1 -1  1  1  1  1 -1 -1  1  1 -1] [10 11 18 19 20 21 26 27 28 29 44] [12616  9135 11345  5107 12478 11082  9812 13162 11057 11155 14989] [] 1716267464.9400782585
[ 1  1  1  1  1  1  1  1 -1  1  1] [10 11 18 19 20 21 26 27 28 29 44] [10466  8683 11010  4880 11526 10942  9383 13109 11089 11088 13581] [] 1716267464.9830753803
[ 1  1  1  1  1  1  1  1 -1  1  1] [10 11 18 19 20 21 26 27 28 29 44] [ 9940  7694 10964  4783 11151 10736  9118 11690 11121 10686 13062] [] 1716267465.0259573460
[1 1 1 1 1 1 1 1 1 1 1] [10 11 18 19 20 21 26 27 28 29 44] [ 9137  6397 10689  4586 10901 10613  8933 10734 10839 10518 13004] [] 1716267465.0688447952
[ 1  1  1  1  1  1  1  1  1  1 -1  1] [10 11 18 19 20 21 26 27 28 29 35 44] [ 8870  5232 10494  4397 10498 10511  8629 10463 10655 10312 16025 10154] [] 1716267465.1120145321
[ 1  1 -1  1  1  1  1  1 -1  1  1  1] [10 11 18 19 20 21 26 27 28 29 35 44] [ 8766  5159 10529  4264 10176 10366  7730 10441 10712  8923 15342  8719] [] 1716267465.1549813747
[ 1  1  1  1  1  1  1  1  1  1  1  1 -1] [10 11 18 19 20 21 26 27 28 29 35 44 45] [ 8112  4383  9579  4058 10018 10260  7150 10011 10538  8094 14365  8577
 12070] [] 1716267465.1979470253
[ 1  1  1  1  1  1 -1  1  1  1  1 -1  1 -1  1  1] [10 11 18 19 20 21 23 26 27 28 29 34 35 36 44 45] [ 6902  3862  8247  3993  9846 10165 14724  6024  8199  9368  7965 16013
 12161 13277  7018 11758] [] 1716267465.2409908772
[1 1 1 1 1 1 1 1 1 1 1 1 1 1 1 1] [10 11 18 19 20 21 23 26 27 28 29 34 35 36 44 45] [ 6455  3639  8169  3863  9793 10056 13508  5523  7862  8123  7545 15465
 11786 11293  6067  7493] [] 1716267465.2839987278
[ 1  1  1  1  1  1  1  1  1  1  1  1  1  1 -1 -1  1  1] [10 11 18 19 20 21 23 26 27 28 29 34 35 36 37 42 44 45] [ 6100  3459  7994  3793  9663  9907 13119  5220  7755  7775  7412 13777
  8783  8773 16326 14237  5670  6838] [] 1716267465.3270075321
[ 1  1  1  1  1 -1  1 -1  1  1  1  1  1  1  1  1  1  1] [10 11 18 19 20 21 23 26 27 28 29 34 35 36 37 42 44 45] [ 5832  3305  7935  3734  7373  9921 12892  5247  7704  7118  7229 10340
  8320  7650 13605 12390  4940  6500] [] 1716267465.3698647022
[ 1  1 -1  1  1  1  1  1  1  1  1  1  1  1  1  1  1  1  1] [10 11 15 18 19 20 21 23 26 27 28 29 34 35 36 37 42 44 45] [ 4944  3231 14103  6725  3626  5991  9753 12829  4689  7681  5581  7161
  9980  7173  6847 13021 11095  4626  6355] [] 1716267465.4128868580
[ 1  1  1  1  1  1  1 -1  1  1  1  1  1  1  1 -1  1  1 -1 -1] [10 11 15 18 19 20 21 23 26 27 28 29 34 35 36 37 42 44 45 53] [ 4813  3126 13524  6579  3558  5662  9699 12843  4313  7536  4752  5672
  9687  7012  6274 13129  9480  4579  6417 11431] [] 1716267465.4559521675
[1 1 1 1 1 1 1 1 1 1 1 1 1 1 1 1 1 1 1 1] [10 11 15 18 19 20 21 23 26 27 28 29 34 35 36 37 42 44 45 53] [ 4518  3007 13031  6471  3490  5075  9631 12837  4014  7384  4285  5221
  8287  6805  5945 12726  6648  4332  6240  8562] [] 1716267465.4990465641
[ 1  1  1  1  1  1 -1  1  1  1  1  1  1  1  1 -1  1  1  1  1] [10 11 15 18 19 20 21 23 26 27 28 29 34 35 36 37 42 44 45 53] [ 4281  2889 13003  6375  3414  4670  9657 12739  3771  7297  4085  4607
  6719  6588  5543 12914  4957  4047  6056  5635] [] 1716267465.5420978069
[ 1  1  1  1  1  1 -1 -1  1  1  1  1 -1  1  1  1  1  1  1 -1  1] [10 11 15 18 19 20 21 23 26 27 28 29 34 35 36 37 42 44 45 46 53] [ 3965  2786 12938  5288  3300  4571  9704 12928  3554  7187  3687  4495
  7148  6469  4858 12656  3980  3878  6029 13200  5103] [] 1716267465.5851919651
[ 1  1  1  1  1  1 -1  1  1  1  1  1  1  1  1 -1  1  1  1  1  1] [10 11 15 18 19 20 21 23 26 27 28 29 34 35 36 37 42 44 45 46 53] [ 3894  2712 12797  4759  3215  4456  9777 12924  3531  7114  3361  4463
  6253  6308  4606 12901  3750  3750  6010  9535  4598] [] 1716267465.6279983521
[-1  1  1 -1  1  1  1 -1  1  1 -1  1  1  1 -1  1  1  1  1  1  1 -1  1] [ 3 10 11 15 18 19 20 21 23 26 27 28 29 34 35 36 37 42 44 45 46 52 53] [13396  3858  2565 13374  4155  3128  4421  9980 12827  3312  7163  3234
  4347  5384  6656  4363 12338  3393  3499  5805  8217 15031  4308] [] 1716267465.6710526943
[ 1  1  1 -1 -1  1  1  1  1  1  1  1  1  1 -1  1 -1 -1  1  1  1  1 -1  1
  1] [ 3 10 11 15 18 19 20 21 23 26 27 28 29 34 35 36 37 38 42 44 45 46 51 52
 53] [ 7457  3848  2532 13621  4157  3069  4398  9926 12726  3193  7101  3097
  4275  5141  6956  4258 12816 13049  3348  3336  5371  7749 11383 13351
  4265] [] 1716267465.7139856815
[ 1  1  1 -1  1  1  1 -1 -1  1  1  1  1  1  1  1  1  1 -1  1  1  1  1  1
  1] [ 3 10 11 15 18 19 20 21 23 26 27 28 29 34 35 36 37 38 42 44 45 46 51 52
 53] [ 6304  3804  2485 14299  4002  3008  4311  9948 12744  3073  6959  2813
  3977  4969  6566  4118 10280 11443  3355  3247  4569  7675 11073 12923
  3972] [] 1716267465.7570562363
[ 1  1  1 -1  1  1  1  1  1  1  1  1  1  1  1  1  1  1  1  1  1  1 -1  1
  1 -1 -1 -1] [ 3 10 11 15 18 19 20 21 23 26 27 28 29 34 35 36 37 38 42 44 45 46 47 51
 52 53 54 61] [ 5617  3716  2446 14365  3911  2979  4213  9777 12722  3022  6952  2753
  3942  4762  6420  4034  9814  9103  3104  3224  4481  6905 11874  8344
 10939  4160 12085  7881] [] 1716267465.8000211716
[ 1  1  1  1  1  1  1  1 -1  1  1  1 -1 -1 -1 -1  1  1  1  1  1  1  1  1
  1  1  1  1  1] [ 3 10 11 15 18 19 20 21 23 26 27 28 29 32 34 35 36 37 38 42 44 45 46 47
 51 52 53 54 61] [ 5343  3637  2407 14187  3831  2923  4143  9109 12833  2947  6858  2582
  3976 11354  4767  6957  3819  9256  8966  2949  3160  4328  6811  7523
  8296  8859  3908 11872  7100] [] 1716267465.8431096077
[ 1  1  1  1  1  1  1  1 -1  1  1  1  1  1  1  1 -1 -1 -1  1  1  1  1  1
 -1  1  1  1  1  1] [ 3 10 11 15 18 19 20 21 23 26 27 28 29 32 34 35 36 37 38 42 44 45 46 47
 50 51 52 53 54 61] [ 5146  3616  2343 13477  3417  2879  4100  7207 12905  2782  6241  2519
  3957 10815  4395  6776  3821  9453  8967  2845  3133  4185  6342  6029
 14755  8265  8644  3736 11825  6967] [] 1716267465.8860502243
[ 1  1  1 -1  1  1  1  1 -1  1  1  1  1  1  1 -1  1  1  1 -1  1  1  1  1
  1 -1  1  1  1  1  1] [ 3 10 11 15 18 19 20 21 23 26 27 28 29 32 34 35 36 37 38 41 42 44 45 46
 47 50 51 52 53 54 61] [ 5111  3552  2292 13603  3167  2834  4055  6983 13077  2754  6169  2468
  3943 10714  4291  6986  3538  9290  8713 14559  2670  2916  3912  5711
  5177 14862  8088  7420  3550  8646  6818] [] 1716267465.9290473461
[ 1  1  1  1  1 -1  1  1 -1  1  1  1  1  1  1  1  1  1  1  1 -1 -1  1  1
  1  1  1 -1  1  1  1  1] [ 3 10 11 15 18 19 20 21 23 26 27 28 29 32 34 35 36 37 38 41 42 43 44 45
 46 47 50 51 52 53 54 61] [ 4922  3393  2167 13447  2945  2837  3653  6849 13095  2667  6015  2369
  3851 10244  4019  6884  3333  9039  8696 14499  2767 15061  2849  3716
  5566  4505  7938  8182  7380  3330  7341  6518] [] 1716267465.9720301628
[ 1  1  1 -1  1  1  1  1  1 -1  1  1  1  1  1  1  1  1  1  1  1  1  1  1
  1  1  1  1 -1  1  1  1  1] [ 3 10 11 12 15 18 19 20 21 23 26 27 28 29 32 34 35 36 37 38 41 42 43 44
 45 46 47 50 51 52 53 54 61] [ 4842  3288  2123 14789 13419  2915  2768  3583  6823 13121  2655  5771
  2265  3804 10181  3903  6096  3234  8922  8665 14451  2684 13818  2829
  3626  5470  4242  6313  8232  7218  3204  6073  6413] [] 1716267466.0151381493
[-1  1  1  1  1 -1  1  1  1  1  1  1  1  1 -1 -1  1  1  1 -1  1  1  1  1
  1  1  1  1  1  1  1  1  1  1] [ 1  3 10 11 12 15 18 19 20 21 23 26 27 28 29 32 34 35 36 37 38 41 42 43
 44 45 46 47 50 51 52 53 54 61] [15087  4756  3224  2063 14460 13463  2858  2741  3393  6135 13106  2631
  5503  2223  3825 10302  3621  6086  3103  8957  8631 14263  2633 13628
  2702  3544  5417  3992  5797  7179  6632  3069  5896  6296] [] 1716267466.0580534935
[ 1  1  1  1  1  1  1  1  1 -1  1  1  1  1  1  1  1  1  1  1  1  1  1  1
  1  1  1  1  1  1  1  1  1  1] [ 1  3 10 11 12 15 18 19 20 21 23 26 27 28 29 32 34 35 36 37 38 41 42 43
 44 45 46 47 50 51 52 53 54 61] [15078  4680  3052  1999 14408 13431  2773  2674  3319  6139 13070  2575
  5482  2131  3654  8063  3243  6061  2848  8386  6627 14157  2440 13397
  2560  3441  5341  3530  5243  6581  5988  2814  5542  6046] [] 1716267466.1010534763
[ 1 -1  1  1  1 -1  1  1  1  1  1  1  1  1  1  1  1  1  1  1  1  1  1  1
 -1  1  1  1 -1  1 -1 -1  1  1 -1 -1 -1] [ 1  3 10 11 12 13 15 18 19 20 21 23 26 27 28 29 32 34 35 36 37 38 41 42
 43 44 45 46 47 50 51 52 53 54 55 60 61] [14935  4695  3008  1939 14386 14470 13357  2722  2658  3242  5423 13026
  2551  5409  2083  3592  7633  3135  5908  2684  8205  6397 13940  2403
 13416  2374  3301  5279  3541  5180  6841  6148  2803  5452 11797 13092
  6170] [] 1716267466.1440930367
[ 1  1 -1  1 -1  1 -1  1 -1  1  1 -1 -1  1 -1  1  1 -1 -1  1 -1  1  1  1
  1  1 -1  1  1  1  1  1  1  1  1  1  1  1  1] [ 1  3 10 11 12 13 15 18 19 20 21 23 24 26 27 28 29 32 33 34 35 36 37 38
 41 42 43 44 45 46 47 50 51 52 53 54 55 60 61] [14410  4675  3272  1914 14591 13953 14623  2705  2661  3124  5359 13208
 14828  2479  5444  2075  3592  7770 12775  3109  6410  2654  7611  5800
 10139  2307 13419  2330  3136  5228  3354  4792  6477  5923  2740  5042
  8307 12932  6154] [] 1716267466.1871066093
[ 1  1  1  1  1  1 -1  1  1  1  1  1  1  1  1  1  1  1  1  1  1  1  1  1
  1  1 -1  1  1  1  1 -1  1  1  1  1  1  1  1] [ 1  3 10 11 12 13 15 18 19 20 21 23 24 26 27 28 29 32 33 34 35 36 37 38
 41 42 43 44 45 46 47 50 51 52 53 54 55 60 61] [13869  4201  3178  1883 14575 13643 14703  2653  2584  3060  5350 13098
 12380  2405  5386  2016  3197  7014 12592  3031  5993  2559  6638  4892
 10076  2254 13436  2270  2901  5200  3244  4898  6427  5518  2648  4636
  6684  9937  6126] [] 1716267466.2300288677
[-1  1  1  1  1  1 -1  1  1  1  1  1  1  1  1  1 -1  1  1  1  1  1  1  1
  1  1 -1 -1  1  1  1  1 -1  1  1  1  1  1  1] [ 1  3 10 11 12 13 15 18 19 20 21 23 24 26 27 28 29 32 33 34 35 36 37 38
 41 42 43 44 45 46 47 50 51 52 53 54 55 60 61] [14607  3853  3172  1879 12471 13607 14903  2511  2506  2985  5300 13050
 12013  2366  5284  1974  3229  6807 12390  2859  5752  2479  6495  4536
  9497  2186 13927  2324  2693  5151  3010  4440  6532  5272  2595  4439
  5382  8677  6081] [] 1716267466.2729759216
[ 1  1 -1  1  1  1 -1  1  1  1  1 -1  1  1  1  1  1  1  1  1  1  1 -1  1
  1  1 -1  1  1  1  1  1  1  1 -1  1  1  1  1] [ 1  3 10 11 12 13 15 18 19 20 21 23 24 26 27 28 29 32 33 34 35 36 37 38
 41 42 43 44 45 46 47 50 51 52 53 54 55 60 61] [13935  3649  3192  1834 11646 13140 15055  2509  2484  2905  5299 13487
 11616  2343  5272  1921  3039  6288 12293  2795  5396  2344  6507  4413
  9234  2169 13951  2256  2634  5035  2940  4148  6321  5032  2630  4323
  4888  8440  6026] [] 1716267466.3161981106
[ 1  1  1  1 -1 -1  1  1 -1  1  1  1  1  1  1 -1  1  1 -1  1  1  1  1  1
  1  1  1 -1  1  1  1  1  1  1  1  1  1  1  1] [ 1  3 10 11 12 13 15 18 19 20 21 23 24 26 27 28 29 32 33 34 35 36 37 38
 41 42 43 44 45 46 47 50 51 52 53 54 55 60 61] [13778  3563  3192  1809 11662 13206 15023  2444  2487  2804  5290 13455
 11524  2323  5188  1929  3039  6232 12353  2777  5340  2296  6477  4348
  9139  2138 11563  2292  2615  4995  2906  4128  6320  4932  2581  4229
  4852  8279  6019] [] 1716267466.3591556549
[ 1  1  1  1  1 -1  1 -1  1  1  1 -1  1  1  1  1 -1 -1 -1  1  1  1  1 -1
 -1 -1  1  1  1  1 -1  1  1 -1 -1  1  1  1 -1] [ 1  3 10 11 12 13 15 18 19 20 21 23 24 26 27 28 29 32 33 34 35 36 37 38
 41 42 43 44 45 46 47 50 51 52 53 54 55 60 61] [13724  3455  3152  1803 11081 13328 14987  2446  2422  2801  5243 13459
 11410  2317  5068  1908  3077  6566 12377  2729  5278  2281  6413  4411
  9153  2151 11305  2248  2567  4884  2913  4108  6319  4960  2617  4169
  4832  8181  6022] [] 1716267466.4021947384
[ 1 -1 -1  1  1  1 -1  1 -1  1  1 -1 -1 -1  1  1  1  1 -1  1  1 -1 -1  1
  1  1 -1 -1 -1 -1  1 -1  1  1  1 -1 -1  1 -1] [ 1  3 10 11 12 13 15 18 19 20 21 23 24 26 27 28 29 32 33 34 35 36 37 38
 41 42 43 44 45 46 47 50 51 52 53 54 55 60 61] [13552  3483  3208  1795 10986 13207 15039  2439  2450  2762  5230 13462
 11474  2319  5008  1902  3029  6508 12397  2723  5274  2282  6467  4387
  9100  2122 14003  2250  2611  4961  2911  4136  6235  4920  2596  4261
  5812  8040  6118] [] 1716267466.4451353550
[-1 -1  1 -1 -1 -1  1 -1  1 -1  1  1  1  1  1  1  1  1  1  1  1 -1  1 -1
  1 -1  1 -1 -1 -1 -1 -1 -1  1 -1 -1 -1 -1  1] [ 1  3 10 11 12 13 15 18 19 20 21 23 24 26 27 28 29 32 33 34 35 36 37 38
 41 42 43 44 45 46 47 50 51 52 53 54 55 60 61] [13555  3521  3170  1799 11078 13328 15007  2443  2426  2823  5225 13423
 11416  2303  5000  1881  3017  6465 12388  2719  5233  2303  6371  4496
  9100  2139 13997  2260  2751  5019  2980  4260  6257  4916  2621  4359
  6598  9425  6043] [] 1716267466.4881551266
[ 1 -1 -1 -1 -1  1 -1 -1 -1 -1 -1 -1 -1 -1 -1 -1 -1 -1  1 -1 -1 -1 -1 -1
 -1 -1  1 -1 -1  1 -1 -1 -1 -1  1 -1 -1 -1  1] [ 1  3 10 11 12 13 15 18 19 20 21 23 24 26 27 28 29 32 33 34 35 36 37 38
 41 42 43 44 45 46 47 50 51 52 53 54 55 60 61] [13539  3903  3172  1811 11725 13140 15103  2455  2453  2872  5311 13439
 11442  2347  5100  1893  3067  6592 12361  2773  5248  2339  6536  4608
  9338  2214 13587  2262  2845  5008  3044  4584  6347  5006  2605  4570
 16287 12842  5980] [] 1716267466.5311465263
[ 1 -1 -1 -1 -1 -1  1 -1 -1 -1  1  1 -1  1 -1 -1 -1 -1 -1 -1 -1 -1 -1 -1
 -1 -1  1 -1 -1 -1 -1 -1 -1 -1 -1 -1  1] [ 1  3 10 11 12 13 15 18 19 20 21 23 24 26 27 28 29 32 33 34 35 36 37 38
 41 42 43 44 45 46 47 50 51 52 53 54 61] [13514  4379  3192  1855 12447 13160 15047  2532  2564  2876  5259 12938
 11940  2309  5190  1939  3179  6607 12448  2815  5356  2386  6557  5196
 10102  2362 13469  2288  3030  5158  3233  5021  6408  5176  2682  4687
  5978] [] 1716267466.5741245747
[-1 -1  1 -1 -1 -1  1 -1  1 -1 -1  1 -1 -1  1 -1 -1 -1 -1 -1  1 -1  1 -1
 -1 -1 -1 -1 -1 -1 -1 -1 -1 -1 -1 -1 -1] [ 1  3 10 11 12 13 15 18 19 20 21 23 24 26 27 28 29 32 33 34 35 36 37 38
 41 42 43 44 45 46 47 50 51 52 53 54 61] [13518  4522  2912  1867 13976 13188 13695  2533  2537  2925  5310 12921
 12148  2357  5143  1983  3504  6926 12506  3023  5296  2505  6463  6280
 13998  2409 13499  2405  3206  5183  3504  5377  6470  5348  2756  5387
  6199] [] 1716267466.6171853542
[-1  1 -1 -1 -1  1  1 -1 -1 -1 -1  1 -1  1 -1 -1 -1 -1 -1 -1 -1 -1 -1 -1
 -1  1 -1 -1 -1 -1 -1 -1 -1 -1 -1 -1] [ 1  3 10 11 12 13 15 18 19 20 21 23 26 27 28 29 32 33 34 35 36 37 38 41
 42 43 44 45 46 47 50 51 52 53 54 61] [13603  4494  2964  1891 14416 13092 13615  2561  2557  2947  5323 12917
  2386  5130  1997  3569  6942 12609  3094  5496  2559  6917  7531 14411
  2438 13494  2544  3441  5479  4119 10237  7565  6304  3041  7253  6417] [] 1716267466.6601252556
[-1 -1 -1 -1  1 -1 -1 -1 -1 -1 -1  1 -1 -1 -1 -1 -1 -1 -1 -1 -1 -1 -1  1
 -1 -1 -1 -1 -1 -1 -1 -1 -1 -1 -1] [ 1  3 10 11 12 13 15 18 19 20 21 23 26 27 28 29 32 34 35 36 37 38 41 42
 43 44 45 46 47 50 51 52 53 54 61] [14335  4614  3090  1967 14328 14156 13771  2641  2611  3031  5958 12900
  2413  5223  2087  3684  7596  3343  5636  2736  7434  7804 14513  2429
 13573  2610  3545  5486  4628 14101  7633  6472  3091 11224  6509] [] 1716267466.7031373978
[-1 -1 -1 -1 -1 -1  1 -1 -1 -1  1  1 -1 -1 -1 -1 -1 -1 -1 -1 -1 -1 -1 -1
 -1 -1 -1 -1 -1 -1 -1 -1 -1] [ 1  3 10 11 12 13 15 18 19 20 21 23 26 27 28 29 32 34 35 36 37 38 42 43
 44 45 46 47 51 52 53 54 61] [15342  4683  3108  2019 14352 15873 13759  2698  2637  3204  5924 12881
  2425  5229  2143  3728  7823  3574  5638  2895  7451  8487  2488 13914
  2751  3702  5577  5586  8084  7176  3207 11857  6778] [] 1716267466.7461450100
[-1 -1  1 -1  1  1 -1 -1 -1 -1 -1 -1  1 -1 -1 -1 -1  1 -1 -1 -1 -1 -1 -1
 -1  1 -1 -1 -1] [ 1  3 10 11 12 15 18 19 20 21 23 26 27 28 29 32 34 35 36 37 38 42 44 45
 46 51 52 53 54] [16019  4964  3092  2035 14224 13613  2741  2677  3378  6591 12932  2514
  5176  2200  3773 10255  3737  5553  3040  7687  8543  2579  2846  3859
  6516  8056  7445  3405 12063] [] 1716267466.7891669273
[ 1 -1 -1 -1 -1 -1 -1 -1 -1 -1  1 -1 -1 -1 -1  1 -1 -1 -1 -1  1 -1 -1 -1
 -1 -1 -1 -1] [ 1  3 10 11 12 15 18 19 20 21 23 26 27 28 29 32 34 35 36 37 38 42 44 45
 46 51 52 53] [15795  7111  3152  2092 14420 13723  2919  2704  3687  6613 12753  2661
  5193  2257  3831 10156  3791  5581  3244  7892  8471  2671  2903  3966
  6521  8110 10359  3640] [] 1716267466.8321046829
[-1 -1 -1 -1  1 -1 -1 -1  1 -1 -1 -1 -1  1 -1 -1 -1 -1 -1 -1 -1 -1 -1 -1
 -1 -1] [ 3 10 11 12 15 18 19 20 21 23 26 27 28 29 34 35 36 37 38 42 44 45 46 51
 52 53] [14478  3185  2180 14505 13487  3159  2723  3747  6550 12834  2741  5253
  2351  3804  4228  5666  3356  8162  9759  2962  3115  4122  7781 10964
 11132  3875] [] 1716267466.8750202656
[-1  1 -1 -1 -1 -1 -1 -1 -1 -1 -1 -1 -1 -1 -1 -1 -1 -1 -1  1 -1 -1 -1 -1] [10 11 12 15 18 19 20 21 23 26 27 28 29 34 35 36 37 38 42 44 45 46 52 53] [ 3276  2178 15688 13559  3456  2761  3877  6553 12863  2867  5267  2437
  3841  4248  6316  3477  8525  9857  2986  3091  4317  7877 11235  4031] [] 1716267466.9180581570
[-1 -1 -1 -1 -1 -1 -1 -1  1 -1 -1 -1 -1 -1 -1 -1 -1 -1 -1 -1 -1 -1] [10 11 12 15 18 19 20 21 23 26 27 28 29 34 35 36 37 42 44 45 46 53] [ 3376  2282 16200 13719  3681  2819  4003  6746 12689  2935  5311  2603
  3864  4782  6492  3657  8654  3922  3340  5544 14046  5323] [] 1716267466.9610741138
[-1 -1 -1 -1 -1 -1 -1 -1 -1 -1 -1 -1 -1  1 -1 -1 -1 -1 -1 -1] [10 11 15 18 19 20 21 23 26 27 28 29 34 35 36 37 42 44 45 53] [ 3589  2367 13783  3807  2864  4266  9356 12734  3103  5397  2697  4111
  4903  6442  3718  8767  5527  3450  5697  6130] [] 1716267467.0040686131
[ 1 -1  1 -1 -1 -1  1  1 -1 -1 -1 -1 -1  1 -1 -1 -1 -1 -1] [10 11 15 18 19 20 21 23 26 27 28 29 34 35 36 37 42 44 45] [ 3488  2405 13130  3904  2918  4312  9210 12734  3207  5427  2781  4133
  5071  6332  3860 10484  8453  3696  5802] [] 1716267467.0468726158
[-1 -1  1 -1 -1 -1 -1  1 -1 -1 -1 -1 -1 -1 -1 -1 -1 -1 -1] [10 11 15 18 19 20 21 23 26 27 28 29 34 35 36 37 42 44 45] [ 3648  2427 12606  5157  3034  4388  9211 12622  3444  5485  3075  4228
  5672  6377  4202 11652 11260  3930  6013] [] 1716267467.0898149014
[-1 -1 -1 -1 -1 -1 -1 -1 -1 -1 -1 -1 -1 -1 -1 -1 -1 -1] [10 11 15 18 19 20 21 23 26 27 28 29 34 35 36 37 44 45] [ 3801  2489 13159  5578  3094  4448  9245 12656  3549  5659  3409  4507
  6638  6827  4562 12596  4159  6225] [] 1716267467.1328177452
[-1 -1 -1 -1 -1  1  1 -1 -1 -1 -1 -1  1 -1 -1 -1 -1] [10 11 18 19 20 21 23 26 27 28 29 34 35 36 37 44 45] [ 3963  2556  6122  3142  4543  9236 12467  3644  5711  3710  4556  7843
  6821  5150 12732  4411  7723] [] 1716267467.1758220196
[-1 -1 -1 -1 -1 -1 -1 -1 -1 -1 -1 -1 -1 -1 -1 -1 -1] [10 11 18 19 20 21 23 26 27 28 29 34 35 36 37 44 45] [ 4223  2640  6216  3238  5002  9356 12665  3991  5821  4089  4819  8429
  7062  5636 12882  5257 12050] [] 1716267467.2188420296
[-1 -1 -1 -1 -1 -1 -1 -1 -1 -1 -1 -1 -1 -1  1 -1] [10 11 18 19 20 21 23 26 27 28 29 34 35 36 37 44] [ 4699  2901  6467  3339  5282  9457 12816  4682  6583  5068  7040 11929
  7321  6749 12543  7278] [] 1716267467.2618203163
[-1 -1 -1 -1 -1 -1 -1 -1 -1 -1 -1 -1 -1 -1] [10 11 18 19 20 21 23 26 27 28 29 35 36 44] [ 5107  3138  6585  3414  5842  9607 13013  4969  6626  5812  7116 12296
  7105  8454] [] 1716267467.3047795296
[-1 -1 -1 -1 -1 -1 -1 -1 -1 -1 -1  1 -1 -1] [10 11 18 19 20 21 23 26 27 28 29 35 36 44] [ 5333  3312  7141  3465  6946  9673 13033  5083  6704  7283  7230 12052
  7613 12637] [] 1716267467.3478164673
[-1 -1 -1 -1 -1 -1 -1 -1 -1 -1 -1 -1 -1 -1] [10 11 18 19 20 21 23 26 27 28 29 35 36 44] [ 5685  3655  9641  3627  9502  9883 13538  6518  8289  8963  7863 13457
  9960 13159] [] 1716267467.3909878731
[-1 -1 -1 -1 -1  1 -1 -1 -1 -1 -1 -1] [10 11 18 19 20 21 26 27 28 29 35 36] [ 6229  4349  9909  3748  9714  9879  7661  8491 10309  7986 14059 11635] [] 1716267467.4340920448
[-1 -1 -1 -1 -1 -1 -1 -1  1 -1 -1 -1] [10 11 18 19 20 21 26 27 28 29 35 36] [ 6840  5295 10041  3950  9769 10073  8464  8610 10274  8145 14477 16173] [] 1716267467.4770257473
[-1 -1 -1 -1 -1 -1 -1 -1  1 -1] [10 11 18 19 20 21 26 27 28 29] [ 7051  8647 10696  4111  9982 10147  8929  9859 10072 10435] [] 1716267467.5200560093
[-1 -1 -1 -1 -1 -1 -1 -1 -1] [10 11 18 19 20 21 27 28 29] [ 7706  8667 10812  4242 10373 10593  9878 10367 10597] [] 1716267467.5630598068
[-1 -1 -1 -1 -1 -1 -1 -1 -1] [10 11 18 19 20 21 27 28 29] [ 8191  8867 11150  4719 11213 10950 11467 10751 11313] [] 1716267467.6060256958
[-1 -1 -1 -1 -1 -1 -1  1 -1] [10 11 18 19 20 21 27 28 29] [ 8536  8922 12164  4818 11700 11071 11607 10742 11459] [] 1716267467.6490421295
[-1 -1 -1 -1 -1 -1 -1] [10 11 19 20 21 27 28] [13938  8945  5089 12150 11268 12934 11015] [] 1716267467.6921002865
[-1 -1 -1 -1 -1] [11 19 20 27 28] [ 9094  6225 13322 13320 11091] [] 1716267467.7350471020
[-1 -1 -1 -1] [11 19 20 28] [ 9334  9138 15846 11337] [] 1716267467.7779686451
[-1 -1 -1] [11 19 28] [10141 10508 12322] [] 1716267467.8210036755
2 2 2 1716267468.0362946987
