FA TAX ADC PRES TS
[-1] [44] [13853] [] 1716267627.4555227757
[1] [44] [13487] [] 1716267627.4984815121
[1] [44] [10463] [] 1716267627.5414190292
[1] [44] [10022] [] 1716267627.5844936371
[1] [44] [9891] [] 1716267627.6274483204
[1] [44] [9690] [] 1716267627.6704654694
[1] [44] [9595] [] 1716267627.7135548592
[-1  1] [26 44] [13276  9369] [] 1716267627.7564370632
[1 1] [26 44] [13263  9279] [] 1716267627.7994163036
[-1 -1 -1 -1] [19 26 27 44] [10674 14061 13245  9522] [] 1716267627.8425776958
[-1  1  1  1 -1  1] [11 19 26 27 34 44] [11416 10621 13581 12916 12939  9452] [] 1716267627.8854613304
[ 1  1 -1  1 -1  1  1] [11 19 26 27 28 34 44] [10245 10568 13642 12719 12262 12109  9306] [] 1716267627.9284808636
[1 1 1 1 1 1 1] [11 19 26 27 28 34 44] [10027 10422 13417 12618 11903  9667  9220] [] 1716267627.9715328217
[ 1  1  1 -1  1  1  1] [11 19 26 27 28 34 44] [ 9720 10117 13380 12748 11643  9524  9134] [] 1716267628.0144970417
[ 1  1 -1 -1  1  1 -1  1] [11 19 26 27 28 34 35 44] [ 9554  9883 13382 12764 11504  9221 15224  9021] [] 1716267628.0575027466
[ 1  1  1 -1  1  1  1  1] [11 19 26 27 28 34 35 44] [ 9176  9708 13287 12768 11347  9142 14707  8769] [] 1716267628.1003999710
[-1  1  1 -1  1 -1  1 -1  1  1  1] [10 11 19 20 26 27 28 29 34 35 44] [15756  9145  7763 15902 13175 12896 11170 11472  9102 14625  7921] [] 1716267628.1435542107
[1 1 1 1 1 1 1 1 1 1 1] [10 11 19 20 26 27 28 29 34 35 44] [15231  9068  7614 15317 13072 12697 11075 11144  9085 14262  7696] [] 1716267628.1865491867
[ 1  1  1  1 -1 -1  1  1  1  1  1] [10 11 19 20 26 27 28 29 34 35 44] [11773  7256  7101 14622 13113 12711 10994 10812  9024 13817  7584] [] 1716267628.2295243740
[ 1  1  1  1 -1  1  1 -1  1  1  1  1 -1] [10 11 19 20 21 26 27 28 29 34 35 44 52] [10479  6203  6085 14296 12035 11644 12341 10995 10629  7989  9913  6129
 11411] [] 1716267628.2724528313
[ 1  1  1  1  1  1  1 -1 -1  1  1  1 -1  1] [10 11 19 20 21 26 27 28 29 34 35 44 45 52] [ 9492  5263  5393 14000 11566 11014 12209 11010 10652  7710  9320  5858
 12537  8561] [] 1716267628.3155369759
[ 1  1  1  1  1  1  1 -1  1 -1  1  1  1  1] [10 11 19 20 21 26 27 28 29 34 35 44 45 52] [ 9099  5033  5020 13353 11135 10545  9329 11105 10604  7748  9195  5348
 12252  8275] [] 1716267628.3585526943
[1 1 1 1 1 1 1 1 1 1 1 1 1 1] [10 11 19 20 21 26 27 28 29 34 35 44 45 52] [ 8880  4502  4691 13024 10974 10406  8991 10861 10518  7593  8954  4803
 11729  7832] [] 1716267628.4015488625
[ 1  1 -1  1  1  1  1  1 -1  1  1 -1 -1  1  1  1] [10 11 18 19 20 21 26 27 28 29 34 35 42 44 45 52] [ 8268  4121 10598  4434 12112 10727 10219  8176 10896  9435  6563  9001
 15457  4659 11547  7743] [] 1716267628.4444293976
[1 1 1 1 1 1 1 1 1 1 1 1 1 1 1 1] [10 11 18 19 20 21 26 27 28 29 34 35 42 44 45 52] [ 8061  4021 10558  4351 11831 10663 10166  8174 10825  9279  6329  8610
 14533  4293  8940  7226] [] 1716267628.4876437187
[ 1  1  1  1  1  1  1  1  1  1  1 -1  1  1  1  1] [10 11 18 19 20 21 26 27 28 29 34 35 42 44 45 52] [ 7568  3820 10199  4182 11388 10643  8897  7135 10729  8153  5539  8615
 13586  4051  7855  6508] [] 1716267628.5305707455
[1 1 1 1 1 1 1 1 1 1 1 1 1 1 1 1] [10 11 18 19 20 21 26 27 28 29 34 35 42 44 45 52] [ 6801  3519 10106  3986 11122 10376  8265  6945 10634  7880  4980  8257
 11283  3839  6901  5994] [] 1716267628.5735938549
[ 1  1  1  1  1  1  1  1  1  1  1  1  1  1  1  1 -1] [10 11 18 19 20 21 26 27 28 29 34 35 42 44 45 52 53] [ 6580  3415  8546  3912 10798 10307  8122  6819 10629  7761  4861  7576
  9517  3686  6723  5736 10854] [] 1716267628.6164364815
[ 1  1  1  1  1  1 -1  1  1  1  1  1  1  1  1  1 -1  1] [10 11 18 19 20 21 23 26 27 28 29 34 35 42 44 45 52 53] [ 6244  3214  6882  3886 10367 10046 15589  7964  6707  8560  7413  4575
  7420  6747  3311  6450  5750 10518] [] 1716267628.6596000195
[ 1  1  1  1 -1 -1  1  1  1  1  1 -1 -1 -1  1  1 -1 -1  1] [10 11 18 19 20 21 23 26 27 28 29 34 35 37 42 44 45 52 53] [ 6026  3146  6691  3754 10452 10082 15349  7885  6442  6547  7358  4596
  7846 16320  5519  3224  6484  5808  8518] [] 1716267628.7026195526
[ 1  1 -1  1  1  1 -1  1  1  1  1  1  1  1  1  1  1  1 -1  1  1] [10 11 15 18 19 20 21 23 26 27 28 29 34 35 37 42 44 45 51 52 53] [ 5741  3066 14383  6513  3742 10229 10232 13771  7803  6423  5655  5907
  4498  7602 13808  4599  3085  6259 11239  5576  7410] [] 1716267628.7456045151
[ 1  1  1  1  1  1  1  1  1  1  1  1  1 -1  1  1  1  1  1  1  1] [10 11 15 18 19 20 21 23 26 27 28 29 34 35 37 42 44 45 51 52 53] [ 4933  2896 13365  5396  3667  7110  9932 13316  7677  6369  4578  5714
  4434  8161 13556  4113  2936  6149 10809  5573  6015] [] 1716267628.7885367870
[ 1  1  1  1  1  1 -1  1 -1 -1  1  1  1  1  1  1  1  1 -1  1 -1  1] [10 11 15 18 19 20 21 23 26 27 28 29 34 35 37 42 44 45 46 51 52 53] [ 4516  2821 13243  4699  3607  6831 10096 13144  7751  6370  4001  5605
  4257  7147 13058  3684  2896  6002 13825 10516  5593  5893] [] 1716267628.8316111565
[ 1  1 -1  1  1  1  1  1  1  1  1  1  1  1 -1  1  1  1  1 -1  1  1] [10 11 15 18 19 20 21 23 26 27 28 29 34 35 37 42 44 45 46 51 52 53] [ 4408  2731 13499  4058  3502  6651 10030 13007  7576  6357  3582  5497
  3891  6892 13458  3474  2834  5608 12940 10535  5472  5886] [] 1716267628.8746249676
[ 1  1 -1  1 -1  1  1  1  1  1  1  1  1  1  1 -1  1  1  1  1  1  1  1 -1] [10 11 15 18 19 20 21 23 26 27 28 29 34 35 37 38 42 44 45 46 51 52 53 54] [ 4328  2675 13943  3924  3527  6421  9968 12925  6652  6263  3446  5413
  3674  6880 12996 14474  3192  2751  4827  9138 10532  5174  5813 11887] [] 1716267628.9175903797
[-1 -1  1  1  1  1  1 -1 -1  1  1  1 -1  1  1  1  1  1  1  1  1 -1  1  1
  1  1] [ 3 10 11 15 18 19 20 21 23 26 27 28 29 34 35 37 38 42 44 45 46 47 51 52
 53 54] [ 8527  4345  2673 13406  3875  3434  5841 10098 13027  5998  6189  3300
  5543  3331  6380 12640 13907  2879  2670  4515  8890  7876 10149  5010
  5647 11807] [] 1716267628.9605274200
[ 1  1  1 -1  1  1  1  1 -1  1 -1  1  1  1  1  1  1  1  1  1  1  1  1  1
 -1  1 -1] [ 3 10 11 15 18 19 20 21 23 26 27 28 29 34 35 37 38 42 44 45 46 47 51 52
 53 54 61] [ 7678  4269  2591 13669  3503  3389  4975  9857 13167  5349  6234  3001
  4601  3015  5933 12440  9261  2752  2610  4203  7701  6190  7649  4740
  5722  9637  7348] [] 1716267629.0036044121
[ 1  1  1  1  1  1  1 -1  1  1 -1  1  1  1  1 -1  1  1 -1 -1  1  1  1  1
  1  1  1  1] [ 3 10 11 15 18 19 20 21 23 26 27 28 29 34 35 37 38 42 43 44 45 46 47 51
 52 53 54 61] [ 5265  4096  2526 13419  3391  3341  4761 10132 13015  4605  6241  2894
  4338  2938  5868 12752  8869  2735 12113  2626  3845  7695  5341  7593
  4572  5246  7782  7056] [] 1716267629.0466737747
[ 1  1 -1 -1  1  1  1  1  1  1  1 -1 -1  1  1 -1 -1  1  1  1  1  1  1  1
  1  1  1  1  1  1] [ 3 10 11 12 15 18 19 20 21 23 26 27 28 29 34 35 36 37 38 42 43 44 45 46
 47 51 52 53 54 61] [ 5137  3986  2527 15458 13269  3131  3292  4727 10052 12908  4396  6278
  2895  3757  2852  5985 14695 12624  7472  2623 11841  2617  3668  7277
  4762  7549  4540  4767  6974  6815] [] 1716267629.0896289349
[-1  1  1  1  1  1  1  1  1  1 -1  1  1  1  1  1  1 -1 -1  1 -1  1  1  1
  1  1 -1 -1  1  1  1  1] [ 1  3 10 11 12 15 18 19 20 21 23 26 27 28 29 34 35 36 37 38 42 43 44 45
 46 47 50 51 52 53 54 61] [16187  4970  3936  2498 14928 11247  3053  3251  4523  9934 12953  4134
  6216  2765  3525  2727  5862 14958 12808  7316  2636 11607  2430  3410
  7230  4447 10473  7910  4528  4535  6690  6513] [] 1716267629.1326494217
[ 1  1  1  1 -1 -1  1  1  1  1  1  1 -1  1  1 -1  1 -1  1  1  1  1  1  1
  1  1  1  1  1  1  1  1  1] [ 1  3 10 11 12 15 18 19 20 21 23 26 27 28 29 32 34 35 36 37 38 42 43 44
 45 46 47 50 51 52 53 54 61] [14491  4931  3872  2461 15226 11453  2879  3143  4351  8700 12902  3815
  6280  2549  3430 12784  2511  6053 10143 11622  7272  2620 11574  2420
  3150  6603  4292 10336  7789  4322  4334  5829  6385] [] 1716267629.1756410599
[ 1  1  1  1  1  1  1  1  1  1 -1  1  1  1  1  1  1  1  1  1  1  1  1  1
  1  1  1  1  1  1  1  1  1] [ 1  3 10 11 12 15 18 19 20 21 23 26 27 28 29 32 34 35 36 37 38 42 43 44
 45 46 47 50 51 52 53 54 61] [14467  4693  3800  2459 14925 11443  2807  3116  4125  7527 12984  3722
  6218  2495  3384 10920  2459  5956  9771 11372  5915  2431 10741  2324
  3030  5912  4075  8863  7222  3994  3875  5143  6166] [] 1716267629.2186434269
[ 1  1  1  1  1  1  1  1  1  1 -1  1  1  1  1  1 -1  1 -1  1 -1  1 -1  1
  1  1  1 -1  1 -1  1 -1  1  1 -1 -1] [ 1  3 10 11 12 15 18 19 20 21 23 26 27 28 29 32 33 34 35 36 37 38 41 42
 43 44 45 46 47 50 51 52 53 54 55 61] [13981  4450  3546  2415 14357 11314  2660  3083  3462  7282 12995  3286
  6072  2415  3291 10391 12432  2319  6113  8223 12172  5838 14622  2406
  9479  2249  2879  5930  4073  8906  6244  4272  3736  4791 11255  6171] [] 1716267629.2616872787
[ 1  1 -1  1  1 -1  1  1  1  1 -1  1 -1  1  1  1  1  1 -1  1 -1  1 -1  1
  1  1  1  1  1  1  1  1  1 -1  1  1] [ 1  3 10 11 12 15 18 19 20 21 23 26 27 28 29 32 33 34 35 36 37 38 41 42
 43 44 45 46 47 50 51 52 53 54 55 61] [13834  4435  3737  2335 12639 12331  2621  3046  3418  7269 13102  3187
  6233  2383  3233 10239 12280  2287  6724  7415 13200  5604 14659  2362
  9422  2188  2797  5569  3788  7134  6000  4184  3615  4828  7178  6046] [] 1716267629.3046572208
[ 1  1  1  1  1 -1  1  1  1  1 -1  1  1  1  1 -1 -1  1  1  1  1  1  1  1
 -1  1  1  1  1  1  1  1  1  1  1 -1 -1] [ 1  3 10 11 12 15 18 19 20 21 23 26 27 28 29 32 33 34 35 36 37 38 41 42
 43 44 45 46 47 50 51 52 53 54 55 60 61] [13605  4319  3622  2247 12558 12471  2573  3018  3360  7181 13178  3128
  6097  2275  3193 10323 12287  2231  6042  6860 11272  5073 14458  2267
  9815  2168  2735  5382  3557  5848  5823  4160  3160  4187  6066 12667
  6054] [] 1716267629.3477034569
[-1  1 -1  1 -1  1 -1  1  1  1 -1 -1 -1  1 -1  1  1  1  1  1 -1  1  1  1
  1  1  1  1  1  1  1 -1  1  1  1  1  1] [ 1  3 10 11 12 15 18 19 20 21 23 26 27 28 29 32 33 34 35 36 37 38 41 42
 43 44 45 46 47 50 51 52 53 54 55 60 61] [13631  3549  3692  2233 12671 12319  2591  2995  3265  6571 13759  3134
  6113  2213  3204 10015 12237  2215  5772  5562 11930  4730 14197  2222
  9690  2092  2730  5351  3401  5476  5620  4200  3129  4027  5466 11264
  6023] [] 1716267629.3906695843
[ 1  1  1  1  1 -1 -1  1  1  1  1  1  1  1  1  1  1  1  1  1  1  1  1  1
  1 -1  1  1  1  1  1  1  1  1  1  1  1  1] [ 1  3 10 11 12 13 15 18 19 20 21 23 26 27 28 29 32 33 34 35 36 37 38 41
 42 43 44 45 46 47 50 51 52 53 54 55 60 61] [13619  3259  3604  2150 12309 14998 12435  2556  2924  3183  6559 13671
  3067  6062  2123  3167  9932 12197  2137  5742  5168 10171  4634 14135
  2220  9700  2080  2626  5145  3373  5378  5595  4020  3004  3950  5157
 11257  5995] [] 1716267629.4337015152
[ 1  1 -1  1  1  1  1  1 -1  1  1 -1  1 -1  1  1  1  1 -1  1  1  1  1 -1
  1  1  1  1  1  1  1  1  1 -1  1  1  1 -1] [ 1  3 10 11 12 13 15 18 19 20 21 23 26 27 28 29 32 33 34 35 36 37 38 41
 42 43 44 45 46 47 50 51 52 53 54 55 60 61] [13407  3197  3652  2123 12262 14888 12279  2520  2953  3172  6479 13785
  3025  6080  2110  3155  9810 12131  2175  5708  5130  9237  4414 14189
  2210  9651  2064  2623  5132  3327  5332  5594  3988  3009  3931  5120
 11108  6026] [] 1716267629.4765903950
[ 1 -1  1  1  1 -1  1  1  1 -1  1  1  1  1  1  1 -1 -1  1  1 -1  1  1 -1
  1 -1  1 -1 -1  1  1  1 -1 -1 -1  1  1  1] [ 1  3 10 11 12 13 15 18 19 20 21 23 26 27 28 29 32 33 34 35 36 37 38 41
 42 43 44 45 46 47 50 51 52 53 54 55 60 61] [12790  3253  3608  2123 12079 15008 12246  2503  2898  3191  6467 13703
  2923  5984  2100  3149  9814 12132  2139  5684  5171  8893  4367 14306
  2196  9679  2054  2637  5153  3320  5284  5501  3992  3024  3951  5112
 11095  5969] [] 1716267629.5196721554
[ 1 -1  1 -1 -1  1  1 -1 -1  1  1 -1  1  1 -1 -1  1  1 -1  1  1  1  1 -1
  1 -1 -1 -1  1 -1 -1 -1 -1  1 -1 -1 -1 -1 -1] [ 1  2  3 10 11 12 13 15 18 19 20 21 23 26 27 28 29 32 33 34 35 36 37 38
 41 42 43 44 45 46 47 50 51 52 53 54 55 60 61] [12500 15935  3243  3616  2126 11927 14533 12285  2533  2895  3181  6469
 13695  2875  6028  2117  3131  9786 12220  2123  5684  5106  8670  4484
 14281  2226  9725  2084  2623  5382  3506  5549  5670  3988  3040  4011
  6292 12800  5995] [] 1716267629.5627079010
[-1 -1  1 -1 -1 -1  1  1 -1 -1  1  1 -1  1 -1 -1  1  1 -1  1 -1 -1 -1 -1
 -1 -1 -1  1  1 -1 -1 -1 -1 -1 -1 -1  1] [ 1  3 10 11 12 13 15 18 19 20 21 23 26 27 28 29 32 33 34 35 36 37 38 41
 42 43 44 45 46 47 50 51 52 53 54 55 61] [13257  3639  3592  2127 12029 15000 12197  2501  2904  3187  6442 13695
  2899  5998  2139  3175  9567 12149  2155  5676  5108  8681  4662 14357
  2292  9835  2112  2617  5305  3529  6154  5844  4076  3107  4135 10869
  5924] [] 1716267629.6057083607
[ 1 -1 -1  1 -1 -1  1 -1  1  1 -1 -1 -1 -1  1  1 -1 -1 -1 -1 -1 -1 -1 -1
  1 -1 -1 -1 -1 -1 -1  1 -1  1 -1] [ 1  3 10 11 12 15 18 19 20 21 23 26 27 28 29 32 33 34 35 36 37 38 41 42
 43 44 45 46 47 50 51 52 53 54 61] [13137  4116  3648  2127 12191 12219  2483  2913  3161  6411 13715  3015
  6050  2172  3163  9420 12165  2187  5728  5638 10085  5423 14586  2349
  9743  2128  2643  5696  3687  8232  5907  3728  3430  4101  5929] [] 1716267629.6486506462
[ 1 -1  1 -1  1  1 -1 -1 -1 -1  1 -1  1 -1  1 -1 -1 -1  1 -1 -1  1 -1  1
 -1 -1 -1 -1 -1 -1 -1 -1 -1 -1] [ 1  3 10 11 12 15 18 19 20 21 23 26 27 28 29 32 33 34 35 36 37 38 42 43
 44 45 46 47 50 51 52 53 54 61] [13061  4359  3300  2178 12092 11167  2547  2933  3223  6428 13651  3055
  5961  2200  3128  9887 12213  2197  5236  5827 10584  5348  2413  9413
  2138  2720  5820  3972 10601  6971  3844  3969  5434  6111] [] 1716267629.6916420460
[-1 -1 -1 -1 -1 -1 -1 -1 -1 -1  1 -1 -1 -1 -1  1  1 -1 -1 -1 -1 -1  1 -1
 -1 -1 -1 -1 -1 -1 -1 -1 -1] [ 1  3 10 11 12 15 18 19 20 21 23 26 27 28 29 32 33 34 35 36 37 38 42 43
 44 45 46 47 51 52 53 54 61] [13198  4435  3304  2186 12770 11209  2565  2962  3317  6593 13216  3141
  6009  2255  3144  9667 12176  2261  5414  6142 10705  5633  2382  9617
  2234  2903  5897  4377  7158  3880  4050  6303  6284] [] 1716267629.7346489429
[-1 -1  1 -1 -1  1 -1 -1 -1 -1  1 -1  1 -1 -1 -1 -1 -1 -1 -1 -1 -1 -1 -1
 -1 -1 -1 -1 -1 -1 -1 -1 -1] [ 1  3 10 11 12 15 18 19 20 21 23 26 27 28 29 32 33 34 35 36 37 38 42 43
 44 45 46 47 51 52 53 54 61] [13355  4526  3296  2410 13474 10891  2623  3062  3427  7154 13151  3161
  5925  2379  3229 10517 12333  2287  5542  7486 11260  7000  2527 11573
  2370  3114  6121  4698  7607  4066  4385  7102  6535] [] 1716267629.7776606083
[-1 -1 -1  1 -1 -1 -1  1 -1 -1  1 -1 -1 -1 -1 -1 -1 -1 -1 -1 -1  1  1 -1
 -1 -1 -1 -1 -1 -1 -1 -1] [ 1  3 10 11 12 15 18 19 20 21 23 26 27 28 29 33 34 35 36 37 38 42 43 44
 45 46 47 51 52 53 54 61] [14762  4818  3584  2386 14336 11007  2750  3038  3695  8420 13001  3541
  5943  2431  3237 12419  2367  5588  9434 11556  7148  2523 11563  2530
  3248  7134  5405  7847  4194  4535  9122  6796] [] 1716267629.8206696510
[-1 -1 -1  1  1 -1 -1 -1 -1 -1  1 -1 -1 -1 -1 -1 -1 -1 -1 -1 -1 -1 -1 -1
 -1 -1 -1 -1 -1 -1 -1] [ 1  3 10 11 12 15 18 19 20 21 23 26 27 28 29 33 34 35 36 37 38 42 43 44
 45 46 47 51 52 53 54] [15866  7082  3658  2379 14264 11107  2847  3099  3808  9698 12875  3735
  5973  2571  3339 12523  2485  5600  9567 11584  8628  2709 11613  2635
  3637  7283  6651  8056  4328  4663 11296] [] 1716267629.8636486530
[ 1 -1 -1 -1 -1 -1 -1 -1 -1 -1  1 -1 -1 -1  1 -1 -1 -1 -1 -1  1 -1 -1 -1
 -1 -1 -1 -1 -1 -1] [ 1  3 10 11 12 15 18 19 20 21 23 26 27 28 29 33 34 35 36 37 38 42 43 44
 45 46 51 52 53 54] [15818  7511  3732  2425 14322 11141  2983  3118  4291  9732 12757  3827
  5975  2667  3339 12617  2569  5616  9746 11585  8399  2844 11710  2732
  4025  8512 10561  4688  4895 11841] [] 1716267629.9066262245
[-1  1 -1  1 -1 -1 -1  1 -1 -1 -1 -1 -1 -1 -1 -1 -1 -1  1 -1 -1 -1  1 -1
 -1] [10 11 12 15 18 19 20 21 23 26 27 28 29 34 35 36 37 38 42 44 45 46 51 52
 53] [ 3764  2409 14452 11015  3173  3161  4298  9665 12775  4191  6021  2774
  3511  2634  5648  9786 11776  8442  2844  2753  4243  9131 10451  4738
  5321] [] 1716267629.9496560097
[-1 -1 -1 -1 -1 -1 -1  1  1 -1 -1 -1 -1 -1  1 -1 -1 -1 -1 -1 -1 -1 -1 -1] [10 11 12 15 18 19 20 21 23 26 27 28 29 34 35 36 37 42 44 45 46 51 52 53] [ 3804  2439 14638 11167  3199  3205  4479  9573 12696  4765  6077  2841
  3553  2743  5552 12525 12572  3524  2863  4927 15222 10597  5065  5689] [] 1716267629.9925887585
[-1 -1 -1 -1 -1 -1 -1 -1 -1 -1 -1 -1 -1 -1 -1  1 -1 -1 -1 -1 -1 -1] [10 11 15 18 19 20 21 23 26 27 28 29 34 35 36 37 42 44 45 51 52 53] [ 4069  2571 13551  3634  3282  4683  9602 12774  5720  6146  3124  3957
  3082  5662 15808 11842  3762  2924  5845 10876  5153  7343] [] 1716267630.0355963707
[-1 -1 -1 -1 -1 -1 -1  1 -1  1 -1 -1 -1  1  1  1 -1 -1 -1  1 -1] [10 11 15 18 19 20 21 23 26 27 28 29 34 35 36 37 42 44 45 52 53] [ 4212  2575 13935  3901  3326  4787  9628 12765  6233  6133  3220  5069
  3279  5656 15629 11820  4277  2930  5977  5020  8463] [] 1716267630.0786800385
[-1 -1  1 -1 -1 -1  1 -1 -1  1 -1 -1 -1  1  1 -1 -1 -1 -1 -1] [10 11 15 18 19 20 21 23 26 27 28 29 34 35 37 42 44 45 52 53] [ 4320  2650 13591  4135  3401  6225  9425 12894  6495  6113  3314  6088
  3546  5638 11320  5319  3258  6113  5254 10988] [] 1716267630.1215958595
[-1 -1 -1 -1 -1  1  1 -1 -1 -1 -1 -1 -1 -1 -1 -1  1  1 -1] [10 11 18 19 20 21 23 26 27 28 29 34 35 37 42 44 45 52 53] [ 4438  2726  5417  3442  6443  9333 12858  7347  6155  3651  6147  3886
  5710 11854  6206  3493  6042  5202 14492] [] 1716267630.1644811630
[-1 -1 -1 -1 -1 -1 -1  1 -1 -1 -1 -1 -1 -1 -1 -1 -1 -1] [10 11 18 19 20 21 23 26 27 28 29 34 35 37 42 44 45 52] [ 4520  2909  6240  3528  6597  9547 12880  7319  6162  4312  6238  4095
  6133 12604 10117  3697  6103  5509] [] 1716267630.2075715065
[-1 -1 -1 -1 -1 -1 -1 -1 -1 -1 -1 -1 -1 -1 -1 -1 -1 -1] [10 11 18 19 20 21 23 26 27 28 29 34 35 37 42 44 45 52] [ 4905  2917  6331  3634  7520  9680 12929  7406  6174  5203  6283  4130
  6818 12927 11707  3810  6347  5899] [] 1716267630.2505722046
[-1 -1 -1 -1 -1 -1 -1 -1 -1 -1 -1 -1 -1 -1 -1 -1 -1] [10 11 18 19 20 21 23 26 27 28 29 34 35 42 44 45 52] [ 5694  3097  6541  3677  7880  9900 12990  7519  6283  7977  7254  4965
  7138 14385  4127  6719  6554] [] 1716267630.2935624123
[-1 -1 -1 -1 -1 -1 -1 -1 -1 -1 -1 -1  1 -1 -1 -1] [10 11 18 19 20 21 23 26 27 28 29 34 35 44 45 52] [ 5900  3209  7895  3801  9663  9934 13225  7697  6397  9833  7306  5239
  6894  4349  7061  7540] [] 1716267630.3365964890
[-1 -1 -1 -1 -1 -1 -1 -1 -1 -1 -1 -1 -1 -1 -1] [10 11 18 19 20 21 26 27 28 29 34 35 44 45 52] [ 6483  3405  8718  3855  9805 10046  7839  6452 10149  7834  5513  6899
  4686 11623  8367] [] 1716267630.3795447350
[-1 -1 -1 -1 -1 -1 -1 -1 -1 -1 -1  1 -1 -1] [10 11 18 19 20 21 26 27 28 29 34 35 44 52] [ 6800  4105 10192  3919 10030 10168  7955  6607 10278  7894  6015  6776
  4772  9463] [] 1716267630.4225463867
[-1 -1 -1 -1 -1 -1 -1 -1 -1  1 -1 -1 -1] [10 11 18 19 20 21 26 27 28 29 34 35 44] [ 7133  4233 10440  4099 10270 10484  8276  6617 10406  7871  6048  7436
  5017] [] 1716267630.4655556679
[-1 -1 -1 -1 -1 -1 -1 -1 -1 -1 -1  1 -1] [10 11 18 19 20 21 26 27 28 29 34 35 44] [ 7375  4489 10499  4259 10682 10494 10206  7381 10592  7994  7117  6926
  6226] [] 1716267630.5085058212
[-1 -1 -1 -1 -1 -1 -1 -1  1 -1 -1 -1 -1] [10 11 18 19 20 21 26 27 28 29 34 35 44] [ 7756  5088 11152  4583 11202 10795 10296  7586 10518 10201  7190  7037
  7271] [] 1716267630.5515241623
[-1 -1 -1 -1 -1 -1 -1 -1 -1 -1 -1 -1] [10 11 19 20 21 26 27 28 29 34 35 44] [ 7981  7142  4959 12102 10895 10519  7758 10696 10537  7790  7588  7670] [] 1716267630.5945658684
[-1 -1 -1 -1 -1 -1 -1 -1 -1 -1 -1 -1] [10 11 19 20 21 26 27 28 29 34 35 44] [ 8468  8796  5439 12576 11345 10562  8351 11034 10795  7987  8099  8724] [] 1716267630.6375331879
[-1 -1 -1 -1 -1 -1 -1 -1 -1 -1 -1] [10 11 19 20 26 27 28 29 34 35 44] [ 9067  8810  5779 13644 10629  8574 11147 11041  9214 11155  8831] [] 1716267630.6805536747
[-1 -1 -1 -1 -1 -1 -1 -1 -1 -1] [10 11 19 20 26 27 28 34 35 44] [13020  8914  6478 15039 12191  9077 11365  9406 11674  8879] [] 1716267630.7235305309
[-1 -1 -1 -1 -1 -1 -1 -1  1] [10 11 19 20 27 28 34 35 44] [13706  8952  7530 15266  9117 11390  9447 11943  8752] [] 1716267630.7665123940
[-1 -1 -1 -1  1 -1 -1] [11 19 27 28 34 35 44] [ 9054  9621  9543 11391  9435 13713  8887] [] 1716267630.8095109463
[-1 -1 -1 -1 -1 -1 -1 -1] [11 19 26 27 28 34 35 44] [ 9446  9725 14486 12265 11570 13091 13877  9239] [] 1716267630.8525290489
[-1 -1  1 -1  1 -1 -1] [11 19 26 27 34 35 44] [11370 10047 11083 12597 12834 15662 10007] [] 1716267630.8954772949
[-1 -1 -1 -1] [19 27 34 44] [10241 12676 13358 10171] [] 1716267630.9385077953
[ 1 -1] [34 44] [10253 13085] [] 1716267630.9814767838
[1] [34] [9574] [] 1716267631.0244760513
[1] [34] [9340] [] 1716267631.0674607754
[1] [34] [9287] [] 1716267631.1104722023
[-1] [34] [12813] [] 1716267631.1534447670
[-1] [42] [13321] [] 1716267631.2394559383
[1] [42] [13119] [] 1716267631.2824783325
[-1] [42] [13439] [] 1716267631.3254671097
2 2 2 1716267631.8846018314
