FA TAX ADC PRES TS
[-1] [11] [11977] [] 1716267558.8263118267
[1] [11] [11025] [] 1716267558.8692750931
[1] [11] [10801] [] 1716267558.9123601913
[1] [11] [10689] [] 1716267558.9552397728
[1] [11] [10232] [] 1716267558.9983065128
[1] [11] [9967] [] 1716267559.0412559509
[1] [11] [9923] [] 1716267559.0842466354
[1] [11] [9782] [] 1716267559.1273074150
[ 1 -1] [11 44] [ 9590 14499] [] 1716267559.1702802181
[-1  1] [11 44] [ 9644 13846] [] 1716267559.2132785320
[-1 -1  1] [11 27 44] [ 9668 13487 13122] [] 1716267559.2562649250
[1 1 1] [11 27 44] [ 9301 12969 13042] [] 1716267559.2993273735
[-1 -1 -1 -1] [11 21 27 44] [ 9355 14357 13360 13085] [] 1716267559.3424770832
[-1  1 -1  1] [11 21 27 44] [ 9407 13115 13407 12605] [] 1716267559.3854758739
[-1  1  1 -1 -1] [11 21 27 28 44] [ 9520 12255 13350 11991 12742] [] 1716267559.4284706116
[1 1 1 1 1] [11 21 27 28 44] [ 9321 11822 13244 11724 12643] [] 1716267559.4712820053
[ 1  1  1  1 -1  1] [11 21 27 28 35 44] [ 9209 11536 13181 11670 14401 12489] [] 1716267559.5143575668
[1 1 1 1 1 1] [11 21 27 28 35 44] [ 9049 11385 13115 11642 14136 12421] [] 1716267559.5574767590
[ 1  1  1  1  1 -1] [11 21 27 28 35 44] [ 8875 11160 12824 11357 13154 12436] [] 1716267559.6004562378
[ 1 -1  1  1  1  1  1] [11 20 21 27 28 35 44] [ 7446 15621 11084 11983 11333 11245 12294] [] 1716267559.6435034275
[ 1 -1  1  1 -1 -1 -1] [11 20 21 27 28 35 44] [ 7355 16224 11048 11185 11347 11326 12367] [] 1716267559.6864902973
[ 1  1  1  1  1  1 -1] [11 20 21 27 28 35 44] [ 7227 15810 10925  9155 11135 11301 12490] [] 1716267559.7293119431
[1 1 1 1 1 1 1] [11 20 21 27 28 35 44] [ 7171 14726 10806  8331 11100 10637 12415] [] 1716267559.7724282742
[ 1 -1  1  1 -1  1  1 -1] [11 19 20 21 27 28 35 44] [ 6232 10722 14437 10802  8438 11091  9586 12497] [] 1716267559.8153855801
[ 1  1  1  1  1  1  1 -1 -1] [11 19 20 21 27 28 35 44 47] [ 5257  9943 13817 10753  7401 10905  8514 12532 13765] [] 1716267559.8583321571
[ 1  1 -1  1  1  1  1  1  1] [11 19 20 21 27 28 35 44 47] [ 5181  9812 14557 10592  6811 10842  8322 12471 10125] [] 1716267559.9013171196
[-1 -1 -1  1 -1  1 -1  1 -1  1] [ 3 11 19 20 21 27 28 35 44 47] [ 8829  5242  9837 14154 10605  6668 10853  7995 12601  6933] [] 1716267559.9443511963
[ 1  1  1  1  1  1 -1  1 -1  1] [ 3 11 19 20 21 27 28 35 44 47] [ 8463  4703  9678 13622 10491  6515 10861  7637 12647  6485] [] 1716267559.9873335361
[ 1  1  1  1 -1  1  1  1  1  1] [ 3 11 19 20 21 27 28 35 44 47] [ 8459  4699  9664 13491 10502  6405 10846  7574 12297  5787] [] 1716267560.0303196907
[ 1 -1  1  1  1  1  1  1  1  1] [ 3 11 19 20 21 27 28 35 44 47] [ 7406  5103  7797 13442 10418  6143 10802  6463 10024  5777] [] 1716267560.0734128952
[ 1 -1  1  1 -1 -1  1 -1  1  1  1] [ 3 11 19 20 21 26 27 28 35 44 47] [ 7242  5179  6901 11843 10444 10743  5767 10895  5708  9823  5636] [] 1716267560.1164793968
[ 1 -1  1 -1  1  1  1  1 -1  1  1] [ 3 11 19 20 21 26 27 28 35 44 47] [ 6908  5903  6724 12046  8841 10487  5607 10847  6592  9778  5439] [] 1716267560.1594223976
[1 1 1 1 1 1 1 1 1 1 1] [ 3 11 19 20 21 26 27 28 35 44 47] [ 6453  5168  6499 11480  8678 10334  5111 10751  5787  9663  4998] [] 1716267560.2024402618
[ 1  1  1  1  1 -1  1 -1  1 -1  1  1] [ 3 11 19 20 21 26 27 28 35 42 44 47] [ 5380  5092  6357 11436  8591 10557  4925 10797  5765 13344  9403  4625] [] 1716267560.2455153465
[ 1  1  1  1 -1  1  1  1  1 -1 -1 -1 -1] [ 3 11 19 20 21 26 27 28 35 42 44 47 50] [ 4799  5051  6302 11288  8640  8954  4821 10691  5486 14781  9505  4674
 14237] [] 1716267560.2885291576
[ 1 -1  1  1 -1  1 -1 -1 -1 -1  1  1  1 -1] [ 3 11 19 20 21 26 27 28 29 35 42 44 47 50] [ 4550  5080  6078 10989  8771  8659  4853 10810 11944  5508 12837  9422
  4465 14607] [] 1716267560.3315594196
[ 1  1  1  1  1  1  1  1  1 -1 -1  1  1  1 -1] [ 3 11 19 20 21 26 27 28 29 34 35 42 44 47 50] [ 3709  5029  5569 10735  8625  8582  4785 10655 11069 10712  5631 12596
  9330  4299 14963] [] 1716267560.3745858669
[ 1  1  1  1  1 -1 -1  1  1  1  1  1  1  1  1] [ 3 11 19 20 21 26 27 28 29 34 35 42 44 47 50] [ 3533  5018  5423 10641  8575  8584  4804 10605 11004 10595  5471 12252
  8338  4000 14941] [] 1716267560.4174695015
[ 1 -1 -1  1  1  1  1  1  1  1  1  1  1 -1  1  1  1 -1] [ 3  9 10 11 19 20 21 26 27 28 29 34 35 36 42 44 47 50] [ 3290 15281 15913  4576  5016 10446  8573  7922  4658 10426 10487  9907
  5438 16040 11537  8172  3798 15567] [] 1716267560.4605250359
[ 1  1  1  1  1  1  1  1  1 -1  1  1  1 -1 -1  1  1  1] [ 3  9 10 11 19 20 21 26 27 28 29 34 35 36 42 44 47 50] [ 3217 12108 13016  4332  4681 10261  8349  7604  4554 10517 10349  9725
  5356 16097 11610  7909  3513 15261] [] 1716267560.5035686493
[ 1  1 -1  1  1  1  1  1 -1 -1 -1  1  1  1  1  1 -1 -1  1] [ 3  9 10 11 19 20 21 26 27 28 29 34 35 36 42 44 46 47 50] [ 3149  9623 13074  4239  4562  8236  8317  6099  4629 10624 10411  9677
  5165 15488 11113  7825 10752  3562 12723] [] 1716267560.5465872288
[ 1  1 -1  1 -1  1  1 -1  1 -1  1 -1  1  1  1  1  1  1  1  1] [ 3  9 10 11 18 19 20 21 26 27 28 29 34 35 36 42 44 46 47 50] [ 2845  6842 13157  4198 11946  4378  8211  8367  5709  4657 10607 10461
  9662  5079 14631 10646  7448  9441  3548 12432] [] 1716267560.5896127224
[ 1  1  1  1  1  1  1  1  1 -1 -1  1  1  1  1  1  1 -1  1 -1] [ 3  9 10 11 18 19 20 21 26 27 28 29 34 35 36 42 44 46 47 50] [ 2697  6269 12992  4087  9528  4256  7883  8337  5131  4771 10670 10341
  7966  5027 14507 10646  6562  9987  3293 12717] [] 1716267560.6326034069
[ 1  1  1  1  1  1  1  1  1  1  1 -1  1  1 -1 -1 -1 -1  1  1  1] [ 3  9 10 11 18 19 20 21 26 27 28 29 34 35 36 42 44 45 46 47 50] [ 2605  5990 12978  4038  7581  4147  7670  8178  4833  4563 10390 10392
  6849  4967 14518 10663  6730 12249  8587  3202 11838] [] 1716267560.6756174564
[ 1  1  1  1  1  1  1  1  1  1  1 -1  1  1 -1  1  1  1  1  1 -1] [ 3  9 10 11 18 19 20 21 26 27 28 29 34 35 36 42 44 45 46 47 50] [ 2487  5617 12961  3955  6516  4065  7568  8150  4387  4350  9842 10401
  6416  4903 14563 10317  6428 11896  7179  3066 12153] [] 1716267560.7185933590
[-1  1  1 -1  1  1  1  1 -1  1  1  1  1  1  1 -1  1 -1  1  1 -1  1  1] [ 1  3  9 10 11 18 19 20 21 26 27 28 29 34 35 36 42 43 44 45 46 47 50] [15632  2404  5529 13192  3846  6271  3982  7530  8180  4241  4115  9147
 10360  6335  4786 14759  9521 13719  6199 10850  8074  2970 11447] [] 1716267560.7616450787
[ 1  1  1 -1  1 -1  1  1  1  1  1  1 -1  1  1  1  1  1 -1  1  1  1  1] [ 1  3  9 10 11 18 19 20 21 26 27 28 29 34 35 36 42 43 44 45 46 47 50] [15137  2385  5450 13594  3737  6285  3916  7380  8091  4135  4104  8400
 10418  5694  4766 14443  8027 12727  6205  9674  6149  2792 10542] [] 1716267560.8047139645
[ 1  1  1 -1  1  1  1 -1 -1  1  1  1  1 -1  1  1 -1 -1  1 -1 -1 -1  1 -1] [ 1  3  9 10 11 18 19 20 21 26 27 28 29 34 35 36 42 43 44 45 46 47 50 54] [15067  2255  5290 13936  3629  6019  3781  7397  8114  3844  4011  7439
 10334  5976  4693 14336  8061 12755  6010 10002  6221  2840  7262 12130] [] 1716267560.8476777077
[ 1  1  1 -1  1  1  1  1  1  1  1  1  1  1 -1 -1 -1  1 -1  1  1  1  1  1
 -1  1] [ 1  3  9 10 11 18 19 20 21 26 27 28 29 34 35 36 37 42 43 44 45 46 47 50
 51 54] [ 9818  2235  5277 14370  3519  5965  3736  7174  8068  3638  3880  7095
 10324  5530  4780 14638 16330  6968 12852  5590  7107  6075  2836  6766
 12329 11521] [] 1716267560.8906674385
[ 1  1 -1  1  1 -1  1  1 -1 -1  1  1  1  1  1 -1  1  1  1 -1  1  1  1  1
  1  1 -1] [ 1  3  9 10 11 12 18 19 20 21 26 27 28 29 34 35 36 37 42 43 44 45 46 47
 50 51 54] [ 7894  2184  5344  9457  3318 16270  4959  3648  7256  8149  3515  3850
  5577 10059  5450  4787 13102 14507  6482 13360  5540  6384  5969  2737
  6668 12193 11591] [] 1716267560.9336631298
[ 1  1  1  1  1  1  1  1  1  1  1  1  1  1  1  1  1  1  1  1  1 -1 -1  1
  1  1 -1  1] [ 1  3  9 10 11 12 18 19 20 21 26 27 28 29 34 35 36 37 42 43 44 45 46 47
 50 51 53 54] [ 6646  2147  5178  7871  3290 14836  4557  3567  6277  8113  3285  3734
  5113 10041  5302  4387 13020 14143  5887 13274  5465  6409  5987  2732
  6626 12047 13088 11437] [] 1716267560.9766664505
[ 1  1  1  1  1  1 -1  1  1 -1  1  1  1 -1  1  1  1  1  1 -1  1 -1  1  1
  1  1  1  1] [ 1  3  9 10 11 12 18 19 20 21 26 27 28 29 34 35 36 37 42 43 44 45 46 47
 50 51 53 54] [ 6565  2131  5031  7606  3173 14640  4559  3514  5959  8141  3249  3603
  4815 10105  5126  4347 12368 13244  5343 13509  5433  6415  5945  2672
  6485 12024 11023 11259] [] 1716267561.0196442604
[1 1 1 1 1 1 1 1 1 1 1 1 1 1 1 1 1 1 1 1 1 1 1 1 1 1 1 1] [ 1  3  9 10 11 12 18 19 20 21 26 27 28 29 34 35 36 37 42 43 44 45 46 47
 50 51 53 54] [ 6423  2089  4926  7485  3061 14438  4389  3414  5801  8051  3213  3518
  4399 10102  4574  4247 11930 13242  4526 13055  5324  6335  5918  2601
  6438 11855 10658  9180] [] 1716267561.0627152920
[ 1  1  1  1  1  1  1  1  1  1  1 -1  1  1  1  1  1  1  1 -1  1  1  1  1
  1  1  1  1] [ 1  3  9 10 11 12 18 19 20 21 26 27 28 29 34 35 36 37 42 43 44 45 46 47
 50 51 53 54] [ 5873  2042  4780  7407  2949 14244  4205  3385  5689  8021  3138  3535
  4140 10045  4436  4183 11322 13200  4047 13143  5189  6263  5534  2494
  5890 11737  6959  8432] [] 1716267561.1056914330
[ 1  1  1 -1  1 -1 -1  1  1  1 -1  1 -1  1  1  1  1  1  1 -1  1  1  1 -1
  1  1 -1  1  1  1] [ 1  3  9 10 11 12 15 18 19 20 21 26 27 28 29 34 35 36 37 41 42 43 44 45
 46 47 50 51 53 54] [ 5239  1983  4685  7411  2872 14342 13923  4071  3321  5527  8074  3104
  3566  3900  9969  4380  4151 10330 12915 14629  4034 12764  4543  6266
  5333  2456  6347 11699  6133  8144] [] 1716267561.1486587524
[ 1  1  1  1  1  1  1  1  1  1  1  1  1  1 -1 -1  1  1  1 -1  1  1 -1  1
  1  1  1  1  1  1  1] [ 1  3  9 10 11 12 15 18 19 20 21 26 27 28 29 34 35 36 37 38 41 42 43 44
 45 46 47 50 51 53 54] [ 4896  1975  4618  7411  2821 14242 13748  3887  3278  5428  7980  3067
  3523  3809 10031  4480  4139  9401 12911 10789 14461  3583 12807  4277
  6218  4878  2382  5756  9140  5355  6893] [] 1716267561.1916723251
[-1  1  1  1  1 -1  1  1  1  1  1  1  1  1  1  1  1  1 -1  1  1 -1  1  1
  1  1  1  1 -1 -1  1  1 -1] [ 1  3  9 10 11 12 15 18 19 20 21 26 27 28 29 34 35 36 37 38 41 42 43 44
 45 46 47 50 51 52 53 54 61] [ 4901  1947  4596  6777  2675 14411 13525  3699  3203  5287  7915  2931
  3371  3552  9916  3979  4055  8325 13144 10118 14404  3588 11309  4262
  6156  4863  2352  5728  9209 13651  5169  5890  7197] [] 1716267561.2346832752
[ 1  1  1  1  1  1 -1  1  1  1 -1  1  1  1  1 -1  1 -1  1 -1  1 -1  1 -1
  1  1  1 -1  1  1  1  1  1  1] [ 1  3  9 10 11 12 15 18 19 20 21 26 27 28 29 33 34 35 36 37 38 41 42 43
 44 45 46 47 50 51 52 53 54 61] [ 4747  1882  4451  6516  2619 13684 13695  3567  3152  5221  8110  2837
  3215  3345  9521 12861  3662  4162  8314 13154 10085 14408  3499 11775
  4136  6060  4645  2376  5411  8924 11295  5036  5771  7069] [] 1716267561.2776949406
[ 1  1  1  1  1  1  1  1  1  1  1 -1  1  1  1 -1  1  1  1  1 -1  1  1  1
  1  1  1  1  1  1  1  1  1  1  1] [ 1  3  9 10 11 12 15 18 19 20 21 26 27 28 29 32 33 34 35 36 37 38 41 42
 43 44 45 46 47 50 51 52 53 54 61] [ 4609  1811  4435  6377  2531 13438 13495  3412  3117  5141  8101  2847
  3169  3170  6168 12690 12474  3580  3988  8078 13200  8733 14161  3156
 11067  3926  5973  4250  2296  5010  8554 10311  4779  5422  6911] [] 1716267561.3206493855
[ 1 -1  1  1  1  1  1  1  1  1  1  1  1  1  1  1  1  1  1  1 -1  1  1  1
  1  1  1  1 -1  1  1 -1  1  1 -1  1] [ 1  3  9 10 11 12 15 18 19 20 21 26 27 28 29 32 33 34 35 36 37 38 41 42
 43 44 45 46 47 50 51 52 53 54 55 61] [ 4472  1837  4428  6028  2443 13019 13475  3305  3032  4949  8100  2791
  2929  2902  5788  9837 12415  3483  3981  7854 13362  7337 13883  2982
  8355  3842  5892  4183  2316  4374  8416 10685  4254  5135 10939  6811] [] 1716267561.3637068272
[ 1  1  1  1  1  1 -1  1  1  1  1  1 -1  1  1  1  1  1 -1  1  1  1  1  1
 -1  1  1  1  1  1  1  1  1  1  1  1] [ 1  3  9 10 11 12 15 18 19 20 21 26 27 28 29 32 33 34 35 36 37 38 41 42
 43 44 45 46 47 50 51 52 53 54 55 61] [ 4337  1795  4407  5984  2313 11487 14719  3167  2978  4910  8024  2767
  2944  2759  5515  9559 12363  3342  4260  7715 12896  7271 13469  2959
  8926  3607  5788  4073  2222  4096  8335 10297  4121  4703 10473  6717] [] 1716267561.4066991806
[ 1 -1  1  1  1  1 -1  1  1  1 -1  1  1  1  1  1 -1  1  1  1 -1  1  1  1
  1  1 -1  1 -1  1  1  1  1  1 -1  1] [ 1  3  9 10 11 12 15 18 19 20 21 26 27 28 29 32 33 34 35 36 37 38 41 42
 43 44 45 46 47 50 51 52 53 54 55 61] [ 3970  1804  4399  5904  2291 11287 15519  3127  2960  4452  8157  2698
  2824  2688  5455  7358 12392  3251  4168  6795 12997  7251 13304  2891
  8144  3566  5822  4061  2231  4056  8312  9645  4119  4639 10521  6683] [] 1716267561.4498369694
[ 1  1  1 -1  1  1  1  1  1  1  1  1  1  1  1 -1  1  1  1 -1  1  1  1  1
  1 -1  1 -1  1  1  1 -1  1  1 -1  1] [ 1  3  9 10 11 12 15 18 19 20 21 26 27 28 29 32 33 34 35 36 37 38 41 42
 43 44 45 46 47 50 51 52 53 54 55 61] [ 3896  1802  4303  6030  2283 11158 15383  3079  2929  4393  6559  2693
  2808  2678  4847  7578 12381  3165  4104  6970 12776  7221 13061  2872
  8117  3580  5771  4063  2196  4032  8283  9907  4047  4585 10611  6673] [] 1716267561.4927117825
[-1 -1 -1  1  1  1 -1  1  1 -1  1  1  1  1 -1  1 -1  1  1 -1  1  1 -1  1
  1  1  1 -1 -1  1  1 -1  1  1  1  1] [ 1  3  9 10 11 12 15 18 19 20 21 26 27 28 29 32 33 34 35 36 37 38 41 42
 43 44 45 46 47 50 51 52 53 54 55 61] [ 3921  1807  4306  5894  2247 11101 15479  3069  2929  4404  6550  2679
  2792  2670  4855  7505 12477  3144  4082  6983 12504  7165 13074  2838
  7934  3562  5758  4091  2217  3996  8279  9925  4039  4507 10607  6650] [] 1716267561.5357320309
[ 1  1  1  1  1  1  1  1  1  1  1  1  1 -1  1  1  1  1  1  1  1 -1  1 -1
  1  1 -1  1  1 -1 -1  1 -1 -1 -1 -1] [ 1  3  9 10 11 12 15 18 19 20 21 26 27 28 29 32 33 34 35 36 37 38 41 42
 43 44 45 46 47 50 51 52 53 54 55 61] [ 3891  1801  4271  5869  2239 10975 15221  3060  2909  4378  6535  2674
  2776  2671  4831  7309 12426  3104  4076  6754 12280  7182 13055  2875
  7874  3552  5807  4050  2201  4016  8297  9913  4078  4571 10679  6689] [] 1716267561.5787096024
[-1  1 -1  1  1 -1  1  1  1 -1 -1  1  1  1 -1 -1 -1  1  1 -1  1 -1  1 -1
  1 -1  1  1  1 -1 -1  1 -1 -1 -1] [ 1  3  9 10 11 12 15 18 19 20 21 26 27 28 29 32 33 34 35 36 37 38 41 42
 43 44 45 46 47 50 51 52 53 54 61] [ 3894  1801  4277  5820  2231 11002 15221  3060  2907  4382  8033  2668
  2776  2656  4890  7322 12508  3087  4072  6803 12214  8624 13022  3007
  7852  3580  5778  4039  2144  4221  8400  9225  4393  4886  6801] [] 1716267561.6217014790
[-1 -1 -1  1  1  1  1 -1 -1 -1  1 -1  1 -1 -1 -1  1 -1  1  1 -1 -1 -1 -1
 -1 -1 -1 -1 -1 -1 -1 -1 -1 -1 -1] [ 1  3  9 10 11 12 15 18 19 20 21 26 27 28 29 32 33 34 35 36 37 38 41 42
 43 44 45 46 47 50 51 52 53 54 61] [ 3928  1807  4279  5491  2218 11000 13875  3071  2912  4417  8022  2711
  2743  2685  5473  8048 12388  3197  3760  6787 12544  8673 14032  3140
 10903  3707  5837  4191  2230  4565  8554  9407  4629  5569  7099] [] 1716267561.6647295952
[-1 -1 -1 -1 -1 -1  1 -1 -1 -1 -1 -1 -1 -1  1 -1 -1 -1 -1 -1 -1 -1 -1 -1
  1  1  1 -1  1 -1 -1 -1  1 -1 -1] [ 1  3  9 10 11 12 15 18 19 20 21 26 27 28 29 32 33 34 35 36 37 38 41 42
 43 44 45 46 47 50 51 52 53 54 61] [ 4005  1847  4311  5860  2295 13194 13453  3273  2950  4609  8069  2725
  2759  2803  5378  9485 12413  3395  3800  7299 12816  9774 14185  3288
 10765  3707  5782  4219  2196  4640  9053 15275  4435  6857 14838] [] 1716267561.7077169418
[-1  1  1 -1 -1 -1  1 -1 -1 -1  1 -1 -1 -1 -1 -1 -1  1 -1 -1  1 -1 -1 -1
 -1 -1 -1 -1 -1 -1 -1 -1 -1] [ 1  3  9 10 11 12 15 18 19 20 21 26 27 28 29 32 33 34 35 36 37 38 41 42
 43 44 45 46 47 50 51 53 54] [ 4156  1841  4272  6210  2318 13204 13335  3351  2960  4623  8027  2736
  2831  2805  6280 13114 12509  3382  3812  7493 12612  9926 14477  3484
 10840  3957  5840  4719  2269  4792 11583  4863  7402] [] 1716267561.7507159710
[-1 -1  1 -1 -1 -1  1 -1 -1  1  1 -1 -1 -1 -1 -1 -1  1 -1 -1 -1 -1 -1  1
 -1 -1 -1 -1 -1 -1 -1 -1] [ 1  3  9 10 11 12 15 18 19 20 21 26 27 28 29 33 34 35 36 37 38 41 42 43
 44 45 46 47 50 51 53 54] [ 4487  1910  4230  6341  2379 13762 12704  3401  2987  4604  7921  2783
  2911  2982  7805 12522  3546  3731  7789 13064 10245 14665  3739 10763
  4008  5964  5191  2357  5027 11692  5866  7771] [] 1716267561.7936713696
[-1 -1 -1 -1 -1 -1 -1 -1 -1 -1  1 -1 -1 -1 -1 -1  1 -1 -1 -1  1 -1 -1 -1
  1  1 -1 -1  1 -1 -1] [ 1  3  9 10 11 12 15 18 19 20 21 23 26 27 28 29 33 34 35 36 37 42 43 44
 45 46 47 50 51 53 54] [ 4611  1953  4246  6813  2453 14633 12800  3543  3065  4683  7919 15882
  2819  2995  3180  9442 12504  3690  3766  8337 12752  3895 11277  4217
  5951  5154  2362  5192 11597 10020 10734] [] 1716267561.8367071152
[-1 -1  1 -1 -1  1 -1 -1 -1  1  1  1 -1 -1 -1 -1 -1  1 -1 -1 -1 -1 -1 -1
 -1 -1 -1 -1 -1 -1] [ 1  3  9 10 11 12 15 18 19 20 21 26 27 28 29 33 34 35 36 37 42 43 44 45
 46 47 50 51 53 54] [ 4885  1986  4214  6890  2532 14526 13092  3618  3131  4601  7913  2818
  3135  3510  9618 12656  3941  3753  8745 12836  4366 12038  4432  6068
  5227  2434  5630 11661 10858 11063] [] 1716267561.8797433376
[-1 -1 -1 -1 -1 -1 -1 -1 -1 -1 -1 -1 -1 -1 -1 -1 -1 -1 -1 -1  1 -1  1 -1
 -1 -1 -1 -1] [ 1  3  9 10 11 12 15 18 19 20 21 26 27 28 29 34 35 36 37 42 43 44 45 46
 47 50 51 54] [ 5915  2058  4233  7181  2670 14669 13381  3725  3147  4763  8043  2953
  3207  3722  9636  4262  3766 10033 12928  5144 11928  4861  6002  5505
  2488  6303 11707 11293] [] 1716267561.9226949215
[-1 -1 -1 -1 -1 -1 -1 -1 -1 -1  1 -1 -1 -1 -1 -1 -1 -1  1 -1 -1  1 -1 -1
 -1 -1 -1 -1] [ 1  3  9 10 11 12 15 18 19 20 21 26 27 28 29 34 35 36 37 42 43 44 45 46
 47 50 51 54] [ 7784  2115  4372  7338  2701 14730 14134  3955  3201  4793  8027  3027
  3243  3955  9777  4544  3885 10337 12809  5816 12141  4845  6119  5899
  2562  6611 11761 11801] [] 1716267561.9656860828
[-1 -1  1 -1 -1 -1 -1 -1 -1  1 -1 -1 -1 -1 -1 -1 -1  1 -1  1 -1 -1 -1 -1
 -1 -1 -1] [ 1  3  9 10 11 12 18 19 20 21 26 27 28 29 34 35 36 37 42 43 44 45 46 47
 50 51 54] [12094  2162  4360  7778  2824 14920  4019  3306  4794  7928  3063  3311
  4191 10046  4754  3901 10440 12742  7095 12128  4982  6235  5930  2618
  6650 11791 12177] [] 1716267562.0087482929
[-1 -1 -1 -1 -1 -1 -1 -1 -1 -1 -1 -1 -1 -1 -1 -1  1 -1 -1 -1 -1 -1 -1 -1
 -1] [ 1  3  9 10 11 12 18 19 20 21 26 27 28 29 34 35 36 37 42 43 44 45 46 47
 50] [14063  2247  4395  9208  2889 15216  4219  3358  4912  7945  3153  3444
  4568 10121  5009  3987 10169 13400 11550 13152  5108  6380  6056  2702
  9948] [] 1716267562.0516941547
[-1 -1 -1 -1 -1 -1 -1 -1  1 -1 -1 -1 -1  1  1 -1 -1 -1  1  1 -1 -1 -1 -1
 -1] [ 1  3  9 10 11 12 18 19 20 21 26 27 28 29 34 35 36 37 42 43 44 45 46 47
 50] [14428  2387  4502 13834  3012 15920  4337  3424  4881  8052  3255  3479
  5108 10053  4954  4043 11173 14000 11127 13147  5284  6667  6559  2813
 10517] [] 1716267562.0947244167
[-1 -1 -1 -1 -1 -1 -1 -1  1 -1  1 -1 -1 -1 -1 -1 -1  1 -1 -1 -1 -1 -1 -1] [ 1  3  9 10 11 18 19 20 21 26 27 28 29 34 35 36 37 42 43 44 45 46 47 50] [14764  2539  4591 13890  3129  4415  3535  4985  8050  3381  3445  6332
 10161  5038  4058 11309 15359 10069 13179  5415  7483  8031  3138 11136] [] 1716267562.1376960278
[-1 -1 -1  1 -1 -1 -1 -1  1 -1 -1 -1 -1 -1 -1 -1 -1 -1 -1 -1 -1 -1] [ 1  3  9 10 11 18 19 20 21 26 27 28 29 34 35 36 42 44 45 46 47 50] [15872  3143  4807 13841  3314  5968  3665  5795  7972  3666  3576  6845
 10178  5558  4227 12497 10252  5940  8231  8258  3434 14218] [] 1716267562.1807446480
[-1 -1  1 -1 -1 -1 -1 -1 -1 -1 -1 -1 -1 -1 -1 -1 -1 -1 -1 -1 -1] [ 3  9 10 11 18 19 20 21 26 27 28 29 34 35 36 42 44 45 46 47 50] [ 3383  5158 13600  3432  6151  3793  6073  7991  4075  3723  8181 10273
  5824  4289 13825 10438  6083  8389  8305  3605 14511] [] 1716267562.2237148285
[-1 -1 -1 -1 -1 -1 -1 -1 -1 -1 -1 -1 -1 -1  1 -1 -1 -1 -1 -1 -1] [ 3  9 10 11 18 19 20 21 26 27 28 29 34 35 36 42 44 45 46 47 50] [ 3419  5330 13728  3507  6230  3891  6240  8097  4211  3784  8881 10312
  6324  4362 13727 11247  7009  8724  8805  3853 14867] [] 1716267562.2667386532
[-1 -1  1 -1 -1 -1 -1  1 -1 -1 -1  1 -1 -1 -1 -1 -1 -1 -1 -1 -1] [ 3  9 10 11 18 19 20 21 26 27 28 29 34 35 36 42 44 45 46 47 50] [ 3719  6019 13386  3711  8070  4030  7972  8078  4745  3966 10043 10301
  8676  4511 13794 11266  7475 11024 11225  3901 15247] [] 1716267562.3097465038
[-1 -1 -1 -1 -1 -1 -1 -1 -1 -1 -1  1 -1 -1  1 -1 -1 -1  1] [ 3  9 10 11 18 19 20 21 26 27 28 29 34 35 36 42 44 47 50] [ 4094  6526 13488  3887  9464  4164  8101  8098  5531  4061 10419 10297
 10077  4536 13664 12108  7646  3912 15100] [] 1716267562.3527300358
[-1 -1 -1 -1 -1 -1 -1  1 -1 -1  1 -1  1 -1  1 -1 -1 -1 -1  1] [ 3  9 10 11 18 19 20 21 26 27 28 29 34 35 36 42 44 45 47 50] [ 4818 10091 13780  3966 10479  4297  9964  8089  6173  4161 10404 10448
 10031  4599 13610 15153  7798 13813  4122 14464] [] 1716267562.3957443237
[-1 -1  1 -1 -1 -1 -1 -1 -1 -1  1 -1 -1 -1 -1  1 -1 -1] [ 3  9 10 11 18 19 20 21 26 27 28 29 34 35 36 42 44 47] [ 4879 11798 13262  4084 12229  4469  9977  8157  7499  4276 10390 10670
 10097  4670 13813 13529  8927  4373] [] 1716267562.4387478828
[-1 -1 -1 -1 -1 -1 -1 -1 -1 -1 -1 -1 -1 -1  1 -1 -1] [ 3  9 10 11 19 20 21 26 27 28 29 34 35 36 42 44 47] [ 6281 14539 13403  4198  4601  9993  8195  7808  4341 10444 10847 10742
  4746 15184 12960  9056  4752] [] 1716267562.4817302227
[-1 -1  1 -1 -1 -1 -1 -1  1 -1 -1 -1 -1 -1] [ 3  9 11 19 20 21 26 27 28 29 35 36 44 47] [ 6353 15643  4184  4956 10193  8273  8115  4451 10408 11317  4786 15232
  9135  5044] [] 1716267562.5246734619
[-1 -1 -1 -1  1 -1 -1  1 -1 -1 -1 -1] [ 3 11 19 20 21 26 27 28 35 36 44 47] [ 6453  4289  5181 10195  8188  8260  4467 10325  4890 15373  9296  5158] [] 1716267562.5677175522
[-1 -1 -1 -1 -1 -1 -1 -1  1 -1 -1 -1] [ 3 11 19 20 21 26 27 28 35 36 44 47] [ 6758  4311  5537 10415  8249  8296  4896 10395  4879 15511  9399  5609] [] 1716267562.6106946468
[-1 -1 -1 -1 -1 -1  1 -1 -1 -1 -1 -1] [ 3 11 19 20 21 26 27 28 35 36 44 47] [ 7006  4531  5964 10740  8351  8702  4884 10535  5100 15563  9479  6220] [] 1716267562.6536934376
[-1 -1 -1 -1 -1 -1 -1 -1 -1  1  1 -1] [ 3 11 19 20 21 26 27 28 35 36 44 47] [ 7315  4538  6160 10857  8467 10896  4955 10571  5168 15527  9427  8597] [] 1716267562.6967167854
[-1 -1 -1 -1 -1  1  1 -1 -1 -1] [ 3 11 19 20 21 27 28 35 44 47] [ 8056  4819  6465 11188  8511  4899 10415  5462  9514 12989] [] 1716267562.7397289276
[ 1 -1 -1 -1 -1 -1 -1  1] [11 19 20 21 27 28 35 44] [ 4663  6562 11414  9895  5189 10435  5602  9484] [] 1716267562.7826833725
[ 1 -1 -1 -1 -1 -1 -1 -1] [11 19 20 21 27 28 35 44] [ 4619  7516 12008  9945  5492 10611  6066  9588] [] 1716267562.8257291317
[-1 -1 -1 -1 -1 -1 -1 -1] [11 19 20 21 27 28 35 44] [ 4918  9422 12424 10093  5756 10616  6572  9659] [] 1716267562.8686633110
[-1 -1 -1 -1  1 -1 -1 -1] [11 19 20 21 27 28 35 44] [ 5023  9646 13057 10223  5721 10864  6631  9695] [] 1716267562.9116890430
[-1 -1 -1 -1 -1 -1 -1 -1] [11 19 20 21 27 28 35 44] [ 5041 11333 13806 10251  5744 10947  6878  9893] [] 1716267562.9546992779
[-1 -1 -1 -1 -1 -1 -1] [11 20 21 27 28 35 44] [ 5115 14544 10504  6051 11039  7079 12165] [] 1716267562.9977116585
[-1 -1 -1 -1  1 -1 -1] [11 20 21 27 28 35 44] [ 5211 15132 10678  6275 11004  7431 12405] [] 1716267563.0405488014
[-1 -1 -1  1 -1 -1 -1] [11 20 21 27 28 35 44] [ 6245 16046 10976  6253 11222  8573 12557] [] 1716267563.0836868286
[-1 -1 -1 -1 -1 -1] [11 21 27 28 35 44] [ 7215 11264  7600 11380  8985 12648] [] 1716267563.1267752647
[-1 -1 -1 -1 -1 -1] [11 21 27 28 35 44] [ 8998 11338  7815 11512  9942 12681] [] 1716267563.1694610119
[-1 -1 -1 -1 -1  1] [11 21 27 28 35 44] [ 9254 11575  8044 11858 14050 12547] [] 1716267563.2124466896
[ 1  1  1 -1] [11 27 35 44] [ 9031  7986 13797 13045] [] 1716267563.2554471493
[-1 -1 -1] [11 27 35] [ 9425  9362 14059] [] 1716267563.2984485626
[-1 -1  1] [11 27 35] [ 9551  9653 13969] [] 1716267563.3414311409
[-1 -1 -1] [11 27 35] [10182 12010 14450] [] 1716267563.3844437599
[-1 -1  1] [11 27 35] [10476 12299 14450] [] 1716267563.4274568558
[ 1  1 -1] [11 27 35] [10322 12030 14467] [] 1716267563.4704236984
[1 1 1] [11 27 35] [10170 11648 14279] [] 1716267563.5134603977
[-1 -1 -1] [11 27 35] [10618 11908 14611] [] 1716267563.5564558506
[1 1] [11 35] [ 9782 14115] [] 1716267563.5994474888
[-1 -1] [11 28] [10920 11939] [] 1716267563.6424102783
[-1] [44] [14687] [] 1716267563.6854448318
[-1] [19] [11142] [] 1716267563.7285366058
2 2 2 1716267563.7794742584
