FA TAX ADC PRES TS
[-1] [1] [16218] [] 1716275963.5680902004
[1] [1] [16182] [] 1716275963.6109373569
[1] [1] [16129] [] 1716275963.6539859772
[ 1 -1] [1 3] [15962  9915] [] 1716275963.6969916821
[-1  1 -1 -1] [ 1  3 17 34] [16379  8409 16226 13350] [] 1716275963.7399733067
[1 1 1 1] [ 1  3 17 34] [15694  7080 15996 12923] [] 1716275963.7830028534
[ 1 -1 -1  1 -1 -1] [ 3 10 11 17 34 42] [ 5818 13676 12445 15946 12996 15951] [] 1716275963.8260076046
[-1  1  1  1 -1 -1 -1  1  1] [ 1  3 10 11 17 19 27 34 42] [16042  5595 11912 12373 16037 12567 13314 12937 15641] [] 1716275963.8690249920
[ 1  1  1  1  1  1  1 -1  1] [ 1  3 10 11 17 19 27 34 42] [15656  5117 10970 12169 15912 10926 12893 13061 12945] [] 1716275963.9120593071
[1 1 1 1 1 1 1 1 1] [ 1  3 10 11 17 19 27 34 42] [15575  5061 10025 11106 15649 10358 12753 12579 12501] [] 1716275963.9550538063
[ 1  1  1  1 -1  1  1 -1  1] [ 1  3 10 11 17 19 27 34 42] [15492  4346  8849 10328 15679 10087 12563 12752 12426] [] 1716275963.9980902672
[ 1  1  1 -1  1  1 -1  1  1] [ 1  3 10 11 17 19 27 34 42] [15438  4266  7999 10457 15533  9142 12591 12580 12324] [] 1716275964.0410194397
[-1  1  1 -1 -1  1  1 -1  1] [ 1  3 10 11 17 19 27 34 42] [15442  4112  7263 11319 15554  8113 12419 13088 12274] [] 1716275964.0840632915
[-1  1  1  1  1  1  1  1  1] [ 1  3 10 11 17 19 27 34 42] [15926  4051  6794 10583 15511  8090 10021 12867 12217] [] 1716275964.1270632744
[ 1 -1  1  1  1 -1  1  1  1] [ 1  3 10 11 17 19 27 34 42] [14494  4068  6709 10532 15502  8145  9954 12387 12149] [] 1716275964.1699562073
[ 1  1  1 -1 -1  1 -1  1 -1  1] [ 1  3 10 11 17 19 26 27 34 42] [ 8486  4026  5732 11188 15609  8008 15564  9147 12624 12111] [] 1716275964.2129919529
[ 1  1  1  1 -1  1  1  1 -1  1] [ 1  3 10 11 17 19 26 27 34 42] [ 8112  3869  5123 10521 15672  7145 13946  9061 12877 10403] [] 1716275964.2560040951
[ 1  1  1 -1  1  1  1  1 -1  1] [ 1  3 10 11 17 19 26 27 34 42] [ 7960  3651  4791 11023 15430  6995 11983  9000 12929  7794] [] 1716275964.2990410328
[ 1  1  1 -1  1  1  1  1  1  1] [ 1  3 10 11 17 19 26 27 34 42] [ 7759  3585  4521 11306 15132  6431  7493  8999 12692  7673] [] 1716275964.3420407772
[-1  1  1  1  1 -1 -1  1  1  1 -1  1] [ 1  3 10 11 17 18 19 26 27 34 41 42] [ 7836  3579  4387 10019 14957 11136  6446  6939  8987 12483 14478  6805] [] 1716275964.3850052357
[ 1  1  1  1 -1  1  1 -1  1  1  1 -1  1] [ 1  3 10 11 17 18 19 20 26 27 34 41 42] [ 7589  3470  4327  9596 15420 11070  6194 15398  6364  8894 11750 15557
  6373] [] 1716275964.4280207157
[ 1  1  1 -1  1  1  1  1  1  1  1 -1  1] [ 1  3 10 11 17 18 19 20 26 27 34 41 42] [ 7375  3257  4181  9918 15058 11020  5905 13861  6002  8831  9146 15801
  5865] [] 1716275964.4709982872
[ 1  1  1  1  1  1  1  1  1 -1  1  1  1] [ 1  3 10 11 17 18 19 20 26 27 34 41 42] [ 7119  3186  4179  8868 15052 10987  5560 13620  5559  8934  8921 14705
  5661] [] 1716275964.5139479637
[ 1  1  1  1 -1 -1  1  1  1  1 -1  1  1] [ 1  3 10 11 17 18 19 20 26 27 34 41 42] [ 7060  3026  3929  7418 15304 10988  5106 13369  5303  8775 10738 13196
  5441] [] 1716275964.5568234921
[ 1  1  1  1  1  1  1  1  1 -1 -1  1  1] [ 1  3 10 11 17 18 19 20 26 27 34 41 42] [ 6885  2964  3888  7079 15168 10805  5075 12923  5119  8788 11049 11763
  4830] [] 1716275964.5997953415
[ 1  1 -1  1  1  1  1  1  1  1 -1 -1 -1 -1  1 -1] [ 1  3  9 10 11 17 18 19 20 26 27 28 34 41 42 50] [ 6503  2854 16318  3842  5723 15142 10593  4897 12882  4722  8806 11154
 11109 14053  4578  9745] [] 1716275964.6430025101
[ 1  1  1  1 -1  1  1 -1  1 -1  1  1  1  1  1] [ 1  3 10 11 17 18 19 20 26 27 28 34 41 42 50] [ 6366  2625  3743  4885 15178 10479  4771 12927  4085  9034  9890  8908
 13855  4527  9633] [] 1716275964.6860141754
[ 1  1  1  1  1  1  1  1  1  1  1 -1  1  1  1] [ 1  3 10 11 17 18 19 20 26 27 28 34 41 42 50] [ 6293  2559  3697  4686 15008 10417  4593 12762  3955  8912  8959  9015
 13077  4130  9556] [] 1716275964.7290549278
[ 1  1  1  1  1  1  1  1  1  1 -1  1 -1  1  1  1] [ 1  3 10 11 17 18 19 20 26 27 28 34 36 41 42 50] [ 6048  2463  3642  4229 14634 10290  4498 12633  3883  8851  9043  8690
 14685 12561  3991  9467] [] 1716275964.7720439434
[ 1  1 -1  1 -1  1  1  1  1 -1  1 -1  1 -1  1  1] [ 1  3 10 11 17 18 19 20 26 27 28 34 36 41 42 50] [ 5233  2417  3657  3863 14650 10210  4423 12569  3767  8855  8904  8743
 14295 14440  3773  7429] [] 1716275964.8149707317
[ 1  1  1  1  1 -1  1  1  1  1  1 -1  1 -1  1 -1  1] [ 1  3 10 11 17 18 19 20 26 27 28 34 36 41 42 44 50] [ 4877  2359  3519  3598 13626 10242  4289 12394  3583  8800  8719  8790
 10279 15843  3614 14699  7347] [] 1716275964.8580291271
[ 1  1  1  1  1  1  1  1  1  1 -1 -1 -1  1  1  1  1] [ 1  3 10 11 17 18 19 20 26 27 28 34 36 41 42 44 50] [ 4638  2300  3439  3457 13428 10216  4223 12226  3507  8763  8885  9298
 10429 12983  3334 13816  7289] [] 1716275964.9009759426
[ 1  1 -1  1  1  1  1  1  1  1 -1  1  1 -1  1  1 -1  1] [ 1  3  9 10 11 17 18 19 20 26 27 28 34 36 41 42 44 50] [ 4505  2273 14143  3435  3337 13366 10054  4174 12062  3471  8791  8811
  8715 10434 11516  3007 14719  7256] [] 1716275964.9439909458
[-1 -1 -1 -1  1  1 -1  1  1  1  1  1 -1 -1  1 -1  1  1  1  1] [ 1  2  3  9 10 11 17 18 19 20 26 27 28 29 34 36 41 42 44 50] [ 4603 11770  2309 14157  3365  3163 13556  9910  4095 11990  3319  8703
  8858 11611  8575 10548 11343  2893 13596  7207] [] 1716275964.9869582653
[ 1  1  1  1 -1  1  1  1  1  1  1  1  1  1  1  1 -1  1 -1  1] [ 1  2  3  9 10 11 17 18 19 20 26 27 28 29 34 36 41 42 44 50] [ 4372 11198  2299 14056  3371  3071 13467  9735  4018 11796  3275  8641
  8656 11071  8499  9841 12244  2806 13921  7092] [] 1716275965.0300445557
[ 1  1  1 -1  1  1  1  1  1  1  1  1  1  1  1  1  1  1  1  1] [ 1  2  3  9 10 11 17 18 19 20 26 27 28 29 34 36 41 42 44 50] [ 4134 10893  2285 14150  3285  2902 13342  9712  3984 11772  3199  8595
  8524 10625  8353  9651  9745  2774 13355  7070] [] 1716275965.0730214119
[ 1  1  1 -1  1  1  1 -1  1  1  1  1  1 -1  1 -1  1  1  1  1] [ 1  2  3  9 10 11 17 18 19 20 26 27 28 29 34 36 41 42 44 50] [ 3919 10869  2251 14504  3147  2790 13203  9764  3967 11467  2991  7662
  8341 10670  7646  9727  9592  2532 12878  6975] [] 1716275965.1159875393
[ 1  1  1 -1  1  1  1  1  1  1 -1  1  1  1 -1  1  1 -1  1  1  1] [ 1  2  3  9 10 11 17 18 19 20 21 26 27 28 29 34 36 41 42 44 50] [ 3799 10814  2189 14907  3095  2710 13118  9763  3893 11214 10793  2905
  7169  8204 10940  7116  9684  9982  2414 12745  6929] [] 1716275965.1589806080
[ 1  1  1 -1  1  1 -1  1  1  1  1  1  1  1  1  1  1  1  1  1 -1] [ 1  2  3  9 10 11 17 18 19 20 21 26 27 28 29 34 36 41 42 44 50] [ 3637  9555  2151 15044  3009  2607 13154  9640  3789 11177 10393  2862
  6655  7104 10847  6434  8784  9917  2384 12660  6984] [] 1716275965.2020211220
[ 1  1 -1 -1  1  1 -1 -1 -1  1 -1  1  1  1  1  1  1  1  1  1  1  1] [ 1  2  3  4  9 10 11 17 18 19 20 21 26 27 28 29 34 36 41 42 44 50] [ 3510  9013  2159 13414 15023  2995  2611 13346  9928  3774 11261 10377
  2812  6132  6574  8787  6229  8340  9751  2312 12492  6152] [] 1716275965.2450377941
[ 1 -1  1  1 -1  1  1 -1  1  1  1 -1  1  1  1 -1  1  1  1  1  1  1] [ 1  2  3  4  9 10 11 17 18 19 20 21 26 27 28 29 34 36 41 42 44 50] [ 3396  9029  2111 13306 15183  2947  2559 13412  9829  3716 11218 10395
  2741  5808  5959  8844  5964  7755  9595  2282 12408  6093] [] 1716275965.2879970074
[ 1 -1  1  1  1  1  1 -1  1  1  1  1  1  1  1 -1  1  1  1  1 -1  1] [ 1  2  3  4  9 10 11 17 18 19 20 21 26 27 28 29 34 36 41 42 44 50] [ 3373  9085  2107 13275 14776  2923  2527 13498  9818  3704 11198 10305
  2725  5762  5909  8965  5740  7309  9453  2271 12427  6048] [] 1716275965.3309962749
[ 1  1  1 -1  1 -1 -1  1  1  1 -1  1  1  1  1 -1  1  1  1 -1 -1  1] [ 1  2  3  4  9 10 11 17 18 19 20 21 26 27 28 29 34 36 41 42 44 50] [ 3364  8906  2098 13291 14435  2959  2538 13384  9798  3648 11226 10302
  2719  5724  5770  9219  5654  7007  9422  2280 12493  6028] [] 1716275965.3740034103
[ 1 -1  1  1 -1  1  1  1  1  1  1  1  1  1  1  1 -1 -1  1 -1 -1 -1] [ 1  2  3  4  9 10 11 17 18 19 20 21 26 27 28 29 34 36 41 42 44 50] [ 3341  8987  2091 13213 14488  2931  2487 12939  9791  3643 11184 10269
  2719  5722  5720  9132  5697  7024  9408  2298 12514  6068] [] 1716275965.4169845581
[ 1 -1  1  1 -1  1  1 -1  1 -1  1  1  1  1 -1  1  1 -1  1 -1  1 -1] [ 1  2  3  4  9 10 11 17 18 19 20 21 26 27 28 29 34 36 41 42 44 50] [ 3337  9057  2090 13110 14659  2907  2486 12984  9785  3657 11067 10192
  2697  5720  5884  8898  5636  7421  9306  2368 12387  6074] [] 1716275965.4599807262
[-1  1 -1  1  1 -1 -1 -1 -1  1  1 -1 -1 -1 -1  1 -1 -1  1 -1 -1 -1] [ 1  2  3  4  9 10 11 17 18 19 20 21 26 27 28 29 34 36 41 42 44 50] [ 3394  8895  2118 13066 14558  2915  2527 13017  9838  3645 11031 10229
  2708  5752  6702  8478  5773  8147  9295  2503 12395  6119] [] 1716275965.5029730797
[-1  1 -1 -1  1 -1 -1 -1  1 -1 -1 -1 -1 -1 -1 -1 -1 -1 -1 -1 -1 -1] [ 1  2  3  4  9 10 11 17 18 19 20 21 26 27 28 29 34 36 41 42 44 50] [ 3585  8751  2179 13197 14417  2999  2569 13050  9649  3660 11068 10642
  2727  6216  7049  8667  6612  9538  9447  2548 12649  6955] [] 1716275965.5459635258
[-1 -1  1  1 -1  1 -1  1 -1 -1  1 -1 -1 -1 -1 -1 -1 -1  1 -1 -1 -1] [ 1  2  3  4  9 10 11 17 18 19 20 21 26 27 28 29 34 36 41 42 44 50] [ 3715 10838  2159 13187 14476  2970  2597 13023  9714  3693 10902 10951
  2733  6756  8009  8870  6842  9574  9003  2690 13131  6971] [] 1716275965.5890343189
[-1  1 -1 -1 -1 -1 -1 -1  1 -1  1 -1 -1 -1 -1 -1 -1 -1 -1 -1 -1] [ 1  2  3  4  9 10 11 17 18 19 20 26 27 28 29 34 36 41 42 44 50] [ 3888 10376  2189 16006 15751  3071  2659 13110  9698  3733 10699  2847
  7789  8031 11195  6867  9759  9224  2858 13159  7010] [] 1716275965.6319417953
[-1 -1  1  1 -1 -1  1  1 -1  1 -1 -1 -1  1  1 -1 -1 -1 -1] [ 1  2  3  9 10 11 17 18 19 20 26 27 28 34 36 41 42 44 50] [ 3990 10695  2186 15455  3117  2809 13017  9634  3791 10682  2879  8125
  8098  6782  9686  9228  3182 14003  7100] [] 1716275965.6749575138
[-1 -1 -1  1 -1 -1 -1  1 -1 -1 -1 -1 -1 -1 -1 -1 -1 -1] [ 1  2  3  9 10 11 17 18 19 20 26 27 28 34 36 41 42 50] [ 4397 10817  2271 15311  3261  2969 13144  9513  3828 10868  2975  8524
  8324  7686 10291  9565  3450  7253] [] 1716275965.7179596424
[-1 -1  1  1 -1 -1 -1 -1 -1  1 -1  1  1 -1  1 -1 -1 -1] [ 1  2  3  9 10 11 17 18 19 20 26 27 28 34 36 41 42 50] [ 4535 14701  2239 14585  3327  3095 13159  9636  3866 10795  3047  8524
  8290  8071 10252 11435  3768  7415] [] 1716275965.7609167099
[ 1  1 -1 -1 -1  1  1 -1 -1 -1 -1 -1 -1 -1 -1 -1 -1] [ 1  3  9 10 11 17 18 19 20 26 27 28 34 36 41 42 50] [ 4509  2230 14963  3337  3343 13142  9636  3919 10837  3151  8580  8391
  8265 15209 12268  4234  9496] [] 1716275965.8039269447
[-1 -1  1 -1 -1  1 -1 -1 -1 -1  1 -1 -1 -1  1 -1 -1] [ 1  3  9 10 11 17 18 19 20 26 27 28 34 36 41 42 50] [ 4941  2297 14220  3479  3690 12999  9734  3988 11071  3238  8575  8415
  8440 15299 12175  4556  9590] [] 1716275965.8468766212
[-1 -1 -1 -1  1 -1 -1 -1 -1 -1  1 -1 -1 -1] [ 1  3 10 11 17 18 19 20 26 27 28 34 41 42] [ 5906  2383  3495  3914 12740  9836  4057 11165  3295  8616  8287  8527
 12511  4878] [] 1716275965.8899197578
[-1 -1 -1 -1 -1 -1 -1 -1 -1  1 -1 -1 -1 -1] [ 1  3 10 11 17 18 19 20 26 27 28 34 41 42] [ 6232  2557  3527  4441 12744 10144  4132 11457  3471  8557  9305  8999
 12707  5419] [] 1716275965.9329764843
[-1 -1 -1 -1 -1 -1 -1 -1 -1 -1 -1 -1 -1 -1] [ 1  3 10 11 17 18 19 20 26 27 28 34 41 42] [ 6391  2771  3667  5018 12965 10246  4236 11461  3710  8579 11263  9326
 13489  6100] [] 1716275965.9759035110
[-1 -1 -1 -1 -1 -1 -1 -1 -1 -1 -1 -1 -1] [ 1  3 10 11 17 18 19 20 26 27 34 41 42] [ 6525  2871  3733  5667 13121 10478  4254 11631  3787  8598  9462 15017
  6361] [] 1716275966.0188865662
[-1 -1 -1 -1 -1 -1 -1 -1 -1  1  1 -1] [ 1  3 10 11 17 18 19 20 26 27 34 42] [ 6863  3067  3806  7516 13562 10676  4445 13562  4013  8586  9371  6442] [] 1716275966.0619034767
[-1 -1 -1 -1 -1 -1 -1 -1 -1 -1 -1 -1] [ 1  3 10 11 17 18 19 20 26 27 34 42] [ 7001  3142  3891  8743 13709 10764  4555 14638  4392  8624  9439  7782] [] 1716275966.1049263477
[-1 -1 -1 -1 -1 -1 -1 -1  1 -1 -1] [ 1  3 10 11 17 18 19 26 27 34 42] [ 7490  3361  4102  8810 14456 11015  4748  5091  8597  9763  7795] [] 1716275966.1479101181
[-1 -1 -1 -1  1 -1 -1 -1 -1 -1 -1] [ 1  3 10 11 17 18 19 26 27 34 42] [ 7690  3386  4190  9486 14192 11056  5003  5403  8615 10147  7806] [] 1716275966.1908571720
[-1 -1 -1 -1 -1 -1 -1 -1 -1 -1] [ 1  3 10 11 17 19 26 27 34 42] [ 8200  3455  4387  9651 14535  5315  6693  8678 10601  8827] [] 1716275966.2338697910
[-1 -1 -1 -1 -1 -1 -1 -1 -1 -1] [ 1  3 10 11 17 19 26 27 34 42] [11242  3490  4833  9720 15068  5634  8427  8756 12574  8977] [] 1716275966.2768795490
[-1 -1 -1 -1  1 -1 -1 -1 -1 -1] [ 1  3 10 11 17 19 26 27 34 42] [12596  3611  5366  9831 14757  5930  8945  8972 12752  9706] [] 1716275966.3199403286
[-1 -1 -1 -1 -1 -1 -1 -1  1] [ 1  3 10 11 17 19 27 34 42] [13954  3786  5964 10072 15421  6640  9071 13000  9445] [] 1716275966.3628375530
[-1 -1 -1 -1  1 -1 -1] [ 1  3 10 11 19 27 34] [15050  4073  6899 10199  6609 11856 13021] [] 1716275966.4058449268
[-1 -1 -1 -1 -1 -1  1 -1] [ 1  3 10 11 17 19 27 34] [15168  4666  7268 10887 15930  6873 11751 13099] [] 1716275966.4488546848
[ 1 -1 -1 -1  1 -1 -1 -1] [ 1  3 10 11 17 19 27 34] [15098  4875  8309 11882 15904 10567 11769 13153] [] 1716275966.4918210506
[ 1 -1 -1 -1 -1 -1] [ 1  3 10 19 27 34] [15006  5015  8989 12106 11993 13212] [] 1716275966.5348229408
[-1 -1 -1 -1  1] [ 1  3 10 27 34] [15122  6714 15172 12333 13017] [] 1716275966.5777821541
[-1 -1  1] [ 1  3 34] [15432  7590 12975] [] 1716275966.6208589077
[ 1 -1] [1 3] [15372  8097] [] 1716275966.6638770103
[-1] [1] [15417] [] 1716275966.7068872452
[-1] [1] [15537] [] 1716275966.7498691082
[1] [1] [15502] [] 1716275966.7928860188
[-1] [1] [15700] [] 1716275966.8358354568
[-1] [1] [15954] [] 1716275966.8789024353
[1] [1] [15491] [] 1716275966.9217984676
2 2 2 1716275967.7478597164
