FA TAX ADC PRES TS
[-1] [11] [15721] [] 1716448531.2780466080
[1] [11] [13441] [] 1716448531.3211698532
[1] [11] [12797] [] 1716448531.3641533852
[1] [11] [12622] [] 1716448531.4071137905
[1] [11] [10089] [] 1716448531.4501409531
[1] [11] [9628] [] 1716448531.4931843281
[-1 -1] [ 3 11] [9963 9784] [] 1716448531.5361585617
[1 1] [ 3 11] [6201 9389] [] 1716448531.5791842937
[-1 -1 -1 -1 -1] [ 3 11 19 26 27] [ 6248  9817  8437 12044 15635] [] 1716448531.6221513748
[1 1 1 1 1] [ 3 11 19 26 27] [ 5871  9595  7407 11522 13137] [] 1716448531.6652123928
[1 1 1 1 1] [ 3 11 19 26 27] [ 5017  9499  7060 11172 12890] [] 1716448531.7082321644
[1 1 1 1 1] [ 3 11 19 26 27] [4368 9419 6314 9171 9608] [] 1716448531.7512345314
[ 1 -1  1 -1  1  1 -1] [ 3 10 11 18 19 26 27] [ 4023 10945  7951 11326  5907  8753  9812] [] 1716448531.7942180634
[ 1  1  1  1  1 -1  1 -1 -1] [ 3 10 11 18 19 26 27 34 42] [ 3692 10936  7300  9544  5432  8754  9765 12189 12468] [] 1716448531.8371126652
[ 1  1  1  1  1 -1  1 -1 -1 -1  1] [ 3 10 11 18 19 20 26 27 28 34 42] [ 3511  9616  6395  7898  5328 16106  7229  9958 12279 12441 10275] [] 1716448531.8801159859
[1 1 1 1 1 1 1 1 1 1 1] [ 3 10 11 18 19 20 26 27 28 34 42] [ 3135  9232  5844  6697  5049 15520  6548  9828 11882 10629  7248] [] 1716448531.9230625629
[1 1 1 1 1 1 1 1 1 1 1] [ 3 10 11 18 19 20 26 27 28 34 42] [ 2884  8333  5367  5602  4777 14334  5623  9499 11462  9439  6236] [] 1716448531.9660146236
[1 1 1 1 1 1 1 1 1 1 1] [ 3 10 11 18 19 20 26 27 28 34 42] [ 2800  7522  5103  5013  4502 14262  5263  8312 11255  9316  4999] [] 1716448532.0090687275
[ 1  1  1  1  1  1  1  1  1  1  1 -1] [ 3 10 11 18 19 20 26 27 28 34 42 44] [ 2685  5497  4533  4510  4251 13648  4581  7814 10876  8941  4774 14089] [] 1716448532.0520653725
[ 1  1  1  1  1  1 -1  1 -1 -1  1 -1  1  1] [ 3 10 11 18 19 20 21 26 27 28 34 35 42 44] [ 2599  5130  3722  4336  4129 13037 13188  4262  7856 11215  8838 16248
  4458 13427] [] 1716448532.0950624943
[ 1  1  1  1  1  1  1  1  1  1  1  1 -1  1  1] [ 3 10 11 18 19 20 21 26 27 28 34 35 36 42 44] [ 2481  4823  3595  3785  4052 12753 11774  3986  7702  9898  7845 14911
 15431  4230 13369] [] 1716448532.1380908489
[ 1  1  1  1  1  1 -1  1  1  1 -1  1  1  1  1  1] [ 3 10 11 18 19 20 21 26 27 28 29 34 35 36 42 44] [ 2423  4575  3168  3647  3986 12413 11793  3878  7702  9049 12275  7650
 14471 15109  3823 12959] [] 1716448532.1810929775
[ 1  1  1  1  1 -1  1  1  1  1  1  1  1 -1  1  1] [ 3 10 11 18 19 20 21 26 27 28 29 34 35 36 42 44] [ 2283  4309  2952  3420  3775 12430 11367  3505  7532  7736 11491  7523
 14171 15181  3624 12597] [] 1716448532.2240943909
[ 1  1  1  1  1  1  1  1 -1  1  1  1  1  1  1  1] [ 3 10 11 18 19 20 21 26 27 28 29 34 35 36 42 44] [ 2111  4001  2863  3311  3640  9341 11191  3359  7533  6439 11319  6931
 11559 14207  3555  9898] [] 1716448532.2670931816
[ 1  1  1  1  1  1  1  1  1  1  1  1  1  1 -1  1  1] [ 3 10 11 18 19 20 21 26 27 28 29 34 35 36 41 42 44] [ 2063  3883  2695  3159  3586  8827 11033  3283  7447  6165 11317  6867
 10229 13264 13609  3479  6610] [] 1716448532.3101046085
[ 1  1  1  1  1  1 -1  1  1  1  1  1  1  1  1  1  1] [ 3 10 11 18 19 20 21 26 27 28 29 34 35 36 41 42 44] [ 1991  3709  2555  3029  3464  8819 11065  3143  7405  4868 11198  6175
 10115 11867 12471  3328  5298] [] 1716448532.3531069756
[-1 -1  1  1  1  1 -1  1  1  1  1 -1  1  1  1  1 -1  1 -1] [ 2  3 10 11 18 19 20 21 26 27 28 29 34 35 36 41 42 44 50] [11185  2007  3653  2451  2846  3372  8896 10935  3079  7322  4471 11293
  6091  7911 10402 12246  3353  4892 12897] [] 1716448532.3961026669
[ 1  1  1  1  1  1  1  1  1  1  1  1  1 -1  1  1  1  1  1] [ 2  3 10 11 18 19 20 21 26 27 28 29 34 35 36 41 42 44 50] [10628  1965  3599  2363  2704  3312  7285 10892  3035  6191  4226  9459
  5144  7947  8205 12008  3316  4596  7485] [] 1716448532.4390833378
[ 1  1  1  1  1  1  1  1 -1  1  1  1  1  1 -1  1 -1  1  1  1] [ 2  3 10 11 18 19 20 21 25 26 27 28 29 34 35 36 41 42 44 50] [10527  1891  3483  2271  2551  3181  6179 10854 16304  2958  5974  3829
  9331  4468  8134  7793 12148  3116  4294  6597] [] 1716448532.4821727276
[-1  1  1  1 -1  1  1 -1  1 -1 -1  1  1  1  1  1 -1  1  1  1] [ 2  3 10 11 18 19 20 21 25 26 27 28 29 34 35 36 41 42 44 50] [10551  1887  3461  2163  2555  3142  6006 10893 16136  2963  6042  3530
  9288  4238  7549  7535 12523  2965  3908  6280] [] 1716448532.5250935555
[ 1  1  1  1  1  1  1  1  1  1 -1  1  1  1  1  1  1  1  1  1] [ 2  3 10 11 18 19 20 21 25 26 27 28 29 34 35 36 41 42 44 50] [10381  1807  3391  2077  2477  3062  5790 10549 12432  2804  6061  3234
  8188  3843  6573  6100  9299  2943  3686  5524] [] 1716448532.5681002140
[-1  1  1  1 -1  1  1  1  1  1  1 -1  1 -1  1 -1  1  1  1 -1 -1  1] [ 2  3 10 11 12 18 19 20 21 25 26 27 28 29 34 35 36 41 42 44 45 50] [10390  1781  3326  2047 14503  2402  3019  5777 10465 11544  2749  6081
  3079  8914  3706  6686  5874  9193  2881  3749 13786  5294] [] 1716448532.6111230850
[ 1  1  1  1 -1  1  1  1  1  1  1 -1  1  1  1  1  1  1 -1  1  1  1] [ 2  3 10 11 12 18 19 20 21 25 26 27 28 29 34 35 36 41 42 44 45 50] [10295  1769  3243  2026 14537  2368  3003  5688 10387 11368  2693  6087
  3043  7988  3557  6587  5835  9058  2889  3740 13030  5235] [] 1716448532.6541335583
[ 1 -1  1  1 -1  1  1  1  1  1 -1  1  1  1  1  1 -1  1  1 -1  1  1 -1] [ 2  3 10 11 12 18 19 20 21 25 26 27 28 29 34 35 36 41 42 44 45 50 51] [10109  1803  3223  2009 14648  2363  2984  5662 10355 11253  2735  5629
  3023  7951  3518  6567  5844  8941  2866  3792 12496  5210 12821] [] 1716448532.6971423626
[-1  1 -1  1 -1  1  1  1 -1  1  1  1  1  1  1 -1  1  1  1  1  1] [ 2  3 10 11 12 18 19 20 21 25 26 27 28 29 34 35 36 41 42 44 50] [10121  1755  3227  2003 14718  2292  2962  5637 10397 10545  2683  5542
  2994  7609  3515  6575  5830  8903  2836  3602  5139] [] 1716448532.7401058674
[-1 -1  1 -1  1 -1  1 -1  1 -1  1  1 -1 -1  1  1  1 -1 -1 -1 -1] [ 2  3 10 11 12 18 19 20 21 25 26 27 28 29 34 35 36 41 42 44 50] [10124  1757  3145  2026 14628  2303  2958  5668 10263 11152  2663  5472
  3026  7658  3497  6547  5762  9705  2863  3772  6010] [] 1716448532.7831254005
[-1 -1 -1 -1 -1 -1 -1  1 -1 -1 -1 -1 -1 -1 -1 -1 -1 -1 -1 -1] [ 2  3 10 11 18 19 20 21 25 26 27 28 29 34 35 36 41 42 44 50] [10150  1767  3163  2047  2351  2970  5684 10201 11404  2681  5714  3130
  8428  3648  6611  5795 11959  2993  4098  6283] [] 1716448532.8261234760
[-1 -1 -1 -1 -1 -1 -1 -1 -1 -1  1 -1  1 -1 -1 -1  1 -1 -1 -1] [ 2  3 10 11 18 19 20 21 25 26 27 28 29 34 35 36 41 42 44 50] [10215  1802  3231  2055  2415  3032  5757 10216 13525  2791  5610  3236
  7215  3921  6623  6048 11941  3094  4470 10655] [] 1716448532.8691172600
[-1 -1  1 -1 -1 -1 -1 -1 -1  1 -1 -1 -1 -1 -1 -1 -1 -1 -1 -1] [ 2  3 10 11 18 19 20 21 25 26 27 28 29 34 35 36 41 42 43 44] [10279  1843  3219  2197  2429  3078  6047 10285 15858  2783  5643  3636
  9326  4063  7030  6999 11971  3139 15971  4805] [] 1716448532.9121170044
[-1 -1 -1  1 -1 -1  1 -1 -1 -1 -1 -1 -1 -1  1 -1 -1 -1 -1] [ 2  3 10 11 18 19 20 21 25 26 27 28 29 34 35 36 41 42 44] [10352  1877  3256  2183  2450  3107  6032 10346 16312  2831  5693  3684
  9368  4423  6997  7371 12185  3215  5688] [] 1716448532.9550809860
[-1 -1 -1 -1 -1 -1 -1 -1 -1  1 -1 -1 -1 -1 -1 -1 -1 -1] [ 2  3 10 11 18 19 20 21 26 27 28 29 34 35 36 41 42 44] [10617  1883  3297  2223  2528  3145  6745 10353  2877  5692  4155 11011
  4880  7025  7898 12347  3266  9049] [] 1716448532.9980676174
[-1 -1 -1 -1 -1 -1 -1 -1 -1 -1 -1  1 -1  1 -1 -1 -1] [ 2  3 10 11 18 19 20 21 26 27 28 29 34 35 36 42 44] [10802  1937  3408  2317  2645  3250  8145 10534  2991  5911  4495 10974
  5331  6891  9940  3410 12331] [] 1716448533.0410957336
[-1 -1 -1 -1 -1 -1 -1 -1 -1 -1 -1 -1 -1 -1 -1 -1 -1] [ 2  3 10 11 18 19 20 21 26 27 28 29 34 35 36 42 44] [10825  2023  3565  2415  2735  3307  8656 10636  2993  6231  5523 11242
  6377  7756 12673  3504 12541] [] 1716448533.0841042995
[-1 -1 -1 -1 -1 -1 -1 -1 -1 -1 -1 -1 -1 -1 -1 -1 -1] [ 2  3 10 11 18 19 20 21 26 27 28 29 34 35 36 42 44] [13522  2047  3648  2486  2878  3386  8722 10694  3061  7243  5861 11759
  6626  8033 14319  3690 13405] [] 1716448533.1270861626
[-1 -1 -1 -1 -1 -1 -1 -1 -1 -1 -1 -1  1 -1] [ 3 10 11 18 19 20 21 26 27 28 34 35 36 42] [ 2106  3815  2614  3064  3449  8910 10804  3197  7371  6329  6794  9491
 13881  4119] [] 1716448533.1700773239
[-1 -1 -1 -1 -1 -1 -1 -1 -1 -1 -1 -1 -1 -1] [ 3 10 11 18 19 20 21 26 27 28 34 35 36 42] [ 2202  4109  2843  3287  3544 11131 11068  3371  7462  8735  7295 12284
 14292  4432] [] 1716448533.2131156921
[-1 -1 -1 -1 -1 -1 -1 -1 -1 -1 -1 -1 -1 -1] [ 3 10 11 18 19 20 21 26 27 28 34 35 36 42] [ 2297  4242  2966  3395  3578 11608 11264  3507  7464  9623  7417 12625
 14511  4796] [] 1716448533.2563138008
[-1 -1 -1 -1 -1 -1 -1 -1 -1 -1 -1 -1 -1] [ 3 10 11 18 19 20 26 27 28 34 35 36 42] [ 2363  4373  3209  3570  3755 11846  3611  7501 10890  7565 13782 14800
  5781] [] 1716448533.2990963459
[-1 -1 -1 -1 -1 -1 -1 -1 -1 -1 -1 -1] [ 3 10 11 18 19 20 26 27 28 34 35 42] [ 2499  4903  3429  4063  3813 12459  3888  7503 10894  8727 15760 14373] [] 1716448533.3421003819
[-1 -1 -1 -1 -1  1 -1 -1 -1  1] [ 3 10 11 18 19 20 26 27 28 34] [ 2607  5842  4087  4537  3968 12266  4316  7547 11385  8639] [] 1716448533.3850605488
[-1 -1 -1 -1 -1 -1 -1 -1 -1] [ 3 10 11 18 19 20 26 27 34] [ 2730  6827  4435  4929  4059 12524  5059  7609  8715] [] 1716448533.4280698299
[-1 -1 -1 -1 -1 -1 -1 -1 -1] [ 3 10 11 18 19 20 26 27 34] [ 2935  6876  5198  5441  4315 13619  5679  8605  9275] [] 1716448533.4710977077
[-1 -1 -1 -1 -1 -1 -1 -1] [ 3 10 11 18 19 26 27 34] [3267 7268 5955 6368 4500 6709 8885 9800] [] 1716448533.5140721798
[-1 -1 -1 -1 -1 -1 -1] [ 3 10 11 18 19 26 27] [3653 7989 6725 7591 4775 8425 9129] [] 1716448533.5570495129
[-1 -1 -1 -1 -1 -1 -1] [ 3 10 11 18 19 26 27] [ 3868  8705  7673 11138  5166  8525  9195] [] 1716448533.6000585556
[-1 -1 -1 -1 -1 -1 -1] [ 3 10 11 18 19 26 27] [ 4315 10057  9168 11446  5621  9209  9760] [] 1716448533.6430740356
[-1 -1  1 -1 -1 -1] [ 3 10 11 19 26 27] [ 4869 10363  9142  6432 10153 12863] [] 1716448533.6860492229
[-1  1] [ 3 11] [5407 8875] [] 1716448533.7290449142
[-1 -1] [ 3 11] [7516 8950] [] 1716448533.7720053196
[-1 -1] [ 3 11] [8831 9356] [] 1716448533.8150353432
[1] [11] [9249] [] 1716448533.8580138683
[-1] [11] [12134] [] 1716448533.9010112286
[-1] [11] [14015] [] 1716448533.9440078735
[-1] [11] [14153] [] 1716448533.9870154858
2 2 2 1716448534.1685142517
