FA TAX ADC PRES TS
[1] [11] [11533] [] 1716448684.5974955559
[1] [11] [11011] [] 1716448684.6404230595
[1] [11] [11007] [] 1716448684.6834521294
[1] [11] [10350] [] 1716448684.7264833450
[-1 -1] [11 19] [11056 12211] [] 1716448684.7693927288
[1 1] [11 19] [10140 10666] [] 1716448684.8122801781
[1 1] [11 19] [ 9667 10199] [] 1716448684.8554160595
[-1 -1 -1] [ 3 11 19] [11425  9869 10261] [] 1716448684.8982849121
[ 1  1 -1 -1] [ 3 11 19 27] [10002  9854 10331 12893] [] 1716448684.9413788319
[ 1 -1  1  1 -1] [ 3 11 19 27 28] [ 7168  9858  9527 12011 12652] [] 1716448684.9842219353
[ 1  1  1 -1  1  1] [ 3 11 19 26 27 28] [ 6430  9825  8535 15467  9912 12293] [] 1716448685.0273363590
[1 1 1 1 1 1] [ 3 11 19 26 27 28] [ 6233  9760  8091 15402  9662 11964] [] 1716448685.0703258514
[ 1 -1  1  1 -1  1  1 -1] [ 3 10 11 19 26 27 28 42] [ 5543 12124  9607  7983 15481  9474 11689 11171] [] 1716448685.1132462025
[ 1  1  1  1  1  1  1  1 -1] [ 3 10 11 19 26 27 28 42 44] [ 5037 10916  9475  7051 12795  9413 11633 11082 14322] [] 1716448685.1563210487
[ 1  1 -1  1  1 -1 -1 -1  1  1] [ 3 10 11 19 26 27 28 34 42 44] [ 4945  9977  9491  6378 12234  9596 11798 12723 10754 13909] [] 1716448685.1994254589
[ 1  1  1  1  1 -1 -1  1  1  1] [ 3 10 11 19 26 27 28 34 42 44] [ 4886  9452  9413  6032 12036  9631 11803 12573 10312 13607] [] 1716448685.2423939705
[ 1  1  1  1 -1 -1  1  1 -1  1  1  1] [ 3 10 11 19 20 21 26 27 28 34 42 44] [ 4783  8476  8627  5699 15761 12157 11921  9615 11911 12363 10078 13497] [] 1716448685.2853767872
[1 1 1 1 1 1 1 1 1 1 1 1] [ 3 10 11 19 20 21 26 27 28 34 42 44] [ 4469  6276  7771  5203 15119 11967 11788  9461 11759 12247  9189 13312] [] 1716448685.3282744884
[1 1 1 1 1 1 1 1 1 1 1 1] [ 3 10 11 19 20 21 26 27 28 34 42 44] [ 4365  5532  7706  4842 14828 11912 11634  9355 11727 11834  9057 13193] [] 1716448685.3713886738
[ 1  1 -1 -1  1  1 -1  1 -1  1  1  1 -1] [ 3 10 11 18 19 20 21 26 27 28 34 42 44] [ 4090  5029  8021 12946  4771 13648 11993 11520  9367 11476  9383  8734
 13219] [] 1716448685.4143869877
[ 1  1  1 -1  1 -1  1  1  1 -1  1  1  1] [ 3 10 11 18 19 20 21 26 27 28 34 42 44] [ 3918  4757  6116 13032  4463 13942 11362 11342  9210 11599  9209  8587
 13093] [] 1716448685.4573953152
[ 1  1  1  1  1  1 -1  1  1  1  1  1  1] [ 3 10 11 18 19 20 21 26 27 28 34 42 44] [ 3839  4475  5563 12928  4288 13504 11506 10975  9049 11403  8996  8359
 12964] [] 1716448685.5002279282
[ 1  1  1  1  1  1  1  1  1  1  1  1 -1] [ 3 10 11 18 19 20 21 26 27 28 34 42 44] [ 3791  4347  4459 12610  4125 13193 11418 10957  7742 11178  8891  8024
 13035] [] 1716448685.5434014797
[ 1  1  1  1  1  1  1  1  1 -1 -1  1  1  1] [ 3 10 11 18 19 20 21 26 27 28 29 34 42 44] [ 3449  3933  3959  8493  3923 12429 11202 10768  7305 11318 14055  7713
  7762 12879] [] 1716448685.5863945484
[ 1  1  1  1  1  1 -1  1  1 -1  1  1 -1  1 -1] [ 3 10 11 18 19 20 21 26 27 28 29 34 36 42 44] [ 3386  3811  3817  7515  3876 12071 11243 10621  7297 11612 12459  7612
 15332  6878 13061] [] 1716448685.6294026375
[ 1  1  1  1  1 -1  1  1  1  1  1  1  1  1  1] [ 3 10 11 18 19 20 21 26 27 28 29 34 36 42 44] [ 3247  3805  3511  7063  3821 12093 11184 10171  7240 11461 12034  7546
 15205  6191 12949] [] 1716448685.6723196507
[-1  1  1  1  1  1  1  1  1  1  1  1  1  1  1  1] [ 2  3 10 11 18 19 20 21 26 27 28 29 34 36 42 44] [15516  3055  3669  3280  5961  3631 11697 11012  8711  7035 11219 11804
  6769 15189  5746 12689] [] 1716448685.7152941227
[ 1  1  1  1  1 -1  1 -1 -1  1 -1  1  1 -1  1  1  1] [ 2  3 10 11 18 19 20 21 26 27 28 29 34 35 36 42 44] [11954  2943  3653  3135  5379  3635  9409 11066  8743  6411 11226 11705
  6504 14694 14743  5566 12511] [] 1716448685.7584228516
[ 1  1  1  1  1  1  1 -1  1  1  1 -1  1  1  1  1  1] [ 2  3 10 11 18 19 20 21 26 27 28 29 34 35 36 42 44] [11770  2797  3587  3079  4691  3613  8147 11116  8455  6333 10622 11748
  6246 13934 14629  4918 10464] [] 1716448685.8014409542
[-1  1  1  1  1  1  1 -1 -1  1  1  1  1  1  1  1  1 -1] [ 2  3 10 11 18 19 20 21 26 27 28 29 34 35 36 42 44 50] [11784  2619  3437  2989  4145  3448  6863 11202  8537  5956  7183 11504
  5925 13079 14227  4852  7786 10585] [] 1716448685.8442537785
[ 1  1  1  1  1  1 -1  1  1 -1  1  1  1  1  1  1  1  1] [ 2  3 10 11 18 19 20 21 26 27 28 29 34 35 36 42 44 50] [11757  2473  3435  2925  3859  3399  7030 11106  6803  6001  6469 11392
  5683 12824 12367  4377  6298 10242] [] 1716448685.8874607086
[ 1  1  1  1 -1  1  1 -1 -1  1  1  1 -1  1  1  1  1  1  1] [ 2  3 10 11 12 18 19 20 21 26 27 28 29 34 35 36 42 44 50] [11615  2429  3369  2880 16202  3535  3311  8283 11204  6338  5997  5570
 11468  4878 12710 12027  3917  5650  8644] [] 1716448685.9304320812
[ 1  1 -1  1 -1  1  1  1  1  1  1  1 -1  1 -1  1 -1  1  1  1] [ 2  3 10 11 12 18 19 20 21 26 27 28 29 34 35 36 41 42 44 50] [ 8421  2402  3371  2792 16315  3406  3208  7816 11171  6249  5860  5146
 11628  4630 13068 10777 16217  3475  4754  8164] [] 1716448685.9734396935
[ 1  1  1  1  1  1  1  1 -1  1  1  1 -1  1  1  1  1  1  1  1] [ 2  3 10 11 12 18 19 20 21 26 27 28 29 34 35 36 41 42 44 50] [ 8067  2354  3339  2533 12951  3071  3118  5998 11198  5558  5564  4551
 11779  4273 12006  9252 12041  3256  4460  8083] [] 1716448686.0163083076
[ 1  1  1  1  1  1  1 -1  1  1  1  1  1  1  1  1  1  1 -1 -1  1] [ 2  3 10 11 12 18 19 20 21 26 27 28 29 34 35 36 41 42 44 45 50] [ 8005  2305  3205  2447 12652  2949  3071  6015 11107  5157  5334  4127
  8492  4178 11364  8359 10722  3154  4612 13553  8067] [] 1716448686.0594525337
[-1  1  1  1  1  1  1  1 -1  1  1  1  1  1  1  1  1  1  1  1  1 -1] [ 2  3 10 11 12 18 19 20 21 26 27 28 29 34 35 36 41 42 44 45 50 51] [ 8051  2278  3101  2383 12575  2898  3032  5849 11125  4905  5313  3913
  8205  3946 11204  7723  9904  3015  4230 10012  7482 11380] [] 1716448686.1024603844
[1 1 1 1 1 1 1 1 1 1 1 1 1 1 1 1 1 1 1 1 1 1] [ 2  3 10 11 12 18 19 20 21 26 27 28 29 34 35 36 41 42 44 45 50 51] [ 7913  2203  2987  2265 10505  2748  3004  5617 10962  4186  5181  3601
  7939  3743  7923  7004  9691  2904  4180  9704  7330 11285] [] 1716448686.1454560757
[-1  1  1  1  1  1  1  1 -1  1  1  1  1  1  1  1  1  1  1 -1  1  1] [ 2  3 10 11 12 18 19 20 21 26 27 28 29 34 35 36 41 42 44 45 50 51] [ 7937  2171  2963  2259  9399  2719  2914  5311 10969  3963  5159  3469
  7877  3647  7698  6981  9255  2879  4116  9946  7094 11259] [] 1716448686.1883332729
[ 1  1  1  1  1  1  1  1  1  1  1  1  1  1  1  1  1  1  1 -1  1  1] [ 2  3 10 11 12 18 19 20 21 26 27 28 29 34 35 36 41 42 44 45 50 51] [ 7917  2152  2943  2187  9076  2719  2900  5233 10937  3849  5150  3462
  7842  3566  7435  6804  9117  2850  4028 10076  7044 11220] [] 1716448686.2314467430
[-1  1  1  1  1  1  1  1 -1  1 -1  1  1  1  1  1  1  1  1 -1 -1  1] [ 2  3 10 11 12 18 19 20 21 26 27 28 29 34 35 36 41 42 44 45 50 51] [ 7977  2143  2923  2164  8722  2681  2884  5153 10943  3766  5158  3427
  7819  3527  7389  6684  9026  2814  4018 10357  7054 11190] [] 1716448686.2744352818
[ 1 -1 -1  1  1 -1  1  1 -1  1  1  1  1  1  1 -1 -1 -1 -1  1 -1 -1] [ 2  3 10 11 12 18 19 20 21 26 27 28 29 34 35 36 41 42 44 45 50 51] [ 7879  2158  2951  2155  8694  2695  2827  5087 10960  3763  5157  3419
  7758  3499  7307  6799  9547  2845  4056  9938  7312 11242] [] 1716448686.3174495697
[-1 -1  1  1 -1  1 -1 -1 -1 -1  1  1 -1  1 -1 -1 -1 -1 -1  1 -1 -1] [ 2  3 10 11 12 18 19 20 21 26 27 28 29 34 35 36 41 42 44 45 50 51] [ 7892  2175  2933  2144  8947  2675  2849  5120 10962  3819  5148  3416
  7832  3488  7336  6810  9691  2930  4107  9823  7425 11472] [] 1716448686.3602628708
[ 1  1  1 -1 -1 -1 -1 -1  1 -1  1 -1  1 -1 -1 -1 -1 -1 -1 -1] [ 2  3 10 11 12 18 19 20 21 26 27 28 29 34 35 36 41 42 44 50] [ 7751  2148  2881  2199 10141  2687  2934  5164 10773  3867  5145  3455
  7796  3583  7455  6966 10385  2938  4340  7937] [] 1716448686.4034621716
[-1 -1 -1 -1 -1 -1  1 -1  1 -1  1 -1 -1 -1 -1 -1 -1 -1 -1 -1] [ 2  3 10 11 12 18 19 20 21 26 27 28 29 34 35 36 41 42 44 50] [ 7857  2226  3027  2229 11845  2767  2932  5291 10737  4215  5127  3579
  7838  3596  8020  7629 13698  3098  4558  8151] [] 1716448686.4464411736
[ 1  1 -1 -1 -1 -1 -1 -1  1 -1 -1 -1 -1 -1 -1 -1 -1 -1 -1] [ 2  3 10 11 12 18 19 20 21 26 27 28 29 34 35 36 42 44 50] [ 7831  2221  3033  2333 12458  2790  2999  5436 10616  4674  5158  3803
  8058  3712  8140  7858  3441  5101 10325] [] 1716448686.4894697666
[-1 -1 -1 -1 -1 -1 -1 -1  1 -1 -1 -1 -1 -1 -1 -1 -1 -1] [ 2  3 10 11 12 18 19 20 21 26 27 28 29 34 35 36 42 44] [ 7949  2290  3191  2365 13106  2907  3039  5780 10552  4923  5198  4303
 11376  3990  8518  8627  3688  6827] [] 1716448686.5323774815
[-1 -1  1 -1 -1 -1 -1 -1  1 -1  1 -1 -1 -1 -1 -1 -1 -1] [ 2  3 10 11 12 18 19 20 21 26 27 28 29 34 35 36 42 44] [ 8136  2339  3175  2598 16181  3098  3154  5899 10550  5996  5159  4777
 11515  4374 10875  9837  4097  7870] [] 1716448686.5755145550
[-1 -1 -1 -1  1 -1 -1 -1 -1 -1 -1 -1  1 -1  1 -1 -1 -1] [ 2  3 10 11 12 18 19 20 21 26 27 28 29 34 35 36 42 44] [11338  2342  3177  2745 16175  3305  3199  7078 10711  6053  5224  4950
 11382  4708 10834 10822  5297 10310] [] 1716448686.6184716225
[-1 -1 -1 -1 -1 -1 -1 -1 -1 -1 -1 -1 -1  1 -1 -1 -1] [ 2  3 10 11 18 19 20 21 26 27 28 29 34 35 36 42 44] [11476  2449  3224  2805  3684  3256  8183 10895  7713  5314  6231 11460
  5712 10817 13012  5357 11926] [] 1716448686.6613738537
[-1 -1 -1 -1 -1 -1 -1  1 -1 -1 -1 -1 -1 -1 -1 -1 -1] [ 2  3 10 11 18 19 20 21 26 27 28 29 34 35 36 42 44] [11758  2525  3295  2916  3773  3293  8197 10882  7872  5461  7621 11653
  6078 10857 14825  5558 12548] [] 1716448686.7042608261
[-1 -1 -1 -1 -1 -1 -1  1 -1 -1 -1 -1 -1 -1  1 -1 -1] [ 2  3 10 11 18 19 20 21 26 27 28 29 34 35 36 42 44] [11783  2685  3514  3121  4203  3462  8456 10802  8115  5991 10780 11914
  6507 12689 14669  6602 12621] [] 1716448686.7474458218
[-1 -1 -1 -1 -1 -1 -1  1 -1 -1  1 -1 -1  1 -1 -1] [ 2  3 10 11 18 19 20 21 26 27 28 34 35 36 42 44] [15130  2799  3616  3201  4649  3562  8772 10772  8263  6027 10662  6846
 12871 14469  6912 12795] [] 1716448686.7904520035
[-1 -1 -1 -1 -1 -1 -1  1 -1 -1 -1 -1  1 -1 -1 -1] [ 2  3 10 11 18 19 20 21 26 27 28 34 35 36 42 44] [15232  3131  3694  3583  5710  3663 11000 10771  8528  6388 10781  7627
 12738 14921  7175 13411] [] 1716448686.8334240913
[-1 -1 -1 -1 -1 -1 -1 -1 -1 -1  1 -1 -1 -1 -1] [ 2  3 10 11 18 19 20 21 26 27 28 34 35 42 44] [15354  3403  3841  3848  7289  3823 11215 11026 10486  6931 10766  7885
 14785  7820 13619] [] 1716448686.8762843609
[-1 -1 -1 -1 -1 -1 -1 -1 -1 -1 -1 -1 -1 -1] [ 2  3 10 11 18 19 20 21 26 27 28 34 35 42] [15496  3593  4010  4149  7644  3877 11697 11194 10609  6964 10827  8580
 15229  9490] [] 1716448686.9194228649
[-1 -1 -1 -1 -1 -1 -1 -1 -1 -1 -1 -1] [ 3 10 11 18 19 20 21 26 27 28 34 42] [ 3797  4259  5402  8815  4136 12660 11448 10998  8507 10952  9107 15173] [] 1716448686.9624276161
[-1 -1 -1 -1 -1 -1 -1 -1 -1 -1 -1] [ 3 10 11 18 19 20 21 26 27 28 34] [ 3871  4587  6391  8993  4340 12907 11780 11038  8756 11204  9235] [] 1716448687.0054037571
[-1 -1 -1 -1 -1 -1 -1 -1 -1 -1] [ 3 10 11 18 19 20 26 27 28 34] [ 4095  5121  7557 16126  4651 13557 11244  9013 11212  9569] [] 1716448687.0483181477
[-1 -1 -1 -1 -1 -1 -1 -1 -1] [ 3 10 11 19 20 26 27 28 34] [ 4160  6673  7566  4906 15315 11330  9195 11447 12999] [] 1716448687.0914068222
[-1 -1 -1 -1 -1 -1 -1] [ 3 10 11 19 26 27 28] [ 4507  7521  7652  5271 11652  9387 11962] [] 1716448687.1343588829
[-1 -1 -1 -1 -1  1] [ 3 10 11 19 26 27] [ 4685  8734  8642  6327 12686  9258] [] 1716448687.1773490906
[-1 -1 -1 -1  1] [ 3 10 11 19 27] [5673 9582 9217 7023 9204] [] 1716448687.2203164101
[-1 -1 -1 -1 -1] [ 3 10 11 19 27] [ 7979 15026  9441  7932  9321] [] 1716448687.2633738518
[-1 -1 -1 -1] [ 3 11 19 27] [ 9276  9490 10333 11780] [] 1716448687.3063993454
[-1 -1] [11 27] [ 9607 11794] [] 1716448687.3493294716
[-1 -1] [11 27] [ 9877 12171] [] 1716448687.3922491074
[1] [11] [9822] [] 1716448687.4353330135
[-1] [11] [11688] [] 1716448687.4783523083
[-1] [11] [12036] [] 1716448687.5213563442
2 2 2 1716448687.6202697754
