FA TAX ADC PRES TS
[-1] [11] [12121] [] 1716448714.5976819992
[1] [11] [11193] [] 1716448714.6405916214
[-1 -1] [11 27] [11553 16041] [] 1716448714.6836905479
[1 1] [11 27] [11473 12962] [] 1716448714.7266643047
[1 1] [11 27] [10977 12418] [] 1716448714.7696685791
[1 1] [11 27] [10214 11840] [] 1716448714.8126666546
[-1 -1 -1 -1] [11 26 27 28] [10320 12464 12214 13655] [] 1716448714.8557052612
[1 1 1 1] [11 26 27 28] [ 9665 11692 11580 12285] [] 1716448714.8987033367
[-1 -1 -1 -1 -1 -1] [ 3 11 18 26 27 28] [11775  9909 12443 11785 11706 12317] [] 1716448714.9416978359
[1 1 1 1 1 1] [ 3 11 18 26 27 28] [10083  9770 11876 11606  9709 12001] [] 1716448714.9848527908
[1 1 1 1 1 1] [ 3 11 18 26 27 28] [ 9411  9598 11479 11393  9471 11853] [] 1716448715.0277905464
[ 1  1  1  1  1  1 -1] [ 3 11 18 26 27 28 42] [ 9110  9482 11282 11240  9320 11601 15815] [] 1716448715.0708804131
[1 1 1 1 1 1 1] [ 3 11 18 26 27 28 42] [ 8958  9432 10952 11037  9234 11577 13640] [] 1716448715.1137766838
[ 1  1  1 -1 -1  1 -1  1 -1 -1] [ 3 11 18 19 20 26 27 28 42 44] [ 6328  9414 10777  8972 14959 10926  9348 11471 15661 13968] [] 1716448715.1567642689
[ 1  1  1  1  1  1  1 -1  1  1] [ 3 11 18 19 20 26 27 28 42 44] [ 5894  9413 10632  8252 14317 10843  9276 11550 11068 13804] [] 1716448715.1997818947
[ 1  1  1  1  1  1 -1  1  1  1] [ 3 11 18 19 20 26 27 28 42 44] [ 5836  9320 10464  8061 14069 10799  9328 11549 11057 13377] [] 1716448715.2427616119
[ 1  1  1  1  1  1 -1  1  1  1] [ 3 11 18 19 20 26 27 28 42 44] [ 5597  9226 10306  7215 13290 10651  9330 11454  9612 13006] [] 1716448715.2858076096
[ 1  1  1  1  1  1  1  1  1 -1] [ 3 11 18 19 20 26 27 28 42 44] [ 5447  8136 10275  6012 12988 10619  9159 11345  9590 13094] [] 1716448715.3288052082
[-1 -1  1 -1  1  1 -1 -1  1 -1  1 -1] [ 3 10 11 18 19 20 26 27 28 34 42 44] [ 5475 15756  8131 10306  5722 12415 10671  9180 11214 15127  8697 13199] [] 1716448715.3718249798
[ 1  1  1  1  1  1  1  1 -1  1 -1  1  1] [ 3 10 11 18 19 20 26 27 28 34 36 42 44] [ 4914 11107  6256 10056  5217 12346 10577  9039 11281 14604 15217  7843
 12961] [] 1716448715.4147584438
[ 1  1  1  1  1  1  1  1 -1 -1  1  1  1  1] [ 3 10 11 18 19 20 26 27 28 29 34 36 42 44] [ 4456  9686  5060  7912  4944 12264 10299  8998 11330 12228 14487 15011
  7759 12891] [] 1716448715.4578452110
[ 1  1  1  1  1 -1  1  1  1  1 -1  1  1 -1] [ 3 10 11 18 19 20 26 27 28 29 34 36 42 44] [ 4194  8754  4892  7555  4809 12298  9051  8917 11267 12124 14533 14838
  7546 13007] [] 1716448715.5008413792
[-1  1  1  1  1  1  1 -1  1  1  1 -1  1 -1  1  1] [ 2  3 10 11 18 19 20 21 26 27 28 29 34 36 42 44] [15654  4134  7181  4464  6716  4689 11642 12510  8427  8790  9330 12192
 14362 14865  7194 12829] [] 1716448715.5438270569
[ 1  1  1  1  1  1  1  1  1  1  1  1  1 -1 -1  1] [ 2  3 10 11 18 19 20 21 26 27 28 29 34 36 42 44] [15174  3939  6772  4225  5709  4421  9467 11768  8118  7162  9106 11878
 14324 15538  7289 11251] [] 1716448715.5867908001
[ 1 -1  1  1  1  1 -1  1  1  1 -1  1  1 -1  1  1] [ 2  3 10 11 18 19 20 21 26 27 28 29 34 36 42 44] [10543  3947  6497  4095  5300  4340  9476 11483  8027  7140  9135 11745
 10390 15567  6975 10980] [] 1716448715.6298232079
[1 1 1 1 1 1 1 1 1 1 1 1 1 1 1 1] [ 2  3 10 11 18 19 20 21 26 27 28 29 34 36 42 44] [ 9466  3797  6165  3887  4962  4171  9283 11412  6979  6807  8777 11566
  8796 14378  6793  8492] [] 1716448715.6727640629
[1 1 1 1 1 1 1 1 1 1 1 1 1 1 1 1] [ 2  3 10 11 18 19 20 21 26 27 28 29 34 36 42 44] [ 9382  3589  5754  3590  4356  3877  9100 11215  5373  6634  8754  8472
  8629 11826  5558  8079] [] 1716448715.7158076763
[-1  1  1  1  1  1  1 -1  1  1  1  1  1  1  1  1] [ 2  3 10 11 18 19 20 21 26 27 28 29 34 36 42 44] [ 9465  3437  5307  3507  4221  3777  7922 11408  4759  6514  7577  8377
  8521 11592  5007  7195] [] 1716448715.7587802410
[ 1  1  1  1  1  1  1  1  1  1  1  1  1  1  1  1 -1] [ 2  3 10 11 18 19 20 21 26 27 28 29 34 36 42 44 50] [ 9359  3183  4817  3435  3825  3754  6587 11327  4435  6484  7353  8242
  7315 10429  4908  6509 10432] [] 1716448715.8017773628
[ 1  1  1  1  1  1  1  1  1  1  1 -1  1  1  1  1  1] [ 2  3 10 11 18 19 20 21 26 27 28 29 34 36 42 44 50] [ 9326  3083  4177  3258  3610  3607  6338 11172  4234  6447  6889  8251
  6752  8619  4758  5640 10328] [] 1716448715.8447651863
[1 1 1 1 1 1 1 1 1 1 1 1 1 1 1 1 1] [ 2  3 10 11 18 19 20 21 26 27 28 29 34 36 42 44 50] [ 9293  2953  4011  3179  3344  3563  6216 11088  3959  6363  6540  8174
  6242  7845  4585  5214  9588] [] 1716448715.8879077435
[1 1 1 1 1 1 1 1 1 1 1 1 1 1 1 1 1] [ 2  3 10 11 18 19 20 21 26 27 28 29 34 36 42 44 50] [ 9292  2803  3855  3072  3171  3487  5969 10931  3863  6281  6261  7993
  5977  7384  4250  4937  8123] [] 1716448715.9309575558
[ 1  1  1  1  1  1  1  1  1  1  1  1  1  1  1  1  1 -1] [ 2  3 10 11 18 19 20 21 26 27 28 29 34 36 42 44 50 51] [ 8135  2714  3591  2964  3072  3392  5637 10752  3728  6190  6044  7783
  5895  6929  4135  4692  6973 11919] [] 1716448715.9739735126
[ 1  1  1  1  1  1 -1  1  1  1  1  1  1  1  1  1  1  1] [ 2  3 10 11 18 19 20 21 26 27 28 29 34 36 42 44 50 51] [ 7915  2594  3437  2630  2940  3323  5763 10459  3589  6099  5274  7713
  5774  6739  3929  4514  6164 11517] [] 1716448716.0169525146
[-1  1  1  1  1  1  1 -1  1  1  1  1  1 -1  1  1  1  1  1] [ 2  3 10 11 18 19 20 21 26 27 28 29 34 35 36 42 44 50 51] [ 7956  2444  3364  2549  2854  3218  5411 10495  3471  6005  4759  7619
  5507 16296  6373  3604  4385  5665 11151] [] 1716448716.0598754883
[ 1  1  1  1  1  1  1  1  1  1  1  1  1  1  1  1  1 -1  1  1] [ 2  3 10 11 18 19 20 21 26 27 28 29 34 35 36 42 44 45 50 51] [ 7817  2359  3297  2479  2791  3164  5264 10333  3301  5953  4406  7472
  5435 16048  6058  3427  4300 14184  4883 11112] [] 1716448716.1028258801
[-1  1  1  1  1  1  1  1  1  1  1 -1  1  1  1  1  1  1  1  1] [ 2  3 10 11 18 19 20 21 26 27 28 29 34 35 36 42 44 45 50 51] [ 7862  2229  3167  2312  2723  3058  5200 10295  3115  5919  4035  7563
  4926 14179  5686  3291  4244  8351  4704 10943] [] 1716448716.1457889080
[ 1  1 -1  1  1  1  1 -1  1 -1  1  1 -1  1  1  1  1  1  1  1] [ 2  3 10 11 18 19 20 21 26 27 28 29 34 35 36 42 44 45 50 51] [ 7819  2153  3231  2200  2677  2999  5024 10488  2983  6075  3794  7539
  5045 12090  5463  3140  4086  8222  4616 10931] [] 1716448716.1888093948
[ 1  1  1  1  1  1  1  1  1 -1  1  1  1  1  1  1  1 -1  1 -1] [ 2  3 10 11 18 19 20 21 26 27 28 29 34 35 36 42 44 45 50 51] [ 7807  2143  3165  2162  2591  2899  5012 10413  2927  6109  3706  7381
  4903 11602  5407  3080  4044  8256  4556 10937] [] 1716448716.2317855358
[ 1  1  1  1  1  1  1  1  1  1  1 -1  1  1  1  1 -1  1  1 -1] [ 2  3 10 11 18 19 20 21 26 27 28 29 34 35 36 42 44 45 50 51] [ 7788  2107  3119  2143  2530  2884  4996 10350  2837  6017  3643  7398
  4767 11548  5320  3064  4075  8164  4539 10957] [] 1716448716.2747890949
[-1 -1  1  1 -1  1  1  1 -1 -1  1 -1  1  1 -1  1  1  1 -1 -1] [ 2  3 10 11 18 19 20 21 26 27 28 29 34 35 36 42 44 45 50 51] [ 7806  2139  3109  2139  2559  2850  4855 10347  2865  6023  3588  7465
  4758 11248  5334  3062  4020  8121  4550 10980] [] 1716448716.3177857399
[ 1  1  1  1  1  1  1  1  1 -1  1  1  1  1 -1 -1 -1 -1 -1  1] [ 2  3 10 11 18 19 20 21 26 27 28 29 34 35 36 42 44 45 50 51] [ 7745  2089  3071  2134  2517  2846  4847 10318  2810  6037  3584  7369
  4754 11054  5358  3082  4176  8759  4633 10937] [] 1716448716.3608243465
[ 1 -1 -1 -1 -1 -1 -1 -1 -1  1 -1  1 -1  1  1 -1  1 -1  1] [ 2  3 10 11 18 19 20 21 26 27 28 29 34 35 36 42 44 50 51] [ 7724  2127  3103  2147  2546  2930  4985 10325  2879  6014  3665  7351
  4837 10966  5355  3251  4091  5105 10882] [] 1716448716.4038178921
[ 1  1 -1 -1 -1 -1  1  1 -1  1 -1  1 -1 -1  1 -1 -1 -1 -1] [ 2  3 10 11 18 19 20 21 26 27 28 29 34 35 36 42 44 50 51] [ 7678  2123  3107  2191  2575  2957  4956 10233  2897  5941  3708  7282
  4964 11004  5319  3382  4296  6140 11773] [] 1716448716.4468204975
[ 1 -1 -1 -1 -1 -1 -1 -1 -1  1 -1 -1 -1 -1 -1 -1 -1 -1] [ 2  3 10 11 18 19 20 21 26 27 28 29 34 35 36 42 44 50] [ 7602  2186  3147  2304  2691  3030  5023 10258  2983  5919  3909  7338
  5133 11219  5687  3511  4370  6886] [] 1716448716.4897415638
[ 1 -1 -1 -1 -1 -1 -1 -1 -1 -1 -1 -1 -1 -1 -1 -1 -1 -1] [ 2  3 10 11 18 19 20 21 26 27 28 29 34 35 36 42 44 50] [ 7580  2267  3231  2399  2747  3064  5102 10321  3227  5921  4046  7353
  5399 11360  5817  3849  4809 10210] [] 1716448716.5329098701
[ 1 -1 -1 -1 -1 -1 -1  1 -1 -1 -1 -1 -1 -1 -1 -1 -1] [ 2  3 10 11 18 19 20 21 26 27 28 29 34 35 36 42 44] [ 7420  2491  3266  2597  2805  3141  5389 10215  3351  5975  4817  7587
  5452 12136  6360  3935  5222] [] 1716448716.5760335922
[-1 -1 -1 -1 -1 -1 -1 -1 -1  1 -1 -1 -1 -1 -1 -1 -1] [ 2  3 10 11 18 19 20 21 26 27 28 29 34 35 36 42 44] [ 7658  2591  3324  2822  2913  3184  5409 10368  3461  5969  5425  7815
  5460 15736  6714  4269  6111] [] 1716448716.6189742088
[-1 -1 -1 -1 -1 -1 -1  1 -1 -1 -1 -1 -1  1 -1 -1 -1] [ 2  3 10 11 18 19 20 21 26 27 28 29 34 35 36 42 44] [ 8490  2638  3325  2971  2957  3279  5552 10367  3574  6052  5883  7919
  5576 15675  7033  4475  7045] [] 1716448716.6620583534
[ 1 -1 -1 -1 -1 -1 -1 -1 -1 -1 -1 -1 -1 -1 -1 -1] [ 2  3 10 11 18 19 20 21 26 27 28 29 34 36 42 44] [ 8402  2873  3623  3147  3253  3361  6213 10769  3792  6126  6931 11219
  6642  8185  4614  8008] [] 1716448716.7048878670
[-1 -1 -1 -1 -1 -1 -1 -1 -1  1 -1 -1 -1 -1 -1 -1] [ 2  3 10 11 18 19 20 21 26 27 28 29 34 36 42 44] [ 8441  2970  3850  3262  3453  3398  7232 10811  3933  6094  7522 11342
  7373  9013  4905  8718] [] 1716448716.7480638027
[ 1 -1 -1 -1 -1 -1 -1 -1 -1 -1 -1 -1 -1 -1 -1 -1] [ 2  3 10 11 18 19 20 21 26 27 28 29 34 36 42 44] [ 8415  3133  4429  3428  3653  3521  7630 11089  4253  6271  7593 11600
  9366 11147  5792 12447] [] 1716448716.7910003662
[-1 -1 -1 -1 -1 -1 -1  1 -1  1 -1 -1 -1 -1 -1  1] [ 2  3 10 11 18 19 20 21 26 27 28 29 34 36 42 44] [ 8714  3395  4883  3529  3991  3636  8746 10976  4747  6267  8631 11884
 10697 11590  7148 12343] [] 1716448716.8340127468
[-1 -1 -1 -1 -1 -1 -1 -1 -1 -1 -1 -1 -1 -1 -1] [ 2  3 10 11 18 19 20 21 26 27 28 34 36 42 44] [ 9539  3704  5304  3823  4943  3877  8794 10990  7417  6304  8727 10811
 13946  8320 12842] [] 1716448716.8770124912
[-1 -1 -1 -1 -1 -1 -1 -1 -1 -1 -1 -1 -1 -1 -1] [ 2  3 10 11 18 19 20 21 26 27 28 34 36 42 44] [14713  3858  5494  4171  6043  4107  8996 11560  8023  6425 10873 14531
 14580  9170 13610] [] 1716448716.9200117588
[ 1  1 -1 -1 -1 -1 -1 -1 -1  1 -1 -1] [ 2  3 10 11 18 19 20 26 27 28 34 36] [14700  3816  5992  4456  6246  4181  9250  8578  6610 10770 14832 15527] [] 1716448716.9630200863
[-1 -1 -1 -1 -1 -1 -1 -1 -1 -1  1 -1] [ 2  3 10 11 18 19 20 26 27 28 36 42] [14802  4299  7199  5922  7627  4541 11998 10274  6783 11073 15039 15020] [] 1716448717.0059580803
[-1 -1 -1 -1 -1 -1 -1 -1 -1 -1 -1] [ 2  3 10 11 18 19 20 26 27 28 36] [15091  4779  7824  6192  7648  4759 12294 10425  7027 11099 15129] [] 1716448717.0490348339
[-1 -1 -1 -1 -1 -1 -1 -1 -1] [ 3 10 11 18 19 20 26 27 28] [ 5266 10515  8013 10057  5199 13198 10477  7417 11133] [] 1716448717.0921261311
[-1 -1 -1 -1 -1 -1 -1 -1] [ 3 10 11 18 19 26 27 28] [ 5553 13641  9148 10238  6278 10591  8987 11556] [] 1716448717.1347906590
[-1 -1  1 -1 -1 -1  1] [ 3 10 11 18 19 26 27] [ 5795 13804  9147 10568  7367 10752  8870] [] 1716448717.1778004169
[-1 -1 -1 -1 -1 -1] [ 3 11 18 19 26 27] [ 8606  9257 10744  9161 11217  9215] [] 1716448717.2207412720
[-1 -1 -1 -1 -1 -1] [ 3 11 18 19 26 27] [ 8896  9359 11017 10420 11885  9303] [] 1716448717.2637743950
[-1 -1 -1 -1] [ 3 11 18 27] [ 9508  9499 12282  9306] [] 1716448717.3067243099
[1 1] [11 27] [9246 9114] [] 1716448717.3497397900
[-1] [11] [9915] [] 1716448717.3927173615
[-1] [11] [10072] [] 1716448717.4357991219
[-1] [11] [10630] [] 1716448717.4787609577
[-1] [11] [12939] [] 1716448717.5219378471
2 2 2 1716448717.6510815620
