FA TAX ADC PRES TS
[-1] [11] [14830] [] 1716449375.5163853168
[1] [11] [14107] [] 1716449375.5594980717
[1] [11] [14069] [] 1716449375.6024813652
[1] [11] [13673] [] 1716449375.6454818249
[1] [11] [12928] [] 1716449375.6884865761
[1] [11] [10778] [] 1716449375.7314884663
[1] [11] [9707] [] 1716449375.7744486332
[-1  1] [ 3 11] [11669  9529] [] 1716449375.8175032139
[1 1] [ 3 11] [9699 9354] [] 1716449375.8604180813
[1 1] [ 3 11] [9258 9261] [] 1716449375.9034750462
[1 1] [ 3 11] [6185 9084] [] 1716449375.9464445114
[ 1 -1 -1 -1] [ 3 11 19 27] [ 6137  9399  9086 13467] [] 1716449375.9894769192
[1 1 1 1] [ 3 11 19 27] [5940 9231 7292 9349] [] 1716449376.0322592258
[ 1 -1 -1  1 -1 -1] [ 3 10 11 19 26 27] [ 5792 14025  9437  6769 11384  9378] [] 1716449376.0754384995
[ 1  1 -1  1  1  1] [ 3 10 11 19 26 27] [ 5593 13483  9481  6281 11154  9195] [] 1716449376.1185333729
[ 1  1  1  1 -1 -1 -1] [ 3 10 11 19 26 27 34] [ 4879 10798  9104  5986 11239  9324 12671] [] 1716449376.1614422798
[1 1 1 1 1 1 1] [ 3 10 11 19 26 27 34] [ 4655  9480  8205  5394 11133  9079 12233] [] 1716449376.2044990063
[ 1  1 -1 -1  1 -1  1 -1  1] [ 3 10 11 18 19 20 26 27 34] [ 4535  9015  8236 11392  5035 15039 11001  9226 12061] [] 1716449376.2475032806
[ 1  1 -1  1  1  1  1 -1 -1  1] [ 3 10 11 18 19 20 26 27 28 34] [ 4433  8482  8442 10931  5002 13871 10935  9241 11994 10434] [] 1716449376.2905113697
[1 1 1 1 1 1 1 1 1 1] [ 3 10 11 18 19 20 26 27 28 34] [ 4307  7564  8012 10524  4497 13431 10732  8955 11425 10294] [] 1716449376.3335082531
[-1  1  1  1  1  1  1 -1 -1  1 -1] [ 3 10 11 18 19 20 26 27 28 34 42] [ 4309  6347  6883  7938  4333 13415 10671  9073 11472  8755 13682] [] 1716449376.3765327930
[-1 -1  1  1  1  1  1 -1  1  1  1  1] [ 2  3 10 11 18 19 20 26 27 28 34 42] [13016  4395  5775  6282  7015  4288 13273 10688  9013 11155  8754  9827] [] 1716449376.4195234776
[ 1  1  1  1  1  1  1 -1  1 -1 -1 -1 -1  1] [ 2  3 10 11 18 19 20 21 26 27 28 34 36 42] [12603  4277  5229  5431  5402  4203 13097 11538 10239  9023 11466  8757
 15096  8507] [] 1716449376.4625432491
[1 1 1 1 1 1 1 1 1 1 1 1 1 1] [ 2  3 10 11 18 19 20 21 26 27 28 34 36 42] [12596  3866  4790  4497  5169  4045 12787 11271  8835  8742 11292  8506
 14971  8003] [] 1716449376.5054423809
[ 1  1  1  1  1  1  1  1  1  1  1  1 -1  1] [ 2  3 10 11 18 19 20 21 26 27 28 34 36 42] [ 8964  3711  4537  4194  5039  3919 10328 11063  8439  8723  9124  8496
 15079  6346] [] 1716449376.5481932163
[ 1  1  1  1  1  1  1 -1  1  1  1  1 -1  1 -1] [ 2  3 10 11 18 19 20 21 26 27 28 34 36 42 44] [ 7813  3435  4113  3541  4645  3799  9739 11100  6741  7712  8921  7559
 15481  5581 14121] [] 1716449376.5915925503
[-1  1  1  1  1  1  1  1  1  1  1 -1  1  1  1  1] [ 2  3 10 11 18 19 20 21 26 27 28 29 34 36 42 44] [ 7841  3319  3958  3307  4226  3763  9668 11002  5551  7645  8886 12248
  6631 14863  5193 13723] [] 1716449376.6345291138
[ 1  1  1  1  1  1  1  1  1  1  1  1  1 -1  1  1] [ 2  3 10 11 18 19 20 21 26 27 28 29 34 36 42 44] [ 7685  3123  3743  3101  4099  3659  9380 10930  4604  6522  7262 11714
  6327 15325  4876 12893] [] 1716449376.6774978638
[ 1  1  1  1  1  1 -1 -1  1  1  1  1 -1  1  1  1] [ 2  3 10 11 18 19 20 21 26 27 28 29 34 36 42 44] [ 7231  2757  3531  2769  3741  3506  9408 10985  4023  6166  6209 11606
  6598 13965  4731  9745] [] 1716449376.7203624249
[1 1 1 1 1 1 1 1 1 1 1 1 1 1 1 1] [ 2  3 10 11 18 19 20 21 26 27 28 29 34 36 42 44] [ 7139  2650  3405  2613  3457  3483  9254 10945  3805  6111  5725 11535
  5675 13471  4502  7592] [] 1716449376.7635886669
[ 1  1  1  1  1  1 -1 -1  1  1  1 -1  1 -1  1  1  1] [ 2  3 10 11 18 19 20 21 26 27 28 29 34 35 36 42 44] [ 6990  2464  3319  2376  3228  3371  9257 10965  3606  5992  5321 11762
  5051 15913 10716  4231  6635] [] 1716449376.8065431118
[ 1  1  1  1  1  1  1  1  1 -1  1  1  1  1  1  1  1] [ 2  3 10 11 18 19 20 21 26 27 28 29 34 35 36 42 44] [ 6976  2393  3228  2312  3117  3363  8197 10901  3493  6015  4817  8675
  4462 15425  9749  3940  5618] [] 1716449376.8495094776
[ 1  1  1  1  1  1  1  1  1  1  1  1  1  1  1  1  1 -1] [ 2  3 10 11 18 19 20 21 26 27 28 29 34 35 36 42 44 50] [ 6869  2359  3166  2203  2983  3222  7146 10796  3335  5932  4485  8275
  4169 10936  8227  3827  5124  7292] [] 1716449376.8923332691
[ 1  1  1 -1 -1  1  1  1 -1  1 -1  1  1  1  1  1  1  1  1] [ 2  3 10 11 12 18 19 20 21 26 27 28 29 34 35 36 42 44 50] [ 6768  2306  3119  2207 15038  2813  3177  6948 10866  3231  5952  4295
  8033  4066 10448  7547  3421  4420  5783] [] 1716449376.9355769157
[1 1 1 1 1 1 1 1 1 1 1 1 1 1 1 1 1 1 1] [ 2  3 10 11 12 18 19 20 21 26 27 28 29 34 35 36 42 44 50] [ 6628  2249  3011  2077 14762  2679  3001  6640 10606  3117  5858  3687
  7773  3803  9915  6709  3164  4132  5092] [] 1716449376.9785604477
[-1  1  1  1  1  1  1 -1 -1  1  1  1  1  1  1  1  1 -1  1  1 -1] [ 2  3 10 11 12 18 19 20 21 26 27 28 29 34 35 36 42 43 44 50 51] [ 6674  2211  2943  2027 14638  2587  2930  6710 10724  3034  5792  3507
  7570  3652  9646  6121  3138 14387  4034  4687 11611] [] 1716449377.0215175152
[-1  1 -1  1  1 -1  1  1  1 -1  1  1  1  1 -1  1  1  1  1 -1  1  1  1] [ 2  3  4 10 11 12 18 19 20 21 26 27 28 29 33 34 35 36 42 43 44 50 51] [ 6731  2171 12756  2919  1962 14648  2533  2897  5338 10778  2927  5680
  3408  7521 13312  3646  9072  5822  2956 14484  3948  4370 11131] [] 1716449377.0645005703
[ 1  1 -1  1  1 -1 -1  1  1 -1  1 -1  1  1  1  1  1  1  1 -1  1  1  1] [ 2  3  4 10 11 12 18 19 20 21 26 27 28 29 33 34 35 36 42 43 44 50 51] [ 6583  2149 12905  2879  1912 14719  2534  2870  5060 10819  2857  5702
  3279  7478 13076  3531  8713  5533  2892 14539  3788  4289 11063] [] 1716449377.1075594425
[-1  1  1  1  1  1  1 -1  1 -1  1  1  1  1  1  1  1  1  1 -1 -1  1  1] [ 2  3  4 10 11 12 18 19 20 21 26 27 28 29 33 34 35 36 42 43 44 50 51] [ 6613  2117 12651  2823  1880 14531  2464  2884  4930 10868  2815  5483
  3151  7473 12907  3478  8305  5338  2782 14958  3803  4190 10967] [] 1716449377.1505558491
[ 1  1 -1  1  1 -1  1  1 -1 -1  1  1 -1 -1  1  1 -1  1  1  1  1  1  1] [ 2  3  4 10 11 12 18 19 20 21 26 27 28 29 33 34 35 36 42 43 44 50 51] [ 6529  2103 12790  2815  1873 14575  2444  2818  4941 10905  2800  5429
  3158  7479 12859  3408  8386  5321  2762 14925  3782  4168 10947] [] 1716449377.1935520172
[ 1 -1 -1 -1  1  1 -1 -1  1  1 -1  1  1 -1  1  1  1  1 -1  1 -1 -1 -1] [ 2  3  4 10 11 12 18 19 20 21 26 27 28 29 33 34 35 36 42 43 44 50 51] [ 6528  2109 12792  2831  1864 14509  2447  2819  4867 10838  2807  5397
  3143  7531 12798  3379  8217  5276  2818 14734  3909  4226 11331] [] 1716449377.2363119125
[-1 -1  1 -1 -1 -1  1 -1  1  1 -1 -1 -1  1 -1 -1  1  1 -1  1 -1 -1] [ 2  3  4 10 11 12 18 19 20 21 26 27 28 29 33 34 35 36 42 43 44 50] [ 6583  2115 12751  2839  1872 14583  2445  2845  4854 10775  2836  5417
  3169  7519 12912  3454  8108  5270  2958 14619  4036  4932] [] 1716449377.2795312405
[ 1 -1  1  1 -1 -1 -1  1 -1  1  1 -1 -1  1 -1 -1 -1 -1 -1 -1 -1] [ 2  3  4 10 11 12 18 19 20 21 26 27 28 29 33 34 35 36 42 44 50] [ 6559  2133 12582  2815  1933 14655  2471  2836  4912 10764  2825  5429
  3283  7487 12932  3492  8144  5519  3268  4433  6270] [] 1716449377.3225667477
[-1 -1 -1 -1 -1  1 -1 -1 -1  1 -1  1 -1 -1 -1 -1 -1 -1 -1 -1] [ 2  3  4 10 11 12 18 19 20 21 26 27 28 29 34 35 36 42 44 50] [ 6573  2200 12593  2887  1971 14639  2595  2879  5926 10674  2933  5424
  3453  7575  3622  8473  6168  3362  4798 13671] [] 1716449377.3655283451
[ 1 -1  1 -1 -1 -1  1 -1 -1  1 -1 -1 -1 -1  1 -1 -1 -1 -1] [ 2  3  4 10 11 12 18 19 20 21 26 27 28 29 34 35 36 42 44] [ 6568  2227 12590  2903  2039 14675  2564  2931  6368 10572  2956  5456
  3553  7589  3579  8576  6720  3536  6048] [] 1716449377.4082899094
[-1 -1 -1 -1 -1  1 -1 -1 -1  1 -1 -1 -1 -1 -1 -1 -1 -1 -1] [ 2  3  4 10 11 12 18 19 20 21 26 27 28 29 34 35 36 42 44] [ 6610  2295 12606  2935  2068 14660  2699  3103  6657 10499  3053  5649
  3780  7779  3738  8858  6970  3852  7209] [] 1716449377.4515480995
[-1 -1  1 -1 -1 -1 -1 -1  1 -1  1 -1 -1 -1 -1 -1 -1 -1] [ 2  3  4 10 11 18 19 20 21 26 27 28 29 34 35 36 42 44] [ 6790  2331 12433  3028  2151  2776  3135  7007 10344  3138  5639  4314
 11242  4085  9750  7569  4101 12153] [] 1716449377.4945783615
[-1 -1  1 -1 -1 -1 -1 -1 -1 -1 -1 -1 -1 -1 -1 -1 -1 -1] [ 2  3  4 10 11 18 19 20 21 26 27 28 29 34 35 36 42 44] [ 6846  2408 12428  3098  2239  2974  3190  7506 10345  3240  5731  4916
 11422  4338 12811  9437  4532 13539] [] 1716449377.5374214649
[-1 -1 -1 -1 -1 -1 -1 -1 -1 -1 -1 -1 -1 -1 -1 -1 -1] [ 2  3  4 10 11 18 19 20 21 26 27 28 29 34 35 36 42] [ 7001  2620 12522  3179  2426  3182  3316  8711 10529  3500  5955  5482
 11825  4727 13369  9935  4816] [] 1716449377.5803537369
[-1 -1 -1 -1 -1 -1 -1 -1 -1 -1 -1 -1 -1 -1 -1 -1 -1] [ 2  3  4 10 11 18 19 20 21 26 27 28 29 34 35 36 42] [ 7017  2767 12809  3270  2550  3518  3317  8869 10541  3589  5997  6056
 12278  4953 14549 10756  6583] [] 1716449377.6234326363
[-1 -1 -1 -1 -1 -1 -1  1  1 -1 -1 -1 -1  1 -1] [ 2  3  4 10 11 18 19 20 21 26 27 28 34 36 42] [ 7153  3155 13376  3541  2794  3911  3396  8708 10490  4824  6083  8639
  5393 10615  7404] [] 1716449377.6665322781
[-1 -1 -1 -1 -1 -1 -1 -1 -1 -1 -1  1 -1 -1 -1] [ 2  3  4 10 11 18 19 20 21 26 27 28 34 36 42] [ 7222  3366 13628  3795  2953  4372  3485  9000 10757  5593  6164  8547
  5613 12663  9925] [] 1716449377.7096762657
[-1 -1  1 -1 -1 -1 -1 -1 -1 -1 -1 -1 -1] [ 2  3  4 10 11 18 19 20 26 27 28 34 36] [ 7378  3720 13049  3959  3555  4884  3596  9178  8204  6878  8700  7141
 16100] [] 1716449377.7526044846
[-1 -1 -1 -1 -1 -1 -1 -1 -1 -1 -1  1] [ 2  3  4 10 11 18 19 20 26 27 28 34] [11125  3994 13366  4407  4290  5003  3701 11783  8361  6906 10725  6958] [] 1716449377.7957932949
[-1 -1 -1 -1 -1 -1 -1 -1 -1 -1 -1 -1] [ 2  3  4 10 11 18 19 20 26 27 28 34] [12227  4053 13972  5235  5004  5148  3803 11801 10342  8348 10999  7108] [] 1716449377.8387691975
[ 1 -1 -1 -1 -1 -1 -1 -1 -1 -1] [ 2  3 10 11 18 19 20 26 27 34] [12154  4233  5973  6002  8081  3939 12188 10509  8387  8879] [] 1716449377.8817491531
[ 1  1 -1 -1 -1 -1 -1 -1 -1 -1] [ 2  3 10 11 18 19 20 26 27 34] [12052  4230  6463  7578 10344  4154 14475 10601  8666 10711] [] 1716449377.9247395992
[-1 -1 -1 -1 -1 -1 -1 -1] [ 2  3 10 11 18 19 26 27] [12153  4447  6847  7786 11050  4393 10867  8822] [] 1716449377.9676864147
[-1 -1 -1 -1 -1 -1 -1 -1] [ 2  3 10 11 18 19 26 27] [12274  4895  7417  7940 14723  4708 11027  8901] [] 1716449378.0106635094
[ 1 -1 -1  1 -1 -1] [ 2  3 10 11 19 27] [12231  5465  8081  7871  4765  9289] [] 1716449378.0536963940
[-1 -1 -1 -1 -1 -1 -1] [ 2  3 10 11 19 26 27] [12281  5739  8755  8073  6271 12385 12439] [] 1716449378.0966343880
[-1 -1 -1  1] [ 2  3 10 11] [12345  8158 10540  8057] [] 1716449378.1397488117
[-1 -1 -1 -1] [ 2  3 10 11] [12876  9415 14028  9433] [] 1716449378.1828508377
[-1  1] [ 2 11] [14918  9375] [] 1716449378.2257416248
[-1] [11] [12597] [] 1716449378.2684795856
[1] [11] [11226] [] 1716449378.3116226196
[1] [11] [10348] [] 1716449378.3546903133
[1] [11] [10229] [] 1716449378.4064676762
2 2 2 1716449378.4066522121
