FA TAX ADC PRES TS
[ 1 -1  1  1] [11 19 27 28] [10425 11016 15295 11811] [] 1716450699.6419861317
[1 1 1 1] [11 19 27 28] [10289 10779 15244 11663] [] 1716450699.6849036217
[-1 -1 -1 -1] [11 19 27 28] [10377 10856 15299 11800] [] 1716450699.7278599739
[ 1  1  1  1 -1] [11 19 27 28 44] [10290 10803 15190 11707 14384] [] 1716450699.7708637714
[ 1  1  1  1 -1  1] [11 19 27 28 42 44] [ 9937  8560 15078 11362 13579 13460] [] 1716450699.8138406277
[-1 -1 -1  1 -1  1  1] [11 19 26 27 28 42 44] [10030  8599 12917 11642 11482 13236 13174] [] 1716450699.8568668365
[1 1 1 1 1 1 1] [11 19 26 27 28 42 44] [ 9806  8455 12096  9511 11285 13061 13121] [] 1716450699.8998792171
[ 1  1 -1  1  1  1  1] [11 19 26 27 28 42 44] [ 9702  7918 12124  8793 11231 10009 12771] [] 1716450699.9428679943
[ 1  1  1 -1  1  1  1] [11 19 26 27 28 42 44] [ 9430  7031 11881  9313 11211  9769 12763] [] 1716450699.9858682156
[ 1  1  1  1 -1  1  1] [11 19 26 27 28 42 44] [ 9312  6948 11548  9197 11237  9626 12718] [] 1716450700.0289216042
[-1  1  1  1  1  1 -1  1  1] [ 3 11 19 26 27 28 34 42 44] [ 8569  8834  6857 11343  7822 11115 13677  9231 12659] [] 1716450700.0719561577
[ 1 -1  1  1  1  1  1  1  1] [ 3 11 19 26 27 28 34 42 44] [ 8219  9262  6632 11214  7681 10927 12731  9164 12287] [] 1716450700.1149032116
[ 1  1  1  1  1  1  1  1 -1] [ 3 11 19 26 27 28 34 42 44] [ 7976  8436  6629 10979  7551 10879 12695  8255 12289] [] 1716450700.1579122543
[ 1 -1  1  1  1  1 -1 -1  1] [ 3 11 19 26 27 28 34 42 44] [ 5825  8549  6468 10917  7347 10841 13812  8480 12193] [] 1716450700.2007818222
[ 1 -1  1 -1 -1  1  1 -1 -1  1 -1] [ 3 11 19 20 21 26 27 28 34 42 44] [ 5574  8561  5919 14931 14711 10807  7144 10947 13978  7641 12365] [] 1716450700.2439396381
[-1  1  1  1  1 -1 -1 -1 -1  1 -1  1  1] [ 3 11 19 20 21 26 27 28 29 34 36 42 44] [ 5590  8338  5808 14627 11879 10851  7311 11067 12416 12304 15557  7400
 11763] [] 1716450700.2868871689
[ 1  1  1 -1  1  1 -1 -1  1  1  1 -1  1] [ 3 11 19 20 21 26 27 28 29 34 36 42 44] [ 5460  8326  5608 14662 11736 10789  7413 11236 12047 12191 15407  7865
 11515] [] 1716450700.3298938274
[ 1  1  1  1  1  1  1  1  1 -1 -1  1  1] [ 3 11 19 20 21 26 27 28 29 34 36 42 44] [ 5297  8200  5208 14208 11377 10682  7257 10966 11682 12661 15495  7773
  9310] [] 1716450700.3728561401
[ 1  1 -1  1  1  1  1  1 -1 -1 -1  1 -1 -1 -1 -1] [ 3 11 18 19 20 21 26 27 28 29 34 36 42 44 45 50] [ 5204  8117 14056  5008 13782 11101  9918  7212 10979 11690 13075 15113
  8156  9583  9411 10470] [] 1716450700.4159262180
[-1  1  1  1  1 -1  1 -1 -1 -1 -1  1  1  1  1  1] [ 3 11 18 19 20 21 26 27 28 29 34 36 42 44 45 50] [ 5263  8084 11916  4883 13389 11227  9060  7320 11032 11757 13495 14646
  7929  7544  8502 10405] [] 1716450700.4588112831
[ 1 -1  1  1 -1 -1  1  1  1  1  1  1  1  1  1  1] [ 3 11 18 19 20 21 26 27 28 29 34 36 42 44 45 50] [ 5193  8095 11028  4726 13828 11371  8677  7307  9278 11693 10930 14616
  7208  6907  8235 10079] [] 1716450700.5018742085
[ 1  1  1  1  1  1  1  1  1  1  1  1  1  1 -1 -1 -1] [ 3 11 18 19 20 21 26 27 28 29 34 36 42 44 45 50 53] [ 4007  8034  8066  4455 12976 11223  8459  7075  8427 11674 10583 14113
  6434  6363  8489 10096 13164] [] 1716450700.5448560715
[ 1  1  1  1 -1 -1  1 -1  1  1  1 -1  1  1  1  1  1] [ 3 11 18 19 20 21 26 27 28 29 34 36 42 44 45 50 53] [ 3965  7970  7632  4387 13081 11288  8438  7076  8301  8909 10279 14331
  5957  5879  8251  9893  9903] [] 1716450700.5879042149
[ 1 -1  1  1  1  1  1  1  1  1  1  1  1  1  1  1  1  1] [ 3 10 11 18 19 20 21 26 27 28 29 34 36 42 44 45 50 53] [ 3862 15432  7627  7176  4296 12520 11188  8214  7043  8099  8531  9880
 14250  5796  5449  8205  9755  8976] [] 1716450700.6308927536
[-1  1 -1  1  1  1 -1  1 -1  1  1  1  1  1  1  1  1  1] [ 3 10 11 18 19 20 21 26 27 28 29 34 36 42 44 45 50 53] [ 3893 12980  7801  7101  4221 12422 11289  7586  7112  7559  8473  9724
 12478  5388  5177  7532  9574  8161] [] 1716450700.6738865376
[ 1  1  1  1  1  1  1  1  1  1  1  1 -1  1  1  1  1  1] [ 3 10 11 18 19 20 21 26 27 28 29 34 36 42 44 45 50 53] [ 3818 12300  6533  6967  4152 12178 11281  6731  7000  7039  8332  9713
 13757  4547  4657  6940  9572  7749] [] 1716450700.7168800831
[ 1  1  1  1  1  1  1  1  1  1  1  1 -1  1  1 -1  1  1] [ 3 10 11 18 19 20 21 26 27 28 29 34 36 42 44 45 50 53] [ 3775 11113  6322  6857  4079 12114 11051  6314  6921  6265  8226  9626
 14199  4540  4553  6961  9493  7734] [] 1716450700.7599065304
[ 1  1  1  1  1 -1 -1  1  1  1 -1 -1  1  1  1  1  1  1] [ 3 10 11 18 19 20 21 26 27 28 29 34 36 42 44 45 50 53] [ 3710 10793  6051  6636  4025 12200 11105  6101  6885  5773  8271  9631
 12851  4055  4413  6672  8797  6644] [] 1716450700.8028891087
[ 1  1  1  1  1  1  1  1 -1  1  1  1  1  1 -1 -1 -1 -1 -1 -1] [ 3 10 11 18 19 20 21 26 27 28 29 34 36 42 44 45 50 51 53 61] [ 3707  9275  4906  6467  3904 10052 10861  5371  6896  4866  8172  8758
 10585  3858  4434  6827  8853 14783  6710  7850] [] 1716450700.8458933830
[ 1  1  1 -1  1  1 -1  1  1  1  1  1 -1  1 -1  1  1 -1  1  1 -1  1] [ 3 10 11 18 19 20 21 26 27 28 29 34 35 36 37 42 44 45 50 51 53 61] [ 3623  8204  4628  6593  3843  9353 10897  5078  6882  4493  8072  7884
 16168  9557 16363  3785  4328  6830  8778 13530  6920  7487] [] 1716450700.8888299465
[ 1  1  1  1 -1  1 -1  1 -1  1 -1  1  1  1  1  1  1  1 -1  1  1 -1  1] [ 3 10 11 18 19 20 21 26 27 28 29 34 35 36 37 42 44 45 50 51 53 54 61] [ 3500  7461  3878  6040  3859  9152 10966  4939  6985  4356  8119  7878
 15899  8411 15486  3432  4092  6798  8895 11653  6318 13645  7471] [] 1716450700.9319150448
[ 1  1  1  1  1  1  1  1 -1  1  1  1  1  1  1  1  1  1  1  1  1  1  1] [ 3 10 11 18 19 20 21 26 27 28 29 34 35 36 37 42 44 45 50 51 53 54 61] [ 3263  6929  3628  5667  3656  8899 10768  4511  7000  4213  8118  7618
 15328  7732 13767  3309  3903  6732  7671 11091  6289 13469  7421] [] 1716450700.9748580456
[ 1  1  1 -1  1  1 -1  1  1  1  1  1  1  1  1  1  1  1  1  1  1  1  1  1] [ 3 10 11 12 18 19 20 21 26 27 28 29 34 35 36 37 42 44 45 50 51 53 54 61] [ 3183  6429  3523 15506  5389  3622  9015 10755  4397  6603  4043  7932
  7607 15008  7342 13530  3174  3867  6680  6255 10849  6141 12851  7390] [] 1716450701.0178575516
[ 1  1  1  1  1  1 -1  1  1  1  1  1  1  1  1 -1  1  1  1  1  1  1  1  1] [ 3 10 11 12 18 19 20 21 26 27 28 29 34 35 36 37 42 44 45 50 51 53 54 61] [ 3142  6203  3447 14126  4980  3554  9058 10724  4160  6499  4009  7832
  7376 14610  7001 13843  3105  3686  6623  5930 10743  5864 11435  7207] [] 1716450701.0608220100
[ 1  1  1  1  1  1  1 -1  1 -1  1  1  1  1  1  1  1  1 -1  1  1 -1  1  1
 -1] [ 3 10 11 12 18 19 20 21 26 27 28 29 34 35 36 37 42 44 45 50 51 52 53 54
 61] [ 2792  5431  3322 13458  4799  3440  8887 10799  4064  6511  3810  7721
  6588 14482  6643 13325  3006  3550  6663  5551 10727 16009  5729  8765
  7218] [] 1716450701.1039910316
[ 1  1  1  1  1  1  1 -1  1  1  1  1  1  1  1  1  1 -1 -1 -1  1  1  1 -1
 -1 -1] [ 3 10 11 12 18 19 20 21 26 27 28 29 34 35 36 37 42 44 45 46 50 51 52 53
 54 61] [ 2647  5305  3280 13271  4241  3390  8856 10821  3897  6493  3660  7620
  6382 13639  6471 13264  2901  3585  6718 11862  5107  9793  9171  5736
  8943  7348] [] 1716450701.1470241547
[ 1  1  1 -1  1  1  1 -1  1 -1  1  1  1  1  1  1  1  1  1  1  1  1  1  1
  1 -1] [ 3 10 11 12 18 19 20 21 26 27 28 29 34 35 36 37 42 44 45 46 50 51 52 53
 54 61] [ 2552  5157  3193 13299  3977  3385  8451 10883  3817  6500  3567  7560
  6350 11174  6091 13242  2818  3551  6656 11600  4639  9659  8411  5727
  8692  7375] [] 1716450701.1899759769
[ 1  1  1  1  1  1 -1  1  1  1  1  1  1  1  1  1 -1  1  1  1 -1 -1  1  1
 -1  1 -1 -1 -1] [ 3 10 11 12 18 19 20 21 26 27 28 29 34 35 36 37 41 42 44 45 46 47 50 51
 52 53 54 55 61] [ 2497  5001  3145 12920  3747  3379  8475 10678  3539  6470  3524  7557
  6327 10473  5967 13026 12829  2752  3462  6622 11658 15705  4513  9519
 10496  5595  9250 15147  7414] [] 1716450701.2330648899
[ 1  1  1  1  1  1  1 -1 -1  1 -1  1  1  1  1  1  1 -1  1  1  1 -1 -1 -1
  1 -1  1  1  1  1 -1] [ 3 10 11 12 18 19 20 21 23 26 27 28 29 34 35 36 37 38 41 42 44 45 46 47
 50 51 52 53 54 55 61] [ 2475  4919  3027 12863  3524  3323  8070 10857 14366  3421  6619  3462
  7543  5441  9904  5793 12936 11707 12327  2714  3442  6650 11805 16035
  4442  9666  9764  5588  8630 11397  7468] [] 1716450701.2760357857
[ 1  1  1  1  1  1  1 -1  1  1  1  1 -1  1  1  1 -1  1  1  1 -1  1  1 -1
 -1  1  1  1  1  1  1  1] [ 3 10 11 12 18 19 20 21 23 26 27 28 29 34 35 36 37 38 41 42 43 44 45 46
 47 50 51 52 53 54 55 61] [ 2385  4831  2927 10854  3447  3272  7102 11024 14356  3353  6564  3426
  7599  5167  9779  5576 13184 11400  9975  2682 14919  3330  6516 11952
 16267  4416  9613  8728  5383  8559 10161  7290] [] 1716450701.3189594746
[ 1  1  1  1  1  1  1  1  1  1  1  1  1  1  1  1  1  1  1  1  1  1  1 -1
  1  1 -1  1  1  1  1  1] [ 3 10 11 12 18 19 20 21 23 26 27 28 29 34 35 36 37 38 41 42 43 44 45 46
 47 50 51 52 53 54 55 61] [ 2322  4341  2851 10229  3277  3217  6675 11003 13683  3327  6222  3328
  7519  5081  9549  5208 13072 11158  9362  2599 12401  3248  6239 12091
 15539  4252 10681  7764  5189  8339  8004  7270] [] 1716450701.3619377613
[ 1  1  1  1  1  1  1 -1 -1  1  1  1  1  1  1 -1 -1 -1  1  1  1  1  1  1
  1  1 -1  1  1  1  1  1] [ 3 10 11 12 18 19 20 21 23 26 27 28 29 34 35 36 37 38 41 42 43 44 45 46
 47 50 51 52 53 54 55 61] [ 2222  4191  2699 10011  3235  3112  6230 11146 13963  3199  6094  3225
  7490  4759  9024  5296 13094 11328  8482  2445 11955  3100  6208 10340
 14137  3828 10684  7451  4982  7653  6977  7209] [] 1716450701.4049377441
[ 1  1  1  1  1  1  1  1  1  1  1  1  1  1 -1  1  1  1  1  1  1  1  1  1
  1  1  1  1  1 -1  1  1] [ 3 10 11 12 18 19 20 21 23 26 27 28 29 34 35 36 37 38 41 42 43 44 45 46
 47 50 51 52 53 54 55 61] [ 2197  4039  2573  8554  2995  3069  6086 11066 13333  3173  6020  3141
  7417  4686  9754  5022 12885 11224  8132  2413 11631  3078  6178  9207
 14086  3796  9723  6818  4905  7698  6701  7203] [] 1716450701.4479532242
[ 1  1  1  1  1  1 -1 -1  1  1  1  1  1  1  1  1  1  1  1  1 -1  1  1  1
  1  1 -1 -1  1  1  1  1] [ 3 10 11 12 18 19 20 21 23 26 27 28 29 34 35 36 37 38 41 42 43 44 45 46
 47 50 51 52 53 54 55 61] [ 2175  3975  2554  8316  2907  3021  6151 11134 13287  3071  6000  3132
  6371  4613  9467  4962 12720 11117  8028  2406 11929  3058  6126  9107
 14035  3760  9957  6921  4840  7568  6670  7132] [] 1716450701.4909243584
[ 1  1  1  1  1  1  1  1 -1 -1  1  1  1  1 -1  1  1  1  1  1  1  1  1  1
  1  1  1  1  1 -1  1  1] [ 3 10 11 12 18 19 20 21 23 26 27 28 29 34 35 36 37 38 41 42 43 44 45 46
 47 50 51 52 53 54 55 61] [ 2159  3927  2534  8148  2875  2990  6079 11124 13305  3081  5986  3117
  6203  4494  9678  4453 12502 11085  7858  2362 11919  3042  6116  8968
 13962  3748  9759  6822  4827  7597  6603  7114] [] 1716450701.5339868069
[ 1  1  1 -1 -1  1  1  1  1  1 -1  1 -1  1  1 -1 -1  1  1  1  1 -1  1  1
  1  1 -1 -1  1  1  1 -1] [ 3 10 11 12 18 19 20 21 23 26 27 28 29 34 35 36 37 38 41 42 43 44 45 46
 47 50 51 52 53 54 55 61] [ 2113  3895  2523  8186  2879  2968  6056 11093 13279  3005  6004  3096
  6207  4473  9475  4470 12504 11044  7827  2352 11579  3059  6099  8930
 13884  3712  9947  6871  4773  7524  6546  7172] [] 1716450701.5768854618
[-1 -1  1  1 -1 -1  1 -1 -1  1  1  1 -1 -1 -1  1  1  1 -1 -1  1  1 -1 -1
 -1 -1 -1  1 -1 -1 -1  1] [ 3 10 11 12 18 19 20 21 23 26 27 28 29 34 35 36 37 38 41 42 43 44 45 46
 47 50 51 52 53 54 55 61] [ 2116  3915  2514  8177  2899  2974  6034 11136 13381  2991  5952  3082
  6215  4489  9480  4387 12488 11007  8100  2389 11549  3044  6148  9268
 13891  3722 10647  6837  4856  7638  7626  7159] [] 1716450701.6199634075
[-1  1  1 -1  1  1 -1  1  1  1 -1 -1 -1  1  1 -1  1 -1 -1 -1 -1 -1 -1 -1
 -1 -1 -1 -1 -1  1 -1 -1] [ 3 10 11 12 18 19 20 21 23 26 27 28 29 34 35 36 37 38 41 42 43 44 45 46
 47 50 51 52 53 54 55 61] [ 2159  3895  2511  8235  2820  2972  6078 11032 13266  2989  6032  3127
  7244  4476  9392  4457 12444 11111  9002  2414 13971  3054  6460  9643
 14417  3728 10715  7049  4866  7604 10571  7203] [] 1716450701.6629428864
[ 1 -1 -1 -1 -1 -1 -1  1 -1 -1  1  1 -1 -1  1 -1  1 -1 -1 -1 -1 -1  1  1
 -1 -1  1 -1  1 -1  1] [ 3 10 11 12 18 19 20 21 23 26 27 28 29 34 35 36 37 38 41 42 43 44 45 46
 47 50 51 52 53 54 61] [ 2150  3933  2523  8372  2887  3047  6109 10974 13288  3071  5964  3120
  7407  4632  9181  4694 12416 11198  9507  2489 14134  3111  6364  9562
 16018  3762 10651  9232  4837  8059  7120] [] 1716450701.7059106827
[-1  1 -1 -1 -1 -1 -1  1 -1 -1  1 -1  1 -1  1 -1 -1  1 -1 -1  1 -1 -1 -1
 -1  1 -1 -1 -1  1] [ 3 10 11 12 18 19 20 21 23 26 27 28 29 34 35 36 37 38 41 42 43 44 45 46
 50 51 52 53 54 61] [ 2177  3898  2599  8446  2953  3105  6120 10944 13328  3077  5880  3165
  7377  4644  9014  4798 12600 11137 11075  2524 12774  3114  6391 11624
  3841 10537 10956  4860  8127  7092] [] 1716450701.7488915920
[-1 -1 -1 -1 -1  1 -1  1  1 -1 -1 -1 -1 -1  1 -1  1 -1 -1 -1 -1  1  1 -1
  1 -1 -1 -1 -1] [ 3 10 11 12 18 19 20 21 23 26 27 28 29 34 35 36 37 41 42 43 44 45 46 50
 51 52 53 54 61] [ 2223  3967  2670  9323  3034  3082  6217 10792 13225  3135  5928  3220
  7381  5004  9011  4834 12585 12332  2671 14263  3254  6389 11601  4611
 10490 12022  5116  8457  7209] [] 1716450701.7919549942
[-1 -1 -1 -1 -1 -1 -1  1 -1 -1 -1 -1  1 -1 -1 -1  1  1 -1  1 -1 -1  1 -1
  1 -1  1] [ 3 10 11 12 18 19 20 21 23 26 27 28 29 34 35 36 37 42 44 45 46 50 51 52
 53 54 61] [ 2357  4391  2799 10377  3303  3130  6322 10778 13290  3327  5990  3287
  7363  5183  9374  5003 12561  2626  3257  6371 12515  4708 10462 14048
  5022 12271  7140] [] 1716450701.8349134922
[-1 -1 -1 -1 -1 -1 -1  1 -1 -1  1 -1  1 -1 -1 -1  1 -1 -1  1 -1  1  1 -1
  1] [ 3 10 11 12 18 19 20 21 23 26 27 28 29 34 35 36 37 42 44 45 50 51 53 54
 61] [ 2431  4604  2953 10702  3340  3146  6462 10733 13492  3377  5943  3321
  7343  5391 11306  5088 12439  2633  3271  6250  4751 10406  4903 12403
  7049] [] 1716450701.8779032230
[-1 -1 -1 -1 -1 -1 -1  1 -1 -1  1 -1 -1 -1 -1 -1  1 -1 -1 -1 -1 -1 -1 -1
 -1] [ 3 10 11 12 18 19 20 21 23 26 27 28 29 34 35 36 37 42 44 45 50 51 53 54
 61] [ 2447  4623  3068 11054  3380  3165  8559 10612 13597  3559  5933  3340
  7368  6090 12113  5170 12389  2871  3410  6371  5082 10521  5279 12947
  7208] [] 1716450701.9208450317
[-1 -1 -1 -1 -1 -1 -1 -1 -1 -1 -1 -1 -1 -1 -1 -1 -1 -1 -1 -1 -1 -1  1] [ 3 10 11 12 18 19 20 21 26 27 28 29 34 35 36 37 42 44 45 50 51 53 61] [ 2596  4846  3194 13136  3664  3285  8638 10654  3754  6007  3450  7401
  6450 13432  5588 12736  3024  3470  6407  5489 10619  5356  7035] [] 1716450701.9638881683
[-1 -1 -1 -1 -1 -1  1  1 -1 -1 -1 -1 -1 -1 -1 -1 -1 -1  1 -1  1 -1 -1] [ 3 10 11 12 18 19 20 21 26 27 28 29 34 35 36 37 42 44 45 50 51 53 61] [ 2842  5167  3243 13162  3862  3317  8570 10583  3917  6134  3549  7457
  6593 13994  5670 12903  3108  3546  6397  5902 10597  5779  7226] [] 1716450702.0068657398
[-1 -1 -1 -1 -1 -1 -1  1 -1 -1 -1 -1  1 -1 -1 -1 -1 -1 -1 -1 -1 -1 -1] [ 3 10 11 12 18 19 20 21 26 27 28 29 34 35 36 37 42 44 45 50 51 53 61] [ 3011  5620  3343 13318  3975  3358  8709 10559  4069  6158  3695  7478
  6428 14080  5919 13101  3326  3741  6571  6997 10767  5788  8508] [] 1716450702.0498313904
[-1 -1 -1 -1 -1 -1 -1  1 -1 -1 -1 -1 -1 -1 -1 -1 -1 -1 -1 -1 -1 -1] [ 3 10 11 12 18 19 20 21 26 27 28 29 34 35 36 37 42 44 45 50 51 53] [ 3097  6291  3407 13556  4185  3416  8781 10417  4389  6327  3812  7696
  6478 14344  6631 13535  3784  3790  6625  8513 13374  6051] [] 1716450702.0928254128
[-1 -1 -1 -1 -1 -1 -1 -1 -1 -1 -1 -1 -1 -1 -1 -1 -1 -1 -1 -1 -1] [ 3 10 11 12 18 19 20 21 26 27 28 29 34 35 36 37 42 44 45 50 53] [ 3147  6771  3773 14332  4597  3491  8865 10550  4601  6375  4047  7842
  6592 14744  7105 13755  3864  3872  6764  8737  6906] [] 1716450702.1358823776
[-1 -1 -1 -1 -1 -1 -1 -1 -1 -1 -1 -1  1 -1 -1  1 -1 -1 -1  1 -1] [ 3 10 11 12 18 19 20 21 26 27 28 29 34 35 36 37 42 44 45 50 53] [ 3263  7743  4313 14398  5157  3529  8976 10587  5022  6666  4186  8061
  6438 14828  7627 13731  4082  4095  7063  8663  7229] [] 1716450702.1788706779
[-1 -1 -1 -1 -1 -1 -1 -1 -1  1 -1 -1  1 -1 -1 -1 -1 -1 -1 -1 -1] [ 3 10 11 12 18 19 20 21 26 27 28 29 34 35 36 37 42 44 45 50 53] [ 3350  8142  4745 15247  5161  3603  9095 10730  5138  6397  4397  8220
  6405 16008  8213 13951  4394  4357  7151  9222  8128] [] 1716450702.2218725681
[-1 -1 -1 -1 -1 -1  1 -1  1 -1 -1 -1  1 -1 -1 -1  1 -1 -1] [ 3 10 11 18 19 20 21 26 27 28 29 34 35 36 42 44 45 50 53] [ 3589  9457  5677  5479  3648  9183 10699  5815  6293  4865  8342  7012
 16000  8524  4687  4484  7121  9321 10432] [] 1716450702.2648990154
[-1 -1 -1 -1 -1 -1 -1 -1 -1 -1  1 -1  1 -1 -1 -1  1 -1] [ 3 10 11 18 19 20 21 26 27 28 29 34 35 36 42 44 45 50] [ 3674 10070  5771  5948  3755  9457 10723  6197  6394  5193  8323  7122
 15858  8959  5354  4650  7070  9543] [] 1716450702.3078646660
[-1 -1  1 -1 -1 -1 -1 -1 -1 -1 -1 -1 -1 -1 -1 -1 -1 -1] [ 3 10 11 18 19 20 21 26 27 28 29 34 35 36 42 44 45 50] [ 3767 10682  5759  6687  3794 11603 10910  8071  6710  6506  8484  7220
 16106  9535  6021  4790  7283  9797] [] 1716450702.3508975506
[ 1 -1 -1 -1 -1  1  1 -1 -1 -1 -1 -1 -1 -1 -1 -1 -1 -1] [ 3 10 11 18 19 20 21 26 27 28 29 34 35 36 42 44 45 50] [ 3733 12708  6839  7007  3858 11549 10763  8111  6825  7328 11500  7354
 16131 11581  6938  4846 11876 10093] [] 1716450702.3938596249
[-1 -1 -1 -1 -1 -1 -1 -1 -1 -1  1 -1 -1 -1 -1 -1] [ 3 10 11 18 19 20 21 26 27 28 29 34 36 42 44 50] [ 3839 12803  7387  7794  3980 11833 10914  8233  6861  7898 11445  9057
 12200  7429  4945 10341] [] 1716450702.4368290901
[-1 -1 -1 -1 -1  1 -1 -1 -1 -1 -1  1  1 -1] [ 3 11 18 19 20 21 26 27 28 29 34 36 42 44] [ 3859  7574  7979  4114 12018 10854  8440  6907  8034 11470 11281 12188
  7163  5178] [] 1716450702.4798390865
[-1 -1 -1 -1 -1 -1 -1  1 -1 -1  1 -1 -1 -1] [ 3 11 18 19 20 21 26 27 28 29 34 36 42 44] [ 4041  7885 10563  4116 12152 11044  8452  6840  8579 11756 11223 12403
  7567  5713] [] 1716450702.5227847099
[-1 -1 -1 -1 -1 -1 -1 -1 -1 -1 -1 -1 -1 -1] [ 3 11 18 19 20 21 26 27 28 29 34 36 42 44] [ 4894  7969 10761  4204 12382 11082  8687  6928 10455 11927 11367 15301
  7600  6438] [] 1716450702.5658214092
[-1 -1 -1 -1 -1 -1 -1 -1 -1 -1 -1 -1  1 -1] [ 3 11 18 19 20 21 26 27 28 29 34 36 42 44] [ 5215  8095 10880  4319 12704 11140 10637  6986 10553 12081 11443 15371
  7599  7791] [] 1716450702.6086676121
[-1 -1 -1 -1 -1 -1 -1 -1 -1 -1 -1  1 -1 -1] [ 3 11 18 19 20 21 26 27 28 29 34 36 42 44] [ 5317  8164 11104  4501 13024 11227 10781  7087 10614 12554 11681 14897
  7695  8692] [] 1716450702.6518268585
[-1 -1 -1 -1  1 -1 -1 -1  1 -1  1  1 -1] [ 3 11 18 19 20 21 26 27 28 34 36 42 44] [ 5414  8179 14852  4716 13021 11346 10863  7256 10453 11868 14375  7693
 10543] [] 1716450702.6948013306
[-1  1 -1 -1 -1 -1 -1 -1 -1 -1 -1 -1] [ 3 11 19 20 21 26 27 28 34 36 42 44] [ 5542  8121  4927 13910 11508 10931  7371 10529 11957 14671  8750 11917] [] 1716450702.7377910614
[-1 -1 -1 -1 -1 -1 -1 -1 -1 -1 -1] [ 3 11 19 20 21 26 27 28 34 42 44] [ 7690  8207  5534 15411 11994 11079  7541 10680 12250  9517 12063] [] 1716450702.7808325291
[-1 -1 -1 -1 -1 -1  1 -1 -1 -1] [ 3 11 19 20 26 27 28 34 42 44] [ 8941  8359  6003 15729 11106  7595 10634 12639 10066 12155] [] 1716450702.8239073753
[-1 -1 -1 -1 -1 -1 -1 -1] [11 19 26 27 28 34 42 44] [ 8433  6227 11161  7688 10710 16287 13996 12285] [] 1716450702.8669338226
[-1 -1 -1 -1 -1 -1] [11 19 26 27 28 44] [ 8634  6482 11297  7718 10736 12863] [] 1716450702.9098126888
[-1 -1 -1 -1 -1] [11 19 26 27 28] [ 9307  6782 11466  9260 10822] [] 1716450702.9528267384
[-1 -1 -1 -1 -1] [11 19 26 27 28] [ 9715  7797 12179  9518 11112] [] 1716450702.9959022999
[-1 -1 -1 -1] [11 19 27 28] [ 9927  8391  9681 11346] [] 1716450703.0388698578
[ 1 -1  1] [11 19 27] [ 9798 10299  9506] [] 1716450703.0819056034
[-1 -1 -1] [11 19 27] [ 9951 10414  9541] [] 1716450703.1248345375
[-1 -1 -1] [11 19 27] [10270 10423 11646] [] 1716450703.1678440571
[ 1 -1 -1] [11 19 27] [10264 10479 11761] [] 1716450703.2108657360
[-1 -1  1] [11 19 27] [14235 10498 11697] [] 1716450703.2538566589
[1 1] [19 27] [10390 11518] [] 1716450703.2968590260
[-1  1] [19 27] [10934 11353] [] 1716450703.3398330212
2 2 2 1716450703.3400580883
