FA TAX ADC PRES TS
[-1] [11] [10061] [] 1716452642.1205875874
[-1] [11] [10101] [] 1716452642.1635949612
[1] [11] [9907] [] 1716452642.2065391541
[1] [11] [9729] [] 1716452642.2496082783
[1] [11] [9646] [] 1716452642.2925667763
[1] [11] [9410] [] 1716452642.3355884552
[1] [11] [9316] [] 1716452642.3786284924
[1] [11] [9191] [] 1716452642.4215359688
[-1 -1] [11 27] [ 9358 11719] [] 1716452642.4644157887
[-1 -1 -1 -1] [11 26 27 28] [ 9845 12082 12050 12501] [] 1716452642.5076034069
[-1 -1  1 -1  1] [11 19 26 27 28] [ 9926 12099 11838 12081 12189] [] 1716452642.5505170822
[1 1 1 1 1] [11 19 26 27 28] [ 9901 11067 11634 11887 11994] [] 1716452642.5935347080
[1 1 1 1 1] [11 19 26 27 28] [ 9213 10620 11410 11756 11644] [] 1716452642.6366236210
[1 1 1 1 1] [11 19 26 27 28] [ 8352  9311 11313 10419 11496] [] 1716452642.6794915199
[ 1  1  1 -1 -1] [11 19 26 27 28] [ 6579  8827 11250 10423 11555] [] 1716452642.7225532532
[ 1  1  1  1 -1] [11 19 26 27 28] [ 5815  7696 11107 10408 11635] [] 1716452642.7656619549
[1 1 1 1 1] [11 19 26 27 28] [ 5476  7315 10942  8844 11418] [] 1716452642.8084475994
[ 1  1  1  1 -1] [11 19 26 27 28] [ 5367  7119  9265  8570 11460] [] 1716452642.8514816761
[1 1 1 1 1] [11 19 26 27 28] [ 5199  6947  8995  8340 11327] [] 1716452642.8945803642
[1 1 1 1 1] [11 19 26 27 28] [ 4810  6538  8727  8216 11252] [] 1716452642.9376180172
[ 1  1  1  1  1 -1] [11 19 26 27 28 42] [ 4414  6259  8099  8134 10996 14213] [] 1716452642.9805159569
[-1 -1  1  1 -1  1  1] [10 11 19 26 27 28 42] [11538  4462  6204  6295  8248 10919 13085] [] 1716452643.0235919952
[ 1 -1 -1 -1  1 -1 -1  1] [10 11 18 19 26 27 28 42] [ 9983  4525 13371  6207  5554  8355 11051 12654] [] 1716452643.0665462017
[ 1  1  1  1  1 -1 -1 -1  1 -1] [10 11 18 19 26 27 28 34 42 44] [ 7772  4457 11755  6041  5127  8386 11221 14247 12419 14869] [] 1716452643.1095521450
[-1  1  1  1  1  1  1  1  1  1] [ 3 10 11 18 19 26 27 28 42 44] [15583  6904  4303 11465  5739  4573  8370 11217 12381 13853] [] 1716452643.1523520947
[ 1  1  1  1  1  1  1  1 -1  1  1] [ 3 10 11 18 19 26 27 28 29 42 44] [15277  6547  4231 10253  5613  4404  8283 11199 10527 12207 13252] [] 1716452643.1955993176
[ 1  1  1  1  1  1  1  1  1  1  1 -1] [ 3 10 11 18 19 26 27 28 29 42 44 50] [14930  6246  4116  7870  5298  4278  8246 10865  9339 12203 13075 10549] [] 1716452643.2385725975
[ 1  1  1  1  1 -1  1 -1  1 -1  1  1  1] [ 3 10 11 18 19 21 26 27 28 29 42 44 50] [ 9182  6095  4059  7734  5130 12568  4125  8307 10251  9410 12083 13035
 10274] [] 1716452643.2815709114
[ 1  1  1  1  1  1  1  1  1  1  1 -1  1] [ 3 10 11 18 19 21 26 27 28 29 42 44 50] [ 6870  5895  3946  7629  5057 11668  4035  8246  9981  9111  9712 13337
 10128] [] 1716452643.3247096539
[ 1  1  1  1  1 -1  1  1  1  1  1 -1  1  1  1] [ 3 10 11 18 19 20 21 26 27 28 29 34 42 44 50] [ 6160  5785  3864  6905  4830 15970 11354  3938  8220  9687  8916 13429
  8627 12730 10103] [] 1716452643.3676433563
[1 1 1 1 1 1 1 1 1 1 1 1 1 1 1] [ 3 10 11 18 19 20 21 26 27 28 29 34 42 44 50] [ 6075  5599  3734  6655  4607 14716 11106  3871  8060  8850  8220 12237
  8079  9740 10038] [] 1716452643.4106085300
[-1  1  1  1  1  1  1 -1  1  1  1  1  1 -1  1  1  1] [ 2  3 10 11 18 19 20 21 26 27 28 29 34 36 42 44 50] [16362  6059  5473  3593  5719  4444 14088 11137  3699  7956  8620  7972
 12203 14536  8047  7787  8844] [] 1716452643.4535965919
[ 1  1  1  1  1  1  1  1  1  1  1  1 -1  1  1  1  1] [ 2  3 10 11 18 19 20 21 26 27 28 29 34 36 42 44 50] [14428  5871  5380  3533  5485  4330 13930 11108  3601  7905  7761  6874
 12207 14210  6568  6617  7754] [] 1716452643.4965038300
[ 1  1 -1  1  1  1  1  1  1  1  1  1  1  1  1  1  1] [ 2  3 10 11 18 19 20 21 26 27 28 29 34 36 42 44 50] [12634  5863  5407  3506  5396  4260 10674 11108  3525  7831  7218  6107
  9919 14207  5590  5629  6648] [] 1716452643.5396327972
[ 1  1  1  1  1  1  1  1  1 -1  1  1  1 -1  1  1  1 -1] [ 2  3 10 11 18 19 20 21 26 27 28 29 34 36 42 44 50 51] [11095  5720  5117  3333  5179  4023  9961 10954  3383  7861  5788  5718
  9525 14231  4850  4922  6134 14218] [] 1716452643.5826401711
[ 1  1  1  1  1  1  1 -1  1  1  1  1  1 -1  1  1 -1  1  1] [ 2  3 10 11 18 19 20 21 26 27 28 29 34 36 42 44 45 50 51] [ 9626  5195  5035  3267  4834  3865  9932 11095  3135  7824  5623  5645
  9423 15303  4657  4800 12933  5793 11997] [] 1716452643.6256647110
[ 1  1  1  1  1  1  1  1  1  1  1 -1  1  1  1  1  1  1  1] [ 2  3 10 11 18 19 20 21 26 27 28 29 34 36 42 44 45 50 51] [ 8361  5000  4908  3173  4455  3842  9552 10905  3060  7723  5399  5652
  8341 15020  3934  4304 11764  5342 11103] [] 1716452643.6685247421
[ 1  1  1  1  1  1  1  1  1  1  1 -1  1  1  1  1  1  1  1 -1] [ 2  3 10 11 18 19 20 21 26 27 28 29 34 36 42 44 45 50 51 53] [ 8081  4847  4607  3071  4023  3624  9200 10900  2940  7615  5125  6057
  7478 14720  3535  4233 11737  5169 10964 15712] [] 1716452643.7116041183
[-1  1  1  1  1  1  1  1  1 -1  1  1  1  1  1  1  1  1  1 -1  1] [ 2  3 10 11 18 19 20 21 26 27 28 29 34 36 42 44 45 50 51 52 53] [ 8150  4786  4497  2972  3930  3604  9194 10700  2873  7660  4885  5343
  7338 14555  3098  4109 11446  4699 10873 12878 11171] [] 1716452643.7546317577
[ 1  1  1  1  1  1  1 -1  1  1  1  1  1 -1 -1  1  1 -1  1 -1  1 -1] [ 2  3 10 11 18 19 20 21 26 27 28 29 34 35 36 42 44 45 50 51 52 53] [ 7487  4712  4433  2913  3575  3491  9001 10743  2812  7585  4561  5295
  7293 16282 14917  3083  3992 11539  4503 10929 10338 12525] [] 1716452643.7976253033
[ 1  1  1  1  1  1  1  1  1 -1  1  1  1  1  1  1  1  1  1  1  1  1] [ 2  3 10 11 18 19 20 21 26 27 28 29 34 35 36 42 44 45 50 51 52 53] [ 6667  4613  4346  2772  3425  3350  8954 10712  2710  7717  4171  5194
  7083 11862 13883  2886  3862 11533  4363 10755 10027 11413] [] 1716452643.8405928612
[ 1  1  1  1  1  1  1  1  1  1  1  1  1  1 -1  1 -1  1  1  1 -1  1  1] [ 2  3 10 11 18 19 20 21 26 27 28 29 34 35 36 42 43 44 45 50 51 52 53] [ 6590  4579  4288  2729  3361  3315  8878 10554  2681  7658  4078  5137
  6430 11785 14283  2755 15675  3806 11338  4237 10778  9828  9746] [] 1716452643.8835990429
[ 1  1  1  1  1  1  1  1  1  1  1  1 -1  1  1 -1  1  1  1 -1  1  1  1  1] [ 2  3 10 11 18 19 20 21 26 27 28 29 34 35 36 41 42 43 44 45 50 51 52 53] [ 6589  4547  4136  2675  3267  3279  8589 10538  2651  7542  3934  4977
  6457 11543 13304 12537  2637 15657  3732 11543  4063 10591  9652  8713] [] 1716452643.9266445637
[ 1  1  1  1  1  1 -1 -1  1  1  1  1  1  1  1  1  1  1  1  1  1 -1  1 -1
 -1] [ 2  3 10 11 18 19 20 21 26 27 28 29 34 35 36 41 42 43 44 45 50 51 52 53
 54] [ 6404  4191  4044  2607  3078  3170  8607 10771  2615  7223  3730  4889
  6410  8842  9134 12083  2509 14805  3548 11340  3942 10598  9613  8767
 12845] [] 1716452643.9696364403
[ 1  1  1  1  1  1  1  1  1 -1  1  1  1  1  1  1  1  1  1  1  1  1 -1  1] [ 2  3 10 11 18 19 20 21 26 27 28 29 34 35 36 41 42 44 45 50 51 52 53 54] [ 6148  3964  3920  2523  2991  3112  7989 10625  2550  7369  3568  4652
  5792  8563  7796 10782  2397  3451 11118  3763 10513  9536 10324 11520] [] 1716452644.0126922131
[ 1  1  1  1  1  1 -1  1  1  1  1  1  1 -1  1  1  1 -1  1  1 -1 -1 -1  1
  1] [ 2  3 10 11 18 19 20 21 26 27 28 29 34 35 36 41 42 43 44 45 50 51 52 53
 54] [ 6029  3787  3752  2523  2948  3077  8143 10579  2455  7351  3371  4558
  5626  9719  6062 10705  2362 15843  3334 11000  3769 10627  9597  8862
  8666] [] 1716452644.0556294918
[ 1  1  1  1  1  1  1 -1  1  1  1  1  1  1  1  1  1  1  1  1  1 -1  1  1
  1] [ 2  3 10 11 18 19 20 21 26 27 28 29 34 35 36 41 42 43 44 45 50 51 52 53
 54] [ 5899  3322  3626  2427  2801  3003  6538 10599  2353  6159  3180  4467
  5204  7825  5178  9915  2260 15759  3292 10980  3568 10635  8432  8018
  8642] [] 1716452644.0986189842
[ 1  1  1  1  1  1  1 -1  1  1  1 -1  1 -1  1 -1 -1  1 -1  1  1  1  1  1
  1] [ 2  3 10 11 18 19 20 21 26 27 28 29 34 35 36 41 42 43 44 45 50 51 52 53
 54] [ 5788  3115  3529  2379  2729  2959  6357 10635  2351  6067  3030  4511
  4919  7931  4723  9922  2266 15677  3319 10921  3554 10538  8348  7873
  8559] [] 1716452644.1415946484
[ 1  1 -1 -1  1  1  1 -1  1  1  1  1  1 -1  1  1  1  1  1 -1 -1 -1  1  1
  1] [ 2  3 10 11 18 19 20 21 26 27 28 29 34 35 36 41 42 43 44 45 50 51 52 53
 54] [ 5661  3082  3531  2382  2710  2958  6204 10656  2308  6065  2998  4505
  4832  7970  4665  9908  2258 15555  3250 10938  3560 10540  8270  7870
  8461] [] 1716452644.1846919060
[ 1  1  1 -1  1  1 -1  1  1  1 -1 -1  1  1  1 -1  1 -1  1 -1  1  1  1  1
  1] [ 2  3 10 11 18 19 20 21 26 27 28 29 34 35 36 41 42 43 44 45 50 51 52 53
 54] [ 5479  2990  3439  2411  2691  2943  6249 10595  2295  6001  3001  4543
  4706  7646  4629  9936  2254 15627  3237 10989  3555 10536  8238  7768
  8461] [] 1716452644.2276520729
[ 1  1  1  1  1  1  1  1  1 -1  1  1  1  1  1 -1  1 -1  1 -1  1 -1 -1 -1
 -1 -1] [ 2  3 10 11 18 19 20 21 26 27 28 29 34 35 36 37 41 42 43 44 45 50 51 52
 53 54] [ 5374  2966  3425  2357  2664  2935  6122 10580  2291  6051  2944  4453
  4694  7423  4522 16340  9861  2293 15499  3240 10868  3579 10629  8694
  7904 10332] [] 1716452644.2707300186
[-1 -1 -1 -1 -1 -1 -1 -1  1  1 -1 -1 -1  1 -1  1 -1 -1 -1 -1 -1 -1  1 -1
 -1 -1] [ 2  3 10 11 18 19 20 21 26 27 28 29 34 35 36 37 41 42 43 44 45 50 51 52
 53 54] [ 5557  3057  3433  2359  2673  2940  6159 10645  2283  5967  2965  4524
  4750  7300  4559 15050 10721  2327 15651  3341 10909  3671 10519  9455
  8006 12805] [] 1716452644.3136212826
[-1 -1 -1 -1 -1 -1 -1  1 -1 -1 -1 -1 -1  1 -1  1 -1 -1 -1 -1 -1 -1  1 -1
  1] [ 2  3 10 11 18 19 20 21 26 27 28 29 34 35 36 37 41 42 43 44 45 50 51 52
 53] [ 5861  3534  3572  2415  2698  2970  7604 10581  2309  7053  3130  4542
  5275  7257  4734 15020 11982  2366 16203  3414 10936  3789 10511  9530
  7950] [] 1716452644.3565242290
[-1 -1 -1 -1 -1 -1 -1  1 -1 -1 -1 -1 -1 -1 -1 -1  1 -1 -1  1 -1  1 -1 -1] [ 2  3 10 11 18 19 20 21 26 27 28 29 34 35 36 37 41 42 44 45 50 51 52 53] [ 5918  3690  3643  2431  2737  2986  7661 10532  2373  7077  3258  4597
  5725  7296  4871 15295 11899  2496  3713 10912  3880 10504  9632  8320] [] 1716452644.3997249603
[-1 -1 -1 -1 -1 -1 -1  1 -1 -1 -1 -1 -1 -1 -1 -1 -1 -1 -1 -1 -1 -1 -1] [ 2  3 10 11 18 19 20 21 26 27 28 29 34 35 36 41 42 44 45 50 51 52 53] [ 6230  3959  3786  2465  2811  3059  7733 10453  2467  7154  3504  4907
  6022  7498  6146 12124  2588  3738 10998  3999 10538  9725  8423] [] 1716452644.4426510334
[-1 -1 -1 -1 -1 -1 -1  1 -1 -1 -1  1  1 -1 -1 -1 -1 -1 -1 -1 -1 -1 -1] [ 2  3 10 11 18 19 20 21 26 27 28 29 34 35 36 42 43 44 45 50 51 52 53] [ 6401  3982  3833  2519  2841  3095  7888 10414  2475  7185  3598  4875
  6001  7686  6840  2770 15499  4002 11577  4256 10703 10091 10445] [] 1716452644.4856400490
[-1 -1 -1 -1 -1 -1 -1 -1 -1  1 -1 -1 -1 -1 -1 -1  1  1 -1 -1  1] [ 2  3 10 11 18 19 20 21 26 27 28 29 34 35 36 42 44 45 50 51 52] [ 6529  4327  3970  2581  2975  3118  8252 10423  2515  7121  3791  5151
  6025  8336  9583  3001  3961 11414  4520 10750 10024] [] 1716452644.5287270546
[-1 -1 -1 -1 -1 -1 -1  1 -1 -1 -1  1 -1 -1 -1 -1  1 -1 -1  1] [ 2  3 10 11 18 19 20 21 26 27 28 29 34 35 36 42 44 45 50 51] [ 6538  4367  3996  2625  3179  3182  8314 10225  2534  7453  3942  5119
  6652  9138 11132  3128  3937 12642  4626 10699] [] 1716452644.5716907978
[-1 -1 -1 -1 -1 -1 -1  1 -1  1 -1 -1 -1 -1 -1 -1 -1 -1 -1] [ 2  3 10 11 18 19 20 21 26 27 28 29 34 35 36 42 44 50 51] [ 7654  4386  4031  2714  3231  3230  8417 10186  2613  7375  4181  5139
  6685 15800 11139  3408  4074  4995 10909] [] 1716452644.6145613194
[-1 -1 -1 -1 -1 -1 -1 -1 -1 -1 -1 -1 -1 -1 -1 -1 -1 -1 -1] [ 2  3 10 11 18 19 20 21 26 27 28 29 34 35 36 42 44 50 51] [ 7746  4479  4223  2794  3438  3273  8607 10267  2693  7406  4583  5191
  6884 15848 12895  3878  4515  5706 11094] [] 1716452644.6575925350
[-1 -1 -1 -1 -1 -1 -1 -1 -1 -1 -1 -1 -1  1 -1 -1 -1 -1] [ 2  3 10 11 18 19 20 21 26 27 28 29 34 35 36 42 44 50] [ 7871  4483  4389  2895  3805  3371  8725 10455  2767  7415  5033  5309
  7733 15456 13322  5365  5792  6383] [] 1716452644.7005033493
[-1 -1 -1 -1 -1 -1 -1 -1 -1 -1 -1 -1 -1 -1 -1 -1 -1 -1] [ 2  3 10 11 18 19 20 21 26 27 28 29 34 35 36 42 44 50] [ 8017  4559  4517  2980  4263  3515  8902 10569  2903  7476  5250  6171
  7741 15980 13935  6154  6760  7196] [] 1716452644.7435729504
[-1 -1 -1 -1 -1 -1 -1 -1 -1 -1 -1 -1 -1  1 -1 -1 -1] [ 2  3 10 11 18 19 20 21 26 27 28 29 34 36 42 44 50] [ 8090  4661  4571  3065  4719  3589  9078 10683  2983  7522  5491  6244
  9363 13709  7447 10503  9684] [] 1716452644.7865538597
[-1 -1 -1 -1 -1 -1 -1 -1 -1 -1 -1 -1 -1 -1 -1 -1 -1] [ 2  3 10 11 18 19 20 21 26 27 28 29 34 36 42 44 50] [10916  4707  4746  3150  5343  3717  9467 10753  3093  7537  5800  6603
 11263 14314  8126 12325 10212] [] 1716452644.8295762539
[-1 -1 -1 -1 -1 -1 -1 -1 -1 -1 -1 -1 -1 -1 -1 -1 -1] [ 2  3 10 11 18 19 20 21 26 27 28 29 34 36 42 44 50] [14747  4777  4903  3266  5571  3902 12135 10994  3319  7601  7966  8013
 11582 15177 10101 12799 10705] [] 1716452644.8725860119
[-1 -1 -1 -1 -1 -1 -1 -1 -1 -1 -1 -1 -1 -1 -1] [ 3 10 11 18 19 20 21 26 27 28 29 34 36 42 44] [ 5220  5099  3348  6082  4149 12919 11237  3499  7768  9329  8191 11829
 16119 10234 12881] [] 1716452644.9156184196
[-1 -1 -1 -1 -1 -1 -1 -1  1 -1 -1 -1 -1 -1] [ 3 10 11 18 19 20 21 26 27 28 29 34 42 44] [ 6179  5367  3533  7358  4252 13522 11509  3646  7593  9416  8379 12114
 10868 13479] [] 1716452644.9584496021
[-1 -1 -1 -1 -1 -1 -1 -1 -1 -1 -1 -1 -1] [ 3 10 11 18 19 20 21 26 27 28 29 34 42] [13937  5583  3597  7694  4413 15462 11984  3943  7724 10295 11091 13490
 11924] [] 1716452645.0015685558
[-1 -1 -1 -1 -1 -1 -1  1 -1 -1] [ 3 10 11 18 19 26 27 28 34 42] [15074  6478  3638 10821  4499  4178  7812 10194 16143 13175] [] 1716452645.0444138050
[-1 -1 -1 -1 -1 -1 -1] [10 11 18 19 26 27 28] [ 7413  3797 11434  4642  4575  7881 10278] [] 1716452645.0874557495
[-1 -1 -1 -1 -1 -1] [10 11 19 26 27 28] [10922  3950  5321  5766  7977 10301] [] 1716452645.1304700375
[-1 -1 -1 -1 -1] [11 19 26 27 28] [ 4025  5400  7691  8098 10335] [] 1716452645.1735382080
[-1 -1 -1 -1 -1] [11 19 26 27 28] [ 4277  5743  8294  8295 10530] [] 1716452645.2164080143
[-1 -1 -1 -1 -1] [11 19 26 27 28] [ 4981  6482  8817  8350 10577] [] 1716452645.2594525814
[-1 -1 -1 -1 -1] [11 19 26 27 28] [ 5548  7221 10837  8533 10867] [] 1716452645.3024921417
[-1 -1 -1 -1 -1] [11 19 26 27 28] [ 8155  7376 10923  8657 11135] [] 1716452645.3454964161
[-1 -1 -1 -1 -1] [11 19 26 27 28] [ 9119  8575 11077  8982 11330] [] 1716452645.3884873390
[-1 -1 -1 -1 -1] [11 19 26 27 28] [ 9708 10560 11765 10444 12419] [] 1716452645.4314706326
[1 1] [11 27] [9138 9943] [] 1716452645.4744756222
[-1 -1] [11 27] [ 9265 11588] [] 1716452645.5174510479
[-1 -1] [11 27] [ 9652 11699] [] 1716452645.5603816509
[1] [11] [9279] [] 1716452645.6034162045
[-1] [11] [9516] [] 1716452645.6464691162
[-1] [11] [9529] [] 1716452645.6894023418
[-1] [11] [9612] [] 1716452645.7324690819
[-1] [11] [10665] [] 1716452645.7755293846
2 2 2 1716452645.7757101059
