FA TAX ADC PRES TS
[1] [11] [12275] [] 1716448480.5540132523
[1] [11] [12145] [] 1716448480.5970866680
[-1] [11] [12171] [] 1716448480.6400504112
[1] [11] [12055] [] 1716448480.6832299232
[-1] [11] [12069] [] 1716448480.7261137962
[-1] [11] [12124] [] 1716448480.7692387104
[1] [11] [9786] [] 1716448480.8121938705
[1] [11] [9219] [] 1716448480.8551743031
[-1 -1] [ 3 11] [10653  9512] [] 1716448480.8981795311
[1 1] [ 3 11] [9659 9297] [] 1716448480.9411680698
[1 1] [ 3 11] [8634 9151] [] 1716448480.9840784073
[1 1] [ 3 11] [6254 9139] [] 1716448481.0272369385
[ 1 -1 -1] [ 3 11 19] [ 6247  9199 10147] [] 1716448481.0701718330
[ 1  1 -1  1] [ 3 11 18 19] [ 6161  9173 14578  9940] [] 1716448481.1131589413
[ 1  1 -1  1] [ 3 11 18 19] [ 5821  9091 15829  9783] [] 1716448481.1560840607
[1 1 1] [ 3 11 19] [5763 8996 9689] [] 1716448481.1992127895
[ 1 -1  1 -1  1 -1] [ 3 10 11 18 19 27] [ 4790 11285  8554 14984  8678 14282] [] 1716448481.2422316074
[-1  1  1  1  1 -1  1] [ 3 10 11 18 19 26 27] [ 4841  8419  8301 11493  8346 13131 10206] [] 1716448481.2852973938
[ 1  1 -1  1  1 -1  1  1 -1] [ 3 10 11 18 19 20 26 27 28] [ 4775  8168  8317 11403  8313 15794 12308  9683 12607] [] 1716448481.3282477856
[ 1  1 -1  1  1  1  1  1  1 -1] [ 3 10 11 18 19 20 26 27 28 34] [ 4641  7281  8403 11220  7689 14792 11681  9483 12011 12445] [] 1716448481.3712007999
[1 1 1 1 1 1 1 1 1 1] [ 3 10 11 18 19 20 26 27 28 34] [ 4402  6777  7275 10773  6834 14538 11272  9293 11854 12213] [] 1716448481.4142415524
[ 1  1  1  1  1  1  1  1  1 -1] [ 3 10 11 18 19 20 26 27 28 34] [ 4331  6618  7023 10525  6390 13960 11167  9284 11575 12259] [] 1716448481.4571771622
[ 1  1  1  1  1 -1  1  1  1  1 -1] [ 3 10 11 18 19 20 26 27 28 34 42] [ 3859  6323  6133 10357  5432 14034 11011  9229 11442 10378 13703] [] 1716448481.5003390312
[ 1  1  1  1  1  1  1  1  1 -1  1] [ 3 10 11 18 19 20 26 27 28 34 42] [ 3659  5519  5332  8181  5046 13114 10748  7539 11299 10479 12267] [] 1716448481.5432631969
[1 1 1 1 1 1 1 1 1 1 1] [ 3 10 11 18 19 20 26 27 28 34 42] [ 3450  5112  5115  8136  4723 12875 10537  7489 11299 10310 10128] [] 1716448481.5862612724
[-1  1  1  1  1  1  1  1  1  1  1 -1  1] [ 2  3 10 11 18 19 20 26 27 28 34 36 42] [12739  3263  4884  4733  7942  4638 10180  8369  7472  9090  9107 15187
  8661] [] 1716448481.6292893887
[ 1  1  1  1  1  1  1 -1  1  1 -1  1 -1  1] [ 2  3 10 11 18 19 20 21 26 27 28 34 36 42] [ 8759  3034  4747  4319  7812  4375  9864 11785  6532  7375  9256  8846
 15207  7036] [] 1716448481.6723382473
[ 1  1  1  1  1  1  1  1  1  1  1  1  1  1 -1] [ 2  3 10 11 18 19 20 21 26 27 28 34 36 42 44] [ 8368  2962  4605  4143  6174  4242  9779 11587  6098  7356  9223  8749
 15180  6822 14848] [] 1716448481.7153038979
[ 1  1  1  1  1  1  1 -1  1  1  1 -1  1 -1  1  1] [ 2  3 10 11 18 19 20 21 26 27 28 29 34 36 42 44] [ 8289  2823  4341  3581  5409  4124  9565 11659  5133  7310  9127 12595
  8666 15191  5985 13517] [] 1716448481.7583091259
[ 1  1  1  1  1  1  1 -1  1  1  1  1  1 -1  1  1] [ 2  3 10 11 18 19 20 21 26 27 28 29 34 36 42 44] [ 8240  2682  4165  3321  4939  3911  8216 11681  4427  7299  7418 11840
  8575 15209  5712 13129] [] 1716448481.8012423515
[ 1  1  1  1 -1  1  1 -1  1  1  1  1  1  1  1 -1] [ 2  3 10 11 18 19 20 21 26 27 28 29 34 36 42 44] [ 8235  2647  4013  3088  4981  3824  7889 11746  4293  7200  7015 11761
  7569 14980  5367 13312] [] 1716448481.8442890644
[ 1  1  1  1  1  1  1  1  1  1  1  1 -1 -1  1  1] [ 2  3 10 11 18 19 20 21 26 27 28 29 34 36 42 44] [ 8218  2559  3747  2887  4904  3701  7655 11454  3754  7041  6244  8717
  7698 15877  5193 11357] [] 1716448481.8872742653
[ 1  1  1  1  1  1  1 -1  1  1  1  1 -1  1  1  1] [ 2  3 10 11 18 19 20 21 26 27 28 29 34 36 42 44] [ 8143  2453  3665  2863  4807  3571  7338 11581  3640  6991  5773  8342
  7926 14761  4883  7996] [] 1716448481.9303302765
[ 1  1  1  1  1  1  1  1  1 -1  1  1  1 -1  1  1] [ 2  3 10 11 18 19 20 21 26 27 28 29 34 36 42 44] [ 8118  2362  3535  2707  4689  3466  7170 11452  3527  7055  5406  8217
  6821 15001  4395  5750] [] 1716448481.9733271599
[ 1  1  1  1  1  1 -1 -1  1  1  1 -1  1  1  1  1] [ 2  3 10 11 18 19 20 21 26 27 28 29 34 36 42 44] [ 8093  2283  3463  2618  4146  3407  7204 11538  3372  7027  4970  8235
  5591 11565  4064  5168] [] 1716448482.0163166523
[ 1  1  1  1 -1  1  1 -1  1  1  1  1 -1  1  1  1  1 -1] [ 2  3 10 11 12 18 19 20 21 26 27 28 29 34 36 42 44 50] [ 8089  2195  3340  2528 14914  3616  3226  7284 11460  3270  6983  4501
  8358  5116 10895  4047  5081 10779] [] 1716448482.0593073368
[ 1  1  1  1  1  1  1 -1  1  1 -1  1  1  1  1  1  1  1] [ 2  3 10 11 12 18 19 20 21 26 27 28 29 34 36 42 44 50] [ 7929  2186  3315  2435 14829  3474  3215  7397 11353  3231  7115  4205
  8245  4764  9622  3918  4854  7220] [] 1716448482.1022982597
[-1  1 -1  1  1  1  1  1  1  1  1  1  1  1  1 -1  1  1  1  1] [ 2  3  4 10 11 12 18 19 20 21 26 27 28 29 34 35 36 42 44 50] [ 7978  2177 13059  3279  2394 14047  3303  3118  7328 11216  3093  7071
  3962  8215  4391 16370  8794  3698  4506  6647] [] 1716448482.1453092098
[-1 -1  1 -1  1  1  1  1  1  1  1  1  1  1  1  1  1  1  1  1  1] [ 1  2  3  4 10 11 12 18 19 20 21 26 27 28 29 34 35 36 42 44 50] [12476  8131  2135 13358  3175  2318 12971  3175  3099  5545 10868  3053
  6914  3726  7929  4204 15436  7538  3614  4292  6159] [] 1716448482.1883008480
[ 1 -1  1 -1  1  1  1  1  1  1  1  1  1  1  1  1  1  1  1  1  1] [ 1  2  3  4 10 11 12 18 19 20 21 26 27 28 29 34 35 36 42 44 50] [12295  8147  2079 15894  3149  2254 12681  3031  3031  5350 10682  2959
  6468  3553  7848  3904 13728  7064  3336  4010  5057] [] 1716448482.2313027382
[ 1  1  1  1  1  1  1  1 -1 -1  1  1  1  1  1  1 -1  1  1  1] [ 1  2  3 10 11 12 18 19 20 21 26 27 28 29 34 35 36 42 44 50] [12133  7954  2013  2987  2251 12295  2867  3026  5452 10714  2919  6424
  3452  7603  3806 12994  7211  3172  3904  4814] [] 1716448482.2743182182
[ 1  1  1  1  1  1  1  1  1  1  1  1  1  1  1  1  1 -1 -1 -1] [ 1  2  3 10 11 12 18 19 20 21 26 27 28 29 34 35 36 42 44 50] [11666  7868  1993  2919  2159 12106  2778  2988  5269 10638  2905  6424
  3351  7523  3767  8700  6483  3193  3908  4840] [] 1716448482.3172786236
[-1 -1 -1 -1  1  1  1  1  1 -1 -1  1  1  1  1  1  1  1  1  1  1] [ 1  2  3  4 10 11 12 18 19 20 21 26 27 28 29 34 35 36 42 44 50] [11796  7935  2027 13269  2831  2121 12031  2758  2980  5443 10657  2894
  6381  3292  7513  3742  8448  6406  3150  3865  4730] [] 1716448482.3604245186
[-1  1  1  1  1  1 -1  1  1  1  1  1 -1 -1  1  1 -1  1 -1  1  1] [ 1  2  3  4 10 11 12 18 19 20 21 26 27 28 29 34 35 36 42 44 50] [11803  7896  2011 12931  2803  2106 12051  2744  2979  5195 10575  2881
  6393  3301  7484  3734  8469  6283  3173  3847  4640] [] 1716448482.4032881260
[-1 -1  1 -1  1 -1  1  1 -1  1  1  1 -1  1  1 -1  1  1 -1 -1 -1] [ 1  2  3  4 10 11 12 18 19 20 21 26 27 28 29 34 35 36 42 44 50] [11861  7915  1991 13082  2783  2121 12029  2723  3015  5144 10552  2871
  6396  3280  7482  3758  8411  6257  3191  3914  5000] [] 1716448482.4463040829
[ 1  1 -1 -1 -1 -1 -1 -1  1 -1 -1 -1  1 -1 -1 -1 -1 -1 -1 -1 -1] [ 1  2  3  4 10 11 12 18 19 20 21 26 27 28 29 34 35 36 42 44 50] [11815  7847  2015 13195  2831  2167 12187  2751  2978  5199 10558  2885
  6320  3361  7543  3764  8491  6533  3592  4404  5840] [] 1716448482.4893782139
[-1 -1  1 -1 -1 -1 -1 -1 -1 -1  1 -1 -1 -1 -1 -1 -1 -1 -1 -1 -1] [ 1  2  3  4 10 11 12 18 19 20 21 26 27 28 29 34 35 36 42 44 50] [12328  7858  2014 13316  2953  2204 12236  2824  3035  5344 10523  2921
  6335  3493  7619  3843 10016  7024  3620  4572 11148] [] 1716448482.5322322845
[-1  1 -1  1 -1 -1 -1 -1  1 -1  1 -1 -1 -1 -1 -1 -1 -1  1 -1] [ 1  2  3  4 10 11 12 18 19 20 21 26 27 28 29 34 35 36 42 44] [14699  7779  2063 13259  3011  2255 12719  2959  3010  5565 10425  2983
  6349  3580  7722  4015 11420  7324  3588  4609] [] 1716448482.5753343105
[ 1  1  1  1 -1 -1 -1 -1 -1 -1 -1  1 -1 -1 -1 -1 -1 -1 -1] [ 2  3  4 10 11 12 18 19 20 21 26 27 28 29 34 35 36 42 44] [ 7697  2055 13175  2974  2314 13881  2994  3038  6906 10445  2989  6235
  3698  7862  4093 11880  7837  3900  5429] [] 1716448482.6182959080
[-1 -1  1 -1 -1 -1 -1 -1 -1 -1 -1 -1 -1 -1 -1  1 -1 -1 -1] [ 2  3  4 10 11 12 18 19 20 21 26 27 28 29 34 35 36 42 44] [ 7700  2159 12844  3031  2387 14578  3193  3118  7683 10536  3071  6262
  4095  8009  4610 11847  9318  4148  7717] [] 1716448482.6613295078
[-1 -1  1 -1 -1 -1 -1 -1  1 -1 -1  1 -1 -1 -1 -1 -1 -1 -1] [ 2  3  4 10 11 12 18 19 20 21 26 27 28 29 34 35 36 42 44] [ 7838  2185 12678  3053  2434 14987  3465  3120  7624 10669  3111  6249
  4404  8188  4847 12328  9940  4563 12519] [] 1716448482.7042911053
[-1 -1  1 -1 -1 -1 -1 -1  1 -1 -1 -1 -1 -1 -1 -1 -1 -1 -1] [ 2  3  4 10 11 12 18 19 20 21 26 27 28 29 34 35 36 42 44] [ 7979  2295 11279  3151  2568 15439  3831  3282  7307 10732  3236  6325
  5031 11452  4903 15737 11745  4684 13665] [] 1716448482.7473340034
[-1 -1 -1 -1 -1 -1 -1  1 -1 -1 -1 -1 -1 -1 -1 -1 -1] [ 2  3  4 10 11 18 19 20 21 26 27 28 29 34 35 36 42] [ 8017  2338 12942  3195  2635  3976  3307  7247 10829  3314  6652  5409
 11668  5110 16008 13727  5222] [] 1716448482.7903149128
[-1 -1 -1 -1 -1 -1 -1 -1 -1 -1  1 -1 -1 -1 -1 -1] [ 2  3  4 10 11 18 19 20 21 26 27 28 29 34 36 42] [ 8030  2461 13844  3289  2879  4162  3422  7281 11013  3511  6626  6247
 12209  5541 14341  6430] [] 1716448482.8333213329
[-1 -1  1 -1 -1 -1 -1 -1  1 -1 -1 -1 -1 -1 -1] [ 2  3  4 10 11 18 19 20 21 26 27 28 34 36 42] [ 8160  2550 13525  3479  3071  4417  3488  8278 10884  3724  6699  7432
  5671 14993  7460] [] 1716448482.8762612343
[-1 -1  1 -1 -1 -1 -1 -1 -1 -1 -1 -1 -1 -1] [ 2  3  4 10 11 18 19 20 21 26 27 28 34 36] [ 8161  2687 11909  3720  3298  4703  3585  8952 11096  4332  6899  7468
  6409 15945] [] 1716448482.9192550182
[-1 -1  1 -1 -1 -1 -1 -1 -1 -1 -1 -1] [ 2  3  4 10 11 18 19 20 26 27 28 34] [ 8295  2872 11662  4195  3853  6051  3755  9068  6226  6994  8666  7457] [] 1716448482.9622681141
[-1 -1 -1 -1 -1 -1 -1 -1 -1 -1 -1] [ 2  3 10 11 18 19 20 26 27 28 34] [8361 2925 4330 3984 6228 3856 9253 7135 7063 8724 7609] [] 1716448483.0052580833
[-1 -1 -1 -1 -1 -1 -1 -1 -1 -1 -1] [ 2  3 10 11 18 19 20 26 27 28 34] [15135  3413  4682  4425  7545  4223  9784 10520  7294 10907  8884] [] 1716448483.0482378006
[-1 -1 -1 -1 -1 -1 -1  1 -1 -1 -1] [ 2  3 10 11 18 19 20 26 27 28 34] [15179  3974  5601  5047  7751  4588 12698 10468  7769 11581 10695] [] 1716448483.0912072659
[-1 -1 -1 -1 -1 -1 -1 -1 -1 -1] [ 2  3 10 11 18 19 20 26 27 34] [15808  4122  6102  5396  7947  4655 13097 10607  9068 12096] [] 1716448483.1343038082
[-1 -1 -1 -1 -1 -1  1 -1] [ 3 10 11 18 19 26 27 34] [ 4357  6295  6694 10259  4931 10797  9007 12170] [] 1716448483.1772665977
[-1 -1 -1 -1 -1 -1 -1] [ 3 10 11 18 19 26 27] [ 4427  6449  7894 10496  5742 11158  9083] [] 1716448483.2202577591
[-1 -1  1 -1 -1 -1] [ 3 10 11 18 19 27] [ 5403  7275  7879 11053  6569  9175] [] 1716448483.2632255554
[-1 -1 -1 -1 -1 -1] [ 3 10 11 18 19 27] [ 5687  8248  8120 11594  7289  9494] [] 1716448483.3062670231
[-1 -1 -1 -1 -1] [ 3 10 11 19 27] [ 5726  9440  9192 12568 12654] [] 1716448483.3492572308
[-1 -1  1] [ 3 10 11] [ 6060 13370  9085] [] 1716448483.3921997547
[-1 -1] [ 3 11] [9439 9467] [] 1716448483.4352271557
[1] [11] [9464] [] 1716448483.4782023430
[-1] [11] [11245] [] 1716448483.5212280750
[-1] [11] [11580] [] 1716448483.5641412735
[-1] [11] [12503] [] 1716448483.6072075367
[-1] [11] [12780] [] 1716448483.6502039433
[-1] [11] [14455] [] 1716448483.6932060719
[1] [11] [13910] [] 1716448483.7361283302
2 2 2 1716448483.7905049324
