FA TAX ADC PRES TS
[-1] [11] [15498] [] 1716448515.9927175045
[1] [11] [14954] [] 1716448516.0357844830
[1] [11] [12205] [] 1716448516.0788378716
[-1] [11] [14464] [] 1716448516.1218333244
[1] [11] [11362] [] 1716448516.1647765636
[1] [11] [10709] [] 1716448516.2078740597
[1] [11] [10416] [] 1716448516.2508103848
[1] [11] [9408] [] 1716448516.2938730717
[-1  1] [ 3 11] [9651 9357] [] 1716448516.3367729187
[1 1] [ 3 11] [9185 9169] [] 1716448516.3795669079
[1 1] [ 3 11] [8228 9122] [] 1716448516.4227483273
[ 1 -1 -1] [ 3 10 11] [ 6202 12236  9268] [] 1716448516.4658422470
[1 1 1] [ 3 10 11] [ 5884 11071  9200] [] 1716448516.5089011192
[ 1  1  1 -1] [ 3 10 11 27] [ 5580  9345  9174 13350] [] 1716448516.5518782139
[ 1  1  1 -1  1] [ 3 10 11 19 27] [ 5346  8633  8258 15573  9523] [] 1716448516.5948643684
[ 1  1  1 -1  1  1 -1] [ 3 10 11 18 19 27 34] [ 5095  8399  8145 13347  9586  9261 12905] [] 1716448516.6378133297
[ 1 -1  1 -1 -1 -1 -1 -1 -1  1] [ 3 10 11 18 19 20 26 27 28 34] [ 5027  8410  6207 13360  9695 15167 11878  9644 12862 12525] [] 1716448516.6808955669
[1 1 1 1 1 1 1 1 1 1] [ 3 10 11 18 19 20 26 27 28 34] [ 4256  6996  5374 11492  7152 13989 11876  9611 12032 12440] [] 1716448516.7238526344
[-1  1  1  1  1  1  1  1  1  1  1] [ 2  3 10 11 18 19 20 26 27 28 34] [15980  3921  6062  4975 11157  6722 13541 11637  9491 11778  9359] [] 1716448516.7669479847
[ 1 -1  1  1  1  1  1  1 -1  1  1 -1] [ 2  3 10 11 18 19 20 26 27 28 34 36] [15116  3923  5408  4752 10901  6451 13415 11406  9637 11687  8993 15337] [] 1716448516.8098878860
[ 1  1  1  1  1  1 -1 -1  1  1  1  1 -1 -1] [ 2  3 10 11 18 19 20 21 26 27 28 34 36 42] [14854  3833  5069  4387 10544  5900 13509 13008 10924  9391 11505  8607
 15871 13586] [] 1716448516.8529186249
[ 1  1  1  1  1  1  1  1  1  1  1 -1 -1  1] [ 2  3 10 11 18 19 20 21 26 27 28 34 36 42] [14835  3710  4825  4205  9109  5529 13258 12129 10814  9359 11486  8681
 15996  9606] [] 1716448516.8959641457
[1 1 1 1 1 1 1 1 1 1 1 1 1 1] [ 2  3 10 11 18 19 20 21 26 27 28 34 36 42] [10833  3653  4493  3759  8961  5138 13029 11395  8871  9314  9480  7534
 12341  7617] [] 1716448516.9389050007
[1 1 1 1 1 1 1 1 1 1 1 1 1 1] [ 2  3 10 11 18 19 20 21 26 27 28 34 36 42] [ 9527  3590  4287  3414  6653  4806 12760 11264  8711  7522  9203  7152
 11743  7046] [] 1716448516.9819014072
[ 1  1  1  1  1  1  1  1  1  1  1  1  1  1 -1] [ 2  3 10 11 18 19 20 21 26 27 28 34 36 42 44] [ 9485  3341  4183  3246  6342  4498 12685 11249  8635  7341  9131  6987
  9409  6616 14082] [] 1716448517.0249536037
[-1  1  1  1  1  1  1 -1  1  1  1 -1  1  1  1  1] [ 2  3 10 11 18 19 20 21 26 27 28 29 34 36 42 44] [ 9604  3050  3931  3002  5747  4290  9934 11269  7857  7324  8059 12252
  6845  8882  6384 13597] [] 1716448517.0679593086
[ 1  1  1  1  1  1  1 -1  1  1  1  1  1  1  1  1] [ 2  3 10 11 18 19 20 21 26 27 28 29 34 36 42 44] [ 9469  2905  3852  2775  5626  4152  9912 11374  6993  7242  7612 11723
  6020  8645  5849 13306] [] 1716448517.1109220982
[1 1 1 1 1 1 1 1 1 1 1 1 1 1 1 1] [ 2  3 10 11 18 19 20 21 26 27 28 29 34 36 42 44] [ 9448  2714  3708  2600  5520  3974  9545 11215  5640  7040  6890 11452
  5301  7948  5426 13118] [] 1716448517.1539025307
[ 1  1  1  1  1  1  1  1  1  1  1 -1  1  1  1  1] [ 2  3 10 11 18 19 20 21 26 27 28 29 34 36 42 44] [ 9295  2585  3517  2450  5430  3903  9414 11141  4858  6969  5887 11557
  4897  7302  5165  9971] [] 1716448517.1969780922
[ 1  1  1  1 -1  1  1 -1  1  1  1  1  1  1  1  1  1] [ 2  3 10 11 12 18 19 20 21 26 27 28 29 34 36 42 44] [ 8117  2523  3436  2365 14890  5040  3774  9515 11072  4451  6898  5740
  8707  4444  6799  4711  7237] [] 1716448517.2399032116
[ 1  1  1  1  1  1  1  1 -1  1 -1  1  1  1  1  1  1] [ 2  3 10 11 12 18 19 20 21 26 27 28 29 34 36 42 44] [ 8004  2424  3337  2221 12653  4915  3701  9361 11150  3911  6926  5166
  8621  4198  6736  4569  6048] [] 1716448517.2829878330
[ 1  1  1  1  1  1  1  1  1  1  1  1 -1  1  1  1  1] [ 2  3 10 11 12 18 19 20 21 26 27 28 29 34 36 42 44] [ 7914  2318  3327  2166 12368  4615  3600  9136 11104  3794  6819  4966
  8680  3941  6634  4176  5339] [] 1716448517.3259990215
[ 1  1  1  1 -1  1  1  1  1  1  1  1  1  1 -1  1 -1  1 -1] [ 2  3 10 11 12 18 19 20 21 26 27 28 29 34 35 36 42 44 50] [ 7861  2224  3215  2064 12433  4360  3414  8868 10942  3671  6330  4536
  8134  3682 13371  6497  4258  4974 10581] [] 1716448517.3689892292
[1 1 1 1 1 1 1 1 1 1 1 1 1 1 1 1 1 1 1] [ 2  3 10 11 12 18 19 20 21 26 27 28 29 34 35 36 42 44 50] [ 6663  2116  3187  1971 12267  4258  3278  7084 10706  3487  6211  4226
  8076  3505 12968  6064  3928  4629  9642] [] 1716448517.4120440483
[ 1  1  1  1  1  1  1 -1  1  1  1  1  1  1 -1  1  1  1  1] [ 2  3 10 11 12 18 19 20 21 26 27 28 29 34 35 36 42 44 50] [ 6449  2091  3127  1940 10392  4051  3212  7304 10606  3386  5452  3940
  7988  3356 13144  5704  3829  4305  8222] [] 1716448517.4549572468
[ 1  1  1  1  1  1 -1  1  1  1  1  1  1  1  1  1 -1  1  1  1] [ 2  3 10 11 12 18 19 20 21 26 27 28 29 34 35 36 41 42 44 50] [ 6394  2057  3071  1915  9741  3693  3227  6963 10566  3308  5169  3797
  7902  3208 12875  5318 14335  3490  4032  6302] [] 1716448517.4980731010
[ 1  1  1  1  1  1  1  1 -1  1  1  1  1  1  1  1  1  1  1  1] [ 2  3 10 11 12 18 19 20 21 26 27 28 29 34 35 36 41 42 44 50] [ 6203  2002  3013  1863  9741  3399  3061  6622 10657  3153  5071  3473
  7757  3084 11712  5080 13709  3426  3990  6062] [] 1716448517.5407667160
[-1  1  1  1  1  1  1  1  1  1  1  1  1  1  1  1  1  1  1  1] [ 2  3 10 11 12 18 19 20 21 26 27 28 29 34 35 36 41 42 44 50] [ 6271  1966  3005  1839  9625  3275  3019  6480 10636  3142  4712  3408
  7731  3065 10923  5001 13293  3401  3978  5978] [] 1716448517.5839939117
[ 1  1  1  1  1 -1 -1  1  1 -1  1  1  1  1  1 -1  1  1  1  1] [ 2  3 10 11 12 18 19 20 21 26 27 28 29 34 35 36 41 42 44 50] [ 6248  1957  3003  1839  9533  3291  3023  6455 10633  3175  4704  3333
  7679  3019 10680  5040 13056  3378  3896  5948] [] 1716448517.6270296574
[ 1  1  1 -1  1  1 -1  1  1  1 -1  1  1  1 -1  1 -1 -1 -1 -1] [ 2  3 10 11 12 18 19 20 21 26 27 28 29 34 35 36 41 42 44 50] [ 6231  1957  2987  1871  9461  3238  3058  6444 10562  3117  4717  3327
  7585  2998 10732  5037 14157  3467  3978  6387] [] 1716448517.6700153351
[ 1  1  1  1  1  1  1  1  1 -1  1 -1 -1  1 -1  1  1 -1 -1] [ 2  3 10 11 12 18 19 20 21 26 27 28 29 34 35 36 42 44 50] [ 6143  1957  2987  1851  9444  3229  2992  6427 10500  3126  4701  3359
  7609  2980 11430  5024  3452  4140  8110] [] 1716448517.7129504681
[-1 -1 -1  1  1 -1 -1 -1  1  1 -1 -1 -1 -1 -1 -1 -1 -1 -1] [ 2  3 10 11 12 18 19 20 21 26 27 28 29 34 35 36 42 44 50] [ 6206  2003  2995  1846  9421  3250  3027  6429 10470  3112  4926  3479
  7758  3030 11764  5043  3687  4300  8825] [] 1716448517.7559797764
[ 1  1  1 -1 -1 -1 -1 -1  1 -1 -1 -1  1 -1  1 -1 -1 -1] [ 2  3 10 11 12 18 19 20 21 26 27 28 29 34 35 36 42 44] [ 6173  1990  2989  1847  9571  3331  3091  6453 10438  3135  5092  3590
  7665  3213 11405  5146  3847  4576] [] 1716448517.7989485264
[-1 -1 -1 -1 -1 -1 -1 -1 -1 -1 -1 -1 -1 -1 -1 -1 -1 -1] [ 2  3 10 11 12 18 19 20 21 26 27 28 29 34 35 36 42 44] [ 7027  2039  2991  1881  9666  3620  3127  6475 10481  3219  5247  3762
  7831  3235 11915  5262  4015  5629] [] 1716448517.8419938087
[-1 -1 -1 -1 -1 -1 -1 -1 -1 -1 -1 -1 -1 -1 -1 -1 -1 -1] [ 2  3 10 11 12 18 19 20 21 26 27 28 29 34 35 36 42 44] [ 7617  2085  3039  1928 11802  3729  3180  6571 10537  3313  5572  3979
  7948  3399 12779  5622  4149  7679] [] 1716448517.8849482536
[-1 -1 -1 -1 -1  1 -1 -1  1 -1 -1 -1 -1 -1 -1 -1 -1 -1] [ 2  3 10 11 12 18 19 20 21 26 27 28 29 34 35 36 42 44] [ 7743  2151  3071  1969 11976  3702  3275  6679 10418  3439  6086  4277
  8087  3541 13186  5800  4178 11349] [] 1716448517.9278354645
[-1 -1 -1 -1 -1 -1 -1 -1  1 -1  1 -1 -1 -1 -1 -1 -1 -1] [ 2  3 10 11 12 18 19 20 21 26 27 28 29 34 35 36 42 44] [ 7826  2239  3119  2024 12131  3822  3443  7293 10347  3639  6059  4649
 11288  3674 14318  6064  4592 12665] [] 1716448517.9710195065
[ 1 -1 -1 -1 -1 -1 -1 -1 -1 -1 -1 -1 -1 -1 -1 -1 -1 -1] [ 2  3 10 11 12 18 19 20 21 26 27 28 29 34 35 36 42 44] [ 7817  2359  3177  2118 12168  4085  3563  8639 10601  4047  6155  5233
 11303  4235 16124  6539  4776 13111] [] 1716448518.0140519142
[-1 -1 -1 -1 -1 -1 -1 -1 -1 -1 -1 -1 -1 -1 -1 -1] [ 2  3 10 11 12 18 19 20 21 26 27 28 29 34 36 42] [ 7886  2499  3209  2172 12381  4183  3573  8753 10647  4261  6221  5682
 11608  4607  6773  5449] [] 1716448518.0569427013
[-1 -1 -1 -1 -1 -1 -1 -1  1 -1 -1 -1 -1 -1 -1] [ 2  3 10 11 12 18 19 20 21 26 27 28 34 36 42] [ 8911  2647  3400  2295 14875  4431  3656  8890 10529  4949  6260  6540
  4829  6942  6589] [] 1716448518.1000113487
[-1 -1 -1 -1 -1 -1 -1 -1 -1 -1 -1 -1 -1 -1] [ 2  3 10 11 18 19 20 21 26 27 28 34 36 42] [ 8997  2821  3497  2523  4922  3761  9078 10736  7192  6574  7610  5100
  7597  8853] [] 1716448518.1430046558
[-1 -1 -1 -1 -1 -1 -1 -1 -1 -1 -1 -1 -1] [ 2  3 10 11 18 19 20 21 26 27 28 34 36] [ 9081  3070  3735  2683  5444  3932  9417 10967  7597  6759  8850  5691
  8171] [] 1716448518.1858594418
[-1 -1 -1 -1 -1 -1 -1 -1 -1  1 -1 -1] [ 2  3 10 11 18 19 20 26 27 28 34 36] [ 9177  3455  4004  3079  6131  4239 11791  8414  6879  8819  6219 11927] [] 1716448518.2289035320
[-1 -1 -1 -1 -1 -1 -1 -1 -1 -1 -1 -1] [ 2  3 10 11 18 19 20 26 27 28 34 36] [ 9441  3545  4213  3380  8594  4450 12226  8825  7067 10744  7235 15547] [] 1716448518.2719767094
[-1 -1 -1 -1 -1 -1 -1 -1 -1 -1 -1] [ 2  3 10 11 18 19 20 26 27 28 34] [14799  3654  4481  3800  8810  4708 12327 10787  7290 11273  8902] [] 1716448518.3149681091
[-1 -1 -1 -1 -1 -1 -1 -1 -1 -1 -1] [ 2  3 10 11 18 19 20 26 27 28 34] [14989  3675  4759  4002 10291  5103 12634 10888  8872 11992  9105] [] 1716448518.3579044342
[-1 -1 -1 -1 -1 -1 -1 -1 -1 -1] [ 2  3 10 11 18 19 20 26 27 34] [15174  3848  5195  4589 10439  5583 14122 11045  8981 12724] [] 1716448518.4009323120
[ 1 -1 -1 -1 -1 -1 -1  1] [ 2  3 10 11 18 19 26 27] [15147  4667  6371  4955 10716  5898 11348  8913] [] 1716448518.4440081120
[-1 -1 -1 -1 -1 -1 -1] [ 3 10 11 18 19 26 27] [ 4804  6855  5459 11181  7245 11541  9180] [] 1716448518.4869978428
[-1 -1 -1 -1 -1] [ 3 10 11 19 27] [5502 7313 9134 7750 9273] [] 1716448518.5299935341
[-1 -1 -1 -1] [ 3 10 11 27] [ 7621  8465  9142 12524] [] 1716448518.5729284286
[-1 -1 -1] [ 3 10 11] [ 8897 10244  9151] [] 1716448518.6159422398
[-1 -1] [ 3 11] [9373 9375] [] 1716448518.6589353085
[-1] [11] [9377] [] 1716448518.7019553185
[-1] [11] [10285] [] 1716448518.7449173927
[-1] [11] [11053] [] 1716448518.7879426479
[-1] [11] [11422] [] 1716448518.8309271336
[-1] [11] [13513] [] 1716448518.8739080429
[-1] [11] [14118] [] 1716448518.9169106483
[1] [11] [12789] [] 1716448518.9599459171
2 2 2 1716448519.0543963909
