FA TAX ADC PRES TS
[1] [11] [10473] [] 1716448759.5274789333
[1] [11] [10329] [] 1716448759.5704426765
[-1] [11] [10532] [] 1716448759.6133913994
[1] [11] [9947] [] 1716448759.6563816071
[1] [11] [9890] [] 1716448759.6994476318
[1] [11] [9549] [] 1716448759.7424497604
[1] [11] [9236] [] 1716448759.7855145931
[-1 -1] [ 3 11] [10609  9511] [] 1716448759.8284323215
[1 1] [ 3 11] [9701 9439] [] 1716448759.8714687824
[1 1] [ 3 11] [9297 9421] [] 1716448759.9145345688
[-1 -1 -1 -1] [ 3 11 27 28] [ 9338  9567 11658 12407] [] 1716448759.9574873447
[ 1 -1 -1 -1 -1  1] [ 3 11 19 26 27 28] [ 6963  9913 15351 11808 11885 12387] [] 1716448760.0004129410
[1 1 1 1 1 1] [ 3 11 19 26 27 28] [ 6671  9661 14566 11564 11640 12030] [] 1716448760.0434894562
[1 1 1 1 1 1] [ 3 11 19 26 27 28] [ 6465  9514 12562 11357 11531 11914] [] 1716448760.0865781307
[ 1 -1 -1  1  1  1  1] [ 3 11 18 19 26 27 28] [ 6379  9610 12485 10586 11350  9633 11710] [] 1716448760.1294293404
[ 1  1  1  1 -1  1 -1 -1] [ 3 11 18 19 26 27 28 44] [ 6118  9579 11820 10099 11363  9608 11812 16307] [] 1716448760.1724309921
[ 1  1  1  1 -1 -1 -1 -1 -1  1] [ 3 11 18 19 26 27 28 34 42 44] [ 5411  9460 11572  8587 11401  9661 11866 13481 15445 15606] [] 1716448760.2155287266
[-1  1 -1  1  1 -1  1  1 -1  1  1] [ 2  3 11 18 19 20 26 27 28 34 42] [16166  4750  9462 11404  8109 16147 11234  9580 11878 12655 11059] [] 1716448760.2585439682
[ 1  1  1  1  1  1  1  1  1  1  1 -1] [ 2  3 11 18 19 20 26 27 28 34 42 44] [15904  4592  9338 11199  7794 14602 11090  9470 11604 12623 10483 15615] [] 1716448760.3015372753
[ 1  1  1  1  1  1  1  1 -1  1  1 -1] [ 2  3 11 18 19 20 26 27 28 34 42 44] [15884  4490  9301 11091  7196 14243 11030  9424 11692 12567  9445 15789] [] 1716448760.3444333076
[ 1  1 -1  1  1  1  1  1  1  1  1  1  1] [ 2  3 10 11 18 19 20 26 27 28 34 42 44] [15373  4410 13764  9291 10644  6476 13711 10984  9178 11427 10631  9092
 13709] [] 1716448760.3874921799
[-1  1 -1  1  1  1  1  1  1  1  1  1  1] [ 2  3 10 11 18 19 20 26 27 28 34 42 44] [15482  4336 13808  9266 10643  6138 13624 10924  9140 11303  9354  7969
 13451] [] 1716448760.4305608273
[ 1  1  1  1  1  1  1  1  1  1  1  1 -1] [ 2  3 10 11 18 19 20 26 27 28 34 42 44] [15319  4218 13530  8341 10619  5937 13221 10863  9094 11151  9158  6922
 13473] [] 1716448760.4735095501
[ 1  1 -1  1  1  1  1  1  1  1 -1  1 -1  1  1] [ 2  3  4 10 11 18 19 20 26 27 28 34 36 42 44] [15206  4060 14018 10574  7983  7571  5431 12968  8837  9085 11445  8217
 15163  6894 13323] [] 1716448760.5162882805
[ 1  1  1  1  1  1  1  1  1 -1 -1 -1  1 -1  1  1] [ 2  3  4 10 11 18 19 20 26 27 28 29 34 36 42 44] [14953  4036 13608  9439  7935  7545  5245 12745  8733  9142 11608 13894
  7975 15396  6401 13225] [] 1716448760.5594170094
[ 1  1 -1  1  1  1  1  1 -1  1  1 -1  1  1  1  1 -1] [ 2  3  4 10 11 18 19 20 21 26 27 28 29 34 36 42 44] [14895  3766 13613  8726  7313  7364  4803 12559 12011  8602  8923 11715
 12657  7772 14868  6104 13263] [] 1716448760.6024370193
[1 1 1 1 1 1 1 1 1 1 1 1 1 1 1 1 1] [ 2  3  4 10 11 18 19 20 21 26 27 28 29 34 36 42 44] [14637  3614 13141  7830  6155  5299  4655 12452 11836  8343  8906  9315
 11962  7481 14261  5731 13080] [] 1716448760.6454060078
[-1  1 -1  1  1  1  1  1  1  1 -1  1  1  1 -1  1  1] [ 2  3  4 10 11 18 19 20 21 26 27 28 29 34 36 42 44] [14913  3499 13151  7287  5637  5045  4442 12020 11672  7822  8911  9212
 11760  7366 14315  5643 13045] [] 1716448760.6883130074
[-1  1  1  1  1  1  1  1 -1  1  1  1 -1  1 -1  1 -1] [ 2  3  4 10 11 18 19 20 21 26 27 28 29 34 36 42 44] [15051  3270 12782  6745  5455  4790  4330  9867 11729  7105  8893  9193
 11778  7178 14386  5494 13059] [] 1716448760.7313973904
[ 1  1  1  1  1  1  1  1  1  1  1 -1  1  1  1  1  1] [ 2  3  4 10 11 18 19 20 21 26 27 28 29 34 36 42 44] [15031  3045 12378  6558  5125  4509  4168  9817 11444  6008  8743  9279
 11737  6967 11939  5204 12745] [] 1716448760.7744071484
[1 1 1 1 1 1 1 1 1 1 1 1 1 1 1 1 1] [ 2  3  4 10 11 18 19 20 21 26 27 28 29 34 36 42 44] [10122  2926 12260  5995  4262  3927  4013  9644 11124  4884  8039  9095
  8394  6387 11939  4859 12691] [] 1716448760.8174047470
[ 1  1 -1  1  1  1  1  1  1  1  1 -1  1  1 -1  1  1 -1] [ 2  3  4 10 11 18 19 20 21 26 27 28 29 34 36 42 44 50] [ 9732  2855 12557  5456  3711  3559  3898  9426 11050  4729  6904  9124
  8340  5816 12049  4806 12547 10399] [] 1716448760.8604528904
[ 1  1  1  1  1  1  1  1 -1  1  1  1  1  1  1  1  1  1] [ 2  3  4 10 11 18 19 20 21 26 27 28 29 34 36 42 44 50] [ 9605  2636 12299  4955  3451  3307  3778  8819 11080  4189  6716  8050
  8300  5361 10585  4322 10385 10306] [] 1716448760.9034218788
[ 1  1 -1  1  1  1  1  1  1  1  1  1  1  1  1  1  1  1] [ 2  3  4 10 11 18 19 20 21 26 27 28 29 34 36 42 44 50] [ 9570  2540 12532  4695  3183  3161  3693  7671 10909  4060  6605  7693
  8287  5317  8743  4076  8304  8296] [] 1716448760.9464030266
[ 1  1 -1  1  1  1  1  1  1  1  1 -1  1  1  1  1  1  1] [ 2  3  4 10 11 18 19 20 21 26 27 28 29 34 36 42 44 50] [ 9057  2471 12730  4389  3011  3131  3566  6333 10859  3785  6502  7737
  8219  5211  7675  3942  7767  8096] [] 1716448760.9893877506
[ 1  1  1  1  1  1  1  1  1  1 -1 -1  1 -1  1  1  1  1] [ 2  3  4 10 11 18 19 20 21 26 27 28 29 34 36 42 44 50] [ 8905  2380 12586  4181  2895  2983  3480  6252 10657  3587  6524  7766
  8159  5228  6802  3738  6095  7841] [] 1716448761.0324449539
[1 1 1 1 1 1 1 1 1 1 1 1 1 1 1 1 1 1] [ 2  3  4 10 11 18 19 20 21 26 27 28 29 34 36 42 44 50] [ 8703  2309 12454  3879  2719  2861  3368  5721 10469  3359  6337  7554
  8114  4735  6567  3502  5402  7627] [] 1716448761.0753817558
[-1  1  1  1  1  1  1  1 -1  1  1  1  1  1 -1  1  1  1  1] [ 2  3  4 10 11 18 19 20 21 26 27 28 29 34 35 36 42 44 50] [ 8745  2247 12367  3663  2660  2751  3325  5386 10489  3087  6259  7037
  8105  4399 14817  5986  3364  5002  6570] [] 1716448761.1184649467
[-1  1  1  1  1  1  1  1 -1  1  1  1  1  1  1  1  1 -1 -1  1] [ 2  3  4 10 11 18 19 20 21 26 27 28 29 34 35 36 42 44 45 50] [ 8879  2207 12153  3483  2476  2586  3048  5017 10533  2913  6218  6835
  7917  4365 12965  5614  3298  5012 13312  6429] [] 1716448761.1614301205
[ 1  1  1 -1  1  1  1  1 -1  1  1  1 -1  1  1 -1  1  1  1  1] [ 2  3  4 10 11 18 19 20 21 26 27 28 29 34 35 36 42 44 45 50] [ 8871  2189 12088  3511  2409  2534  3017  4947 10634  2877  6197  6529
  7972  4217 12917  5700  3070  4717 12288  6134] [] 1716448761.2044260502
[ 1  1  1  1  1  1  1  1  1  1  1  1  1  1  1  1 -1  1  1  1  1] [ 2  3  4 10 11 18 19 20 21 26 27 28 29 34 35 36 37 42 44 45 50] [ 8708  2136 11711  3359  2266  2437  3005  4881 10269  2752  6045  5599
  7831  4072 12682  5266 16356  2981  4574 11754  5578] [] 1716448761.2474260330
[-1 -1  1  1  1  1 -1  1  1  1 -1  1  1  1 -1  1  1 -1  1  1 -1 -1  1 -1] [ 1  2  3  4 10 11 12 18 19 20 21 26 27 28 29 34 35 36 37 42 44 45 50 53] [12416  8802  2118 11620  3311  2192 16116  2407  2851  4768 10398  2702
  5961  5219  7899  3775 10059  5284 13141  2900  4770 11928  5501 12905] [] 1716448761.2904191017
[ 1 -1  1 -1  1  1  1  1  1 -1 -1  1  1  1 -1  1  1  1 -1  1  1  1  1  1] [ 1  2  3  4 10 11 12 18 19 20 21 26 27 28 29 34 35 36 37 42 44 45 50 53] [11607  8833  2087 11777  3237  2142 15558  2382  2718  4882 10486  2621
  5958  5001  7931  3663  8100  4993 13282  2858  4653 11844  5285 12833] [] 1716448761.3334352970
[ 1  1  1  1  1  1 -1 -1 -1 -1 -1  1  1  1  1  1  1  1  1  1  1  1 -1 -1] [ 1  2  3  4 10 11 12 18 19 20 21 26 27 28 29 34 35 36 37 42 44 45 50 53] [11568  8465  2052 11739  3231  2110 15571  2399  2734  5101 10530  2559
  5958  4903  7925  3536  7569  4883 13248  2855  4594 11753  5349 12863] [] 1716448761.3764176369
[-1  1  1  1  1  1  1  1 -1  1  1 -1  1 -1  1 -1 -1 -1 -1  1 -1 -1  1  1] [ 1  2  3  4 10 11 12 18 19 20 21 26 27 28 29 34 35 36 37 42 44 45 50 53] [11574  7900  2046 11651  3155  2103 15562  2348  2739  5066 10369  2566
  5930  4926  7729  3567  7577  4905 13262  2824  4631 11862  5264 12693] [] 1716448761.4194738865
[-1  1  1 -1  1  1  1 -1  1  1 -1 -1  1  1  1 -1  1  1  1  1 -1  1  1 -1
 -1] [ 1  2  3  4 10 11 12 18 19 20 21 26 27 28 29 33 34 35 36 37 42 44 45 50
 53] [11690  7406  2045 11694  3151  2079 15156  2387  2715  4904 10432  2646
  5902  4873  7691 14705  3525  7537  4901 13251  2851  4581 11834  5288
 12719] [] 1716448761.4624269009
[ 1 -1 -1 -1  1  1 -1  1 -1  1  1 -1  1 -1 -1  1 -1 -1 -1  1 -1  1  1 -1] [ 1  2  3  4 10 11 12 18 19 20 21 26 27 28 29 33 34 35 36 37 42 44 45 50] [11582  7733  2047 11861  3133  2066 15295  2356  2726  4866 10381  2669
  5823  4889  7857 14163  3531  7599  4902 13183  2874  4446 11520  5498] [] 1716448761.5054862499
[-1 -1  1  1 -1 -1 -1 -1 -1 -1  1  1 -1 -1  1 -1 -1 -1  1 -1 -1 -1 -1] [ 1  2  3  4 10 11 12 18 19 20 21 26 27 28 29 33 34 35 36 42 44 45 50] [13164  8611  2047 11784  3157  2101 15610  2399  2794  5077 10189  2667
  5841  4909  6991 15364  3651  7613  4806  3047  4524 12158  6212] [] 1716448761.5484347343
[ 1  1 -1  1 -1 -1  1 -1  1  1 -1  1 -1 -1 -1 -1 -1  1  1 -1] [ 2  3  4 10 11 12 18 19 20 21 26 27 28 29 34 35 36 42 44 50] [ 8502  2047 12028  3135  2153 15807  2365  2891  5041 10151  2689  5798
  5185  7764  3795  9490  4987  3039  4393  6478] [] 1716448761.5914583206
[-1 -1 -1 -1 -1  1 -1 -1 -1  1 -1  1 -1  1 -1 -1 -1 -1 -1 -1] [ 2  3  4 10 11 12 18 19 20 21 26 27 28 29 34 35 36 42 44 50] [ 8526  2079 12531  3177  2227 15699  2378  2949  5085 10050  2709  5796
  5474  7687  3931 10161  5039  3298  4936  7280] [] 1716448761.6344063282
[-1 -1  1 -1 -1 -1 -1 -1 -1 -1 -1 -1 -1 -1 -1 -1 -1 -1 -1 -1] [ 2  3  4 10 11 12 18 19 20 21 26 27 28 29 34 35 36 42 44 50] [ 8574  2174 10775  3295  2309 15739  2432  2978  5373 10068  2851  6130
  6558  7770  4215 10352  5293  3740  6435  8487] [] 1716448761.6774320602
[-1 -1  1 -1 -1 -1 -1 -1  1 -1 -1 -1 -1 -1 -1 -1 -1 -1 -1] [ 2  3  4 10 11 18 19 20 21 26 27 28 29 34 35 36 42 44 50] [ 8928  2239 10367  3455  2402  2537  3158  5806 10036  3001  6228  6777
  8015  4362 10697  5766  3954  7766 10339] [] 1716448761.7204790115
[ 1  1  1 -1 -1 -1 -1 -1 -1 -1  1 -1 -1 -1 -1 -1 -1 -1] [ 2  3  4 10 11 18 19 20 21 26 27 28 29 34 35 36 42 44] [ 8869  2239 10196  3611  2607  2721  3215  5955 10141  3220  6220  7274
  8159  4562 11840  6155  4019  9523] [] 1716448761.7634301186
[ 1 -1 -1 -1 -1 -1 -1 -1 -1 -1  1  1 -1 -1 -1 -1 -1 -1] [ 2  3  4 10 11 18 19 20 21 26 27 28 29 34 35 36 42 44] [ 8824  2288 10228  3757  2692  2813  3278  5958 10189  3355  6132  7245
  8320  5337 13636  6786  4423 12234] [] 1716448761.8064849377
[-1 -1  1 -1 -1 -1 -1 -1 -1 -1 -1 -1 -1 -1  1 -1 -1 -1] [ 2  3  4 10 11 18 19 20 21 26 27 28 29 34 35 36 42 44] [ 8877  2438 10221  4293  2943  3039  3434  6739 10574  3821  6281  7672
  8437  6094 13446  8255  4736 12419] [] 1716448761.8494162560
[-1 -1 -1 -1 -1 -1 -1 -1 -1 -1 -1  1 -1 -1 -1 -1 -1 -1] [ 2  3  4 10 11 18 19 20 21 26 27 28 29 34 35 36 42 44] [ 8922  2559 10278  4669  3128  3134  3513  8003 10589  3941  6431  7655
 11687  6148 13608  8907  5126 12571] [] 1716448761.8924870491
[-1 -1 -1 -1 -1 -1 -1 -1 -1 -1  1 -1 -1 -1 -1 -1 -1] [ 2  3  4 10 11 18 19 20 21 26 27 28 29 34 36 42 44] [ 8931  2767 10404  5494  3488  3431  3598  8943 10921  4429  6378  8987
 11949  6795 11686  5823 12871] [] 1716448761.9354379177
[-1 -1  1 -1 -1 -1 -1 -1 -1 -1 -1  1 -1 -1 -1 -1 -1] [ 2  3  4 10 11 18 19 20 21 26 27 28 29 34 36 42 44] [11807  2863 10225  5734  3577  3696  3723  8965 11066  4783  6601  8833
 12267  6909 14361  6216 13041] [] 1716448761.9784479141
[-1 -1  1 -1 -1 -1 -1 -1 -1 -1 -1 -1 -1 -1 -1 -1 -1] [ 2  3  4 10 11 18 19 20 21 26 27 28 29 34 36 42 44] [14447  3115 10164  5930  4026  4333  3819 11124 11306  6958  7727  8980
 12623  7147 14795  7099 13255] [] 1716448762.0213835239
[-1 -1 -1 -1 -1 -1 -1 -1 -1 -1 -1 -1 -1 -1 -1 -1] [ 2  3  4 10 11 18 19 20 21 26 27 28 34 36 42 44] [15917  3379 10305  6386  4497  5409  3911 11182 11474  7945  7744 10891
  7324 15119  9269 13356] [] 1716448762.0644216537
[ 1 -1 -1 -1 -1 -1 -1 -1 -1 -1 -1 -1 -1  1] [ 2  3  4 10 11 18 19 20 26 27 28 34 42 44] [15907  3629 11690  7363  6386  6097  4178 11690  8289  8018 11265  7637
 10546 13255] [] 1716448762.1072981358
[ 1 -1  1 -1 -1 -1 -1 -1 -1 -1 -1 -1 -1 -1] [ 2  3  4 10 11 18 19 20 26 27 28 34 42 44] [15683  3965 10687  8679  7191  7383  4803 11880  8494  8895 11310  9735
 10675 13465] [] 1716448762.1504294872
[-1 -1  1 -1 -1 -1 -1 -1 -1 -1 -1 -1] [ 2  3  4 10 11 18 19 20 26 27 28 34] [15711  4008 10114 10304  7326  7518  5022 12102 10368  9085 11368 10915] [] 1716448762.1934068203
[ 1 -1 -1 -1 -1 -1 -1 -1 -1  1  1] [ 2  3  4 10 11 18 19 20 26 27 28] [15355  4267 14049 13686  7682 10610  5496 13870 10452  9028 11208] [] 1716448762.2363226414
[-1 -1 -1 -1 -1 -1 -1 -1  1 -1] [ 2  3 10 11 18 19 20 26 27 28] [15492  4286 13707  7998 10857  6029 14783 10703  8945 11363] [] 1716448762.2793216705
[-1 -1 -1 -1 -1 -1 -1 -1 -1] [ 2  3 10 11 18 19 26 27 28] [15542  4347 13810  8180 10998  6169 10872  9034 11855] [] 1716448762.3222718239
[ 1 -1 -1 -1 -1 -1 -1] [ 2  3 11 18 19 26 27] [15047  5698  9269 11470  8042 10949  9199] [] 1716448762.3653297424
[-1 -1 -1 -1 -1 -1] [ 2  3 11 19 26 27] [15184  6101  9301 10762 11000  9361] [] 1716448762.4083046913
[-1 -1 -1 -1 -1 -1] [ 2  3 11 19 26 27] [15330  6387  9369 15399 11187 11487] [] 1716448762.4513077736
[-1 -1 -1 -1 -1] [ 2  3 11 26 27] [15476  9141  9481 11456 11511] [] 1716448762.4943096638
[-1 -1 -1] [ 3 11 27] [ 9643  9503 11538] [] 1716448762.5372784138
[ 1 -1] [11 27] [ 9230 14835] [] 1716448762.5802564621
[-1] [11] [9483] [] 1716448762.6232130527
[-1] [11] [10076] [] 1716448762.6662876606
[-1] [11] [10134] [] 1716448762.7092459202
[1] [11] [9961] [] 1716448762.7522974014
[-1] [11] [10290] [] 1716448762.7953367233
2 2 2 1716448762.7956342697
