FA TAX ADC PRES TS
[-1] [11] [12404] [] 1716449281.9439711571
[1] [11] [11739] [] 1716449281.9870026112
[-1] [11] [12209] [] 1716449282.0299887657
[1] [11] [10412] [] 1716449282.0729391575
[1] [11] [9615] [] 1716449282.1159262657
[-1 -1] [ 3 11] [11567  9673] [] 1716449282.1589770317
[1 1] [ 3 11] [9585 9492] [] 1716449282.2019493580
[1 1] [ 3 11] [9127 9257] [] 1716449282.2448709011
[ 1 -1 -1 -1] [ 3 11 26 27] [ 6733  9703 12598 11721] [] 1716449282.2879731655
[1 1 1 1] [ 3 11 26 27] [ 6129  9505 11481  9903] [] 1716449282.3309845924
[1 1 1 1] [ 3 11 26 27] [ 5841  9357 11241  9375] [] 1716449282.3740832806
[ 1 -1 -1 -1 -1] [ 3 11 18 26 27] [ 5840  9526 11455 11334  9430] [] 1716449282.4169843197
[ 1  1  1 -1  1  1] [ 3 11 18 19 26 27] [ 5442  9488 11306 10613 11148  9349] [] 1716449282.4600236416
[ 1  1  1  1  1 -1 -1] [ 3 11 18 19 26 27 28] [ 5027  9468 11072  8639 11089  9392 13820] [] 1716449282.5030078888
[1 1 1 1 1 1 1] [ 3 11 18 19 26 27 28] [ 4320  8638 10858  8109 10906  9297 12049] [] 1716449282.5460391045
[ 1 -1  1  1  1 -1 -1 -1  1 -1 -1] [ 3 10 11 18 19 20 26 27 28 34 42] [ 4183 14808  8367 10370  7236 15188 10908  9320 11961 13254 11117] [] 1716449282.5889568329
[-1  1  1  1  1 -1 -1 -1  1  1  1] [ 3 10 11 18 19 20 26 27 28 34 42] [ 4233 12824  7194  9796  6574 15283 10914  9343 11836 12451 10410] [] 1716449282.6320040226
[ 1  1  1  1  1 -1 -1  1  1  1  1  1] [ 3 10 11 18 19 20 21 26 27 28 34 42] [ 4110 12124  6798  8890  5916 15377 12025  8881  9325 11790 12261  8896] [] 1716449282.6749789715
[ 1  1  1  1  1  1  1  1 -1  1  1 -1  1] [ 3 10 11 18 19 20 21 26 27 28 34 36 42] [ 3999 10026  6495  8850  5309 14259 11656  7939  9348 11616 12149 15374
  7521] [] 1716449282.7180063725
[ 1  1  1  1  1  1  1  1  1  1  1 -1  1 -1] [ 3 10 11 18 19 20 21 26 27 28 34 36 42 44] [ 3905  8759  6057  7675  5127 13680 11262  6815  9340 11580 12029 15867
  5950 15035] [] 1716449282.7607970238
[-1 -1  1  1  1  1  1  1  1  1  1  1  1  1  1] [ 2  3 10 11 18 19 20 21 26 27 28 34 36 42 44] [14309  3911  7895  4990  7583  4914 13528 10998  6017  9179 11372 11740
 14985  5728 14023] [] 1716449282.8040177822
[ 1  1  1  1  1  1  1 -1  1  1  1  1  1  1  1] [ 2  3 10 11 18 19 20 21 26 27 28 34 36 42 44] [13359  3891  7176  4891  5974  4710 13174 11010  5516  8982 11345 10630
 14897  5122 13758] [] 1716449282.8470244408
[-1  1  1  1  1  1  1 -1  1  1  1 -1  1 -1  1 -1] [ 2  3 10 11 18 19 20 21 26 27 28 29 34 36 42 44] [13426  3746  6051  4773  5351  4573 12873 11079  4874  8829  9632 12776
  8621 15169  4553 13807] [] 1716449282.8899049759
[ 1  1  1  1  1  1 -1 -1  1  1  1  1  1 -1  1  1] [ 2  3 10 11 18 19 20 21 26 27 28 29 34 36 42 44] [12885  3541  5419  4440  4659  4298 12898 11110  4425  7068  9102 11917
  8370 15735  4371 12919] [] 1716449282.9330413342
[-1  1  1  1  1  1  1  1  1  1 -1  1  1  1  1  1] [ 2  3 10 11 18 19 20 21 26 27 28 29 34 36 42 44] [13275  3415  5136  4279  4504  4205 12667 10871  4167  7054  9244 11567
  8175 13591  4269 12849] [] 1716449282.9760639668
[ 1  1  1  1  1  1  1  1  1  1  1 -1  1  1  1  1] [ 2  3 10 11 18 19 20 21 26 27 28 29 34 36 42 44] [13214  3164  4956  3841  4117  4043 12477 10717  3905  6981  9220 11876
  7872 11682  4001 10731] [] 1716449283.0190410614
[ 1  1  1  1  1  1  1 -1  1 -1  1  1 -1  1  1  1] [ 2  3 10 11 18 19 20 21 26 27 28 29 34 36 42 44] [12909  2935  4679  3606  3919  3950 11775 10751  3773  7009  8235 11822
  8159  9433  3763  9050] [] 1716449283.0620419979
[1 1 1 1 1 1 1 1 1 1 1 1 1 1 1 1] [ 2  3 10 11 18 19 20 21 26 27 28 29 34 36 42 44] [10098  2905  4501  3531  3795  3885  9499 10676  3666  6913  7381 11722
  7945  8253  3597  6727] [] 1716449283.1050539017
[ 1  1  1  1 -1  1  1  1 -1  1  1  1 -1  1  1 -1  1 -1] [ 2  3 10 11 12 18 19 20 21 26 27 28 29 34 36 42 44 50] [ 9039  2807  4125  3342 15579  3482  3714  9282 10721  3545  6852  6260
 11889  7004  7459  3694  5854 10478] [] 1716449283.1479706764
[ 1  1  1  1 -1  1  1  1  1  1 -1  1  1  1  1  1  1  1] [ 2  3 10 11 12 18 19 20 21 26 27 28 29 34 36 42 44 50] [ 8878  2687  3910  3075 15723  3133  3530  9217 10691  3323  6885  5643
  8394  5379  6779  3539  5449 10413] [] 1716449283.1910555363
[ 1  1  1  1 -1  1  1  1  1  1  1  1  1 -1  1  1  1  1] [ 2  3 10 11 12 18 19 20 21 26 27 28 29 34 36 42 44 50] [ 8839  2627  3779  2974 15766  3039  3442  9108 10616  3226  6118  5358
  8214  5462  6495  3338  4812  9827] [] 1716449283.2340447903
[ 1  1  1  1  1  1  1 -1 -1  1 -1  1  1  1  1  1  1  1] [ 2  3 10 11 12 18 19 20 21 26 27 28 29 34 36 42 44 50] [ 7815  2467  3711  2649 15581  2949  3263  9155 10736  3091  6678  4671
  8116  5208  6338  3258  4528  7602] [] 1716449283.2770638466
[1 1 1 1 1 1 1 1 1 1 1 1 1 1 1 1 1 1] [ 2  3 10 11 12 18 19 20 21 26 27 28 29 34 36 42 44 50] [ 7718  2402  3611  2511 15326  2861  3138  8993 10660  2967  6614  4337
  8017  5063  6075  3037  4326  6960] [] 1716449283.3200335503
[-1  1  1  1  1  1  1  1  1  1  1  1  1 -1  1  1  1  1] [ 2  3 10 11 12 18 19 20 21 26 27 28 29 34 36 42 44 50] [ 7726  2349  3551  2436 15271  2739  3011  8935 10436  2943  6553  4142
  7963  5170  5990  2874  4029  5977] [] 1716449283.3629868031
[ 1  1  1  1  1  1  1  1  1  1  1  1  1  1 -1  1 -1  1 -1 -1  1] [ 2  3 10 11 12 18 19 20 21 26 27 28 29 34 35 36 41 42 44 45 50] [ 7645  2295  3445  2303 13010  2685  2947  7118 10375  2826  5540  3941
  7756  4916 15712  5839 12607  2830  4034 14350  5899] [] 1716449283.4060795307
[ 1  1  1  1  1  1  1  1  1 -1  1  1 -1  1  1  1 -1  1  1  1 -1  1] [ 2  3 10 11 12 18 19 20 21 26 27 28 29 34 35 36 37 41 42 44 45 50] [ 7575  2218  3383  2279 12423  2617  2900  7000 10260  2863  5239  3869
  7786  4671 15516  5716 16330 10337  2630  3918 14988  5393] [] 1716449283.4490292072
[ 1  1  1  1  1  1  1  1 -1  1  1  1  1 -1 -1  1  1  1  1  1  1  1] [ 2  3 10 11 12 18 19 20 21 26 27 28 29 34 35 36 37 41 42 44 45 50] [ 7548  2146  3383  2143 10993  2581  2842  6209 10568  2751  5121  3744
  7747  4740 15878  5508 13270  9247  2495  3830 14872  4975] [] 1716449283.4920606613
[ 1  1  1  1  1  1  1  1  1  1 -1  1 -1  1  1  1  1  1  1 -1  1  1 -1] [ 2  3 10 11 12 18 19 20 21 26 27 28 29 34 35 36 37 41 42 44 45 50 51] [ 7541  2086  3295  2040 10785  2486  2765  6000 10437  2707  5279  3473
  7752  4431 13107  5311 12775  8724  2475  3882 14866  4858 14719] [] 1716449283.5350689888
[ 1  1  1 -1  1  1  1  1  1  1  1  1  1  1 -1  1 -1 -1  1  1 -1  1 -1] [ 2  3 10 11 12 18 19 20 21 26 27 28 29 34 35 36 37 41 42 44 45 50 51] [ 7408  2042  3181  2047 10161  2417  2725  5878 10256  2631  5148  3412
  7619  4257 13256  5065 12911  8727  2455  3820 14918  4843 14913] [] 1716449283.5780451298
[ 1  1  1  1  1  1 -1  1  1  1  1 -1  1  1 -1  1  1  1  1  1  1 -1 -1] [ 2  3 10 11 12 18 19 20 21 26 27 28 29 34 35 36 37 41 42 44 45 50 51] [ 7401  2026  3159  2047 10105  2401  2726  5676 10252  2611  4849  3417
  7566  4132 13568  5045 12874  8720  2411  3754 14713  4866 15243] [] 1716449283.6209969521
[ 1  1  1  1  1  1  1  1 -1  1  1  1  1 -1  1  1  1  1 -1  1  1  1 -1] [ 2  3 10 11 12 18 19 20 21 26 27 28 29 34 35 36 37 41 42 44 45 50 51] [ 7365  2022  3123  1997 10059  2375  2716  5469 10307  2571  4806  3367
  7507  4168 13492  4879 12830  8663  2420  3752 14236  4820 15659] [] 1716449283.6640663147
[-1 -1  1  1 -1 -1  1  1  1 -1  1  1  1  1 -1 -1 -1 -1 -1 -1  1 -1] [ 2  3 10 11 12 18 19 20 21 26 27 28 29 34 35 36 37 41 42 44 45 50] [ 7375  2023  3119  1983 10095  2405  2712  5347 10278  2615  4776  3328
  7476  4140 13656  4884 12857  8971  2422  3875 13153  4911] [] 1716449283.7070193291
[ 1 -1 -1 -1 -1  1 -1 -1  1  1 -1 -1 -1 -1 -1 -1  1 -1 -1  1 -1] [ 2  3 10 11 12 18 19 20 21 26 27 28 29 34 35 36 37 41 42 44 50] [ 7370  2029  3133  1999 10200  2371  2720  5545 10258  2583  4801  3385
  7540  4211 13792  4901 12689  9294  2458  3787  5303] [] 1716449283.7499766350
[-1 -1 -1 -1 -1 -1 -1 -1  1 -1 -1 -1  1 -1  1 -1 -1 -1 -1 -1 -1] [ 2  3 10 11 12 18 19 20 21 26 27 28 29 34 35 36 37 41 42 44 50] [ 7386  2101  3158  2029 10733  2433  2751  5675 10189  2591  4834  3482
  7491  4251 12820  5145 12863 12364  2544  3834  5853] [] 1716449283.7930521965
[-1 -1 -1 -1 -1 -1 -1 -1 -1 -1  1 -1 -1 -1 -1 -1 -1 -1 -1] [ 2  3 10 11 12 18 19 20 21 26 27 28 29 34 35 36 42 44 50] [ 7421  2130  3255  2094 11946  2519  2792  6055 10195  2665  4802  3577
  7498  4663 13152  5426  2683  3974  6290] [] 1716449283.8359251022
[ 1 -1  1 -1 -1  1 -1 -1  1  1 -1 -1 -1 -1 -1 -1 -1 -1 -1] [ 2  3 10 11 12 18 19 20 21 26 27 28 29 34 35 36 42 44 50] [ 7399  2173  3243  2136 12239  2515  2867  6717 10068  2657  4897  3729
  7533  4786 13772  5476  2954  4340  8042] [] 1716449283.8790400028
[ 1 -1 -1 -1 -1 -1 -1 -1  1 -1 -1 -1 -1 -1  1 -1 -1 -1 -1] [ 2  3 10 11 12 18 19 20 21 26 27 28 29 34 35 36 42 44 50] [ 7380  2245  3327  2270 15327  2605  2891  8388 10044  2736  5121  3911
  7603  4871 13664  5762  3172  4806 10178] [] 1716449283.9220833778
[-1 -1 -1 -1  1 -1 -1 -1 -1 -1 -1 -1 -1 -1 -1 -1  1 -1] [ 2  3 10 11 12 18 19 20 21 26 27 28 29 34 35 36 42 44] [ 7562  2350  3479  2406 15151  2664  2984  8681 10050  2846  5582  4155
  7835  5018 14480  5889  3154  5722] [] 1716449283.9650502205
[ 1 -1  1 -1  1 -1 -1 -1 -1 -1  1 -1  1 -1 -1 -1 -1] [ 2  3 10 11 12 18 19 20 21 26 27 28 29 34 36 42 44] [ 7531  2431  3435  2504 15082  2785  3037  8794 10086  2869  5504  4449
  7823  5078  6069  3423  7526] [] 1716449284.0080158710
[-1 -1 -1 -1 -1 -1 -1  1 -1 -1 -1 -1 -1 -1 -1 -1 -1 -1] [ 2  3 10 11 12 18 19 20 21 26 27 28 29 34 35 36 42 44] [ 8574  2611  3559  2746 15195  3027  3258  8740 10297  3107  5876  5116
  8350  5200 16374  6580  3627  9291] [] 1716449284.0510280132
[-1 -1 -1 -1 -1 -1 -1 -1 -1 -1  1 -1 -1 -1 -1 -1 -1] [ 2  3 10 11 12 18 19 20 21 26 27 28 29 34 36 42 44] [ 8700  2667  3707  2917 15472  3182  3327  8755 10310  3126  5830  5836
 11456  5417  7154  3916 12329] [] 1716449284.0939693451
[-1 -1 -1 -1 -1 -1 -1 -1 -1 -1 -1 -1 -1 -1 -1 -1 -1] [ 2  3 10 11 12 18 19 20 21 26 27 28 29 34 36 42 44] [ 8950  2812  3849  3330 15565  3442  3413  8859 10383  3369  5895  7151
 11615  5584  8209  4204 12513] [] 1716449284.1370418072
[-1 -1 -1 -1 -1 -1 -1 -1 -1 -1 -1 -1 -1 -1 -1 -1] [ 2  3 10 11 18 19 20 21 26 27 28 29 34 36 42 44] [13750  3094  4238  3481  3669  3536 11007 10495  3652  6475  8714 12197
  7059 10042  4799 13491] [] 1716449284.1800324917
[-1 -1 -1 -1 -1 -1 -1  1 -1 -1  1 -1 -1 -1] [ 2  3 10 11 18 19 20 21 26 27 28 34 36 42] [13923  3278  4421  3657  3865  3650 11302 10423  3743  6638  8698  8366
 12417  5248] [] 1716449284.2230138779
[-1 -1 -1 -1 -1 -1 -1 -1 -1 -1 -1 -1 -1 -1] [ 2  3 10 11 18 19 20 21 26 27 28 34 36 42] [14314  3467  4707  3988  4149  3843 11510 10573  4057  6707  8850  8437
 13727  6527] [] 1716449284.2659356594
[-1 -1 -1 -1 -1 -1 -1 -1 -1 -1 -1 -1 -1 -1] [ 2  3 10 11 18 19 20 21 26 27 28 34 36 42] [14498  3562  5383  4197  4526  3993 12240 10816  4353  7305 10616  8713
 13926  9917] [] 1716449284.3089904785
[ 1 -1 -1 -1 -1 -1 -1 -1 -1 -1 -1 -1 -1] [ 2  3 10 11 18 19 20 21 26 27 28 34 36] [14328  3723  6558  4574  5242  4375 12882 11166  5499  8694 10862 10600
 14921] [] 1716449284.3519687653
[-1 -1 -1 -1 -1 -1 -1 -1 -1 -1  1 -1 -1] [ 2  3 10 11 18 19 20 21 26 27 28 34 36] [14394  3839  7358  4688  6426  4541 13322 13244  6260  8838 10815 12108
 16016] [] 1716449284.3949065208
[-1 -1 -1 -1 -1 -1 -1 -1 -1 -1 -1] [ 2  3 10 11 18 19 20 26 27 28 34] [14572  3875  7741  5825  7677  4812 13978  7378  8952 11081 12250] [] 1716449284.4379367828
[-1 -1 -1 -1 -1 -1 -1 -1 -1 -1] [ 3 10 11 18 19 20 26 27 28 34] [ 3943  8891  6389 10155  5201 14664  8607  9168 11909 15181] [] 1716449284.4810006618
[-1 -1 -1 -1 -1 -1  1] [ 3 10 11 18 19 26 27] [ 4053 12675  7858 10367  5802 10614  9090] [] 1716449284.5239706039
[-1 -1 -1 -1 -1 -1] [ 3 11 18 19 26 27] [ 4731  8003 10555  7545 10740  9134] [] 1716449284.5669388771
[-1 -1 -1 -1 -1 -1] [ 3 11 18 19 26 27] [ 5577  9242 11174  9137 10964  9392] [] 1716449284.6099052429
[-1 -1 -1 -1 -1] [ 3 11 19 26 27] [ 5898  9317 10245 11357  9402] [] 1716449284.6529550552
[-1  1 -1  1] [ 3 11 26 27] [ 6267  9230 12863  9097] [] 1716449284.6960403919
[-1 -1 -1] [ 3 11 27] [ 9016  9243 12704] [] 1716449284.7389409542
[1] [11] [9156] [] 1716449284.7819492817
[-1] [11] [9862] [] 1716449284.8249154091
[-1] [11] [12716] [] 1716449284.8679172993
[-1] [11] [13661] [] 1716449284.9108748436
2 2 2 1716449285.0871503353
