FA TAX ADC PRES TS
[-1] [11] [9501] [] 1716449297.2171039581
[-1] [11] [9832] [] 1716449297.2600810528
[1] [11] [9756] [] 1716449297.3030402660
[1] [11] [9596] [] 1716449297.3460905552
[1] [11] [9530] [] 1716449297.3890671730
[-1 -1] [ 3 11] [15636  9725] [] 1716449297.4321243763
[ 1 -1] [ 3 11] [ 9522 10014] [] 1716449297.4750418663
[1 1] [ 3 11] [8781 9947] [] 1716449297.5180199146
[ 1 -1] [ 3 11] [ 7073 10021] [] 1716449297.5610532761
[ 1 -1 -1] [ 3 10 11] [ 6929 14550 10137] [] 1716449297.6040380001
[1 1 1] [ 3 10 11] [ 6603 12856 10033] [] 1716449297.6469850540
[ 1  1 -1 -1 -1] [ 3 10 11 19 26] [ 6126 12362 10230 10971 12235] [] 1716449297.6900324821
[1 1 1 1 1] [ 3 10 11 19 26] [ 5445 11358  9900 10431 11596] [] 1716449297.7330057621
[ 1  1  1 -1  1 -1] [ 3 10 11 19 26 27] [ 4937 10871  9898 10516 11377 13462] [] 1716449297.7760877609
[1 1 1 1 1 1] [ 3 10 11 19 26 27] [ 4421  9331  9674 10326 11145 13254] [] 1716449297.8190283775
[1 1 1 1 1 1] [ 3 10 11 19 26 27] [ 3951  7946  9625 10231 10872  9718] [] 1716449297.8620462418
[1 1 1 1 1 1] [ 3 10 11 19 26 27] [ 3747  7030  9492 10088 10745  9523] [] 1716449297.9049696922
[ 1  1  1 -1  1 -1  1] [ 3 10 11 18 19 26 27] [ 3637  6460  9489 13101 10065 10792  9436] [] 1716449297.9480690956
[ 1  1 -1  1 -1 -1 -1 -1 -1 -1] [ 3 10 11 18 19 26 27 28 34 42] [ 3497  5907  9515 11401 10187 10933  9673 14486 12517 15261] [] 1716449297.9910802841
[ 1  1  1  1  1  1  1  1 -1  1] [ 3 10 11 18 19 26 27 28 34 42] [ 3289  5360  9389 10389  7480 10722  9523 12047 12552 13999] [] 1716449298.0340695381
[1 1 1 1 1 1 1 1 1 1] [ 3 10 11 18 19 26 27 28 34 42] [ 3177  5197  9302  9233  7362  9431  9370 11939 12504 10617] [] 1716449298.0770552158
[ 1  1  1  1  1  1 -1  1  1  1] [ 3 10 11 18 19 26 27 28 34 42] [ 2959  4931  9171  7270  7033  8794  9381 11629 12446  9249] [] 1716449298.1200261116
[ 1  1 -1  1  1 -1  1  1 -1  1  1] [ 3 10 11 18 19 21 26 27 28 34 42] [ 2876  4667  9179  5983  6765 12994  8702  9313 11742 12206  8869] [] 1716449298.1630916595
[ 1  1  1  1  1 -1  1  1  1  1  1  1] [ 3 10 11 18 19 20 21 26 27 28 34 42] [ 2782  4509  8310  5656  6579 15251 11783  8570  9251 11615 11932  8771] [] 1716449298.2060248852
[1 1 1 1 1 1 1 1 1 1 1 1] [ 3 10 11 18 19 20 21 26 27 28 34 42] [ 2678  4389  8223  5582  6278 15055 11389  8445  9243 11411 11675  8640] [] 1716449298.2490172386
[ 1  1  1  1  1 -1  1  1  1  1  1 -1 -1 -1] [ 3 10 11 18 19 20 21 26 27 28 34 36 42 44] [ 2579  4159  7624  5125  5754 15226 11125  8261  8987 11286 11559 15492
  9083 13955] [] 1716449298.2921121120
[ 1  1 -1  1  1  1  1  1  1  1  1  1  1  1] [ 3 10 11 18 19 20 21 26 27 28 34 36 42 44] [ 2446  4007  7631  4854  5511 14171 10923  6546  8671 11278 11406 15213
  8982 13411] [] 1716449298.3350710869
[ 1 -1  1  1  1  1  1  1 -1 -1  1  1  1  1] [ 3 10 11 18 19 20 21 26 27 28 34 36 42 44] [ 2392  4009  7439  4654  5443 13817 10880  6143  8726 11289 10174 15199
  7934 13267] [] 1716449298.3780660629
[ 1  1  1  1  1  1 -1  1  1 -1 -1  1 -1 -1 -1 -1] [ 3 10 11 18 19 20 21 26 27 28 29 34 35 36 42 44] [ 2313  3859  7278  3863  5245 13091 10950  5730  8586 11441 12829  7897
 15304 15274  8103 13286] [] 1716449298.4210274220
[ 1  1 -1  1  1  1  1  1  1  1  1  1 -1  1  1  1] [ 3 10 11 18 19 20 21 26 27 28 29 34 35 36 42 44] [ 2311  3843  7282  3650  5095 12954 10846  5317  7364 11436 12149  7658
 15329 15078  7758 13243] [] 1716449298.4641103745
[ 1  1  1  1  1  1  1  1  1  1  1  1  1  1 -1  1] [ 3 10 11 18 19 20 21 26 27 28 29 34 35 36 42 44] [ 2219  3677  7233  3413  4995 12488 10786  4772  7083 10371 11603  7571
 13388 14148  7951 12871] [] 1716449298.5071520805
[ 1  1  1  1  1 -1 -1  1  1 -1  1  1  1  1  1  1] [ 3 10 11 18 19 20 21 26 27 28 29 34 35 36 42 44] [ 2118  3525  7215  3252  4728 12772 10923  4240  6363 10667 11319  6864
 13312 12423  7466 11896] [] 1716449298.5501062870
[-1  1  1  1  1  1 -1  1  1  1 -1  1 -1  1  1  1] [ 3 10 11 18 19 20 21 26 27 28 29 34 35 36 42 44] [ 2135  3501  7124  3183  4586 12222 10993  4031  6306  9447 11575  6652
 14120 11498  7172  8382] [] 1716449298.5930829048
[-1  1 -1  1  1  1  1  1  1 -1  1  1  1  1  1  1  1] [ 2  3 10 11 18 19 20 21 26 27 28 29 34 35 36 42 44] [12553  2131  3529  7023  3100  4497  9664 10932  3731  6330  7374 11536
  6201 12984  9557  5967  6217] [] 1716449298.6361176968
[ 1  1  1  1 -1  1  1  1 -1  1  1  1 -1  1 -1  1  1  1] [ 2  3 10 11 12 18 19 20 21 26 27 28 29 34 35 36 42 44] [10862  2095  3330  6756 15834  3020  4239  8373 10984  3573  6236  6439
 11580  5806 13582  9055  5660  5407] [] 1716449298.6790986061
[ 1  1 -1  1  1  1  1  1  1  1  1  1  1 -1  1  1  1 -1  1  1 -1] [ 2  3  4 10 11 12 18 19 20 21 26 27 28 29 34 35 36 41 42 44 50] [ 9917  2088 15115  3247  5791 14347  2927  4115  8103 10877  3433  6234
  5725 11590  5773 11951  8259 13447  5324  4915  8905] [] 1716449298.7221119404
[ 1  1  1  1  1  1  1  1  1 -1  1  1  1 -1  1  1  1  1  1  1  1] [ 2  3  4 10 11 12 18 19 20 21 26 27 28 29 34 35 36 41 42 44 50] [ 9740  2033 14407  3231  4921 14330  2879  3948  7851 10940  3291  6055
  5115 11732  4950 10467  7509 12753  5088  4576  7623] [] 1716449298.7651081085
[ 1 -1  1  1  1  1  1  1  1  1  1  1  1  1  1  1  1 -1  1  1  1  1] [ 2  3  4 10 11 12 18 19 20 21 26 27 28 29 34 35 36 37 41 42 44 50] [ 9576  2035 14402  3003  3865 13668  2807  3788  7825 10775  3207  6007
  4513 11656  4822  9635  6988 16322 10357  4793  4367  6983] [] 1716449298.8081197739
[ 1  1  1  1  1  1  1  1  1 -1  1 -1  1 -1  1  1  1  1  1  1  1  1 -1] [ 2  3  4 10 11 12 18 19 20 21 26 27 28 29 34 35 36 37 41 42 44 50 51] [ 9568  1989 13279  2931  3630 11434  2668  3604  7772 10836  3005  6136
  4076 11739  4274  8214  6764 13421  8003  4384  4230  6324 15392] [] 1716449298.8511250019
[ 1  1  1  1  1  1 -1  1 -1 -1  1  1  1  1 -1  1  1  1  1  1  1  1  1] [ 2  3  4 10 11 12 18 19 20 21 26 27 28 29 34 35 36 37 41 42 44 50 51] [ 8238  1989 11725  2885  3220 11118  2683  3521  7853 10872  2939  5651
  3794 11612  4501  7714  5883 13027  7587  4283  4073  6136 14517] [] 1716449298.8941056728
[ 1  1  1  1  1  1  1  1  1 -1 -1  1  1  1  1  1  1  1  1  1  1 -1  1  1] [ 2  3  4 10 11 12 18 19 20 21 26 27 28 29 34 35 36 37 41 42 44 45 50 51] [ 8187  1969 11060  2853  3033  9646  2623  3473  7367 11063  2989  5523
  3700 11510  4407  7693  5616 12571  7244  3706  4021 12371  5452 13325] [] 1716449298.9371182919
[-1 -1 -1  1  1  1  1  1  1  1  1  1  1  1  1  1 -1  1 -1  1  1  1  1  1
  1] [ 1  2  3  4 10 11 12 18 19 20 21 26 27 28 29 34 35 36 37 41 42 44 45 50
 51] [12318  8271  1978 10805  2799  2863  8669  2555  3408  6521  9434  2919
  5359  3431 11502  4175  7743  5359 12929  7142  3558  3796 12071  5210
 11166] [] 1716449298.9801554680
[-1  1  1  1  1  1  1  1  1  1  1  1 -1  1  1  1  1  1 -1  1  1  1 -1  1
  1] [ 1  2  3  4 10 11 12 18 19 20 21 26 27 28 29 34 35 36 37 41 42 44 45 50
 51] [12376  8151  1934 10679  2755  2719  8469  2437  3355  5704  9186  2678
  5599  3202 11292  3903  6823  4864 13302  7044  3443  3758 12080  5054
 10967] [] 1716449299.0232064724
[ 1  1  1 -1  1  1 -1  1  1 -1  1  1  1  1  1 -1  1  1  1  1  1  1 -1  1
  1] [ 1  2  3  4 10 11 12 18 19 20 21 26 27 28 29 34 35 36 37 41 42 44 45 50
 51] [12234  8121  1925 10901  2727  2658  8528  2410  3283  5763  9171  2653
  5589  3140 11244  3913  6239  4803 13160  7031  3376  3724 12089  5030
 10954] [] 1716449299.0661404133
[-1 -1  1  1  1  1  1 -1  1  1 -1  1 -1  1 -1  1  1  1 -1  1  1  1 -1  1
  1] [ 1  2  3  4 10 11 12 18 19 20 21 26 27 28 29 34 35 36 37 41 42 44 45 50
 51] [12304  8124  1919 10545  2711  2603  8427  2437  3237  5655  9290  2631
  5717  3109 11279  3841  6158  4767 13275  7000  3262  3698 12096  4902
 10892] [] 1716449299.1091783047
[-1  1  1  1  1 -1 -1  1 -1  1  1  1 -1 -1  1  1 -1 -1  1  1 -1 -1  1  1
 -1] [ 1  2  3  4 10 11 12 18 19 20 21 26 27 28 29 34 35 36 37 41 42 44 45 50
 51] [12313  8063  1914 10469  2679  2605  8434  2353  3263  5331  9171  2623
  5732  3137 11202  3838  6257  4799 13162  6923  3264  3722 10950  4869
 10900] [] 1716449299.1521470547
[-1  1  1 -1 -1  1 -1 -1  1  1  1 -1  1 -1  1 -1  1  1  1 -1 -1  1 -1 -1
 -1] [ 1  2  3  4 10 11 12 18 19 20 21 26 27 28 29 34 35 36 37 41 42 44 45 50
 51] [12317  7987  1905 10513  2683  2573  8471  2354  3213  5251  9167  2627
  5671  3143 11191  3882  6207  4779 13114  6982  3325  3714 12043  4964
 10907] [] 1716449299.1951375008
[-1 -1 -1  1  1  1  1 -1 -1 -1  1 -1  1 -1  1 -1  1  1  1 -1 -1  1 -1  1] [ 1  2  3  4 10 11 12 18 19 20 21 26 27 28 29 34 35 36 37 41 42 44 50 51] [12335  8014  1918 10385  2677  2572  8414  2376  3217  5326  9125  2643
  5585  3165 11188  3884  6111  4741 13029  7054  3494  3707  5448 10803] [] 1716449299.2381696701
[ 1  1 -1  1 -1 -1 -1 -1 -1 -1 -1  1 -1  1 -1 -1 -1  1 -1 -1 -1 -1 -1] [ 2  3  4 10 11 12 18 19 20 21 26 27 28 29 34 35 36 37 41 42 44 50 51] [ 7971  1897 10394  2675  2679  8463  2401  3240  5685  9160  2651  5518
  3266 11086  3891  6207  5103 12955  7260  3944  4038  6580 11354] [] 1716449299.2811038494
[-1 -1 -1 -1 -1 -1 -1 -1 -1 -1 -1 -1 -1 -1 -1 -1 -1  1 -1 -1  1 -1] [ 2  3  4 10 11 12 18 19 20 21 26 27 28 29 34 35 36 37 41 42 44 50] [ 8069  1930 10411  2799  2775  8614  2479  3313  5808 10029  2693  5717
  3371 11270  4185  6490  5383 12898  7362  4088  4034  6643] [] 1716449299.3241539001
[-1 -1  1  1 -1 -1 -1 -1 -1  1 -1 -1 -1  1 -1  1 -1  1 -1 -1 -1 -1] [ 2  3  4 10 11 12 18 19 20 21 26 27 28 29 34 35 36 37 41 42 44 50] [ 8098  1951 10308  2783  3031  8715  2495  3370  6244  9956  2763  5760
  3483 11228  4275  6454  5662 12863  9497  4360  4215  8188] [] 1716449299.3671438694
[-1 -1  1 -1 -1 -1 -1 -1 -1 -1 -1  1 -1 -1 -1 -1 -1 -1 -1 -1] [ 2  3  4 10 11 12 18 19 20 21 26 27 28 29 34 35 36 41 42 44] [ 9348  1957 10235  2887  3221 11267  2591  3400  6709 10587  2909  5702
  3712 11351  4335  6515  6370 13631  4721  4490] [] 1716449299.4101293087
[-1 -1 -1 -1 -1 -1 -1 -1 -1 -1 -1  1 -1 -1 -1 -1 -1 -1 -1] [ 2  3  4 10 11 12 18 19 20 21 26 27 28 29 34 35 36 42 44] [ 9366  1975 10357  2953  3635 13131  2609  3493  7934 10591  3031  5677
  4144 11520  4433  7375  6555  4892  4995] [] 1716449299.4531128407
[-1 -1 -1 -1 -1 -1 -1 -1 -1 -1 -1 -1 -1 -1 -1 -1 -1 -1 -1] [ 2  3  4 10 11 12 18 19 20 21 26 27 28 29 34 35 36 42 44] [ 9449  2008 10555  3055  4434 13295  2641  3602  8648 10662  3147  5719
  4676 11580  4727  9020  6876  5732  6646] [] 1716449299.4961087704
[-1 -1 -1  1 -1 -1 -1 -1 -1 -1 -1 -1 -1 -1 -1 -1 -1 -1 -1] [ 2  3  4 10 11 12 18 19 20 21 26 27 28 29 34 35 36 42 44] [ 9590  2078 10689  3036  5617 14082  2729  3691  8913 10699  3349  5816
  5292 11652  5190  9193  7448  6165 12277] [] 1716449299.5391209126
[-1 -1 -1 -1 -1 -1 -1 -1 -1  1 -1 -1 -1  1 -1 -1 -1 -1 -1] [ 2  3  4 10 11 12 18 19 20 21 26 27 28 29 34 35 36 42 44] [15318  2114 11146  3039  6557 14309  2844  3887  9062 10500  3465  6012
  6256 11643  5669  9254  9541  6887 12671] [] 1716449299.5821135044
[-1 -1 -1 -1 -1 -1 -1 -1 -1 -1 -1 -1 -1 -1 -1 -1 -1 -1 -1] [ 2  3  4 10 11 12 18 19 20 21 26 27 28 29 34 35 36 42 44] [15402  2175 11463  3180  6959 15341  2951  4059  9211 10529  3619  6107
  7479 12224  6130  9598 10593  7493 13199] [] 1716449299.6251509190
[-1 -1 -1 -1 -1 -1 -1 -1 -1  1 -1 -1 -1 -1 -1 -1 -1 -1] [ 2  3  4 10 11 12 18 19 20 21 26 27 28 29 34 35 36 42] [15520  2180 11561  3277  6966 15925  2993  4145  9721 10521  3669  6169
  9898 12546  6322  9856 13269  8593] [] 1716449299.6680989265
[ 1 -1 -1 -1 -1 -1 -1 -1  1 -1 -1 -1 -1 -1 -1 -1] [ 2  3  4 10 11 18 19 20 21 26 27 28 34 35 36 42] [15416  2259 12510  3361  7009  3118  4399 11494 10407  4047  6232 10425
  6840 11852 14407  9070] [] 1716449299.7111651897
[-1 -1 -1 -1 -1 -1 -1 -1 -1 -1 -1 -1 -1 -1  1] [ 3  4 10 11 18 19 20 21 26 27 28 34 35 36 42] [ 2289 12859  3436  7138  3349  4666 11731 10555  5157  6928 10954  7206
 13555 14605  9059] [] 1716449299.7541193962
[-1 -1 -1 -1 -1 -1 -1 -1 -1 -1  1 -1  1  1 -1] [ 3  4 10 11 18 19 20 21 26 27 28 34 35 36 42] [ 2306 14163  3535  7160  3601  4875 11770 10822  5497  7044 10927  8062
 13449 14153  9400] [] 1716449299.7971360683
[-1 -1 -1 -1 -1 -1 -1 -1 -1 -1 -1 -1 -1 -1] [ 3 10 11 18 19 20 21 26 27 28 34 35 36 42] [ 2381  3754  7270  4671  5327 13409 11370  7983  7204 11042 11729 16103
 14959 10219] [] 1716449299.8401942253
[-1 -1 -1 -1 -1 -1 -1 -1  1 -1] [ 3 10 11 18 19 20 26 27 28 34] [ 2455  3837  7296  4925  5455 13712  8176  7319 11032 12192] [] 1716449299.8831808567
[-1 -1 -1 -1 -1 -1 -1 -1 -1 -1] [ 3 10 11 18 19 20 26 27 28 34] [ 2559  3992  7489  5293  5867 15705  8255  7464 11136 15611] [] 1716449299.9261672497
[-1 -1 -1 -1 -1 -1 -1 -1] [ 3 10 11 18 19 26 27 28] [ 2671  4232  8027  6156  6295  8388  9069 11666] [] 1716449299.9691607952
[-1 -1 -1 -1 -1 -1 -1] [ 3 10 11 18 19 26 27] [ 2826  4591  8977  8083  6562 10451  9077] [] 1716449300.0119535923
[-1 -1 -1 -1 -1 -1 -1] [ 3 10 11 18 19 26 27] [ 2962  4931  9116 10660  7817 10467  9172] [] 1716449300.0550761223
[-1 -1 -1 -1 -1 -1 -1] [ 3 10 11 18 19 26 27] [ 3250  5939  9175 11417  9756 10470  9271] [] 1716449300.0980732441
[-1 -1 -1 -1 -1 -1] [ 3 10 11 19 26 27] [ 3601  6772  9307  9928 10764  9383] [] 1716449300.1409552097
[-1 -1 -1 -1 -1 -1] [ 3 10 11 19 26 27] [ 4231  8641  9534 10127 11109  9725] [] 1716449300.1840603352
[-1 -1  1 -1 -1] [ 3 10 11 26 27] [ 5247 10199  9389 14239 12850] [] 1716449300.2270419598
[-1 -1  1] [ 3 10 11] [ 5675 11575  9288] [] 1716449300.2700567245
[-1 -1] [ 3 11] [7614 9314] [] 1716449300.3130209446
[-1 -1] [ 3 11] [7935 9486] [] 1716449300.3560194969
[-1 -1] [ 3 11] [8327 9655] [] 1716449300.3990256786
[1] [11] [9554] [] 1716449300.4420084953
[-1] [11] [10040] [] 1716449300.4850366116
[-1] [11] [11761] [] 1716449300.5280649662
[-1] [11] [13894] [] 1716449300.5710816383
[1] [11] [13778] [] 1716449300.6141500473
2 2 2 1716449300.6144280434
