FA TAX ADC PRES TS
[1] [11] [12980] [] 1716449399.1003501415
[1] [11] [12840] [] 1716449399.1435284615
[-1] [11] [12915] [] 1716449399.1865010262
[1] [11] [12703] [] 1716449399.2295362949
[1] [11] [12380] [] 1716449399.2722866535
[-1] [11] [12700] [] 1716449399.3155264854
[1] [11] [10238] [] 1716449399.3584973812
[1] [11] [9771] [] 1716449399.4014556408
[1] [11] [9610] [] 1716449399.4444684982
[1] [11] [9252] [] 1716449399.4875402451
[-1 -1] [ 3 11] [15107  9262] [] 1716449399.5305345058
[ 1 -1] [ 3 11] [9972 9298] [] 1716449399.5735182762
[1 1] [ 3 11] [9091 9297] [] 1716449399.6163566113
[ 1 -1 -1 -1] [ 3 11 19 26] [ 9030  9466 12984 13610] [] 1716449399.6597239971
[ 1  1  1  1 -1] [ 3 11 19 26 27] [ 8698  8305  9045 13561 11817] [] 1716449399.7027189732
[ 1  1  1 -1  1] [ 3 11 19 26 27] [ 6294  7421  8686 13710 10219] [] 1716449399.7457199097
[ 1  1 -1  1  1  1] [ 3 11 18 19 26 27] [ 6084  7195 13726  7960 13439  9858] [] 1716449399.7887532711
[ 1  1  1  1 -1  1] [ 3 11 18 19 26 27] [ 5677  6687 11051  7023 14426  9342] [] 1716449399.8315639496
[ 1 -1  1  1  1 -1  1  1 -1] [ 3 10 11 18 19 20 26 27 34] [ 4718 14970  6296  9939  6379 13811 12514  9237 14253] [] 1716449399.8746798038
[ 1  1  1  1  1  1 -1 -1 -1 -1] [ 3 10 11 18 19 20 26 27 28 34] [ 4703 12997  6072  9040  6278 13318 12534  9367 12043 14271] [] 1716449399.9177334309
[1 1 1 1 1 1 1 1 1 1] [ 3 10 11 18 19 20 26 27 28 34] [ 4543 12205  5251  7926  5266 12803 11472  9253 11534 11947] [] 1716449399.9607253075
[-1  1  1  1  1  1  1  1  1  1  1 -1] [ 2  3 10 11 18 19 20 26 27 28 34 42] [16354  4411 11671  4924  7381  5019 12528 11065  9127 11336 11291 13369] [] 1716449400.0037140846
[ 1  1  1  1  1  1  1  1 -1  1  1  1] [ 2  3 10 11 18 19 20 26 27 28 34 42] [15743  4300 11319  4462  6368  4703 12249  8987  9209 11177 11030 10974] [] 1716449400.0467100143
[ 1  1  1  1  1  1 -1 -1  1 -1  1  1 -1  1] [ 2  3 10 11 18 19 20 21 26 27 28 34 36 42] [14508  3769 10560  4046  5837  4108 12442 12284  7919  9258  9660  9119
 15163  8321] [] 1716449400.0897448063
[-1  1  1  1  1  1  1  1  1  1  1  1  1  1] [ 2  3 10 11 18 19 20 21 26 27 28 34 36 42] [14835  3656  9438  3829  5068  3937  9990 11319  6419  9000  9382  8895
 12621  7366] [] 1716449400.1326861382
[ 1  1  1  1  1  1  1 -1  1  1 -1  1 -1  1] [ 2  3 10 11 18 19 20 21 26 27 28 34 36 42] [14736  3486  9049  3588  4800  3829  9820 11394  5915  8873  9384  7526
 12911  6051] [] 1716449400.1756463051
[ 1  1  1  1  1  1  1  1  1  1  1 -1 -1  1  1] [ 2  3 10 11 18 19 20 21 26 27 28 34 35 36 42] [14398  3254  7933  3399  4464  3714  9563 11047  5404  8836  9375  7557
 13919 11671  4789] [] 1716449400.2186200619
[ 1  1  1  1  1  1  1 -1  1  1  1 -1  1  1  1  1 -1] [ 2  3 10 11 18 19 20 21 26 27 28 29 34 35 36 42 44] [12659  2908  6516  3067  4127  3533  9311 11196  4931  8834  9361 12104
  7263 13537  9726  4564 13579] [] 1716449400.2615873814
[-1  1  1  1  1  1  1  1  1  1  1  1  1 -1  1  1  1] [ 2  3 10 11 18 19 20 21 26 27 28 29 34 35 36 42 44] [12687  2803  6028  2937  3934  3475  8074 11153  4781  8764  9160 11674
  7250 13648  9171  4351 13193] [] 1716449400.3044431210
[-1  1  1  1  1  1  1  1  1  1  1  1  1 -1  1  1  1] [ 2  3 10 11 18 19 20 21 26 27 28 29 34 35 36 42 44] [12735  2767  5410  2789  3805  3468  7674 10983  4624  8681  8825 11455
  7110 13974  7679  4112 13003] [] 1716449400.3476262093
[ 1  1  1  1 -1  1  1  1  1  1  1  1 -1  1 -1  1  1  1] [ 2  3 10 11 12 18 19 20 21 26 27 28 29 34 35 36 42 44] [12637  2637  4682  2631 15778  3468  3286  7407 10947  4279  7939  8770
 11607  7033 14124  6514  3854 11785] [] 1716449400.3906099796
[ 1  1  1  1  1  1  1  1  1  1 -1  1  1  1  1  1  1  1] [ 2  3 10 11 12 18 19 20 21 26 27 28 29 34 35 36 42 44] [11711  2498  4385  2472 15528  3375  3191  6987 10890  4012  7970  8394
 11542  6583 14097  6273  3805  8240] [] 1716449400.4336168766
[ 1  1  1  1  1  1  1  1 -1  1  1  1 -1  1 -1  1  1  1] [ 2  3 10 11 12 18 19 20 21 26 27 28 29 34 35 36 42 44] [11439  2441  4073  2349 15485  3225  3173  6842 10968  3863  7809  6805
 11586  6364 14460  6208  3442  6999] [] 1716449400.4766213894
[-1  1  1  1 -1  1  1  1  1  1  1  1 -1  1  1  1  1  1] [ 2  3 10 11 12 18 19 20 21 26 27 28 29 34 35 36 42 44] [11587  2421  3846  2244 15548  3085  3086  6655 10823  3735  6520  6269
 11724  6342 14248  5838  3128  6034] [] 1716449400.5195887089
[-1  1  1  1 -1  1  1  1  1  1  1  1  1  1  1  1 -1  1 -1] [ 2  3 10 11 12 18 19 20 21 26 27 28 29 34 35 36 42 44 50] [11671  2341  3538  2178 15652  3009  3054  6495 10615  3601  6444  6005
 11491  5973 14216  5526  3163  5037 10295] [] 1716449400.5626201630
[ 1  1  1 -1  1  1  1  1  1  1 -1  1 -1  1  1  1  1  1  1] [ 2  3 10 11 12 18 19 20 21 26 27 28 29 34 35 36 42 44 50] [10879  2299  3510  2182 15411  2908  3038  6423 10475  3554  6468  5289
 11600  5578 13984  5297  3023  4544  9620] [] 1716449400.6056091785
[ 1  1  1  1  1  1  1  1 -1  1  1  1  1  1  1  1 -1  1  1  1] [ 2  3 10 11 12 18 19 20 21 26 27 28 29 34 35 36 41 42 44 50] [ 8484  2240  3335  2123 15228  2779  3008  6074 10632  3412  6340  4759
 11373  4951 12635  5093 12243  2838  4264  8225] [] 1716449400.6484384537
[ 1  1  1  1  1  1  1  1  1  1  1  1 -1  1  1  1  1  1  1  1] [ 2  3 10 11 12 18 19 20 21 26 27 28 29 34 35 36 41 42 44 50] [ 8157  2122  3239  2019 15207  2709  2930  5715 10484  3248  6236  4416
 11466  4364 12560  4902 10324  2743  4099  8028] [] 1716449400.6916403770
[-1  1  1  1  1  1  1  1  1 -1  1 -1  1  1  1  1  1  1  1  1  1] [ 1  2  3 10 11 12 18 19 20 21 26 27 28 29 34 35 36 41 42 44 50] [13074  7507  2087  3151  1944 13479  2650  2899  5588 10708  3139  6264
  4012 11331  3984 12426  4822  9609  2696  3852  7883] [] 1716449400.7346470356
[ 1  1  1 -1  1  1  1  1  1  1  1  1  1 -1  1  1 -1  1  1  1 -1] [ 1  2  3 10 11 12 18 19 20 21 26 27 28 29 34 35 36 41 42 44 50] [12526  7494  2061  3195  1929 13475  2617  2868  5264 10586  3101  6168
  3920 11372  3943 12220  4834  9589  2642  3718  7903] [] 1716449400.7775940895
[ 1  1  1  1  1  1 -1  1  1  1 -1 -1  1  1  1  1  1  1  1  1  1] [ 1  2  3 10 11 12 18 19 20 21 26 27 28 29 34 35 36 41 42 44 50] [12401  7388  2046  3087  1901 11067  2633  2843  5207 10526  3109  6205
  3778 11239  3842 12128  4793  9491  2619  3712  7797] [] 1716449400.8205261230
[ 1 -1  1  1 -1  1  1  1 -1 -1  1  1  1  1  1  1  1  1  1  1  1] [ 1  2  3 10 11 12 18 19 20 21 26 27 28 29 34 35 36 41 42 44 50] [12329  7507  2026  3071  1927 10984  2586  2825  5255 10633  3034  6183
  3773 11229  3778 12068  4694  9413  2610  3686  7755] [] 1716449400.8636398315
[ 1  1  1 -1  1  1 -1  1  1  1  1  1  1  1  1  1  1 -1 -1 -1 -1] [ 1  2  3 10 11 12 18 19 20 21 26 27 28 29 34 35 36 41 42 44 50] [12317  7451  2021  3083  1911 10775  2591  2817  5239 10539  3019  6166
  3767 11178  3735 12020  4668  9659  2640  3868  7811] [] 1716449400.9066190720
[ 1 -1 -1  1  1 -1 -1 -1  1  1 -1 -1 -1  1 -1  1  1 -1 -1 -1 -1] [ 1  2  3 10 11 12 18 19 20 21 26 27 28 29 34 35 36 41 42 44 50] [12300  7676  2047  3071  1880 11044  2611  2824  5197 10529  3071  6181
  3819 11042  3866 11813  4634 12023  2786  4172  9182] [] 1716449400.9496250153
[-1  1 -1  1 -1 -1  1 -1 -1  1  1  1 -1  1 -1  1 -1  1 -1] [ 2  3  4 10 11 12 18 19 20 21 26 27 28 29 34 35 36 42 44] [ 8594  2047 14266  3059  1930 13619  2573  2845  5523 10433  3071  6156
  4130 11038  4038 11764  4770  2634  4469] [] 1716449400.9926216602
[ 1 -1 -1 -1 -1 -1 -1 -1 -1 -1 -1 -1 -1 -1 -1 -1 -1 -1 -1] [ 2  3  4 10 11 12 18 19 20 21 26 27 28 29 34 35 36 42 44] [ 8564  2132 14359  3103  1995 15242  2623  2876  5603 10472  3105  6170
  4469 11254  4188 11768  4879  2813  5156] [] 1716449401.0356066227
[-1 -1  1  1 -1  1 -1 -1 -1  1 -1  1 -1  1 -1  1 -1 -1 -1] [ 2  3  4 10 11 12 18 19 20 21 26 27 28 29 34 35 36 42 44] [ 8645  2165 14031  3079  2004 15043  2659  2949  5644 10399  3190  6165
  4593 11201  4296 11675  5007  3035  7502] [] 1716449401.0787527561
[-1 -1 -1 -1 -1  1 -1 -1 -1  1 -1 -1 -1  1 -1  1 -1 -1 -1] [ 2  3  4 10 11 12 18 19 20 21 26 27 28 29 34 35 36 42 44] [ 8829  2273 14060  3187  2114 15043  2746  2985  5802 10243  3417  6261
  5180 11190  4993 11672  5122  3178 10032] [] 1716449401.1216244698
[-1 -1 -1 -1 -1 -1 -1 -1 -1  1 -1  1 -1  1 -1 -1 -1 -1 -1] [ 2  3  4 10 11 12 18 19 20 21 26 27 28 29 34 35 36 42 44] [10541  2343 14250  3331  2129 15244  2863  2991  6193 10161  3532  6192
  5367 11160  5168 11910  5375  3554 12843] [] 1716449401.1646072865
[-1 -1  1 -1 -1 -1 -1 -1 -1 -1 -1 -1 -1 -1 -1 -1 -1 -1 -1] [ 2  3  4 10 11 12 18 19 20 21 26 27 28 29 34 35 36 42 44] [11550  2386 14075  3763  2239 15533  3015  3040  6398 10281  3627  6314
  6194 11381  6315 12341  5818  4100 13482] [] 1716449401.2077534199
[-1 -1 -1 -1 -1 -1 -1 -1 -1 -1 -1 -1 -1 -1 -1 -1 -1 -1] [ 2  3  4 10 11 12 18 19 20 21 26 27 28 29 34 35 36 42] [11856  2486 14255  4267  2464 15749  3157  3149  6956 10433  3864  6366
  7185 11844  6392 13069  6053  4566] [] 1716449401.2507252693
[-1 -1 -1 -1 -1 -1 -1 -1 -1  1 -1 -1 -1 -1 -1 -1 -1] [ 2  3  4 10 11 12 18 19 20 21 26 27 28 34 35 36 42] [12280  2563 14875  4690  2549 15861  3300  3157  7030 10402  4137  6389
  7633  6900 13290  6202  5596] [] 1716449401.2937378883
[-1 -1  1 -1 -1 -1 -1 -1 -1 -1 -1 -1 -1 -1 -1 -1] [ 2  3  4 10 11 18 19 20 21 26 27 28 34 35 36 42] [12872  2781 14821  5285  2809  3678  3262  7455 10558  4645  7851  9084
  7060 14321  6686  7024] [] 1716449401.3366785049
[ 1 -1 -1 -1 -1 -1 -1 -1 -1 -1  1 -1  1 -1] [ 2  3 10 11 18 19 20 21 26 27 28 34 35 36] [12754  2910  5537  3035  3885  3335  8889 10832  4867  7965  8999  7124
 14142 10040] [] 1716449401.3797659874
[-1 -1 -1 -1 -1 -1 -1 -1  1 -1  1 -1] [ 2  3 10 11 18 19 20 26 27 28 34 36] [12780  3379  6727  3191  4281  3449  8980  5481  7950  9011  7044 12053] [] 1716449401.4225637913
[-1 -1 -1 -1 -1 -1 -1 -1  1 -1 -1] [ 2  3 10 11 18 19 20 26 27 28 34] [14359  3508  8955  3612  4901  3623  9215  6885  7901  9091  7290] [] 1716449401.4657380581
[-1 -1 -1 -1 -1 -1 -1 -1 -1 -1 -1] [ 2  3 10 11 18 19 20 26 27 28 34] [14382  3719  9690  3791  5111  3688  9347  9240  7964 11094  7427] [] 1716449401.5087068081
[-1 -1 -1 -1 -1 -1 -1 -1 -1 -1] [ 2  3 10 11 18 19 20 26 27 34] [14449  3921 10841  4221  6220  3868 12447  9859  8072  8755] [] 1716449401.5517320633
[-1 -1 -1 -1 -1 -1 -1 -1 -1] [ 2  3 10 11 18 19 26 27 34] [14475  4251 12494  5548  7819  4133 10910  8872 16299] [] 1716449401.5947668552
[-1 -1 -1 -1 -1 -1 -1 -1] [ 2  3 10 11 18 19 26 27] [14827  4463 14606  6247 10847  4395 10932  9202] [] 1716449401.6377491951
[-1 -1 -1 -1 -1 -1 -1] [ 2  3 11 18 19 26 27] [14904  4710  6766 11191  5326 11307  9669] [] 1716449401.6807291508
[-1 -1 -1 -1] [ 3 11 18 19] [ 7547  7403 14029  6768] [] 1716449401.7236726284
[-1 -1 -1] [ 3 11 18] [ 8645  9113 15493] [] 1716449401.7665972710
[-1  1] [ 3 11] [12330  9052] [] 1716449401.8096427917
[-1] [11] [9166] [] 1716449401.8526706696
[-1] [11] [9573] [] 1716449401.8956565857
[-1] [11] [12518] [] 1716449401.9386234283
[-1] [11] [12585] [] 1716449401.9816465378
[-1] [11] [13399] [] 1716449402.0246198177
2 2 2 1716449402.1108260155
