FA TAX ADC PRES TS
[-1] [11] [12464] [] 1716449394.4585456848
[-1] [11] [12468] [] 1716449394.5015766621
[1] [11] [12433] [] 1716449394.5443279743
[1] [11] [12300] [] 1716449394.5875751972
[1] [11] [12130] [] 1716449394.6304042339
[1] [11] [9992] [] 1716449394.6736316681
[1] [11] [9609] [] 1716449394.7162845135
[1] [11] [9232] [] 1716449394.7596437931
[1] [11] [9220] [] 1716449394.8025450706
[-1  1] [ 3 11] [13724  9197] [] 1716449394.8456213474
[1 1] [ 3 11] [13598  9087] [] 1716449394.8884770870
[1 1] [ 3 11] [13054  8988] [] 1716449394.9316051006
[-1  1] [ 3 11] [13124  8809] [] 1716449394.9746158123
[-1  1 -1] [ 3 11 26] [13525  7441 13675] [] 1716449395.0176341534
[1 1 1] [ 3 11 26] [ 8881  7060 11426] [] 1716449395.0604548454
[ 1  1 -1  1] [ 3 11 20 26] [ 5977  6500 15924 11400] [] 1716449395.1036903858
[ 1  1 -1  1  1 -1] [ 3 11 19 20 26 27] [ 5787  5950 11621 13922 11371 13029] [] 1716449395.1466639042
[1 1 1 1 1 1] [ 3 11 19 20 26 27] [ 5670  5884  9411 13238 11301 12749] [] 1716449395.1896238327
[ 1  1  1  1  1 -1 -1 -1] [ 3 11 19 20 26 27 28 34] [ 5326  5787  7329 10303 11241 12800 11847 15131] [] 1716449395.2324528694
[ 1 -1  1 -1  1  1  1  1  1  1] [ 3 10 11 18 19 20 26 27 28 34] [ 5093 14019  5286 13170  6142  9942 11066 12800 11535 10459] [] 1716449395.2756710052
[ 1  1  1  1  1  1 -1  1  1  1 -1] [ 3 10 11 18 19 20 26 27 28 34 42] [ 4761 12868  5149 10502  5947  9885 11074 10989 11170 10128 13109] [] 1716449395.3185691833
[ 1  1  1  1  1 -1  1  1 -1 -1 -1  1] [ 3 10 11 18 19 20 26 27 28 34 36 42] [ 4294 12122  4655  6396  5374  9980  8119 10873 11470 10209 13486 10899] [] 1716449395.3616766930
[ 1  1  1 -1  1  1 -1  1 -1  1  1  1  1] [ 3 10 11 18 19 20 21 26 27 28 34 36 42] [ 4235 11492  4371  6937  5069  9334 11960  7551 11943  9442 10009 12407
  7865] [] 1716449395.4045314789
[-1  1  1  1  1  1  1  1  1  1  1  1  1] [ 3 10 11 18 19 20 21 26 27 28 34 36 42] [ 4255  9638  3833  5646  4778  8382 11585  6866 10327  9333  8515 12309
  6421] [] 1716449395.4477458000
[1 1 1 1 1 1 1 1 1 1 1 1 1] [ 3 10 11 18 19 20 21 26 27 28 34 36 42] [ 3568  7239  3345  4808  4558  7865 11125  5993  9019  9252  8271 11673
  5193] [] 1716449395.4905943871
[ 1  1  1  1  1 -1 -1  1  1 -1 -1  1  1  1 -1] [ 3 10 11 18 19 20 21 26 27 28 29 34 36 42 44] [ 3304  6270  3287  4645  4463  8119 11144  5505  8898  9477 12474  8243
 10837  4658 14057] [] 1716449395.5336840153
[ 1  1  1  1  1 -1 -1  1  1  1  1  1  1  1  1] [ 3 10 11 18 19 20 21 26 27 28 29 34 36 42 44] [ 3066  5498  3060  4240  4281  8410 11224  4935  8685  9060 11746  7397
  9832  4138 13337] [] 1716449395.5765085220
[-1  1  1  1  1  1  1 -1  1 -1  1  1  1  1  1  1] [ 2  3 10 11 18 19 20 21 26 27 28 29 34 36 42 44] [15759  2903  5175  2917  3743  4078  7892 11242  4601  8690  8202 11694
  7049  8444  3837 13171] [] 1716449395.6197304726
[1 1 1 1 1 1 1 1 1 1 1 1 1 1 1 1] [ 2  3 10 11 18 19 20 21 26 27 28 29 34 36 42 44] [10025  2765  4545  2773  3586  4021  6069 10880  4520  8143  6513 11643
  6821  7129  3620 11589] [] 1716449395.6627175808
[ 1  1  1  1  1  1  1  1  1  1  1 -1  1  1  1  1] [ 2  3 10 11 18 19 20 21 26 27 28 29 34 36 42 44] [ 9775  2507  4071  2533  3410  3800  5841 10793  4157  7561  6074 11682
  6747  6360  3522  7804] [] 1716449395.7057113647
[1 1 1 1 1 1 1 1 1 1 1 1 1 1 1 1] [ 2  3 10 11 18 19 20 21 26 27 28 29 34 36 42 44] [ 9690  2431  3820  2367  3319  3689  5641 10777  3999  7259  5584 10075
  6620  6195  3131  6874] [] 1716449395.7486603260
[ 1  1  1  1 -1  1  1  1  1  1  1  1  1  1  1 -1 -1  1 -1] [ 2  3 10 11 12 18 19 20 21 26 27 28 29 34 36 41 42 44 50] [ 9559  2318  3563  2319 15637  3228  3541  5566 10768  3703  7076  5095
  8610  6524  6039 15415  3263  5332 10645] [] 1716449395.7917253971
[1 1 1 1 1 1 1 1 1 1 1 1 1 1 1 1 1 1 1] [ 2  3 10 11 12 18 19 20 21 26 27 28 29 34 36 41 42 44 50] [ 9493  2247  3501  2239 14099  3153  3471  5210 10661  3646  6338  4749
  8029  6225  5752 12699  3084  4736  9481] [] 1716449395.8347523212
[1 1 1 1 1 1 1 1 1 1 1 1 1 1 1 1 1 1 1] [ 2  3 10 11 12 18 19 20 21 26 27 28 29 34 36 41 42 44 50] [ 9271  2191  3355  2157 12767  3029  3432  5035 10649  3531  6287  4413
  7877  5481  5528 11737  2898  4354  8971] [] 1716449395.8776602745
[-1 -1  1 -1  1  1  1  1  1 -1  1  1  1  1  1  1  1  1  1  1  1 -1] [ 1  2  3  9 10 11 12 18 19 20 21 26 27 28 29 34 36 41 42 44 50 51] [12823  9521  2116 15582  3287  2090 11083  2957  3353  5039 10499  3363
  6056  4129  7719  4773  5093  9549  2844  4216  8751 12321] [] 1716449395.9206626415
[ 1  1  1  1 -1  1  1  1  1  1 -1  1 -1  1  1  1  1  1  1  1  1  1] [ 1  2  3  9 10 11 12 18 19 20 21 26 27 28 29 34 36 41 42 44 50 51] [12584  8950  2101 10851  3311  2047 10854  2903  3320  4288 10642  3339
  6069  3945  7709  4480  4878  9329  2819  4066  8737 11751] [] 1716449395.9637603760
[-1  1  1  1  1  1  1  1  1  1  1 -1  1  1  1 -1  1  1  1  1  1  1] [ 1  2  3  9 10 11 12 18 19 20 21 26 27 28 29 34 36 41 42 44 50 51] [12680  8765  2063 10654  3255  2030 10638  2812  3302  4192 10588  3343
  5989  3875  7579  4526  4728  9237  2805  4032  8683 11706] [] 1716449396.0067086220
[ 1 -1  1  1  1  1  1  1  1  1  1  1 -1  1  1  1  1  1  1  1  1 -1] [ 1  2  3  9 10 11 12 18 19 20 21 26 27 28 29 34 36 41 42 44 50 51] [12623  8807  2017 10231  3231  1999 10558  2767  3276  4105 10520  3253
  6017  3820  7579  4414  4669  9081  2789  4014  8567 11714] [] 1716449396.0497608185
[ 1  1  1  1 -1  1  1 -1  1  1 -1 -1  1  1  1  1  1 -1  1 -1 -1] [ 1  2  3  9 10 11 12 18 19 20 21 26 27 28 29 34 36 41 42 44 50] [12586  8735  2010  9957  3283  1973 10269  2791  3259  3978 10690  3275
  6003  3784  7572  4364  4543  9486  2783  4036  8661] [] 1716449396.0926206112
[ 1 -1  1 -1  1 -1 -1  1  1 -1  1  1  1 -1  1  1 -1 -1 -1 -1 -1] [ 1  2  3  9 10 11 12 18 19 20 21 26 27 28 29 34 36 41 42 44 50] [12561  8820  2003 10221  3213  1999 10320  2760  3254  4084 10517  3235
  5976  3852  7513  4320  4560 11646  2854  4284  8917] [] 1716449396.1357431412
[ 1 -1 -1 -1 -1 -1 -1 -1 -1 -1  1 -1  1 -1 -1 -1 -1 -1  1 -1] [ 1  2  3  9 10 11 12 18 19 20 21 26 27 28 29 34 36 41 42 44] [12430  8822  2043 15804  3229  2061 10882  2779  3278  4165 10458  3274
  5976  4013  7529  4622  4862 12507  2782  4874] [] 1716449396.1787409782
[-1 -1  1  1 -1 -1 -1 -1  1 -1  1 -1 -1 -1 -1 -1 -1] [ 2  3 10 11 12 18 19 20 21 26 27 28 29 34 36 42 44] [ 9512  2044  3220  2047 12171  2935  3310  4678 10404  3339  5923  4189
  7560  4872  5139  2815  5658] [] 1716449396.2217259407
[-1 -1  1 -1 -1 -1 -1 -1  1 -1 -1 -1 -1 -1 -1 -1 -1] [ 2  3 10 11 12 18 19 20 21 26 27 28 29 34 36 42 44] [ 9544  2111  3210  2071 12372  2947  3381  4764 10190  3359  5966  4292
  7701  4987  5239  2973  7012] [] 1716449396.2646493912
[ 1 -1 -1 -1 -1 -1  1 -1 -1 -1 -1 -1 -1 -1 -1 -1 -1] [ 2  3 10 11 12 18 19 20 21 26 27 28 29 34 36 42 44] [ 9543  2159  3277  2117 13553  3077  3354  4873 10303  3413  5976  4723
  7911  5407  5370  3166 11461] [] 1716449396.3077433109
[ 1 -1 -1 -1 -1 -1 -1 -1  1 -1 -1 -1 -1 -1 -1 -1 -1] [ 2  3 10 11 12 18 19 20 21 26 27 28 29 34 36 42 44] [ 9527  2202  3485  2178 15467  3117  3424  4979 10179  3519  6682  5367
 11247  5502  5564  3620 13511] [] 1716449396.3507037163
[ 1 -1 -1 -1 -1 -1 -1 -1 -1 -1 -1 -1 -1 -1 -1 -1] [ 2  3 10 11 12 18 19 20 21 26 27 28 29 34 36 42] [ 9503  2347  3941  2302 15818  3237  3521  5181 10364  3775  6750  5786
 11666  6405  6233  4217] [] 1716449396.3937227726
[-1 -1 -1 -1 -1 -1 -1 -1 -1 -1 -1 -1 -1 -1 -1] [ 2  3 10 11 18 19 20 21 26 27 28 29 34 36 42] [ 9575  2409  4163  2392  3291  3582  5844 10439  3967  6801  6253 11760
  6488  6272  4745] [] 1716449396.4365377426
[-1 -1 -1 -1 -1 -1  1 -1 -1 -1 -1 -1 -1 -1] [ 2  3 10 11 18 19 20 21 26 27 28 34 36 42] [ 9943  2559  4926  2619  3430  3641  5568 10596  4175  6857  7467  6654
  6460  6673] [] 1716449396.4796667099
[-1 -1 -1 -1 -1 -1 -1 -1 -1 -1 -1 -1 -1 -1] [ 2  3 10 11 18 19 20 21 26 27 28 34 36 42] [15637  2885  5413  2972  3981  3814  6877 10933  4613  6971  8985  8147
  7886 11394] [] 1716449396.5227119923
[-1 -1 -1 -1 -1 -1 -1 -1 -1 -1 -1 -1 -1] [ 2  3 10 11 18 19 20 21 26 27 28 34 36] [15714  3081  6019  3134  4434  3923  7453 11204  4941  8465  9041  8232
  9457] [] 1716449396.5657749176
[-1 -1 -1 -1 -1 -1 -1 -1  1  1] [ 3 10 11 18 19 20 26 27 28 34] [3455 7859 3468 4799 4225 7545 6178 8491 8856 8141] [] 1716449396.6083867550
[-1 -1 -1 -1 -1 -1 -1 -1 -1 -1] [ 3 10 11 18 19 20 26 27 28 34] [ 3644 10449  3963  5567  4410  8676  6512  8698  9125  8288] [] 1716449396.6516296864
[-1 -1 -1 -1 -1 -1 -1  1 -1 -1] [ 3 10 11 18 19 20 26 27 28 34] [ 4108 12036  4351  6157  4738  9478  8455  8648 11505  9863] [] 1716449396.6946904659
[-1 -1 -1 -1 -1 -1 -1 -1  1] [ 3 10 11 18 19 20 26 27 34] [ 4325 12560  4834  7687  5102  9764  8780  9029  9406] [] 1716449396.7377233505
[-1 -1 -1 -1 -1 -1 -1] [ 3 10 11 18 19 26 27] [ 4987 15972  5750  8762  5765 10790  9155] [] 1716449396.7806167603
[-1 -1 -1 -1  1] [ 3 11 19 26 27] [ 5404  5987  7107 10825  9117] [] 1716449396.8236060143
[-1 -1 -1 -1 -1] [ 3 11 19 26 27] [ 7066  7157  8834 11516  9634] [] 1716449396.8665938377
[-1 -1 -1 -1] [ 3 11 19 27] [ 7473  7675 11416 12852] [] 1716449396.9095537663
[-1 -1] [ 3 11] [12543  8956] [] 1716449396.9523971081
[-1 -1] [ 3 11] [13814  9110] [] 1716449396.9955503941
[-1 -1] [ 3 11] [13941  9214] [] 1716449397.0385086536
[-1] [11] [9436] [] 1716449397.0815203190
[-1] [11] [9870] [] 1716449397.1244146824
[-1] [11] [12150] [] 1716449397.1675624847
[-1] [11] [12240] [] 1716449397.2105646133
2 2 2 1716449397.2964866161
