FA TAX ADC PRES TS
[-1] [11] [13554] [] 1716449441.8298308849
[1] [11] [13431] [] 1716449441.8728570938
[1] [11] [13207] [] 1716449441.9158782959
[1] [11] [12698] [] 1716449441.9588847160
[1] [11] [10764] [] 1716449442.0018990040
[-1  1] [ 2 11] [15899  9559] [] 1716449442.0448679924
[1 1] [ 2 11] [15767  9404] [] 1716449442.0879063606
[-1 -1  1] [ 2  3 11] [15851 11163  9398] [] 1716449442.1308534145
[-1  1  1] [ 2  3 11] [15924  9903  9166] [] 1716449442.1738960743
[1 1 1] [ 2  3 11] [15611  9125  9090] [] 1716449442.2170155048
[-1  1 -1] [ 2  3 11] [16019  6234  9166] [] 1716449442.2598733902
[-1 -1 -1 -1 -1] [ 2  3 11 18 19] [16082  6264  9402 11579 12839] [] 1716449442.3028781414
[ 1  1  1  1  1 -1] [ 2  3 11 18 19 27] [15808  6139  9278 11331  7538 11043] [] 1716449442.3459002972
[ 1  1 -1 -1  1 -1  1] [ 2  3 11 18 19 26 27] [15703  6101  9362 11335  6899 12497  9811] [] 1716449442.3889415264
[-1  1  1  1  1  1  1] [ 2  3 11 18 19 26 27] [15778  5952  8266 11048  6597 11680  9462] [] 1716449442.4318177700
[ 1  1  1  1  1  1 -1] [ 3 11 18 19 26 27 34] [ 5810  6954 10648  5858 11428  9319 12509] [] 1716449442.4748978615
[-1  1 -1  1  1  1 -1  1  1  1] [ 2  3 10 11 18 19 20 26 27 34] [16230  5024 11009  6547 10533  5587 14960 11343  9261 12333] [] 1716449442.5178015232
[1 1 1 1 1 1 1 1 1 1] [ 2  3 10 11 18 19 20 26 27 34] [15474  4735  9430  5605 10317  4882 13100 11062  9024 12175] [] 1716449442.5608386993
[ 1 -1  1  1  1  1  1  1 -1 -1  1] [ 2  3 10 11 18 19 20 26 27 28 34] [13346  4783  9139  5343  8554  4875 12784  9579  9270 10413  9739] [] 1716449442.6038253307
[1 1 1 1 1 1 1 1 1 1 1] [ 2  3 10 11 18 19 20 26 27 28 34] [13131  4653  8368  4711  7691  4599 12501  8885  9182  9352  8937] [] 1716449442.6468093395
[-1  1  1  1  1  1  1  1  1  1  1 -1] [ 2  3 10 11 18 19 20 26 27 28 34 42] [13136  4594  7989  4315  7407  4389 12223  8626  8935  9152  8653 10313] [] 1716449442.6898510456
[ 1  1  1  1  1  1  1  1 -1 -1  1 -1  1] [ 2  3 10 11 18 19 20 26 27 28 34 36 42] [11567  4285  6579  4082  6063  4225 11914  8547  9004  9209  7662 15933
  8702] [] 1716449442.7328159809
[ 1  1  1  1  1  1 -1 -1  1  1  1  1  1  1] [ 2  3 10 11 18 19 20 21 26 27 28 34 36 42] [ 9101  4244  5799  3869  5684  4113 11966 12101  8518  8822  8047  7172
 15019  6829] [] 1716449442.7758834362
[1 1 1 1 1 1 1 1 1 1 1 1 1 1] [ 2  3 10 11 18 19 20 21 26 27 28 34 36 42] [ 8768  3759  5433  3441  4743  3914  9505 11617  6879  8749  7740  6927
 12827  5480] [] 1716449442.8188226223
[-1  1  1  1  1  1  1  1  1  1  1  1  1  1] [ 2  3 10 11 18 19 20 21 26 27 28 34 36 42] [ 8837  3156  5005  2997  4149  3780  9059 11396  5625  7545  7692  6192
 12627  4707] [] 1716449442.8618555069
[-1  1  1  1  1  1 -1  1  1  1 -1  1 -1  1  1] [ 2  3 10 11 18 19 20 21 26 27 28 34 35 36 42] [ 8894  3019  4786  2895  3917  3682  9062 11178  5317  7103  7816  5807
 16288 12558  4155] [] 1716449442.9048480988
[ 1  1  1  1 -1  1  1  1 -1  1  1  1 -1  1  1  1 -1  1] [ 2  3 10 11 12 18 19 20 21 26 27 28 29 34 35 36 37 42] [ 8772  2842  4428  2638 15755  3418  3557  9012 11229  4868  7047  7323
 12101  5710 14336 12511 16320  3859] [] 1716449442.9478628635
[-1  1  1  1  1  1  1  1  1  1  1  1  1  1 -1  1  1  1 -1] [ 2  3 10 11 12 18 19 20 21 26 27 28 29 34 35 36 37 42 44] [ 8834  2677  4124  2440 15689  3189  3480  8902 11082  4362  6891  7149
 11802  5624 14464 11497 11279  3783 14307] [] 1716449442.9908306599
[ 1  1  1  1  1  1  1  1  1  1 -1  1 -1  1  1  1 -1  1  1] [ 2  3 10 11 12 18 19 20 21 26 27 28 29 34 35 36 37 42 44] [ 8808  2647  3953  2357 15608  3090  3439  8868 11062  4246  6991  6493
 11821  5547 14328 10826 11433  3642  8751] [] 1716449443.0338220596
[-1  1  1  1  1  1  1  1 -1  1  1  1 -1  1  1  1 -1  1  1] [ 2  3 10 11 12 18 19 20 21 26 27 28 29 34 35 36 37 42 44] [ 8937  2508  3685  2307 15581  3019  3312  8519 11172  3969  6842  6143
 11859  5430 14121  9820 11463  3251  6626] [] 1716449443.0768637657
[ 1  1  1  1  1 -1  1  1  1  1  1  1  1 -1  1  1  1 -1  1  1] [ 2  3 10 11 12 17 18 19 20 21 26 27 28 29 34 35 36 37 42 44] [ 8882  2391  3466  2198 15418 16366  2864  3233  8234 11022  3621  6744
  5144 11991  4874 13806  9063 11519  3076  5609] [] 1716449443.1199972630
[ 1  1  1  1  1  1  1  1  1  1  1  1  1  1 -1  1  1  1  1] [ 2  3 10 11 12 18 19 20 21 26 27 28 29 34 35 36 37 42 44] [ 8678  2367  3410  2058 15199  2645  3181  7936 10916  3542  6698  4516
 11948  4291 13901  7563 11409  2922  5147] [] 1716449443.1629114151
[-1  1  1  1 -1  1  1  1  1  1  1  1  1  1  1  1  1 -1 -1  1 -1] [ 2  3 10 11 12 18 19 20 21 26 27 28 29 34 35 36 37 41 42 44 50] [ 8684  2291  3339  1991 15346  2587  3074  7931 10575  3410  6482  4403
 11822  3979 13765  7245 11331 14125  2956  4898 10415] [] 1716449443.2059421539
[ 1  1  1  1 -1 -1  1  1  1 -1  1  1  1  1  1  1  1 -1  1  1  1  1] [ 2  3 10 11 12 17 18 19 20 21 26 27 28 29 34 35 36 37 41 42 44 50] [ 8675  2219  3335  1938 15474 15970  2525  3001  6360 10642  3311  6428
  4261 11529  3754 11400  6817 11492 10137  2858  4386  8038] [] 1716449443.2489478588
[-1  1  1  1  1  1  1  1  1  1  1  1  1  1  1  1  1  1  1  1  1  1] [ 2  3 10 11 12 17 18 19 20 21 26 27 28 29 34 35 36 37 41 42 44 50] [ 8757  2143  3229  1875 15267 15816  2401  2911  6266 10592  3179  6373
  3898 11488  3617 10977  6385 11233  9132  2646  3995  7442] [] 1716449443.2920930386
[ 1  1  1  1  1 -1  1  1  1  1  1  1  1  1  1  1  1  1  1  1  1  1] [ 2  3 10 11 12 17 18 19 20 21 26 27 28 29 34 35 36 37 41 42 44 50] [ 7867  2101  3019  1838 14335 16014  2349  2867  5918 10513  3071  6296
  3526 11361  3483  8448  5914 11219  8308  2586  3894  7068] [] 1716449443.3349139690
[-1  1  1  1  1  1  1  1  1  1  1 -1  1  1  1  1  1  1  1  1  1  1] [ 2  3 10 11 12 17 18 19 20 21 26 27 28 29 34 35 36 37 41 42 44 50] [ 8398  2072  2975  1823 14319 15795  2315  2859  5692 10463  2931  6319
  3468 11266  3355  8343  5898 11082  8181  2504  3850  6944] [] 1716449443.3779139519
[ 1  1  1  1  1 -1  1  1  1  1 -1  1  1  1  1  1 -1 -1  1  1  1  1] [ 2  3 10 11 12 17 18 19 20 21 26 27 28 29 34 35 36 37 41 42 44 50] [ 8041  2063  2917  1803 14221 16018  2285  2826  5647 10362  2951  6139
  3412 11220  3255  8237  5918 11114  8070  2489  3816  6891] [] 1716449443.4208800793
[-1  1  1  1 -1 -1  1  1  1  1  1  1  1  1  1 -1  1 -1  1  1 -1  1] [ 2  3 10 11 12 17 18 19 20 21 26 27 28 29 34 35 36 37 41 42 44 50] [ 8224  2011  2887  1797 14335 16162  2258  2815  5580 10350  2935  5936
  3372 11164  3208  8250  5808 11129  8001  2484  3837  6775] [] 1716449443.4640614986
[-1  1  1  1 -1  1 -1  1  1 -1  1  1  1 -1  1 -1 -1  1 -1 -1  1 -1] [ 2  3 10 11 12 17 18 19 20 21 26 27 28 29 34 35 36 37 41 42 44 50] [ 8415  1997  2871  1797 14478 16062  2265  2798  5519 10368  2879  5897
  3356 11204  3193  8329  5852 11075  8381  2505  3800  6850] [] 1716449443.5069451332
[-1  1  1 -1  1  1  1 -1  1  1  1  1 -1  1  1  1 -1 -1 -1 -1 -1 -1] [ 2  3 10 11 12 17 18 19 20 21 26 27 28 29 34 35 36 37 41 42 44 50] [ 8499  1995  2867  1803 14255 16057  2253  2823  5503 10345  2877  5842
  3381 11184  3185  8224  5905 11190  9763  2671  4080  7745] [] 1716449443.5499768257
[ 1 -1 -1  1 -1 -1  1  1 -1  1 -1  1 -1  1 -1 -1 -1  1 -1 -1 -1] [ 2  3 10 11 12 17 18 19 20 21 26 27 28 29 34 35 36 37 41 42 44] [ 8408  2056  2959  1801 14377 16091  2251  2795  6311 10301  2991  5832
  3484 11152  3480  8367  5930 11166 10879  2682  4515] [] 1716449443.5929777622
[ 1 -1 -1 -1  1  1 -1 -1 -1 -1 -1  1 -1  1 -1 -1 -1 -1 -1 -1 -1] [ 2  3 10 11 12 17 18 19 20 21 26 27 28 29 34 35 36 37 41 42 44] [ 8274  2109  3067  1845 14142 16055  2307  2861  6379 10386  3093  5824
  3861 11074  3556 10683  6330 11316 11451  2744  4693] [] 1716449443.6361131668
[ 1 -1  1 -1 -1  1 -1 -1  1  1 -1 -1 -1 -1 -1 -1 -1 -1 -1 -1] [ 2  3 10 11 12 17 18 19 20 21 26 27 28 29 34 35 36 37 42 44] [ 8095  2186  3013  1879 14278 16010  2359  2887  6305 10356  3149  6132
  4087 11113  3666 10871  6587 11321  2807  6200] [] 1716449443.6788253784
[-1 -1 -1 -1 -1 -1 -1 -1 -1  1 -1 -1 -1 -1 -1 -1 -1 -1 -1 -1] [ 2  3 10 11 12 17 18 19 20 21 26 27 28 29 34 35 36 37 42 44] [ 8263  2271  3076  1898 15013 16020  2385  2959  6399 10268  3206  6184
  4203 11276  3954 13946  6846 11342  3001  8807] [] 1716449443.7219214439
[ 1 -1 -1 -1 -1  1 -1  1 -1 -1 -1 -1 -1 -1 -1  1 -1 -1 -1] [ 2  3 10 11 12 17 18 19 20 21 26 27 28 29 34 35 36 37 42] [ 8076  2276  3269  1997 15264 15960  2433  2942  6519 10356  3345  6241
  4444 11537  4191 13841  7360 11410  3310] [] 1716449443.7649013996
[ 1 -1 -1 -1  1  1 -1 -1 -1 -1 -1 -1 -1 -1 -1  1 -1 -1 -1] [ 2  3 10 11 12 17 18 19 20 21 26 27 28 29 34 35 36 37 42] [ 8068  2388  3377  2078 15086 15703  2631  2973  7928 10456  3444  6306
  5117 11744  4706 13740  8543 11455  3716] [] 1716449443.8078858852
[ 1 -1 -1 -1 -1 -1 -1 -1 -1 -1 -1 -1 -1 -1 -1  1 -1 -1] [ 2  3 10 11 12 17 18 19 20 21 26 27 28 29 34 35 36 42] [ 7997  2571  3516  2178 15354 15730  2855  3249  8039 10557  3913  6452
  6710 12367  5331 13492 10530  4460] [] 1716449443.8508927822
[-1 -1 -1 -1 -1  1 -1  1  1 -1 -1 -1  1 -1  1 -1 -1] [ 2  3 10 11 12 17 18 19 20 21 26 27 28 34 35 36 42] [ 8000  2617  3663  2245 15434 15721  2979  3236  8000 10646  4058  6473
  6698  5409 13438 10783  4889] [] 1716449443.8939239979
[-1 -1 -1 -1 -1 -1 -1 -1 -1 -1 -1 -1 -1 -1 -1 -1 -1] [ 2  3 10 11 12 17 18 19 20 21 26 27 28 34 35 36 42] [ 8001  2749  3867  2435 15707 16126  3071  3308  8669 10906  4407  6501
  6855  5650 13899 10796  6991] [] 1716449443.9369316101
[-1 -1 -1 -1 -1  1 -1 -1 -1 -1 -1 -1 -1 -1 -1 -1] [ 2  3 10 11 12 17 18 19 20 21 26 27 28 34 35 36] [ 8131  2918  4439  2666 15839 16073  3325  3376  8736 11009  4941  6720
  7388  6516 14554 12277] [] 1716449443.9799647331
[ 1 -1 -1 -1 -1 -1 -1 -1 -1 -1 -1 -1  1] [ 2  3 10 11 17 18 19 20 26 27 28 34 35] [ 7969  3380  4948  3076 16304  3719  3491  8856  6303  8235  7413  6747
 14244] [] 1716449444.0228908062
[-1 -1 -1 -1 -1 -1 -1 -1 -1 -1 -1 -1] [ 2  3 10 11 18 19 20 26 27 28 34 35] [ 8270  3917  5313  3488  4019  3609  9094  8079  8356  7620  6829 14327] [] 1716449444.0659184456
[-1 -1 -1 -1 -1 -1 -1 -1 -1 -1 -1 -1] [ 2  3 10 11 18 19 20 26 27 28 34 35] [ 9147  4204  5852  3851  5035  3779 11340  8372  8646  9211  8108 15245] [] 1716449444.1089208126
[-1 -1 -1 -1 -1 -1 -1 -1 -1 -1] [ 2  3 10 11 18 19 20 26 27 34] [13102  4477  7694  4204  6747  3940 12206  8806  8770  9782] [] 1716449444.1519222260
[-1 -1 -1 -1 -1 -1 -1 -1  1 -1] [ 2  3 10 11 18 19 20 26 27 34] [13454  4584  7844  4634  6821  4023 15217 10899  8696 12186] [] 1716449444.1949546337
[-1 -1 -1 -1 -1 -1 -1 -1] [ 2  3 10 11 18 19 26 27] [13682  4623  8511  4874  8972  4260 11008  8822] [] 1716449444.2378523350
[ 1 -1 -1 -1 -1 -1 -1 -1] [ 2  3 10 11 18 19 26 27] [13657  5017 12100  5973 10598  4721 11256  9305] [] 1716449444.2809622288
[-1 -1 -1 -1 -1 -1] [ 2  3 11 18 19 27] [15330  5863  7044 10778  5057 13105] [] 1716449444.3240854740
[ 1 -1 -1 -1 -1] [ 2  3 11 18 19] [15278  5945  7894 11211  8727] [] 1716449444.3669102192
[-1 -1 -1] [ 2  3 11] [15349  7058  8815] [] 1716449444.4098844528
[-1 -1 -1] [ 2  3 11] [15901  9073  8986] [] 1716449444.4529261589
[-1 -1 -1] [ 2  3 11] [16021  9491  9179] [] 1716449444.4959621429
[-1] [11] [9188] [] 1716449444.5388424397
[-1] [11] [11730] [] 1716449444.5819149017
[-1] [11] [12369] [] 1716449444.6249563694
[-1] [11] [12390] [] 1716449444.6871390343
2 2 2 1716449444.6873438358
