FA TAX ADC PRES TS
[-1] [11] [12516] [] 1716449884.9487640858
[ 1 -1] [11 26] [12187 13745] [] 1716449884.9917826653
[1 1] [11 26] [10666 12549] [] 1716449885.0347661972
[-1 -1 -1 -1] [ 3 11 26 27] [11648 11039 13030 13499] [] 1716449885.0777935982
[ 1  1 -1  1  1 -1] [ 3 11 19 26 27 28] [10845 10899 15580 12829 12700 13726] [] 1716449885.1207940578
[1 1 1 1 1 1] [ 3 11 19 26 27 28] [ 7862 10717  9797 12678 10933 12911] [] 1716449885.1638240814
[ 1  1  1  1  1  1 -1] [ 3 11 19 26 27 28 34] [ 7236 10662  8877 12425 10523 12766 13347] [] 1716449885.2068243027
[ 1  1  1  1  1  1  1 -1 -1] [ 3 11 19 26 27 28 34 36 42] [ 6669 10181  7626 12111 10065 12200 12659 16247 15021] [] 1716449885.2497854233
[ 1 -1  1  1 -1 -1  1  1 -1  1  1 -1] [ 3 10 11 19 20 26 27 28 34 36 42 44] [ 6479 14328 10164  6838 15707 12118 10004 12034 12672 15799 10725 15400] [] 1716449885.2928137779
[ 1  1  1  1  1  1  1  1 -1  1  1  1] [ 3 10 11 19 20 26 27 28 34 36 42 44] [ 5183 11265 10039  6414 15412 11759  9811 11988 12713 15171 10348 13857] [] 1716449885.3357694149
[ 1  1  1  1  1  1  1 -1 -1  1  1  1  1] [ 3 10 11 19 20 26 27 28 29 34 36 42 44] [ 4940 11096  9986  6057 14696 11466  9700 12054 13250 12411 15062  9783
 13525] [] 1716449885.3787090778
[ 1  1  1  1  1 -1  1  1  1  1  1 -1  1  1] [ 3 10 11 19 20 21 26 27 28 29 34 36 42 44] [ 4829  9913  9852  5815 14564 13241 11107  9601 11947 12178 12094 15273
  9424 11717] [] 1716449885.4215960503
[ 1  1  1  1  1  1  1  1  1  1  1 -1  1  1] [ 3 10 11 19 20 21 26 27 28 29 34 36 42 44] [ 4430  8870  9724  5395 13561 12264 10772  9173 11705 11961 11831 15667
  8994 10491] [] 1716449885.4645442963
[ 1  1  1  1  1  1  1 -1 -1  1  1  1  1  1] [ 3 10 11 19 20 21 26 27 28 29 34 36 42 44] [ 4239  7859  9699  5197 13350 11820 10685  9308 11782 11774 10688 12484
  8875  9355] [] 1716449885.5078237057
[-1  1  1  1  1  1  1  1  1  1  1  1  1  1  1] [ 2  3 10 11 19 20 21 26 27 28 29 34 36 42 44] [15223  4181  7622  9595  5032 13215 11595 10559  9129 11663 11577 10526
 10992  8079  5996] [] 1716449885.5509030819
[-1  1  1  1 -1  1  1  1  1  1  1  1  1  1  1  1 -1] [ 2  3 10 11 18 19 20 21 26 27 28 29 34 36 42 44 50] [15251  3590  7208  9410 11497  4786 12776 11341 10516  8382 11530 11470
 10453  8933  7456  5544 10704] [] 1716449885.5937807560
[-1  1  1  1  1  1  1  1  1 -1 -1 -1  1  1  1  1  1] [ 2  3 10 11 18 19 20 21 26 27 28 29 34 36 42 44 50] [15270  3344  7177  9360 11238  4561 12613 11296 10436  8565 11580 11633
 10376  7477  6792  5140 10535] [] 1716449885.6368758678
[ 1  1  1  1  1  1  1  1  1  1 -1  1  1  1  1  1  1] [ 2  3 10 11 18 19 20 21 26 27 28 29 34 36 42 44 50] [15151  3139  6753  9259 10895  4391 10516 11216 10293  8045 11602 11562
 10291  6997  6567  4979  9223] [] 1716449885.6799697876
[ 1  1  1  1  1  1  1  1  1  1  1  1  1 -1  1 -1  1  1  1] [ 2  3 10 11 18 19 20 21 26 27 28 29 34 35 36 37 42 44 50] [14767  3035  6621  9112 10593  4211 10088 11036  9188  7673  9478 11543
 10133 13934  6577 13870  6143  4802  7554] [] 1716449885.7229175568
[ 1  1  1  1  1  1  1  1  1  1  1 -1  1  1  1  1  1  1  1] [ 2  3 10 11 18 19 20 21 26 27 28 29 34 35 36 37 42 44 50] [14701  2931  6419  8249 10441  4043  9960 11002  8365  7359  9405 11608
 10114 12826  6416 13332  5840  4456  6575] [] 1716449885.7658250332
[ 1  1  1  1  1  1  1  1  1  1  1  1  1  1  1 -1  1  1  1] [ 2  3 10 11 18 19 20 21 26 27 28 29 34 35 36 37 42 44 50] [14323  2785  6055  8024  8085  3899  9738 10884  8288  6546  8948 11428
  9588 11834  6263 13511  5430  4292  6207] [] 1716449885.8088839054
[1 1 1 1 1 1 1 1 1 1 1 1 1 1 1 1 1 1 1] [ 2  3 10 11 18 19 20 21 26 27 28 29 34 35 36 37 42 44 50] [14207  2643  5963  7934  7788  3757  9524 10836  7844  6470  7295 11379
  7896 11368  5725 13484  5165  4025  5649] [] 1716449885.8519487381
[ 1  1  1  1 -1  1  1  1  1  1 -1  1  1  1  1  1  1  1  1  1 -1] [ 2  3 10 11 12 18 19 20 21 26 27 28 29 34 35 36 37 42 44 50 51] [11748  2570  5513  7802 15207  6919  3640  9073 10759  6609  6566  6374
  9499  7379 10636  5635 13313  4381  3917  5444 11709] [] 1716449885.8948316574
[ 1  1  1  1  1  1  1  1  1  1  1  1  1  1 -1  1 -1  1 -1 -1  1  1] [ 2  3 10 11 12 18 19 20 21 26 27 28 29 34 35 36 37 42 44 45 50 51] [11677  2509  4823  7576 13306  6679  3492  8814 10682  5476  6416  5764
  8445  6914 10776  5263 13408  4111  4032  8935  5086 11401] [] 1716449885.9378719330
[1 1 1 1 1 1 1 1 1 1 1 1 1 1 1 1 1 1 1 1 1 1] [ 2  3 10 11 12 18 19 20 21 26 27 28 29 34 35 36 37 42 44 45 50 51] [11549  2430  4419  7515 11566  5966  3327  8763 10539  4620  6345  5457
  8268  6459 10217  5178 12993  3780  3908  7342  4660 11121] [] 1716449885.9808833599
[ 1  1  1  1  1  1  1  1 -1  1  1  1  1  1  1 -1  1 -1  1  1  1  1  1 -1] [ 2  3 10 11 12 18 19 20 21 26 27 28 29 34 35 36 37 41 42 44 45 50 51 53] [11460  2382  4247  7347 11509  5813  3157  7870 10632  4400  6083  5005
  8246  6160  9848  5238 12907 12316  3554  3797  7262  4466 11059 13120] [] 1716449886.0239160061
[1 1 1 1 1 1 1 1 1 1 1 1 1 1 1 1 1 1 1 1 1 1 1 1] [ 2  3 10 11 12 18 19 20 21 26 27 28 29 34 35 36 37 41 42 44 45 50 51 53] [11259  2333  3925  6375 10695  5229  2974  7039 10566  3941  5877  4525
  8230  5997  9469  4645 12634 11983  3332  3702  7173  4281 10953 11808] [] 1716449886.0666666031
[ 1  1  1  1  1  1  1  1 -1  1  1  1  1  1  1  1 -1 -1  1  1  1  1  1  1] [ 2  3 10 11 12 18 19 20 21 26 27 28 29 34 35 36 37 41 42 44 45 50 51 53] [11198  2314  3903  5251  9636  5054  2907  6829 10750  3807  5851  4360
  8141  5739  9067  4588 12800 12118  3072  3583  7067  3755 10716  8813] [] 1716449886.1096529961
[1 1 1 1 1 1 1 1 1 1 1 1 1 1 1 1 1 1 1 1 1 1 1 1] [ 2  3 10 11 12 18 19 20 21 26 27 28 29 34 35 36 37 41 42 44 45 50 51 53] [11189  2263  3647  4498  8498  4623  2665  5991 10491  3537  5850  3845
  6819  5713  8130  4307 12512  9440  2827  3388  6858  3536 10642  8214] [] 1716449886.1526093483
[ 1  1  1  1  1  1  1  1  1  1  1  1  1  1  1  1  1  1  1  1  1  1 -1  1] [ 2  3 10 11 12 18 19 20 21 26 27 28 29 34 35 36 37 41 42 44 45 50 51 53] [ 9791  2217  3637  4131  7571  4020  2459  5887 10374  3399  5733  3620
  6583  5593  7537  4118 12393  9002  2727  3360  6796  3348 10644  6525] [] 1716449886.1956806183
[ 1  1  1  1  1  1  1  1  1  1 -1  1  1  1  1  1 -1  1  1  1  1  1  1 -1
  1] [ 2  3 10 11 12 18 19 20 21 26 27 28 29 34 35 36 37 41 42 44 45 50 51 52
 53] [ 9183  2185  3381  3647  6990  3722  2391  5687  9991  3327  5784  3377
  6571  5539  6853  3934 12394  8211  2613  3328  6781  3252 10638 14832
  5820] [] 1716449886.2386527061
[ 1  1  1  1  1  1  1  1  1  1 -1  1  1 -1  1  1 -1  1  1 -1  1  1  1  1
  1  1] [ 2  3 10 11 12 18 19 20 21 26 27 28 29 34 35 36 37 41 42 43 44 45 50 51
 52 53] [ 8211  2140  3321  3466  6356  3321  2309  5144  9594  3279  5791  3168
  6502  5548  6797  3891 12472  8039  2504 16086  3194  6679  3208 10562
 14032  5463] [] 1716449886.2816741467
[ 1  1  1  1  1  1  1  1 -1  1  1  1  1  1  1  1  1  1  1  1  1 -1  1  1
  1  1] [ 2  3 10 11 12 18 19 20 21 26 27 28 29 34 35 36 37 41 42 43 44 45 50 51
 52 53] [ 8045  2111  3241  3347  5797  3147  2243  4858  9603  3195  5615  3037
  6365  5506  6578  3781 12320  7975  2492 15963  3150  6744  3192 10550
 13633  5371] [] 1716449886.3246624470
[-1  1  1  1  1  1  1  1 -1  1  1  1 -1  1  1 -1 -1  1 -1 -1  1  1 -1  1
  1  1] [ 2  3 10 11 12 18 19 20 21 26 27 28 29 34 35 36 37 41 42 43 44 45 50 51
 52 53] [ 8089  2095  3241  3295  5774  3059  2222  4745  9833  3167  5576  2975
  6415  5268  6265  3829 12420  7967  2505 16115  3148  6710  3258 10547
 13398  5304] [] 1716449886.3676507473
[ 1 -1  1  1  1  1 -1  1  1 -1 -1 -1  1  1  1 -1  1  1  1  1 -1  1  1 -1
 -1 -1 -1] [ 2  3 10 11 12 18 19 20 21 25 26 27 28 29 34 35 36 37 41 42 43 44 45 50
 51 52 53] [ 8053  2099  3220  3231  5712  2995  2231  4700  9763 15580  3171  5587
  2945  6335  5206  6272  3793 12388  7902  2482 16249  3102  6659  3328
 10574 13484  5878] [] 1716449886.4106750488
[ 1  1 -1 -1 -1 -1  1  1  1 -1  1  1  1 -1 -1 -1  1  1 -1 -1 -1 -1 -1 -1
  1 -1 -1] [ 2  3 10 11 12 18 19 20 21 25 26 27 28 29 34 35 36 37 41 42 43 44 45 50
 51 52 53] [ 7963  2091  3221  3273  5757  3071  2191  4668  9562 15744  3165  5554
  2924  6363  5229  6425  3793 12301  7950  2501 16255  3179  6702  3369
 10569 14004  5995] [] 1716449886.4536662102
[-1  1  1  1 -1 -1 -1 -1  1  1  1 -1 -1 -1  1 -1 -1 -1 -1  1 -1 -1 -1 -1
 -1] [ 2  3 10 11 12 18 19 20 21 26 27 28 29 34 35 36 37 41 42 43 44 45 50 51
 53] [ 7965  2086  3219  3251  6013  3079  2219  4856  9461  3141  5548  2987
  6379  5463  6334  3837 12416  8114  2592 16225  3200  6799  3385 10654
  6952] [] 1716449886.4966685772
[-1 -1 -1 -1 -1 -1 -1 -1 -1 -1 -1 -1 -1 -1 -1 -1 -1 -1 -1 -1 -1 -1 -1  1
 -1] [ 2  3 10 11 12 18 19 20 21 26 27 28 29 34 35 36 37 41 42 43 44 45 50 51
 53] [ 8009  2113  3291  3361  6422  3344  2241  5625  9545  3194  5577  3100
  6429  5479  6407  3908 12437  9161  2699 16290  3338  6833  3590 10653
 10033] [] 1716449886.5396838188
[-1 -1 -1 -1 -1 -1 -1  1  1 -1 -1 -1  1 -1 -1 -1  1 -1 -1  1 -1 -1 -1 -1
 -1] [ 2  3 10 11 12 18 19 20 21 26 27 28 29 34 35 36 37 41 42 43 44 45 50 51
 53] [ 8866  2139  3399  3957  7052  3567  2350  5462  9442  3243  5632  3437
  6405  5500  6547  4001 12317 10601  2876 16111  3431  6905  3756 10719
 12147] [] 1716449886.5826530457
[-1 -1 -1 -1 -1 -1 -1 -1 -1 -1 -1 -1 -1 -1 -1 -1 -1 -1 -1  1 -1  1 -1 -1] [ 2  3 10 11 12 18 19 20 21 26 27 28 29 34 35 36 37 41 42 43 44 45 50 51] [11058  2147  3413  4209  7947  3750  2428  5834  9537  3269  5634  3651
  6503  5560  6818  4107 12348 11965  3208 15947  3494  6891  4195 10857] [] 1716449886.6256606579
[ 1 -1 -1 -1 -1 -1 -1  1 -1 -1 -1 -1 -1 -1 -1 -1 -1 -1 -1  1 -1 -1 -1 -1] [ 2  3 10 11 12 18 19 20 21 26 27 28 29 34 35 36 37 41 42 43 44 45 50 51] [10908  2183  3575  4612  8790  4223  2671  5719  9885  3403  5658  3990
  7683  5692  7583  4348 12357 12251  3375 15743  3602  7365  4360 10917] [] 1716449886.6686224937
[-1 -1 -1 -1 -1 -1 -1 -1  1 -1 -1 -1  1 -1 -1 -1 -1 -1 -1  1 -1 -1] [ 2  3 10 11 12 18 19 20 21 26 27 28 29 34 35 36 37 42 43 44 50 51] [10978  2212  3703  5263 10828  4343  2922  6058  9840  3563  5698  4325
  7659  5787  7712  4541 12409  3701 16107  3508  4768 11219] [] 1716449886.7116518021
[-1 -1 -1 -1 -1 -1 -1 -1 -1 -1  1 -1 -1 -1 -1 -1  1 -1  1 -1 -1] [ 2  3 10 11 12 18 19 20 21 26 27 28 29 34 35 36 37 42 43 44 50] [11245  2257  3894  7114 11140  4460  3095  7167  9919  3821  5688  4820
  7743  5975  8330  4942 12322  3731 15855  3576  5150] [] 1716449886.7546529770
[-1 -1 -1 -1 -1 -1 -1 -1 -1 -1 -1 -1 -1 -1 -1 -1 -1 -1 -1 -1] [ 2  3 10 11 12 18 19 20 21 26 27 28 29 34 35 36 37 42 44 50] [11319  2311  4133  7127 11318  4574  3182  7168 10156  4219  5752  5193
  7830  6303  8368  5144 12476  4213  3904  7060] [] 1716449886.7976546288
[-1 -1 -1 -1 -1 -1 -1 -1 -1 -1 -1 -1 -1 -1 -1 -1 -1 -1 -1 -1] [ 2  3 10 11 12 18 19 20 21 26 27 28 29 34 35 36 37 42 44 50] [11343  2411  4799  7219 11516  5037  3343  8301 10287  4999  5790  5926
  7919  6795  9585  5149 13314  4999  4192  8044] [] 1716449886.8406815529
[-1 -1 -1 -1 -1 -1 -1 -1 -1 -1 -1 -1 -1 -1 -1 -1 -1 -1 -1 -1] [ 2  3 10 11 12 18 19 20 21 26 27 28 29 34 35 36 37 42 44 50] [13743  2423  5147  7543 14841  5750  3546  8455 10422  6553  5980  7039
  8185  7654 10654  5751 13631  5253  4224  9852] [] 1716449886.8836579323
[ 1 -1 -1 -1 -1 -1 -1  1 -1 -1 -1 -1  1 -1 -1 -1 -1 -1] [ 2  3 10 11 18 19 20 21 26 27 28 29 34 35 36 42 44 50] [13734  2642  5543  7607  7137  3566  8611 10410  7786  6170  8902  8371
  7611 10858  6301  5697  4576 10522] [] 1716449886.9266443253
[-1 -1 -1 -1 -1 -1 -1 -1 -1 -1 -1 -1 -1 -1 -1 -1 -1] [ 2  3 10 11 18 19 20 21 26 27 28 29 34 35 36 42 44] [13867  2726  5960  7657  8061  3751  8879 10551  7978  6242  8987 11250
  7952 11302  6700  5804  4897] [] 1716449886.9696676731
[-1 -1 -1 -1 -1 -1 -1 -1 -1 -1 -1  1 -1 -1 -1 -1 -1] [ 2  3 10 11 18 19 20 21 26 27 28 29 34 35 36 42 44] [14126  2871  6257  8235 10137  3864  9280 10733  8267  6279 10930 11192
 10220 13689  7161  6860  5966] [] 1716449887.0128159523
[-1 -1 -1 -1 -1 -1 -1 -1 -1 -1 -1 -1 -1 -1 -1 -1 -1] [ 2  3 10 11 18 19 20 21 26 27 28 29 34 35 36 42 44] [14489  3197  6382  8533 10373  4274 11813 11023 10199  7046 11113 11401
 10605 13921  9183  7429  7724] [] 1716449887.0558862686
[-1 -1 -1 -1 -1 -1 -1 -1  1 -1 -1  1 -1 -1 -1 -1 -1] [ 2  3 10 11 18 19 20 21 26 27 28 29 34 35 36 42 44] [14642  3327  6619  8599 10652  4349 12206 11048 10172  7262 11176 11322
 10711 14247  9858  8585 12269] [] 1716449887.0988497734
[-1 -1 -1 -1 -1 -1 -1 -1 -1 -1  1 -1 -1 -1 -1 -1] [ 2  3 10 11 18 19 20 21 26 27 28 29 34 36 42 44] [15159  3977  7251  9237 12928  4731 12505 11409 10416  7622 11154 12083
 11027 14519  9771 13833] [] 1716449887.1417212486
[-1 -1  1 -1 -1 -1 -1 -1  1 -1 -1 -1] [ 3 10 11 19 20 21 26 27 28 34 36 42] [ 4129  7891  9205  5004 12854 11452 10608  9277 11117 12369 16167 13039] [] 1716449887.1848626137
[-1 -1 -1 -1 -1 -1 -1 -1 -1 -1  1] [ 3 10 11 19 20 21 26 27 28 34 36] [ 4225  9570  9309  5409 13246 11888 10743  9463 11256 12447 15405] [] 1716449887.2279076576
[-1 -1 -1 -1 -1 -1  1 -1  1  1] [ 3 10 11 19 20 26 27 28 34 36] [ 4517 10555  9488  6011 14058 10923  9431 11478 12378 15092] [] 1716449887.2708041668
[-1 -1 -1 -1 -1 -1 -1 -1 -1 -1] [ 3 10 11 19 20 26 27 28 34 36] [ 5881 13546  9742  7466 15871 11178  9659 11903 12753 15231] [] 1716449887.3137850761
[-1 -1 -1 -1 -1 -1 -1 -1] [ 3 11 19 26 27 28 34 36] [ 6065  9831  8745 11306  9833 12054 13813 15544] [] 1716449887.3567991257
[-1 -1 -1 -1 -1 -1] [ 3 11 19 26 27 28] [ 7307 10187 10979 11616 10167 12566] [] 1716449887.4000191689
[ 1 -1 -1] [11 26 27] [10137 11656 12057] [] 1716449887.4427440166
[-1 -1] [11 27] [10231 12072] [] 1716449887.4855928421
[1] [11] [10215] [] 1716449887.5286552906
2 2 2 1716449887.7068459988
