FA TAX ADC PRES TS
[-1] [11] [10141] [] 1716449899.3218035698
[-1] [11] [10168] [] 1716449899.3646490574
[-1] [11] [10209] [] 1716449899.4077775478
[1] [11] [10118] [] 1716449899.4508020878
[-1 -1] [11 19] [10645 11548] [] 1716449899.4937865734
[-1 -1 -1] [11 19 26] [11010 11583 12881] [] 1716449899.5366714001
[1 1 1] [11 19 26] [10839 11330 12347] [] 1716449899.5797963142
[-1  1  1  1 -1] [ 2 11 19 26 27] [16142  9767 10729 12147 12447] [] 1716449899.6228528023
[1 1 1 1 1] [ 2 11 19 26 27] [14776  9485  8579 11546 12061] [] 1716449899.6658220291
[ 1  1  1  1  1 -1] [ 2 11 19 26 27 34] [14492  9160  7484 11405 12007 12877] [] 1716449899.7087893486
[-1  1  1  1  1  1] [ 2 11 19 26 27 34] [14685  9047  7111 11326 11903 12643] [] 1716449899.7518146038
[ 1 -1 -1 -1  1  1  1 -1  1] [ 2  3 10 11 19 26 27 28 34] [14625 15445 14243  9167  6844 11262 10338 12634 12587] [] 1716449899.7948060036
[ 1  1  1 -1  1  1  1  1 -1] [ 2  3 10 11 19 26 27 28 34] [14577  8925 13286  9261  6751 11254 10047 12205 12647] [] 1716449899.8378145695
[-1  1  1  1 -1  1  1  1  1 -1] [ 2  3 10 11 18 19 26 27 28 34] [14931  7408 12180  8273 13046  6268 11192  9659 11883 12719] [] 1716449899.8806324005
[1 1 1 1 1 1 1 1 1 1] [ 2  3 10 11 18 19 26 27 28 34] [14381  7007 11077  7857 11682  5789 10956  9510 11632 12261] [] 1716449899.9239070415
[ 1  1  1  1  1  1  1  1  1  1 -1 -1] [ 2  3 10 11 18 19 26 27 28 34 42 44] [14001  6669 10608  7029 11337  5330 10787  9424 11464 12147 13464 13683] [] 1716449899.9668719769
[-1  1  1  1  1  1 -1 -1 -1  1  1  1] [ 2  3 10 11 18 19 26 27 28 34 42 44] [14815  6427  9698  6610 11196  5096 10819  9433 11532  9457 10574 13593] [] 1716449900.0098226070
[-1  1  1  1  1  1  1  1  1  1  1  1] [ 2  3 10 11 18 19 26 27 28 34 42 44] [14968  5542  9327  6046 10870  4969 10700  9344 11381  7200  9891 13499] [] 1716449900.0527851582
[-1  1  1  1  1  1  1  1 -1 -1  1  1  1] [ 2  3 10 11 18 19 26 27 28 29 34 42 44] [15317  5178  9232  5743 10728  4794 10545  9091 11434 12244  6750  9264
 13435] [] 1716449900.0958719254
[-1  1  1  1  1  1  1  1 -1  1  1  1  1] [ 2  3 10 11 18 19 26 27 28 29 34 42 44] [15333  5034  8914  5615 10724  4609 10473  9047 11448 11772  6022  9168
 12755] [] 1716449900.1388416290
[ 1  1  1  1  1  1 -1  1  1  1  1  1  1  1] [ 2  3 10 11 18 19 21 26 27 28 29 34 42 44] [15098  4895  8398  5267 10540  4494 12933 10351  8902 11395 11630  5282
  8733 12579] [] 1716449900.1818373203
[1 1 1 1 1 1 1 1 1 1 1 1 1 1] [ 2  3 10 11 18 19 21 26 27 28 29 34 42 44] [15019  4761  6896  4672  8491  4243 12109 10344  8204 11057 11309  5006
  8274 11493] [] 1716449900.2248382568
[ 1  1  1  1  1  1  1  1  1 -1 -1  1 -1  1  1] [ 2  3 10 11 18 19 21 26 27 28 29 34 36 42 44] [14402  4697  6117  4469  8254  4152 11614 10320  8202 11079 11556  4178
 15463  7273 10984] [] 1716449900.2678771019
[-1  1  1  1  1  1 -1 -1  1  1  1  1  1  1  1  1] [ 2  3 10 11 18 19 20 21 26 27 28 29 34 36 42 44] [14472  4650  5904  4388  7737  4091 15983 11674  9753  8029 10997 11443
  4030 15343  5599  8285] [] 1716449900.3108592033
[ 1  1  1  1  1  1  1  1  1 -1  1 -1  1 -1  1  1 -1] [ 2  3 10 11 18 19 20 21 26 27 28 29 34 36 42 44 50] [14287  4591  5441  4271  7341  3938 15743 11405  8624  8221 10914 11504
  3576 15501  4999  6697  7599] [] 1716449900.3537943363
[1 1 1 1 1 1 1 1 1 1 1 1 1 1 1 1 1] [ 2  3 10 11 18 19 20 21 26 27 28 29 34 36 42 44 50] [ 9385  4549  5295  4187  6335  3855 13671 11285  8351  8062  8749 11436
  3382 14949  4643  6475  6993] [] 1716449900.3968248367
[ 1  1  1  1  1  1  1  1  1  1  1  1  1  1  1  1  1 -1] [ 2  3 10 11 18 19 20 21 26 27 28 29 34 36 42 44 50 51] [ 9238  4517  5107  4077  5885  3761 11266 10959  8217  8061  8299 11381
  3241 14619  4442  6116  6565 11761] [] 1716449900.4396677017
[ 1  1  1  1  1  1  1 -1  1 -1  1  1  1 -1  1 -1  1  1  1] [ 2  3 10 11 18 19 20 21 26 27 28 29 34 36 42 43 44 50 51] [ 9195  3947  4801  3835  5682  3659 10474 10985  7945  8090  7793  9141
  3068 14707  4086 15583  5570  6227 11002] [] 1716449900.4827578068
[ 1  1  1  1  1  1  1  1  1  1  1  1  1 -1  1  1  1  1  1  1] [ 2  3 10 11 18 19 20 21 26 27 28 29 34 35 36 42 43 44 50 51] [ 9027  3588  4485  3598  5544  3583 10302 10888  7460  7877  7123  7303
  2952 15584 14652  3959 15191  5095  6066 10903] [] 1716449900.5258228779
[ 1  1  1  1  1  1  1 -1  1 -1  1  1  1  1  1  1  1  1 -1  1  1] [ 2  3 10 11 18 19 20 21 26 27 28 29 34 35 36 42 43 44 45 50 51] [ 8855  3519  4299  3462  5144  3574 10070 10952  6936  8052  6463  7139
  2883 14235 14494  3875 15137  5046 14356  5779 10832] [] 1716449900.5686697960
[ 1  1  1  1  1  1  1 -1 -1  1  1  1  1  1  1  1  1  1  1  1 -1] [ 2  3 10 11 18 19 20 21 26 27 28 29 34 35 36 42 43 44 45 50 51] [ 8778  3439  4133  3291  4801  3436  9853 10981  7013  7912  5962  7119
  2804 13524 14327  3666 14829  4889 11736  4882 10853] [] 1716449900.6117050648
[1 1 1 1 1 1 1 1 1 1 1 1 1 1 1 1 1 1 1 1 1] [ 2  3 10 11 18 19 20 21 26 27 28 29 34 35 36 42 43 44 45 50 51] [ 8689  3297  4015  3211  4538  3264  9844 10820  6522  7753  5025  6601
  2678 10176 14293  3324 13787  4822  8937  4842 10833] [] 1716449900.6546788216
[ 1  1  1  1  1  1  1  1  1  1  1 -1  1  1 -1 -1  1  1 -1  1  1 -1] [ 2  3 10 11 18 19 20 21 26 27 28 29 34 35 36 37 42 43 44 45 50 51] [ 8684  3172  3916  2911  4412  3198  9618 10780  6425  7133  4587  6663
  2610  8673 14444 16382  3232 11738  4878  7900  4716 10902] [] 1716449900.6976563931
[-1  1  1  1  1  1  1  1  1 -1  1  1  1 -1 -1  1  1  1 -1 -1  1  1 -1] [ 2  3 10 11 18 19 20 21 26 27 28 29 34 35 36 37 42 43 44 45 50 51 53] [ 8686  3098  3831  2812  4204  3145  9516 10760  5686  7249  4165  6062
  2599  8837 14970 13815  3162 11552  4980  7953  4535 10548 12018] [] 1716449900.7407002449
[-1  1  1  1  1  1  1 -1  1  1  1  1  1  1  1  1 -1 -1  1  1  1 -1  1 -1
  1] [ 2  3 10 11 18 19 20 21 26 27 28 29 34 35 36 37 41 42 43 44 45 50 51 52
 53] [ 8725  2843  3787  2570  4089  3067  9342 10931  5197  6944  3713  5947
  2488  8004 14672 13528 14805  3200 11443  4846  7895  4547 10000  9145
 11341] [] 1716449900.7837088108
[-1 -1 -1  1  1  1  1  1 -1  1  1  1  1  1  1  1  1  1  1  1  1  1  1  1
  1  1] [ 2  3  4 10 11 18 19 20 21 26 27 28 29 34 35 36 37 41 42 43 44 45 50 51
 52 53] [ 8863  2853 11685  3701  2502  3988  2991  9317 10982  5041  6040  3501
  5729  2480  7890 13780 13460 12129  2880 11373  4462  7839  4110  8995
  8485  9359] [] 1716449900.8267896175
[-1  1  1  1  1  1  1  1 -1  1  1  1  1  1  1  1 -1  1  1 -1  1 -1  1  1
  1  1] [ 2  3  4 10 11 18 19 20 21 26 27 28 29 34 35 36 37 41 42 43 44 45 50 51
 52 53] [ 8899  2771 11518  3585  2341  3725  2891  8649 10996  4711  5901  3337
  5588  2393  7688 12047 13562 12071  2784 11429  4247  9006  4015  8155
  8049  7177] [] 1716449900.8696391582
[ 1  1  1  1  1  1  1  1 -1  1  1  1  1  1  1  1  1  1  1  1  1  1  1  1
  1  1] [ 2  3  4 10 11 18 19 20 21 26 27 28 29 34 35 36 37 41 42 43 44 45 50 51
 52 53] [ 7247  2676 10979  3269  2249  3695  2767  8388 11264  4198  5575  3091
  5459  2315  7409 11300 13400 12067  2572 11397  4114  8033  3646  7952
  7894  6959] [] 1716449900.9127376080
[ 1  1  1  1  1  1  1  1  1  1  1  1  1  1  1  1 -1  1  1  1  1  1  1  1
  1  1] [ 2  3  4 10 11 18 19 20 21 26 27 28 29 34 35 36 37 41 42 43 44 45 50 51
 52 53] [ 6972  2645 10906  3185  2146  3617  2726  8225 11208  4103  5538  2904
  5279  2307  7321 11012 13610 10356  2438 10436  3953  7557  3522  5834
  7025  6574] [] 1716449900.9556879997
[ 1  1 -1  1  1  1  1  1  1  1 -1  1  1  1  1  1  1  1  1 -1  1  1 -1  1
  1  1] [ 2  3  4 10 11 18 19 20 21 26 27 28 29 34 35 36 37 41 42 43 44 45 50 51
 52 53] [ 6510  2518 11069  3120  2005  3377  2660  7586  9936  3828  5902  2791
  5211  2248  6794 10034 13533  9833  2418 10651  3856  7439  3524  5724
  6928  6473] [] 1716449900.9987277985
[ 1  1  1  1  1  1  1  1  1  1  1  1  1 -1  1  1  1  1  1 -1 -1 -1  1  1
 -1  1] [ 2  3  4 10 11 18 19 20 21 26 27 28 29 34 35 36 37 41 42 43 44 45 50 51
 52 53] [ 6488  2504 10703  3025  1955  3325  2616  7494  9711  3719  5558  2756
  5147  2271  6744  8703 13138  9689  2384 10727  4000  8162  3441  5635
  6949  6414] [] 1716449901.0417790413
[-1  1  1  1 -1  1  1  1  1 -1  1  1  1 -1  1  1  1  1 -1  1  1  1  1  1
  1  1  1] [ 2  3  4 10 11 18 19 20 21 23 26 27 28 29 34 35 36 37 41 42 43 44 45 50
 51 52 53] [ 6497  2485 10631  2997  1983  3295  2594  7441  9680 15111  3631  5218
  2721  5173  2205  6721  8576 13098  9769  2372 10619  3882  7997  3414
  5560  6869  6362] [] 1716449901.0846683979
[ 1  1  1  1  1  1  1  1  1  1  1  1  1  1  1  1 -1  1  1  1  1  1 -1 -1
  1  1  1] [ 2  3  4 10 11 18 19 20 21 23 26 27 28 29 34 35 36 37 41 42 43 44 45 50
 51 52 53] [ 6342  2463 10595  2965  1927  3245  2567  7155  9559 14767  3559  5193
  2697  5095  2187  6623  8585 12878  9700  2364 10614  3862  8129  3415
  5521  6845  6329] [] 1716449901.1279208660
[ 1 -1  1  1  1 -1  1 -1  1  1 -1  1  1  1 -1 -1  1  1 -1 -1  1 -1  1 -1
 -1 -1 -1] [ 2  3  4 10 11 18 19 20 21 23 26 27 28 29 34 35 36 37 41 42 43 44 45 50
 51 52 53] [ 6329  2502 10525  2951  1921  3247  2565  7203  9559 14655  3599  5125
  2690  5084  2191  6644  8325 12867 10138  2418 10563  3988  8059  3499
  5689  7652  6552] [] 1716449901.1708736420
[-1  1 -1 -1 -1 -1 -1 -1  1  1 -1  1 -1 -1 -1  1 -1 -1 -1 -1 -1 -1 -1 -1
 -1 -1 -1] [ 2  3  4 10 11 18 19 20 21 23 26 27 28 29 34 35 36 37 41 42 43 44 45 50
 51 52 53] [ 6985  2477 10581  3002  1935  3271  2590  7802  9521 14559  3615  5110
  2715  5157  2212  6571  8344 12888 11821  2480 10699  4176  8500  3772
  7605  7994  9212] [] 1716449901.2139196396
[-1 -1  1 -1 -1 -1 -1 -1 -1 -1 -1 -1 -1 -1 -1 -1 -1 -1 -1  1 -1  1 -1 -1
 -1 -1] [ 2  3  4 10 11 18 19 20 21 26 27 28 29 34 35 36 37 41 42 43 44 45 50 51
 52 53] [ 8477  2603 10523  3084  2023  3307  2678  8037  9523  3751  5257  2932
  5397  2249  6833  8661 13130 11857  2516 10699  4226  8350  3928  7998
  8298  9637] [] 1716449901.2568461895
[ 1  1 -1 -1 -1 -1  1 -1 -1 -1 -1 -1 -1 -1 -1 -1 -1 -1 -1 -1  1  1 -1 -1
 -1 -1] [ 2  3  4 10 11 18 19 20 21 26 27 28 29 34 35 36 37 41 42 43 44 45 50 51
 52 53] [ 8434  2581 10714  3171  2067  3391  2662  8150  9634  3839  5328  2969
  5430  2269  7153  9299 13284 12122  2668 11199  4161  7816  4202  8397
 12416 10953] [] 1716449901.2998571396
[-1 -1  1 -1 -1 -1 -1 -1  1 -1 -1 -1 -1 -1 -1 -1 -1 -1  1 -1  1 -1 -1] [ 2  3  4 10 11 18 19 20 21 26 27 28 29 34 35 36 37 42 43 44 45 50 51] [ 8674  2675 10555  3523  2235  3746  2735  8603  9510  4042  5430  3153
  5538  2313  7302 10282 13467  2743 11175  4248  7771  4403 10721] [] 1716449901.3429081440
[ 1 -1 -1 -1 -1 -1 -1 -1 -1 -1 -1 -1 -1 -1 -1 -1 -1 -1 -1 -1 -1 -1 -1] [ 2  3  4 10 11 18 19 20 21 26 27 28 29 34 35 36 37 42 43 44 45 50 51] [ 8548  2678 10560  3557  2411  3783  2843  8701  9999  4319  5636  3294
  5545  2334  7323 11722 13491  2990 11355  4397  9097  4755 10878] [] 1716449901.3858053684
[-1 -1  1 -1 -1 -1 -1  1 -1 -1 -1 -1 -1 -1 -1 -1 -1 -1 -1 -1 -1 -1 -1] [ 2  3  4 10 11 18 19 20 21 26 27 28 29 34 35 36 37 42 43 44 45 50 51] [ 8687  2779 10483  3655  2516  3902  2910  8672 10808  4627  5904  3395
  5658  2419  8138 12035 13695  3322 13940  4578 12784  5246 11213] [] 1716449901.4288563728
[-1 -1 -1 -1 -1 -1 -1 -1  1 -1 -1 -1 -1 -1 -1 -1 -1 -1  1 -1  1] [ 2  3  4 10 11 18 19 20 21 26 27 28 29 34 35 36 42 43 44 50 51] [ 8762  2982 10683  3803  2733  4094  3027  8817 10641  5079  6057  4135
  6487  2541  8519 13974  3506 14629  4576  5433 11135] [] 1716449901.4717864990
[ 1 -1 -1 -1 -1 -1 -1 -1  1 -1 -1 -1 -1 -1 -1 -1 -1 -1 -1 -1 -1] [ 2  3  4 10 11 18 19 20 21 26 27 28 29 34 35 36 42 43 44 50 51] [ 8748  3092 10791  3903  2935  4307  3130  8880 10514  5154  6188  4816
  6568  2651  9836 14512  3878 14899  4826  5870 11262] [] 1716449901.5147294998
[-1 -1  1 -1 -1 -1 -1 -1  1 -1 -1 -1 -1 -1 -1  1 -1 -1 -1 -1] [ 2  3  4 10 11 18 19 20 21 26 27 28 29 34 35 36 42 43 44 50] [ 8783  3322 10759  4167  3082  4559  3187  9373 10463  5991  7228  5613
  6983  2740 11643 14221  4067 15371  4924  6039] [] 1716449901.5578784943
[-1 -1 -1 -1 -1 -1 -1 -1 -1 -1  1 -1 -1 -1 -1 -1 -1 -1 -1] [ 2  3  4 10 11 18 19 20 21 26 27 28 29 34 35 36 42 44 50] [ 8849  3467 11084  4375  3304  4706  3244  9397 10490  6387  6820  6508
  8125  2827 11916 14531  4443  5770 12821] [] 1716449901.6008629799
[ 1 -1 -1 -1 -1 -1 -1 -1 -1 -1 -1 -1 -1 -1 -1 -1 -1 -1] [ 2  3  4 10 11 18 19 20 21 26 27 28 29 34 35 36 42 44] [ 8805  3897 12414  4803  3535  5271  3417  9561 10870  7889  7637  8308
  8319  2957 14913 14797  4595  7388] [] 1716449901.6438941956
[-1 -1 -1 -1 -1 -1 -1 -1 -1 -1 -1 -1 -1 -1  1 -1 -1] [ 2  3 10 11 18 19 20 21 26 27 28 29 34 35 36 42 44] [ 9180  4385  5116  3582  5369  3481  9599 10961  8111  7694  9716  8534
  3207 15007 14459  5529 11961] [] 1716449901.6869182587
[-1  1 -1 -1 -1 -1 -1 -1 -1  1 -1 -1 -1 -1  1 -1 -1] [ 2  3 10 11 18 19 20 21 26 27 28 29 34 35 36 42 44] [14847  4301  5687  3738  5643  3584 12883 11264  8132  7367 10500 11353
  3598 15387 14291  5970 12115] [] 1716449901.7298769951
[ 1 -1 -1 -1 -1 -1 -1 -1 -1 -1 -1 -1 -1 -1 -1 -1 -1] [ 2  3 10 11 18 19 20 21 26 27 28 29 34 35 36 42 44] [14102  4397  6620  4162  6616  3845 13624 11984  8423  7564 10899 11642
  4453 16310 14847  8453 12369] [] 1716449901.7728331089
[-1 -1 -1 -1 -1 -1 -1 -1 -1  1  1 -1 -1 -1] [ 2  3 10 11 18 19 20 26 27 28 29 34 42 44] [14394  4452  7185  4247  8032  3931 15563  8560  7614 10728 11550  5493
  9080 13112] [] 1716449901.8158922195
[ 1 -1 -1 -1 -1 -1 -1 -1  1 -1 -1 -1  1] [ 2  3 10 11 18 19 26 27 28 29 34 42 44] [14393  4599  9060  4422 10362  4202 10293  7789 10688 11897  6588  9300
 13047] [] 1716449901.8587963581
[ 1 -1 -1 -1 -1 -1 -1 -1 -1 -1 -1 -1] [ 2  3 10 11 18 19 26 27 28 29 34 44] [13634  4749  9686  4823 10452  4347 10311  8273 10914 15272  7217 13516] [] 1716449901.9018805027
[ 1 -1 -1 -1 -1 -1 -1 -1  1 -1] [ 2  3 10 11 18 19 26 27 28 34] [13398  5327 10342  5425 10785  4690 10479  8467 10859  9095] [] 1716449901.9446699619
[ 1 -1 -1 -1 -1 -1 -1 -1 -1 -1] [ 2  3 10 11 18 19 26 27 28 34] [13079  6101 14144  6936 11121  4945 10581  8668 11129 12373] [] 1716449901.9878723621
[ 1 -1 -1 -1 -1 -1 -1 -1 -1] [ 2  3 11 18 19 26 27 28 34] [13050  6338  7149 11376  5226 10697  8818 11407 12496] [] 1716449902.0308616161
[-1 -1 -1 -1 -1 -1 -1] [ 2 11 18 19 26 27 34] [13330  7669 11821  6106 10915  8823 12999] [] 1716449902.0738599300
[ 1 -1 -1  1 -1] [ 2 11 19 26 27] [13267  8891  6979 10875 11436] [] 1716449902.1166698933
[-1 -1 -1] [11 19 26] [10235  7828 12852] [] 1716449902.1598210335
[-1 -1 -1] [11 19 26] [10387 10732 15606] [] 1716449902.2027959824
[-1 -1] [11 19] [10431 11218] [] 1716449902.2456462383
[-1 -1] [11 19] [11447 15051] [] 1716449902.2886512280
[-1  1] [11 19] [11818 12247] [] 1716449902.3317453861
[1] [11] [11410] [] 1716449902.3746438026
[1] [11] [11026] [] 1716449902.4177472591
2 2 2 1716449902.4180314541
