FA TAX ADC PRES TS
[-1 -1] [ 2 11] [16235 11694] [] 1716449875.1517565250
[1] [11] [11601] [] 1716449875.1947879791
[1] [11] [10955] [] 1716449875.2377448082
[1] [11] [10627] [] 1716449875.2806482315
[1] [11] [10186] [] 1716449875.3237261772
[1] [11] [9873] [] 1716449875.3667864799
[-1  1] [ 2 11] [15784  9746] [] 1716449875.4098510742
[ 1 -1 -1 -1] [ 2 11 19 27] [14271 10116 11175 12199] [] 1716449875.4526803493
[ 1 -1  1  1  1] [ 2  3 11 19 27] [14147 10546 10044 11086 10663] [] 1716449875.4957931042
[1 1 1 1 1] [ 2  3 11 19 27] [13743  9884  9813  9879 10079] [] 1716449875.5388677120
[ 1  1  1  1 -1  1] [ 2  3 11 19 20 27] [13705  9557  9713  9522 16132  9823] [] 1716449875.5818450451
[ 1  1 -1  1  1 -1 -1 -1] [ 2  3 11 19 20 26 27 28] [13468  8862  9879  9205 15418 13073  9918 13910] [] 1716449875.6246778965
[-1  1  1  1  1  1  1  1 -1] [ 2  3 11 19 20 26 27 28 34] [13624  6671  9745  7087 14519 12813  8882 12450 12877] [] 1716449875.6678547859
[1 1 1 1 1 1 1 1 1] [ 2  3 11 19 20 26 27 28 34] [13578  6437  9139  6965 14486 12648  8720 12428 12804] [] 1716449875.7108819485
[ 1  1  1  1  1 -1  1  1  1  1 -1 -1] [ 2  3 11 19 20 21 26 27 28 34 42 44] [13362  5729  8665  5957 14330 12253 12356  8514 12155 12463 10978 15219] [] 1716449875.7538726330
[-1  1  1 -1  1  1  1  1  1  1 -1  1  1] [ 2  3 11 18 19 20 21 26 27 28 34 42 44] [13427  5294  8576 13878  5678 14092 11662 12197  8379 11895 12533 10586
 13973] [] 1716449875.7967796326
[-1  1  1  1  1 -1  1  1  1  1  1  1  1] [ 2  3 11 18 19 20 21 26 27 28 34 42 44] [13602  5092  8562 13332  5460 14132 11368 12160  8254 11808 12389 10109
 13588] [] 1716449875.8398246765
[ 1  1  1  1  1  1 -1  1  1  1  1  1  1] [ 2  3 11 18 19 20 21 26 27 28 34 42 44] [13444  4636  8444  8763  5213 13907 11476 11915  8022 11646  9719  9731
 12933] [] 1716449875.8828225136
[-1  1 -1  1  1  1  1  1  1  1  1  1  1  1] [ 2  3 10 11 18 19 20 21 26 27 28 34 42 44] [13468  4530 16056  8328  7047  4872 12231 11285 11715  7829 11483  9190
  9657 12785] [] 1716449875.9257841110
[ 1  1  1 -1  1  1  1  1  1  1  1  1 -1  1  1] [ 2  3 10 11 18 19 20 21 26 27 28 34 36 42 44] [13418  4457 11770  8373  6564  4850  9804 11258 11530  7797 11398  9004
 15267  9446 12625] [] 1716449875.9688072205
[-1  1  1  1  1  1  1 -1  1  1  1  1  1  1  1] [ 2  3 10 11 18 19 20 21 26 27 28 34 36 42 44] [13503  4401 10317  8213  5753  4666  9358 11289 11377  7594 11288  8811
 14711  9104 11341] [] 1716449876.0119066238
[ 1  1  1  1  1  1  1  1  1  1  1 -1  1  1  1  1] [ 2  3 10 11 18 19 20 21 26 27 28 29 34 36 42 44] [13362  4383  9909  8051  5353  4445  9216 11112 11123  7378 11263 12024
  8659 13939  9072 10908] [] 1716449876.0548269749
[-1  1  1  1  1  1 -1 -1  1  1  1  1  1  1  1  1] [ 2  3 10 11 18 19 20 21 26 27 28 29 34 36 42 44] [13518  4294  8294  7948  5250  4260  9234 11252 10912  7247 11218 11532
  8544 13654  8869 10020] [] 1716449876.0977835655
[ 1  1  1  1  1  1  1  1  1  1 -1  1  1  1  1  1] [ 2  3 10 11 18 19 20 21 26 27 28 29 34 36 42 44] [13247  4246  7524  7911  4667  4147  8886 11135 10710  7159 11274 11481
  8459 12593  8781  8644] [] 1716449876.1407191753
[ 1  1  1  1  1  1  1  1  1  1  1  1  1 -1  1  1  1] [ 2  3 10 11 18 19 20 21 26 27 28 29 34 35 36 42 44] [13229  4030  6268  7806  4005  4011  7003 11041 10569  7082  8996 11294
  8351 14557  9201  8636  6625] [] 1716449876.1838603020
[-1  1  1  1  1  1  1 -1  1  1  1  1 -1  1  1 -1  1 -1] [ 2  3 10 11 18 19 20 21 26 27 28 29 34 35 36 42 44 50] [13814  3955  5958  7782  3919  3926  6658 11102  9367  7063  8996 11268
  8359 13556  8102  8658  5717 10360] [] 1716449876.2268078327
[-1  1  1  1  1  1  1  1  1  1  1  1  1  1  1  1  1  1] [ 2  3 10 11 18 19 20 21 26 27 28 29 34 35 36 42 44 50] [14063  3749  5575  6054  3726  3839  5505 10922  9364  6407  8815 11017
  8331 13362  7302  8354  4930 10131] [] 1716449876.2698011398
[-1  1  1  1 -1  1  1  1 -1  1  1  1 -1  1  1  1  1  1  1] [ 2  3 10 11 12 18 19 20 21 26 27 28 29 34 35 36 42 44 50] [14091  3534  5127  5451 15739  3525  3726  5261 11151  8427  6335  8250
 11023  7775 12662  6895  7838  4684  9930] [] 1716449876.3127479553
[ 1  1  1  1  1  1  1  1  1 -1  1  1  1 -1  1  1  1  1 -1 -1  1] [ 2  3 10 11 12 18 19 20 21 26 27 28 29 33 34 35 36 42 44 45 50] [13896  3422  4981  5114 15139  3457  3717  5236 11067  8441  6277  7303
 10833 16195  7644 12471  6499  7684  4719  9418  9840] [] 1716449876.3558199406
[-1 -1  1 -1  1  1  1  1  1 -1  1  1  1 -1  1 -1  1 -1  1  1  1 -1] [ 1  2  3 10 11 12 18 19 20 21 26 27 28 29 34 35 36 42 44 45 50 51] [12727 14399  3176  5063  4851 13214  3351  3536  4955 11156  8221  6195
  6947 11110  7361 12689  6154  7718  4604  9248  9318 12960] [] 1716449876.3988034725
[ 1  1  1  1  1  1  1  1  1  1  1  1  1  1 -1  1  1  1  1  1  1 -1  1] [ 1  2  3 10 11 12 18 19 20 21 26 27 28 29 33 34 35 36 42 44 45 50 51] [12088 14251  2942  4717  4224 12516  3135  3461  4744 10880  8147  6136
  6358 10878 14641  7260 12315  5982  6452  4342  9136  9759 12017] [] 1716449876.4418869019
[-1  1  1  1  1  1  1  1  1 -1 -1  1  1 -1  1  1  1  1 -1  1  1 -1  1  1
 -1] [ 1  2  3 10 11 12 18 19 20 21 26 27 28 29 33 34 35 36 37 42 44 45 50 51
 53] [12249 11991  2822  4621  4061  9908  2925  3352  4539 10992  8155  6136
  6097 11188 10732  6439 12037  5601 16353  5749  4251  9270  9741 11315
 11571] [] 1716449876.4849061966
[ 1  1  1  1  1  1  1  1  1  1  1  1  1  1  1  1  1  1  1 -1  1  1  1  1
  1  1] [ 1  2  3 10 11 12 18 19 20 21 26 27 28 29 33 34 35 36 37 41 42 44 45 50
 51 53] [11832 11951  2743  4251  3474  8598  2814  3269  4113 10924  7966  5450
  6073 11089  6897  5416 10388  5510 14362 13307  5584  4078  9128  9243
 11229 11207] [] 1716449876.5279343128
[ 1  1  1  1  1  1  1  1  1 -1  1 -1  1 -1  1  1  1  1  1  1  1  1  1  1
  1  1] [ 1  2  3 10 11 12 18 19 20 21 26 27 28 29 33 34 35 36 37 41 42 44 45 50
 51 53] [ 9329 11651  2671  4150  3339  8338  2758  3215  3893 11036  7930  5453
  5815 11176  6651  4943 10163  5403 13586 11609  5208  3866  9056  8856
 10876  7448] [] 1716449876.5709130764
[ 1  1  1  1  1  1  1  1  1  1  1 -1  1 -1  1  1  1  1  1  1  1  1  1  1
  1  1] [ 1  2  3 10 11 12 18 19 20 21 26 27 28 29 33 34 35 36 37 41 42 44 45 50
 51 53] [ 8451  8568  2584  3986  3239  7621  2700  3126  3756 10985  7543  5482
  5411 11231  5974  4594  9633  5148 12806 11157  4584  3662  8896  7614
 10777  6853] [] 1716449876.6139059067
[ 1  1  1  1  1  1  1  1  1  1  1  1  1 -1  1  1  1  1  1 -1  1 -1  1  1
  1  1  1] [ 1  2  3 10 11 12 18 19 20 21 26 27 28 29 33 34 35 36 37 41 42 43 44 45
 50 51 53] [ 8311  8441  2518  3887  3071  7383  2675  3050  3559  9625  5369  5438
  5009 11568  5930  4509  9449  5018 12806 11383  4500 13848  3572  8828
  7519 10770  6522] [] 1716449876.6567478180
[ 1  1  1  1  1  1  1  1  1  1  1 -1  1  1  1  1  1  1 -1  1  1  1  1  1
  1  1  1] [ 1  2  3 10 11 12 18 19 20 21 26 27 28 29 33 34 35 36 37 41 42 43 44 45
 50 51 53] [ 8246  8058  2509  3797  2844  7081  2575  2985  3438  9398  5086  5499
  4709 11504  5745  4331  8273  4809 13114 11191  4065 13286  3407  8792
  7078 10654  5357] [] 1716449876.6999266148
[ 1  1  1  1  1  1  1  1  1  1  1  1  1  1  1  1  1  1  1 -1  1  1  1  1
  1  1  1] [ 1  2  3 10 11 12 18 19 20 21 26 27 28 29 33 34 35 36 37 41 42 43 44 45
 50 51 53] [ 6148  6847  2431  3751  2719  6759  2535  2936  3231  8576  4526  5457
  4463 11474  4923  3934  7997  4257 13054 11225  3700 12984  3262  8682
  6941 10615  4976] [] 1716449876.7429232597
[ 1  1  1  1  1  1  1  1  1  1  1  1  1  1  1  1  1  1  1  1  1 -1  1  1
  1  1  1] [ 1  2  3 10 11 12 18 19 20 21 26 27 28 29 33 34 35 36 37 41 42 43 44 45
 50 51 53] [ 5963  6634  2401  3635  2602  6535  2411  2895  3120  8343  4287  5283
  4247 11181  4671  3802  7575  4090 12901  9764  3622 13026  3218  8563
  6295 10554  4890] [] 1716449876.7858726978
[ 1  1  1  1 -1 -1  1  1  1  1  1  1  1  1  1  1 -1  1  1 -1  1  1  1 -1
  1  1  1] [ 1  2  3 10 11 12 18 19 20 21 26 27 28 29 33 34 35 36 37 41 42 43 44 45
 50 51 53] [ 5900  6568  2387  3609  2607  6597  2397  2837  3079  7872  4165  5195
  4180 11056  4618  3588  7636  4051 12825 10273  3552 12950  3200  8608
  6257 10547  4857] [] 1716449876.8288083076
[ 1  1  1  1  1  1  1  1  1  1  1 -1  1  1  1  1  1  1 -1  1 -1  1  1  1
  1  1 -1] [ 1  2  3 10 11 12 18 19 20 21 26 27 28 29 33 34 35 36 37 41 42 43 44 45
 50 51 53] [ 5872  6369  2375  3567  2535  6448  2368  2815  3046  7790  4159  5210
  4105 10928  4575  3555  7587  4011 12912 10153  3554 12851  3180  8552
  6231 10510  4862] [] 1716449876.8718624115
[ 1  1  1 -1  1  1  1  1  1 -1  1  1  1 -1 -1  1  1 -1  1  1  1 -1 -1  1
  1 -1 -1] [ 1  2  3 10 11 12 18 19 20 21 26 27 28 29 33 34 35 36 37 41 42 43 44 45
 50 51 53] [ 5764  6328  2343  3599  2525  6411  2357  2798  3014  7899  4121  5020
  4061 10953  4595  3483  7571  4018 12876 10063  3551 12939  3186  8550
  6219 10542  4995] [] 1716449876.9147808552
[-1  1 -1  1 -1 -1  1 -1 -1  1 -1 -1  1  1  1 -1  1  1  1 -1 -1 -1 -1  1
 -1 -1 -1] [ 1  2  3 10 11 12 18 19 20 21 26 27 28 29 33 34 35 36 37 41 42 43 44 45
 50 51 53] [ 5821  6328  2363  3551  2530  6423  2348  2826  3024  7807  4127  5083
  4028 10903  4554  3574  7467  3959 12864 10199  3658 12942  3212  8549
  6858 10597  5171] [] 1716449876.9578154087
[-1 -1 -1 -1 -1 -1 -1 -1 -1 -1 -1 -1 -1 -1 -1 -1  1 -1  1 -1 -1 -1 -1 -1
 -1  1 -1] [ 1  2  3 10 11 12 18 19 20 21 26 27 28 29 33 34 35 36 37 41 42 43 44 45
 50 51 53] [ 5955  6564  2375  3591  2617  6536  2351  2871  3067  8320  4173  5118
  4109 10925  4732  3786  7393  4039 12855 11650  3875 16143  3288  8570
  8532 10593  6428] [] 1716449877.0007293224
[-1 -1 -1 -1 -1 -1 -1  1 -1 -1 -1  1 -1  1 -1 -1 -1 -1  1  1 -1 -1 -1 -1
 -1 -1] [ 1  2  3 10 11 12 18 19 20 21 26 27 28 29 33 34 35 36 37 41 42 44 45 50
 51 53] [ 7615  6627  2380  3623  2687  6827  2441  2870  3193  8503  4341  5035
  4316 10914  5162  4170  7533  4405 12649 11296  4124  3402  8611  8674
 10638  7910] [] 1716449877.0437788963
[-1 -1 -1 -1 -1 -1 -1 -1 -1 -1 -1 -1 -1 -1 -1 -1 -1 -1 -1  1 -1 -1 -1 -1
 -1 -1] [ 1  2  3 10 11 12 18 19 20 21 26 27 28 29 33 34 35 36 37 41 42 44 45 50
 51 53] [ 8015  7370  2479  3699  2751  6970  2469  2934  3259  9295  5655  5160
  4391 11000  5295  4308  8372  4716 12801 11251  4609  3564  8830  8738
 10655 13400] [] 1716449877.0869231224
[-1 -1 -1 -1 -1 -1 -1 -1 -1 -1 -1 -1 -1 -1 -1 -1 -1 -1  1 -1 -1 -1  1 -1
 -1] [ 1  2  3 10 11 12 18 19 20 21 26 27 28 29 33 34 35 36 37 41 42 44 45 50
 51] [ 8118  7604  2481  3775  2927  7357  2509  2970  3371  9351  6869  5186
  4481 11106  5786  4639  8582  4851 12789 12475  4814  3607  8689  9344
 10813] [] 1716449877.1298630238
[-1 -1 -1 -1 -1 -1 -1 -1 -1 -1 -1 -1 -1  1 -1 -1  1 -1 -1 -1 -1 -1 -1 -1] [ 1  2  3 10 11 12 18 19 20 21 26 27 28 29 33 34 35 36 37 42 44 45 50 51] [10969  8511  2566  3811  3135  8002  2605  3039  3597 10760  7664  5225
  4803 11083  6499  4702  8564  5127 13503  5459  3848  8878  9566 11209] [] 1716449877.1727652550
[-1 -1 -1 -1 -1 -1 -1 -1 -1  1 -1 -1 -1 -1 -1 -1 -1 -1 -1 -1 -1 -1] [ 1  2  3 10 11 12 18 19 20 21 26 27 28 29 33 34 35 36 42 44 45 50] [11268 11606  2643  3995  3364  8350  2689  3159  3788 10541  7741  5314
  5367 11140 10030  5743  8582  5318  6281  3939 12787  9667] [] 1716449877.2159261703
[-1  1 -1 -1 -1 -1 -1 -1 -1  1 -1 -1 -1  1 -1 -1  1 -1 -1 -1 -1] [ 1  2  3 10 11 12 18 19 20 21 26 27 28 29 33 34 35 36 42 44 50] [11844 11565  2726  4095  3790  8924  2813  3232  4045 10488  7778  5774
  5663 11133 11761  5755  8463  5524  7560  4024  9748] [] 1716449877.2588129044
[-1 -1 -1 -1 -1 -1 -1 -1 -1 -1 -1 -1 -1  1 -1 -1 -1 -1 -1] [ 1  2  3 10 11 12 18 19 20 21 26 27 28 29 34 35 36 42 44] [12220 13542  2862  4127  4057 10338  2893  3355  4247 10510  7837  6068
  5845 11029  6663  8541  5724  7658  4353] [] 1716449877.3018264771
[ 1 -1 -1 -1 -1 -1 -1 -1 -1 -1  1 -1  1 -1 -1 -1 -1 -1] [ 2  3 10 11 12 18 19 20 21 26 27 28 29 34 35 36 42 44] [13304  3214  4324  4907 13051  3205  3455  4725 10594  8179  6019  6105
 10997  7147  8999  6518  7749  4798] [] 1716449877.3448166847
[ 1 -1 -1 -1 -1 -1 -1 -1  1 -1 -1 -1  1 -1 -1 -1 -1 -1] [ 2  3 10 11 12 18 19 20 21 26 27 28 29 34 35 36 42 44] [13263  3511  4405  5064 14038  3240  3466  4973 10571  8211  6034  7306
 10920  7548  9608  6769  7811  6279] [] 1716449877.3878450394
[-1 -1 -1 -1 -1 -1 -1 -1 -1 -1 -1 -1 -1 -1 -1 -1 -1] [ 2  3 10 11 18 19 20 21 26 27 28 29 34 35 36 42 44] [13357  3736  4701  6333  3529  3559  5081 10811  8508  6142  8568 11177
  8203  9853  7890  7877  9075] [] 1716449877.4308617115
[ 1 -1 -1 -1 -1 -1 -1 -1 -1 -1 -1 -1 -1 -1 -1 -1 -1] [ 2  3 10 11 18 19 20 21 26 27 28 29 34 35 36 42 44] [13315  3864  5121  7231  3782  3720  6371 10983  8717  6175 10872 11762
  8225 10152 10674  8566 10716] [] 1716449877.4737992287
[ 1 -1 -1 -1 -1 -1 -1  1 -1 -1 -1 -1 -1 -1 -1 -1 -1] [ 2  3 10 11 18 19 20 21 26 27 28 29 34 35 36 42 44] [13222  3950  6285  7712  4461  3844  6757 10946 10445  6235 11026 12139
  8381 10623 13757  8911 12369] [] 1716449877.5168449879
[-1 -1 -1  1 -1 -1 -1 -1 -1 -1  1 -1 -1 -1 -1 -1] [ 2  3 10 11 18 19 20 21 26 27 28 34 35 36 42 44] [13345  4126  7779  7705  5173  3988  7853 10978 10751  7204 10786  8434
 14797 15421  8985 12810] [] 1716449877.5598232746
[-1 -1 -1 -1 -1 -1 -1 -1 -1 -1 -1 -1 -1  1 -1 -1] [ 2  3 10 11 18 19 20 21 26 27 28 34 35 36 42 44] [13394  4282  8896  7804  6457  4200  9872 11252 11086  7506 10913  8646
 15915 15341 10122 13350] [] 1716449877.6028344631
[-1 -1 -1 -1 -1 -1 -1 -1 -1 -1 -1 -1 -1 -1] [ 2  3 10 11 18 19 20 21 26 27 28 34 35 44] [13558  4310 10412  7894  6659  4426 11921 11350 11127  7668 11189  8905
 15976 14487] [] 1716449877.6457862854
[-1 -1 -1 -1 -1 -1 -1 -1 -1 -1 -1 -1] [ 2  3 10 11 18 19 20 21 26 27 28 34] [13765  4721 10965  8014  9169  4816 12481 11850 11390  8003 11275  9051] [] 1716449877.6888151169
[ 1 -1  1 -1 -1 -1 -1  1 -1 -1] [ 2  3 11 18 19 20 26 27 28 34] [13732  4738  7991 13277  4872 12795 11528  7779 11446  9166] [] 1716449877.7316884995
[-1 -1 -1 -1 -1 -1 -1 -1 -1] [ 2  3 11 19 20 26 27 28 34] [13840  5821  9298  5747 13187 12122  9547 12058  9602] [] 1716449877.7747628689
[-1 -1  1 -1 -1 -1 -1 -1 -1] [ 2  3 11 19 20 26 27 28 34] [14189  8144  8441  6599 14158 12326  9700 12311 12464] [] 1716449877.8177773952
[-1 -1 -1 -1  1] [ 2  3 11 19 27] [14335  9289  9484  8527  9238] [] 1716449877.8607149124
[ 1 -1 -1 -1 -1] [ 2  3 11 19 27] [14319  9623  9571  9589  9327] [] 1716449877.9037945271
[1 1 1] [ 2 11 27] [13051  9357  9175] [] 1716449877.9467508793
[-1 -1] [11 27] [9447 9298] [] 1716449877.9897699356
[-1] [11] [9583] [] 1716449878.0327346325
[-1] [11] [10060] [] 1716449878.0757408142
[1] [11] [10041] [] 1716449878.1187334061
[-1] [11] [10191] [] 1716449878.1617150307
[-1] [11] [10957] [] 1716449878.2048225403
2 2 2 1716449878.2050540447
