FA TAX ADC PRES TS
[-1  1] [28 36] [11580 15509] [] 1716450629.3414092064
[1 1] [28 36] [11486 15474] [] 1716450629.3845772743
[-1 -1] [28 36] [11561 15549] [] 1716450629.4274208546
[1 1] [28 36] [11267 15349] [] 1716450629.4704465866
[ 1 -1] [28 36] [11082 15474] [] 1716450629.5134251118
[-1 -1 -1] [11 28 36] [13274 11196 15540] [] 1716450629.5563962460
[ 1 -1 -1 -1] [11 28 36 44] [10187 11237 15553 14419] [] 1716450629.5993828773
[ 1 -1 -1  1] [11 28 36 44] [10090 11424 15583 13509] [] 1716450629.6423888206
[-1 -1 -1 -1  1] [11 19 28 36 44] [10196 11143 11549 15728 13378] [] 1716450629.6854104996
[ 1  1 -1  1  1] [11 19 28 36 44] [10076 10969 11692 15719 13341] [] 1716450629.7283570766
[ 1  1  1 -1  1] [11 19 28 36 44] [ 9951 10628 11548 15783 13299] [] 1716450629.7714602947
[ 1  1 -1 -1 -1 -1  1] [11 19 20 28 36 42 44] [ 9874 10467 16230 11578 15875 11601 13227] [] 1716450629.8144457340
[-1 -1  1  1 -1  1  1  1] [ 3 11 19 20 28 36 42 44] [10167 10127 10296 15643 11671 15834 10567 13119] [] 1716450629.8574175835
[1 1 1 1 1 1 1 1] [ 3 11 19 20 28 36 42 44] [ 9188  9993 10147 15024 11550 15660 10258 13021] [] 1716450629.9003314972
[ 1  1  1  1  1  1 -1 -1] [ 3 11 19 20 28 36 42 44] [ 8719  9867 10106 14680 11361 15379 10353 13124] [] 1716450629.9433372021
[ 1 -1  1  1 -1 -1 -1  1  1  1] [ 3 11 19 20 26 28 29 36 42 44] [ 8514 10096  8909 14206 12095 11541 13556 14813  9906 13073] [] 1716450629.9864318371
[1 1 1 1 1 1 1 1 1 1] [ 3 11 19 20 26 28 29 36 42 44] [ 8166  9967  8315 13827 11715 11355 12249 14593  9863 12895] [] 1716450630.0293929577
[ 1  1  1  1  1  1  1 -1  1  1] [ 3 11 19 20 26 28 29 36 42 44] [ 8102  9784  8162 13692 11659 11305 12118 14597  9618 12830] [] 1716450630.0722255707
[ 1  1  1 -1  1  1  1 -1  1  1] [ 3 11 19 20 26 28 29 36 42 44] [ 7748  9631  7609 13785 11398 11287 11707 14690  9000 12617] [] 1716450630.1154673100
[1 1 1 1 1 1 1 1 1 1] [ 3 11 19 20 26 28 29 36 42 44] [ 7640  9604  6956 13370 11268 11245 11668 14412  8302 12561] [] 1716450630.1584520340
[ 1  1  1 -1 -1  1  1 -1  1  1] [ 3 11 19 20 26 28 29 36 42 44] [ 7629  9475  6544 13477 11274 11241 11406 14436  8241 12445] [] 1716450630.2014553547
[ 1  1  1  1  1  1 -1 -1  1 -1] [ 3 11 19 20 26 28 29 36 42 44] [ 5582  9445  5993 13426 11176 11219 11533 14497  8204 12522] [] 1716450630.2444820404
[ 1 -1  1  1 -1 -1 -1  1  1  1  1] [ 3 11 19 20 26 27 28 29 36 42 44] [ 5338  9459  5846 13007 11198 13383 11328 11467 13103  8083 11462] [] 1716450630.2874259949
[ 1  1  1  1  1  1  1  1 -1 -1 -1] [ 3 11 19 20 26 27 28 29 36 42 44] [ 5233  9381  5357 12812 11139 12961 11165 11314 13111  8638 11734] [] 1716450630.3304002285
[ 1  1  1 -1  1  1  1  1 -1  1 -1] [ 3 11 19 20 26 27 28 29 36 42 44] [ 5121  9375  5115 13107 11034 12705 11151 10995 13355  7895 11980] [] 1716450630.3733665943
[ 1  1  1  1 -1  1  1  1 -1 -1  1 -1  1 -1] [ 3 11 19 20 26 27 28 29 34 35 36 42 44 45] [ 5074  9292  5041 12386 11122 12598 11119  8844 13177 14015 12817  7985
 10623 11926] [] 1716450630.4164364338
[ 1  1  1 -1  1 -1 -1  1  1  1 -1  1  1 -1 -1] [ 3 11 19 20 26 27 28 29 34 35 36 42 44 45 52] [ 5013  9272  4850 12994 11114 12688 11272  8568 11251 13989 12885  7489
  8987 11977 10644] [] 1716450630.4594495296
[ 1  1  1  1 -1 -1 -1 -1  1 -1  1  1  1  1 -1  1 -1] [ 3 11 19 20 26 27 28 29 34 35 36 42 44 45 50 52 53] [ 4958  9216  4685 12591 11127 12768 11361  8705 11053 14138 11297  7366
  8012  9829 10873 10610 13353] [] 1716450630.5023789406
[ 1 -1  1  1 -1  1  1 -1 -1  1 -1  1  1  1 -1  1  1  1] [ 3 11 19 20 21 26 27 28 29 34 35 36 42 44 45 50 52 53] [ 4937  9218  4536 12132 11787 11047 12613 11509  8941 10973 14389  9949
  7192  7171 10375 10687 10493 12663] [] 1716450630.5453848839
[ 1  1  1 -1  1  1  1  1  1  1  1  1  1  1 -1  1 -1  1] [ 3 11 19 20 21 26 27 28 29 34 35 36 42 44 45 50 52 53] [ 4677  9111  4468 12372 11673 10954 12552  9337  8871 10749 14336  8974
  7048  6663 12028  8580 10518 10631] [] 1716450630.5883107185
[ 1  1  1  1  1  1  1 -1  1  1  1  1  1  1  1  1  1  1] [ 3 11 19 20 21 26 27 28 29 34 35 36 42 44 45 50 52 53] [ 4559  9053  4342 12064 11652 10838 12536  9363  8765 10493 14304  8477
  6371  5999 11927  8352 10375 10495] [] 1716450630.6313357353
[ 1  1  1  1  1  1 -1  1  1  1  1  1  1  1  1  1  1  1] [ 3 11 19 20 21 26 27 28 29 34 35 36 42 44 45 50 52 53] [ 4051  8929  4249 11732 11568 10654 12634  9243  8632 10311 14129  8197
  6276  5474 11702  8095 10148  9977] [] 1716450630.6743083000
[ 1  1  1  1  1  1  1  1  1  1 -1  1 -1  1  1 -1  1 -1  1] [ 3 11 19 20 21 26 27 28 29 34 35 36 37 42 44 45 50 52 53] [ 3751  8879  4037 11694 11490 10582 12501  8982  8376 10097 14137  7733
 16336  5920  5224 11723  7979 10161  9758] [] 1716450630.7173206806
[ 1 -1  1  1 -1  1  1  1 -1  1  1  1  1  1  1  1  1 -1 -1  1] [ 3 11 19 20 21 26 27 28 29 34 35 36 37 42 44 45 50 51 52 53] [ 3686  8927  4021 11604 11557 10486 10833  8971  8454 10054 10977  7595
 14327  5224  4888 11458  7840 10676 10242  9361] [] 1716450630.7602031231
[ 1  1 -1 -1 -1  1  1 -1  1  1 -1  1  1  1  1  1  1 -1  1  1 -1  1] [ 3 11 18 19 20 21 26 27 28 29 34 35 36 37 42 44 45 46 50 51 52 53] [ 3585  8891 11069  4063 11754 11301  8737 10834  8877  8342 10181  9414
  7436 13880  5223  4844  9422 12170  7812  9237 10256  9320] [] 1716450630.8033239841
[ 1 -1 -1  1  1  1  1  1  1  1  1  1  1  1  1  1  1  1  1  1  1  1 -1 -1] [ 3 10 11 18 19 20 21 26 27 28 29 34 35 36 37 42 44 45 46 50 51 52 53 61] [ 3539 15507  8911 11020  4010 11597 11252  8669  8751  8857  8293  8299
  9295  7027 13638  5196  4726  8675 12044  7681  9097 10217  9332  9619] [] 1716450630.8463873863
[ 1  1  1  1  1  1  1  1  1  1  1  1  1  1 -1  1  1  1  1  1  1  1  1  1] [ 3 10 11 18 19 20 21 26 27 28 29 34 35 36 37 42 44 45 46 50 51 52 53 61] [ 3463 14296  8159 10598  3958 11534 11076  8535  7409  8804  8099  7858
  9159  6697 13976  5052  4548  8507 11791  7281  8942 10156  9244  7851] [] 1716450630.8893249035
[ 1  1  1  1  1  1  1  1  1 -1  1 -1 -1  1 -1  1  1  1  1 -1  1  1  1  1] [ 3 10 11 18 19 20 21 26 27 28 29 34 35 36 37 42 44 45 46 50 51 52 53 61] [ 3389 11635  8030 10538  3927 11534 10925  8402  7333  8812  7976  7941
  9198  6502 14061  4873  4458  8291 11685  7330  8724 10133  9080  7734] [] 1716450630.9323182106
[ 1  1  1  1  1  1  1  1  1  1  1  1 -1  1  1  1  1  1  1  1  1  1  1  1] [ 3 10 11 18 19 20 21 26 27 28 29 34 35 36 37 42 44 45 46 50 51 52 53 61] [ 3298 11309  7084 10470  3823  9579 10896  6861  7206  8524  7725  7831
  9987  6211 13632  4559  4271  8095 11546  7214  8594  9766  7617  7621] [] 1716450630.9754493237
[ 1  1  1  1  1 -1  1  1  1  1  1  1  1  1 -1  1  1  1 -1  1  1  1  1  1] [ 3 10 11 18 19 20 21 26 27 28 29 34 35 36 37 42 44 45 46 50 51 52 53 61] [ 3245 11174  7021 10380  3762  9590 10832  6517  7143  7811  7635  7702
  9217  5936 13674  4256  3985  8006 11589  7127  8558  9727  7555  7546] [] 1716450631.0184388161
[ 1  1  1  1  1  1  1  1  1  1  1  1 -1  1  1  1  1  1 -1  1  1  1  1 -1
 -1] [ 3 10 11 18 19 20 21 26 27 28 29 34 35 36 37 42 44 45 46 50 51 52 53 54
 61] [ 3153 10516  6840 10190  3691  8410 10692  5829  7138  7501  7574  7611
 10094  5671 13394  4037  3896  7952 11602  7115  8542  9715  7490 13833
  7581] [] 1716450631.0613882542
[ 1  1  1  1  1  1  1  1  1  1 -1 -1  1  1  1  1  1 -1 -1  1  1  1  1  1
  1] [ 3 10 11 18 19 20 21 26 27 28 29 34 35 36 37 42 44 45 46 50 51 52 53 54
 61] [ 3064 10137  5867 10076  3679  7462 10618  4987  7046  6899  7584  7631
  8831  5500 13196  3807  3789  8082 11792  7041  8316  8618  6883 13112
  7577] [] 1716450631.1044466496
[ 1  1  1  1  1  1  1  1  1  1  1 -1  1  1 -1  1  1 -1  1  1  1  1  1  1
  1] [ 3 10 11 18 19 20 21 26 27 28 29 34 35 36 37 42 44 45 46 50 51 52 53 54
 61] [ 2915  9535  5042  9939  3575  6986 10555  4547  6966  5366  7486  7645
  8733  5330 13336  3564  3762  8181 11757  6273  8284  8032  6131 12927
  7519] [] 1716450631.1474401951
[ 1  1  1  1  1  1 -1  1  1  1  1  1 -1  1  1 -1 -1  1 -1 -1  1  1  1  1
 -1  1] [ 3 10 11 18 19 20 21 26 27 28 29 34 35 36 37 41 42 44 45 46 50 51 52 53
 54 61] [ 2786  9144  4415  9890  3511  5780 10589  4234  6854  5071  6478  7544
  8788  5241 13152 12411  3596  3607  8206 11904  6090  8252  8002  5900
 13041  7353] [] 1716450631.1904160976
[-1  1  1 -1  1  1 -1  1  1  1  1  1  1  1  1  1  1  1  1  1  1 -1  1  1
  1  1] [ 3 10 11 18 19 20 21 26 27 28 29 34 35 36 37 41 42 44 45 46 50 51 52 53
 54 61] [ 2793  8826  4095  9952  3442  5517 10620  4231  6854  5033  6351  7014
  8696  5096 12874 12163  3546  3567  7135 11504  5982  8319  7462  5853
 10910  7234] [] 1716450631.2334523201
[ 1 -1  1  1  1  1  1  1  1 -1  1 -1  1  1  1 -1  1  1  1  1 -1  1  1 -1
  1  1  1] [ 3  4 10 11 18 19 20 21 26 27 28 29 34 35 36 37 41 42 44 45 46 50 51 52
 53 54 61] [ 2761 13465  6886  3985  7226  3437  5346 10552  4039  6955  4468  6411
  6569  8192  4764 12972 11971  3412  3463  6719 11625  5924  8209  7607
  5718 10217  7205] [] 1716450631.2764122486
[ 1  1  1  1  1  1 -1 -1  1  1  1  1  1  1  1  1 -1  1  1  1 -1  1  1  1
  1  1  1] [ 3  4 10 11 18 19 20 21 26 27 28 29 34 35 36 37 41 42 44 45 46 50 51 52
 53 54 61] [ 2734 12735  6189  3955  7082  3413  5364 10567  4021  6867  4202  6349
  6405  8117  4678 12928 12111  3238  3241  6603 11872  5668  8187  7262
  5475  8917  7110] [] 1716450631.3194687366
[ 1  1  1  1  1  1  1  1  1 -1  1 -1  1  1  1  1 -1  1  1  1 -1  1 -1  1
  1  1  1] [ 3  4 10 11 18 19 20 21 26 27 28 29 34 35 36 37 41 42 44 45 46 50 51 52
 53 54 61] [ 2716 11967  5845  3763  7053  3349  5330 10473  3907  6895  3902  6433
  6084  8086  4515 12854 12512  3060  3174  6337 11929  5558  8211  7170
  5296  8778  7014] [] 1716450631.3624598980
[ 1  1  1  1 -1  1  1 -1  1  1  1  1  1  1 -1  1 -1  1  1  1 -1  1 -1  1
 -1 -1  1 -1 -1] [ 3  4 10 11 12 18 19 20 21 26 27 28 29 34 35 36 37 41 42 44 45 46 47 50
 51 52 53 54 61] [ 2711 11829  5299  3563 13472  6799  3270  5443 10436  3757  6739  3603
  5323  5196  8092  4482 13088 12131  2883  3141  6408  9068 13793  5430
  8253  7394  5069  8796  7242] [] 1716450631.4054377079
[ 1  1  1  1  1  1  1  1  1  1  1  1  1  1  1  1 -1  1  1  1 -1 -1  1  1
  1  1 -1 -1 -1  1] [ 3  4 10 11 12 18 19 20 21 26 27 28 29 34 35 36 37 41 42 44 45 46 47 50
 51 52 53 54 55 61] [ 2649 11651  5148  3435 13212  6755  3251  5376 10348  3573  6605  3544
  5248  5006  8048  4448 13154 11876  2786  3071  6481 12123 11845  5300
  8210  7231  5142  8828  9755  7144] [] 1716450631.4484512806
[-1 -1  1  1  1  1  1  1  1  1  1  1  1  1  1 -1  1  1  1  1  1 -1  1  1
  1  1  1  1  1  1  1] [ 2  3  4 10 11 12 18 19 20 21 26 27 28 29 34 35 36 37 41 42 44 45 46 47
 50 51 52 53 54 55 61] [14062  2681 11526  4943  3281 12338  6597  3189  5167 10257  3473  6250
  3449  5019  4744  9174  4152 13152 11709  2764  2994  6498 10653 10989
  5280  8152  7183  4853  8743  8690  7117] [] 1716450631.4914159775
[-1  1  1  1  1  1  1  1  1 -1  1  1  1  1  1  1  1  1  1  1  1  1  1  1
  1 -1  1  1  1  1  1] [ 2  3  4 10 11 12 18 19 20 21 26 27 28 29 34 35 36 37 41 42 44 45 46 47
 50 51 52 53 54 55 61] [14134  2584 11309  4731  3185 11597  6329  3017  4882 10296  3389  5904
  3188  4905  4635  9110  4117 12852 10809  2696  2918  6313  9258 10894
  5090  8160  7047  4807  8656  8477  7036] [] 1716450631.5344631672
[-1  1  1  1  1  1  1  1  1 -1  1  1  1  1  1  1  1  1  1  1  1 -1 -1  1
  1  1  1  1 -1 -1 -1] [ 2  3  4 10 11 12 18 19 20 21 26 27 28 29 34 35 36 37 41 42 44 45 46 47
 50 51 52 53 54 55 61] [14201  2522 11159  4635  3112 11383  6052  2957  4611 10308  3383  5858
  3053  4853  4374  8370  4004 12806 10706  2672  2902  6375 10080 10828
  5032  8100  6981  4718  8665  8603  7059] [] 1716450631.5774550438
[ 1 -1  1  1 -1  1  1  1  1  1  1  1  1 -1 -1 -1  1 -1  1  1 -1  1  1  1
  1 -1  1  1  1 -1 -1] [ 2  3  4 10 11 12 18 19 20 21 26 27 28 29 34 35 36 37 41 42 44 45 46 47
 50 51 52 53 54 55 61] [14090  2525 11106  4607  3114 11235  5925  2951  4369 10268  3346  5844
  3025  4858  4414  8605  3989 12880 10331  2668  2909  6333 10047 10735
  5028  8101  6869  4685  8627  8718  7084] [] 1716450631.6203961372
[-1  1  1 -1  1 -1  1 -1  1  1  1 -1  1 -1  1 -1  1 -1 -1  1 -1  1  1 -1
  1  1 -1  1 -1 -1  1] [ 2  3  4 10 11 12 18 19 20 21 26 27 28 29 34 35 36 37 41 42 44 45 46 47
 50 51 52 53 54 55 61] [14306  2521 11087  4659  3103 11286  5809  2973  4317 10256  3341  5856
  3021  4883  4401  8909  3925 12939 10811  2648  2918  6308  9222 10815
  4976  8090  6878  4660  8647  9130  7009] [] 1716450631.6634004116
[ 1  1  1  1  1  1 -1 -1 -1  1  1  1 -1  1  1  1  1  1 -1 -1 -1  1 -1 -1
 -1 -1 -1 -1  1 -1 -1] [ 2  3  4 10 11 12 18 19 20 21 26 27 28 29 34 35 36 37 41 42 44 45 46 47
 50 51 52 53 54 55 61] [14244  2514 11083  4595  3051 11246  5829  2984  4321 10204  3341  5845
  3031  4882  4360  8111  3896 12833 11618  2666  2979  6260 10096 11761
  5168  8097  6905  4688  8627 13491  7049] [] 1716450631.7064502239
[ 1 -1  1 -1 -1 -1 -1 -1 -1  1 -1 -1 -1 -1 -1  1 -1 -1 -1 -1 -1  1  1 -1
 -1  1 -1  1  1] [ 2  3  4 10 11 12 18 19 20 21 26 27 28 29 34 35 36 37 41 42 44 45 46 50
 51 52 53 54 61] [14068  2529 11079  4671  3131 11327  6043  3039  4666 10187  3369  5870
  3072  4911  4559  8019  4047 12856 11773  2724  2990  6250  9805  5235
  8133  6756  4809  8554  6964] [] 1716450631.7493894100
[ 1 -1  1 -1 -1  1 -1 -1 -1  1 -1  1 -1  1 -1 -1 -1  1 -1 -1 -1 -1 -1 -1
 -1 -1 -1 -1 -1] [ 2  3  4 10 11 12 18 19 20 21 26 27 28 29 34 35 36 37 41 42 44 45 46 50
 51 52 53 54 61] [13872  2569 11007  4953  3147 11303  6376  3064  4945 10142  3431  5866
  3300  4874  4617  8067  4104 12824 11985  2862  3022  6384 11636  5317
  8173  6921  4965 10046  7001] [] 1716450631.7924039364
[-1 -1  1 -1 -1 -1 -1 -1 -1 -1 -1 -1 -1 -1 -1 -1 -1  1 -1 -1 -1 -1  1 -1
 -1 -1 -1 -1 -1] [ 2  3  4 10 11 12 18 19 20 21 26 27 28 29 34 35 36 37 41 42 44 45 46 50
 51 52 53 54 61] [14224  2633 11006  5237  3287 13088  6556  3123  5077 10158  3595  6484
  3356  4898  5105  8187  4167 12804 12503  2985  3087  6395 11611  5478
  8189  7026  4988 12948  7094] [] 1716450631.8354341984
[-1 -1 -1 -1 -1  1 -1 -1 -1 -1 -1 -1 -1 -1 -1  1 -1 -1  1 -1 -1 -1 -1 -1
 -1 -1 -1 -1 -1] [ 2  3  4 10 11 12 18 19 20 21 26 27 28 29 34 35 36 37 41 42 44 45 46 50
 51 52 53 54 61] [14434  2669 11102  5671  3570 13014  6584  3139  5143 10174  3685  6609
  3604  4921  5503  7971  4208 12964 12398  3182  3258  6482 11654  5778
  8196  7236  5257 13113  7150] [] 1716450631.8784296513
[ 1 -1 -1 -1 -1 -1 -1 -1 -1 -1  1 -1 -1 -1 -1 -1  1 -1 -1 -1 -1 -1  1 -1
 -1 -1 -1] [ 3  4 10 11 12 18 19 20 21 26 27 28 29 34 35 36 37 42 44 45 46 50 51 52
 53 54 61] [ 2665 11273  6094  3881 13560  6745  3191  5191 10180  3719  6542  3841
  6101  5619  7994  4315 12805  3208  3327  7620 11704  6107  8173  7849
  5414 14312  7261] [] 1716450631.9213056564
[-1 -1 -1 -1 -1 -1 -1  1  1 -1 -1 -1 -1 -1 -1 -1 -1 -1 -1  1  1 -1  1 -1
 -1 -1] [ 3  4 10 11 12 18 19 20 21 26 27 28 29 34 35 36 37 42 44 45 46 50 51 52
 53 61] [ 2682 11479  7433  3917 15873  9791  3323  5167 10180  3799  6595  4081
  6185  6003  8081  4736 12869  3450  3428  7418 11391  6548  8159  8453
  5597  7267] [] 1716450631.9643020630
[-1 -1 -1 -1 -1 -1  1 -1  1 -1 -1 -1  1 -1 -1 -1 -1 -1 -1 -1 -1 -1 -1 -1
  1 -1] [ 3  4 10 11 12 18 19 20 21 26 27 28 29 34 35 36 37 42 44 45 46 50 51 52
 53 61] [ 2737 13553  8281  4185 16105  9846  3316  5321 10175  4019  6656  4516
  6150  6554  8464  4868 13096  3518  3611  7594 11471  7364  8258  9905
  5572  7321] [] 1716450632.0073685646
[-1 -1 -1 -1 -1  1 -1 -1 -1 -1 -1 -1 -1 -1 -1 -1 -1 -1 -1  1 -1 -1 -1 -1] [ 3 10 11 18 19 20 21 26 27 28 29 34 35 36 37 42 44 45 46 50 51 52 53 61] [ 2764  9116  4285  9888  3364  5279 10384  4839  6719  4894  6357  7355
  8682  4918 13106  3748  3683  7791 11649  7311  8323  9953  5802  7491] [] 1716450632.0503389835
[-1 -1 -1 -1 -1 -1 -1 -1  1 -1 -1 -1  1 -1 -1 -1 -1  1 -1 -1  1  1] [ 3 10 11 18 19 20 21 26 27 28 29 34 35 36 37 42 44 45 50 51 52 53] [ 2879  9545  4978  9910  3443  5470 10522  5748  6631  5527  7338  7474
  8209  5133 13280  3993  3714  7577  7405  8340  9925  5531] [] 1716450632.0933504105
[-1 -1 -1 -1 -1 -1  1 -1 -1 -1 -1 -1 -1 -1 -1 -1 -1 -1 -1 -1 -1 -1] [ 3 10 11 18 19 20 21 26 27 28 29 34 35 36 37 42 44 45 50 51 52 53] [ 2994 10301  6927 10015  3455  7562 10445  6967  6699  7579  7424  7599
  8248  5469 13364  4468  3908  7679  7462  8517 10082  5969] [] 1716450632.1361577511
[-1 -1 -1 -1 -1 -1 -1 -1 -1 -1 -1 -1 -1 -1  1 -1 -1 -1 -1 -1 -1 -1] [ 3 10 11 18 19 20 21 26 27 28 29 34 35 36 37 42 44 45 50 51 52 53] [ 3107 10843  7153 10087  3483  7585 10502  8137  6787  8219  7492  7611
  8341  5771 13346  5325  4140  7986  7647  8774 10354  6778] [] 1716450632.1793491840
[-1 -1 -1 -1 -1 -1 -1 -1 -1 -1 -1 -1 -1 -1 -1 -1 -1 -1 -1 -1 -1 -1] [ 3 10 11 18 19 20 21 26 27 28 29 34 35 36 37 42 44 45 50 51 52 53] [ 3303 11454  7597 10392  3560  7707 10544  8346  6877  8581  7841  8703
  9150  6197 14064  5392  4652  8307  7867 12300 10590  7877] [] 1716450632.2223913670
[-1 -1 -1 -1 -1 -1 -1 -1 -1 -1 -1 -1 -1 -1 -1 -1 -1 -1  1 -1] [ 3 10 11 18 19 20 21 26 27 28 29 34 35 36 42 44 45 50 52 53] [ 3319 14463  8721 10670  3674  9295 10617  8481  6950  8766  7863  8819
  9910  6554  5781  4819  8579  8131 10575  9482] [] 1716450632.2653329372
[-1 -1 -1 -1  1 -1 -1 -1 -1 -1 -1 -1 -1 -1 -1 -1 -1  1 -1] [ 3 11 18 19 20 21 26 27 28 29 34 35 36 42 44 45 50 52 53] [ 3381  8831 10678  3785  9243 10671  8546  7055  8897  7967  8925  9998
  6799  6220  5222  8611 10474 10371 13170] [] 1716450632.3081851006
[-1  1 -1 -1 -1 -1 -1 -1  1 -1 -1  1 -1 -1 -1 -1 -1 -1 -1] [ 3 11 18 19 20 21 26 27 28 29 34 35 36 42 44 45 50 52 53] [ 3438  8739 10866  3889 11220 10968 10707  7112  8770  8205 10060  9979
  7139  6529  5398  8844 10805 10433 13701] [] 1716450632.3513033390
[-1 -1 -1 -1 -1 -1 -1 -1  1 -1 -1 -1 -1  1  1 -1] [ 3 11 18 19 20 21 26 27 28 29 34 35 36 42 44 45] [ 3676  8815 12633  4026 11331 11126 10741  7192  8729  8360 10332 11250
  7547  6492  5381  9264] [] 1716450632.3943650723
[-1 -1  1 -1  1 -1  1 -1  1 -1 -1 -1 -1] [ 3 11 19 20 21 26 27 28 29 34 36 42 44] [ 3737  8861  4021 11359 11057 10801  7071  8797  8332 11892  7690  6717
  6085] [] 1716450632.4371557236
[-1 -1 -1  1 -1 -1 -1  1 -1 -1 -1 -1 -1] [ 3 11 19 20 21 26 27 28 29 34 36 42 44] [ 3844  8924  4136 11290 11415 10826  7340  8773  8424 11917  8144  7094
  6493] [] 1716450632.4801876545
[-1 -1 -1 -1 -1 -1 -1 -1 -1 -1 -1  1 -1] [ 3 11 19 20 21 26 27 28 29 34 36 42 44] [ 3967  9015  4238 11486 11704 10846  7683 10536  8464 12235  8431  7004
  9737] [] 1716450632.5234081745
[-1  1 -1  1 -1 -1 -1 -1 -1 -1 -1 -1] [ 3 11 19 20 26 27 28 29 34 36 42 44] [ 4501  8941  4370 11338 10858  8097 10575 11010 12514 10383  7614 11263] [] 1716450632.5663609505
[-1 -1 -1 -1  1 -1 -1 -1 -1 -1 -1] [ 3 11 19 20 26 27 28 29 36 42 44] [ 4700  9051  4425 11749 10811  8131 10677 11353 12719  7924 11517] [] 1716450632.6093304157
[-1 -1 -1 -1 -1 -1 -1 -1 -1 -1 -1] [ 3 11 19 20 26 27 28 29 36 42 44] [ 5334  9131  4720 11899 10897  8245 10785 11659 13277  8706 12202] [] 1716450632.6521723270
[-1 -1 -1 -1 -1 -1 -1 -1 -1 -1  1] [ 3 11 19 20 26 27 28 29 36 42 44] [ 5517  9270  4941 12399 10948  8504 10985 11743 14125  9744 12179] [] 1716450632.6953451633
[-1 -1 -1 -1 -1 -1 -1 -1 -1 -1 -1] [ 3 11 19 20 26 27 28 29 36 42 44] [ 5677  9367  5211 13034 11213  8693 11038 12030 14503 10192 12318] [] 1716450632.7383275032
[-1 -1 -1  1 -1 -1 -1 -1 -1 -1 -1] [ 3 11 19 20 26 27 28 29 36 42 44] [ 7481  9455  5494 13000 11613 11719 11153 12273 14657 13323 12349] [] 1716450632.7813167572
[-1  1 -1 -1 -1  1 -1 -1] [ 3 11 19 20 27 28 36 44] [ 7529  9374  6083 13698 11814 10961 15377 12393] [] 1716450632.8242008686
[-1 -1 -1  1 -1 -1 -1] [ 3 11 19 20 28 36 44] [ 8031  9434  6917 13495 11037 15712 12485] [] 1716450632.8671684265
[-1 -1 -1 -1  1  1 -1] [ 3 11 19 20 28 36 44] [ 9033  9544  7707 14226 11017 15237 12868] [] 1716450632.9103455544
[-1 -1 -1 -1  1 -1] [11 19 20 28 36 44] [ 9635  8193 16063 11232 14979 13201] [] 1716450632.9532678127
[-1 -1 -1 -1] [11 19 28 36] [ 9769 10363 11367 15069] [] 1716450632.9961574078
[-1  1 -1  1] [11 19 28 36] [ 9856 10350 11450 15002] [] 1716450633.0393280983
[-1 -1 -1 -1] [11 19 28 36] [10004 10389 11519 15193] [] 1716450633.0822124481
[1 1] [28 36] [11249 14941] [] 1716450633.1252412796
[-1  1] [28 36] [11598 14766] [] 1716450633.1682908535
[-1 -1] [28 36] [11643 14941] [] 1716450633.2112495899
[1 1] [28 36] [11592 14821] [] 1716450633.2542936802
[-1] [28] [13904] [] 1716450633.2972106934
[1] [28] [13784] [] 1716450633.3402459621
2 2 2 1716450633.4263856411
