FA TAX ADC PRES TS
[-1 -1] [11 28] [10799 11881] [] 1716451000.8003530502
[1 1] [11 28] [10221 11528] [] 1716451000.8435096741
[-1 -1 -1] [11 28 42] [10242 11532 13033] [] 1716451000.8865151405
[ 1 -1 -1 -1] [11 28 42 44] [10142 11596 13084 15305] [] 1716451000.9295287132
[ 1 -1  1  1  1] [11 20 28 42 44] [ 9993 16071 11578 10273 13515] [] 1716451000.9723443985
[ 1  1 -1  1  1] [11 20 28 42 44] [ 9874 15819 11616  9597 13302] [] 1716451001.0156154633
[1 1 1 1 1] [11 20 28 42 44] [ 9655 15074 11469  9191 13158] [] 1716451001.0584280491
[1 1 1 1 1] [11 20 28 42 44] [ 9489 14678 11215  8897 12670] [] 1716451001.1014699936
[1 1 1 1 1] [11 20 28 42 44] [ 9376 14606 11104  8583 12666] [] 1716451001.1443645954
[-1  1 -1 -1 -1  1] [11 20 28 29 42 44] [ 9429 14605 11334 12425  8607 12341] [] 1716451001.1875388622
[ 1  1  1  1 -1 -1] [11 20 28 29 42 44] [ 9232 14454 11038 11787  8824 12493] [] 1716451001.2305462360
[-1  1 -1 -1 -1  1 -1 -1 -1] [11 20 21 27 28 29 34 42 44] [ 9407 13316 14574 12617 11334 11772 12837  8887 12510] [] 1716451001.2735331059
[ 1  1  1  1 -1 -1  1  1 -1] [11 20 21 27 28 29 34 42 44] [ 9387 12818 11765 11497 11373 11880 12625  8616 12525] [] 1716451001.3163638115
[-1  1  1  1  1  1  1  1 -1  1] [ 3 11 20 21 27 28 29 34 42 44] [15205  9350 12780 11689 11441 11347 11551 12447  8803 12406] [] 1716451001.3595681190
[1 1 1 1 1 1 1 1 1 1] [ 3 11 20 21 27 28 29 34 42 44] [14130  9261 12540 11429 11320 11257 11527 12282  8726 10614] [] 1716451001.4025776386
[ 1 -1  1 -1  1 -1  1 -1  1  1 -1] [ 3 11 20 21 27 28 29 34 42 44 50] [ 8714  9416 12436 11493  9889 11354 11508 12384  8425 10294 10513] [] 1716451001.4455528259
[ 1  1  1  1  1  1  1  1  1 -1  1] [ 3 11 20 21 27 28 29 34 42 44 50] [ 7977  9258 12347 11147  9174 11268 11412 12031  7881 12091 10271] [] 1716451001.4883491993
[ 1  1  1 -1  1  1  1  1  1  1  1] [ 3 11 20 21 27 28 29 34 42 44 50] [ 7803  9195 12147 11153  9030 11223 10307 11990  7447  9860 10003] [] 1716451001.5315523148
[ 1 -1 -1  1 -1 -1 -1 -1  1 -1 -1  1 -1 -1] [ 3 11 19 20 21 27 28 29 34 36 42 44 45 50] [ 7769  9213 11063 12120 11154  9118 11262 10487 11841 15859  7567  9575
 12081 10248] [] 1716451001.5746200085
[ 1  1 -1  1  1  1  1  1 -1  1  1  1  1  1 -1] [ 3 11 19 20 21 27 28 29 34 36 42 44 45 50 53] [ 7670  9201 11240 12095 11015  9060 11250  9265 11941 15633  7245  9445
  9413  9935 13089] [] 1716451001.6175532341
[ 1  1  1  1 -1 -1 -1 -1  1  1  1  1  1  1  1  1] [ 3 11 19 20 21 26 27 28 29 34 36 42 44 45 50 53] [ 7574  9201 10678 12045 11087 11874  9123 11330  8885  9546 15471  7190
  9310  9339  9805 12591] [] 1716451001.6604213715
[ 1  1  1 -1 -1  1  1  1  1  1 -1 -1  1  1  1  1] [ 3 11 19 20 21 26 27 28 29 34 36 42 44 45 50 53] [ 7515  9177 10460 12169 11157 11762  9093 11186  8780  8677 15491  7373
  8858  8921  9669  9117] [] 1716451001.7035779953
[ 1  1  1  1  1  1  1  1  1  1  1  1  1 -1  1  1] [ 3 11 19 20 21 26 27 28 29 34 36 42 44 45 50 53] [ 5575  9150  9159 12093 11145 11672  9071 11151  8613  8508 15395  6900
  8021  8930  9657  7334] [] 1716451001.7465960979
[ 1  1  1 -1  1 -1  1  1  1  1  1 -1  1 -1  1  1] [ 3 11 19 20 21 26 27 28 29 34 36 42 44 45 50 53] [ 5458  9077  8716 12239 10963 11745  8945 11005  8492  8260 15358  7104
  6895 10000  9608  7110] [] 1716451001.7895643711
[ 1  1  1  1  1  1  1  1  1 -1  1  1  1  1  1  1] [ 3 11 19 20 21 26 27 28 29 34 36 42 44 45 50 53] [ 5404  9020  6202 11832 10917 11260  8926 10984  8397  8629 14878  6515
  6466  9736  9559  7007] [] 1716451001.8324139118
[ 1  1  1 -1  1  1  1  1  1  1  1 -1  1 -1  1  1] [ 3 11 19 20 21 26 27 28 29 34 36 42 44 45 50 53] [ 5306  9001  5870 12165 10810 10966  8881  9207  8366  8479 14668  6647
  6081 10222  8992  6773] [] 1716451001.8755729198
[ 1  1  1  1 -1  1  1  1  1  1  1  1  1 -1  1  1] [ 3 11 19 20 21 26 27 28 29 34 36 42 44 45 50 53] [ 5247  8885  5586 11778 10885 10853  8878  9100  8165  8411 14632  5706
  5712 10227  8883  5800] [] 1716451001.9185791016
[-1  1 -1 -1  1  1  1  1  1 -1 -1  1  1  1  1 -1 -1] [ 3 11 19 20 21 26 27 28 29 34 36 42 44 45 50 53 61] [ 5258  8840  6573 12001 10841 10706  8679  9001  8101  8578 14676  5438
  5705  8930  8869  5972  9186] [] 1716451001.9615051746
[ 1 -1 -1  1  1  1 -1  1  1  1  1 -1  1  1  1 -1  1  1] [ 3 11 18 19 20 21 26 27 28 29 34 36 42 44 45 50 53 61] [ 4991  8910 11691  6436 11743 10839 10735  7307  8997  8079  7750 14694
  4915  5376  8325  9412  5898  7485] [] 1716451002.0044500828
[ 1 -1  1  1  1 -1 -1  1  1  1 -1  1  1  1  1  1 -1 -1  1] [ 3 11 18 19 20 21 26 27 28 29 34 36 42 44 45 50 51 53 61] [ 4748  8925 11298  6155 11702 10877 10792  7259  8966  8055  8338 14494
  4621  5183  8059  9392 11198  5903  7320] [] 1716451002.0475714207
[ 1  1  1  1  1  1  1  1 -1  1 -1  1 -1  1 -1  1  1  1  1] [ 3 11 18 19 20 21 26 27 28 29 34 36 42 44 45 50 51 53 61] [ 4541  8884 11284  5805 11567 10814 10643  7141  9103  8010  8662 13996
  4627  4910  8908  9341 11069  5762  7210] [] 1716451002.0905225277
[ 1 -1 -1  1  1 -1  1 -1  1  1  1  1  1  1  1  1  1  1  1] [ 3 11 18 19 20 21 26 27 28 29 34 36 42 44 45 50 51 53 61] [ 4355  8969 11328  5637  9414 10887  8853  7217  8904  7869  8362 13913
  4424  4751  7734  9271 10912  5600  7111] [] 1716451002.1335630417
[-1  1  1  1 -1  1  1  1  1  1 -1 -1  1  1  1 -1  1  1  1] [ 3 11 18 19 20 21 26 27 28 29 34 36 42 44 45 50 51 53 61] [ 4603  8039 10830  5363  9426 10640  8485  7106  8789  7784  8489 13938
  4202  4695  7560  9292 10753  5487  6970] [] 1716451002.1764183044
[ 1  1 -1  1  1  1  1  1  1  1  1 -1  1  1  1  1  1  1  1] [ 3 11 18 19 20 21 26 27 28 29 34 36 42 44 45 50 51 53 61] [ 4293  7067 10977  5115  9318 10561  8461  7063  8785  7783  8041 13995
  4113  4566  7482  8522 10743  5349  6901] [] 1716451002.2195746899
[-1  1 -1  1  1 -1 -1 -1  1  1  1  1 -1  1  1 -1  1  1  1 -1 -1] [ 3 11 18 19 20 21 26 27 28 29 34 36 37 42 44 45 50 51 53 54 61] [ 4299  6887 11090  5039  9301 10631  8514  7111  8767  7663  7392 12629
 16373  3889  4494  7708  8075 10645  5185 12551  7091] [] 1716451002.2625839710
[ 1  1  1  1  1 -1  1  1  1 -1 -1  1  1  1  1  1  1 -1  1  1  1] [ 3 11 18 19 20 21 26 27 28 29 34 36 37 42 44 45 50 51 53 54 61] [ 4270  6776 10449  4842  7455 10694  8335  7013  8672  7760  7453 12089
 15615  3667  4396  7519  7113 10663  5072 12193  6887] [] 1716451002.3055093288
[-1  1  1  1 -1  1  1  1  1  1  1  1 -1 -1  1 -1  1  1 -1 -1  1  1] [ 3 11 18 19 20 21 26 27 28 29 34 36 37 42 44 45 50 51 52 53 54 61] [ 4286  6625 10375  4721  8067 10664  8330  6939  8636  7653  7235 11439
 16266  3686  4276  7579  7027 10585 15785  5195 12112  6862] [] 1716451002.3484621048
[-1 -1 -1  1  1  1 -1 -1 -1 -1  1  1  1  1  1  1  1 -1  1  1  1 -1  1  1] [ 3 11 12 18 19 20 21 26 27 28 29 34 36 37 42 44 45 46 50 51 52 53 54 61] [ 4572  6627 16012 10350  4604  7290 10768  8451  7201  8652  7645  7136
 10191 13738  3504  4206  7511 15936  6771 10521 15380  5537  9657  6829] [] 1716451002.3916182518
[ 1 -1 -1 -1  1  1 -1  1  1  1  1  1  1  1  1  1  1  1  1  1  1  1  1  1
  1] [ 3 10 11 12 18 19 20 21 26 27 28 29 34 36 37 42 44 45 46 50 51 52 53 54
 61] [ 4460 14770  6631 16034 10127  4427  9141 10636  8273  7194  7781  7577
  7112  8891 13440  3338  4101  7443 15679  6737 10518 14920  5304  9239
  6809] [] 1716451002.4346129894
[ 1  1  1 -1 -1  1  1  1 -1  1  1 -1  1  1  1  1  1  1  1  1  1  1  1  1] [ 3 10 11 12 18 19 20 21 26 27 28 29 34 36 37 42 44 45 50 51 52 53 54 61] [ 4116 13072  6541 16152 10173  4381  8923 10492  8291  7106  7402  7598
  6931  8343 13344  3287  3979  6382  6346 10492 10277  5036  9078  6771] [] 1716451002.4775772095
[ 1  1  1  1 -1  1  1 -1 -1  1  1  1 -1 -1  1  1  1 -1 -1 -1  1  1  1 -1
  1 -1] [ 3 10 11 12 18 19 20 21 26 27 28 29 34 36 37 42 44 45 46 47 50 51 52 53
 54 61] [ 3935 12772  6125 16071 10192  4276  8496 10538  8292  7037  6975  7521
  7059  8755 13148  3132  3854  6491 16172 15825  6186 10399  9961  5076
  9011  6774] [] 1716451002.5204362869
[-1  1  1  1  1  1  1 -1  1  1  1  1 -1  1 -1 -1 -1 -1 -1  1  1 -1 -1  1
 -1 -1 -1 -1] [ 3 10 11 12 18 19 20 21 26 27 28 29 34 36 37 41 42 44 45 46 47 50 51 52
 53 54 55 61] [ 3942 12356  5639 15936  7856  4219  7229 10642  7935  7023  6893  7513
  7312  7922 13328 14590  3267  3881  6507 13143 15085  6249 10555  9872
  5136  9357 12335  6893] [] 1716451002.5636360645
[ 1 -1  1 -1  1  1  1  1  1 -1 -1  1  1 -1  1 -1  1  1  1  1  1  1  1  1
  1 -1 -1  1 -1] [ 3 10 11 12 18 19 20 21 26 27 28 29 34 35 36 37 41 42 44 45 46 47 50 51
 52 53 54 55 61] [ 3836 12544  5485 16111  7331  4196  7184 10582  7182  7248  6936  7449
  7269 15440  7616 13560 12114  3232  3827  6454 13045 12292  6144 10455
  9543  5274  9404  9534  6924] [] 1716451002.6066687107
[ 1 -1  1  1  1  1  1 -1  1  1  1  1 -1 -1  1  1  1 -1  1 -1  1 -1  1  1
  1 -1 -1 -1  1  1] [ 3  4 10 11 12 18 19 20 21 26 27 28 29 34 35 36 37 41 42 44 45 46 47 50
 51 52 53 54 55 61] [ 3771 12331 11352  5427 15999  6828  4127  7306 10507  6923  6878  6428
  7455  7363 14656  7336 13395 12183  3194  3854  6448 13056 11347  6089
 10366  9585  5586  9406  8181  6863] [] 1716451002.6496748924
[-1  1  1  1  1  1 -1  1  1  1 -1  1  1 -1 -1  1 -1  1  1  1 -1  1  1  1
 -1  1  1  1  1 -1] [ 3  4 10 11 12 18 19 20 21 26 27 28 29 34 35 36 37 41 42 44 45 46 47 50
 51 52 53 54 55 61] [ 3814  9875 11128  5414 15935  6598  4174  6309 10424  6873  7214  6208
  7418  7369 14960  6662 13528 12097  3182  3751  6456 11527  9619  6022
 10387  9445  4996  9135  6833  6896] [] 1716451002.6924605370
[ 1  1  1  1  1  1  1 -1  1  1  1  1  1  1 -1  1  1  1  1  1  1  1  1  1
 -1  1  1  1  1  1] [ 3  4 10 11 12 18 19 20 21 26 27 28 29 34 35 36 37 41 42 44 45 46 47 50
 51 52 53 54 55 61] [ 3711  9855 10184  5323 15831  6041  4063  6623 10317  6689  6819  5905
  7405  7291 14976  6642 13400 11965  3018  3711  6372 11307  7750  5288
 10409  9192  4841  9117  6396  6799] [] 1716451002.7356426716
[ 1 -1  1  1  1  1  1  1 -1  1  1  1  1  1 -1  1  1  1  1  1  1  1  1  1
  1  1 -1  1  1  1] [ 3  4 10 11 12 18 19 20 21 26 27 28 29 34 35 36 37 41 42 44 45 46 47 50
 51 52 53 54 55 61] [ 3670 10242 10022  5094 15723  6019  3968  5816 10426  6359  6721  5459
  7362  6658 15088  6274 13248 11803  2942  3642  6066 11268  7437  5122
 10403  9174  4913  8739  5892  6733] [] 1716451002.7786226273
[ 1  1  1 -1 -1  1  1  1  1  1  1 -1 -1 -1  1  1 -1 -1  1  1  1 -1  1 -1
 -1 -1 -1 -1  1  1] [ 3  4 10 11 12 18 19 20 21 26 27 28 29 34 35 36 37 41 42 44 45 46 47 50
 51 52 53 54 55 61] [ 3631  9947  9668  5199 15739  5916  3913  5592 10423  5606  6601  5488
  7372  6712 14922  6152 13280 11854  2802  3595  5910 11862  6623  5196
 10416  9227  4970  8888  5380  6646] [] 1716451002.8216300011
[ 1 -1  1  1 -1  1  1  1  1  1  1  1  1 -1  1  1  1 -1  1  1 -1  1  1  1
  1  1  1  1  1  1] [ 3  4 10 11 12 18 19 20 21 26 27 28 29 34 35 36 37 41 42 44 45 46 47 50
 51 52 53 54 55 61] [ 3472 12791  9595  4952 15851  5861  3888  5525 10396  5315  6550  5077
  7304  6723 14128  5816 12998 11871  2748  3523  5918 11312  6471  4914
 10371  8904  4754  7760  5136  6628] [] 1716451002.8644733429
[-1  1  1  1  1 -1  1 -1  1  1 -1  1  1  1  1  1  1 -1  1  1  1 -1  1  1
 -1  1  1  1  1  1] [ 3  4 10 11 12 18 19 20 21 26 27 28 29 34 35 36 37 41 42 44 45 46 47 50
 51 52 53 54 55 61] [ 3507 11801  9160  4718 15341  5981  3809  6211 10213  5227  6616  5049
  7211  6509 14032  5754 12515 12223  2672  3467  5887 11422  5688  4690
 10458  8471  4504  7476  4572  6488] [] 1716451002.9076154232
[ 1  1  1  1 -1  1 -1  1  1  1  1  1 -1  1  1 -1 -1 -1  1  1  1  1  1  1
  1 -1 -1  1  1  1] [ 3  4 10 11 12 18 19 20 21 26 27 28 29 34 35 36 37 41 42 44 45 46 47 50
 51 52 53 54 55 61] [ 3258 10451  8946  4597 15615  5736  3814  5851 10201  5105  6488  4943
  7403  6324 13970  6075 13040 12429  2667  3407  5826 11195  5532  4392
  9699  9496  4505  6700  4452  6455] [] 1716451002.9506204128
[-1  1  1  1  1  1  1  1 -1  1  1  1  1 -1 -1  1 -1 -1  1 -1  1  1  1  1
  1  1  1  1  1  1  1] [ 3  4 10 11 12 18 19 20 21 26 27 28 29 34 35 36 37 41 42 43 44 45 46 47
 50 51 52 53 54 55 61] [ 3263  9899  8920  4443 15131  5087  3712  5652 10291  4979  6460  4826
  5928  6362 14288  5852 13045 12510  2614 14672  3395  5806  9439  5469
  4116  9684  8466  4368  6534  4296  6420] [] 1716451002.9935708046
[ 1  1  1  1  1 -1  1  1  1  1  1  1  1 -1  1  1  1  1  1  1  1  1 -1 -1
  1 -1  1  1 -1  1  1] [ 3  4 10 11 12 18 19 20 21 26 27 28 29 34 35 36 37 41 42 43 44 45 46 47
 50 51 52 53 54 55 61] [ 3164  9519  8297  4315 14791  5110  3710  5557 10177  4815  6379  4648
  5856  6418 14064  5666 12792 12340  2596 12005  3343  5652 11142  5537
  4096 10516  8208  4148  6540  4218  6350] [] 1716451003.0364737511
[ 1 -1  1  1  1  1  1 -1 -1  1  1  1  1  1 -1  1  1  1  1 -1  1 -1  1  1
  1 -1 -1 -1  1 -1  1] [ 3  4 10 11 12 18 19 20 21 26 27 28 29 34 35 36 37 41 42 43 44 45 46 47
 50 51 52 53 54 55 61] [ 3071 12335  7749  4071 14767  4830  3670  5558 10188  4615  6326  4582
  5818  6372 14092  5482 12416 12278  2560 12066  3241  5702 11122  5365
  3728 10535  8381  4159  6334  4236  6337] [] 1716451003.0796563625
[-1  1  1  1 -1 -1  1 -1 -1  1 -1 -1  1  1 -1  1 -1  1  1 -1  1  1  1  1
 -1  1 -1  1 -1  1  1] [ 3  4 10 11 12 18 19 20 21 26 27 28 29 34 35 36 37 41 42 43 44 45 46 47
 50 51 52 53 54 55 61] [ 3115  9540  7460  3995 14887  4923  3670  6244 10232  4615  6328  4598
  5815  6327 14176  5381 12480 12098  2534 12092  3234  5536 11048  5362
  3856 10307  8390  4063  6635  4192  6330] [] 1716451003.1226122379
[-1 -1 -1  1 -1  1  1 -1 -1 -1  1  1  1 -1 -1  1  1  1 -1 -1 -1 -1  1  1
  1  1  1  1  1  1  1] [ 3  4 10 11 12 18 19 20 21 26 27 28 29 34 35 36 37 41 42 43 44 45 46 47
 50 51 52 53 54 55 61] [ 3133  9593  7653  3821 14955  4827  3639  6268 10280  4622  6300  4549
  5815  6341 14400  5326 11764 12042  2557 12114  3239  5585 10623  5005
  3670  9957  8292  4034  6390  4168  6307] [] 1716451003.1656122208
[ 1  1  1 -1  1 -1 -1 -1 -1 -1 -1 -1 -1  1  1  1 -1  1  1  1 -1  1 -1 -1
 -1  1 -1 -1 -1 -1] [ 3  4 10 11 12 18 19 20 21 26 27 28 29 34 35 36 37 41 42 44 45 46 47 50
 51 52 53 54 55 61] [ 3050  9500  7615  4278 14863  4942  3742  6269 10281  4635  6301  4635
  5825  6306 13996  5284 12526 11949  2546  3195  5810 10238  5261  4045
 10140  8286  4050  6473  4352  6362] [] 1716451003.2084574699
[ 1 -1 -1 -1  1 -1 -1  1  1 -1 -1 -1 -1  1  1 -1  1  1 -1 -1  1  1 -1 -1
 -1 -1 -1 -1 -1 -1] [ 3  4 10 11 12 18 19 20 21 26 27 28 29 34 35 36 37 41 42 44 45 46 47 50
 51 52 53 54 55 61] [ 2999  9585  7902  4359 14859  5313  3784  5940 10274  4707  6368  4676
  5877  6286 13608  5566 12508 11807  2574  3247  5786 10066  5461  4308
 10361  8453  4096  6651  4917  6532] [] 1716451003.2516114712
[-1 -1 -1 -1 -1 -1  1 -1  1 -1 -1 -1 -1 -1  1 -1  1  1 -1 -1 -1  1 -1 -1
  1 -1 -1 -1 -1  1] [ 3  4 10 11 12 18 19 20 21 26 27 28 29 34 35 36 37 41 42 44 45 46 47 50
 51 52 53 54 55 61] [ 3259 10461  8433  4363 15547  5631  3704  6119 10166  4857  6378  4718
  6877  6337 13472  5660 12201 11674  2668  3279  5918  9921  5986  4620
 10172  8832  4233  7797  5364  6495] [] 1716451003.2946381569
[-1 -1 -1 -1 -1 -1 -1 -1 -1 -1 -1 -1 -1 -1 -1 -1 -1  1 -1 -1 -1 -1 -1 -1
 -1 -1  1 -1 -1 -1] [ 3  4 10 11 12 18 19 20 21 26 27 28 29 34 35 36 37 41 42 44 45 46 47 50
 51 52 53 54 55 61] [ 3398 15591  9378  4476 15615  5719  3728  6758 10272  5127  6424  4997
  7218  6364 13880  5680 12308 11638  2702  3354  5960 11089  6484  4770
 10405  8942  4205  8122  5888  6592] [] 1716451003.3375310898
[-1 -1 -1 -1 -1 -1  1 -1 -1 -1 -1 -1 -1  1 -1 -1 -1 -1  1 -1 -1 -1 -1  1
  1 -1 -1 -1 -1] [ 3 10 11 12 18 19 20 21 26 27 28 29 34 35 36 37 41 42 44 45 46 47 50 51
 52 53 54 55 61] [ 3475  9601  4685 15735  5745  3825  5863 10280  5300  6545  5258  7253
  6455 13600  6184 12422 11839  2749  3352  6194 11105  8691  5365 10363
  8929  4286  8321  6448  6670] [] 1716451003.3804459572
[-1 -1 -1 -1 -1 -1 -1  1 -1 -1 -1  1 -1 -1 -1 -1 -1 -1 -1  1 -1 -1 -1  1
 -1 -1 -1 -1  1] [ 3 10 11 12 18 19 20 21 26 27 28 29 34 35 36 37 41 42 44 45 46 47 50 51
 52 53 54 55 61] [ 3546 10098  4782 15791  5856  3856  6826 10189  6490  6577  5381  7222
  6548 14016  6361 12428 11861  2821  3395  6190 11130  9860  5518 10338
  8950  4370  9982  7514  6657] [] 1716451003.4236216545
[-1 -1 -1 -1 -1 -1  1 -1 -1  1 -1 -1  1 -1 -1 -1 -1 -1 -1  1 -1 -1  1 -1
 -1 -1 -1  1] [ 3 10 11 12 18 19 20 21 26 27 28 29 34 35 36 37 42 44 45 46 47 50 51 52
 53 54 55 61] [ 3798 10448  4879 16011  6099  3908  6807 10194  6847  6569  5695  7258
  6469 14024  6820 12448  2908  3454  6314 11129 12466  5729 10313  9067
  4453 10928 11915  6653] [] 1716451003.4666130543
[-1 -1 -1 -1 -1 -1 -1  1 -1  1 -1 -1  1 -1 -1 -1 -1 -1  1 -1  1 -1 -1 -1
 -1 -1  1] [ 3 10 11 12 18 19 20 21 26 27 28 29 34 35 36 37 42 44 45 46 47 50 51 52
 53 54 61] [ 3891 12044  4945 16207  7298  4007  6945 10174  6916  6568  6134  7371
  6339 14116  7103 12586  3117  3493  6295 11155 12446  5827 10317  9076
  4543 11241  6589] [] 1716451003.5095987320
[-1 -1 -1  1 -1 -1 -1 -1 -1  1 -1  1 -1  1 -1 -1 -1 -1 -1  1  1 -1 -1 -1
 -1 -1 -1] [ 3 10 11 12 18 19 20 21 26 27 28 29 34 35 36 37 42 44 45 46 47 50 51 52
 53 54 61] [ 4247 14146  5193 16122  7878  4134  7011 10264  8223  6446  6187  7320
  6412 13886  7339 12668  3134  3591  6318 11143 12375  5907 10353  9404
  4759 11243  6674] [] 1716451003.5524075031
[ 1  1 -1 -1 -1 -1  1 -1 -1 -1 -1 -1 -1 -1 -1  1 -1 -1 -1 -1 -1  1 -1 -1
 -1  1] [ 3 10 11 12 18 19 20 21 26 27 28 29 34 35 36 37 42 44 45 46 50 51 52 53
 54 61] [ 3977 13770  5267 16309  7967  4204  7010 10274  8227  6460  6232  7411
  6854 14016  8040 12652  3240  3608  6370 11290  5915 10351  9792  4801
 11677  6610] [] 1716451003.5955650806
[ 1 -1 -1 -1 -1 -1  1 -1  1 -1  1 -1  1 -1 -1 -1 -1 -1 -1 -1 -1 -1  1 -1
 -1] [ 3 10 11 18 19 20 21 26 27 28 29 34 35 36 37 42 44 45 46 50 51 52 53 54
 61] [ 3931 15371  5430  7994  4232  8124 10244  8295  6315  6572  7385  6968
 12716  8161 12683  3350  3683  6430 12697  6235 10378 13519  4800 12343
  6719] [] 1716451003.6385550499
[-1 -1  1 -1 -1  1 -1 -1 -1  1 -1  1 -1  1 -1 -1 -1 -1 -1  1 -1 -1 -1 -1] [ 3 11 18 19 20 21 26 27 28 29 34 35 36 37 42 44 45 46 50 51 52 53 54 61] [ 3967  5753  7963  4272  8246 10237  8311  6365  7031  7375  7293 12568
  8422 12653  3392  3795  6483 12992  6331 10378 14372  4978 12694  6783] [] 1716451003.6814801693
[-1 -1 -1 -1  1 -1  1 -1 -1 -1 -1 -1 -1 -1 -1 -1 -1 -1 -1 -1 -1 -1 -1] [ 3 11 18 19 20 21 26 27 28 29 34 35 36 37 42 44 45 46 50 51 53 54 61] [ 3968  6017 10107  4363  8241 10270  8277  6393  7099  7436  8471 12881
  8511 13305  3477  3826  6596 14477  6483 10426  5029 12835  6826] [] 1716451003.7243595123
[-1 -1 -1 -1 -1 -1 -1 -1  1 -1 -1 -1 -1 -1 -1  1 -1 -1 -1 -1  1] [ 3 11 18 19 20 21 26 27 28 29 34 35 36 37 42 44 45 50 51 53 61] [ 3990  6037 10378  4447  8303 10411  8387  6432  7044  7586  8639 13909
  9129 13561  3610  3825  7338  6696 10607  5086  6719] [] 1716451003.7675633430
[-1 -1 -1 -1 -1 -1 -1 -1 -1  1 -1 -1 -1  1 -1 -1 -1 -1 -1 -1 -1] [ 3 11 18 19 20 21 26 27 28 29 34 35 36 37 42 44 45 50 51 53 61] [ 4034  6567 10390  4510  8423 10423  8485  6529  7056  7564  8742 14049
 10363 13395  3674  3959  7372  6799 10729  5108  6766] [] 1716451003.8105299473
[-1 -1 -1 -1 -1 -1 -1  1  1 -1 -1 -1 -1  1 -1 -1 -1 -1 -1 -1 -1] [ 3 11 18 19 20 21 26 27 28 29 34 35 36 37 42 44 45 50 51 53 61] [ 4065  6789 11113  4587  8459 10551  8545  6500  7035  7622  9039 14060
 10511 13353  3818  4124  7476  7596 10751  5254  6989] [] 1716451003.8535506725
[-1 -1  1 -1 -1 -1 -1 -1 -1 -1 -1  1 -1 -1 -1 -1 -1 -1 -1 -1 -1] [ 3 11 18 19 20 21 26 27 28 29 34 35 36 37 42 44 45 50 51 53 61] [ 4681  7092 11000  4746 11268 10626 10835  6593  7041  7669  9147 13969
 10907 13439  3869  4223  7647  8427 10951  5492  7108] [] 1716451003.8963999748
[ 1 -1  1 -1 -1 -1  1  1 -1 -1 -1  1 -1  1 -1 -1 -1  1 -1 -1] [ 3 11 18 19 20 21 26 27 28 29 34 35 36 37 42 44 45 50 53 61] [ 4586  7148 10923  4877 11312 10710 10803  6582  7167  7781  9273 13892
 11576 13437  3959  4297  7699  8425  5642  7210] [] 1716451003.9395442009
[-1 -1 -1 -1  1  1 -1  1 -1 -1  1 -1 -1 -1 -1 -1 -1 -1  1 -1] [ 3 11 18 19 20 21 26 27 28 29 34 35 36 37 42 44 45 50 53 61] [ 4690  7235 13868  4957 11272 10637 10926  6577  7204  7805  9185 13962
 11853 14335  4077  4356  7787  8519  5641 10798] [] 1716451003.9825356007
[ 1 -1 -1 -1 -1 -1  1  1  1  1  1 -1 -1 -1 -1 -1  1] [ 3 11 19 20 21 27 28 29 34 35 36 42 44 45 50 53 61] [ 4362  7401  5128 11304 10694  7729  7163  7775  9067 13886 11818  4200
  4480  7947  8567  5802 10402] [] 1716451004.0255272388
[-1 -1 -1 -1  1 -1 -1 -1 -1 -1 -1 -1 -1 -1 -1 -1] [ 3 11 19 20 21 27 28 29 34 35 36 42 44 45 50 53] [ 5026  7758  5302 11438 10690  7941  7246  7956  9163 14003 11833  4391
  4799  8078  9204  6079] [] 1716451004.0683765411
[-1 -1 -1  1 -1  1 -1 -1 -1 -1  1 -1 -1 -1 -1 -1] [ 3 11 19 20 21 27 28 29 34 35 36 42 44 45 50 53] [ 5064  7883  5467 11366 10831  7909  8294  8034  9263 14040 11729  4480
  5054  8343  9330  6353] [] 1716451004.1114993095
[-1  1 -1 -1 -1 -1 -1 -1 -1 -1 -1 -1 -1 -1 -1 -1] [ 3 11 19 20 21 27 28 29 34 35 36 42 44 45 50 53] [ 5146  7878  5599 11469 10941  7946  8407  8348  9370 14346 11759  4597
  5356  8649  9356  6754] [] 1716451004.1544315815
[-1 -1 -1 -1 -1 -1 -1 -1 -1 -1 -1 -1 -1 -1 -1 -1] [ 3 11 19 20 21 27 28 29 34 35 36 42 44 45 50 53] [ 5259  7973  5996 11487 11111  7995  8463  8499  9461 14549 11931  4740
  5743  8762  9509 10199] [] 1716451004.1974909306
[-1 -1 -1 -1 -1 -1 -1 -1 -1 -1 -1 -1 -1 -1 -1 -1 -1] [ 2  3 11 19 20 21 27 28 29 34 35 36 42 44 45 50 53] [16138  5382  8097  6459 11630 11238  8106  8618  8657  9589 14752 12148
  4744  6147  8835  9550 12030] [] 1716451004.2403335571
[-1 -1 -1 -1 -1 -1 -1 -1 -1 -1  1 -1 -1  1 -1] [ 2  3 11 19 20 21 27 28 29 34 36 42 44 45 50] [16376  5404  8996  6636 11705 11352  8123  8655  8766 11517 12068  5055
  6319  8719  9911] [] 1716451004.2834863663
[ 1 -1 -1 -1  1  1 -1 -1 -1 -1  1 -1 -1 -1] [ 2  3 11 19 20 21 27 28 29 34 36 42 44 50] [16354  5892  9036  7603 11584 11348  8258  8776  8909 11691 11950  5420
  6539 10180] [] 1716451004.3264882565
[ 1 -1 -1 -1  1 -1 -1  1 -1  1  1 -1 -1 -1] [ 2  3 11 19 20 21 27 28 29 34 36 42 44 50] [16214  5936  9047  7860 11564 11363  8905  8637 11417 11691 11729  5696
  7530 10328] [] 1716451004.3694553375
[ 1 -1 -1 -1 -1  1 -1  1 -1 -1 -1 -1 -1 -1] [ 2  3 11 19 20 21 27 28 29 34 36 42 44 50] [16150  5988  9074  8297 11700 11319  8993  8629 11723 11875 14036  5748
  7699 10505] [] 1716451004.4123034477
[-1 -1 -1 -1 -1 -1 -1 -1 -1  1 -1 -1] [ 3 11 19 20 21 27 28 29 34 36 42 44] [ 6107  9163  8453 11838 11395  9043  8837 11735 11990 13740  6394  7722] [] 1716451004.4554667473
[-1 -1 -1 -1 -1  1 -1 -1 -1 -1 -1 -1] [ 3 11 19 20 21 27 28 29 34 36 42 44] [ 8785  9193 10617 11992 11498  9018 10651 11779 12841 14198  6630  9661] [] 1716451004.4984750748
[-1  1 -1 -1 -1 -1 -1 -1 -1 -1  1 -1] [ 3 11 19 20 21 27 28 29 34 36 42 44] [ 9109  9131 13693 12314 11551  9119 10844 11984 13236 14289  6486  9738] [] 1716451004.5414345264
[ 1 -1 -1 -1 -1 -1 -1  1  1 -1] [11 20 21 27 28 29 34 36 42 44] [ 8915 12358 11594 11087 10863 12032 13265 14103  6456 10623] [] 1716451004.5843031406
[-1 -1 -1 -1 -1 -1  1 -1 -1 -1] [11 20 21 27 28 29 34 36 42 44] [ 8998 12489 11676 11176 10866 12319 13241 14410  7059 10770] [] 1716451004.6274263859
[-1 -1 -1  1 -1  1 -1 -1] [11 20 21 27 28 36 42 44] [ 9116 12818 11737 11161 10918 14306  7586 11569] [] 1716451004.6704192162
[-1 -1 -1 -1 -1 -1 -1] [11 20 21 27 28 42 44] [ 9245 13282 11829 11275 10955  9544 12634] [] 1716451004.7133460045
[-1 -1 -1 -1 -1 -1] [11 20 21 27 28 42] [ 9313 13814 11861 11450 10983  9794] [] 1716451004.7562735081
[-1 -1  1  1 -1] [11 20 27 28 42] [ 9408 14383 11353 10978 10312] [] 1716451004.7994301319
[-1 -1 -1 -1] [11 20 27 28] [ 9733 15652 11497 11117] [] 1716451004.8424115181
[-1 -1  1] [11 27 28] [ 9784 11527 11101] [] 1716451004.8853325844
[-1 -1 -1] [11 27 28] [10286 12411 12083] [] 1716451004.9282691479
[-1  1] [11 27] [10358 11619] [] 1716451004.9713861942
2 2 2 1716451005.3335368633
