FA TAX ADC PRES TS
[-1] [11] [12392] [] 1716450981.1454904079
[-1 -1 -1] [11 28 42] [12761 12142 15597] [] 1716450981.1884887218
[1 1 1] [11 28 42] [11304 12006 10837] [] 1716450981.2315740585
[-1 -1 -1 -1  1] [11 19 27 28 42] [11362 11208 12387 12389 10293] [] 1716450981.2744934559
[1 1 1 1 1] [11 19 27 28 42] [10802 10867 12005 11881  9946] [] 1716450981.3175311089
[ 1  1  1  1  1 -1] [11 19 27 28 42 44] [10197 10485 11780 11545  9167 13815] [] 1716450981.3605222702
[ 1  1  1  1  1 -1] [11 19 27 28 42 44] [ 9746 10175 11593 11460  9027 13832] [] 1716450981.4035689831
[-1 -1 -1 -1 -1 -1  1  1] [11 19 21 26 27 28 42 44] [ 9811 10335 12840 11274 11623 11489  7856 13030] [] 1716450981.4466850758
[ 1  1  1  1  1 -1 -1] [11 19 21 27 28 42 44] [ 9384 10101 11937 11339 11354  7935 13082] [] 1716450981.4895136356
[-1 -1 -1  1 -1  1 -1  1  1] [ 3 11 19 21 26 27 28 42 44] [ 9928  9699 10463 11722 11230  9490 11518  7842 12797] [] 1716450981.5326225758
[ 1  1 -1  1  1  1  1  1  1] [ 3 11 19 21 26 27 28 42 44] [ 9757  9676 10491 11675 11166  9407 11401  7784 12682] [] 1716450981.5755956173
[ 1  1  1 -1  1  1 -1 -1 -1 -1] [ 3 11 19 21 26 27 28 29 42 44] [ 9485  9557 10391 11695 11155  9391 11613 12500  7971 12759] [] 1716450981.6185765266
[ 1  1  1 -1 -1 -1 -1  1  1 -1  1  1] [ 3 11 19 20 21 26 27 28 29 34 42 44] [ 9220  9508  9022 15519 11701 11156  9469 11566 12305 12513  7919 12553] [] 1716450981.6616220474
[ 1  1 -1  1 -1  1  1  1  1  1 -1 -1  1] [ 3 11 19 20 21 26 27 28 29 34 36 42 44] [ 9042  9475  9306 15038 11739 11033  9385 11541 12233 12477 15572  8550
 12404] [] 1716450981.7046349049
[ 1  1  1 -1  1  1  1  1  1 -1  1  1  1] [ 3 11 19 20 21 26 27 28 29 34 36 42 44] [ 8836  9386  8512 15748 11643 10996  9311 11527 12087 12889 15316  8183
 11211] [] 1716450981.7476067543
[1 1 1 1 1 1 1 1 1 1 1 1 1] [ 3 11 19 20 21 26 27 28 29 34 36 42 44] [ 6351  9377  8310 14522 11581 10914  9156 11375 11788 12774 14872  7580
 10853] [] 1716450981.7905819416
[ 1 -1 -1  1  1  1 -1  1  1 -1 -1  1 -1 -1 -1] [ 3 11 18 19 20 21 26 27 28 29 34 36 42 44 50] [ 6291  9495 11684  7953 14142 11516 10970  9134 11333 11792 12839 14619
  7687 10895 10519] [] 1716450981.8336074352
[ 1 -1  1 -1 -1  1  1  1 -1  1 -1 -1  1 -1  1] [ 3 11 18 19 20 21 26 27 28 29 34 36 42 44 50] [ 6189  9499 11576  7988 14322 11453 10962  9082 11402 11742 12845 14679
  7233 10979 10406] [] 1716450981.8766775131
[1 1 1 1 1 1 1 1 1 1 1 1 1 1 1] [ 3 11 18 19 20 21 26 27 28 29 34 36 42 44 50] [ 6111  9365 11446  6743 13980 11391 10932  8925 11339 11683 12695 14357
  6761 10739  9473] [] 1716450981.9196677208
[ 1  1  1  1  1 -1  1  1  1  1  1 -1  1  1 -1  1] [ 3 11 18 19 20 21 26 27 28 29 34 36 42 44 45 50] [ 6005  9364 11354  6361 13392 11403 10838  8895 11319  8745 12599 14869
  6575 10588 11891  9211] [] 1716450981.9627056122
[ 1 -1  1  1 -1 -1  1 -1 -1  1  1 -1  1  1  1  1] [ 3 11 18 19 20 21 26 27 28 29 34 36 42 44 45 50] [ 5959  9393 11325  6125 13510 11465 10791  9081 11399  8696  9141 15189
  6280  9977 11685  9052] [] 1716450982.0056347847
[ 1  1  1  1  1 -1  1  1  1  1  1  1  1  1  1  1] [ 3 11 18 19 20 21 26 27 28 29 34 36 42 44 45 50] [ 5915  9356 11138  5809 13122 11488 10756  9043 11325  8617  8972 14965
  5621  9572 11492  8823] [] 1716450982.0486531258
[ 1  1  1  1 -1 -1  1  1  1  1  1  1  1  1  1 -1 -1] [ 3 11 18 19 20 21 26 27 28 29 34 36 42 44 45 50 53] [ 5833  9238 11050  5579 13207 11490 10610  8845 11236  8551  8843 14047
  5538  8120 11471  8847 14639] [] 1716450982.0915346146
[ 1  1  1  1  1  1  1  1  1  1  1 -1  1  1 -1  1  1] [ 3 11 18 19 20 21 26 27 28 29 34 36 42 44 45 50 53] [ 5763  9220 10911  5293 13067 11362 10547  8797  9124  8511  7771 14424
  5536  7918 11536  8795 12149] [] 1716450982.1346073151
[ 1  1  1  1  1 -1  1  1  1 -1  1  1  1  1  1 -1  1] [ 3 11 18 19 20 21 26 27 28 29 34 36 42 44 45 50 53] [ 5745  9215 10858  5249 12714 11513  8625  8783  7928  8557  7596 14307
  5267  7097  9377  8797  7740] [] 1716450982.1776034832
[ 1 -1  1  1  1 -1  1  1 -1  1 -1  1  1  1  1  1  1  1] [ 3 10 11 18 19 20 21 26 27 28 29 34 36 42 44 45 50 53] [ 5743 13046  9181 10781  5062 12819 11492  8563  8799  7902  8599  7162
 13162  5249  6661  8717  8685  7264] [] 1716450982.2206716537
[1 1 1 1 1 1 1 1 1 1 1 1 1 1 1 1 1 1] [ 3 10 11 18 19 20 21 26 27 28 29 34 36 42 44 45 50 53] [ 5686 12752  9169 10614  4904 12522 11324  8420  8667  7803  8530  6840
 13152  5059  6336  8430  8581  6756] [] 1716450982.2635941505
[ 1  1 -1  1  1  1  1  1 -1  1  1  1 -1  1  1  1 -1  1  1 -1] [ 3 10 11 18 19 20 21 26 27 28 29 34 35 36 42 44 45 50 53 61] [ 5624 11168  9184 10498  4761 12490 11177  8319  8679  7803  8430  6229
 15386 12561  4992  6036 10001  8509  6551 15449] [] 1716450982.3066434860
[ 1  1  1  1  1  1  1  1  1  1  1  1  1  1  1 -1  1  1  1] [ 3 10 11 18 19 20 21 26 27 28 29 34 36 42 44 45 50 53 61] [ 5574  9365  9155 10346  4531 12466 11012  8211  8598  7642  8056  5835
 12131  4975  5935 11256  8111  6391  7674] [] 1716450982.3496172428
[ 1  1 -1  1  1  1  1  1 -1 -1 -1  1 -1  1  1  1  1  1  1  1] [ 3 10 11 18 19 20 21 26 27 28 29 34 35 36 42 44 45 50 53 61] [ 5562  8879  9191 10282  4516 12075 10971  8152  8695  7697  8065  5802
 13803 11579  4736  5740 10174  7663  6240  7532] [] 1716450982.3926765919
[ 1  1  1  1  1 -1  1  1  1  1  1 -1  1  1 -1  1  1  1 -1  1 -1] [ 3 10 11 18 19 20 21 26 27 28 29 34 35 36 42 44 45 50 52 53 61] [ 5542  8450  9160 10267  4374 12267 10894  8089  8611  7641  7987  5823
 13416 11254  4759  5555  9491  7590 10309  5983  7635] [] 1716450982.4356112480
[ 1  1  1 -1 -1  1  1  1  1  1  1  1 -1  1  1  1  1  1  1  1 -1 -1] [ 3 10 11 18 19 20 21 26 27 28 29 34 35 36 42 44 45 50 52 53 54 61] [ 5483  8231  9087 10307  4611 12068 10744  8024  8420  7588  7931  5819
 13599 10222  4366  5351  8468  7587 10101  5944 16205  7733] [] 1716450982.4786503315
[-1 -1  1  1 -1  1  1 -1  1  1  1 -1  1 -1  1  1 -1 -1  1  1 -1  1  1] [ 3  4 10 11 18 19 20 21 26 27 28 29 34 35 36 42 44 45 50 52 53 54 61] [ 5597 10926  7867  8158 10356  4483 11654 10750  8023  8186  7454  7993
  5784 13830  9737  4272  5417  8974  7503 10025  6072 15080  7653] [] 1716450982.5217463970
[ 1 -1  1  1 -1  1 -1  1 -1 -1 -1  1  1  1  1  1  1 -1 -1 -1 -1 -1  1 -1] [ 3  4 10 11 18 19 20 21 26 27 28 29 34 35 36 42 44 45 50 51 52 53 54 61] [ 4567 12747  7756  7771 10381  4435 11756 10744  8073  8598  7520  7955
  5759 11315  8806  4244  5187  9046  7543 12126 10074  6146 11672  7799] [] 1716450982.5647091866
[ 1  1  1  1  1  1 -1 -1  1 -1  1  1 -1  1  1 -1 -1  1  1  1 -1  1  1 -1
  1] [ 3  4 10 11 18 19 20 21 26 27 28 29 34 35 36 37 42 44 45 50 51 52 53 54
 61] [ 4527 10602  7710  7234 10347  4399 11981 10792  7597  8659  7497  7946
  5807 11237  8063 16337  4264  4953  7111  7298 12135  9988  5738 15825
  7474] [] 1716450982.6076416969
[-1  1  1  1  1  1 -1 -1 -1  1  1 -1  1 -1 -1  1  1  1  1  1  1  1 -1  1
  1] [ 3  4 10 11 18 19 20 21 26 27 28 29 34 35 36 37 42 44 45 50 51 52 53 54
 61] [ 4579 10147  7339  6024 10228  4356 12096 10864  7641  8631  7438  8085
  5766 11267  8255 13756  4243  4872  7024  7222 11611  9868  5754 14223
  7470] [] 1716450982.6506872177
[ 1  1  1  1  1  1  1  1 -1  1  1  1 -1 -1  1  1  1  1  1  1  1  1  1  1
  1] [ 3  4 10 11 18 19 20 21 26 27 28 29 34 35 36 37 42 44 45 50 51 52 53 54
 61] [ 4528  9554  7239  5973  8763  4228 11940 10754  7968  8574  7117  7904
  5772 11301  7511 13504  4042  4819  6879  6601 11395  9848  5467 12747
  7285] [] 1716450982.6936714649
[ 1  1  1  1  1  1  1  1  1  1 -1  1 -1  1  1  1  1  1  1 -1  1  1  1  1
  1 -1 -1] [ 3  4 10 11 18 19 20 21 26 27 28 29 34 35 36 37 42 44 45 46 50 51 52 53
 54 55 61] [ 4495  9529  7049  5944  8550  4178 11872 10714  7480  8523  7380  7852
  5811 11191  7153 13128  3728  4679  6811 15648  6198 10936  9704  5299
 11773 14488  7301] [] 1716450982.7367262840
[ 1  1  1  1  1  1 -1 -1  1 -1  1  1  1 -1  1 -1  1  1 -1  1  1  1  1  1
 -1  1  1] [ 3  4 10 11 18 19 20 21 26 27 28 29 34 35 36 37 42 44 45 46 50 51 52 53
 54 55 61] [ 4462  9409  6923  5899  8510  4095 11898 10749  6134  8703  7086  7781
  5792 11448  6977 13380  3712  4675  6836 13420  6182 10826  9675  5076
 13848 10635  7249] [] 1716450982.7796716690
[ 1 -1  1  1 -1 -1 -1  1  1  1  1  1 -1 -1 -1  1 -1  1 -1  1  1 -1 -1  1
 -1 -1  1  1 -1] [ 3  4 10 11 17 18 19 20 21 26 27 28 29 34 35 36 37 42 44 45 46 47 50 51
 52 53 54 55 61] [ 4287  9411  6805  5691 16339  8555  4209 11710 10581  5748  8599  6870
  7812  5829 11505  6949 13412  3552  4712  6831 10821 13479  6203 10683
  9697  5177 11803  7118  7259] [] 1716450982.8227534294
[-1 -1  1  1  1  1  1  1  1 -1  1  1  1  1  1  1  1 -1  1  1 -1 -1 -1  1
  1  1  1  1  1 -1] [ 2  3  4 10 11 17 18 19 20 21 26 27 28 29 34 35 36 37 42 44 45 46 47 50
 51 52 53 54 55 61] [15298  4351  9303  6181  5503 16271  8350  4192 11602 10608  5485  8563
  6150  7807  5768 11503  6756 13608  3518  4661  6847 12696 13853  5967
 10606  9646  5036 10664  6771  7281] [] 1716450982.8657274246
[-1  1 -1  1 -1  1  1  1  1  1  1  1 -1  1  1  1 -1  1  1  1  1  1  1  1
  1  1  1  1  1] [ 2  3  4 10 11 18 19 20 21 26 27 28 29 34 35 36 37 42 44 45 46 47 50 51
 52 53 54 55 61] [15578  4333  9310  5942  5563  8234  4059 11491 10593  4895  8523  5615
  7887  5707 11497  6627 13626  3340  4222  6696  8798 13227  5679 10524
  9030  5013 10013  6158  7134] [] 1716450982.9088029861
[ 1 -1 -1  1  1 -1  1  1  1  1  1  1  1  1  1  1  1  1  1  1  1 -1  1  1
  1  1  1  1  1  1] [ 2  3  4 10 11 17 18 19 20 21 26 27 28 29 34 35 36 37 42 44 45 46 47 50
 51 52 53 54 55 61] [15195  4375  9370  5569  5049 15879  7610  3915 11474 10488  4771  8495
  5565  7757  5706 11271  6154 13524  3174  4140  6645  9251 10403  5580
 10518  8537  4889  9916  5858  7085] [] 1716450982.9517629147
[-1  1  1  1  1  1  1  1 -1  1  1 -1  1  1 -1  1 -1  1  1  1  1  1  1  1
 -1  1  1  1  1  1] [ 2  3  4 10 11 17 18 19 20 21 26 27 28 29 34 35 36 37 42 44 45 46 47 50
 51 52 53 54 55 61] [15243  4308  9283  5375  4851 15810  6953  3830 11499 10475  4521  8501
  5532  7708  5712 10903  6358 13508  3100  4086  6559  8178  7396  5515
 10538  8213  4784  9572  5353  7009] [] 1716450982.9947373867
[ 1  1 -1  1 -1  1  1 -1  1 -1  1  1  1  1  1  1  1  1  1  1  1  1  1  1
  1  1  1 -1  1  1] [ 2  3  4 10 11 17 18 19 20 21 26 27 28 29 34 35 36 37 42 44 45 46 47 50
 51 52 53 54 55 61] [15049  4294  9347  5073  4891 15595  6228  3841 11415 10512  4424  8468
  5252  7658  5700 10825  5968 11443  3048  3949  6482  7886  6335  5423
 10438  7931  4717  9642  4916  6918] [] 1716450983.0377078056
[ 1 -1  1  1  1 -1  1  1 -1  1  1  1  1  1  1  1  1  1  1  1  1  1  1  1
 -1  1  1  1  1  1] [ 2  3  4 10 11 17 18 19 20 21 26 27 28 29 34 35 36 37 42 44 45 46 47 50
 51 52 53 54 55 61] [15014  4323  9206  4958  4519 15767  5449  3780 11487 10390  4381  8353
  5037  7517  5586 10541  5739 10970  2966  3879  6391  7732  6045  4731
 10472  7913  4638  9082  4596  6823] [] 1716450983.0806903839
[-1  1 -1  1  1  1  1  1  1 -1  1 -1  1 -1  1  1  1  1  1  1  1  1  1 -1
  1 -1  1  1  1  1] [ 2  3  4 10 11 17 18 19 20 21 26 27 28 29 34 35 36 37 42 44 45 46 47 50
 51 52 53 54 55 61] [15034  4229  9267  4707  4197 15539  4937  3754 11336 10424  4294  8400
  4902  7547  5578 10492  5513 10497  2944  3734  6059  7669  6029  4802
 10383  8070  4450  9018  4460  6708] [] 1716450983.1237049103
[-1  1  1  1  1 -1  1  1 -1 -1  1 -1  1  1  1 -1  1 -1  1  1  1  1  1  1
 -1  1  1  1  1  1] [ 2  3  4 10 11 17 18 19 20 21 26 27 28 29 34 35 36 37 42 44 45 46 47 50
 51 52 53 54 55 61] [15090  4191  9241  4703  3937 15730  4839  3678 11667 10427  4179  8736
  4861  7340  5539 10660  5279 10685  2881  3594  5825  7525  5533  4604
 10427  7871  4359  8799  4304  6634] [] 1716450983.1667335033
[ 1  1 -1  1  1  1 -1  1  1 -1 -1  1  1 -1  1 -1  1  1 -1  1  1  1 -1  1
  1  1  1 -1  1 -1  1] [ 2  3  4 10 11 17 18 19 20 21 26 27 28 29 34 35 36 37 41 42 44 45 46 47
 50 51 52 53 54 55 61] [14988  4111  9290  4235  3631 15661  4883  3633 11078 10450  4277  8724
  4827  7446  5495 10834  5236 10232 14383  2854  3511  5820  7549  5080
  4578 10392  7310  4472  7981  4432  6626] [] 1716450983.2097170353
[ 1  1  1  1  1 -1  1  1 -1  1  1 -1  1  1  1  1  1 -1 -1  1  1 -1  1  1
  1  1  1  1  1  1  1] [ 2  3  4 10 11 17 18 19 20 21 26 27 28 29 34 35 36 37 41 42 44 45 46 47
 50 51 52 53 54 55 61] [14988  4095  9247  4047  3478 16224  4821  3593 11334 10405  4102  8772
  4729  7295  5417 10744  5111 10310 14605  2836  3438  5895  7534  4830
  4564 10333  7231  4264  7867  4288  6618] [] 1716450983.2527344227
[-1  1  1 -1  1  1  1  1 -1 -1  1  1  1 -1  1 -1  1 -1  1  1 -1  1  1 -1
 -1 -1 -1  1  1 -1  1] [ 2  3  4 10 11 17 18 19 20 21 26 27 28 29 34 35 36 37 41 42 44 45 46 47
 50 51 52 53 54 55 61] [15130  4029  9245  4247  3455 16176  4571  3554 11450 10425  3965  8458
  4580  7390  5414 10788  5099 10593 13709  2826  3456  5843  7500  4878
  4620 10401  7294  4189  7201  4306  6593] [] 1716450983.2956831455
[ 1  1  1  1  1  1  1  1  1  1  1 -1  1  1  1  1  1  1  1  1  1  1 -1  1
  1  1  1  1  1 -1  1] [ 2  3  4 10 11 17 18 19 20 21 26 27 28 29 34 35 36 37 41 42 44 45 46 47
 50 51 52 53 54 55 61] [14995  3934  9240  4187  3327 15993  4469  3539 11402 10360  3923  8817
  4508  7344  5383 10496  5056 10592 13553  2780  3364  5803  7551  4825
  4614 10332  7138  4080  6804  4324  6569] [] 1716450983.3386859894
[-1 -1 -1 -1  1 -1 -1  1  1  1 -1  1 -1 -1 -1  1  1  1  1  1  1  1 -1 -1
 -1  1 -1  1  1  1  1] [ 2  3  4 10 11 17 18 19 20 21 26 27 28 29 34 35 36 37 41 42 44 45 46 47
 50 51 52 53 54 55 61] [15042  3967  9253  4211  3257 16021  4687  3524 10828 10360  3931  8763
  4518  7345  5387 10172  5018 10582 13398  2764  3326  5791  7561  4848
  4620 10294  7431  4068  6731  4308  6546] [] 1716450983.3817157745
[ 1  1  1  1 -1 -1  1 -1  1  1 -1 -1  1  1  1 -1 -1 -1  1 -1 -1 -1  1 -1
  1  1 -1 -1 -1  1 -1] [ 2  3  4 10 11 17 18 19 20 21 26 27 28 29 34 35 36 37 41 42 44 45 46 47
 50 51 52 53 54 55 61] [15010  3911  9219  4183  3301 16153  4429  3540 10644 10300  3975  8769
  4478  7326  5360 10208  5074 10593 13357  2805  3328  5843  7475  4919
  4540 10289  7527  4141  6868  4300  6606] [] 1716450983.4247670174
[-1 -1  1  1 -1  1 -1 -1  1  1  1  1 -1  1 -1  1 -1 -1  1 -1 -1 -1 -1 -1
 -1 -1 -1 -1 -1 -1] [ 2  3  4 10 11 17 18 19 20 21 26 27 28 29 34 35 36 37 42 44 45 46 47 50
 51 52 53 54 55 61] [15062  4021  9218  4175  3367 15910  4823  3558 10558 10204  3876  8759
  4528  7321  5381 10016  5170 10600  2804  3516  5880  7513  5268  5220
 10519  7772  4302  7075  4584  6638] [] 1716450983.4676804543
[ 1 -1  1 -1 -1 -1 -1  1 -1 -1 -1  1 -1  1 -1 -1  1 -1 -1 -1 -1 -1 -1  1
  1  1 -1 -1 -1 -1] [ 2  3  4 10 11 17 18 19 20 21 26 27 28 29 34 35 36 37 42 44 45 46 47 50
 51 52 53 54 55 61] [14975  4083  9213  4551  3680 16164  4869  3557 11228 10350  4045  8496
  4614  7296  5420 10136  5162 10632  2876  3576  5911  7678  5981  4580
 10376  7609  4420  8202  4927  6746] [] 1716450983.5106754303
[-1 -1 -1 -1 -1 -1 -1 -1 -1  1 -1  1 -1 -1  1  1 -1  1 -1 -1 -1 -1 -1 -1
 -1 -1 -1 -1 -1 -1] [ 2  3  4 10 11 17 18 19 20 21 26 27 28 29 34 35 36 37 42 44 45 46 47 50
 51 52 53 54 55 61] [15004  4149  9223  4687  4141 16302  4928  3633 11446 10048  4416  8245
  4919  7350  5410  9875  5454 10456  2996  3660  5932  7737  7051  5321
 10383  7791  4484  8513  5326  6849] [] 1716450983.5537180901
[ 1 -1  1 -1 -1  1 -1 -1  1 -1 -1  1 -1 -1 -1 -1  1 -1 -1 -1 -1 -1 -1 -1
 -1 -1 -1 -1 -1 -1] [ 2  3  4 10 11 17 18 19 20 21 26 27 28 29 34 35 36 37 42 44 45 46 47 50
 51 52 53 54 55 61] [14968  4154  9207  5005  4429 15903  5951  3711 11349 10050  4986  8236
  5021  7375  5427 10000  5451 10470  3136  3785  5973  7865  9322  5499
 10409  7989  4584  8751  5938  6913] [] 1716450983.5967159271
[ 1 -1  1 -1 -1  1 -1  1  1 -1 -1 -1 -1 -1 -1 -1 -1 -1 -1 -1 -1 -1 -1 -1
  1 -1 -1 -1 -1 -1] [ 2  3  4 10 11 17 18 19 20 21 26 27 28 29 34 35 36 37 42 44 45 46 47 50
 51 52 53 54 55 61] [14963  4207  9155  5229  4759 15827  7113  3679 11308 10134  5318  8464
  5408  7390  5431 10031  5527 12716  3172  3914  6121  8778 11409  5561
 10400  8221  4698  8995  6528  7043] [] 1716450983.6396939754
[ 1 -1 -1 -1 -1 -1 -1 -1 -1 -1 -1  1 -1 -1 -1 -1 -1 -1 -1 -1 -1 -1 -1 -1
 -1 -1 -1 -1 -1 -1] [ 2  3  4 10 11 17 18 19 20 21 26 27 28 29 34 35 36 37 42 44 45 46 47 50
 51 52 53 54 55 61] [14934  4253  9256  5771  4998 16251  7135  3738 11459 10142  5427  8435
  5783  7415  5453 10119  5576 12918  3296  3956  6247  8887 15547  5600
 10429  8479  4888  9227  7421  7105] [] 1716450983.6826684475
[ 1 -1  1 -1 -1  1 -1 -1 -1 -1 -1  1 -1  1 -1 -1 -1  1 -1 -1 -1 -1 -1 -1
 -1 -1 -1 -1 -1] [ 2  3  4 10 11 17 18 19 20 21 26 27 28 29 34 35 36 37 42 44 45 46 50 51
 52 53 54 55 61] [14908  4259  9225  5978  5103 15943  7219  3771 11669 10234  5655  8413
  5923  7387  5473 10384  5971 12696  3458  4028  6597  8950  6046 10459
  9359  5016  9267 10427  7116] [] 1716450983.7256929874
[-1 -1 -1 -1 -1  1  1 -1  1 -1 -1 -1 -1  1 -1  1 -1 -1 -1 -1 -1  1 -1  1
 -1 -1 -1  1] [ 2  3  4 10 11 17 18 19 20 21 26 27 28 29 34 35 36 37 42 44 45 46 50 51
 52 53 54 61] [14950  4293  9299  6513  5292 15765  7165  3827 11487 10541  7321  8455
  6169  7380  5607 10256  6207 13402  3486  4126  6675  8930  6464 10367
  9387  5028  9637  7041] [] 1716450983.7687392235
[-1 -1  1 -1 -1 -1 -1 -1 -1  1 -1 -1 -1  1  1 -1 -1 -1 -1  1 -1 -1 -1 -1
 -1 -1 -1] [ 2  3  4 10 11 18 19 20 21 26 27 28 29 34 35 36 37 42 44 45 46 50 51 52
 53 54 61] [15125  4357  9288  6793  5517  7192  3924 11596 10624  6703  8503  6431
  7395  5599 10190  6453 13672  3678  4319  6665 10908  6791 10596  9471
  5129 10182  7118] [] 1716450983.8116641045
[ 1 -1 -1 -1  1 -1 -1 -1  1 -1 -1  1 -1 -1 -1 -1  1 -1 -1 -1 -1 -1 -1 -1
 -1 -1 -1] [ 2  3  4 10 11 18 19 20 21 26 27 28 29 34 35 36 37 42 44 45 46 50 51 52
 53 54 61] [14990  4419  9343  6799  5446  7357  3955 11805 10589  7047  8545  6407
  7425  5635 10253  6554 13567  3682  4445  7620 11932  7119 10696  9779
  5468 11001  7359] [] 1716450983.8547017574
[ 1 -1 -1 -1 -1 -1 -1  1 -1 -1  1 -1 -1 -1 -1 -1 -1 -1 -1 -1 -1 -1 -1 -1
 -1  1] [ 2  3  4 10 11 18 19 20 21 26 27 28 29 34 35 36 42 44 45 46 50 51 52 53
 54 61] [14968  5311  9457  7821  6064  8280  3970 11725 10677  9637  8504  6539
  7459  5638 10831  6701  3905  4594  7707 12224  7280 11014  9881  5725
 13826  7344] [] 1716450983.8977000713
[-1 -1  1 -1 -1 -1 -1  1 -1 -1 -1 -1 -1 -1 -1 -1 -1 -1 -1 -1 -1 -1  1 -1
 -1 -1] [ 2  3  4 10 11 18 19 20 21 26 27 28 29 34 35 36 42 44 45 46 50 51 52 53
 54 61] [15084  5367  9405  8315  6460  8526  4104 11648 10836  9917  8508  6631
  7587  5660 10874  7014  3990  4624  7743 12324  7379 11166  9838  5892
 15780  7413] [] 1716450983.9407296181
[ 1  1 -1 -1 -1 -1  1 -1 -1 -1  1 -1  1 -1 -1  1 -1  1 -1  1 -1  1 -1  1] [ 2  3  4 10 11 18 19 20 21 26 27 28 29 34 35 36 42 44 45 50 52 53 54 61] [15035  5314  9437 10251  6975  9702  4095 11661 10838 11835  8490  7273
  7587  5727 10875  6985  4026  4551  7796  7291  9877  5840 15885  7412] [] 1716450983.9836738110
[ 1 -1 -1 -1 -1  1  1 -1 -1  1 -1  1  1 -1 -1 -1 -1  1 -1 -1 -1 -1] [ 3  4 10 11 18 19 20 21 26 27 28 29 34 35 36 42 44 45 50 52 53 61] [ 5269  9459 10760  7067 10042  4064 11635 10869 11912  8388  7309  7508
  5707 11140  7159  4182  4654  7787  7407  9943  6025  7550] [] 1716450984.0266609192
[-1 -1 -1 -1 -1 -1 -1 -1 -1  1 -1 -1 -1 -1 -1 -1 -1 -1 -1 -1 -1 -1] [ 3  4 10 11 18 19 20 21 26 27 28 29 34 35 36 42 44 45 50 52 53 61] [ 5307  9631 11711  7287 10144  4216 11672 10957 12009  8377  7331  7616
  6576 11276  7733  4421  4747  7882  7453 10092  6130  7693] [] 1716450984.0696823597
[ 1 -1  1 -1 -1 -1 -1 -1 -1  1 -1 -1 -1 -1 -1  1 -1 -1 -1 -1 -1 -1] [ 3  4 10 11 18 19 20 21 26 27 28 29 34 35 36 42 44 45 50 52 53 61] [ 5297 10181 11679  7541 10165  4244 11713 11049 12074  8374  7409  7647
  6610 13478  7855  4419  4847  8030  8290 10168  6409  7855] [] 1716450984.1127157211
[ 1 -1 -1 -1 -1  1  1 -1 -1 -1 -1 -1  1 -1 -1 -1 -1 -1 -1  1] [ 3 10 11 18 19 20 21 26 27 28 29 34 35 36 42 44 45 50 52 53] [ 5213 12674  7593 10325  4378 11694 10925 12177  8491  7472  7751  6688
 13428  8159  4614  5135  8063  8320 10222  6348] [] 1716450984.1556363106
[-1 -1 -1 -1  1 -1 -1 -1 -1  1 -1 -1 -1 -1 -1 -1 -1 -1 -1 -1] [ 3 10 11 18 19 20 21 26 27 28 29 34 35 36 42 44 45 50 52 53] [ 5239 13001  7652 10477  4369 11816 11110 12181  8566  7393  7833  8110
 13501  8920  4785  5422  8481  8384 11114  6996] [] 1716450984.1986446381
[-1 -1 -1 -1 -1 -1 -1 -1 -1 -1 -1  1 -1 -1 -1 -1  1 -1 -1] [ 3 10 11 18 19 20 21 26 27 28 29 34 35 36 42 44 45 50 53] [ 5605 14477  8378 10617  4548 12132 11388 12516  8639  7658  8220  8071
 13632  9325  5048  5559  8338  8395  9467] [] 1716450984.2416074276
[ 1 -1 -1 -1 -1  1 -1 -1 -1  1 -1 -1 -1 -1 -1 -1 -1 -1 -1] [ 3 10 11 18 19 20 21 26 27 28 29 34 35 36 42 44 45 50 53] [ 5587 15028  8653 10860  4594 12112 11520 12613  8688  7648  8300  8097
 13680  9777  5132  5775  8342  8550 11674] [] 1716450984.2846333981
[-1 -1  1  1 -1 -1  1 -1 -1 -1 -1 -1 -1 -1 -1 -1 -1  1] [ 3 10 11 18 19 20 21 26 27 28 29 34 35 36 42 44 45 50] [ 5588 15602  8616 10762  4685 12154 11361 12684  8692  7888  8349  8111
 13748 10026  5274  6200  8366  8528] [] 1716450984.3276228905
[-1 -1 -1 -1 -1 -1  1 -1 -1 -1  1 -1 -1 -1 -1 -1] [ 3 11 18 19 20 21 27 28 29 34 35 36 42 44 45 50] [ 5659  8799 10916  4802 12481 11822  8686  7934  8554  8214 13638 11403
  5517  6268 11675  8588] [] 1716450984.3706531525
[-1  1 -1 -1 -1 -1 -1  1  1 -1  1  1  1  1 -1] [ 3 11 18 19 20 21 27 28 29 34 35 36 42 44 50] [ 5726  8795 11234  4898 12576 11825  8739  7912  8554  8225 13633 10952
  5514  6256  9359] [] 1716450984.4136037827
[ 1 -1 -1 -1  1  1 -1  1 -1  1  1 -1 -1 -1] [ 3 11 18 19 20 27 28 29 34 35 36 42 44 50] [ 5676  8895 11245  4982 12559  8636  8826  8169  8230 13627 10806  5735
  6789  9858] [] 1716450984.4565899372
[-1  1 -1 -1 -1 -1  1 -1 -1 -1 -1 -1 -1 -1] [ 3 11 18 19 20 27 28 29 34 35 36 42 44 50] [ 5739  8854 11538  5273 12724  8666  8770 11247  8368 13786 10961  6211
  8459 10395] [] 1716450984.4996221066
[-1  1 -1 -1  1 -1 -1 -1 -1 -1 -1 -1  1] [ 3 11 19 20 27 28 29 34 35 36 42 44 50] [ 5810  8818  5645 13246  8607  8851 11507  8535 13860 11083  6319  9927
 10334] [] 1716450984.5425825119
[-1 -1 -1  1 -1 -1 -1 -1 -1 -1  1 -1  1] [ 3 11 19 20 27 28 29 34 35 36 42 44 50] [ 5876  8917  5768 13121  8672  8935 11604  8658 13884 14893  6295 10951
 10305] [] 1716450984.5855779648
[-1  1 -1 -1 -1 -1 -1 -1 -1 -1  1 -1] [ 3 11 19 20 27 28 29 34 35 36 42 44] [ 5930  8877  6045 13316  8708  8951 11743  8882 13889 14898  6106 11262] [] 1716450984.6289634705
[-1 -1 -1 -1 -1 -1 -1 -1 -1  1 -1 -1] [ 3 11 19 20 27 28 29 34 35 36 42 44] [ 6025  8893  6397 14076  8769  8958 11868 10383 14131 14812  6207 11895] [] 1716450984.6718018055
[-1 -1 -1 -1 -1 -1 -1 -1  1  1 -1 -1] [ 3 11 19 20 27 28 29 34 35 36 42 44] [ 6161  8968  7222 14374  8909  9324 12019 10695 14131 14711  6485 11914] [] 1716450984.7148056030
[ 1 -1 -1 -1  1 -1 -1 -1  1  1 -1] [11 19 20 27 28 29 34 35 36 42 44] [ 8943  8349 14989  8935  9239 15804 11259 14132 14567  6263 12030] [] 1716450984.7578010559
[ 1 -1 -1  1  1 -1 -1 -1 -1] [11 19 20 27 28 34 35 42 44] [ 8878 11293 16380  8933  8735 14657 14143  6282 12114] [] 1716450984.8007209301
[-1 -1 -1 -1 -1  1  1 -1] [11 19 27 28 34 35 42 44] [ 8953 12475  8937  8805 15360 14132  5966 12644] [] 1716450984.8437919617
[ 1 -1 -1 -1] [11 27 28 42] [ 8880 10801  8986  6547] [] 1716450984.8867502213
[-1 -1  1 -1] [11 27 28 42] [ 8900 10855  8519  7767] [] 1716450984.9297289848
[-1 -1 -1 -1] [11 27 28 42] [ 9234 10938 10493  9550] [] 1716450984.9726486206
[-1 -1 -1 -1] [11 27 28 42] [ 9478 11181 10697 11904] [] 1716450985.0155568123
[-1 -1 -1] [11 27 28] [ 9652 11303 11262] [] 1716450985.0585901737
[-1 -1 -1] [11 27 28] [10052 11437 12335] [] 1716450985.1015565395
[-1 -1] [11 27] [10137 11479] [] 1716450985.1445095539
[-1 -1] [11 27] [10500 11700] [] 1716450985.1875030994
2 2 2 1716450985.5823972225
