FA TAX ADC PRES TS
[-1 -1] [11 19] [11998 12576] [] 1716451713.9969511032
[ 1 -1] [11 19] [11911 12603] [] 1716451714.0401027203
[1 1] [11 19] [10946 11757] [] 1716451714.0830101967
[-1 -1] [11 19] [11541 11772] [] 1716451714.1260755062
[1 1] [11 19] [10660 11245] [] 1716451714.1690168381
[1 1] [11 19] [10047  9306] [] 1716451714.2120649815
[1 1] [11 19] [9840 8998] [] 1716451714.2549533844
[1 1] [11 19] [9265 8024] [] 1716451714.2980325222
[ 1  1 -1] [11 19 27] [ 9215  7760 14795] [] 1716451714.3410243988
[1 1 1] [11 19 27] [ 9210  7566 12712] [] 1716451714.3840188980
[-1 -1  1  1] [ 3 11 19 27] [ 9504  9396  7403 10352] [] 1716451714.4270617962
[ 1 -1  1 -1  1 -1] [ 3 11 19 20 27 28] [ 8664  9401  6793 15175  9573 11948] [] 1716451714.4700665474
[ 1  1  1  1  1  1 -1 -1] [ 3 11 19 20 27 28 34 42] [ 6196  9295  6582 14458  9465 11701 14093 15277] [] 1716451714.5131227970
[ 1 -1 -1 -1  1  1 -1 -1 -1  1 -1 -1] [ 3 10 11 18 19 20 26 27 28 34 42 44] [ 6189 14195  9617 12165  6479 13838 11672  9673 11835 12582 15867 14428] [] 1716451714.5559897423
[1 1 1 1 1 1 1 1 1 1 1 1] [ 3 10 11 18 19 20 26 27 28 34 42 44] [ 5934 13877  9476 11585  6059 13153 11535  9530 11706 12240 10657 13719] [] 1716451714.5989701748
[ 1  1  1  1  1 -1  1  1  1  1  1  1] [ 3 10 11 18 19 20 26 27 28 34 42 44] [ 5803 12347  9421 11433  5722 13314 11495  9481 11704 10343 10250 13455] [] 1716451714.6418542862
[1 1 1 1 1 1 1 1 1 1 1 1] [ 3 10 11 18 19 20 26 27 28 34 42 44] [ 5691 10763  8445 11172  5328 13079 11353  9308 11562  9849  9991 13243] [] 1716451714.6848275661
[ 1 -1  1  1  1  1  1  1  1  1  1  1] [ 3 10 11 18 19 20 26 27 28 34 42 44] [ 5497 11243  6768  8459  5101 12486 11166  8628 11419  9719  9449 13241] [] 1716451714.7279644012
[1 1 1 1 1 1 1 1 1 1 1 1] [ 3 10 11 18 19 20 26 27 28 34 42 44] [ 5100  9401  5927  8160  4933 12073 11054  8593 11357  9294  8681 12821] [] 1716451714.7709498405
[ 1  1  1  1  1  1 -1  1  1 -1 -1  1  1  1] [ 3 10 11 18 19 20 21 26 27 28 29 34 42 44] [ 4772  7705  4965  8095  4773 11562 11881  9041  7603 11581 11671  9044
  7213 12704] [] 1716451714.8139760494
[ 1  1  1  1  1  1  1  1  1 -1  1  1 -1  1  1] [ 3 10 11 18 19 20 21 26 27 28 29 34 35 42 44] [ 4562  6931  4291  7862  4525 11190 11455  8725  7049 11671 11324  9043
 15995  6118 12393] [] 1716451714.8568346500
[ 1  1  1  1  1  1  1  1  1  1 -1  1  1  1  1] [ 3 10 11 18 19 20 21 26 27 28 29 34 35 42 44] [ 4509  6644  3984  7809  4333 11122 11305  8634  6956 11492 11451  8001
 15900  5515  9993] [] 1716451714.8998396397
[ 1  1  1  1  1  1  1  1 -1  1  1  1 -1  1  1] [ 3 10 11 18 19 20 21 26 27 28 29 34 35 42 44] [ 4394  6499  3851  6845  4136 10981 11210  8401  7145  9189 11315  7932
 15990  5167  7710] [] 1716451714.9429519176
[ 1  1  1  1  1 -1  1  1 -1  1 -1  1  1 -1  1  1] [ 3 10 11 18 19 20 21 26 27 28 29 34 35 36 42 44] [ 4383  6317  3645  6133  4049 10986 10958  8351  7216  8999 11436  7695
 12597 15689  5139  6647] [] 1716451714.9858241081
[ 1  1  1  1  1  1 -1  1  1  1 -1  1  1  1  1 -1  1] [ 3 10 11 18 19 20 21 26 27 28 29 34 35 36 42 43 44] [ 3992  6110  3481  5475  3856 10835 11200  8209  6966  8876 11463  7566
 11599 15415  4892 15881  5353] [] 1716451715.0288419724
[ 1  1  1  1  1  1  1  1  1  1  1  1  1  1  1  1  1 -1] [ 3 10 11 18 19 20 21 26 27 28 29 34 35 36 42 43 44 50] [ 3743  5835  3170  4869  3704 10748 10871  8160  6279  8606 11380  7497
 10763 15251  4848 15517  5078  9497] [] 1716451715.0718619823
[ 1  1  1  1  1  1  1 -1 -1  1 -1  1 -1  1  1 -1  1  1] [ 3 10 11 18 19 20 21 26 27 28 29 34 35 36 42 43 44 50] [ 3743  5393  3094  4668  3666 10561 10742  8196  6312  8127 11575  6700
 11558 14965  4443 16158  4848  8387] [] 1716451715.1148643494
[ 1  1  1  1  1  1 -1  1  1  1  1  1  1  1  1  1  1  1] [ 3 10 11 18 19 20 21 26 27 28 29 34 35 36 42 43 44 50] [ 3537  5244  3007  4511  3601  7796 10770  6530  6240  7803 11367  6265
 10530 12357  4095 14479  4731  8105] [] 1716451715.1578619480
[-1 -1  1  1  1  1  1  1  1  1  1  1  1  1  1  1  1  1 -1  1] [ 2  3 10 11 18 19 20 21 26 27 28 29 34 35 36 42 43 44 45 50] [10991  3567  5047  2960  4148  3487  6989 10619  6271  6010  6739 11214
  5484 10423 11126  3903 14411  4522 12270  7828] [] 1716451715.2008769512
[ 1  1  1  1  1  1  1 -1  1  1  1  1 -1  1  1  1  1 -1  1  1 -1] [ 2  3 10 11 18 19 20 21 26 27 28 29 33 34 35 36 42 43 44 45 50] [10962  3507  4859  2820  4027  3470  6534 10729  6265  5983  6414 11204
 14034  5178  8783 10957  3638 14730  4224 11504  7848] [] 1716451715.2438671589
[ 1  1  1  1  1  1  1  1  1  1  1  1  1  1 -1  1  1 -1  1  1  1] [ 2  3 10 11 18 19 20 21 26 27 28 29 33 34 35 36 42 43 44 45 50] [10901  3327  4657  2663  3978  3362  6306 10459  5142  5703  5475 11141
 13429  4908  9276  9684  3400 14819  4054  8961  7204] [] 1716451715.2869026661
[-1  1  1  1  1  1  1 -1  1  1  1  1 -1  1  1  1  1 -1 -1 -1 -1 -1 -1] [ 2  3 10 11 18 19 20 21 26 27 28 29 33 34 35 36 42 43 44 45 50 51 53] [10917  3175  3991  2545  3784  3280  5843 10596  4423  5671  4508  8008
 13590  4464  7220  8879  3346 15895  4147  9019  7277 12138 12301] [] 1716451715.3298697472
[-1  1  1  1  1 -1  1 -1  1 -1  1 -1  1  1  1  1  1  1  1  1  1 -1  1] [ 2  3 10 11 18 19 20 21 26 27 28 29 33 34 35 36 42 43 44 45 50 51 53] [10954  3051  3741  2466  3675  3282  5789 10640  4175  5708  4190  8227
 13200  4114  6767  8251  3094 14603  3980  7633  6460 13459  8460] [] 1716451715.3728704453
[-1  1  1  1  1  1  1 -1  1  1  1  1 -1  1  1  1  1  1 -1  1  1  1 -1  1] [ 2  3 10 11 18 19 20 21 26 27 28 29 33 34 35 36 42 43 44 45 50 51 52 53] [11007  2969  3697  2400  3599  3194  5578 10883  3975  5645  3897  8017
 13265  3780  6607  7018  3002 13175  4072  7407  6062 11499 15161  8086] [] 1716451715.4158678055
[ 1  1  1  1  1  1  1  1  1 -1  1  1 -1  1  1  1  1  1  1  1  1  1  1  1] [ 2  3 10 11 18 19 20 21 26 27 28 29 33 34 35 36 42 43 44 45 50 51 52 53] [10938  2875  3590  2344  3396  3137  5465 10772  3719  5688  3775  7154
 13301  3714  6604  6598  2795 12689  3908  7169  5487 10998 14725  6847] [] 1716451715.4589185715
[ 1  1  1  1  1  1 -1  1  1  1  1  1  1  1  1  1 -1  1 -1  1  1  1  1  1
  1] [ 2  3 10 11 18 19 20 21 26 27 28 29 33 34 35 36 37 42 43 44 45 50 51 52
 53] [10738  2761  3323  2327  3200  3065  5874 10683  3490  5439  3565  7021
 12571  3389  6333  5690 16363  2612 13571  3802  7167  5016 10922 12423
  5754] [] 1716451715.5019791126
[ 1  1  1  1  1  1  1  1  1  1  1 -1  1  1  1  1  1  1  1  1  1  1  1  1
  1] [ 2  3 10 11 18 19 20 21 26 27 28 29 33 34 35 36 37 42 43 44 45 50 51 52
 53] [ 9689  2696  3248  2274  2983  3051  5813 10505  3121  5411  3335  7371
 12518  2991  5976  5507 13380  2562  9445  3648  7027  4710 10741 10407
  5434] [] 1716451715.5450525284
[ 1  1  1  1  1  1 -1  1  1  1  1  1  1  1  1  1  1  1  1  1  1  1  1  1
  1] [ 2  3 10 11 18 19 20 21 26 27 28 29 33 34 35 36 37 42 43 44 45 50 51 52
 53] [ 9099  2636  3197  2254  2900  3035  5927  9212  3017  5385  3188  6920
 12414  2821  5804  5394 13120  2501  9300  3581  6795  4685 10669  9876
  4982] [] 1716451715.5880250931
[ 1  1  1  1  1  1  1 -1  1  1  1  1  1  1  1  1  1 -1  1  1  1  1  1  1
  1  1] [ 2  3 10 11 18 19 20 21 26 27 28 29 33 34 35 36 37 41 42 43 44 45 50 51
 52 53] [ 8926  2552  3136  2191  2817  2947  5225  9219  2943  5017  3089  6882
 12204  2730  5604  5306 12953 11407  2500  9151  3500  6677  4457 10640
  9721  4793] [] 1716451715.6310920715
[ 1  1  1 -1 -1  1  1  1  1  1  1  1 -1  1  1  1  1  1  1 -1 -1  1  1  1
 -1  1] [ 2  3 10 11 18 19 20 21 26 27 28 29 33 34 35 36 37 41 42 43 44 45 50 51
 52 53] [ 8323  2501  3052  2195  2839  2933  5203  9069  2917  4694  3041  6783
 12432  2695  5225  5175 12800  9721  2495  9152  3514  6654  4346 10486
  9766  4753] [] 1716451715.6739661694
[ 1  1 -1  1  1  1 -1 -1  1  1 -1 -1  1  1  1  1 -1  1  1  1  1  1  1  1
  1  1] [ 2  3 10 11 18 19 20 21 26 27 28 29 33 34 35 36 37 41 42 43 44 45 50 51
 52 53] [ 7863  2481  3073  2175  2789  2927  5223  9168  2898  4692  3053  6819
 12385  2659  5176  5149 12882  9550  2482  9110  3458  6633  4290 10453
  9175  4704] [] 1716451715.7170820236
[ 1 -1  1  1  1  1  1  1  1 -1  1  1  1  1 -1  1  1  1  1  1  1 -1  1 -1
  1 -1] [ 2  3 10 11 18 19 20 21 26 27 28 29 33 34 35 36 37 41 42 43 44 45 50 51
 52 53] [ 7482  2511  3028  2158  2788  2836  5158  8957  2891  4702  3015  6753
 12290  2618  5182  5061 12730  9464  2480  9007  3417  6640  4220 10553
  9105  4861] [] 1716451715.7601828575
[ 1 -1  1  1 -1  1  1 -1 -1 -1  1  1 -1  1  1  1 -1 -1 -1 -1 -1 -1 -1 -1
 -1 -1] [ 2  3 10 11 18 19 20 21 26 27 28 29 33 34 35 36 37 41 42 43 44 45 50 51
 52 53] [ 7347  2515  3027  2152  2791  2825  5133  8977  2917  4710  2992  6699
 12328  2600  5118  5025 12744 11337  2501  9024  3483  6706  4342 10606
  9690  5076] [] 1716451715.8030920029
[-1  1 -1 -1  1 -1  1 -1  1  1 -1  1  1 -1  1 -1 -1 -1 -1 -1 -1 -1 -1 -1
 -1] [ 2  3 10 11 18 19 20 21 26 27 28 29 33 34 35 36 37 42 43 44 45 50 51 52
 53] [ 7462  2488  3040  2187  2768  2840  5130  8979  2883  4659  3069  6677
 12205  2636  5107  5163 12758  2511  9167  3602  6931  4496 10662 10334
  5671] [] 1716451715.8460316658
[-1 -1 -1 -1 -1 -1  1  1 -1  1 -1 -1 -1 -1 -1 -1 -1 -1 -1 -1 -1 -1 -1 -1
 -1] [ 2  3 10 11 18 19 20 21 26 27 28 29 33 34 35 36 37 42 43 44 45 50 51 52
 53] [ 8246  2559  3084  2195  2807  2843  5077  8969  2953  4642  3174  6781
 12234  2722  5179  5257 12889  2615 12009  3740  7190  4751 10739 12623
  8770] [] 1716451715.8891308308
[-1 -1 -1 -1 -1 -1 -1 -1 -1 -1 -1 -1  1 -1 -1 -1 -1 -1 -1 -1  1 -1  1 -1] [ 2  3 10 11 18 19 20 21 26 27 28 29 33 34 35 36 37 42 43 44 45 50 51 53] [ 9479  2703  3192  2238  2903  2879  5161 10468  3065  4672  3283  6855
 12117  3079  5409  5358 13055  2651 12150  3762  7051  4901 10716 11749] [] 1716451715.9320988655
[-1  1 -1 -1 -1 -1  1  1 -1 -1 -1  1 -1 -1 -1 -1 -1 -1  1  1 -1 -1] [ 2  3 10 11 18 19 20 21 26 27 28 29 33 34 35 36 42 43 44 45 50 51] [10903  2695  3287  2267  3095  2900  5075 10352  3135  4745  3371  6820
 12301  3216  5527  5518  2773 12191  3608  6731  5401 10853] [] 1716451715.9750165939
[ 1 -1  1 -1 -1 -1 -1  1 -1 -1 -1  1 -1 -1 -1 -1 -1 -1 -1 -1 -1 -1] [ 2  3 10 11 18 19 20 21 26 27 28 29 33 34 35 36 42 43 44 45 50 51] [10717  2796  3286  2314  3212  2975  5114 10143  3269  5202  3541  6760
 12526  3504  5655  6147  2982 14234  3708 11851  6696 11670] [] 1716451716.0179221630
[-1 -1 -1 -1 -1 -1 -1 -1 -1 -1 -1 -1 -1 -1 -1 -1 -1 -1  1 -1] [ 2  3 10 11 18 19 20 21 26 27 28 29 33 34 35 36 42 43 44 50] [10881  2915  3583  2406  3548  3026  5382 10195  3558  5413  3826  7388
 12892  3931  6093  7038  3058 14241  3520  6839] [] 1716451716.0608193874
[-1 -1 -1 -1 -1 -1  1 -1 -1 -1 -1 -1 -1 -1 -1 -1 -1 -1 -1 -1] [ 2  3 10 11 18 19 20 21 26 27 28 29 33 34 35 36 42 43 44 50] [10949  3025  3807  2439  3566  3054  5329 10279  3642  5456  4046  7487
 12977  4027  6475  8009  3486 14627  3792  7783] [] 1716451716.1038186550
[-1 -1 -1 -1 -1 -1 -1 -1 -1 -1 -1 -1 -1 -1 -1 -1 -1 -1 -1 -1] [ 2  3 10 11 18 19 20 21 26 27 28 29 33 34 35 36 42 43 44 50] [11015  3185  4345  2659  3758  3154  5601 10484  4165  5578  5291  7738
 13320  4653  6817  9954  3767 14983  4026  8184] [] 1716451716.1467938423
[-1 -1 -1 -1 -1 -1 -1  1 -1 -1 -1 -1 -1 -1 -1 -1 -1 -1 -1 -1] [ 2  3 10 11 18 19 20 21 26 27 28 29 33 34 35 36 42 43 44 50] [11515  3315  4675  2757  3917  3230  6006 10392  5310  5626  6213 10888
 15900  5233  8156 10619  3782 15386  4300 15725] [] 1716451716.1898765564
[-1 -1 -1  1 -1 -1 -1 -1 -1  1 -1  1 -1 -1 -1 -1 -1 -1] [ 2  3 10 11 18 19 20 21 26 27 28 29 34 35 36 42 43 44] [15087  3430  5003  2753  3939  3246  6224 10398  5866  5626  6683 10848
  5561  8565 10664  4341 16018  5108] [] 1716451716.2327980995
[-1 -1 -1 -1 -1 -1 -1 -1 -1 -1 -1 -1 -1 -1 -1 -1 -1] [ 3 10 11 18 19 20 21 26 27 28 29 34 35 36 42 43 44] [ 3533  5301  2959  4477  3348  6809 10556  7934  6185  7745 11042  6974
  8774 11151  4642 16023  6290] [] 1716451716.2757918835
[-1 -1 -1 -1 -1 -1 -1 -1 -1 -1 -1  1 -1 -1 -1 -1] [ 3 10 11 18 19 20 21 26 27 28 29 34 35 36 42 44] [ 3681  5592  3093  4583  3417  7636 10633  8028  6325  8350 11221  6945
  9015 12256  5346  9620] [] 1716451716.3187627792
[-1 -1 -1 -1 -1 -1 -1 -1 -1 -1 -1 -1 -1 -1 -1 -1] [ 3 10 11 18 19 20 21 26 27 28 29 34 35 36 42 44] [ 4230  5887  3339  5995  3659 10410 10854  8299  6977  8615 11879  7668
  9615 14935  5659 12010] [] 1716451716.3617868423
[-1 -1 -1 -1 -1 -1 -1 -1 -1 -1 -1 -1 -1 -1 -1 -1] [ 3 10 11 18 19 20 21 26 27 28 29 34 35 36 42 44] [ 4277  6320  3526  6114  3703 10523 10987  8369  7058  8674 12337  7677
 13112 15343  6213 12459] [] 1716451716.4047851562
[-1 -1 -1 -1 -1 -1 -1 -1 -1 -1 -1  1 -1 -1] [ 3 10 11 18 19 20 21 26 27 28 34 35 42 44] [ 4282  6472  4375  7563  3850 10853 11325  8546  7359 10703  8909 13103
  7799 15236] [] 1716451716.4478271008
[-1 -1 -1 -1 -1 -1 -1 -1 -1 -1 -1 -1 -1] [ 3 10 11 18 19 20 21 26 27 28 34 35 42] [ 4366  7359  5915  7772  4039 11071 12464  8816  7455 10852  9087 13722
 10245] [] 1716451716.4907491207
[-1 -1 -1 -1 -1 -1 -1 -1 -1 -1 -1] [ 3 10 11 18 19 20 26 27 28 34 35] [ 4474  9772  7156  7987  4487 11837 10981  7579 10927  9264 15753] [] 1716451716.5338490009
[-1 -1 -1 -1 -1 -1 -1 -1 -1 -1] [ 3 10 11 18 19 20 26 27 28 34] [ 4873 11356  8155  8778  4783 12325 11094  9066 10985  9521] [] 1716451716.5766835213
[-1 -1 -1 -1 -1 -1 -1 -1 -1 -1] [ 3 10 11 18 19 20 26 27 28 34] [ 5584 12682  8365 11099  5245 12864 11378  9319 12040 12337] [] 1716451716.6197416782
[-1 -1 -1 -1 -1  1 -1] [ 3 10 11 19 26 27 34] [ 5823 13070  9382  5406 11897  9219 12693] [] 1716451716.6627197266
[-1 -1  1  1  1  1] [ 3 10 11 19 26 27] [ 8069 13715  9371  5315 11706  9169] [] 1716451716.7057352066
[-1  1 -1 -1] [ 3 11 19 27] [9629 9325 5879 9260] [] 1716451716.7488701344
[-1 -1 -1] [11 19 27] [9407 6285 9640] [] 1716451716.7916827202
[-1 -1 -1] [11 19 27] [10100  8855 12367] [] 1716451716.8346943855
[1] [11] [9528] [] 1716451716.8776667118
[-1] [11] [9652] [] 1716451716.9206612110
[-1] [11] [9713] [] 1716451716.9636690617
[-1] [11] [11026] [] 1716451717.0127620697
2 2 2 1716451717.0130422115
