FA TAX ADC PRES TS
[1] [42] [14893] [] 1716452361.9662733078
[1] [42] [13079] [] 1716452362.0092301369
[1] [42] [13031] [] 1716452362.0521166325
[1] [42] [12996] [] 1716452362.0954165459
[1] [42] [10485] [] 1716452362.1383898258
[-1] [42] [12525] [] 1716452362.1813895702
[1] [42] [9835] [] 1716452362.2241373062
[-1] [42] [9996] [] 1716452362.2674033642
[1] [42] [9855] [] 1716452362.3103501797
[-1] [42] [10439] [] 1716452362.3531928062
[1] [42] [9868] [] 1716452362.3963050842
[1] [42] [9868] [] 1716452362.4394321442
[-1] [42] [11715] [] 1716452362.4824576378
[1] [42] [11627] [] 1716452362.5251872540
[-1] [42] [11756] [] 1716452362.5681552887
[1] [42] [11505] [] 1716452362.6111106873
[1] [42] [11273] [] 1716452362.6540992260
[-1] [42] [11381] [] 1716452362.6971199512
[1] [42] [11307] [] 1716452362.7401828766
[-1] [42] [11571] [] 1716452362.7833387852
[-1  1] [28 42] [11600 11527] [] 1716452362.8263239861
[ 1 -1] [28 42] [11413 11674] [] 1716452362.8693773746
[-1  1] [28 42] [11418 10962] [] 1716452362.9122724533
[-1  1] [28 42] [11507  9442] [] 1716452362.9551031590
[1 1] [28 42] [11419  9426] [] 1716452362.9981017113
[1 1] [28 42] [11249  9348] [] 1716452363.0411665440
[1 1] [28 42] [11209  9323] [] 1716452363.0842654705
[-1  1] [28 42] [11239  9164] [] 1716452363.1271288395
[-1  1] [28 42] [11275  9149] [] 1716452363.1701283455
[ 1 -1] [28 42] [11178  9256] [] 1716452363.2130975723
[ 1 -1] [28 42] [11065 11451] [] 1716452363.2561123371
[1 1] [28 42] [11007 11315] [] 1716452363.2991104126
[1 1] [28 42] [10970  8999] [] 1716452363.3421027660
[-1  1] [28 42] [11060  8964] [] 1716452363.3851010799
[-1 -1] [28 42] [11078  9100] [] 1716452363.4280869961
[ 1 -1] [28 42] [11075  9367] [] 1716452363.4711070061
[-1 -1 -1 -1] [28 29 36 42] [11637 12671 16190  9569] [] 1716452363.5141620636
[-1 -1  1 -1 -1 -1] [11 28 29 36 42 55] [13792 11682 12476 16256  9725 12069] [] 1716452363.5571148396
[ 1 -1 -1  1 -1  1 -1] [11 28 29 36 42 55 61] [10968 11917 12564 16081  9892 10518 14177] [] 1716452363.6000828743
[ 1  1 -1 -1 -1 -1 -1 -1  1] [11 28 29 36 42 45 53 55 61] [10778 11892 12612 16167 10238 15747 15747 11060  8590] [] 1716452363.6433405876
[ 1 -1 -1  1 -1  1  1  1] [11 28 29 42 44 53 55 61] [10770 12170 12905 10211 14805 15733 10969  8503] [] 1716452363.6863377094
[ 1  1  1 -1 -1  1 -1  1  1 -1] [11 28 29 36 42 44 50 53 55 61] [10558 11983 12874 16113 10389 14380 11759 15677 10934  8550] [] 1716452363.7293217182
[-1 -1 -1 -1  1  1 -1  1 -1  1 -1] [11 20 28 29 36 42 44 50 53 55 61] [10846 16003 12177 13057 16061 10370 14428 11439 15703 10874  8575] [] 1716452363.7724092007
[ 1  1  1  1 -1  1 -1  1  1  1  1] [11 20 28 29 36 42 44 50 53 55 61] [10720 15758 12174 13000 16081 10165 14762 11143 15624 10771  8325] [] 1716452363.8153138161
[1 1 1 1 1 1 1 1 1 1 1] [11 20 28 29 36 42 44 50 53 55 61] [10630 15696 12086 12905 15915  9995 13824 11098 15219 10707  8212] [] 1716452363.8584244251
[ 1  1  1  1 -1 -1 -1  1 -1 -1 -1] [11 20 28 29 36 42 44 50 53 55 61] [10478 15632 12004 12764 15955 10162 13979 11023 15362 10757  8332] [] 1716452363.9014029503
[-1  1 -1 -1 -1  1  1  1  1  1  1] [11 20 28 29 36 42 44 50 53 55 61] [10688 15157 12098 12885 15966  9919 13543 10913 14930 10635  8077] [] 1716452363.9443352222
[ 1  1  1  1  1 -1  1 -1  1 -1 -1] [11 20 28 29 36 42 44 50 53 55 61] [10252 14831 11839 12800 15747 10067 13528 11072 14913 10866  8195] [] 1716452363.9873492718
[-1  1 -1  1 -1 -1 -1 -1  1  1  1  1] [11 20 28 29 34 36 42 44 50 53 55 61] [10356 14655 11948 12665 13039 15838 10231 13748 11019 14903 10720  8123] [] 1716452364.0303375721
[-1 -1 -1 -1  1  1  1  1  1  1  1  1] [11 20 28 29 34 36 42 44 50 53 55 61] [10427 14882 12002 12669 12997 15814 10226 13455 10867 14655 10689  8055] [] 1716452364.0731639862
[ 1  1  1  1  1  1  1 -1  1 -1  1  1] [11 20 28 29 34 36 42 44 50 53 55 61] [10225 14714 11953 12617 12855 15703 10093 13625 10771 14669 10303  7985] [] 1716452364.1161530018
[-1  1  1  1  1  1  1  1  1 -1  1 -1] [11 20 28 29 34 36 42 44 50 53 55 61] [10401 14668 11778 12544 12629 15501  9683 13405 10708 14910 10159  8038] [] 1716452364.1591706276
[ 1  1  1  1  1 -1 -1 -1 -1 -1  1  1] [11 20 28 29 34 36 42 44 50 53 55 61] [10186 14527 11765 12415 12609 15514  9718 14875 10757 15207  9899  7942] [] 1716452364.2021260262
[ 1  1 -1  1  1  1  1  1  1  1  1] [11 20 28 29 34 36 42 50 53 55 61] [10112 14434 11913 12298 12580 15513  9489 10752 13363  9899  7927] [] 1716452364.2451112270
[-1  1  1  1  1  1 -1 -1  1 -1 -1 -1] [11 20 28 29 34 36 42 44 50 53 55 61] [10182 14399 11763 12171 12377 15389  9533 14780 10711 13385 10003  8055] [] 1716452364.2881181240
[ 1  1  1  1 -1 -1  1  1 -1  1 -1 -1] [11 20 28 29 34 36 42 44 50 53 55 61] [10114 14128 11688 12137 12419 15405  9367 13561 10725 10723 13108  8117] [] 1716452364.3313567638
[ 1  1  1  1  1  1 -1  1  1 -1  1  1] [11 20 28 29 34 36 42 44 50 53 55 61] [10041 13972 11670 12055 12137 14920  9376 13279 10670 13372 12858  7923] [] 1716452364.3743255138
[ 1  1  1 -1 -1  1  1 -1 -1  1  1 -1] [11 20 28 29 34 36 42 44 50 53 55 61] [ 9896 13802 11628 12068 12151 14865  8287 13545 10700 10554 12781  7976] [] 1716452364.4173519611
[ 1  1 -1  1  1  1  1  1  1  1 -1  1] [11 20 28 29 34 36 42 44 50 53 55 61] [ 9847 13739 11642 11992 12007 14511  8004 13316 10618 10502 12812  7884] [] 1716452364.4603374004
[ 1 -1  1  1  1  1  1  1 -1  1  1  1] [11 20 28 29 34 36 42 44 50 53 55 61] [ 9713 13791 11564 11920 11946 14446  7893 13239 10631 10313 11562  7663] [] 1716452364.5033383369
[ 1  1  1  1  1 -1  1  1  1  1  1  1] [11 20 28 29 34 36 42 44 50 53 55 61] [ 9520 13550 11512 11865 11865 14489  7890 13105 10429 10307 10949  7568] [] 1716452364.5463769436
[-1 -1  1  1 -1  1  1  1 -1  1  1  1] [11 20 28 29 34 36 42 44 50 53 55 61] [ 9573 13683 11421  8570 11964 14327  7617 12992 10523  9388 10728  7470] [] 1716452364.5893061161
[ 1 -1 -1 -1 -1  1  1 -1  1  1  1  1] [11 20 28 29 34 36 42 44 50 53 55 61] [ 9404 13840 11454  8580 12013 14180  7573 13220 10420  9214 10426  7445] [] 1716452364.6322798729
[ 1  1 -1 -1 -1  1 -1  1  1 -1  1  1] [11 20 28 29 34 36 42 44 50 53 55 61] [ 9337 13768 11485  8584 12027 14161  7651 12723 10349  9249 10089  7350] [] 1716452364.6753432751
[ 1 -1  1  1 -1  1  1 -1 -1  1  1 -1] [11 20 28 29 34 36 42 44 50 53 55 61] [ 9289 13831 11407  8496 12164 14041  7298 12875 10374  8104  9032  7359] [] 1716452364.7183918953
[ 1 -1  1  1 -1 -1  1  1 -1  1  1  1] [11 20 28 29 34 36 42 44 50 53 55 61] [ 9251 13956 11263  8363 12430 14139  7100 12779 10390  8101  8641  7351] [] 1716452364.7613337040
[ 1  1 -1 -1  1  1  1  1 -1  1  1  1 -1] [11 20 28 29 34 36 42 44 47 50 53 55 61] [ 9249 13658 11431  8391 12347 12357  6843 12738 16238 10268  7321  8344
  7411] [] 1716452364.8043262959
[ 1  1  1  1 -1 -1  1  1  1  1  1  1] [11 20 28 29 34 36 42 44 50 53 55 61] [ 9246 13563 11357  8379 12434 14250  6426 12527  9978  6952  6973  7213] [] 1716452364.8473141193
[ 1  1  1  1  1  1  1  1 -1  1 -1  1] [11 20 28 29 34 36 42 44 50 53 55 61] [ 9155 13490 11314  8278 12405 12067  6360 12376 10031  6828  7839  7104] [] 1716452364.8903005123
[-1 -1  1 -1  1 -1 -1  1 -1 -1  1 -1] [11 20 28 29 34 36 42 44 50 53 55 61] [ 9198 14130 11293  8389 12340 14561  6591 12355 10086  7582  7300  7119] [] 1716452364.9332847595
[-1  1 -1  1 -1  1  1 -1 -1 -1 -1  1 -1] [11 20 28 29 34 36 42 44 47 50 53 55 61] [ 9274 13683 11354  8319 12363 14463  6407 12376 14311 10218  7606  7280
  7132] [] 1716452364.9763162136
[ 1 -1  1  1  1  1  1 -1 -1  1  1 -1  1 -1] [11 20 28 29 34 36 42 44 45 47 50 53 55 61] [ 9168 13738 11135  8211 12221 11814  6226 12502 12357 13007 10149  8617
  6795  7137] [] 1716452365.0193169117
[-1 -1 -1 -1 -1 -1  1  1  1  1  1 -1  1 -1] [11 20 28 29 34 36 42 44 47 50 53 54 55 61] [ 9262 13950 11173  8302 12235 11863  6085 12437 11729 10082  8055 13421
  6348  7245] [] 1716452365.0622944832
[ 1 -1 -1 -1 -1  1  1  1  1 -1 -1  1  1  1] [11 20 28 29 34 36 42 44 47 50 53 54 55 61] [ 9209 14121 11178  8337 12271 11707  5981 12327 11639 10090  8899 13408
  6200  7153] [] 1716452365.1051781178
[-1 -1 -1 -1  1  1 -1 -1  1 -1  1 -1 -1 -1  1 -1] [11 19 20 28 29 34 36 42 44 45 47 50 53 54 55 61] [ 9260 16115 14485 11236  8322 12190 14362  6162 10895 12154 11503 10093
  9061 13556  6015  7203] [] 1716452365.1481730938
[-1 -1 -1  1 -1  1 -1 -1  1  1  1 -1  1  1  1  1  1  1] [ 3 11 19 20 27 28 29 34 36 42 44 45 47 50 53 54 55 61] [ 8830  9416 16186 14057 12867 11223  8498 12348 11741  5706 10376 14093
 10131  9996  8401 11811  5577  7099] [] 1716452365.1913979053
[-1 -1  1 -1 -1  1  1 -1  1 -1  1  1  1 -1 -1  1 -1 -1 -1] [ 3 11 19 20 27 28 29 34 36 42 44 45 47 50 51 53 54 55 61] [12183  9452 16106 14405 15614 11219  8346 12416 11393  5957  8476 13650
  9173 10076 14543  8127 11851  5736  7326] [] 1716452365.2341642380
[ 1 -1  1  1  1 -1 -1 -1 -1  1  1 -1  1  1  1 -1 -1  1  1] [ 3 11 19 20 27 28 29 34 36 42 44 45 47 50 51 53 54 55 61] [ 6318  9509 13735 14270 12890 11269  8401 12471 11514  5645  8453 14158
  9051  9986 13010  8211 11876  5585  7207] [] 1716452365.2771070004
[ 1  1  1  1  1  1  1 -1  1  1  1  1  1  1  1  1  1  1  1] [ 3 11 19 20 27 28 29 34 36 42 44 45 47 50 51 53 54 55 61] [ 6038  9506 11714 14263 12700  9823  8395 12600 11426  5302  8056 14137
  8802  9897 11894  8017 11719  5404  7141] [] 1716452365.3200058937
[ 1  1  1 -1  1  1  1  1 -1  1  1  1 -1  1  1  1  1  1  1] [ 3 11 19 20 27 28 29 34 36 42 44 45 47 50 51 53 54 55 61] [ 5777  9418  8463 14363 12106  9731  8313 10363 11470  5295  7565 11605
  9124  9846 11395  7978 11397  5210  7073] [] 1716452365.3633465767
[-1  1  1 -1  1  1  1  1 -1 -1  1  1  1  1 -1  1 -1  1 -1] [ 3 11 19 20 27 28 29 34 36 42 44 45 47 50 51 53 54 55 61] [ 6095  9389  8006 14591 11620  9626  8273 10252 11475  5298  7055 10802
  8663  9778 11580  7848 11489  5169  7078] [] 1716452365.4063882828
[ 1  1  1  1 -1 -1 -1  1  1  1  1  1  1 -1  1  1  1  1 -1] [ 3 11 19 20 27 28 29 34 36 42 44 45 47 50 51 53 54 55 61] [ 5760  8865  7669 14568 11912  9751  8309 10249 11467  4973  6731 10452
  8150  9974 10979  7059 10021  5083  7166] [] 1716452365.4493138790
[ 1  1  1  1  1  1  1 -1  1  1  1 -1  1  1 -1  1  1 -1  1] [ 3 11 19 20 27 28 29 34 36 42 44 45 47 50 51 53 54 55 61] [ 5733  7911  7461 14158 11886  9636  8210 10369 11372  4853  6685 10614
  7810  9817 11005  6968  9949  5104  7079] [] 1716452365.4923424721
[ 1  1  1  1  1 -1 -1 -1 -1  1  1  1 -1 -1  1 -1  1  1  1  1] [ 3 11 19 20 27 28 29 34 35 36 42 44 45 47 50 51 53 54 55 61] [ 5594  7817  7269 13700 11337  9736  8306 10409 13092 11355  4839  6232
 10721  7846  9722 11013  6825  9899  4984  7052] [] 1716452365.5353310108
[-1  1  1  1 -1  1  1 -1  1  1  1  1 -1  1 -1  1  1  1 -1 -1] [ 3 11 19 20 27 28 29 34 35 36 42 44 45 47 50 51 53 54 55 61] [ 5642  7398  6728 13691 11898  9652  8176 10553 12997 11317  4560  5957
 12666  7446 10009 10871  6473  9681  5016  7085] [] 1716452365.5783653259
[ 1  1 -1  1 -1  1 -1  1 -1  1 -1 -1  1  1  1  1 -1  1  1  1  1] [ 3 11 12 19 20 27 28 29 34 35 36 42 44 45 47 50 51 53 54 55 61] [ 5567  7009 16039  6111 13742 11803  9741  8082 10643 12871 11434  4567
  5568 12508  6894  9855 10881  6238  9549  4932  7029] [] 1716452365.6211168766
[ 1  1 -1 -1  1 -1 -1  1 -1  1  1  1 -1  1 -1  1  1  1  1  1] [ 3 11 19 20 27 28 29 34 35 36 42 44 45 47 50 51 53 54 55 61] [ 5521  6978  6160 13747 11475  9831  8094 10541 13018 11432  4405  5286
 12723  6826  9901 10787  6073  9466  4880  6908] [] 1716452365.6643071175
[ 1  1 -1  1 -1 -1 -1  1  1 -1 -1  1  1  1  1  1 -1  1  1 -1 -1] [ 3 11 12 19 20 27 28 29 34 35 36 42 44 45 47 50 51 53 54 55 61] [ 5448  6575 15871  5550 14021 12734 10064  8038 10475 13037 11454  4279
  5179 11159  6034  9805 10831  6041  9341  4890  6910] [] 1716452365.7073216438
[ 1  1  1  1  1 -1 -1  1 -1  1  1 -1  1  1  1 -1 -1  1  1 -1 -1  1] [ 3 11 12 19 20 21 27 28 29 34 35 36 42 44 45 47 50 51 53 54 55 61] [ 5389  6307 15611  5458 13986 11935 13263 10059  8173 10429 10568 11732
  4238  5069 10308  6693  9853  8574  6034  9426  4904  6856] [] 1716452365.7502248287
[-1  1  1 -1 -1  1  1  1 -1 -1 -1 -1  1  1  1  1  1 -1  1 -1  1  1  1] [ 3 11 12 18 19 20 21 27 28 29 34 35 36 42 44 45 47 50 51 53 54 55 61] [ 5395  6041 15531 12109  5514 13490 11541 13103 10096  8244 10450 10752
 10287  4068  4917 10154  6341  9901  8487  6044  9230  4816  6818] [] 1716452365.7933588028
[ 1  1 -1  1  1 -1  1  1  1  1 -1 -1  1  1  1  1  1  1  1  1  1  1  1] [ 3 11 12 18 19 20 21 27 28 29 34 35 36 42 44 45 47 50 51 53 54 55 61] [ 5370  5906 15599 11072  5502 13550 11480 11951  9940  8153 10471 10754
 10065  4067  4711  9913  5832  9799  8414  5920  8266  4698  6757] [] 1716452365.8361005783
[-1  1  1  1  1 -1 -1 -1  1  1  1 -1  1  1  1  1  1  1  1 -1  1  1 -1] [ 3 11 12 18 19 20 21 27 28 29 34 35 36 42 44 45 47 50 51 53 54 55 61] [ 5379  5386 15479 10812  5144 13845 11559 12023  8235  8097  9580 10793
  8503  3921  4667  8357  5511  9754  8342  5937  7413  4688  6758] [] 1716452365.8793237209
[ 1  1 -1  1  1  1  1  1 -1  1  1 -1  1  1  1  1  1 -1 -1 -1  1  1 -1 -1] [ 3 11 12 18 19 20 21 27 28 29 34 35 36 42 44 45 47 50 51 53 54 55 60 61] [ 4988  5360 15487 10630  5081 13244 11427 11733  8242  8010  8974 10834
  8496  3903  4527  8284  5324  9855  8395  6278  7352  4517 15572  6843] [] 1716452365.9223473072
[ 1  1  1 -1  1  1  1 -1  1 -1  1 -1  1  1 -1  1 -1  1 -1 -1  1  1  1  1
  1] [ 3 11 12 18 19 20 21 27 28 29 34 35 36 42 44 45 47 50 51 52 53 54 55 60
 61] [ 4718  5166 15443 10684  4907 13242 11331 11923  8143  8011  7945 10844
  8031  3865  4601  8203  5345  9828  8449 16140  6113  7111  4392 15552
  6801] [] 1716452365.9652621746
[-1  1  1 -1  1  1  1  1 -1  1 -1  1  1  1  1  1  1  1 -1  1  1 -1  1  1
  1 -1] [ 2  3 11 12 18 19 20 21 27 28 29 34 35 36 42 44 45 47 50 51 52 53 54 55
 60 61] [15202  4577  4898 15519 10610  4764 12895 11227 12131  8060  8044  7435
 10708  7582  3720  4513  8155  5133  9829  8328 16084  6156  7075  4378
 15548  6869] [] 1716452366.0081789494
[ 1  1  1  1 -1  1 -1  1 -1  1  1  1 -1  1  1  1  1  1 -1 -1  1  1  1  1
  1 -1  1] [ 2  3 11 12 18 19 20 21 26 27 28 29 34 35 36 42 44 45 47 50 51 52 53 54
 55 60 61] [15106  4441  4705 15509 10653  4613 13051 11028 15222 11583  7897  7777
  7509 10592  6372  3687  4315  7508  5167  9897  8247 15884  6038  6679
  4332 15595  6825] [] 1716452366.0513558388
[-1  1 -1  1  1 -1 -1 -1  1 -1  1  1  1  1  1  1  1 -1  1  1  1  1  1  1
  1 -1  1] [ 2  3 11 12 18 19 20 21 26 27 28 29 34 35 36 42 44 45 47 50 51 52 53 54
 55 60 61] [15154  4306  4719 15359 10568  4674 13146 11067 14890 11741  7839  7659
  7357 10416  6041  3588  4178  7515  5117  9771  8232 15872  5974  6187
  4232 15670  6781] [] 1716452366.0943455696
[-1  1  1 -1  1  1 -1  1  1  1  1  1  1 -1  1 -1 -1  1 -1  1  1 -1 -1 -1
 -1  1  1  1] [ 2  3 11 12 18 19 20 21 26 27 28 29 34 35 36 41 42 44 45 47 50 51 52 53
 54 55 60 61] [15186  4164  4649 15487 10446  4590 13252 10996 14682 11463  7720  7621
  7229 10592  5614 13817  3634  4098  7542  4806  9103  8348 16048  6028
  6814  4160 13801  6745] [] 1716452366.1372525692
[-1  1  1  1  1  1  1  1  1 -1  1  1  1 -1  1 -1  1  1 -1  1  1  1  1  1
  1  1  1 -1  1] [ 2  3 11 12 18 19 20 21 26 27 28 29 34 35 36 37 41 42 44 45 47 50 51 52
 53 54 55 60 61] [15250  4078  4245 13919 10351  4414 13110 10925 14664 11883  7666  7543
  7198 11408  5238 16368 12507  3548  4118  7375  4728  7692  8329 15136
  5868  5871  4054 15336  6687] [] 1716452366.1801931858
[-1  1 -1  1  1 -1  1  1  1  1 -1  1  1  1  1  1  1 -1  1  1 -1  1 -1  1
  1  1  1  1  1  1] [ 2  3 10 11 12 18 19 20 21 26 27 28 29 34 35 36 37 41 42 44 45 47 50 51
 52 53 54 55 60 61] [15370  3831 15048  4211 13807 10372  4356 12847 10644 12476 11989  7175
  7543  7151 11274  5094 13545 12576  3501  4016  7923  4657  7700  8291
 15016  5845  5631  4026 13389  6680] [] 1716452366.2232172489
[ 1  1  1  1 -1  1  1  1 -1  1  1  1  1  1 -1  1  1  1  1  1 -1  1  1 -1
 -1  1  1  1  1 -1] [ 2  3 10 11 12 18 19 20 21 26 27 28 29 34 35 36 37 41 42 44 45 47 50 51
 52 53 54 55 60 61] [15023  3666 14600  3939 13846 10352  4324 12813 10720  9929 11891  7053
  7485  7080 11410  4848 12748 11332  3390  3889  7936  4487  7522  8312
 15176  5694  5570  3988 12778  6741] [] 1716452366.2663507462
[-1  1  1  1  1  1  1  1 -1  1 -1  1  1  1  1  1  1  1  1  1  1 -1  1  1
  1  1  1  1  1  1] [ 2  3 10 11 12 18 19 20 21 26 27 28 29 34 35 36 37 41 42 44 45 47 50 51
 52 53 54 55 60 61] [15122  3465 12460  3743 13767 10344  4225 12622 10721  7099 11967  6507
  7349  7012 11012  4646 12506 10535  3256  3837  7614  4544  7458  7866
 14400  5610  5446  3892  9248  6670] [] 1716452366.3093979359
[ 1  1  1  1 -1  1  1 -1  1  1  1  1  1  1 -1  1 -1  1  1  1 -1  1  1  1
  1  1 -1 -1  1 -1] [ 2  3 10 11 12 18 19 20 21 26 27 28 29 34 35 36 37 41 42 44 45 47 50 51
 52 53 54 55 60 61] [13966  3439 11680  3566 13823  8751  4137 12746 10709  6041 11323  6141
  7237  6938 11240  4471 12635  9586  3227  3773  7615  4463  7187  7792
 14220  5563  5447  3916  8673  6810] [] 1716452366.3523430824
[ 1  1  1  1  1 -1  1  1  1  1 -1  1  1  1  1 -1  1  1  1  1  1  1  1  1
  1  1  1  1  1  1] [ 2  3 10 11 12 18 19 20 21 26 27 28 29 34 35 36 37 41 42 44 45 47 50 51
 52 53 54 55 60 61] [13402  3165  9752  3516 13503  8836  4053 12623 10664  5719 11335  6005
  7210  6880 10880  4490 12335  9080  3216  3746  7505  4364  7171  7792
 14096  5563  5239  3908  8553  6745] [] 1716452366.3953001499
[ 1  1  1  1  1  1  1 -1  1  1 -1 -1  1  1 -1  1 -1  1  1 -1 -1  1  1 -1
 -1  1  1 -1 -1 -1] [ 2  3 10 11 12 18 19 20 21 26 27 28 29 34 35 36 37 41 42 44 45 47 50 51
 52 53 54 55 60 61] [13374  3103  9516  3515 13414  8757  4042 12694 10625  5571 11338  6062
  7206  6806 10926  4336 12657  9001  3163  3758  7872  4346  7136  7795
 14176  5525  5214  3928  8613  6760] [] 1716452366.4383006096
[-1  1  1  1 -1  1  1  1 -1  1 -1  1  1  1  1  1 -1  1  1  1  1  1  1  1
  1 -1  1  1  1 -1] [ 2  3 10 11 12 18 19 20 21 26 27 28 29 34 35 36 37 41 42 44 45 47 50 51
 52 53 54 55 60 61] [13427  3081  9424  3439 13471  8750  3805 12538 10648  5495 11655  5959
  7197  6778 10898  4308 12666  8925  3157  3722  7742  4342  7116  7757
 14176  5535  5193  3912  8572  6775] [] 1716452366.4813437462
[ 1  1  1  1  1 -1 -1 -1  1  1  1  1  1  1  1  1  1 -1  1 -1 -1 -1 -1  1
  1 -1 -1 -1 -1  1] [ 2  3 10 11 12 18 19 20 21 26 27 28 29 34 35 36 37 41 42 44 45 47 50 51
 52 53 54 55 60 61] [13382  3067  9396  3433 13467  8759  3954 12646 10628  5434 11635  5875
  7179  6753 10848  4268 12608  9838  3142  3779  7916  4455  7258  7672
 14176  5553  5211  3944 11319  6752] [] 1716452366.5241770744
[-1 -1 -1 -1  1  1 -1  1 -1 -1  1 -1 -1  1  1 -1  1 -1 -1 -1  1 -1 -1 -1
 -1 -1 -1 -1 -1  1] [ 2  3 10 11 12 18 19 20 21 26 27 28 29 34 35 36 37 41 42 44 45 47 50 51
 52 53 54 55 60 61] [13394  3088 10121  3514 13439  8708  3996 12530 10660  5557 11413  5951
  7264  6716 10848  4333 12448 11697  3271  3871  7902  4735  7315  7851
 14208  5580  5327  3968 12178  6640] [] 1716452366.5672957897
[ 1 -1 -1 -1 -1  1 -1 -1 -1 -1 -1 -1  1 -1  1 -1 -1  1 -1 -1 -1 -1 -1 -1
 -1 -1 -1 -1 -1 -1] [ 2  3 10 11 12 18 19 20 21 26 27 28 29 34 35 36 37 41 42 44 45 47 50 51
 52 53 54 55 60 61] [13239  3340 11784  3609 13533  8657  4014 12598 10668  6149 11859  6215
  7240  6796 10694  4527 12496 11657  3455  3919  7948  4892  7699  8204
 14336  5664  5470  4072 13237  6686] [] 1716452366.6103091240
[ 1 -1 -1 -1 -1 -1  1 -1 -1 -1  1 -1  1 -1  1 -1  1 -1 -1 -1 -1 -1 -1 -1
 -1 -1 -1 -1 -1 -1] [ 2  3 10 11 12 18 19 20 21 26 27 28 29 34 35 36 37 41 42 44 45 47 50 51
 52 53 54 55 60 61] [13219  3665 12522  3749 13670 10298  4006 12773 10792  7723 10925  6586
  7221  6864 10677  4650 12488 11707  3521  4121  7971  5028  8588  8223
 15066  5776  5847  4196 15200  6708] [] 1716452366.6532917023
[-1 -1 -1 -1 -1  1 -1 -1  1 -1  1 -1 -1 -1 -1 -1 -1 -1 -1 -1 -1 -1  1 -1
  1 -1 -1 -1 -1 -1] [ 2  3 10 11 12 18 19 20 21 26 27 28 29 34 35 36 37 41 42 44 45 47 50 51
 52 53 54 55 60 61] [15080  4007 14704  4153 13755 10240  4187 12886 10714  8789  9791  7225
  7315  7004 10894  4968 12659 11887  3572  4193  8036  5194  8522  8245
 15016  5855  6484  4340 15496  6751] [] 1716452366.6961054802
[-1 -1 -1  1  1  1 -1 -1 -1 -1 -1 -1 -1  1 -1 -1 -1 -1 -1 -1 -1 -1 -1 -1
 -1 -1 -1  1 -1] [ 2  3 11 12 18 19 20 21 26 27 28 29 34 35 36 37 41 42 44 45 47 50 51 52
 53 54 55 60 61] [15241  4111  4335 13723 10171  4139 12946 10810 10255 10687  7408  7317
  7182 10438  5390 12863 12187  3647  4339  8088  5354  9307  8282 15104
  6006  7270  4396 15464  6752] [] 1716452366.7393221855
[-1 -1 -1 -1  1  1  1 -1 -1 -1 -1  1 -1 -1 -1 -1 -1 -1  1 -1 -1 -1 -1 -1
 -1 -1 -1 -1] [ 2  3 11 12 18 19 20 21 26 27 28 29 34 35 36 41 42 44 45 47 50 51 52 53
 54 55 60 61] [15318  4180  4453 13791 10151  4107 12744 10850 14550 10873  7707  7278
  7215 10540  5692 12418  3806  4456  8032  5609  9378  8345 16032  6207
  7512  4578 15664  6776] [] 1716452366.7822949886
[ 1 -1 -1 -1 -1 -1 -1 -1 -1 -1 -1 -1  1 -1  1 -1 -1 -1 -1 -1 -1 -1 -1 -1
  1 -1] [ 2  3 11 12 18 19 20 21 27 28 29 34 35 36 41 42 44 45 47 50 51 53 54 55
 60 61] [15214  4620  4818 13979 10412  4194 13091 10997 11119  7812  7389  8542
 10505  6502 12415  4047  4540  8103  5671  9454  8429  6240  7721  4616
 15572  6796] [] 1716452366.8253140450
[-1 -1 -1  1 -1 -1  1  1 -1 -1 -1 -1 -1 -1  1 -1 -1 -1  1 -1 -1 -1 -1 -1
 -1] [ 2  3 11 12 18 19 20 21 27 28 29 34 35 36 42 44 45 47 50 51 53 54 55 60
 61] [15254  4792  4984 13975 10488  4280 12893 10993 11675  7815  7457  8589
 10633  6998  4018  4810  8222  5862  9427  8473  6266  9535  4680 15584
  6841] [] 1716452366.8682746887
[-1 -1 -1 -1 -1 -1 -1 -1  1 -1 -1  1 -1 -1 -1  1 -1 -1  1  1 -1 -1 -1  1
 -1] [ 2  3 11 12 18 19 20 21 27 28 29 34 35 36 42 44 45 47 50 51 53 54 55 60
 61] [15680  4867  5391 14139 10720  4453 13208 11346 11511  9125  7613  8527
 10840  8078  4049  4742  8320  6333  9375  8417  6346  9620  4746 15501
  6939] [] 1716452366.9111945629
[ 1 -1 -1 -1  1 -1  1  1 -1 -1 -1  1 -1 -1 -1 -1 -1 -1 -1 -1 -1 -1 -1 -1] [ 3 11 12 18 19 20 21 27 28 29 34 35 36 42 44 45 47 50 51 53 54 55 60 61] [ 4821  5687 14263 10768  4450 13802 11311 10515  9289  7632  8620 10749
  9956  4159  4906  8363  6506  9511  8461  6528  9671  4792 15652  6974] [] 1716452366.9542417526
[-1 -1 -1 -1 -1  1 -1 -1 -1 -1 -1 -1 -1 -1 -1 -1 -1 -1 -1 -1 -1 -1  1] [ 3 11 12 18 19 20 21 27 28 29 34 35 36 42 44 45 47 50 51 53 54 55 61] [ 4865  6008 14379 10980  4570 13494 11428 11711  9392  7695  8789 11178
  9978  4304  5132  9122  7191  9606  8506  6658 10071  4876  6876] [] 1716452366.9972493649
[-1 -1 -1 -1 -1 -1 -1 -1  1 -1 -1 -1 -1 -1 -1 -1 -1 -1 -1 -1 -1 -1 -1] [ 3 11 12 18 19 20 21 27 28 29 34 35 36 42 44 45 47 50 51 53 54 55 61] [ 5213  7172 14667 11278  4778 13701 11655 12895  9391  7966 10022 13994
 10010  4407  5393 10175  7440  9789  8732  6908 10115  4906  6969] [] 1716452367.0400996208
[-1 -1  1 -1 -1 -1 -1  1 -1  1 -1 -1 -1 -1 -1 -1 -1  1 -1 -1 -1] [ 3 11 12 19 20 21 27 28 29 34 36 42 44 45 47 50 51 53 54 55 61] [ 5535  7494 14471  4950 14106 11765 13071  9386  8048  9991 11291  4797
  5576 10190  7635  9921  8821  6844 12482  4908  6987] [] 1716452367.0831816196
[ 1 -1 -1 -1  1 -1  1  1  1 -1 -1 -1 -1 -1 -1 -1  1 -1 -1] [ 3 11 19 20 27 28 29 34 36 42 44 45 47 50 51 53 54 55 61] [ 5485  7611  5095 14360 12581  9664  7990  9967 11147  4818  5996 10275
  7820  9943  8943  7010 12387  4964  7000] [] 1716452367.1262326241
[-1 -1 -1  1 -1  1 -1 -1 -1 -1 -1  1 -1 -1 -1 -1 -1 -1 -1] [ 3 11 19 20 27 28 29 34 36 42 44 45 47 50 51 53 54 55 61] [ 8637  8063  6349 14347 13307  9663  8186 10595 11212  5888  6612 10259
  8346 10063 10958  7257 12649  5380  7139] [] 1716452367.1692516804
[-1 -1  1  1 -1 -1  1  1 -1 -1 -1 -1 -1  1 -1 -1 -1 -1  1] [ 3 11 19 20 27 28 29 34 36 42 44 45 47 50 51 53 54 55 61] [ 8645  8510  6139 14305 13463  9695  8146 10567 11338  6379  6742 10337
  8953  9757 11028  7496 14224  5405  7132] [] 1716452367.2122185230
[ 1 -1 -1  1  1 -1 -1 -1  1 -1 -1  1 -1 -1 -1 -1 -1 -1 -1] [ 3 11 19 20 27 28 29 34 36 42 44 45 47 50 51 53 54 55 61] [ 8637  9124  6345 14217 12975 10542  8169 12270 11316  6579  7370 10264
  9963  9821 11047  7633 14325  5614  7173] [] 1716452367.2552354336
[-1 -1 -1 -1  1 -1  1 -1  1 -1 -1 -1 -1 -1 -1 -1  1 -1 -1] [ 3 11 19 20 27 28 29 34 36 42 44 45 47 50 51 53 54 55 61] [ 8687  9175  6654 14287 12780 11120  8131 12586 11314  7185  8549 10275
 10426  9870 11087  8237 14299  6197  7296] [] 1716452367.2982668877
[-1  1 -1 -1 -1  1 -1 -1 -1 -1 -1 -1 -1 -1  1 -1 -1 -1  1] [ 3 11 19 20 27 28 29 34 36 42 44 45 47 50 51 53 54 55 61] [ 8785  9143  7085 14437 12898 10913  8174 12606 11505  7579  8874 10302
 12346  9946 11079  8616 14411  6424  7260] [] 1716452367.3412275314
[-1 -1 -1 -1  1 -1 -1  1 -1  1 -1 -1 -1 -1 -1 -1 -1 -1  1] [ 3 11 19 20 27 28 29 34 36 42 44 45 47 50 51 53 54 55 61] [ 8885  9259  8316 14862 12668 11112  8183 12521 11549  7561  9251 10341
 16107 10009 11159  8649 14553  6448  7218] [] 1716452367.3842761517
[ 1 -1  1  1  1 -1  1 -1  1 -1  1 -1 -1 -1 -1 -1  1] [11 19 20 27 28 29 34 36 42 44 45 47 50 51 53 55 61] [ 9138  9101 14494 12539 11000  8244 12469 11685  7497 11227 10259 16179
 10095 11280  8670  6599  7180] [] 1716452367.4271664619
[ 1 -1 -1 -1  1  1 -1 -1 -1 -1  1 -1 -1  1 -1  1] [11 19 20 27 28 29 34 36 42 44 45 50 51 53 55 61] [ 9136 10552 14526 14295 10936  8135 12523 13506  7781 13013 10212 10117
 11391  8641  6813  7125] [] 1716452367.4701719284
[ 1 -1 -1  1 -1  1 -1 -1  1 -1 -1 -1 -1 -1 -1] [11 19 20 28 29 34 36 42 44 45 50 51 53 55 61] [ 9025 14051 14703 10929  8183 12198 13584  8022 12955 10228 10221 11467
  8698  7011  7263] [] 1716452367.5132677555
[ 1 -1  1  1  1  1 -1 -1 -1 -1 -1 -1 -1  1] [11 20 28 29 34 36 42 44 45 50 51 53 55 61] [ 8971 14777 10898  8183 11971 13570  8905 13048 10309 10334 11681  8705
  7025  7211] [] 1716452367.5562710762
[-1  1 -1 -1 -1 -1 -1 -1 -1 -1 -1 -1 -1 -1] [11 20 28 29 34 36 42 44 45 50 51 53 55 61] [ 9005 14695 10992  8476 12309 13573  9031 13131 10429 10392 12011  8735
  7420  7362] [] 1716452367.5991854668
[-1 -1 -1 -1 -1 -1  1 -1 -1  1 -1 -1 -1 -1] [11 20 28 29 34 36 42 44 45 50 51 53 55 61] [ 9065 14724 11018  8485 12317 13860  8985 13181 10514 10319 14998  8870
  7701  7386] [] 1716452367.6421816349
[-1 -1 -1 -1  1 -1 -1 -1 -1 -1  1 -1 -1] [11 20 28 29 34 36 42 44 45 50 53 55 61] [ 9117 15028 11136  8651 12235 13869  9015 13386 10581 10484  8772  8181
  7535] [] 1716452367.6851797104
[-1 -1 -1 -1 -1  1  1 -1 -1  1  1 -1 -1] [11 20 28 29 34 36 42 44 45 50 53 55 61] [ 9161 15112 11170  8696 12323 13770  8959 13597 10783 10477  8581 10339
  7664] [] 1716452367.7281424999
[-1 -1 -1 -1  1  1 -1  1  1  1  1 -1 -1] [11 20 28 29 34 36 42 44 45 50 53 55 61] [ 9295 15245 11288  8775 12210 13667  9036 13517 10770 10447  8339 12377
  7745] [] 1716452367.7711982727
[ 1 -1 -1 -1 -1 -1  1 -1 -1 -1 -1 -1  1] [11 20 28 29 34 36 42 44 45 50 53 55 61] [ 9211 15346 11358  8818 12260 13757  8926 13592 10859 10465  8355 12990
  7737] [] 1716452367.8142046928
[-1 -1  1 -1 -1 -1 -1 -1 -1 -1 -1 -1  1] [11 20 28 29 34 36 42 44 45 50 53 55 61] [ 9242 15381 11326  9031 12590 13777  8957 13608 10964 10480  8390 14008
  7679] [] 1716452367.8571629524
[-1 -1 -1 -1 -1 -1 -1  1 -1  1 -1 -1 -1] [11 20 28 29 34 36 42 44 45 50 53 55 61] [ 9300 15629 11452 12007 12823 13963  8965 13433 11186 10463  9864 14177
  7757] [] 1716452367.9001786709
[-1 -1  1 -1 -1 -1 -1  1 -1 -1  1 -1 -1] [11 20 28 29 34 36 42 44 45 50 53 55 61] [ 9324 15733 11366 12095 12901 13968  9076 13259 11596 10465  9637 14393
  7762] [] 1716452367.9431855679
[-1  1  1  1 -1 -1 -1  1 -1 -1 -1  1] [11 20 28 29 34 36 42 44 50 53 55 61] [ 9357 15730 11299 12048 12995 13993  9215 13217 10496 10537 15800  7450] [] 1716452367.9860835075
[-1 -1  1  1 -1 -1  1  1 -1 -1  1  1] [11 20 28 29 34 36 42 44 50 53 55 61] [ 9381 15886 11129 11986 13023 14377  9159 13149 10515 13270 15762  7402] [] 1716452368.0291504860
[-1 -1 -1 -1 -1 -1  1  1 -1  1] [11 20 28 29 34 36 42 44 53 61] [ 9506 15903 11300 12022 13129 14536  9034 13115 13332  7318] [] 1716452368.0721292496
[-1 -1  1 -1 -1  1  1  1  1  1] [11 20 28 29 34 36 42 44 53 61] [ 9517 15986 11131 12134 13131 14402  8867 13041 13214  7282] [] 1716452368.1150598526
[-1 -1  1 -1  1 -1 -1 -1 -1] [11 20 28 29 36 42 44 53 61] [ 9520 16027 11129 12261 14387  9241 13164 13542  7407] [] 1716452368.1581082344
[-1  1 -1  1  1 -1 -1 -1] [11 28 29 36 42 44 53 61] [ 9638 11076 12893 14337  9055 13294 13560  7516] [] 1716452368.2011103630
[-1 -1  1 -1  1 -1 -1  1] [11 28 29 36 42 44 53 61] [ 9818 11183 12787 14446  8935 13345 13567  7466] [] 1716452368.2441179752
[-1 -1  1 -1 -1  1 -1 -1] [11 28 29 36 42 44 53 61] [ 9822 11189 12736 14639  9399 13310 13728  7578] [] 1716452368.2871296406
[-1  1 -1  1 -1  1] [11 28 36 42 44 61] [ 9839 11142 14717  8855 13446  7437] [] 1716452368.3301181793
[-1 -1 -1  1  1  1 -1] [11 28 29 36 42 44 61] [10006 11307 12770 14483  8831 13406  7478] [] 1716452368.3731217384
[-1 -1  1  1  1 -1 -1] [11 28 29 36 42 44 61] [10126 11489 12611 14483  8286 13653  7786] [] 1716452368.4161190987
[-1 -1 -1 -1 -1 -1] [11 28 36 42 44 61] [10220 11530 14653  8592 13791  7875] [] 1716452368.4591722488
[-1 -1 -1 -1  1 -1] [11 28 36 42 44 61] [10325 11604 15019  8883 13724  8083] [] 1716452368.5020761490
[-1 -1 -1  1 -1 -1] [11 28 36 42 44 61] [10386 11803 15038  8701 13752  8125] [] 1716452368.5451154709
[-1 -1 -1 -1 -1 -1] [11 28 36 42 44 61] [10504 11919 15079  8877 13813  8230] [] 1716452368.5882253647
[-1 -1 -1  1 -1  1] [11 28 36 42 44 61] [10538 11992 15241  8794 13851  8172] [] 1716452368.6310758591
[ 1  1  1  1 -1 -1] [11 28 36 42 44 61] [10502 11925 15023  8150 14369  8319] [] 1716452368.6741175652
[-1 -1  1 -1 -1 -1] [11 28 36 42 44 61] [10779 12152 14955  8903 15132  8346] [] 1716452368.7170500755
[-1 -1 -1  1] [11 28 36 42] [10958 12986 15085  8413] [] 1716452368.7601089478
[1 1 1 1] [11 28 36 42] [10917 12416 14565  8308] [] 1716452368.8031239510
[-1 -1 -1 -1] [11 28 36 42] [11213 14812 14987  8423] [] 1716452368.8460726738
[ 1 -1] [36 42] [14724  8569] [] 1716452368.8889789581
[-1 -1] [36 42] [15115  8606] [] 1716452368.9320287704
[ 1 -1] [36 42] [15059  9513] [] 1716452368.9750027657
[-1 -1] [36 42] [15699  9672] [] 1716452369.0180447102
[-1] [42] [9693] [] 1716452369.0610167980
[1] [42] [9655] [] 1716452369.1040172577
[-1] [42] [9764] [] 1716452369.1470115185
[-1] [42] [10364] [] 1716452369.1899805069
[1] [42] [10056] [] 1716452369.2330439091
[-1] [42] [12765] [] 1716452369.2760374546
[1] [42] [10392] [] 1716452369.3190398216
[-1] [42] [12784] [] 1716452369.3619890213
[-1] [42] [13096] [] 1716452369.4050445557
[-1] [42] [13280] [] 1716452369.4480373859
[1] [42] [13247] [] 1716452369.4910256863
[1] [42] [13042] [] 1716452369.5340280533
2 2 2 1716452370.3941493034
