FA TAX ADC PRES TS
[-1] [42] [9718] [] 1716452434.1178395748
[1] [42] [9680] [] 1716452434.1606771946
[1] [42] [9427] [] 1716452434.2038507462
[1] [42] [8854] [] 1716452434.2468006611
[1] [42] [8848] [] 1716452434.2897903919
[-1] [42] [8917] [] 1716452434.3327989578
[-1] [42] [9207] [] 1716452434.3757939339
[1] [42] [8710] [] 1716452434.4188065529
[-1] [42] [8808] [] 1716452434.4617855549
[1] [42] [8569] [] 1716452434.5047922134
[1] [42] [8513] [] 1716452434.5478305817
[-1] [42] [8866] [] 1716452434.5906774998
[-1] [42] [8916] [] 1716452434.6337831020
[1] [42] [8846] [] 1716452434.6767816544
[-1] [42] [8898] [] 1716452434.7198212147
[1] [42] [8798] [] 1716452434.7628335953
[1] [42] [8772] [] 1716452434.8057682514
[1] [42] [8758] [] 1716452434.8487644196
[-1] [42] [8760] [] 1716452434.8917806149
[-1] [42] [8891] [] 1716452434.9347839355
[-1  1] [28 42] [12351  8838] [] 1716452434.9777746201
[ 1 -1 -1] [28 42 44] [11562  8921 13914] [] 1716452435.0208005905
[-1 -1 -1] [28 42 44] [11623  9383 14130] [] 1716452435.0637774467
[-1 -1  1 -1] [28 34 42 44] [11734 13278  9259 15183] [] 1716452435.1068212986
[ 1  1  1 -1] [28 34 42 44] [11624 13067  9147 15599] [] 1716452435.1497263908
[ 1 -1  1  1] [28 34 42 44] [11480 13111  9026 15591] [] 1716452435.1928029060
[-1  1  1  1] [28 34 42 44] [11525 13015  8973 13163] [] 1716452435.2357726097
[-1  1 -1  1 -1 -1] [26 28 42 44 50 53] [12236 11501  9218 13148 11090 15639] [] 1716452435.2789118290
[-1 -1 -1  1  1  1  1] [26 28 34 42 44 50 53] [12340 11661 14011  9147 13132 11009 14507] [] 1716452435.3218281269
[-1  1  1  1  1  1] [26 28 42 44 50 53] [14821 11412  9019 13130 10645 14013] [] 1716452435.3648643494
[ 1 -1  1  1] [28 42 44 50] [11273  9077 13101 10341] [] 1716452435.4078705311
[ 1  1  1 -1] [28 42 44 50] [11167  8691 13061 10371] [] 1716452435.4508132935
[-1 -1 -1  1 -1] [28 42 44 50 53] [11171  9198 13150 10360 14421] [] 1716452435.4938046932
[-1 -1 -1 -1 -1 -1] [27 28 42 44 50 53] [11875 11454  9217 13190 10395 15167] [] 1716452435.5368547440
[-1 -1 -1  1  1  1  1  1] [11 26 27 28 42 44 50 53] [11716 12454 16306 11416  8775 13098 10176 14294] [] 1716452435.5798916817
[-1 -1  1 -1  1  1  1] [11 26 28 42 44 50 53] [13004 14684 11378  8965 12999 10167 12739] [] 1716452435.6228232384
[ 1 -1  1  1  1 -1] [11 28 42 44 50 53] [10984 11522  8725 12774 10066 13656] [] 1716452435.6658489704
[ 1  1 -1 -1  1  1] [11 28 42 44 50 53] [10559 11343  9006 12891 10064 12157] [] 1716452435.7088623047
[-1  1  1  1  1  1] [11 28 42 44 50 53] [10747 11335  8701 12849 10038 12002] [] 1716452435.7518179417
[ 1 -1 -1 -1 -1 -1 -1] [11 28 42 44 50 53 61] [10298 11337  8722 13021 10197 13211  8335] [] 1716452435.7948346138
[ 1 -1 -1 -1  1 -1  1  1] [11 28 29 42 44 50 53 61] [10266 11596 12478  8987 12869 10214 12623  7702] [] 1716452435.8378286362
[ 1  1  1  1 -1 -1  1 -1] [11 28 29 42 44 50 53 61] [10209 11501 12402  8972 13027 10267 12555  7912] [] 1716452435.8808741570
[-1 -1 -1 -1  1 -1  1  1  1] [11 27 28 29 42 44 50 53 61] [10492 13258 11645 12458  7973 13091 10152 12421  7761] [] 1716452435.9238600731
[-1  1  1  1  1  1  1 -1 -1] [11 27 28 29 42 44 50 53 61] [10508 11830 11422 12237  7859 13089 10063 12427  7767] [] 1716452435.9668042660
[ 1 -1 -1  1  1  1 -1  1  1] [11 27 28 29 42 44 50 53 61] [10391 11841 11530 12229  7735 13033 10133 12362  7655] [] 1716452436.0097608566
[ 1 -1 -1  1 -1  1  1 -1  1] [11 27 28 29 42 44 50 53 61] [10234 11855 11610 12110  8346 12969  9983 12449  7613] [] 1716452436.0526864529
[ 1  1  1  1 -1 -1 -1  1 -1] [11 27 28 29 42 44 50 53 61] [10188 11784 11502 11934  8414 13161  9992 12199  7738] [] 1716452436.0957744122
[ 1 -1 -1 -1 -1 -1  1 -1 -1 -1 -1 -1] [11 20 21 27 28 29 42 44 50 53 55 61] [10138 15876 15309 11904 11734 11994  7818 13266 10059 12306 12311  7935] [] 1716452436.1387772560
[ 1 -1  1  1  1  1  1  1  1  1] [11 20 28 29 42 44 50 53 55 61] [ 9935 15979 11643 11934  7490 13126  9973 12273 11769  7846] [] 1716452436.1817910671
[ 1  1  1  1 -1  1  1 -1 -1 -1  1 -1] [11 20 28 29 36 42 44 45 50 53 55 61] [ 9848 14655 11576 11764 15619  7273 13076 15953 10003 12335 11721  8025] [] 1716452436.2247247696
[-1  1 -1  1 -1  1  1 -1  1 -1  1 -1 -1] [11 20 21 28 29 36 42 44 45 50 53 55 61] [ 9887 14624 13066 11562 12098 15563  7086 13131 11349 10101 11016 12005
  8277] [] 1716452436.2678232193
[-1 -1 -1 -1 -1 -1  1  1  1  1 -1  1  1] [11 20 21 28 29 36 42 44 45 50 53 55 61] [ 9894 14749 13170 11674 12287 15743  7028 12931 11139  9965 12538 11860
  7963] [] 1716452436.3107810020
[ 1  1 -1 -1  1  1 -1  1 -1 -1  1  1 -1] [11 20 21 28 29 36 42 44 45 50 53 55 61] [ 9820 14666 15003 11677 12169 15553  7110 12918 11155 10059 11660 11830
  8001] [] 1716452436.3537786007
[ 1  1  1  1  1 -1  1  1 -1 -1  1  1 -1] [11 20 21 28 29 36 42 44 45 50 53 55 61] [ 9739 14348 14154 11554 12061 15696  6933 12805 11287 10076 10112 11023
  8153] [] 1716452436.3967256546
[-1 -1 -1  1 -1 -1 -1  1  1  1  1  1  1  1  1] [ 3 11 20 21 27 28 29 36 42 44 45 50 53 55 61] [ 9774  9978 14641 13406 12539 11796 12368 15669  6926 12696 11137  9925
 10028 10090  8095] [] 1716452436.4398083687
[ 1  1  1  1  1  1 -1  1 -1 -1 -1 -1 -1] [ 3 11 20 28 29 36 42 44 45 50 53 55 61] [ 9652  9731 14537 11596 12053 15120  7002 12675 11183  9955 10042 10244
  8135] [] 1716452436.4828352928
[-1 -1  1 -1 -1 -1  1  1  1  1  1  1  1  1] [ 3 11 20 27 28 29 36 42 44 45 50 53 55 61] [ 9706  9827 14494 12630 11639 12162 15112  6739 12619 11076  9892  9999
  9899  7996] [] 1716452436.5258731842
[ 1  1 -1 -1 -1  1 -1  1 -1  1  1  1  1  1] [ 3 11 20 27 28 29 36 42 44 45 50 53 55 61] [ 9483  9808 14591 12884 11730 11985 15367  6472 12807 11068  9846  9903
  9380  7981] [] 1716452436.5688543320
[ 1  1  1 -1  1 -1  1  1  1  1 -1  1  1  1] [ 3 11 20 27 28 29 36 42 44 45 50 53 55 61] [ 9339  9740 14421 13223 11659 12068 14843  6162 12768 10971  9925  9810
  8933  7880] [] 1716452436.6118476391
[ 1  1  1 -1  1  1  1 -1  1 -1  1  1  1  1  1] [ 3 11 20 21 27 28 29 36 42 44 45 50 53 55 61] [ 8232  9678 14157 14751 13029 11586 12059 14872  5635 12822 10956  9897
  8645  8596  7815] [] 1716452436.6548604965
[ 1 -1 -1  1  1 -1 -1  1  1  1 -1  1  1  1 -1] [ 3 11 20 21 27 28 29 36 42 44 45 50 53 55 61] [ 6702  9690 14255 13819  9706 11618 12107 14834  5488 12776 10981  9881
  8487  8548  7872] [] 1716452436.6978473663
[ 1  1  1 -1 -1  1 -1  1  1  1  1 -1 -1  1 -1] [ 3 11 20 21 27 28 29 36 42 44 45 50 53 55 61] [ 6427  9570 14218 13862 12854 11586 12120 14432  5398 10549 10967  9882
  8735  8325  7914] [] 1716452436.7408168316
[ 1  1  1 -1 -1 -1  1  1 -1  1  1  1  1  1  1] [ 3 11 20 21 27 28 29 36 42 44 45 50 53 55 61] [ 6280  9503 14094 15038 12947 11607 12054 14195  5572 10383 10845  9865
  8652  8065  7715] [] 1716452436.7838711739
[ 1 -1  1  1 -1  1 -1 -1  1  1  1  1 -1  1  1] [ 3 11 20 27 28 29 34 36 42 44 45 50 53 55 61] [ 6159  9517 13835  9458 11614 11867 12217 14353  5295 10166 10689  9793
  9515  7725  7513] [] 1716452436.8268280029
[-1  1  1 -1  1 -1  1  1 -1  1  1 -1  1 -1  1] [ 3 11 20 27 28 29 34 36 42 44 45 50 53 55 61] [ 7608  9444 13415 12686 11508 11992 12139 14280  5332 10040 10683  9935
  8622  7739  7466] [] 1716452436.8697948456
[ 1  1 -1  1  1  1  1  1 -1  1 -1  1  1  1 -1] [ 3 11 20 27 28 29 34 36 42 44 45 50 53 55 61] [ 6961  9313 13500  9413 11465 11929 12118 14183  5350  9716 10692  9855
  7573  7537  7477] [] 1716452436.9127955437
[ 1  1 -1 -1  1 -1  1  1  1  1  1 -1  1  1  1] [ 3 11 20 27 28 29 34 36 42 44 45 50 53 55 61] [ 6424  9272 13528 10052 11405 11962 12100 14009  5247  9664 10647  9874
  6848  7424  7422] [] 1716452436.9558787346
[ 1  1  1  1 -1  1  1  1  1 -1  1  1 -1  1  1] [ 3 11 20 27 28 29 34 36 42 44 45 50 53 55 61] [ 6368  9217 12838  9640 11445 11938 11975 13949  5137  9679 10627  9840
  6883  7389  7401] [] 1716452436.9988894463
[ 1 -1 -1 -1  1  1  1 -1  1  1  1  1  1 -1 -1] [ 3 11 20 27 28 29 34 36 42 44 45 50 53 55 61] [ 5567  9230 12898 12601 11416 11914 11943 14008  5063  9279 10602  9814
  6793  7499  7448] [] 1716452437.0417847633
[ 1 -1  1  1  1 -1  1 -1  1  1  1 -1  1  1  1] [ 3 11 20 27 28 29 34 36 42 44 45 50 53 55 61] [ 5423  9244 12673 10017  9325 11974 11893 14016  4612  8715 10579  9827
  6460  7237  7365] [] 1716452437.0846552849
[ 1  1 -1 -1  1  1  1 -1 -1  1 -1  1  1  1  1] [ 3 11 20 27 28 29 34 36 42 44 45 50 53 55 61] [ 5390  9212 12883 12623  9271  8751 11881 14374  4783  8414 10621  9818
  6456  7142  7346] [] 1716452437.1277847290
[ 1 -1  1  1 -1  1  1  1  1  1  1  1  1  1  1] [ 3 11 20 27 28 29 34 36 42 44 45 50 53 55 61] [ 5375  9270 12746 12573  9274  8684 11848 14257  4713  8402 10502  9754
  6362  6974  7264] [] 1716452437.1707601547
[-1  1 -1  1  1  1  1 -1  1  1  1  1 -1  1 -1] [ 3 11 20 27 28 29 34 36 42 44 45 50 53 55 61] [ 5449  9204 12826 12570  9212  8666 11756 14377  4460  7738 10403  9725
  6403  6807  7290] [] 1716452437.2137451172
[-1 -1  1 -1  1  1  1 -1  1  1  1  1  1  1  1  1] [ 3 11 20 26 27 28 29 34 36 42 44 45 50 53 55 61] [ 5493  9237 12328 11713 12564  9163  8559 11757 14347  4197  7591 10366
  9694  6256  6165  7235] [] 1716452437.2565865517
[-1  1 -1 -1 -1 -1 -1 -1  1  1  1  1  1 -1 -1  1 -1] [ 3 11 20 21 26 27 28 29 34 36 42 44 45 50 53 55 61] [ 5533  9167 12344 13915 11856 12569  9231  8618 11666 14281  4090  6938
 10335  9701  6266  6111  7244] [] 1716452437.2997450829
[ 1 -1 -1  1  1  1 -1 -1  1  1  1 -1  1 -1 -1  1  1] [ 3 11 20 21 26 27 28 29 34 36 42 44 45 50 53 55 61] [ 4528  9169 12448 12761 11214 12544  9249  8729 11058 13333  3949  7076
 10207  9727  6628  6032  7171] [] 1716452437.3427505493
[ 1  1 -1 -1  1  1 -1  1  1 -1  1  1  1  1  1  1  1] [ 3 11 20 21 26 27 28 29 34 36 42 44 45 50 53 55 61] [ 4439  9093 12804 13028 11119 12512  9289  8627  9237 13372  3928  6385
 10078  9599  6569  5789  7111] [] 1716452437.3857307434
[ 1 -1  1  1 -1  1  1 -1 -1 -1  1 -1  1  1 -1  1] [ 3 11 20 26 27 28 29 34 36 42 44 45 50 53 55 61] [ 4329  9117 12334 11112 12540  9241  8343  9647 13676  3961  6382 10135
  9063  6488  5824  7017] [] 1716452437.4287271500
[ 1  1 -1  1 -1 -1 -1 -1  1  1  1 -1  1  1  1 -1] [ 3 11 20 26 27 28 29 34 36 42 44 45 50 53 55 61] [ 4282  8777 12607 11055 12647  9363  8403 10299 13319  3700  6099 10199
  8990  6398  5684  7086] [] 1716452437.4718954563
[ 1  1  1 -1  1  1  1 -1  1 -1  1  1  1  1  1  1  1] [ 3 11 20 21 26 27 28 29 34 36 42 44 45 50 53 55 61] [ 4253  8099 12190 14354 10962 12616  9354  8457  9637 14186  3627  6019
 10090  8946  6397  5605  7074] [] 1716452437.5147464275
[ 1  1 -1 -1  1  1  1  1  1  1  1  1  1  1  1  1 -1] [ 3 11 20 21 26 27 28 29 34 36 42 44 45 50 53 55 61] [ 4205  7717 12416 15680 10938 12534  9146  8447  8913 14115  3524  5981
 10085  8545  6379  5554  7106] [] 1716452437.5577638149
[-1  1 -1  1  1 -1  1 -1  1  1 -1  1 -1 -1  1 -1  1 -1  1] [ 3 11 20 21 26 27 28 29 34 36 42 44 45 47 50 51 53 55 61] [ 4230  7377 12712 12012 10814 12703  8574  8461  8907 12069  3532  5836
 10239 16326  8477 16035  6214  5572  7004] [] 1716452437.6007235050
[ 1  1 -1  1  1 -1  1  1 -1  1  1  1  1  1  1  1 -1] [ 3 11 20 21 26 27 28 29 34 36 42 44 45 50 53 55 61] [ 4185  7377 12738 11870  9885 12786  7883  8415  9176 11239  3466  5459
 10081  8019  5959  5218  7082] [] 1716452437.6437749863
[-1  1 -1 -1 -1  1  1 -1  1  1  1 -1  1 -1 -1 -1  1 -1  1  1  1] [ 3 11 18 19 20 21 26 27 28 29 34 36 42 43 44 45 50 51 53 55 61] [ 4233  7359 11404 15707 12828 11670  9117 12912  7214  8331  9102 11340
  3438 14952  5536 10240  7897 11481  5952  5158  7065] [] 1716452437.6867494583
[ 1  1  1  1 -1  1 -1  1 -1 -1  1  1  1  1  1  1 -1  1  1 -1  1 -1] [ 3 11 18 19 20 21 26 27 28 29 34 36 42 43 44 45 47 50 51 53 55 61] [ 4194  7123 10947 15543 13132 11534  9147 12575  7273  8425  8430 11147
  3408 13135  5426 10201 16278  7760 11309  5996  5110  7070] [] 1716452437.7296795845
[-1  1  1  1  1 -1  1 -1  1 -1  1  1  1  1  1  1  1 -1 -1 -1  1 -1] [ 3 11 18 19 20 21 26 27 28 29 34 36 42 43 44 45 50 51 52 53 55 61] [ 4211  6577 10746 14715 12766 11616  8023 12865  7002  8467  7971 10639
  3391 12370  5370 10129  7631 11463 15663  6053  5109  7170] [] 1716452437.7726476192
[ 1  1  1  1 -1  1  1  1  1  1  1 -1  1 -1  1  1 -1  1 -1  1 -1 -1  1] [ 3 11 18 19 20 21 26 27 28 29 34 36 42 43 44 45 47 50 51 53 54 55 61] [ 4209  6462 10614 14231 12777 11487  8015 12669  6569  8322  7743 11238
  3274 12389  5319 10120 13947  7542 11845  5614 16365  5323  7104] [] 1716452437.8157923222
[ 1  1  1  1  1 -1  1  1  1  1  1  1  1 -1  1  1 -1  1  1 -1  1  1  1  1] [ 3 11 18 19 20 21 26 27 28 29 34 36 42 43 44 45 47 50 51 52 53 54 55 61] [ 4053  6272 10556 12641 12775 11618  7814 12427  6402  8293  7688 10511
  3212 12480  5247 10076 14198  7175 11309 15873  5565 16365  4832  6990] [] 1716452437.8588526249
[ 1 -1  1  1  1  1  1  1  1  1  1  1  1  1  1 -1 -1 -1  1 -1  1  1  1 -1
  1] [ 3  4 11 18 19 20 21 26 27 28 29 34 36 42 43 44 45 47 50 51 52 53 54 55
 61] [ 3979 12695  6112 10517 10875 12556 11463  6444 12331  6308  8159  7633
 10176  3156 12417  5269 10086 14239  7076 11645 15360  5521 16305  4841
  6969] [] 1716452437.9018545151
[ 1  1  1 -1  1  1  1  1 -1  1 -1  1  1  1  1  1  1  1  1  1  1 -1 -1  1
 -1] [ 3  4 11 18 19 20 21 26 27 28 29 34 36 42 43 44 45 47 50 51 52 53 54 55
 61] [ 3895 11927  5884 10525 10317 10031 11434  6270 12460  6201  8249  7589
 10057  3098 12342  5059  9978 14169  6872 11062 14456  5545 16315  4823
  6993] [] 1716452437.9446096420
[ 1  1 -1  1  1  1  1  1  1 -1  1  1  1  1  1  1  1  1  1  1  1  1  1  1
 -1  1] [ 3  4 10 11 18 19 20 21 26 27 28 29 34 36 42 43 44 45 47 50 51 52 53 55
 57 61] [ 3634 11311 15338  5639 10399  9549  9822 11428  5885 12714  5783  8164
  7369  9615  3036 12220  4911  9883 10935  6431 10899 13699  5400  4643
 13388  6930] [] 1716452437.9877867699
[ 1  1  1  1  1  1  1  1  1 -1  1  1  1  1 -1 -1  1  1 -1  1  1  1 -1  1
  1  1  1] [ 3  4 10 11 18 19 20 21 26 27 28 29 34 36 41 42 43 44 45 47 50 51 52 53
 55 57 61] [ 3607 11109 14810  5395 10208  8927  9759 11381  5775 12764  5133  8032
  7245  9009 12723  3040 12160  4805  9955 10685  6269 10797 14007  5341
  4504 12846  6879] [] 1716452438.0308537483
[ 1  1  1  1  1  1 -1  1  1  1  1  1 -1  1  1  1 -1  1 -1  1  1  1  1 -1
 -1 -1 -1  1] [ 3  4 10 11 18 19 20 21 26 27 28 29 34 36 41 42 43 44 45 47 50 51 52 53
 54 55 57 61] [ 3519 10917 13946  5327 10090  8409  9777 11372  5469 12708  4996  7970
  7276  8613 12214  2932 12207  4699  9969 10659  6104 10770 13933  5368
 16183  4564 14798  6844] [] 1716452438.0739078522
[ 1  1  1  1 -1  1 -1  1  1  1  1 -1 -1  1  1  1  1  1  1  1  1 -1  1  1
  1  1  1  1] [ 3  4 10 11 18 19 20 21 26 27 28 29 34 36 41 42 43 44 45 47 50 51 52 53
 54 55 57 61] [ 3305 10808 13446  5095 10112  7959  9794 11212  5287 12700  4721  8014
  7409  8418 11987  2874 12160  4605  8622 10647  5508 10778 13052  5316
 16029  4406  7841  6776] [] 1716452438.1167430878
[ 1  1  1  1  1  1  1  1  1  1  1  1  1  1  1  1  1  1  1 -1  1  1  1 -1
  1  1 -1 -1  1] [ 3  4 10 11 18 19 20 21 26 27 28 29 34 36 41 42 43 44 45 46 47 50 51 52
 53 54 55 57 61] [ 3171 10695 12633  4969 10030  7321  9751 11186  5085 12614  4640  7995
  7286  8327 11850  2738 12155  4359  8107 13568 10612  5390 10632 13395
  5286 14340  4473  9887  6765] [] 1716452438.1603736877
[ 1  1  1  1  1  1  1  1  1  1  1  1  1  1  1  1  1 -1  1  1  1  1 -1  1
  1 -1  1  1  1] [ 3  4 10 11 18 19 20 21 26 27 28 29 34 36 41 42 43 44 45 46 47 50 51 52
 53 54 55 57 61] [ 3055 10430 12176  4841  9181  6733  9639 11091  4831 12562  4497  7913
  7160  8033 11328  2736 12125  4391  8020 13479  9928  5380 10671 13247
  5248 14793  4435  8531  6709] [] 1716452438.2037472725
[-1  1  1  1  1  1  1  1  1 -1  1  1  1  1  1  1  1  1  1 -1  1  1 -1  1
  1  1 -1  1  1] [ 3  4 10 11 18 19 20 21 26 27 28 29 34 36 41 42 43 44 45 46 47 50 51 52
 53 54 55 57 61] [ 3063 10357 11258  4657  8435  6328  9583 10943  4815 12728  4315  7739
  7133  7801  9293  2706 12074  4197  7907 13549  9262  5271 10736 12961
  5165 12027  4463  7407  6690] [] 1716452438.2468776703
[ 1  1  1  1  1  1 -1  1  1  1  1  1  1  1  1  1 -1 -1 -1 -1  1  1  1  1
  1  1  1  1  1] [ 3  4 10 11 18 19 20 21 26 27 28 29 34 36 41 42 43 44 45 46 47 50 51 52
 53 54 55 57 61] [ 2925 10243 10262  4569  7553  5820  9594 10934  4479 12575  4163  7665
  7133  7597  8977  2680 12091  4212  7941 13594  9080  5237 10637 12809
  5161 10471  4364  6465  6670] [] 1716452438.2897825241
[ 1  1  1 -1  1  1  1  1  1  1  1 -1  1 -1  1  1  1  1  1  1  1 -1  1 -1
 -1 -1 -1  1 -1] [ 3  4 10 11 18 19 20 21 26 27 28 29 34 36 41 42 43 44 45 46 47 50 51 52
 53 54 55 57 61] [ 2911 10100  9025  4571  6699  5637  9380 10844  4388 12556  4125  7736
  6860  7730  8936  2648 12065  4195  7914 13538  8328  5260 10525 12849
  5173 10728  4427  6140  6771] [] 1716452438.3327338696
[ 1  1  1  1  1 -1  1  1  1 -1  1  1  1  1  1  1  1  1  1  1 -1 -1 -1  1
 -1 -1  1 -1  1] [ 3  4 10 11 18 19 20 21 26 27 28 29 34 36 41 42 43 44 45 46 47 50 51 52
 53 54 55 57 61] [ 2906 10062  8490  4515  6667  5683  9280 10802  4373 12683  4047  7657
  6851  7513  8924  2624 12027  4185  7887 13521  8516  5276 10692 12661
  5177 11030  4356  7359  6667] [] 1716452438.3758397102
[ 1  1  1  1  1  1 -1  1  1  1  1  1  1  1 -1 -1 -1  1  1 -1 -1  1  1 -1
  1 -1  1 -1  1] [ 3  4 10 11 18 19 20 21 26 27 28 29 34 36 41 42 43 44 45 46 47 50 51 52
 53 54 55 57 61] [ 2891 10026  8314  4475  6650  5581  9395 10776  4347 12568  3991  7633
  6850  7394  9155  2638 12077  4183  7880 13553  9139  5230 10672 12674
  5128 11633  4330  7506  6617] [] 1716452438.4188067913
[ 1 -1 -1 -1  1  1 -1  1 -1  1 -1 -1  1  1 -1  1 -1 -1 -1 -1 -1 -1  1 -1
 -1  1 -1 -1 -1] [ 3  4 10 11 18 19 20 21 26 27 28 29 34 36 41 42 43 44 45 46 47 50 51 52
 53 54 55 57 61] [ 2883 10046  8491  4491  6615  5484  9454 10730  4351 12459  4071  7649
  6822  7314 10759  2628 12085  4221  7931 13563  9968  5294 10619 12967
  5153 11108  4361  9012  6645] [] 1716452438.4617681503
[-1 -1 -1 -1 -1 -1 -1 -1 -1  1 -1 -1  1 -1 -1 -1  1 -1 -1 -1  1  1  1 -1
 -1 -1 -1] [ 3  4 10 11 18 19 20 21 26 27 28 29 34 36 41 42 43 44 45 47 50 51 52 53
 54 55 61] [ 2910 10143 10206  4518  7598  5558  9496 10817  4477 12376  4210  7681
  6767  7554 11909  2660 12044  4333  8011 10330  5258 10573 12928  5154
 11947  4391  6685] [] 1716452438.5045366287
[-1  1 -1 -1 -1 -1 -1  1 -1  1 -1 -1 -1 -1 -1 -1 -1 -1 -1 -1 -1 -1 -1 -1
 -1 -1 -1] [ 3  4 10 11 18 19 20 21 26 27 28 29 34 36 41 42 43 44 45 47 50 51 52 53
 54 55 61] [ 3021 10127 11153  4757  8941  6013  9570 10813  4863 12224  4476  7729
  6839  7679 12159  2752 12113  4487  8115 10911  5387 10667 13379  5255
 12331  4621  6766] [] 1716452438.5478322506
[-1  1 -1 -1 -1 -1 -1 -1 -1 -1 -1 -1  1 -1 -1 -1 -1 -1 -1 -1 -1 -1 -1  1
  1] [ 3  4 10 11 18 19 20 21 26 27 28 29 34 36 42 43 44 45 47 50 51 52 53 55
 61] [ 3139 10069 12428  4959  9873  6752  9590 10976  4943 12278  4872  7842
  6812  8175  2778 12128  4604  9834 13157  6057 10765 13698  5257  4616
  6760] [] 1716452438.5908191204
[-1 -1 -1 -1  1 -1 -1 -1 -1 -1 -1 -1 -1 -1 -1  1 -1 -1  1 -1  1 -1 -1 -1
 -1] [ 3  4 10 11 18 19 20 21 26 27 28 29 34 36 42 43 44 45 47 50 51 52 53 55
 61] [ 3382 10206 13091  4966  9842  7255  9665 10983  5158 12416  4928  7855
  7136  8803  2830 12124  4724  9881 12845  6257 10719 14212  5301  4629
  6776] [] 1716452438.6336178780
[-1  1 -1 -1 -1 -1 -1 -1 -1  1 -1 -1  1 -1 -1 -1 -1  1 -1 -1 -1 -1 -1 -1
 -1] [ 3  4 10 11 18 19 20 21 26 27 28 29 34 36 42 43 44 45 47 50 51 52 53 55
 61] [ 3654 10089 14610  5319  9978  7562  9820 11128  5511 12339  5541  7887
  7094  9630  2952 12236  4883  9845 13776  6786 10849 14873  5361  4741
  6848] [] 1716452438.6766881943
[-1  1 -1 -1 -1 -1 -1 -1 -1  1 -1 -1  1 -1 -1  1 -1 -1 -1 -1 -1 -1 -1 -1] [ 3  4 10 11 18 19 20 21 26 27 28 29 34 36 42 43 44 45 50 51 52 53 55 61] [ 3797 10057 15721  5642 10121  8854 12066 11136  6164 12323  6076  7910
  7091 10291  3217 12213  5124  9917  7376 11025 16229  5472  5000  6973] [] 1716452438.7198021412
[-1 -1 -1 -1 -1  1 -1 -1 -1 -1 -1 -1 -1 -1 -1 -1 -1 -1  1  1  1 -1] [ 3  4 11 18 19 20 21 26 27 28 29 34 36 42 43 44 45 50 51 53 55 61] [ 3907 16138  5972 10256 10842 11942 11250  7021 12408  6887  7914  7522
 11071  3281 12214  5162 10067  7507 10993  5451  4979  7040] [] 1716452438.7627825737
[-1 -1 -1  1  1 -1 -1 -1 -1 -1  1 -1 -1 -1 -1 -1 -1 -1 -1 -1 -1] [ 3 11 18 19 20 21 26 27 28 29 34 36 42 43 44 45 50 51 53 55 61] [ 4011  6775 10267  9641 11929 11319  8569 12506  7271  7941  7401 11251
  3419 12326  5298 10075  7972 11403  5635  5283  7076] [] 1716452438.8056581020
[-1 -1 -1 -1 -1 -1 -1  1 -1 -1  1 -1 -1 -1 -1  1 -1 -1 -1 -1 -1] [ 3 11 18 19 20 21 26 27 28 29 34 36 42 43 44 45 50 51 53 55 61] [ 4044  6974 10393 12844 12377 11743 10842 12348  8903  7991  7387 11611
  3484 12386  5340 10068  8530 11632  5675  5714  7091] [] 1716452438.8487405777
[-1 -1 -1 -1  1 -1  1  1  1  1 -1 -1 -1 -1 -1 -1 -1 -1 -1 -1] [ 3 11 18 19 20 26 27 28 29 34 36 42 43 44 45 50 51 53 55 61] [ 4067  7041 10520 15358 12186 10859 12316  8834  7824  7270 12619  3656
 12416  5386 10142  9663 12651  5983  5764  7133] [] 1716452438.8916916847
[-1 -1 -1  1 -1  1 -1 -1  1  1 -1  1 -1 -1  1 -1 -1  1] [ 3 11 18 20 26 27 28 29 34 36 42 43 44 45 50 53 55 61] [ 4094  7497 10626 12146 10951 12142  8860  7907  7133 12385  3798 12325
  5677 10186  9587  6489  5930  7052] [] 1716452438.9346625805
[-1 -1 -1 -1 -1  1  1 -1  1 -1 -1  1  1  1 -1 -1  1] [ 3 11 18 20 26 27 28 29 34 36 42 44 45 50 53 55 61] [ 4120  8143 10797 12306 11033 12093  8847  7964  7124 14443  3839  5540
 10170  9584  7107  6077  7015] [] 1716452438.9776647091
[-1 -1 -1  1  1 -1  1 -1 -1 -1 -1 -1 -1 -1 -1 -1 -1] [ 3 11 18 20 26 27 28 29 34 36 42 44 45 50 53 55 61] [ 4153  8876 13764 12103 10893 12484  8796  7974  8198 14595  3943  6012
 10314  9726  7370  6466  7055] [] 1716452439.0206036568
[-1  1 -1 -1  1 -1 -1  1  1 -1 -1  1 -1 -1 -1  1] [ 3 11 20 26 27 28 29 34 36 42 44 45 50 53 55 61] [ 4349  8869 12360 10999 12370  8912  8105  8088 14205  4032  6331 10303
  9784  7373  6737  7045] [] 1716452439.0636689663
[-1 -1  1 -1 -1 -1 -1  1 -1 -1 -1 -1 -1 -1 -1 -1] [ 3 11 20 26 27 28 29 34 36 42 44 45 50 53 55 61] [ 4450  8920 12349 11110 12518  8983  8206  8074 14231  4324  6590 10349
  9828  7427  7097  7111] [] 1716452439.1067793369
[ 1 -1  1 -1  1 -1 -1 -1  1 -1 -1  1 -1 -1 -1 -1] [ 3 11 20 26 27 28 29 34 36 42 44 45 50 53 55 61] [ 4404  8959 12132 11331 12456  9080  8256  8462 14061  4527  6962 10295
  9856  7518  7308  7170] [] 1716452439.1497056484
[-1 -1  1 -1 -1 -1  1 -1 -1 -1 -1 -1 -1 -1 -1] [ 3 11 20 27 28 29 34 36 42 44 45 50 53 55 61] [ 4489  9002 12099 12468 10874  8272  8434 14131  4813  7375 10341  9861
  7566  7341  7210] [] 1716452439.1925358772
[ 1  1 -1  1  1 -1 -1 -1 -1 -1 -1 -1 -1 -1] [ 3 11 20 27 28 29 36 42 44 45 50 53 55 61] [ 4459  9001 12636 12236 10844  8423 14201  5214  7711 10515  9976  7849
  7980  7333] [] 1716452439.2355594635
[-1 -1 -1 -1 -1 -1 -1  1 -1 -1 -1 -1 -1 -1 -1] [ 3 11 20 27 28 29 34 36 42 44 45 50 53 55 61] [ 4811  9142 12804 12322 11029  8523 12069 14143  5724  8326 10602 10055
  7992  8419  7526] [] 1716452439.2786417007
[-1 -1 -1 -1 -1 -1  1 -1 -1 -1  1  1 -1 -1 -1] [ 3 11 20 27 28 29 34 36 42 44 45 50 53 55 61] [ 5945  9272 13029 12374 11156  8639 12053 14207  5741  8441 10570 10039
  8815  9105  7643] [] 1716452439.3216390610
[-1 -1 -1 -1  1 -1  1 -1 -1 -1 -1 -1 -1 -1  1] [ 3 11 20 27 28 29 34 36 42 44 45 50 53 55 61] [ 6271  9325 13082 12545 11059  8882 11992 14260  5822  8522 10605 10300
  8936  9568  7637] [] 1716452439.3644824028
[-1  1  1 -1 -1 -1 -1 -1 -1 -1 -1 -1 -1  1 -1] [ 3 11 20 27 28 29 34 36 42 44 45 50 53 55 61] [ 9321  9277 12810 12660 11148  9343 12227 14286  5825  8797 10614 10320
  9574  9457  7737] [] 1716452439.4076085091
[ 1  1 -1 -1 -1 -1  1 -1 -1 -1  1 -1 -1  1] [11 20 27 28 29 34 36 42 44 45 50 53 55 61] [ 9183 12762 12775 11237 12075 12455 14277  6051  9642 10720 10249 10663
 10025  7692] [] 1716452439.4507052898
[-1 -1  1  1  1 -1  1 -1 -1  1 -1 -1 -1 -1] [11 20 27 28 29 34 36 42 44 45 50 53 55 61] [ 9217 12812 12689 11177 12020 12461 14143  6561 12122 10682 10279 10756
 13726  7698] [] 1716452439.4936597347
[-1 -1 -1 -1 -1 -1 -1 -1 -1 -1 -1 -1 -1 -1] [11 20 27 28 29 34 36 42 44 45 50 53 55 61] [ 9306 13264 12897 11284 12232 12511 14268  6863 12334 10756 10404 10816
 13878  7790] [] 1716452439.5365841389
[-1 -1 -1 -1  1 -1  1 -1 -1  1  1 -1  1] [11 20 27 28 29 34 36 42 44 45 50 53 61] [ 9377 13376 12942 11360 12218 12725 14132  7135 12342 10749 10395 10879
  7766] [] 1716452439.5796263218
[ 1  1 -1 -1 -1 -1  1  1 -1  1  1  1  1] [11 20 27 28 29 34 36 42 44 45 50 53 61] [ 9375 13164 12970 11442 12263 12977 14125  6870 12533 10713 10335 10840
  7645] [] 1716452439.6226646900
[-1  1  1  1 -1  1 -1 -1 -1 -1 -1 -1] [11 20 27 28 29 36 42 44 45 50 53 61] [ 9458 12892 12921 11377 12315 14117  7015 12655 10771 10363 12407  7699] [] 1716452439.6655862331
[-1 -1 -1 -1 -1  1 -1 -1 -1 -1 -1 -1] [11 20 27 28 29 36 42 44 45 50 53 61] [ 9508 13108 13005 11506 12420 14105  7174 12669 10865 10413 12475  7730] [] 1716452439.7085094452
[-1 -1 -1 -1 -1 -1 -1  1 -1  1 -1 -1] [11 20 27 28 29 36 42 44 45 50 53 61] [ 9519 13129 13239 11509 12553 14231  7187 12616 11045 10410 12559  7839] [] 1716452439.7515833378
[ 1 -1  1 -1 -1  1  1  1  1  1] [11 20 28 29 36 42 44 50 53 61] [ 9497 13183 11451 12794 14361  7161 12567 10303 12381  7537] [] 1716452439.7945961952
[-1 -1 -1  1  1  1 -1  1  1 -1] [11 20 27 28 36 42 44 50 53 61] [ 9533 13556 16091 11313 14159  7161 12593 10277 12309  7615] [] 1716452439.8376078606
[ 1  1  1  1 -1  1 -1  1  1  1] [11 20 27 28 36 42 44 50 53 61] [ 9517 13536 15914 11196 14381  7127 12610 10271 12271  7531] [] 1716452439.8804497719
[ 1  1 -1  1 -1  1 -1 -1 -1] [11 20 28 36 42 44 50 53 61] [ 9467 13459 11267 14366  7212 12523 10294 12452  7629] [] 1716452439.9235825539
[-1 -1 -1 -1  1 -1 -1 -1 -1] [11 20 28 36 42 44 50 53 61] [ 9533 13671 11340 14467  7162 12548 10411 12512  7792] [] 1716452439.9666209221
[-1 -1  1  1 -1 -1 -1  1  1] [11 20 28 36 42 44 50 53 61] [ 9569 13976 11276 14203  7177 12573 10504 12445  7761] [] 1716452440.0095717907
[-1  1 -1 -1 -1 -1 -1 -1 -1] [11 20 28 36 42 44 50 53 61] [ 9660 13882 11386 14383  7247 12864 10592 12478  7797] [] 1716452440.0524752140
[-1 -1  1  1 -1 -1 -1  1 -1] [11 20 28 36 42 44 50 53 61] [ 9729 13947 11349 14357  7348 12917 10597 12474  7927] [] 1716452440.0956804752
[-1 -1 -1  1  1  1 -1  1] [11 20 28 36 42 44 50 53] [10001 14216 11530 14293  7318 12755 10680 12200] [] 1716452440.1385526657
[-1  1  1 -1 -1 -1 -1 -1] [11 20 28 36 42 44 50 53] [10039 14078 11422 14439  7403 12944 10711 12347] [] 1716452440.1815550327
[-1 -1 -1 -1 -1  1  1 -1] [11 20 28 36 42 44 50 53] [10079 14307 11465 14519  7448 12899 10699 12474] [] 1716452440.2244555950
[-1 -1  1 -1 -1 -1 -1 -1] [11 20 28 36 42 44 50 53] [10121 14482 11415 14753  7791 13022 10781 12637] [] 1716452440.2676002979
[-1 -1 -1 -1 -1 -1 -1 -1] [11 20 28 36 42 44 50 53] [10286 14771 11528 14817  8116 13236 11067 16000] [] 1716452440.3105411530
[-1 -1 -1 -1  1  1] [11 20 28 36 42 44] [10681 14962 11688 14964  7722 13052] [] 1716452440.3535330296
[ 1 -1  1  1  1 -1] [11 20 28 36 42 44] [10499 16252 11566 14765  7715 13186] [] 1716452440.3964045048
[-1 -1 -1 -1 -1] [11 28 36 42 44] [10672 11657 14949  7743 13200] [] 1716452440.4395248890
[-1 -1 -1 -1  1] [11 28 36 42 44] [10708 11690 15039  7823 13072] [] 1716452440.4825108051
[ 1  1 -1 -1 -1] [11 28 36 42 44] [10643 11654 15067  7934 13106] [] 1716452440.5256721973
[-1 -1 -1 -1 -1] [11 28 36 42 44] [11210 11754 15281  7939 13280] [] 1716452440.5683455467
[-1  1  1  1  1] [11 28 36 42 44] [15141 11723 15177  7881 13181] [] 1716452440.6115357876
[ 1  1 -1 -1] [28 36 42 44] [11597 14935  8065 13266] [] 1716452440.6545121670
[ 1 -1 -1 -1] [28 36 42 44] [11593 15089  8533 13631] [] 1716452440.6974935532
[-1 -1 -1] [28 36 42] [11930 15620  9438] [] 1716452440.7402832508
[-1  1 -1] [28 36 42] [12095 15612 10047] [] 1716452440.7834804058
[1] [42] [9546] [] 1716452440.8264603615
[1] [42] [9279] [] 1716452440.8694696426
[1] [42] [9265] [] 1716452440.9123437405
[-1] [42] [9570] [] 1716452440.9554679394
[-1] [42] [9829] [] 1716452440.9984498024
[-1] [42] [12233] [] 1716452441.0414822102
[-1] [42] [12463] [] 1716452441.0842702389
[1] [42] [9895] [] 1716452441.1275970936
[-1] [42] [10165] [] 1716452441.1704747677
[-1] [42] [11051] [] 1716452441.2134742737
[-1] [42] [13275] [] 1716452441.2562854290
[-1] [42] [13307] [] 1716452441.2995021343
[-1] [42] [13641] [] 1716452441.3424367905
[1] [42] [13132] [] 1716452441.3854629993
[-1] [42] [13987] [] 1716452441.4282937050
[-1] [42] [14551] [] 1716452441.5576579571
[1] [42] [13800] [] 1716452441.6006433964
[-1] [42] [14587] [] 1716452441.6436219215
2 2 2 1716452442.2968986034
