FA TAX ADC PRES TS
[-1] [42] [13869] [] 1716452174.7080626488
[1] [42] [13306] [] 1716452174.7511236668
[-1  1] [28 42] [12434 10287] [] 1716452174.7941627502
[1 1] [28 42] [11930 10189] [] 1716452174.8371131420
[-1  1] [28 42] [12150  9852] [] 1716452174.8801503181
[-1  1] [28 42] [12210  9738] [] 1716452174.9231157303
[1 1] [28 42] [11708  9655] [] 1716452174.9661095142
[1 1] [28 42] [11606  9475] [] 1716452175.0089242458
[ 1 -1] [28 42] [11362  9476] [] 1716452175.0521361828
[-1 -1] [28 42] [11392  9596] [] 1716452175.0951070786
[1 1] [28 42] [11279  9450] [] 1716452175.1379022598
[1 1] [28 42] [11196  9353] [] 1716452175.1810750961
[1 1] [28 42] [11115  9167] [] 1716452175.2239947319
[1 1] [28 42] [11102  9061] [] 1716452175.2669012547
[ 1 -1] [28 42] [11067  9087] [] 1716452175.3100950718
[ 1 -1] [28 42] [10982  9167] [] 1716452175.3531665802
[ 1 -1] [28 42] [10956  9173] [] 1716452175.3960816860
[1 1] [28 42] [10893  9112] [] 1716452175.4390697479
[ 1 -1 -1] [28 42 44] [10862  9250 15085] [] 1716452175.4821190834
[-1  1 -1] [28 42 44] [11004  9203 16077] [] 1716452175.5251519680
[ 1 -1  1] [28 42 44] [10942  9266 14743] [] 1716452175.5680689812
[ 1 -1  1 -1] [28 42 44 45] [10911  9462 14429 12162] [] 1716452175.6110935211
[-1  1  1] [28 42 44] [11147  9300 13543] [] 1716452175.6540415287
[1 1 1] [28 42 44] [10882  9167 13295] [] 1716452175.6970155239
[-1 -1  1 -1 -1] [11 28 42 44 45] [12581 11081  9158 13724 13579] [] 1716452175.7400591373
[ 1 -1 -1  1  1 -1] [11 28 42 44 45 53] [11066 11459  9309 13618 12276 15242] [] 1716452175.7830789089
[ 1  1 -1  1 -1  1] [11 28 42 44 45 53] [10829 11456  9750 13553 12429 14934] [] 1716452175.8260524273
[-1 -1 -1 -1  1  1  1] [11 28 29 42 44 45 53] [10941 11605 12518  9866 13499  9018 14777] [] 1716452175.8690493107
[ 1  1  1 -1 -1 -1  1] [11 28 29 42 44 45 53] [10618 11526 12457  9908 13572  9060 14703] [] 1716452175.9120378494
[-1 -1 -1  1  1  1 -1] [11 28 29 42 44 45 53] [10722 11586 12477  9795 13555  8973 14775] [] 1716452175.9550833702
[ 1  1 -1  1  1 -1  1] [11 28 29 42 44 45 53] [10523 11496 12588  9569 13287  8985 14591] [] 1716452175.9980428219
[ 1 -1  1  1 -1  1 -1] [11 28 29 42 44 45 53] [10499 11514 12517  9519 13369  8963 14783] [] 1716452176.0410816669
[ 1 -1 -1 -1 -1 -1  1] [11 28 29 42 44 45 53] [10483 11552 12539  9703 13499  9325  9780] [] 1716452176.0841000080
[-1 -1 -1  1  1 -1  1] [11 28 29 42 44 45 53] [10776 11939 12639  9530 13344 12329  8747] [] 1716452176.1270866394
[ 1  1  1 -1 -1  1 -1] [11 28 29 42 44 45 53] [10570 11730 12503  9575 13418 10244  9826] [] 1716452176.1701092720
[-1 -1 -1 -1 -1 -1 -1 -1] [11 28 29 36 42 44 45 53] [10653 11867 12688 16083  9912 13617 12575 11542] [] 1716452176.2130908966
[-1 -1  1  1  1  1 -1  1] [11 28 29 36 42 44 45 53] [10927 11966 12573 16053  9543 13313 12611  9971] [] 1716452176.2560658455
[ 1  1  1  1  1  1 -1] [11 28 29 36 42 44 53] [10661 11824 12486 15568  8690 13159 10722] [] 1716452176.2990760803
[ 1  1  1  1 -1  1  1] [11 28 29 36 42 44 53] [10536 11594 12309 15357  8730 13143 10032] [] 1716452176.3420531750
[ 1  1  1  1  1 -1 -1  1] [11 28 29 36 42 44 45 53] [10357 11546 11901 15305  8005 13552 13089  9677] [] 1716452176.3849542141
[-1 -1 -1 -1  1 -1  1  1  1] [11 20 28 29 36 42 44 45 53] [10547 16314 11776 12105 14978  8229 13156 12610  9204] [] 1716452176.4280738831
[ 1  1 -1 -1  1 -1 -1] [11 28 29 36 42 44 53] [10498 11655 12190 15015  7978 13214  9831] [] 1716452176.4710607529
[-1 -1 -1 -1 -1  1  1 -1] [11 27 28 29 36 42 44 53] [10568 12558 11902 12227 15371  7868 12914  9898] [] 1716452176.5140664577
[ 1  1  1  1  1 -1 -1  1] [11 27 28 29 42 44 45 53] [10410 11949 11795 11601  7458 13164 13655  9847] [] 1716452176.5570471287
[ 1 -1 -1 -1 -1 -1  1  1  1] [11 20 27 28 29 36 42 44 53] [10377 16032 12097 11819 12042 15928  7135 12999  9381] [] 1716452176.6001043320
[ 1  1  1  1  1  1 -1 -1 -1] [11 20 27 28 29 36 42 44 53] [10247 15794 11921 11707 11777 15773  7516 13077 11507] [] 1716452176.6430346966
[ 1  1  1  1  1  1  1 -1] [11 20 28 29 36 42 44 53] [10106 15727 11658 11737 10703  7397 12790 11851] [] 1716452176.6860392094
[1 1 1 1 1 1 1] [11 20 28 29 36 42 44] [ 9772 15487 11454 11611 10542  6763 12782] [] 1716452176.7290639877
[-1  1 -1  1  1  1 -1 -1] [11 20 27 28 29 36 42 44] [ 9796 15263 11936 11434 11566 10514  7171 14395] [] 1716452176.7720344067
[ 1 -1  1  1  1 -1  1] [11 20 27 28 29 42 44] [ 9561 15608 11643 11016 11374  7314 13626] [] 1716452176.8150255680
[-1  1  1  1  1 -1  1 -1] [11 20 27 28 29 42 44 53] [ 9594 15357 11580 10992 11299  7390 12759 16317] [] 1716452176.8580424786
[ 1 -1 -1  1 -1 -1  1  1] [11 20 27 28 29 42 44 53] [ 9522 15464 11646 10943 11377  7674 12690 16170] [] 1716452176.9010083675
[ 1  1 -1 -1 -1 -1  1  1 -1] [11 20 27 28 29 36 42 44 53] [ 9496 15433 11800 11154 11485 13677  7006 12555 16174] [] 1716452176.9441380501
[ 1  1 -1  1  1 -1 -1  1] [11 20 27 28 29 36 42 44] [ 9367 15194 12209 11035 11480 14443  7434 12317] [] 1716452176.9870829582
[ 1  1  1  1  1 -1 -1] [11 20 27 28 29 42 44] [ 9281 14888  9406 10809 11284  7440 12557] [] 1716452177.0300357342
[-1  1 -1 -1 -1 -1 -1 -1] [11 20 26 27 28 29 42 44] [ 9492 14697 11446 12126 10955 11421  7613 12648] [] 1716452177.0730128288
[-1 -1 -1 -1  1 -1 -1 -1  1 -1 -1] [ 3 11 20 26 27 28 29 36 42 44 53] [10434  9631 14731 11479  9881 11322 11575 11943  6433 12701  9767] [] 1716452177.1160490513
[ 1  1  1 -1  1  1  1 -1 -1  1 -1  1] [ 3 11 20 26 27 28 29 35 36 42 44 53] [ 9525  9491 14635 15046  9774 11204 11561 13975 12329  6433 12802  8464] [] 1716452177.1590218544
[ 1  1 -1  1  1 -1 -1 -1 -1 -1 -1 -1] [ 3 11 20 27 28 29 34 35 36 42 44 53] [ 9313  9461 14649  9454 11128 11598 11855 16123 12376  6877 12967  8615] [] 1716452177.2019333839
[ 1 -1 -1 -1 -1 -1 -1  1  1  1  1  1 -1 -1] [ 3 11 19 20 26 27 28 29 34 36 42 44 45 53] [ 9256  9660 12908 15394 13286  9795 11250 11553 10643 11404  6686 12920
 14162  8679] [] 1716452177.2448832989
[-1 -1  1  1  1 -1 -1 -1  1  1 -1  1  1 -1 -1] [ 3 11 19 20 26 27 28 29 34 36 42 44 45 50 53] [ 9319  9851 12809 15119 10312  9870 11359 11669 10631 11245  6690 12916
 10175 11991  9124] [] 1716452177.2880568504
[ 1  1  1  1  1 -1  1 -1 -1 -1 -1 -1  1  1  1] [ 3 11 19 20 26 27 28 29 34 36 42 44 45 50 53] [ 9204  9761 11809 14713  9816 10066 11320 11676 10710 11377  6755 12961
  9166 11946  8230] [] 1716452177.3311274052
[-1  1  1  1 -1  1  1  1  1  1  1  1 -1  1 -1] [ 3 11 19 20 26 27 28 29 34 36 42 44 45 50 53] [ 9369  9645 10957 13812 11320  9950 11235 11565 10704 11365  6706 12848
  9183 11909  8239] [] 1716452177.3739790916
[ 1  1  1  1  1 -1 -1 -1  1 -1  1 -1 -1  1 -1 -1] [ 3 11 19 20 26 27 28 29 34 36 42 44 45 50 53 55] [ 9269  9552 10795 13758 11252 10054 11275 11613 10703 11641  6595 12914
  9281 11773  8258 11982] [] 1716452177.4168844223
[ 1  1 -1  1  1  1  1 -1  1  1 -1  1  1  1 -1  1] [ 3 11 19 20 26 27 28 29 34 36 42 44 45 50 53 55] [ 9094  9478 11505 13459 10220  9889 11208 11735 10557 10709  6836 12905
  9083 11593  8291 11760] [] 1716452177.4599535465
[-1  1  1 -1  1 -1  1 -1  1  1  1 -1  1  1  1  1] [ 3 11 19 20 26 27 28 29 34 36 42 44 45 50 53 55] [ 9137  9395 10700 13618  9450  9939 11128 11770 10321 10005  6363 12969
  8935 11495  8157 11010] [] 1716452177.5030581951
[ 1  1  1 -1  1  1 -1  1  1  1  1  1  1  1  1  1] [ 3 11 19 20 26 27 28 29 34 36 42 44 45 50 53 55] [ 8993  9320 10565 13690  9388  9830 11140 11642 10279  9888  6251 12661
  8929 11441  7929  9883] [] 1716452177.5461418629
[ 1  1  1  1  1  1 -1  1  1  1  1 -1  1 -1 -1  1] [ 3 11 19 20 26 27 28 29 34 36 42 44 45 50 53 55] [ 8984  9287  8603 13454  9274  9751 11214 11523 10174  9589  6114 12707
  8810 11519  8036  8787] [] 1716452177.5890519619
[ 1 -1 -1 -1 -1 -1  1  1 -1  1  1  1  1 -1  1  1  1] [ 3 10 11 19 20 26 27 28 29 34 36 42 44 45 50 53 55] [ 8969 14360  9412  8634 13464  9325  9741 11197 11531 10077  9560  6040
 12593  8835 11509  7835  8576] [] 1716452177.6319880486
[ 1  1  1  1 -1  1 -1  1 -1 -1 -1  1 -1  1  1  1  1] [ 3 10 11 19 20 26 27 28 29 34 36 42 44 45 50 53 55] [ 8783 13952  9368  7938 13492  9256  9768 11173 11582 10099  9727  5825
 12689  8765 11435  7730  7983] [] 1716452177.6749572754
[ 1  1  1  1  1 -1  1  1  1  1  1  1  1 -1  1 -1  1] [ 3 10 11 19 20 26 27 28 29 34 36 42 44 45 50 53 55] [ 8183 13904  9317  7717 13192  9576  9712  9270 11531  9970  9491  5630
 12583  8775 11430  7742  7917] [] 1716452177.7179510593
[-1  1 -1  1  1  1  1  1  1  1  1  1 -1  1  1  1  1] [ 3 10 11 19 20 26 27 28 29 34 36 42 44 45 50 53 55] [ 8189 13796  9327  7688 13045  9532  9665  9169 11511  9933  9416  5499
 12593  8681 11380  7366  7551] [] 1716452177.7609496117
[ 1  1 -1  1 -1  1 -1  1  1  1  1  1  1  1 -1 -1  1] [ 3 10 11 19 20 26 27 28 29 34 36 42 44 45 50 53 55] [ 5858 13618  9347  7164 13480  7782  9741  9073 11508  9917  9413  5439
 12504  8553 11401  7576  7359] [] 1716452177.8038964272
[ 1  1  1  1  1  1 -1  1  1  1  1  1  1 -1  1 -1 -1 -1 -1] [ 3 10 11 19 20 26 27 28 29 34 36 42 44 45 50 53 54 55 61] [ 5773 13612  9318  6777 13000  7555  9772  9069 11458  9880  8427  5352
 12238  8760  8138  7585 15708  7427  8870] [] 1716452177.8469524384
[ 1  1 -1  1 -1  1  1  1  1 -1  1  1  1  1  1  1  1  1  1] [ 3 10 11 19 20 26 27 28 29 34 36 42 44 45 50 53 54 55 61] [ 5754 13408  9363  6580 13002  7543  9742  9049 11449  9922  8373  5155
 12042  8687  8092  7562 15607  7164  8652] [] 1716452177.8899724483
[-1 -1  1  1  1 -1 -1  1  1  1 -1  1  1 -1 -1 -1  1 -1  1] [ 3 10 11 19 20 26 27 28 29 34 36 42 44 45 50 53 54 55 61] [ 5799 13460  9331  6424 12821  7614  9908  8911 11415  9838  8418  4783
 10971  8791  8100  7574 15426  7239  8292] [] 1716452177.9329524040
[ 1 -1 -1  1 -1  1  1  1 -1  1  1  1  1  1  1 -1 -1  1  1] [ 3 10 11 19 20 26 27 28 29 34 36 42 44 45 50 53 54 55 61] [ 5713 13522  9351  6296 12832  7437  9775  8882 11483  9801  8318  4461
 10689  8653  7959  7744 15495  7020  7969] [] 1716452177.9759294987
[ 1  1  1  1 -1 -1  1  1  1  1  1  1  1  1  1  1 -1  1 -1] [ 3 10 11 19 20 26 27 28 29 34 36 42 44 45 50 53 54 55 61] [ 5656 13300  9306  6007 12887  7449  9668  8875 11478  9633  8274  4387
 10200  8592  7930  7724 15515  6954  7973] [] 1716452178.0189471245
[ 1 -1  1  1  1  1 -1  1  1  1  1  1  1 -1  1 -1  1  1  1] [ 3 10 11 19 20 26 27 28 29 34 36 42 44 45 50 53 54 55 61] [ 5598 13336  9252  5942 12566  7151  9714  8860 11459  9609  8232  4164
  8840  8621  7896  7769 15305  6890  7848] [] 1716452178.0619208813
[ 1  1 -1  1 -1  1 -1 -1 -1  1  1  1  1  1 -1 -1  1  1  1 -1] [ 3 10 11 19 20 26 27 28 29 34 36 42 44 45 50 51 53 54 55 61] [ 5596 13272  9302  5818 12833  7019  9723  8868 11578  9564  8203  4111
  8526  8485  7903 15098  7335 15141  6810  7857] [] 1716452178.1049377918
[ 1  1  1  1  1  1 -1  1  1 -1 -1  1  1 -1  1  1  1  1  1  1] [ 3 10 11 19 20 26 27 28 29 34 36 42 44 45 50 51 53 54 55 61] [ 5249 13224  9219  5795 12551  6841  9815  8807 11465  9608  8229  4080
  8285  8518  7532 15054  7123 13153  6717  7786] [] 1716452178.1480410099
[ 1  1 -1  1  1  1  1  1  1  1 -1  1  1  1  1  1  1 -1  1  1] [ 3 10 11 19 20 26 27 28 29 34 36 42 44 45 50 51 53 54 55 61] [ 5215 13202  9264  5578 12354  6756  9770  8729 11423  8847  8230  4078
  7641  8461  7515 13883  7016 14695  6663  7777] [] 1716452178.1910157204
[ 1 -1 -1  1 -1  1  1 -1  1  1  1  1  1 -1  1  1  1  1  1  1] [ 3 10 11 19 20 26 27 28 29 34 36 42 44 45 50 51 53 54 55 61] [ 5181 13236  9282  5558 12471  6675  9769  8759 11387  8769  8093  3950
  7225  8471  7500 13588  7004 13016  6392  7644] [] 1716452178.2340366840
[ 1 -1  1  1 -1  1  1  1  1 -1 -1  1  1 -1  1  1  1  1 -1  1  1] [ 3 10 11 19 20 26 27 28 29 34 35 36 42 44 45 50 51 53 54 55 61] [ 4819 13256  9095  5490 12552  6529  9764  8675 11062  9168 12908  7730
  3854  7425  8368  7445 13121  6785 13064  6125  7435] [] 1716452178.2770581245
[ 1 -1  1  1  1  1  1  1  1  1  1  1  1  1  1  1  1  1  1  1  1] [ 3 10 11 19 20 26 27 28 29 34 35 36 42 44 45 50 51 53 54 55 61] [ 4694 13296  9080  5432 12406  6136  9736  8591 10927  8891 12808  7663
  3820  7102  8252  7341 13015  6713 13001  5976  7292] [] 1716452178.3200976849
[ 1 -1  1  1  1  1  1  1 -1  1 -1  1  1  1  1  1 -1  1  1  1  1] [ 3 10 11 19 20 26 27 28 29 34 35 36 42 44 45 50 51 53 54 55 61] [ 4649 13330  9074  5375 12235  5709  9694  8098 11002  8535 12833  7607
  3734  7005  8063  7294 13654  6514 12820  5890  7238] [] 1716452178.3630611897
[ 1  1 -1  1  1  1  1  1  1 -1 -1  1  1  1 -1 -1 -1  1 -1 -1  1  1] [ 3 10 11 19 20 26 27 28 29 34 35 36 42 44 45 46 50 51 53 54 55 61] [ 4549 11976  9082  5311 12157  5225  9568  7894 10829  8540 12918  7502
  3688  6677  8181 12647  7316 13501  6599 12824  5809  7126] [] 1716452178.4060153961
[ 1  1  1  1  1  1 -1  1 -1  1  1  1  1  1  1  1  1 -1  1 -1  1  1] [ 3 10 11 19 20 26 27 28 29 34 35 36 42 44 45 46 50 51 53 54 55 61] [ 4513 11552  9074  5205 12081  4946  9649  7373 11256  8435 11480  7102
  3662  6673  8065 12621  7268 14531  6480 12835  5492  7055] [] 1716452178.4490337372
[ 1  1  1  1 -1  1  1  1  1 -1  1  1 -1  1  1  1 -1  1  1  1  1 -1] [ 3 10 11 19 20 26 27 28 29 34 35 36 42 44 45 46 50 51 53 54 55 61] [ 4483 11048  9020  5066 12125  4822  9490  6977  9029  8465 10260  7041
  3701  6498  7943 12021  7280 14481  6459 12803  5431  7097] [] 1716452178.4920635223
[-1 -1 -1 -1 -1 -1 -1  1  1  1 -1  1  1  1  1 -1  1 -1  1  1  1  1  1  1] [ 3 10 11 18 19 20 26 27 28 29 34 35 36 42 44 45 46 47 50 51 53 54 55 61] [ 4499 11093  9184 11253  5157 12150  4829  9451  6799  8140  8522  9827
  6847  3650  6417  7982 11998 16297  7185 14151  6258 12761  5268  7013] [] 1716452178.5349793434
[ 1  1  1  1  1  1  1  1  1 -1  1  1  1  1  1 -1  1  1  1  1 -1 -1 -1 -1
 -1] [ 3 10 11 18 19 20 26 27 28 29 34 35 36 42 44 45 46 47 50 51 52 53 54 55
 61] [ 4017 10126  8564  9698  5123 12128  4757  9400  6316  8181  8481  9775
  6268  3558  6339  8044 11901 16011  7103 13547 14970  6270 12820  5308
  7069] [] 1716452178.5779933929
[ 1  1 -1  1  1  1  1 -1  1  1 -1  1 -1 -1 -1  1  1  1 -1 -1  1  1  1  1
  1  1] [ 3 10 11 18 19 20 26 27 28 29 34 35 36 41 42 44 45 46 47 50 51 52 53 54
 55 61] [ 3852  9886  8584  9414  4853 12039  4637  9480  6082  8043  8494  9452
  6283 13822  3671  6163  7831 11751 16335  7172 12961 14407  6205 12693
  5111  6929] [] 1716452178.6210434437
[ 1  1  1  1  1 -1  1  1  1  1 -1  1  1  1  1  1  1  1  1  1  1  1  1 -1
  1  1] [ 3 10 11 18 19 20 26 27 28 29 34 35 36 41 42 44 45 46 47 50 51 52 53 54
 55 61] [ 3803  9757  7339  9292  4699 12089  4577  9401  5686  7976  8525  9119
  6139 12445  3536  6133  7777 11736 16227  7164 12613 13968  5982 12751
  5009  6821] [] 1716452178.6640524864
[ 1  1  1  1  1  1  1  1  1  1 -1 -1  1  1  1  1 -1  1  1  1  1  1  1  1
 -1 -1] [ 3 10 11 18 19 20 26 27 28 29 34 35 36 41 42 44 45 46 50 51 52 53 54 55
 60 61] [ 3803  9134  6863  9269  4672  9955  4491  9375  5629  7933  8546  9505
  6064 11407  3399  6044  7797 11718  6725 12227 12926  5943 12747  4987
 13491  6899] [] 1716452178.7069928646
[ 1  1  1  1  1  1  1  1  1  1  1 -1  1  1  1  1 -1 -1 -1  1  1  1  1 -1
  1  1 -1] [ 3 10 11 18 19 20 26 27 28 29 34 35 36 41 42 44 45 46 47 50 51 52 53 54
 55 60 61] [ 3773  9020  6499  9263  4608  9846  4450  9256  5565  7909  8487  9622
  5960  9818  3305  5983  7801 11740 15011  6505 11961 12406  5919 12759
  4921 12976  6907] [] 1716452178.7499849796
[ 1 -1  1 -1  1  1  1  1  1 -1  1  1  1  1  1  1 -1  1  1  1  1 -1  1  1
  1  1 -1] [ 3 10 11 18 19 20 26 27 28 29 34 35 36 41 42 44 45 46 47 50 51 52 53 54
 55 60 61] [ 3727  9045  5886  9306  4520  9705  4443  9104  5073  7910  8487  9474
  5548  8873  3218  5961  7803 11575 11243  6253 11847 12433  5915 12725
  4890 12880  6930] [] 1716452178.7930409908
[-1  1  1 -1  1  1  1 -1  1 -1 -1  1  1  1  1  1  1 -1  1  1  1  1  1 -1
 -1  1  1] [ 3 10 11 18 19 20 26 27 28 29 34 35 36 41 42 44 45 46 47 50 51 52 53 54
 55 60 61] [ 3773  8940  5405  9392  4459  9605  4359  9109  4838  7918  8509  9249
  5519  7889  3168  5790  7711 11594 10616  5987 11681 11480  5506 12811
  4899 12790  6856] [] 1716452178.8360483646
[ 1 -1  1  1  1  1 -1  1  1  1  1  1  1  1  1  1  1  1  1  1  1  1  1 -1
  1  1  1 -1] [ 3 10 11 18 19 20 21 26 27 28 29 34 35 36 41 42 44 45 46 47 50 51 52 53
 54 55 60 61] [ 3714  9032  5133  9201  4429  9028 13897  4245  8981  4782  7819  8507
  9061  5414  7468  3086  5695  7642 11543  9799  5733 11643 11099  5517
 12802  4789 12436  6857] [] 1716452178.8789794445
[ 1  1  1  1  1  1  1  1  1  1 -1 -1  1  1  1  1  1  1 -1  1  1  1  1  1
 -1 -1  1 -1] [ 3 10 11 18 19 20 21 26 27 28 29 34 35 36 41 42 44 45 46 47 50 51 52 53
 54 55 60 61] [ 3683  8696  4713  9020  4377  8299 11654  4231  8979  4718  7893  8626
  8745  5199  7425  3048  5501  7639 11573  9791  5455 10549 10490  5451
 12874  4823 11846  6877] [] 1716452178.9220173359
[ 1 -1  1  1  1  1  1  1 -1  1  1  1  1 -1  1  1  1  1 -1  1  1  1  1  1
  1  1  1  1] [ 3 10 11 18 19 20 21 26 27 28 29 34 35 36 41 42 44 45 46 47 50 51 52 53
 54 55 60 61] [ 3618  8746  4555  7605  4334  7916 11483  4221  9094  4602  7868  8617
  8212  5232  7090  2994  5178  7591 11598  9550  5270 10333 10259  5360
 12752  4631 11135  6768] [] 1716452178.9650650024
[ 1  1  1  1  1  1  1  1  1  1  1 -1  1  1  1  1  1  1  1 -1  1 -1  1  1
  1  1  1  1] [ 3 10 11 18 19 20 21 26 27 28 29 34 35 36 41 42 44 45 46 47 50 51 52 53
 54 55 60 61] [ 3523  7929  4463  7461  4321  7520 11361  3997  8988  4547  6787  8678
  7871  5216  7078  2979  5095  7565 11552  9596  5257 10335 10172  5330
 12682  4562 11097  6743] [] 1716452179.0078959465
[-1  1  1  1  1  1  1  1  1  1  1 -1  1  1  1  1  1  1  1  1  1 -1  1 -1
  1  1  1  1  1] [ 2  3 10 11 18 19 20 21 26 27 28 29 34 35 36 41 42 44 45 46 47 50 51 52
 53 54 55 60 61] [15928  3483  7874  4457  7399  4298  7488 11331  3845  8899  4526  6849
  8636  7769  5209  7039  2974  5013  7529 11537  9369  5267 10135 10194
  5306 12636  4543 10891  6680] [] 1716452179.0509939194
[ 1  1  1  1 -1  1 -1  1 -1  1  1  1  1  1  1  1  1 -1 -1 -1  1  1  1 -1
  1 -1  1  1  1] [ 2  3 10 11 18 19 20 21 26 27 28 29 34 35 36 41 42 44 45 46 47 50 51 52
 53 54 55 60 61] [15746  3482  7863  4422  7406  4253  7524 11273  3901  8851  4498  6774
  8603  7761  5153  7015  2964  5019  7539 11560  9260  5181 10074 10250
  5226 12637  4533 10843  6676] [] 1716452179.0940017700
[-1 -1  1 -1  1  1  1 -1  1  1  1 -1  1 -1  1  1 -1  1  1 -1 -1  1 -1 -1
 -1  1 -1  1 -1] [ 2  3 10 11 18 19 20 21 26 27 28 29 34 35 36 41 42 44 45 46 47 50 51 52
 53 54 55 60 61] [15782  3523  7852  4424  7403  4240  7519 11303  3863  8837  4483  6783
  8587  7782  5152  6808  2999  4960  7534 11615 10415  5176 10185 10880
  5642 12603  4632 10725  6708] [] 1716452179.1370480061
[-1  1  1 -1 -1 -1  1 -1  1  1 -1 -1  1 -1 -1 -1 -1 -1 -1  1  1 -1 -1  1
  1 -1 -1 -1 -1] [ 2  3 10 11 18 19 20 21 26 27 28 29 34 35 36 41 42 44 45 46 47 50 51 52
 53 54 55 60 61] [15839  3469  7823  4445  7770  4271  7484 11330  3791  8822  4512  6798
  8528  7784  5166  7258  3046  5059  7587 11609 10146  5365 11136  9857
  5620 12665  4717 11801  6804] [] 1716452179.1800816059
[ 1 -1 -1 -1 -1 -1 -1 -1 -1 -1 -1 -1  1  1 -1 -1 -1 -1 -1 -1 -1 -1  1 -1
 -1 -1 -1  1 -1] [ 2  3 10 11 18 19 20 21 26 27 28 29 34 35 36 41 42 44 45 46 47 50 51 52
 53 54 55 60 61] [15609  3601  8345  4718  8672  4346  7619 11440  3839  8830  4635  7749
  8436  7538  5390  7306  3132  5225  7616 11631 10155  5382 11102 10297
  5749 12683  4796 11542  6868] [] 1716452179.2229816914
[ 1 -1 -1 -1 -1 -1 -1 -1 -1 -1 -1 -1 -1 -1 -1 -1  1 -1 -1 -1 -1 -1 -1 -1
 -1  1 -1 -1 -1] [ 2  3 10 11 18 19 20 21 26 27 28 29 34 35 36 41 42 44 45 46 47 50 51 52
 53 54 55 60 61] [15520  3647  8393  5003  8827  4396  7710 11669  3918  8868  4702  7763
  8467  7972  5429 10402  3099  5351  7706 11632 11935  6009 11167 12829
  5831 12677  4857 13290  6933] [] 1716452179.2660689354
[-1  1 -1 -1 -1 -1 -1 -1 -1 -1  1  1 -1 -1 -1 -1 -1 -1  1 -1  1  1 -1  1
  1 -1  1] [ 2  3 10 11 18 19 20 26 27 28 29 34 35 36 41 42 44 45 46 50 51 52 53 54
 55 60 61] [15738  3642  8856  5983  9076  4431  9378  4133  8887  4928  7691  8439
  8487  5551 12167  3233  5410  7728 11546  6369 10755 12675  6154 12629
  4801 14060  6900] [] 1716452179.3090400696
[-1 -1 -1 -1 -1 -1 -1 -1 -1 -1 -1  1  1 -1  1 -1 -1 -1 -1  1  1 -1 -1 -1
  1] [ 2  3 10 11 18 19 20 26 27 28 29 34 35 36 42 44 45 46 50 51 52 53 54 55
 61] [15855  3731  8939  6770  9234  4521  9402  4207  8941  5371  7805  8403
  8341  5770  3158  5532  7736 11676  6943 10638 12311  6251 12688  5022
  6801] [] 1716452179.3520383835
[-1 -1 -1 -1 -1 -1 -1 -1  1 -1 -1 -1 -1 -1 -1 -1 -1 -1 -1 -1 -1 -1 -1 -1
 -1] [ 2  3 10 11 18 19 20 26 27 28 29 34 35 36 42 44 45 46 50 51 52 53 54 55
 61] [16034  3781  9052  8231  9246  4609  9439  4239  8929  5471  7836  8484
  8770  5940  3458  5695  7828 11712  6959 10765 15986  6313 12792  5295
  6909] [] 1716452179.3949851990
[ 1 -1 -1 -1 -1 -1 -1 -1 -1 -1  1 -1 -1 -1  1  1 -1 -1  1  1 -1 -1 -1 -1] [ 2  3 10 11 18 19 20 26 27 28 29 34 35 36 42 44 45 46 50 51 53 54 55 61] [15816  3803  9884  8951  9399  4925  9451  4449  9002  6559  7809  8552
  9102  6285  3410  5677  7943 11838  6953 10702  6504 12879  5448  6934] [] 1716452179.4379935265
[-1 -1  1 -1  1 -1 -1 -1  1 -1 -1 -1 -1 -1 -1 -1 -1 -1 -1  1 -1  1 -1 -1] [ 2  3 10 11 18 19 20 26 27 28 29 34 35 36 42 44 45 46 50 51 53 54 55 61] [16034  3813  9643  9048  9374  5050  9561  4477  8888  6975  7837  9573
  9141  6379  3466  5791  7975 11897  7004 10691  6507 12800  5637  7054] [] 1716452179.4809620380
[-1 -1 -1 -1 -1 -1  1 -1 -1 -1 -1 -1 -1 -1 -1 -1 -1 -1 -1 -1 -1 -1 -1 -1] [ 2  3 10 11 18 19 20 26 27 28 29 34 35 36 42 44 45 46 50 51 53 54 55 61] [16178  4536 10370  9052 11060  5131  9551  4760  8914  7652  8015  9679
  9472  6995  3557  5874  8016 11975  7020 10840  6605 12911  5741  7064] [] 1716452179.5240418911
[ 1  1 -1  1  1 -1 -1 -1 -1 -1  1 -1 -1 -1 -1 -1 -1 -1 -1 -1 -1 -1 -1] [ 2  3 10 11 19 20 26 27 28 29 34 35 36 42 44 45 46 50 51 53 54 55 61] [15914  4455 11632  9020  5117 11805  5282  9004  8495 10902  9655  9484
  7259  3671  6327  8157 12095  7022 11024  6832 12997  5970  7255] [] 1716452179.5669357777
[-1 -1  1 -1 -1 -1 -1 -1 -1 -1 -1  1 -1 -1 -1 -1 -1 -1 -1 -1 -1 -1 -1] [ 2  3 10 11 19 20 26 27 28 29 34 35 36 42 44 45 46 50 51 53 54 55 61] [16015  4491 11232  9058  5341 12144  6059  9221  8575 11074  9750  9395
  7939  3773  6495  8283 12263  7183 11124  6998 13005  6226  7499] [] 1716452179.6100206375
[-1 -1  1 -1 -1 -1  1 -1  1  1 -1 -1 -1 -1 -1 -1 -1 -1 -1 -1 -1] [ 3 10 11 19 20 26 27 28 29 34 35 36 42 44 45 50 51 53 54 55 61] [ 4847 13274  9032  5487 12398  6450  9219  8613 10980  9678  9732  8067
  4011  7506  8360  7206 11718  7103 13104  6450  7557] [] 1716452179.6529760361
[-1 -1 -1 -1 -1 -1 -1 -1  1 -1 -1 -1  1 -1 -1  1  1 -1  1 -1 -1] [ 2  3 10 11 19 20 26 27 28 29 34 35 36 42 44 45 50 53 54 55 61] [16251  4967 13472  9067  5516 12462  6971  9439  8605 11126  9757 16080
  8038  4242  8331  8350  7195  7613 13025  6525  7631] [] 1716452179.6959836483
[ 1 -1 -1 -1 -1 -1 -1 -1 -1 -1  1  1 -1 -1 -1 -1 -1 -1 -1 -1] [ 2  3 10 11 19 20 26 27 28 29 34 36 42 44 45 50 53 54 55 61] [16032  5022 13480  9106  5843 12535  7311  9739  8655 11181  9709  8008
  4364  8576  8437  7398  7648 13030  6956  7806] [] 1716452179.7389314175
[-1 -1 -1 -1 -1  1 -1 -1 -1 -1  1 -1 -1 -1 -1 -1 -1 -1 -1 -1] [ 2  3 10 11 19 20 26 27 28 29 34 36 42 44 45 50 53 54 55 61] [16376  5125 13608  9162  6272 12375  7459 12944  8740 11189  9529  8312
  4788  9958  8573  7418  7751 13137  7558  7874] [] 1716452179.7819132805
[-1 -1 -1 -1 -1 -1 -1 -1 -1 -1 -1 -1 -1  1 -1 -1  1 -1 -1] [ 3 10 11 19 20 26 27 28 29 34 36 42 44 45 50 53 54 55 61] [ 5186 14192  9269  6739 12734 10042 13371  8839 11298  9675  9030  4834
 10300  8533  7494  7881 13133  7754  7913] [] 1716452179.8249292374
[-1 -1 -1 -1 -1 -1 -1 -1  1 -1 -1 -1 -1 -1 -1 -1 -1 -1 -1] [ 3 10 11 19 20 26 27 28 29 34 36 42 44 45 50 53 54 55 61] [ 5663 14290  9284  6944 12866 10127 13482  9053 11298  9746  9175  4836
 10931  8784  7538  8074 13336  8345  8145] [] 1716452179.8679678440
[-1 -1 -1 -1 -1  1 -1 -1 -1 -1 -1 -1  1 -1  1  1 -1] [ 3 11 19 20 26 27 28 29 34 36 42 44 45 50 53 54 55] [ 5732  9328  7217 12880 10458 13412 10959 11518  9787 10303  5177 11131
  8593  7599  7493 13273 11144] [] 1716452179.9108717442
[-1 -1 -1 -1  1  1  1  1  1 -1  1 -1 -1 -1 -1  1 -1] [ 3 11 19 20 26 27 28 29 34 36 42 44 45 50 53 54 55] [ 5799  9429  7678 13004 10455 13146 10936 11349  9745 10445  5115 11283
  8735  9026  8224 13253 12144] [] 1716452179.9539158344
[-1 -1 -1 -1 -1 -1 -1 -1 -1 -1 -1 -1 -1 -1  1  1] [ 3 11 19 20 26 27 28 29 34 36 42 44 45 50 53 54] [ 5931  9857  8135 13461 11427 13229 10991 11801  9969 11089  5863 11465
  8753 10550  8006 13175] [] 1716452179.9967498779
[-1 -1 -1 -1 -1  1 -1  1 -1 -1  1 -1  1 -1 -1 -1  1] [ 2  3 11 19 20 26 27 28 29 34 36 42 44 45 50 53 54] [15857  6278  9980  8636 13747 11089 13262 10959 12016 10041 11036  6135
 11458  8887 10764  8363 13169] [] 1716452180.0399830341
[-1 -1 -1 -1 -1  1  1 -1 -1 -1 -1 -1 -1 -1 -1] [ 3 11 19 20 26 28 29 34 36 42 44 45 50 53 54] [ 6494 10119  9087 14091 13168 10923 11829 10175 11226  6409 11687  9154
 12858  8984 13440] [] 1716452180.0829200745
[-1 -1 -1  1 -1 -1 -1  1 -1 -1 -1 -1  1] [ 3 11 19 20 28 29 34 36 42 44 45 50 53] [ 6511 11054  9763 13937 10987 11851 10308 11141  6691 12774  9247 14851
  8318] [] 1716452180.1258690357
[-1  1 -1  1  1  1  1  1  1  1  1 -1] [ 3 11 19 20 28 29 34 36 42 44 45 53] [ 6628 10443  9941 13780 10916 11668 10247 11125  6629 12749  9236  8409] [] 1716452180.1687946320
[-1 -1 -1 -1 -1 -1 -1 -1 -1 -1 -1 -1 -1] [ 3 11 19 20 26 28 29 34 36 42 44 45 53] [ 6815 10666 10179 13832 11378 10961 11777 10514 11266  6851 12795  9470
  8613] [] 1716452180.2118828297
[-1  1 -1  1 -1 -1 -1 -1 -1 -1 -1  1  1] [ 3 11 19 20 26 28 29 34 36 42 44 45 53] [ 9410 10611 10261 13809 11483 11017 11828 10747 11309  6856 12920  9333
  8600] [] 1716452180.2548129559
[-1 -1 -1  1 -1 -1 -1 -1 -1 -1 -1 -1 -1] [ 3 11 19 20 26 28 29 34 36 42 44 45 53] [ 9794 11014 10495 13685 11648 11071 11978 12666 11420  6985 12978  9689
  8719] [] 1716452180.2979016304
[ 1  1 -1  1  1 -1 -1 -1  1  1  1 -1  1] [ 3 11 19 20 26 28 29 34 36 42 44 45 53] [ 9762 10876 12087 13684 11639 11177 12098 12687 11339  6683 12813  9805
  8712] [] 1716452180.3408448696
[ 1  1  1  1  1  1  1  1 -1 -1 -1] [ 3 11 20 26 28 29 36 42 44 45 53] [ 9673 10627 13574 11250 11041 11933 11287  6651 12983 12303  8859] [] 1716452180.3838820457
[-1 -1 -1 -1 -1 -1 -1  1 -1 -1 -1] [ 3 11 20 26 28 29 36 42 44 45 53] [10007 10798 13690 11911 11133 11995 11329  6602 13092 12543  8902] [] 1716452180.4268710613
[-1 -1 -1 -1 -1 -1 -1 -1 -1 -1 -1] [ 3 11 20 26 28 29 36 42 44 45 53] [10219 10816 14163 12223 11220 12076 11353  6634 13186 12654  9012] [] 1716452180.4697320461
[-1  1 -1  1  1 -1 -1 -1  1  1 -1] [ 3 11 20 26 28 29 36 42 44 45 53] [13165 10745 14252 11918 11128 12224 11369  6724 13080 12620 11025] [] 1716452180.5129067898
[ 1 -1  1  1 -1  1 -1  1  1] [11 20 26 28 29 36 42 44 45] [10465 14269 11865 11097 12288 11350  6752 13026 12487] [] 1716452180.5559117794
[-1 -1 -1 -1  1  1  1 -1] [11 20 26 28 36 42 44 45] [10603 14339 11919 11246 11177  6507 13012 12573] [] 1716452180.5989305973
[ 1 -1  1  1  1  1] [11 20 28 36 42 44] [10484 14393 11079 11147  6431 12914] [] 1716452180.6418859959
[ 1  1  1  1 -1 -1] [11 20 28 36 42 44] [10296 14175 10890 10938  6458 12954] [] 1716452180.6847100258
[-1 -1 -1 -1 -1 -1] [11 20 28 36 42 44] [10527 14616 10987 11007  6563 13087] [] 1716452180.7278509140
[-1 -1 -1 -1  1 -1] [11 20 28 36 42 44] [10671 14827 11005 11110  6435 13163] [] 1716452180.7709043026
[-1  1 -1  1 -1  1] [11 20 28 36 42 44] [11601 14798 11023 11025  6699 13105] [] 1716452180.8138220310
[-1  1 -1 -1 -1 -1] [11 20 28 36 42 44] [12885 14699 11177 11257  6911 13379] [] 1716452180.8568189144
[-1 -1 -1  1  1 -1] [11 20 28 36 42 44] [15057 15020 11211 11189  6754 13484] [] 1716452180.8998589516
[ 1 -1 -1 -1 -1] [20 28 36 42 44] [14779 11272 11249  7594 13824] [] 1716452180.9427649975
[-1 -1 -1 -1] [20 28 36 42] [15117 11296 11474  7922] [] 1716452180.9858052731
[-1 -1 -1 -1] [20 28 36 42] [16035 12426 12669  8167] [] 1716452181.0288183689
[ 1  1 -1 -1] [20 28 36 42] [15935 11985 12825  8948] [] 1716452181.0719797611
[-1  1  1 -1] [20 28 36 42] [16346 11703 12790  9344] [] 1716452181.1148009300
[-1 -1 -1 -1] [11 28 36 42] [15880 12078 12855 10071] [] 1716452181.1577868462
[ 1 -1 -1] [28 36 42] [11995 12872 10723] [] 1716452181.2007205486
[ 1  1 -1] [28 36 42] [11786 12752 11240] [] 1716452181.2438507080
[-1  1 -1] [28 36 42] [11788 12667 13365] [] 1716452181.2867970467
[-1 -1  1] [28 36 42] [11809 12677 11636] [] 1716452181.3297133446
[-1 -1 -1] [28 36 42] [12225 12902 12324] [] 1716452181.3727102280
[1 1] [28 42] [11591 10365] [] 1716452181.4158582687
[-1 -1 -1] [11 28 42] [12584 12107 12953] [] 1716452181.4588336945
[-1  1  1] [11 28 42] [14845 11759 12294] [] 1716452181.5016975403
[ 1 -1] [28 42] [11727 12976] [] 1716452181.5447371006
[-1  1] [28 42] [11899 12875] [] 1716452181.5876474380
[-1  1] [28 42] [12101 12872] [] 1716452181.6306321621
[ 1 -1 -1] [28 42 44] [11967 13179 14045] [] 1716452181.6736755371
[-1  1  1] [28 42 44] [12367 13110 13582] [] 1716452181.7166757584
[-1 -1  1] [28 42 44] [12578 15701 13359] [] 1716452181.7596416473
[ 1  1 -1] [28 42 44] [12164 14231 13411] [] 1716452181.8026340008
[-1  1] [28 44] [12609 13207] [] 1716452181.8456110954
[ 1 -1] [28 44] [12166 13221] [] 1716452181.8885948658
[-1  1] [28 44] [13530 13063] [] 1716452181.9316184521
[1] [44] [12991] [] 1716452181.9746117592
[-1] [44] [13081] [] 1716452182.0176031590
[-1] [44] [13131] [] 1716452182.0605452061
[-1] [44] [13240] [] 1716452182.1035928726
[1] [44] [13148] [] 1716452182.1466133595
[-1] [44] [13292] [] 1716452182.1895937920
[-1] [44] [14044] [] 1716452182.2324786186
[-1] [44] [14651] [] 1716452182.2755873203
2 2 2 1716452183.0137395859
