FA TAX ADC PRES TS
[-1] [28] [12224] [] 1716453163.6150417328
[-1  1 -1 -1] [11 28 42 44] [11793 11916 13461 15035] [] 1716453163.6580462456
[ 1 -1  1  1] [11 28 42 44] [11246 12307 10554 14085] [] 1716453163.7009990215
[ 1  1 -1  1] [11 28 42 44] [10821 11967 10587 14063] [] 1716453163.7440593243
[ 1 -1  1  1  1] [11 26 28 42 44] [10671 12395 11813 10451 13809] [] 1716453163.7870159149
[ 1 -1  1  1 -1  1  1] [11 19 26 28 36 42 44] [10184 10860 12121 11690 15945 10282 13725] [] 1716453163.8300426006
[ 1  1 -1 -1  1  1  1  1] [11 19 26 27 28 36 42 44] [10017 10648 12137 13622 11663 15338 10112 13566] [] 1716453163.8730316162
[-1 -1  1 -1  1  1 -1  1  1  1] [ 3 11 19 21 26 27 28 36 42 44] [10183 10026 10445 15935 11933 13515 11767 15313  9727 13370] [] 1716453163.9160635471
[ 1  1  1  1  1  1  1 -1 -1  1  1] [ 3 11 19 21 26 27 28 34 36 42 44] [ 9278  9699  9769 12414 11542 13110 11722 13008 15789  9386 13195] [] 1716453163.9590311050
[ 1 -1 -1  1  1  1  1  1  1  1 -1  1] [ 3 10 11 19 21 26 27 28 34 36 42 44] [ 8469 15272  9707  7228 12058 11522  9981 11631 12950 15081  9409 13179] [] 1716453164.0020515919
[1 1 1 1 1 1 1 1 1 1 1 1] [ 3 10 11 19 21 26 27 28 34 36 42 44] [ 8295 11630  9595  6363 11906 11501  9697 11587 12557 14192  8729 13012] [] 1716453164.0450849533
[ 1  1  1  1 -1  1  1  1  1  1  1  1  1] [ 3 10 11 19 20 21 26 27 28 34 36 42 44] [ 6582 10937  9533  5891 15953 11857 11250  9501 11419 12287 14037  8515
 12973] [] 1716453164.0880749226
[1 1 1 1 1 1 1 1 1 1 1 1 1] [ 3 10 11 19 20 21 26 27 28 34 36 42 44] [ 5376 10155  9450  5050 14660 11598  9307  9251 11263 12127  9918  8451
 12853] [] 1716453164.1310360432
[1 1 1 1 1 1 1 1 1 1 1 1 1] [ 3 10 11 19 20 21 26 27 28 34 36 42 44] [ 4805  8391  9300  4704 13983 11367  8967  9057 11262 11953  9413  8234
 12603] [] 1716453164.1740720272
[ 1  1  1  1 -1 -1  1  1  1  1  1  1 -1] [ 3 10 11 19 20 21 26 27 28 34 36 42 44] [ 4514  7503  9246  4405 14218 11412  8618  8895  9498 11951  8280  7571
 12645] [] 1716453164.2171235085
[ 1  1  1 -1  1  1  1  1 -1  1  1  1  1  1] [ 3 10 11 18 19 20 21 26 27 28 34 36 42 44] [ 4117  6237  9151 11021  4176 13397 11071  8486  9021  9083 11807  6518
  7250 12427] [] 1716453164.2600729465
[1 1 1 1 1 1 1 1 1 1 1 1 1 1] [ 3 10 11 18 19 20 21 26 27 28 34 36 42 44] [ 3921  5593  9117 10754  3952 13141 11020  8212  7427  8919  9268  6114
  7149 12171] [] 1716453164.3030083179
[ 1  1  1  1  1 -1 -1  1  1  1 -1 -1 -1  1  1  1 -1] [ 3 10 11 18 19 20 21 26 27 28 29 34 35 36 42 44 50] [ 3749  5348  9081 10467  3899 13186 11172  7235  7309  8917 12566  9714
 15792  6093  6813 11285 10364] [] 1716453164.3461434841
[ 1  1 -1  1  1  1  1  1  1  1  1  1  1  1  1  1] [ 3 10 11 18 19 20 21 26 27 28 29 34 36 42 44 50] [ 3526  4996  9083  6842  3669 12934 11074  5805  7223  8286 11818  6725
  5644  5386  7390  9975] [] 1716453164.3891012669
[ 1  1  1  1  1  1  1  1  1  1  1  1 -1  1  1  1  1] [ 3 10 11 18 19 20 21 26 27 28 29 34 35 36 42 44 50] [ 3432  4815  9064  5743  3589 12354 10932  4935  7206  7912 11459  6295
 15464  4946  4870  5598  9857] [] 1716453164.4320940971
[ 1  1  1  1  1  1  1  1  1  1 -1  1  1  1  1  1] [ 3 10 11 18 19 20 21 26 27 28 29 34 36 42 44 50] [ 3375  4563  7279  5175  3541 11810 10912  4492  6789  7377 11504  6014
  4518  4419  5209  9602] [] 1716453164.4750320911
[ 1  1  1  1  1  1 -1  1  1  1  1  1  1  1  1  1 -1] [ 3 10 11 18 19 20 21 26 27 28 29 34 36 42 44 50 51] [ 3354  4347  6917  4747  3446 10935 11072  4339  6346  6683 11396  5936
  4369  4273  4738  9073 14061] [] 1716453164.5181226730
[ 1  1  1  1  1  1  1  1  1  1 -1  1 -1  1  1 -1  1  1  1] [ 3 10 11 18 19 20 21 26 27 28 29 34 35 36 42 43 44 50 51] [ 3225  4121  6907  3991  3349  8935 10883  4061  6277  5299 11561  5227
 15139  4175  3904 15535  4318  7408 11650] [] 1716453164.5610718727
[ 1  1  1  1  1  1  1  1  1  1 -1  1  1  1 -1  1 -1 -1 -1  1  1] [ 3 10 11 18 19 20 21 26 27 28 29 34 35 36 41 42 43 44 45 50 51] [ 3064  3953  6815  3587  3294  8776  9327  3756  6258  4592 11628  5037
 11749  3935 12459  3890 15769  4414 12769  6654 11275] [] 1716453164.6040818691
[ 1  1  1 -1  1  1  1 -1  1 -1  1 -1  1 -1  1 -1  1  1  1  1  1  1] [ 3 10 11 12 18 19 20 21 26 27 28 29 34 35 36 37 41 42 44 45 50 51] [ 3018  3943  6802 15174  3542  3243  8679  9329  3623  6310  4415 11644
  4974 12524  3820 16347 12187  3305  4246 12636  5629 11021] [] 1716453164.6471402645
[-1  1  1  1  1  1  1  1  1  1  1  1  1  1  1  1  1  1  1 -1  1 -1  1  1
 -1] [ 2  3 10 11 12 18 19 20 21 26 27 28 29 34 35 36 37 41 42 43 44 45 50 51
 53] [11007  2990  3923  5577 14555  3319  3211  8400  8673  3319  6258  3972
 10226  4803 12164  3646 13528 11376  2957 16111  4027 12724  5181 10719
 14853] [] 1716453164.6900925636
[ 1  1  1  1  1  1  1  1  1  1  1  1  1  1  1  1 -1  1  1  1 -1  1  1 -1
 -1  1] [ 2  3 10 11 12 18 19 20 21 26 27 28 29 34 35 36 37 41 42 43 44 45 50 51
 52 53] [10946  2743  3859  5207 14227  3169  3071  7721  8522  3190  6217  3609
  9555  4250 12026  3519 13757 10613  2781 15343  4080 10240  4822 10737
 15330 12232] [] 1716453164.7331326008
[ 1  1  1  1  1  1  1  1 -1  1  1  1  1  1 -1  1  1  1  1  1  1 -1  1  1
  1  1] [ 2  3 10 11 12 18 19 20 21 26 27 28 29 34 35 36 37 41 42 43 44 45 50 51
 52 53] [ 9905  2703  3809  4870 12953  3132  3063  7098  8572  3183  6191  3535
  8721  4068 12032  3397 13099  9261  2617 15323  3732 12668  4721 10545
 12628 11197] [] 1716453164.7760906219
[ 1  1  1  1  1  1  1  1  1  1  1  1 -1  1 -1  1  1  1  1  1  1  1  1  1
  1  1] [ 2  3 10 11 12 18 19 20 21 26 27 28 29 34 35 36 37 41 42 43 44 45 50 51
 52 53] [ 9506  2486  3695  4411  9804  3049  2916  6654  7232  2986  5824  3192
  9011  3667 12376  3102 12818  8850  2460 10847  3534 12164  4291 10491
 12025 10923] [] 1716453164.8190083504
[ 1  1  1  1  1  1  1  1  1  1  1  1 -1  1  1  1 -1  1  1  1  1  1  1  1
  1  1] [ 2  3 10 11 12 18 19 20 21 26 27 28 29 34 35 36 37 41 42 43 44 45 50 51
 52 53] [ 9441  2373  3619  3949  8179  2949  2866  5402  7143  2847  5548  3015
 10956  3584 11403  2921 13120  8541  2330 10533  3410 11908  4123  8366
 11482  9009] [] 1716453164.8620884418
[-1  1  1  1  1  1  1  1  1  1  1  1  1  1 -1  1 -1  1  1  1  1  1  1  1
  1  1] [ 2  3 10 11 12 18 19 20 21 26 27 28 29 34 35 36 37 41 42 43 44 45 50 51
 52 53] [ 9508  2275  3582  3830  7613  2868  2799  5157  7094  2714  5500  2808
 10839  3428 11834  2854 13472  7585  2278  9785  3242 11409  3665  8294
 11190  7037] [] 1716453164.9051120281
[ 1  1  1  1  1  1  1  1  1  1  1  1  1  1  1  1  1  1  1 -1  1  1  1  1
  1  1] [ 2  3 10 11 12 18 19 20 21 26 27 28 29 34 35 36 37 41 42 43 44 45 50 51
 52 53] [ 9309  2183  3507  3641  7262  2627  2783  5017  6420  2695  5076  2593
  7708  3133 11010  2652 12824  7190  2214  9886  3154 11273  3564  8205
 10528  7019] [] 1716453164.9481136799
[-1  1  1 -1  1  1  1 -1  1  1  1  1  1 -1  1 -1  1  1  1  1  1  1  1  1
 -1  1  1] [ 2  3 10 11 12 18 19 20 21 26 27 28 29 33 34 35 36 37 41 42 43 44 45 50
 51 52 53] [ 9387  2148  3433  3655  7136  2592  2706  5045  6277  2623  4952  2583
  5555 15934  3072 11052  2564 12731  7182  2210  9669  3146 11159  3470
  8266 10273  6891] [] 1716453164.9911401272
[ 1  1  1  1  1  1  1  1  1  1  1  1  1 -1  1  1  1  1  1 -1 -1  1  1 -1
 -1  1  1] [ 2  3 10 11 12 18 19 20 21 26 27 28 29 33 34 35 36 37 41 42 43 44 45 50
 51 52 53] [ 9288  2113  3415  3543  7120  2575  2684  4964  6227  2589  4910  2519
  5453 16049  3046 10153  2521 12702  7028  2239  9731  3104 11107  3568
  8367 10137  6862] [] 1716453165.0341613293
[ 1 -1  1  1 -1  1  1  1  1 -1  1  1  1 -1 -1  1  1 -1 -1  1  1  1  1  1
  1  1  1] [ 2  3 10 11 12 18 19 20 21 26 27 28 29 33 34 35 36 37 41 42 43 44 45 50
 51 52 53] [ 9257  2141  3388  3459  7134  2575  2674  4935  6130  2615  4883  2509
  5405 16153  3062  9945  2507 12761  7124  2182  9721  3092 11065  3517
  8301 10134  6846] [] 1716453165.0770940781
[ 1  1  1  1  1  1  1 -1 -1  1  1  1  1  1 -1  1 -1 -1 -1  1 -1 -1 -1 -1
 -1 -1] [ 2  3 10 11 12 18 19 20 21 26 27 28 29 34 35 36 37 41 42 43 44 45 50 51
 52 53] [ 9229  2097  3387  3455  6948  2549  2669  4975  6174  2607  4867  2503
  5381  3026 10040  2493 12856  7370  2246  9685  3200 11106  3608  8335
 10418  8908] [] 1716453165.1200647354
[-1 -1  1 -1 -1 -1 -1  1 -1  1 -1 -1 -1 -1  1 -1  1 -1 -1 -1 -1 -1 -1 -1
 -1 -1] [ 2  3 10 11 12 18 19 20 21 26 27 28 29 34 35 36 37 41 42 43 44 45 50 51
 52 53] [ 9239  2111  3383  3541  7183  2554  2691  4907  6231  2587  4874  2544
  5747  3049 10016  2570 12720  7626  2283 10466  3328 11188  3747  8424
 11373 10201] [] 1716453165.1630089283
[ 1 -1 -1 -1 -1 -1 -1 -1 -1 -1 -1 -1 -1 -1  1 -1 -1 -1 -1 -1 -1  1 -1 -1
 -1 -1] [ 2  3 10 11 12 18 19 20 21 26 27 28 29 34 35 36 37 41 42 43 44 45 50 51
 52 53] [ 9233  2162  3431  3603  7296  2707  2710  4951  6628  2615  4887  2632
  6776  3208  9987  2651 12760  8271  2377 11307  3472 10376  4224 10573
 11976 14164] [] 1716453165.2060773373
[-1 -1 -1 -1 -1 -1 -1 -1 -1 -1 -1 -1 -1 -1 -1 -1 -1 -1 -1  1  1  1 -1  1] [ 2  3 10 11 12 18 19 20 21 26 27 28 29 34 35 36 37 41 42 43 44 45 50 51] [ 9278  2283  3433  3787  7712  2743  2759  5089  6827  2715  5223  2793
  8323  3464 10722  2804 12832  9244  2489 11225  3428  9926  4306 10547] [] 1716453165.2490830421
[-1 -1 -1 -1 -1 -1 -1 -1 -1 -1 -1 -1 -1 -1  1 -1 -1 -1 -1 -1 -1 -1 -1 -1] [ 2  3 10 11 12 18 19 20 21 26 27 28 29 34 35 36 37 41 42 43 44 45 50 51] [ 9295  2311  3471  4185  8152  2782  2795  5396  6854  2807  5648  2970
  8520  3584 10512  2863 13216  9883  2538 15943  3619 11573  4784 10627] [] 1716453165.2921183109
[-1 -1 -1 -1 -1 -1 -1 -1 -1 -1 -1 -1 -1 -1 -1 -1 -1 -1 -1  1 -1 -1 -1] [ 2  3 10 11 12 18 19 20 21 26 27 28 29 34 35 36 37 41 42 43 44 50 51] [ 9322  2427  3565  4454  9405  2875  2853  5596  6961  2943  5741  3137
  8944  3776 10579  3011 13401 11182  2774 15495  3734  5320 10663] [] 1716453165.3351545334
[-1 -1 -1 -1 -1 -1 -1 -1 -1 -1 -1  1 -1 -1 -1 -1 -1  1 -1 -1 -1 -1 -1 -1] [ 2  3  4 10 11 12 18 19 20 21 26 27 28 29 34 35 36 37 41 42 43 44 50 51] [ 9632  2634 13215  3575  4939 11885  2959  2967  6389  7061  3007  5722
  3451 10814  3912 10945  3103 12863 12525  3215 16109  3888  5870 10933] [] 1716453165.3781211376
[-1 -1 -1 -1 -1 -1 -1  1 -1 -1 -1 -1 -1  1 -1 -1 -1 -1  1 -1 -1 -1] [ 2  3  4 10 11 12 18 19 20 21 26 27 28 29 34 35 36 42 43 44 50 51] [11027  2899 13342  3685  6079 12297  3137  2965  8202  8311  3167  6008
  3659 10791  4626 11654  3188  3461 15982  4177  8799 11499] [] 1716453165.4210138321
[ 1 -1 -1 -1 -1 -1 -1  1 -1 -1 -1 -1  1 -1 -1 -1 -1 -1 -1] [ 3  4 10 11 12 18 19 20 21 26 27 28 29 34 35 36 42 44 50] [ 2869 13583  3695  6500 14199  3162  3033  8184  8466  3229  6098  3792
 10722  4850 12529  3383  3704  4310  9636] [] 1716453165.4641025066
[-1  1 -1 -1 -1 -1 -1 -1 -1 -1 -1 -1 -1  1 -1 -1 -1 -1 -1] [ 3  4 10 11 12 18 19 20 21 26 27 28 29 34 35 36 42 44 50] [ 3062 13455  3835  6593 14610  3279  3077  8304  9052  3439  6118  4199
 11027  4760 13236  3436  4189  5198 10289] [] 1716453165.5070648193
[-1 -1 -1 -1 -1 -1  1 -1  1 -1 -1 -1 -1 -1 -1 -1] [ 3 10 11 18 19 20 21 26 27 28 29 34 35 36 42 44] [ 3125  3934  6695  3490  3158  8436  9043  3773  6107  4945 11517  5135
 13475  3838  4811  6458] [] 1716453165.5500366688
[-1 -1 -1 -1 -1 -1 -1 -1 -1 -1 -1 -1 -1 -1 -1 -1] [ 3 10 11 18 19 20 21 26 27 28 29 34 35 36 42 44] [ 3235  4044  8267  3813  3283  8584  9117  3917  6261  6065 11855  5411
 13716  4070  5887 11633] [] 1716453165.5930666924
[ 1 -1 -1 -1 -1 -1 -1 -1 -1 -1 -1 -1 -1 -1 -1 -1] [ 3 10 11 18 19 20 21 26 27 28 29 34 35 36 42 44] [ 3209  4524  8900  5023  3375 11134 10619  4721  6770  8125 12300  7079
 16111  4518  5996 11703] [] 1716453165.6360642910
[-1 -1 -1 -1 -1 -1  1 -1 -1 -1 -1 -1 -1 -1] [ 3 10 11 18 19 20 21 26 27 28 34 36 42 44] [ 3319  4861  8929  5482  3461 11504 10546  5637  6808  8479  8010  5103
  6387 12293] [] 1716453165.6790258884
[-1 -1  1 -1 -1 -1 -1 -1 -1 -1 -1 -1 -1 -1] [ 3 10 11 18 19 20 21 26 27 28 34 36 42 44] [ 3553  5509  8912  8605  3626 11537 11196  7072  7017  8677  8363  5716
  6611 12356] [] 1716453165.7220482826
[-1 -1 -1 -1 -1 -1  1 -1 -1 -1 -1 -1 -1 -1] [ 3 10 11 18 19 20 21 26 27 28 34 36 42 44] [ 3718  5846  9004 10356  3748 11892 11009  8268  7283  8889  9329  5980
  6877 12431] [] 1716453165.7650349140
[-1 -1  1 -1 -1 -1 -1 -1 -1 -1 -1 -1 -1 -1] [ 3 10 11 18 19 20 21 26 27 28 34 36 42 44] [ 3852  6604  8991 10689  3963 12051 11211  8574  8780 10575  9513  6806
  8797 13641] [] 1716453165.8081161976
[-1 -1 -1 -1 -1 -1 -1 -1 -1 -1 -1 -1] [ 3 10 11 19 20 21 26 27 28 34 36 42] [ 4947  9071  9071  4280 13285 11501  9125  9192 10747 12458  9091  9315] [] 1716453165.8510518074
[-1 -1 -1 -1 -1 -1 -1 -1 -1 -1] [ 3 10 11 19 20 26 27 28 34 36] [ 5388  9677  9131  4702 14683 10897  9221 10759 14293  9537] [] 1716453165.8940246105
[-1 -1 -1 -1  1 -1 -1 -1] [ 3 10 11 19 26 27 28 36] [ 7980 10598  9279  5586 10882  9327 10915 10696] [] 1716453165.9370248318
[-1 -1 -1 -1 -1  1  1 -1] [ 3 10 11 19 26 27 28 36] [ 9420 14478  9319  6927 11035  9280 10890 13775] [] 1716453165.9800503254
[ 1 -1 -1 -1 -1 -1] [11 19 26 27 28 36] [ 9217  9908 11581  9422 11135 14163] [] 1716453166.0229716301
[-1 -1 -1 -1] [11 19 27 28] [ 9326 15033 11567 12121] [] 1716453166.0659461021
[-1  1] [11 27] [ 9611 11490] [] 1716453166.1089572906
[-1 -1] [11 27] [10154 12011] [] 1716453166.1519598961
2 2 2 1716453166.4226150513
