FA TAX ADC PRES TS
[-1  1] [11 28] [10345 12371] [] 1716446959.4797060490
[-1 -1] [11 28] [10430 12472] [] 1716446959.5227668285
[1 1] [11 28] [10407 12459] [] 1716446959.5657351017
[1 1] [11 28] [10402 12453] [] 1716446959.6085600853
[1 1] [11 28] [ 9712 11633] [] 1716446959.6517794132
[1 1] [11 28] [ 9485 11433] [] 1716446959.6947593689
[-1 -1 -1 -1 -1] [ 3 11 19 28 29] [15597  9731 11117 11775 12515] [] 1716446959.7377605438
[ 1 -1  1 -1 -1  1] [ 3 11 19 21 28 29] [14621  9812 10913 15382 11827 12050] [] 1716446959.7806327343
[ 1  1  1  1 -1  1 -1] [ 3 11 19 21 27 28 29] [13936  9730  9649 12117 11471 11664 12059] [] 1716446959.8237993717
[ 1  1  1  1  1 -1  1] [ 3 11 19 21 27 28 29] [ 9047  9614  8826 11962 11277 11678 11948] [] 1716446959.8668303490
[1 1 1 1 1 1 1] [ 3 11 19 21 27 28 29] [ 7774  9502  7847 11739 10694 11397 11740] [] 1716446959.9098601341
[ 1  1  1  1  1  1  1 -1] [ 3 11 19 21 27 28 29 44] [ 7558  9467  6328 11464 10568 11336 11686 13517] [] 1716446959.9527416229
[ 1 -1  1  1  1  1 -1  1  1] [ 3 10 11 19 21 27 28 29 44] [ 6041 15258  9443  5844 11336  8708 11583 11597 13063] [] 1716446959.9958710670
[ 1 -1  1  1  1  1  1  1  1] [ 3 10 11 19 21 27 28 29 44] [ 5532 15442  9355  5461 11080  8685 11324 11345  9075] [] 1716446960.0387547016
[ 1  1  1 -1  1 -1  1  1  1  1 -1 -1  1 -1] [ 3 10 11 18 19 20 21 27 28 29 35 36 44 45] [ 5109 13361  9333 12627  5239 16365 11072  7634 11131 11260 15499 15439
  8587 13144] [] 1716446960.0818505287
[ 1  1 -1  1  1  1  1 -1  1 -1  1  1  1  1  1] [ 3 10 11 18 19 20 21 26 27 28 29 35 36 44 45] [ 4907 12466  9435 11625  5234 15991 10850 10365  7327 11237 11149 14935
 15052  7737 12369] [] 1716446960.1247897148
[ 1  1  1  1  1  1  1  1  1  1  1 -1 -1  1  1  1] [ 3 10 11 18 19 20 21 26 27 28 29 34 35 36 44 45] [ 4617 12196  9390 11389  5034 15214 10731  9378  6786 11184  9576 15613
 15186 14707  7356 12124] [] 1716446960.1678726673
[ 1  1  1  1  1  1  1 -1 -1 -1  1  1  1  1  1  1] [ 3 10 11 18 19 20 21 26 27 28 29 34 35 36 44 45] [ 4527 11842  8107  8873  4813 15084 10653  9443  6807 11396  9498 11219
 15111 14139  6112  6997] [] 1716446960.2108993530
[1 1 1 1 1 1 1 1 1 1 1 1 1 1 1 1] [ 3 10 11 18 19 20 21 26 27 28 29 34 35 36 44 45] [ 4310 11336  7665  7936  4473 14864 10525  8434  6603 11199  9282 10571
 14230 13820  6000  6815] [] 1716446960.2538592815
[ 1  1  1  1  1  1  1  1  1 -1  1  1  1  1 -1 -1  1  1] [ 3 10 11 18 19 20 21 26 27 28 29 34 35 36 37 42 44 45] [ 4253 10553  6380  7715  4211 13762 10413  7903  6481 11236  9095 10527
 12595 13556 16353 12325  5779  6681] [] 1716446960.2966768742
[ 1  1  1  1  1  1  1 -1  1  1  1 -1 -1  1  1  1  1  1  1 -1] [ 3 10 11 18 19 20 21 23 26 27 28 29 34 35 36 37 42 44 45 53] [ 4195  9386  6003  7525  4039 13548 10354 16180  6795  6248 10045  9300
 10592 10692 11167 13049  8773  5635  6525 14510] [] 1716446960.3398678303
[-1  1  1  1  1  1  1  1  1  1  1  1  1  1  1  1  1  1 -1 -1 -1  1] [ 3 10 11 18 19 20 21 23 26 27 28 29 34 35 36 37 42 44 45 51 52 53] [ 4207  9353  4677  7401  3999 13070 10313 14346  6511  6246  9189  9251
 10483  7795  9824 12833  5861  5572  6655 11743 13325 10835] [] 1716446960.3828845024
[ 1  1  1 -1  1  1  1 -1  1  1  1  1 -1  1 -1  1 -1  1  1 -1 -1  1  1  1] [ 3 10 11 12 18 19 20 21 23 26 27 28 29 34 35 36 37 42 44 45 46 51 52 53] [ 4131  7560  4095 16094  6559  3877 12640 10388 13925  6085  6175  6643
  9284  9461  8705  7734 12904  5068  5131  6813 11271 11405 11987  7750] [] 1716446960.4258565903
[ 1  1  1  1  1  1  1  1  1  1  1  1  1  1  1  1  1 -1  1  1  1  1  1  1
  1] [ 3 10 11 12 18 19 20 21 23 26 27 28 29 34 35 36 37 38 42 44 45 46 51 52
 53] [ 4056  7392  3682 15782  6027  3791 12011 10336 13706  5317  6052  5182
  6979  7742  7980  6868 12652 11026  4358  4742  6620  9891 11189 11471
  6439] [] 1716446960.4688887596
[1 1 1 1 1 1 1 1 1 1 1 1 1 1 1 1 1 1 1 1 1 1 1 1 1] [ 3 10 11 12 18 19 20 21 23 26 27 28 29 34 35 36 37 38 42 44 45 46 51 52
 53] [ 4007  6809  3499 15014  5566  3656  8498  8627 13596  4871  5829  4805
  6851  6270  7780  6206 12353 10589  4147  4388  6483  9176 11032 11383
  5402] [] 1716446960.5118916035
[ 1  1  1 -1  1  1  1  1 -1  1  1  1  1 -1  1  1  1  1  1  1  1 -1 -1  1
  1  1] [ 3 10 11 12 18 19 20 21 23 26 27 28 29 34 35 36 37 38 42 44 45 46 50 51
 52 53] [ 3803  6280  3442 15040  5451  3580  8243  8353 13736  4707  5693  4527
  6706  6690  7454  5823 12305 10210  3921  4052  6367  9694 11026 10947
  9817  4718] [] 1716446960.5550234318
[ 1  1  1 -1  1  1  1  1  1  1 -1  1  1  1  1  1  1  1  1  1  1  1  1  1
  1  1 -1] [ 3 10 11 12 18 19 20 21 23 26 27 28 29 34 35 36 37 38 42 44 45 46 50 51
 52 53 54] [ 3447  6134  3263 15221  5318  3443  8043  8348 13692  4355  5738  3876
  6056  5130  6843  5458 12129 10143  3562  3711  6180  8693  7684  8717
  9315  4460 12148] [] 1716446960.5979156494
[ 1  1  1  1  1  1  1  1  1  1  1  1  1  1  1  1  1  1  1  1  1  1  1  1
  1 -1 -1 -1] [ 3 10 11 12 18 19 20 21 23 26 27 28 29 34 35 36 37 38 42 44 45 46 50 51
 52 53 54 61] [ 2983  5887  3225 15004  4997  3328  5941  8188 13609  3992  5647  3663
  5729  4446  6732  5047 10214 10098  3353  3676  5841  8613  6821  7740
  9213  4576 12237  7524] [] 1716446960.6408762932
[ 1  1  1  1  1  1  1 -1 -1  1  1  1  1  1  1  1  1 -1  1  1  1  1 -1  1
  1  1  1  1  1] [ 3 10 11 12 18 19 20 21 23 26 27 28 29 34 35 36 37 38 42 44 45 46 47 50
 51 52 53 54 61] [ 2815  5683  3140 14164  4735  3223  5226  8219 13805  3751  5638  3557
  5237  4190  6594  4954 10187 10114  3168  3575  5783  8592 13822  5694
  7283  8145  4294 12017  7212] [] 1716446960.6838471889
[ 1  1  1  1  1  1  1  1 -1  1  1  1  1  1  1  1  1  1  1  1  1  1  1  1
  1  1  1  1  1] [ 3 10 11 12 18 19 20 21 23 26 27 28 29 34 35 36 37 38 42 44 45 46 47 50
 51 52 53 54 61] [ 2677  5191  3067 13992  4329  3175  4821  8177 13996  3647  5555  3357
  4829  3930  6255  4646  8415  8875  2909  3292  5168  6953  7059  5063
  6415  7840  3940  7501  6887] [] 1716446960.7268321514
[ 1  1  1 -1 -1  1  1  1 -1  1  1  1  1  1  1 -1  1 -1 -1  1  1  1  1  1
  1  1  1  1  1  1] [ 3 10 11 12 15 18 19 20 21 23 26 27 28 29 34 35 36 37 38 42 44 45 46 47
 50 51 52 53 54 61] [ 2492  4888  2841 14080 15191  3799  3122  4235  8309 13799  3381  5513
  3125  4741  3711  6334  4287  8590  8890  2758  3251  5119  6898  5740
  4792  6283  7680  3813  6223  6753] [] 1716446960.7698557377
[ 1  1  1  1  1  1  1  1  1  1  1  1  1  1  1  1  1  1 -1  1  1  1  1  1
  1  1  1  1  1  1] [ 3 10 11 12 15 18 19 20 21 23 26 27 28 29 34 35 36 37 38 42 44 45 46 47
 50 51 52 53 54 61] [ 2475  4788  2742 14046 14943  3673  3095  4097  7316 13744  3333  5485
  3083  4734  3574  6280  4034  8469  8941  2691  3037  4982  5834  5204
  4439  6206  7045  3727  5850  6582] [] 1716446960.8127980232
[ 1  1  1 -1  1  1  1  1  1 -1  1  1  1  1 -1  1 -1  1  1  1  1  1  1  1
  1  1  1  1  1  1 -1  1] [ 3 10 11 12 15 18 19 20 21 23 26 27 28 29 32 34 35 36 37 38 42 44 45 46
 47 50 51 52 53 54 55 61] [ 2383  4597  2576 14083 14847  3523  3010  4031  7231 13860  3241  5460
  2986  4632 13893  3476  6522  3910  7935  7413  2507  2921  4962  5443
  4657  4208  6092  6855  3529  5178 11594  6487] [] 1716446960.8558452129
[ 1 -1  1  1 -1  1  1  1 -1 -1  1  1  1  1  1  1 -1  1  1  1  1  1  1 -1
  1  1 -1  1  1  1  1 -1  1] [ 3 10 11 12 15 18 19 20 21 23 26 27 28 29 32 34 35 36 37 38 42 44 45 46
 47 50 51 52 53 54 55 60 61] [ 2292  4812  2435 13053 15559  3363  2975  3971  7262 13895  3121  5450
  2877  4609 11719  3335  6706  3719  7001  7045  2376  2754  4882  5564
  4223  4192  6101  6255  3368  4744  9111 15648  6421] [] 1716446960.8988740444
[ 1  1  1  1  1 -1  1  1 -1  1  1 -1  1  1  1  1  1  1  1  1  1 -1  1 -1
  1  1  1 -1  1  1  1  1  1 -1] [ 3 10 11 12 15 18 19 20 21 23 26 27 28 29 32 34 35 36 37 38 42 43 44 45
 46 47 50 51 52 53 54 55 60 61] [ 2223  4629  2348 12823 15543  3377  2875  3920  7263 13827  3087  5504
  2765  4552 11486  3282  6283  3606  6884  6909  2346 15455  2696  4892
  5530  4122  4176  6152  6250  3298  4555  6465 10109  6521] [] 1716446960.9418268204
[ 1  1  1  1  1  1  1  1 -1 -1  1  1  1 -1  1  1  1  1  1  1  1  1  1  1
  1  1  1  1  1  1  1  1  1  1] [ 3 10 11 12 15 18 19 20 21 23 26 27 28 29 32 34 35 36 37 38 42 43 44 45
 46 47 50 51 52 53 54 55 60 61] [ 2186  4520  2318 10667 15483  3357  2826  3783  7335 13907  2935  5386
  2690  4570 10501  3199  6200  3567  6841  5967  2187 15215  2560  4703
  5331  3740  3810  6055  6072  3200  4095  4906  8216  6380] [] 1716446960.9849383831
[ 1  1  1  1  1  1  1  1  1 -1  1  1  1  1  1  1  1  1  1  1  1  1  1  1
  1  1 -1  1  1  1  1  1  1  1] [ 3 10 11 12 15 18 19 20 21 23 26 27 28 29 32 34 35 36 37 38 42 43 44 45
 46 47 50 51 52 53 54 55 60 61] [ 2155  4198  2256 10513 15463  3115  2758  3580  7305 14029  2823  5348
  2576  4494 10334  3043  5817  3375  6783  5746  2179 15087  2464  4527
  5047  3644  3824  6023  6050  3155  3971  4742  7822  6351] [] 1716446961.0280158520
[ 1  1  1  1 -1  1  1  1  1 -1  1  1  1 -1  1  1  1  1  1  1  1 -1  1  1
  1  1  1  1  1  1  1  1  1  1] [ 3 10 11 12 15 18 19 20 21 23 26 27 28 29 32 34 35 36 37 38 42 43 44 45
 46 47 50 51 52 53 54 55 60 61] [ 2123  4152  2239 10434 15501  3063  2718  3441  7295 14051  2783  5264
  2512  4533 10232  2978  5498  3260  6686  5688  2140 15219  2456  4454
  5034  3606  3656  6004  6008  3101  3962  4696  7683  6342] [] 1716446961.0708198547
[ 1  1  1  1  1  1  1  1  1  1  1  1  1  1  1  1 -1  1  1  1  1 -1  1  1
  1  1  1  1  1  1 -1  1 -1  1] [ 3 10 11 12 15 18 19 20 21 23 26 27 28 29 32 34 35 36 37 38 42 43 44 45
 46 47 50 51 52 53 54 55 60 61] [ 2099  4116  2223 10361 15467  3011  2710  3397  7237 13965  2772  5228
  2494  4465 10225  2963  5504  3240  6587  5662  2116 15275  2442  4405
  4984  3582  3568  5993  5996  3084  3995  4624  7769  6341] [] 1716446961.1138157845
[ 1  1  1  1 -1  1  1  1 -1 -1  1  1  1  1  1  1  1  1  1 -1 -1  1 -1  1
  1 -1 -1 -1 -1 -1 -1 -1  1  1] [ 3 10 11 12 15 18 19 20 21 23 26 27 28 29 32 34 35 36 37 38 42 43 44 45
 46 47 50 51 52 53 54 55 60 61] [ 2093  4074  2223 10333 15679  2983  2704  3360  7238 13983  2754  5212
  2468  4429 10150  2961  5460  3208  6521  5735  2151 15207  2448  4390
  4952  3664  3600  6001  6002  3111  3999  5080  7682  6335] [] 1716446961.1568198204
[-1 -1  1  1  1  1  1 -1  1  1 -1 -1  1 -1  1 -1 -1 -1  1 -1 -1  1 -1 -1
 -1 -1 -1 -1 -1 -1 -1 -1  1  1] [ 3 10 11 12 15 18 19 20 21 23 26 27 28 29 32 34 35 36 37 38 42 43 44 45
 46 47 50 51 52 53 54 55 60 61] [ 2127  4116  2213 10267 15487  2973  2694  3401  7147 13967  2791  5258
  2467  4435 10149  2976  5473  3214  6415  6424  2172 15159  2528  4575
  4975  3813  3756  6028  6028  3159  4038  7628  7606  6326] [] 1716446961.1998398304
[ 1 -1 -1 -1  1 -1 -1 -1 -1  1  1  1 -1 -1  1 -1 -1 -1 -1 -1 -1 -1 -1 -1
 -1 -1  1 -1 -1 -1 -1 -1  1] [ 3 10 11 12 15 18 19 20 21 23 26 27 28 29 32 34 35 36 37 38 42 44 45 46
 47 50 51 52 53 54 55 60 61] [ 2127  4212  2227 10357 15277  3039  2704  3530  7163 13917  2769  5224
  2496  4447 10028  2992  5612  3275  6527  6882  2217  2582  4698  4990
  4138  3898  5992  6098  3206  4045 10893 12076  6293] [] 1716446961.2428262234
[-1 -1 -1 -1  1 -1 -1 -1  1  1 -1 -1 -1 -1 -1 -1 -1 -1  1 -1 -1 -1 -1 -1
 -1 -1 -1  1 -1 -1 -1] [ 3 10 11 12 15 18 19 20 21 23 26 27 28 29 32 34 35 36 37 38 42 44 45 46
 47 50 51 52 53 54 61] [ 2187  4362  2235 10523 15247  3061  2785  3669  7139 13670  2835  5256
  2607  4479 10969  3049  5626  3318  6467  7239  2368  2738  4851  5101
  4525  4106  6037  5636  3308  4485  6382] [] 1716446961.2857983112
[-1  1 -1 -1  1 -1 -1 -1 -1  1 -1  1 -1 -1 -1 -1  1 -1 -1 -1 -1 -1 -1 -1
 -1 -1 -1 -1 -1 -1 -1] [ 3 10 11 12 15 18 19 20 21 23 26 27 28 29 32 34 35 36 37 38 42 44 45 46
 47 50 51 52 53 54 61] [ 2205  4128  2296 12430 14187  3215  2831  3789  7223 13536  2893  5185
  2651  4520 11463  3223  5318  3615  6550  8676  2504  2870  4927  5171
  5013  4340  6132  5770  3544  6277  6507] [] 1716446961.3287994862
[-1 -1 -1 -1 -1 -1 -1 -1  1 -1 -1 -1 -1 -1 -1 -1 -1 -1 -1 -1 -1 -1 -1 -1
 -1 -1 -1 -1 -1 -1] [ 3 10 11 12 15 18 19 20 21 23 26 27 28 29 34 35 36 37 38 42 44 45 46 47
 50 51 52 53 54 61] [ 2269  4249  2487 13525 14439  3360  2879  3845  7110 13555  3079  5193
  2757  4549  3228  5352  3727  6796  8683  2700  2995  4961  5529 11137
  4778  6289  6612  3697 10979  6788] [] 1716446961.3718221188
[-1 -1 -1 -1 -1 -1 -1 -1 -1 -1 -1  1 -1 -1 -1 -1 -1 -1 -1 -1 -1 -1 -1 -1
 -1 -1  1 -1] [ 3 10 11 12 15 18 19 20 21 23 26 27 28 29 34 35 36 37 38 42 44 45 46 50
 51 52 53 54] [ 2383  4392  2613 14012 15295  3679  2932  3909  7190 13632  3135  5192
  2883  4581  3382  5608  3768  7179  8684  2878  3195  4993  6111  5409
  6385  6744  3553 11503] [] 1716446961.4147796631
[-1 -1 -1  1 -1 -1 -1 -1  1 -1 -1 -1  1 -1  1 -1 -1 -1 -1 -1 -1 -1 -1 -1
 -1 -1 -1] [ 3 10 11 12 18 19 20 21 23 26 27 28 29 34 35 36 37 38 42 44 45 46 50 51
 52 53 54] [ 2513  4719  2783 13927  4020  2970  3946  8159 13435  3266  5232  3034
  4559  3718  5528  3875  7683 10051  3147  3321  5166  7059  7638  7304
  7586  3793 12476] [] 1716446961.4578058720
[-1 -1 -1 -1 -1 -1 -1  1 -1 -1 -1 -1 -1 -1 -1 -1 -1 -1 -1 -1 -1 -1 -1 -1
 -1] [ 3 10 11 12 18 19 20 21 23 26 27 28 29 34 35 36 37 38 42 44 45 46 51 52
 53] [ 2760  5293  2881 14026  4291  3020  4168  8080 13465  3415  5295  3071
  4565  4015  5687  4044  7778 10079  3203  3544  5367  7288  8407  8115
  4041] [] 1716446961.5008955002
[-1 -1 -1  1 -1 -1 -1 -1 -1 -1  1 -1 -1 -1 -1 -1 -1 -1 -1 -1 -1 -1 -1 -1
 -1] [ 3 10 11 12 18 19 20 21 23 26 27 28 29 34 35 36 37 38 42 44 45 46 51 52
 53] [ 3029  5376  3031 13899  4391  3152  4790  8090 13609  3620  5219  3289
  5323  4604  5822  4279  8034 10314  3646  3674  5971  8708 10802  9267
  5478] [] 1716446961.5439984798
[-1 -1 -1 -1 -1 -1 -1 -1 -1 -1 -1 -1 -1 -1 -1 -1 -1 -1 -1 -1 -1 -1 -1 -1
 -1] [ 3 10 11 12 18 19 20 21 23 26 27 28 29 34 35 36 37 38 42 44 45 46 51 52
 53] [ 3458  5904  3175 14948  4821  3240  7576  8123 13804  4028  5283  3679
  5423  6161  6202  4963  8699 10558  4654  4095  6413  8909 11023 11046
  7196] [] 1716446961.5869793892
[-1 -1 -1 -1 -1 -1 -1 -1  1 -1 -1 -1 -1 -1 -1 -1 -1 -1 -1  1 -1 -1 -1 -1] [ 3 10 11 12 18 19 20 21 23 26 27 28 29 34 35 36 37 42 44 45 46 51 52 53] [ 3627  6189  3257 15009  5118  3320  7666  8165 13498  4408  5369  4009
  5522  7384  6443  5419  8954  6606  4154  6284 13913 11172 13773 14719] [] 1716446961.6297950745
[-1 -1 -1 -1 -1 -1 -1 -1  1 -1 -1 -1 -1 -1 -1 -1 -1 -1 -1] [ 3 10 11 12 18 19 20 21 23 26 27 28 29 34 35 36 37 44 45] [ 3872  6449  3454 15018  5744  3369  8906  9811 13386  4645  5408  4390
  5943  8091  6537  5675  9550  4721  6485] [] 1716446961.6727397442
[-1 -1 -1 -1 -1 -1 -1 -1  1 -1 -1 -1 -1 -1  1 -1 -1 -1 -1] [ 3 10 11 12 18 19 20 21 23 26 27 28 29 34 35 36 37 44 45] [ 3939  6874  3889 15587  6842  3627 10850  9847 13281  5614  5672  6335
  8877  8269  6414  6622 12116  5246  6823] [] 1716446961.7157821655
[-1 -1 -1 -1 -1 -1 -1 -1 -1 -1 -1 -1 -1 -1 -1 -1 -1 -1 -1] [ 3 10 11 12 18 19 20 21 23 26 27 28 29 34 35 36 37 44 45] [ 3981  7117  5675 16025  7284  3767 11039  9881 13518  6274  6047  8633
  8929 10287  6906  7853 12466  5398  8194] [] 1716446961.7587454319
[-1 -1 -1 -1 -1 -1 -1 -1 -1  1 -1 -1 -1 -1 -1 -1 -1 -1] [ 3 10 11 18 19 20 21 23 26 27 28 29 34 35 36 37 44 45] [ 4047  7180  6225  7535  3867 11739  9931 13966  7843  6047 10367  9031
 10341  8788  9066 12735  5977 12174] [] 1716446961.8017661572
[-1 -1 -1 -1 -1 -1 -1 -1  1  1 -1 -1 -1 -1] [ 3 10 11 18 19 20 21 26 27 28 29 35 36 44] [ 4109  8386  6978  8518  4061 12178 10109  8186  5977 10363  9267 10933
 11374  8410] [] 1716446961.8447015285
[-1 -1 -1 -1 -1 -1 -1 -1 -1 -1 -1 -1 -1] [ 3 10 11 18 19 20 21 27 28 29 35 36 44] [ 4226  8635  9094 11638  4295 12975 10353  6373 10458 10661 11377 12965
 13125] [] 1716446961.8877186775
[-1  1  1 -1 -1 -1  1 -1 -1 -1 -1] [ 3 10 11 19 20 21 27 28 29 35 36] [ 4319  8473  9002  4344 13432 10431  6244 10508 11078 12306 13567] [] 1716446961.9306955338
[-1 -1 -1 -1 -1 -1 -1 -1  1 -1 -1] [ 3 10 11 19 20 21 27 28 29 35 36] [ 5181  9265  9081  4733 14655 10880  8399 10603 11043 12800 14969] [] 1716446961.9737024307
[-1 -1 -1 -1 -1 -1 -1 -1] [ 3 11 19 20 21 27 28 29] [ 7512  9223  5599 15077 11358  8689 10704 11387] [] 1716446962.0167107582
[-1 -1 -1 -1 -1 -1 -1] [ 3 11 19 21 27 28 29] [ 7790  9443  6754 11555 11343 10889 11473] [] 1716446962.0598154068
[-1 -1 -1 -1 -1 -1 -1] [ 3 11 19 21 27 28 29] [13500  9544  8548 12229 15213 11114 12143] [] 1716446962.1026914120
[1 1] [11 28] [ 9066 10485] [] 1716446962.1456580162
[-1 -1] [11 28] [ 9198 11026] [] 1716446962.1886394024
[-1 -1 -1] [11 21 28] [ 9359 11780 11219] [] 1716446962.2316901684
[-1 -1] [11 28] [10026 11747] [] 1716446962.2747054100
[-1] [11] [11690] [] 1716446962.3177711964
2 2 2 1716446962.3179724216
