FA TAX ADC PRES TS
[1] [28] [10822] [] 1716447298.8129909039
[-1] [28] [10866] [] 1716447298.8559668064
[-1] [28] [10944] [] 1716447298.8991000652
[-1 -1] [11 28] [10331 11272] [] 1716447298.9422636032
[ 1 -1 -1] [11 27 28] [10092 14572 11464] [] 1716447298.9851760864
[1 1 1] [11 27 28] [ 9894 14481 11224] [] 1716447299.0282623768
[-1 -1  1 -1 -1] [11 19 27 28 29] [10051 10790 11752 11766 12258] [] 1716447299.0712976456
[1 1 1 1 1] [11 19 27 28 29] [ 9836 10513 11378 11707 12086] [] 1716447299.1141796112
[1 1 1 1 1] [11 19 27 28 29] [ 9688 10217 11180 11525 11687] [] 1716447299.1572103500
[-1  1  1  1  1  1 -1] [ 3 11 19 27 28 29 44] [16223  9540  8339 10681 11115 11406 14047] [] 1716447299.2002439499
[ 1 -1  1 -1 -1 -1  1] [ 3 11 19 27 28 29 44] [15899  9605  7486 11287 11323 11552 13323] [] 1716447299.2431507111
[ 1  1  1 -1 -1  1  1  1] [ 3 11 19 21 27 28 29 44] [14484  9478  7067 12141 11327 11123 11466 13292] [] 1716447299.2862677574
[ 1 -1  1  1  1 -1  1  1 -1] [ 3 11 19 21 27 28 29 44 45] [ 8718  9484  6838 11863 10493 11127 11368 11957 13516] [] 1716447299.3292105198
[ 1  1  1  1  1 -1  1  1  1] [ 3 11 19 21 27 28 29 44 45] [ 7957  9359  5994 11672 10127 11151 11342 10273 10265] [] 1716447299.3721432686
[ 1  1  1 -1  1  1  1  1  1  1] [ 3 11 19 20 21 27 28 29 44 45] [ 7222  9275  5687 12892 11316  8845 11070 11244  9143  9663] [] 1716447299.4152216911
[ 1 -1 -1 -1  1  1  1  1  1  1  1] [ 3 11 18 19 20 21 27 28 29 44 45] [ 6809  9365 12726  5729 12686 11175  8625 10987 11107  8924  8509] [] 1716447299.4582209587
[ 1 -1  1  1  1  1 -1 -1 -1  1 -1 -1  1  1] [ 3 11 18 19 20 21 26 27 28 29 35 37 44 45] [ 6307  9476 11550  5536 12509 11018 10093  8678 11077 11027 16096 16347
  8417  7861] [] 1716447299.5013711452
[ 1 -1  1  1  1 -1  1  1  1 -1 -1  1  1 -1  1  1] [ 3 11 18 19 20 21 26 27 28 29 34 35 37 42 44 45] [ 5549  9495  9928  5408 12284 11019  9611  7063 10999 11154 13730 14394
 13405 13704  7449  7613] [] 1716447299.5443322659
[ 1  1  1  1  1 -1 -1 -1  1  1  1  1  1  1  1  1  1] [ 3 11 18 19 20 21 23 26 27 28 29 34 35 37 42 44 45] [ 5007  9454  8239  5341 12040 11129 14876  9685  6866 10955 11138 11503
 13516 13195 13170  6853  7351] [] 1716447299.5871994495
[ 1  1  1  1 -1  1  1  1  1 -1 -1  1  1  1  1  1  1 -1] [ 3 11 18 19 20 21 23 26 27 28 29 34 35 37 42 44 45 53] [ 4735  9317  7925  5161 12143 10929 14301  9612  6777 11019 11168 10830
 12882 12418 10899  6131  7293 10423] [] 1716447299.6301934719
[ 1  1  1  1  1  1  1  1  1  1  1  1 -1 -1 -1  1  1  1 -1 -1  1] [ 3 11 18 19 20 21 23 26 27 28 29 34 35 36 37 42 44 45 51 52 53] [ 4671  9310  7843  5017 12048 10685 14218  9398  6582 11016  9940 10452
 13022 14563 12435  7740  5697  7197 12835 14863  7127] [] 1716447299.6733360291
[ 1  1  1  1  1  1  1  1  1  1  1  1  1  1 -1  1  1  1  1  1  1] [ 3 11 18 19 20 21 23 26 27 28 29 34 35 36 37 42 44 45 51 52 53] [ 4555  9147  7573  4742 11785 10653 13617  8143  6455 10953  8142  9236
 11120 11520 12992  6590  5341  6988 12011 14497  6763] [] 1716447299.7162270546
[ 1  1  1  1  1  1 -1  1  1 -1  1  1  1 -1  1  1  1  1 -1  1  1  1] [ 3 11 18 19 20 21 23 26 27 28 29 34 35 36 37 42 44 45 46 51 52 53] [ 4413  9119  7350  4540 11731 10571 13639  7896  6245 10988  7864  8446
 10912 12416 12766  5492  4915  6854 11993 11639 12595  6468] [] 1716447299.7590394020
[ 1 -1  1  1  1  1  1  1  1  1  1  1  1  1  1 -1  1  1  1  1 -1  1  1  1
 -1] [ 3 10 11 18 19 20 21 23 26 27 28 29 34 35 36 37 42 44 45 46 50 51 52 53
 54] [ 4379 13213  7748  6355  4299 10909 10502 13485  6386  6198  9573  6144
  7627 10711 11694 12966  5223  4602  6851 10195 11205 11527 11629  6247
 16208] [] 1716447299.8020918369
[-1  1  1  1  1  1  1 -1  1  1  1  1  1  1  1  1  1  1  1  1  1  1  1 -1
  1 -1] [ 3 10 11 18 19 20 21 23 26 27 28 29 34 35 36 37 42 44 45 46 50 51 52 53
 54 61] [ 4423 12781  6861  5858  4259 10750 10460 13563  6153  5895  8794  6014
  7087 10546 11669 12928  4747  4355  6723  9028 10646 11317 11337  6386
 13108  9515] [] 1716447299.8449971676
[ 1  1  1  1  1 -1  1  1  1  1  1  1  1  1  1  1 -1  1  1  1  1  1  1 -1
  1  1  1] [ 3 10 11 18 19 20 21 23 26 27 28 29 34 35 36 37 38 42 44 45 46 50 51 52
 53 54 61] [ 4361  9502  5419  5389  4213 10935 10444 13563  5191  5879  7357  5919
  6399  8924 10014 12876 10744  4346  3968  6655  8955  8357 10957 11376
  6014 12776  7493] [] 1716447299.8879773617
[ 1  1  1  1  1  1  1 -1  1 -1  1  1  1  1  1 -1  1  1  1  1  1  1  1  1
  1  1  1] [ 3 10 11 18 19 20 21 23 26 27 28 29 34 35 36 37 38 42 44 45 46 50 51 52
 53 54 61] [ 4307  9332  4862  5099  4086 10525 10424 13738  5081  6082  5335  5914
  5202  8344  9575 12946 10320  4047  3801  6559  8789  7727  9652 11100
  5635 12464  7299] [] 1716447299.9310610294
[1 1 1 1 1 1 1 1 1 1 1 1 1 1 1 1 1 1 1 1 1 1 1 1 1 1 1] [ 3 10 11 18 19 20 21 23 26 27 28 29 34 35 36 37 38 42 44 45 46 50 51 52
 53 54 61] [ 3992  8006  4242  4683  3981 10159 10320 13692  4591  6015  4815  5797
  4884  8170  8145 12754  8834  3638  3695  6457  8680  7055  8546  9402
  5471  9913  7150] [] 1716447299.9740166664
[ 1  1  1  1  1  1 -1  1  1  1  1  1  1  1  1  1  1  1  1  1  1 -1  1  1
  1  1  1  1] [ 3 10 11 18 19 20 21 23 26 27 28 29 34 35 36 37 38 42 44 45 46 47 50 51
 52 53 54 61] [ 3558  6685  3897  4640  3895  9945 10418 13466  4160  5981  4473  5771
  4684  7954  7283 12733  8779  3349  3478  6367  8328 12511  6672  7217
  8989  5234  9517  6924] [] 1716447300.0169634819
[ 1  1  1  1  1  1  1  1  1  1  1  1  1  1  1  1 -1  1  1  1  1  1  1  1
  1  1  1  1] [ 3 10 11 18 19 20 21 23 26 27 28 29 34 35 36 37 38 42 44 45 46 47 50 51
 52 53 54 61] [ 3215  6453  3619  4509  3765  9855 10285 13455  3858  5761  4158  5644
  4354  7579  6579 12190  8798  3129  3309  6223  7343  7891  5522  6336
  7669  5002  8802  6649] [] 1716447300.0601217747
[ 1  1  1 -1  1  1  1  1 -1  1  1  1  1  1  1  1  1 -1  1  1 -1  1  1  1
  1  1  1  1 -1 -1] [ 3 10 11 12 18 19 20 21 23 26 27 28 29 34 35 36 37 38 42 44 45 46 47 50
 51 52 53 54 55 61] [ 2979  5633  3356 16309  4197  3667  8420 10145 13507  3725  5715  3803
  5603  4290  6140  5918 11788  8801  2962  3247  6246  7336  7472  5136
  6246  6830  4892  7809 10953  6673] [] 1716447300.1030735970
[ 1 -1  1  1  1  1 -1  1 -1  1  1  1 -1  1  1  1  1 -1  1  1  1  1  1  1
  1  1  1  1  1  1] [ 3 10 11 12 18 19 20 21 23 26 27 28 29 34 35 36 37 38 42 44 45 46 47 50
 51 52 53 54 55 61] [ 2815  5775  3171 15167  4067  3523  8439 10089 13703  3478  5713  3635
  5657  3847  6085  5347 11786  8808  2823  3167  6158  6556  6242  4736
  6197  6653  4591  6751  8829  6496] [] 1716447300.1460683346
[ 1  1  1 -1  1  1  1  1 -1  1  1  1  1  1 -1  1  1  1  1  1  1  1  1  1
  1  1  1  1  1  1] [ 3 10 11 12 18 19 20 21 23 26 27 28 29 34 35 36 37 38 42 44 45 46 47 50
 51 52 53 54 55 61] [ 2703  5333  3049 15243  3863  3489  6867 10028 13777  3363  5712  3429
  5644  3683  6231  4909 11750  7279  2693  3048  6092  6386  5237  4410
  6160  6471  4451  5901  6642  6355] [] 1716447300.1890211105
[ 1  1  1  1  1  1  1  1  1  1 -1  1  1  1  1  1  1  1 -1  1 -1  1  1  1
  1  1  1  1  1  1  1  1] [ 3 10 11 12 18 19 20 21 23 26 27 28 29 34 35 36 37 38 41 42 43 44 45 46
 47 50 51 52 53 54 55 61] [ 2570  4943  2860 14205  3683  3364  6436 10022 13623  3195  5760  3256
  5605  3577  6013  4485 11608  6974 14170  2655 16311  3024  6066  6222
  4613  4252  6106  6389  4344  5393  5340  6230] [] 1716447300.2320363522
[ 1  1  1  1  1  1  1 -1 -1  1  1  1  1 -1  1  1  1  1  1  1  1  1  1 -1
  1  1  1  1  1  1  1  1 -1] [ 3 10 11 12 18 19 20 21 23 26 27 28 29 32 34 35 36 37 38 41 42 43 44 45
 46 47 50 51 52 53 54 55 61] [ 2500  4623  2827 13951  3548  3240  5846 10142 13915  3193  5538  3131
  5556 13668  3408  5927  4330 11601  6654 12393  2518 15503  2908  6093
  6134  4261  4064  6081  6259  4126  4943  4736  6237] [] 1716447300.2751364708
[ 1  1  1  1  1  1  1 -1 -1  1 -1  1  1  1  1  1  1 -1  1  1  1  1  1  1
  1  1  1 -1  1  1  1  1 -1 -1] [ 3 10 11 12 18 19 20 21 23 26 27 28 29 32 34 35 36 37 38 41 42 43 44 45
 46 47 50 51 52 53 54 55 60 61] [ 2414  4127  2751 12926  3500  3227  5610 10180 13975  3106  5686  2946
  5497 12908  3400  5881  4105 11621  5783 12314  2470 15503  2688  5283
  6122  3932  4060  6105  6247  3948  4601  4448  8990  6275] [] 1716447300.3180596828
[ 1  1  1  1  1  1  1 -1  1  1  1  1  1  1  1  1  1  1  1 -1  1  1  1  1
  1  1  1  1  1  1  1  1  1  1] [ 3 10 11 12 18 19 20 21 23 26 27 28 29 32 34 35 36 37 38 41 42 43 44 45
 46 47 50 51 52 53 54 55 60 61] [ 2331  3949  2638 11925  3471  3123  5349 10376 13975  2955  5572  2806
  5467 11970  3222  5741  3705 11228  5209 12343  2382 12163  2568  5126
  6060  3714  3762  6099  6053  3777  4501  4176  8070  6168] [] 1716447300.3610117435
[ 1  1  1  1  1  1  1  1 -1  1  1  1  1  1  1  1  1 -1  1  1  1 -1  1  1
  1  1  1  1 -1  1  1  1  1  1] [ 3 10 11 12 18 19 20 21 23 26 27 28 29 32 34 35 36 37 38 41 42 43 44 45
 46 47 50 51 52 53 54 55 60 61] [ 2243  3759  2521 10773  3253  3093  5217 10241 14061  2911  5440  2757
  5065  8065  3114  5375  3538 11416  5148 12086  2287 12235  2540  5055
  5683  3573  3656  6014  6284  3666  4363  3952  7629  6146] [] 1716447300.4040191174
[ 1 -1  1  1  1  1  1 -1  1  1  1  1  1  1 -1 -1  1  1  1  1  1 -1  1  1
  1  1  1  1  1  1  1  1  1  1] [ 3 10 11 12 18 19 20 21 23 26 27 28 29 32 34 35 36 37 38 41 42 43 44 45
 46 47 50 51 52 53 54 55 60 61] [ 2170  3932  2451  9761  3101  3005  5036 10328 14059  2871  5411  2629
  5005  7652  3183  5682  3414 11378  4888 11066  2214 12297  2464  4947
  5597  3337  3568  5886  5980  3585  4087  3696  7157  6084] [] 1716447300.4471549988
[-1  1  1  1  1 -1  1  1  1  1  1  1 -1  1  1  1  1 -1  1 -1  1  1  1  1
  1  1  1  1  1  1 -1  1  1  1  1  1] [ 2  3 10 11 12 15 18 19 20 21 23 26 27 28 29 32 34 35 36 37 38 41 42 43
 44 45 46 47 50 51 52 53 54 55 60 61] [16203  2102  3829  2330  9519 16247  3005  2971  4721  8216 13935  2813
  5424  2524  4905  7116  2922  5772  3248 11456  4720 11061  2165 11909
  2426  4805  5511  3140  3384  5247  5984  3519  3895  3528  6759  6061] [] 1716447300.4900944233
[ 1  1 -1  1  1  1  1  1  1  1  1  1  1  1  1  1  1  1  1 -1 -1  1  1  1
  1 -1  1  1  1  1  1  1  1  1  1 -1] [ 2  3 10 11 12 15 18 19 20 21 23 26 27 28 29 32 34 35 36 37 38 41 42 43
 44 45 46 47 50 51 52 53 54 55 60 61] [16203  2084  3844  2313  8930 16055  2959  2862  4236  7547 13919  2751
  5418  2477  4845  6876  2758  5640  3035 11658  4747 10911  2150 11827
  2408  4847  5393  3127  3368  5229  5892  3511  3878  3484  6552  6066] [] 1716447300.5330986977
[ 1 -1  1  1  1  1  1  1 -1  1  1 -1  1  1  1 -1  1  1  1  1  1 -1  1 -1
  1  1 -1  1  1  1  1 -1  1  1  1  1] [ 2  3 10 11 12 15 18 19 20 21 23 26 27 28 29 32 34 35 36 37 38 41 42 43
 44 45 46 47 50 51 52 53 54 55 60 61] [15903  2091  3792  2269  8838 15959  2898  2856  4239  7515 13879  2783
  5404  2469  4819  6898  2721  5516  2975 11549  4624 10974  2090 11895
  2404  4753  5450  3085  3340  5178  5852  3514  3811  3464  6539  6045] [] 1716447300.5761067867
[-1  1 -1  1 -1  1  1  1  1  1  1  1  1  1  1 -1  1  1  1  1  1  1  1 -1
  1 -1  1  1  1  1  1  1  1  1  1 -1] [ 2  3 10 11 12 15 18 19 20 21 23 26 27 28 29 32 34 35 36 37 38 41 42 43
 44 45 46 47 50 51 52 53 54 55 60 61] [16011  2068  3801  2266  8889 15887  2879  2844  4200  7465 13871  2730
  5337  2464  4787  6954  2688  5364  2964 11434  4602 10765  2082 11935
  2388  4791  5370  3056  3328  5141  5836  3466  3799  3450  6363  6068] [] 1716447300.6191337109
[-1  1  1  1  1  1  1  1  1  1  1  1 -1  1  1 -1 -1  1 -1  1  1 -1  1  1
  1  1  1 -1  1 -1  1  1  1 -1 -1  1] [ 2  3 10 11 12 15 18 19 20 21 23 26 27 28 29 32 34 35 36 37 38 41 42 43
 44 45 46 47 50 51 52 53 54 55 60 61] [16091  2063  3776  2251  8157 15855  2857  2819  4160  7453 13855  2725
  5425  2445  4763  7029  2693  5344  3007 11328  4601 10903  2076 11903
  2388  4732  5363  3115  3328  5171  5816  3460  3748  3456  6435  6061] [] 1716447300.6620945930
[ 1  1 -1  1 -1  1  1  1  1  1 -1 -1  1  1  1  1  1  1  1 -1 -1 -1 -1  1
 -1 -1 -1 -1 -1 -1 -1 -1 -1 -1 -1 -1] [ 2  3 10 11 12 15 18 19 20 21 23 26 27 28 29 32 34 35 36 37 38 41 42 43
 44 45 46 47 50 51 52 53 54 55 60 61] [15887  2058  3828  2249  8181 15839  2857  2811  4068  7422 13887  2727
  5376  2444  4757  6869  2677  5328  2998 11368  4690 11537  2111 11885
  2432  4757  5454  3296  3490  5814  5837  3505  3941  3848  6619  6115] [] 1716447300.7051033974
[-1 -1  1 -1 -1 -1 -1 -1 -1  1  1 -1  1 -1 -1  1 -1 -1 -1  1 -1 -1 -1 -1
 -1 -1 -1 -1 -1 -1 -1 -1 -1 -1 -1 -1] [ 2  3 10 11 12 15 18 19 20 21 23 26 27 28 29 32 34 35 36 37 38 41 42 43
 44 45 46 47 50 51 52 53 54 55 60 61] [16207  2076  3786  2315  8916 16045  2949  2870  4572  6751 13875  2731
  5304  2472  4786  6712  2716  5410  3055 11174  4981 11711  2186 11909
  2612  4815  5490  3452  3524  5873  5976  3541  4191  4136  7160  6116] [] 1716447300.7481362820
[-1 -1 -1 -1 -1  1 -1 -1 -1 -1 -1 -1 -1 -1 -1 -1 -1 -1 -1  1 -1  1 -1 -1
 -1 -1 -1 -1  1  1 -1 -1 -1 -1 -1] [ 2  3 10 11 12 15 18 19 20 21 23 26 27 28 29 32 34 35 36 37 38 42 43 44
 45 46 47 50 51 52 53 54 55 60 61] [16239  2105  3812  2342  9481 15991  2993  2909  4839  8537 13895  2747
  5333  2537  4835  6852  2879  5476  3286 11170  5400  2178 14879  2624
  4879  6041  3711  3588  5873  5815  3608  4351  4684  8124  6139] [] 1716447300.7911474705
[-1 -1  1 -1 -1 -1 -1 -1 -1 -1 -1 -1 -1 -1 -1 -1  1 -1  1 -1 -1 -1 -1 -1
 -1 -1 -1 -1 -1 -1 -1 -1 -1  1] [ 2  3 10 11 12 18 19 20 21 23 26 27 28 29 32 34 35 36 37 38 42 43 44 45
 46 47 50 51 52 53 54 55 60 61] [16251  2168  3755  2411 11647  3063  2986  4914  9934 13903  2800  5401
  2634  4971 10067  3042  5117  3435 10713  6169  2263 15003  2692  4959
  6047  3994  3744  5916  5863  3694  4574  5456 12132  6132] [] 1716447300.8341417313
[ 1 -1 -1 -1 -1 -1  1 -1  1 -1 -1 -1 -1 -1 -1 -1 -1 -1  1 -1 -1  1  1 -1
 -1 -1 -1  1 -1 -1 -1 -1  1] [ 2  3 10 11 12 18 19 20 21 23 26 27 28 29 32 34 35 36 37 38 42 43 44 45
 46 47 50 51 52 53 54 55 61] [16203  2227  4055  2459 12629  3127  2980  5134  9932 13915  2813  5472
  2686  5023 10353  3193  5367  3506 10328  6482  2354 14951  2674  5078
  6205  4534  4148  5903  6015  3884  4902  6874  6093] [] 1716447300.8770315647
[ 1 -1 -1 -1 -1 -1 -1 -1  1  1 -1  1 -1 -1 -1 -1 -1 -1 -1 -1 -1 -1 -1 -1
 -1 -1 -1 -1 -1 -1 -1] [ 2  3 10 11 12 18 19 20 21 23 26 27 28 29 34 35 36 37 38 42 44 45 46 47
 50 51 52 53 54 55 61] [16033  2399  4127  2559 13637  3218  3024  5598  9810 13656  2935  5433
  2777  5045  3238  5375  3668 10611  7231  2466  2718  5989  6335  5076
  4500  5957  6219  4136  5830 11869  6242] [] 1716447300.9198691845
[-1 -1 -1 -1 -1 -1 -1 -1 -1  1 -1 -1 -1 -1 -1 -1 -1 -1 -1 -1 -1 -1 -1 -1
 -1 -1  1 -1 -1 -1] [ 2  3 10 11 12 18 19 20 21 23 26 27 28 29 34 35 36 37 38 42 44 45 46 47
 50 51 52 53 54 61] [16111  2523  4383  2652 13847  3363  3094  6387  9825 13615  3111  5464
  2849  5089  3440  5423  4078 10937  8723  2638  2902  6000  6514  7119
  4644  6064  6207  4261  7138  6391] [] 1716447300.9630928040
[-1 -1 -1 -1  1 -1 -1 -1  1 -1 -1  1 -1 -1 -1 -1 -1  1 -1 -1 -1 -1 -1 -1
 -1 -1 -1 -1 -1 -1] [ 2  3 10 11 12 18 19 20 21 23 26 27 28 29 34 35 36 37 38 42 44 45 46 47
 50 51 52 53 54 61] [16262  2615  4524  2787 13509  3511  3152  7586  9741 13654  3211  5435
  2954  5105  3707  5670  4313 10865  8724  2899  3089  6031  7248 14811
  6362  6271  6506  4642  8466  6686] [] 1716447301.0061550140
[-1 -1 -1 -1 -1 -1 -1 -1 -1 -1 -1 -1 -1 -1 -1 -1 -1  1 -1 -1 -1 -1 -1 -1
 -1 -1 -1 -1] [ 3 10 11 12 18 19 20 21 23 26 27 28 29 34 35 36 37 38 42 44 45 46 50 51
 52 53 54 61] [ 2857  4844  3092 14431  3675  3300  7664  9822 13717  3324  5547  3235
  5266  3944  5914  4809 11314  8721  3189  3174  6148  8549  6720  6570
  7698  4921 11828  7037] [] 1716447301.0489668846
[-1 -1 -1 -1 -1 -1 -1  1  1 -1 -1 -1 -1 -1 -1 -1 -1 -1 -1 -1 -1 -1 -1 -1
 -1 -1 -1 -1] [ 3 10 11 12 18 19 20 21 23 26 27 28 29 34 35 36 37 38 42 44 45 46 50 51
 52 53 54 61] [ 3127  5214  3335 14654  4082  3427  8929  9811 13646  3663  5613  3467
  5325  4711  6030  5302 11394  9991  3488  3293  6223  8556  8862  8462
 10256  5242 12497  7295] [] 1716447301.0921306610
[-1 -1 -1 -1 -1 -1 -1  1 -1 -1 -1 -1 -1 -1 -1 -1 -1 -1 -1 -1 -1 -1 -1  1
 -1 -1 -1] [ 3 10 11 12 18 19 20 21 23 26 27 28 29 34 35 36 37 38 42 44 45 46 50 51
 52 53 54] [ 3626  5415  3663 14944  4317  3533  9015  9794 13781  3981  5695  3712
  5505  6011  6251  5539 11680 10141  3794  3455  6264  8563 10248  8442
 10690  5321 13075] [] 1716447301.1350731850
[-1 -1 -1 -1 -1 -1 -1  1 -1 -1 -1 -1 -1 -1 -1 -1 -1 -1 -1 -1 -1 -1 -1] [ 3 10 11 18 19 20 21 23 26 27 28 29 34 35 36 37 42 44 45 46 51 52 53] [ 3848  6377  4253  4615  3656  9137  9817 13749  4225  5779  4156  5591
  6097  6601  6263 12001  4774  3771  6362  8743  8675 11137  5763] [] 1716447301.1780767441
[-1 -1 -1 -1 -1 -1  1  1 -1 -1 -1 -1 -1 -1 -1 -1 -1 -1 -1 -1 -1 -1] [ 3 10 11 18 19 20 21 23 26 27 28 29 34 35 36 37 42 44 45 51 52 53] [ 4012  7847  5485  4957  3879  9337  9781 13471  5142  5874  5913  5596
  6851  7951  7374 12204  7074  4064  6425 11328 11370  5953] [] 1716447301.2210388184
[-1 -1 -1 -1 -1 -1 -1  1 -1 -1 -1 -1 -1  1 -1 -1 -1 -1 -1 -1 -1 -1] [ 3 10 11 18 19 20 21 23 26 27 28 29 34 35 36 37 42 44 45 51 52 53] [ 4062  8554  6535  5577  3953  9563  9816 13359  5525  5959  8563  5763
  7581  7713  8473 12320  9946  4251  6619 11453 12159  7365] [] 1716447301.2641463280
[-1 -1 -1 -1 -1 -1 -1 -1 -1 -1 -1 -1 -1 -1 -1 -1 -1  1] [ 3 10 11 18 19 20 21 23 26 27 28 29 34 35 36 37 44 45] [ 4227  9461  8031  6436  4134  9656  9921 13457  6532  6007  8675  5978
  7691  8443 10505 12602  4449  6531] [] 1716447301.3070168495
[-1 -1 -1 -1 -1 -1 -1 -1 -1  1 -1 -1 -1 -1 -1 -1 -1 -1] [ 3 10 11 18 19 20 21 23 26 27 28 29 34 35 36 37 44 45] [ 4298 10490  9159  7301  4205 10357 10097 13997  8596  6007 10298  7601
 10507  8933 10785 12876  5246  6977] [] 1716447301.3500521183
[-1 -1  1 -1 -1 -1 -1  1 -1 -1 -1 -1 -1 -1 -1 -1 -1 -1] [ 3 10 11 18 19 20 21 23 26 27 28 29 34 35 36 37 44 45] [ 4483 12318  8975  7780  4524 10712 10370 13827  9145  6133 10397  9560
 13298 10418 12493 13045  5870  7575] [] 1716447301.3929960728
[-1  1 -1 -1 -1 -1 -1 -1 -1 -1 -1 -1 -1 -1 -1 -1 -1] [ 3 10 11 18 19 20 21 23 26 27 28 29 35 36 37 44 45] [ 4633 11943  9267  9612  4731 10990 10583 14527 13138  6207 10472 11037
 11688 12659 13247  6971  8979] [] 1716447301.4360620975
[-1 -1  1 -1 -1 -1  1  1  1 -1 -1 -1 -1] [ 3 10 11 18 19 20 21 27 28 29 35 36 44] [ 5364 12863  9106 11372  4930 11029 10538  6201 10391 11120 12306 16233
  9756] [] 1716447301.4790148735
[-1 -1 -1 -1 -1 -1 -1 -1 -1 -1 -1] [ 3 11 18 19 20 21 27 28 29 35 44] [ 5537  9166 11793  5189 11883 10857  6401 10446 11133 12726 12088] [] 1716447301.5220770836
[-1 -1  1 -1 -1 -1 -1 -1 -1] [ 3 11 19 21 27 28 29 35 44] [ 5866  9193  5149 11113  6460 10509 11190 15622 13642] [] 1716447301.5649349689
[-1  1 -1 -1 -1 -1 -1  1] [ 3 11 19 21 27 28 29 35] [12178  9174  5405 11255  7504 10574 11341 14759] [] 1716447301.6079292297
[-1 -1 -1 -1 -1 -1] [11 19 21 27 28 29] [ 9657  7413 11908 10701 11213 11956] [] 1716447301.6509878635
[-1 -1 -1 -1 -1 -1] [ 3 11 19 27 28 29] [14283  9847 10511 13431 11509 11990] [] 1716447301.6939671040
[ 1  1 -1 -1] [11 19 28 29] [ 9647 10347 11584 16184] [] 1716447301.7370035648
[-1  1] [11 28] [ 9869 11567] [] 1716447301.7799396515
[-1 -1] [11 28] [10070 11598] [] 1716447301.8229651451
[1 1] [11 28] [10049 11531] [] 1716447301.8659858704
[-1 -1] [11 28] [10288 11986] [] 1716447301.9104452133
2 2 2 1716447301.9106545448
