FA TAX ADC PRES TS
[1] [11] [10177] [] 1716279906.0008535385
[-1] [11] [10236] [] 1716279906.0438666344
[1] [11] [10212] [] 1716279906.0867743492
[1] [11] [10082] [] 1716279906.1298902035
[-1 -1] [11 19] [10681 11381] [] 1716279906.1728692055
[1 1] [11 19] [10120 10833] [] 1716279906.2158288956
[1 1] [11 19] [ 9511 10143] [] 1716279906.2588737011
[-1 -1 -1] [11 19 28] [ 9762 10586 12256] [] 1716279906.3018469810
[-1 -1 -1  1] [ 3 11 19 28] [14260  9805 10676 12177] [] 1716279906.3447558880
[ 1  1  1 -1  1] [ 3 11 19 27 28] [14230  9526 10532 13305 11633] [] 1716279906.3878552914
[ 1 -1  1 -1  1  1] [ 3 11 19 20 27 28] [ 8453  9620  8793 15591 12978 11626] [] 1716279906.4307775497
[ 1  1  1  1 -1  1  1] [ 3 11 19 20 26 27 28] [ 7870  9470  8238 14702 11916 12839 11363] [] 1716279906.4738297462
[ 1  1  1  1  1  1 -1] [ 3 11 19 20 26 27 28] [ 6077  9313  7272 14570 11445 12719 11383] [] 1716279906.5168654919
[ 1 -1  1  1 -1  1 -1 -1] [ 3 11 19 20 26 27 28 34] [ 5963  9387  7188 14480 11574  9850 11499 13030] [] 1716279906.5598566532
[-1  1  1  1  1 -1  1  1 -1 -1  1 -1] [ 2  3 11 19 20 21 26 27 28 29 34 35] [16026  5727  9335  6364 13752 12280 11388  9680 11530 12321 12624 16131] [] 1716279906.6029074192
[1 1 1 1 1 1 1 1 1 1 1 1] [ 2  3 11 19 20 21 26 27 28 29 34 35] [15921  5622  8685  5898 13346 11877  9858  9642 11402 11739 10907 16004] [] 1716279906.6458306313
[ 1  1  1  1  1  1  1  1  1  1  1  1 -1 -1] [ 2  3 11 19 20 21 26 27 28 29 34 35 42 44] [15846  5435  8493  5505 13241 11712  9549  9480 11397 11627  9898 15733
 13267 13470] [] 1716279906.6888990402
[-1  1  1  1  1  1  1 -1 -1  1  1  1 -1  1  1] [ 2  3 11 19 20 21 26 27 28 29 34 35 36 42 44] [15887  5259  8450  5114 12702 11385  9133  9500 11590 11566  9637 15050
 14484 11661 13051] [] 1716279906.7318904400
[ 1  1  1 -1  1  1  1  1  1  1  1  1  1  1  1  1] [ 2  3 11 18 19 20 21 26 27 28 29 34 35 36 42 44] [15770  4875  8255 11291  4973 12441 11114  8999  9379 10940 11446  9522
 14673 14201 10853  9943] [] 1716279906.7748808861
[ 1  1  1  1  1  1  1  1  1  1 -1  1  1  1  1  1] [ 2  3 11 18 19 20 21 26 27 28 29 34 35 36 42 44] [15752  4520  8205 11119  4751 11213 10928  8642  9091 10400 11449  9323
 14457 13879 10136  8409] [] 1716279906.8178429604
[-1  1 -1  1  1  1  1  1  1  1  1  1  1  1 -1  1  1] [ 2  3 10 11 18 19 20 21 26 27 28 29 34 35 36 42 44] [15762  4390 14260  7815 10861  4542  9878 10762  8436  7677  7849 11352
  8155 14368 13929  9078  6386] [] 1716279906.8608803749
[-1  1 -1  1  1  1  1  1  1  1  1  1  1  1  1 -1  1  1] [ 2  3  4 10 11 18 19 20 21 26 27 28 29 34 35 36 42 44] [15946  4056 12337 10888  6268 10499  4280  9491 10660  8213  6797  6531
 11136  7867 13329 14002  8961  5941] [] 1716279906.9038562775
[ 1  1  1  1  1  1  1  1  1  1  1  1  1 -1  1 -1  1  1] [ 2  3  4 10 11 18 19 20 21 26 27 28 29 34 35 36 42 44] [15931  3838 11335  9920  5547 10468  4231  9034 10609  8111  6530  6047
 10971  7873 12140 14135  6778  5194] [] 1716279906.9468812943
[1 1 1 1 1 1 1 1 1 1 1 1 1 1 1 1 1 1] [ 2  3  4 10 11 18 19 20 21 26 27 28 29 34 35 36 42 44] [15840  3502 10543  8529  4377  7842  4064  9002 10402  7116  6383  5853
  7803  7855 11427 10976  6573  4697] [] 1716279906.9898562431
[1 1 1 1 1 1 1 1 1 1 1 1 1 1 1 1 1 1] [ 2  3  4 10 11 18 19 20 21 26 27 28 29 34 35 36 42 44] [15724  3190 10217  7929  4040  7140  3960  8774 10380  6357  6281  4988
  6526  7580  9568  9174  5978  4578] [] 1716279907.0328805447
[ 1  1  1  1  1  1  1 -1  1  1  1  1  1  1  1  1  1  1] [ 2  3  4 10 11 18 19 20 21 26 27 28 29 34 35 36 42 44] [15612  2971  9936  7704  3788  6077  3809  8830 10273  6015  6225  4492
  6422  7510  9017  7668  5340  4262] [] 1716279907.0758488178
[ 1  1 -1  1  1  1  1  1  1  1  1  1  1  1  1  1  1  1 -1] [ 2  3  4 10 11 18 19 20 21 26 27 28 29 34 35 36 42 44 45] [15295  2741  9996  6541  3488  5643  3618  8212 10158  5231  6120  4044
  6164  6894  8142  6939  4858  4226 13096] [] 1716279907.1188728809
[-1  1  1  1  1  1  1  1  1  1  1  1 -1  1  1  1 -1 -1 -1 -1  1 -1] [ 2  3  4 10 11 18 19 20 21 26 27 28 29 34 35 36 37 41 42 44 45 50] [15320  2634  9892  6005  3281  5543  3542  7754 10096  4411  6078  3853
  6188  6662  7910  6414 16359 13447  4972  4298 12277 10231] [] 1716279907.1618506908
[ 1  1  1  1  1  1  1  1  1  1  1  1  1  1 -1  1  1  1  1  1  1  1 -1] [ 2  3  4 10 11 18 19 20 21 26 27 28 29 34 35 36 37 41 42 44 45 50 51] [15124  2607  9665  5841  3155  4851  3433  7615  9984  4027  5839  3788
  5507  6409  8206  6127 12838 13242  4357  4141  9216  9325 11997] [] 1716279907.2048337460
[ 1  1  1  1  1  1  1 -1 -1  1  1  1  1  1  1  1  1  1  1  1  1 -1  1] [ 2  3  4 10 11 18 19 20 21 26 27 28 29 34 35 36 37 41 42 44 45 50 51] [14918  2450  9534  5059  2939  4144  3307  7676  9993  3771  5794  3389
  5462  5602  7472  5919 12811 12999  4140  3872  8836  9629 11567] [] 1716279907.2478175163
[ 1  1  1  1  1  1  1  1  1  1 -1  1  1  1  1  1  1  1  1  1  1  1  1] [ 2  3  4 10 11 18 19 20 21 26 27 28 29 34 35 36 37 41 42 44 45 50 51] [ 9839  2427  9445  4839  2703  3857  3237  7583  9978  3659  5915  3212
  5155  5540  6714  5615 12554 12939  3695  3611  8367  9270 11133] [] 1716279907.2906830311
[ 1  1 -1  1  1 -1  1  1  1 -1  1  1  1  1  1  1  1 -1  1  1 -1 -1  1  1
 -1 -1] [ 2  3  4 10 11 12 18 19 20 21 26 27 28 29 34 35 36 37 41 42 44 45 50 51
 52 53] [ 9403  2342  9457  4759  2591 15643  3601  3153  7515 10217  3357  5795
  2999  5050  5463  6373  5181 12674 12872  3472  3671  8441  7537 11043
 12953 10984] [] 1716279907.3336951733
[ 1  1 -1  1  1  1  1  1  1  1 -1  1  1  1  1  1 -1  1 -1  1  1  1 -1  1
 -1  1  1] [ 2  3  4 10 11 12 18 19 20 21 23 26 27 28 29 34 35 36 37 41 42 44 45 50
 51 52 53] [ 9402  2251  9459  4475  2515 15369  3509  3059  6820 10076 15574  3231
  5696  2837  4991  5318  6391  4957 13052 12781  3258  3583  8820  7217
 11065 12368 10761] [] 1716279907.3766472340
[-1  1  1  1  1  1  1  1  1  1  1  1  1  1  1  1  1  1 -1  1  1  1  1  1
  1  1  1] [ 2  3  4 10 11 12 18 19 20 21 23 26 27 28 29 34 35 36 37 41 42 44 45 50
 51 52 53] [ 9440  2230  9426  4286  2479 15019  3371  3027  5239 10050 14548  3149
  5603  2814  4938  5057  6263  4702 13108 12506  2994  3474  7297  6882
 10827 11909  9012] [] 1716279907.4196131229
[ 1  1  1  1  1  1  1  1  1  1  1  1  1  1  1  1  1  1  1  1  1  1  1 -1
  1  1  1  1] [ 2  3  4 10 11 12 18 19 20 21 23 26 27 28 29 34 35 36 37 41 42 44 45 46
 50 51 52 53] [ 9411  2175  9343  4053  2340 14715  3279  2962  4879  9892 14224  3087
  5428  2642  4797  4811  6127  4482 12163 12434  2868  3306  6465 10434
  6072 10608 10673  7715] [] 1716279907.4626178741
[ 1  1 -1  1  1  1  1  1 -1 -1  1  1  1  1  1  1  1  1  1  1  1  1  1 -1
  1  1 -1  1] [ 2  3  4 10 11 12 18 19 20 21 23 26 27 28 29 34 35 36 37 41 42 44 45 46
 50 51 52 53] [ 9351  2086  9410  3823  2211 14438  3115  2835  4901  9905 14130  2941
  5080  2572  4715  4575  6103  4366 11530 12419  2762  3135  6353 10827
  5872  9295 10790  6622] [] 1716279907.5057168007
[ 1 -1  1  1  1 -1  1  1  1  1 -1  1  1  1  1  1  1  1  1  1  1  1  1  1
  1 -1  1  1] [ 2  3  4 10 11 12 18 19 20 21 23 26 27 28 29 34 35 36 37 41 42 44 45 46
 50 51 52 53] [ 9310  2091  9330  3663  2173 14474  2979  2805  4655  9900 14244  2911
  4985  2524  4351  4341  6097  4170 11506 12321  2616  2971  6251 10635
  5382 10019 10629  5913] [] 1716279907.5487933159
[ 1  1  1  1  1  1  1  1  1 -1  1  1  1  1  1  1  1  1  1  1  1 -1  1  1
  1  1  1  1] [ 2  3  4 10 11 12 18 19 20 21 23 26 27 28 29 34 35 36 37 41 42 44 45 46
 50 51 52 53] [ 9271  2031  9318  3573  2060 14278  2959  2757  4203  9972 13858  2815
  4939  2409  4115  4035  5677  3937 11378 12100  2518  2992  6165  9625
  5220  7444 10359  5778] [] 1716279907.5916237831
[-1  1 -1  1  1  1  1  1  1  1 -1  1  1  1  1  1  1  1  1  1 -1  1 -1  1
  1  1  1 -1] [ 2  3  4 10 11 12 18 19 20 21 23 26 27 28 29 34 35 36 37 41 42 44 45 46
 50 51 52 53] [ 9474  1971  9345  3447  1999 13975  2890  2716  3806  9888 14459  2729
  4869  2336  3999  3759  5411  3775 10936  9515  2541  2970  6175  9494
  5042  7202 10254  5794] [] 1716279907.6348605156
[-1  1  1  1  1 -1  1  1 -1 -1 -1 -1  1  1  1  1  1  1  1 -1  1 -1 -1  1
  1  1  1  1] [ 2  3  4 10 11 12 18 19 20 21 23 26 27 28 29 34 35 36 37 41 42 44 45 46
 50 51 52 53] [ 9514  1955  9318  3442  1982 14104  2855  2699  3869  9891 14519  2735
  4859  2332  3975  3598  5329  3698 10683  9536  2502  2984  6203  9286
  4998  6861 10195  5737] [] 1716279907.6778128147
[-1  1  1 -1 -1  1  1  1  1  1 -1  1  1  1  1 -1  1  1 -1  1  1 -1  1  1
  1  1  1  1  1] [ 1  2  3  4 10 11 12 18 19 20 21 23 26 27 28 29 34 35 36 37 41 42 44 45
 46 50 51 52 53] [16019  9501  1939  9324  3455  1975 14011  2781  2695  3709  9898 14477
  2693  4743  2300  3978  3563  5197  3711 10560  8644  2525  2952  6133
  9166  4951  6787 10140  5712] [] 1716279907.7207360268
[-1  1  1  1  1  1 -1 -1  1  1  1 -1 -1 -1  1  1  1  1  1 -1 -1  1 -1 -1
 -1 -1 -1 -1 -1] [ 1  2  3  4 10 11 12 18 19 20 21 23 26 27 28 29 34 35 36 37 41 42 44 45
 46 50 51 52 53] [16212  9443  1934  9317  3426  1960 14172  2783  2683  3694  9849 14567
  2727  4757  2284  3947  3506  5143  3637 10621 12133  2524  2954  6148
  9199  5051  7577 10160  5757] [] 1716279907.7637345791
[ 1 -1 -1  1 -1 -1  1 -1 -1  1 -1  1  1 -1 -1 -1 -1  1 -1  1 -1 -1 -1 -1
 -1 -1 -1 -1 -1] [ 1  2  3  4 10 11 12 18 19 20 21 23 26 27 28 29 34 35 36 37 41 42 44 45
 46 50 51 52 53] [16016  9447  1941  9285  3431  1967 14031  2815  2689  3657  9857 14421
  2705  4768  2308  3961  3577  5039  3668 10535 12159  2560  2998  6169
  9830  5262  9210 10302  7052] [] 1716279907.8066384792
[ 1  1 -1  1 -1 -1 -1 -1 -1 -1  1  1 -1 -1 -1 -1 -1 -1 -1 -1 -1 -1 -1  1
 -1 -1 -1 -1] [ 1  2  3  4 10 11 12 18 19 20 21 23 26 27 28 29 34 35 36 37 41 42 44 45
 50 51 52 53] [15952  9421  2010  9259  3453  1998 14127  2854  2720  4061  9799 14379
  2747  4836  2330  4005  3684  5564  3725 10578 12321  2608  3015  6101
  5572 10699 10437  8509] [] 1716279907.8495941162
[ 1  1  1 -1 -1 -1 -1 -1 -1 -1 -1  1 -1 -1 -1 -1 -1  1 -1 -1 -1 -1 -1 -1
 -1  1 -1 -1] [ 1  2  3  4 10 11 12 18 19 20 21 23 26 27 28 29 34 35 36 37 41 42 44 45
 50 51 52 53] [15896  9086  2002  9289  3613  2090 14258  2927  2744  4238  9813 13810
  2769  5046  2377  4517  3922  5563  4014 10966 12443  2760  3245  6149
  6108 10657 10650 10323] [] 1716279907.8926618099
[ 1  1 -1  1 -1 -1  1 -1 -1 -1  1 -1 -1 -1 -1 -1 -1 -1 -1 -1  1 -1 -1 -1
 -1  1 -1] [ 1  2  3  4 10 11 12 18 19 20 21 23 26 27 28 29 34 35 36 37 41 42 44 45
 50 51 52] [15870  9083  2047  9241  3657  2167 14213  3057  2887  4404  9706 13896
  2844  5183  2448  4525  4152  5614  4127 11203 12441  2990  3252  6575
  6846 10028 13384] [] 1716279907.9355847836
[-1  1 -1  1 -1 -1 -1 -1  1 -1  1  1 -1  1 -1 -1 -1 -1 -1 -1 -1 -1 -1 -1
 -1 -1] [ 1  2  3  4 10 11 12 18 19 20 21 23 26 27 28 29 34 35 36 37 41 42 44 45
 50 51] [16082  8827  2110  9156  4013  2303 14346  3200  2872  4595  9598 13711
  3007  5151  2531  4611  4343  5718  4453 12966 12713  3156  3328  7992
  7493 10501] [] 1716279907.9785993099
[-1 -1 -1 -1 -1 -1 -1 -1 -1  1 -1 -1 -1 -1 -1 -1  1 -1  1 -1 -1 -1 -1 -1
 -1] [ 2  3  4 10 11 12 18 19 20 21 23 26 27 28 29 34 35 36 37 41 42 44 45 50
 51] [ 8951  2167  9210  4095  2337 14633  3313  2906  4599  9561 13854  3103
  5177  2618  4679  4466  5631  4513 12689 13035  3708  3592  8222  9494
 11259] [] 1716279908.0215687752
[-1 -1 -1 -1 -1 -1 -1 -1 -1 -1  1 -1 -1 -1 -1 -1 -1 -1 -1 -1  1 -1 -1] [ 1  2  3  4 10 11 12 18 19 20 21 23 26 27 28 29 34 35 36 37 42 44 45] [16264  9018  2239  9251  4607  2519 15095  3463  2962  5671  9534 14546
  3189  5207  2710  4799  4798  5713  4671 12897  3598  3618 11577] [] 1716279908.0646271706
[-1 -1  1 -1 -1 -1 -1 -1 -1 -1 -1  1 -1 -1 -1  1 -1  1 -1  1] [ 2  3  4 10 11 12 18 19 20 21 26 27 28 29 34 35 36 37 42 44] [14731  2297  9205  4691  2804 15475  3682  3035  5857  9545  3351  5141
  2776  4871  4860  5604  5195 12055  3976  3588] [] 1716279908.1075432301
[-1 -1 -1 -1 -1 -1 -1 -1 -1 -1 -1 -1 -1 -1 -1 -1 -1 -1 -1 -1] [ 2  3  4 10 11 12 18 19 20 21 26 27 28 29 34 35 36 37 42 44] [14841  2455  9268  5349  2951 16296  4425  3107  6554  9601  3547  5215
  3109  5358  5551  5859  5416 12671  4468  3898] [] 1716279908.1505620480
[-1 -1 -1 -1 -1 -1 -1 -1 -1 -1 -1 -1 -1 -1 -1 -1 -1 -1] [ 2  3  4 10 11 18 19 20 21 26 27 28 29 34 35 36 42 44] [14971  2683  9317  5830  3267  5541  3254  6827  9704  4191  5317  3418
  5701  5901  6837  5744  4829  4058] [] 1716279908.1935961246
[-1 -1 -1 -1 -1 -1 -1 -1 -1 -1 -1 -1 -1 -1 -1 -1 -1 -1] [ 2  3  4 10 11 18 19 20 21 26 27 28 29 34 35 36 42 44] [15059  2807  9383  7268  3465  6508  3343  6984  9853  4607  5383  3623
  6097  5963  6906  6021  6450  4593] [] 1716279908.2366015911
[ 1 -1 -1 -1 -1 -1 -1 -1 -1 -1 -1 -1 -1 -1 -1 -1 -1 -1] [ 2  3  4 10 11 18 19 20 21 26 27 28 29 34 35 36 42 44] [15007  3266  9457  7493  3945  6720  3539  7780  9945  6181  5613  4230
  7103  6918  7206  7367  6807  4875] [] 1716279908.2795486450
[-1 -1 -1 -1 -1 -1 -1 -1 -1 -1 -1 -1 -1 -1 -1 -1 -1 -1] [ 2  3  4 10 11 18 19 20 21 26 27 28 29 34 35 36 42 44] [15210  3599  9590  7767  4675  7956  3715  8423 10122  7765  5669  4702
  9236  7479  7396  8812  8947  6491] [] 1716279908.3224911690
[-1 -1 -1 -1 -1 -1 -1  1 -1 -1 -1 -1 -1 -1 -1 -1 -1 -1] [ 2  3  4 10 11 18 19 20 21 26 27 28 29 34 35 36 42 44] [15715  3839  9609  9361  5736 10350  3876  8260 10216  8009  6557  5285
 10657  7786  7855 11025 11310 12561] [] 1716279908.3655245304
[-1 -1 -1 -1 -1 -1 -1 -1 -1 -1 -1  1 -1 -1 -1] [ 3  4 10 11 18 19 20 21 26 27 28 29 34 35 36] [ 4163  9756 10497  7426 10864  4023  8502 10343  8085  6760  5937 10614
  8057  8645 13183] [] 1716279908.4086072445
[-1 -1 -1 -1 -1 -1 -1 -1 -1 -1 -1 -1 -1 -1] [ 3  4 11 18 19 20 21 26 27 28 29 34 35 36] [ 4281 10973  8029 11098  4245  9332 10718  8332  6899  9548 11062  9143
  9564 13422] [] 1716279908.4514708519
[-1 -1  1 -1 -1 -1 -1 -1 -1 -1 -1 -1 -1] [ 2  3 11 19 20 21 26 27 28 29 34 35 36] [16214  5031  7999  4359 11407 10963  8651  7816 10774 11779  9504 11487
 14072] [] 1716279908.4944453239
[-1 -1 -1 -1 -1 -1 -1 -1 -1 -1 -1] [ 3 11 19 20 21 26 27 28 34 35 36] [ 5183  8239  4771 11742 11054  9119  8142 10960 10047 11952 14128] [] 1716279908.5376362801
[-1 -1 -1 -1 -1 -1 -1 -1 -1 -1] [ 3 11 19 20 21 26 27 28 35 36] [ 5295  8335  5152 12064 11312 10104  9157 11049 15513 14217] [] 1716279908.5804724693
[-1 -1 -1 -1 -1  1  1] [ 3 11 19 20 26 27 28] [ 5577  8443  5759 12506 10787  9090 10797] [] 1716279908.6234226227
[-1 -1 -1 -1 -1 -1] [ 3 11 19 20 27 28] [ 5773  9054  6974 14059  9140 11017] [] 1716279908.6664023399
[-1  1 -1 -1 -1 -1] [ 3 11 19 20 27 28] [12790  9045 10026 14881  9506 11470] [] 1716279908.7093839645
[-1  1 -1] [11 19 27] [ 9053  9907 13726] [] 1716279908.7525379658
[-1 -1] [11 19] [ 9580 10369] [] 1716279908.7954649925
[-1] [11] [9743] [] 1716279908.8383321762
[-1] [11] [9982] [] 1716279908.8813531399
[-1] [11] [10105] [] 1716279908.9275693893
2 2 2 1716279908.9278326035
