FA TAX ADC PRES TS
[-1] [19] [12077] [] 1716282747.7006866932
[-1  1] [11 19] [11543 11306] [] 1716282747.7437951565
[1 1] [11 19] [10328 10389] [] 1716282747.7867815495
[-1  1 -1 -1] [11 19 26 28] [10448  7901 14344 13277] [] 1716282747.8297588825
[1 1 1 1] [11 19 26 28] [10094  7052 12830 12081] [] 1716282747.8727099895
[1 1 1] [11 19 28] [ 9727  6563 11564] [] 1716282747.9157202244
[ 1  1 -1] [11 19 28] [ 9637  6302 11652] [] 1716282747.9587092400
[-1  1 -1  1] [11 19 27 28] [ 9740  6271 13143 11626] [] 1716282748.0017142296
[1 1 1 1] [11 19 27 28] [ 9416  5670 12807 11416] [] 1716282748.0447003841
[-1 -1  1 -1 -1 -1 -1] [ 2 11 19 26 27 28 42] [16298  9757  5623 12496 13016 11501 14171] [] 1716282748.0877857208
[1 1 1 1 1] [11 19 27 28 42] [ 9488  5441 12809 11297 12605] [] 1716282748.1307623386
[ 1  1 -1 -1  1 -1 -1] [11 19 26 27 28 42 44] [ 9423  5090 12115 12844 11234 12648 13013] [] 1716282748.1738295555
[-1  1  1  1 -1  1  1] [11 19 26 27 28 42 44] [ 9454  4978 11899 12684 11296 12368 12785] [] 1716282748.2168190479
[-1 -1  1 -1  1 -1 -1  1 -1] [ 3 11 19 20 26 27 28 42 44] [ 9812  9481  4833 16200 11610 12687 11357 11989 12811] [] 1716282748.2598567009
[ 1  1  1  1  1 -1 -1 -1 -1  1 -1] [ 3 11 19 20 26 27 28 29 34 42 44] [ 8291  9357  4720 14540 11422 12836 11422 12100 12367 11987 12845] [] 1716282748.3030731678
[ 1  1  1 -1 -1 -1  1  1  1  1  1] [ 3 11 19 20 26 27 28 29 34 42 44] [ 8185  9222  4559 15567 11431 12877 11222 11816 12317 11667 10651] [] 1716282748.3459606171
[ 1  1  1  1  1 -1 -1  1  1  1  1] [ 3 11 19 20 26 27 28 29 34 42 44] [ 7820  9218  4392 13271 11188 12920 11306 11500 12138 11533  9503] [] 1716282748.3889434338
[ 1  1  1  1  1  1  1  1  1 -1  1] [ 3 11 19 20 26 27 28 29 34 42 44] [ 7817  9145  4240 13146 11173 12860 11128 11284  9327 11671  7331] [] 1716282748.4320731163
[ 1  1  1  1  1 -1  1 -1  1 -1 -1  1] [ 3 11 19 20 26 27 28 29 34 35 42 44] [ 5528  9095  4084 12842 10839 12912 10983 11303  9022 16327 11705  6134] [] 1716282748.4750652313
[ 1  1 -1 -1 -1 -1  1  1  1  1  1  1  1  1] [ 3 11 18 19 20 21 26 27 28 29 34 35 42 44] [ 5475  9039 11381  4175 12954 11569  8887 12807 10922 11101  8941 13468
 11193  5854] [] 1716282748.5180778503
[ 1 -1  1  1  1  1  1  1  1  1  1  1  1  1] [ 3 11 18 19 20 21 26 27 28 29 34 35 42 44] [ 5385  9065 11017  4102 12858 11285  8661 12743  8971 11009  7249 12951
 10864  5266] [] 1716282748.5609469414
[ 1  1  1  1 -1  1  1  1  1  1  1 -1  1  1] [ 3 11 18 19 20 21 26 27 28 29 34 35 42 44] [ 5356  8991 10831  4024 12996 11209  8441 12584  8639  9443  6637 12966
 10657  4690] [] 1716282748.6041052341
[ 1  1  1  1  1  1  1  1  1  1  1  1  1  1 -1] [ 3 11 18 19 20 21 26 27 28 29 34 35 42 44 50] [ 4527  8975 10552  3858 12584 10935  8209 12373  8577  9191  6596 11975
 10217  4580  9421] [] 1716282748.6471047401
[ 1  1  1  1  1  1 -1  1  1  1  1  1 -1  1  1] [ 3 11 18 19 20 21 26 27 28 29 34 35 42 44 50] [ 4381  8234  8370  3784 12355 10750  8223 12332  8054  8695  6579 11903
 10379  4493  9419] [] 1716282748.6900608540
[ 1  1  1  1 -1  1  1  1  1  1  1 -1  1 -1 -1 -1] [ 3 11 18 19 20 21 26 27 28 29 34 35 42 44 45 50] [ 4311  8123  6975  3665 12538 10542  8098 12220  7341  8569  6020 11996
  8170  4586  8629  9750] [] 1716282748.7328147888
[ 1 -1  1  1  1  1 -1  1 -1  1 -1  1  1 -1  1  1  1  1] [ 3 10 11 18 19 20 21 26 27 28 29 34 35 36 42 44 45 50] [ 4309 15758  7737  6608  3596 12208 10698  6950 12315  7018  8672  5969
 10952 15753  7000  4462  8023  9211] [] 1716282748.7761008739
[ 1  1  1  1  1  1  1  1  1  1  1  1  1  1  1  1 -1  1 -1] [ 3 10 11 18 19 20 21 26 27 28 29 34 35 36 42 44 45 50 51] [ 4022 14920  6968  6476  3539 11935 10599  6045 12240  5721  8275  5758
 10038 12734  5891  4399  8035  7981 12578] [] 1716282748.8190817833
[ 1  1  1  1 -1  1  1  1  1  1 -1  1  1  1 -1  1  1  1  1  1 -1] [ 3 10 11 18 19 20 21 26 27 28 29 34 35 36 41 42 44 45 50 51 52] [ 3968 10789  6459  6393  3567 11823 10558  5386 11898  5456  8277  5604
  9546  9555 15881  4401  4166  7636  7375 11442 16065] [] 1716282748.8620362282
[ 1  1  1  1  1 -1 -1  1  1  1  1  1  1  1 -1  1 -1 -1 -1  1  1 -1] [ 3 10 11 18 19 20 21 26 27 28 29 34 35 36 41 42 44 45 50 51 52 53] [ 3799  9602  5771  5443  3410 11863 10650  5023 10724  4805  7440  5224
  8373  8678 16361  4112  4213  7766  7382 11231 14734 14681] [] 1716282748.9050118923
[1 1 1 1 1 1 1 1 1 1 1 1 1 1 1 1 1 1 1 1 1 1] [ 3 10 11 18 19 20 21 26 27 28 29 34 35 36 41 42 44 45 50 51 52 53] [ 3467  9073  5446  5037  3345 10513 10315  4829 10604  4437  7418  5163
  8255  8491 14711  3814  4184  7125  7292 11151 12738 10377] [] 1716282748.9481420517
[ 1  1  1  1  1  1 -1  1  1  1  1  1  1  1  1  1  1 -1  1  1  1  1] [ 3 10 11 18 19 20 21 26 27 28 29 34 35 36 41 42 44 45 50 51 52 53] [ 3419  8822  5270  4975  3340  9357 10392  4627 10533  4313  7407  4977
  7925  7931 13369  3334  3824  8608  7015 11049  8485  7351] [] 1716282748.9911062717
[ 1  1  1  1  1  1  1  1  1  1  1  1  1  1  1  1  1  1 -1  1  1  1  1] [ 3 10 11 18 19 20 21 26 27 28 29 34 35 36 41 42 44 45 46 50 51 52 53] [ 3058  8280  4735  4791  3234  8766 10208  4175 10171  3827  6874  4859
  7644  6923 13180  3190  3636  6491 12943  6702 10905  8289  6833] [] 1716282749.0340912342
[ 1  1  1  1  1  1  1  1  1  1  1  1 -1  1 -1  1  1  1 -1  1 -1  1  1  1] [ 3 10 11 18 19 20 21 26 27 28 29 34 35 36 37 41 42 44 45 46 50 51 52 53] [ 2929  6866  4479  4703  3186  8044 10176  4095  9998  3714  5774  4728
  7758  6710 16352 12697  3117  3523  8398 10444  6721  8792  8062  6440] [] 1716282749.0769886971
[-1  1  1  1  1  1  1  1  1  1  1 -1  1  1  1  1  1  1  1  1  1  1 -1  1
  1] [ 2  3 10 11 18 19 20 21 26 27 28 29 34 35 36 37 41 42 44 45 46 50 51 52
 53] [10575  2859  6082  4153  4059  3127  7527 10053  4010  8039  3610  6698
  4373  7727  6413 15594 12477  2874  3327  8297  9379  6680 10751  7895
  6149] [] 1716282749.1201314926
[ 1  1  1  1  1  1  1 -1  1 -1  1  1  1  1 -1  1  1  1  1  1  1  1  1  1
  1] [ 2  3 10 11 18 19 20 21 26 27 28 29 34 35 36 37 41 42 44 45 46 50 51 52
 53] [ 8942  2703  5188  3906  3835  3055  6693 10100  3819  8287  3405  5413
  4285  7520  6517 15458 12391  2682  3183  8154  8461  6377  8634  7626
  6093] [] 1716282749.1631574631
[ 1  1  1  1  1  1  1  1  1  1  1  1  1  1  1  1  1  1  1 -1  1  1  1  1
  1] [ 2  3 10 11 18 19 20 21 26 27 28 29 34 35 36 37 41 42 44 45 46 50 51 52
 53] [ 8895  2635  5091  3695  3748  2996  6596 10100  3751  7999  3292  4829
  4123  7350  6061 15056 12327  2596  3099  8161  7655  5699  8371  7387
  5976] [] 1716282749.2061111927
[-1  1  1  1  1  1  1  1  1  1  1  1  1 -1  1  1 -1  1  1  1  1  1  1  1
  1 -1] [ 2  3 10 11 18 19 20 21 26 27 28 29 34 35 36 37 41 42 44 45 46 50 51 52
 53 54] [ 8896  2607  4987  3557  3664  2994  6488 10087  3709  7750  3149  4455
  3985  7371  5868 14586 12542  2532  3025  7350  7467  5352  8287  7301
  5832 12917] [] 1716282749.2490077019
[ 1  1  1  1  1  1  1  1  1  1  1 -1  1 -1  1  1 -1  1  1  1 -1  1 -1  1
  1  1] [ 2  3 10 11 18 19 20 21 26 27 28 29 34 35 36 37 41 42 44 45 46 50 51 52
 53 54] [ 8792  2543  4849  3465  3563  2971  5747 10067  3549  7470  3024  4788
  3943  7455  5270 14242 12927  2362  3004  6581  7575  5224  8463  7189
  5355 12530] [] 1716282749.2921254635
[-1  1  1  1  1  1  1 -1 -1  1 -1  1  1  1 -1  1 -1  1  1  1 -1  1 -1  1
  1  1  1] [ 2  3 10 11 18 19 20 21 23 26 27 28 29 34 35 36 37 41 42 44 45 46 50 51
 52 53 54] [ 8835  2470  4691  3379  3477  2875  5490 10080 15439  3407  7499  2913
  4447  3679  7662  5142 14400 12389  2320  2910  8110  6526  5298  8035
  7085  5162 12288] [] 1716282749.3351340294
[ 1  1  1  1  1  1  1 -1  1  1  1  1  1  1  1  1  1 -1  1  1  1 -1  1  1
  1 -1  1 -1] [ 2  3 10 11 18 19 20 21 23 26 27 28 29 34 35 36 37 41 42 44 45 46 50 51
 52 53 54 61] [ 8751  2407  4341  3329  3397  2819  5023 10087 14566  3183  7455  2819
  4397  3436  7625  5038 14098 12435  2235  2877  6383  6741  4779  7437
  6870  5480 12246 10162] [] 1716282749.3781199455
[ 1  1  1  1  1  1  1  1  1  1  1  1 -1  1  1  1  1  1 -1  1  1  1  1 -1
 -1 -1  1  1] [ 2  3 10 11 18 19 20 21 23 26 27 28 29 34 35 36 37 41 42 44 45 46 50 51
 52 53 54 61] [ 8730  2346  4087  3110  3283  2787  4739  9903 14501  3077  7401  2740
  4411  3146  7527  4784 10817  9936  2259  2802  6273  6574  4594  7477
  6898  5527 11824  8756] [] 1716282749.4210188389
[ 1  1  1  1 -1  1  1  1  1  1  1  1 -1  1  1  1 -1 -1  1  1  1  1  1 -1
  1  1  1  1] [ 2  3 10 11 18 19 20 21 23 26 27 28 29 34 35 36 37 41 42 44 45 46 50 51
 52 53 54 61] [ 8602  2333  4050  3071  3291  2770  4631  9858 14317  2999  7387  2711
  4650  3071  7486  4708 10998  9993  2254  2792  6213  6331  4491  7551
  6765  5480 11817  8374] [] 1716282749.4640114307
[ 1  1  1  1 -1  1  1  1 -1 -1  1  1  1  1 -1  1  1 -1 -1  1 -1 -1 -1  1
  1  1 -1  1  1] [ 2  3 10 11 12 18 19 20 21 23 26 27 28 29 34 35 36 37 41 42 44 45 46 50
 51 52 53 54 61] [ 8594  2312  4037  3043 16186  3269  2755  4579  9869 14448  2963  7365
  2698  4371  3082  7444  4587 11001 10309  2200  2820  6218  6441  4296
  7476  6746  5507 11605  8140] [] 1716282749.5070786476
[-1  1  1 -1  1 -1  1  1  1  1  1  1  1  1  1  1 -1  1 -1  1  1 -1 -1  1
  1  1 -1  1] [ 2  3 10 11 18 19 20 21 23 26 27 28 29 34 35 36 37 41 42 44 45 46 50 51
 52 53 54 61] [ 8596  2303  3979  3046  3206  2779  4415  9822 14390  2907  7342  2679
  4367  2986  7425  4566 11070 10239  2204  2773  6197  6500  4307  7471
  6740  5507 12042  8054] [] 1716282749.5501229763
[ 1 -1 -1 -1 -1  1  1 -1 -1 -1  1 -1  1 -1  1  1  1 -1 -1 -1  1  1 -1  1
 -1  1 -1 -1] [ 2  3 10 11 18 19 20 21 23 26 27 28 29 34 35 36 37 41 42 44 45 46 50 51
 52 53 54 61] [ 8559  2305  4065  3071  3208  2759  4305  9904 14560  2979  7289  2688
  4335  3063  7422  4512 10902 10513  2219  2782  6190  6151  4589  7453
  6796  5398 12262 13062] [] 1716282749.5931217670
[ 1 -1 -1 -1 -1 -1 -1 -1  1 -1 -1 -1 -1 -1 -1  1 -1 -1 -1 -1 -1  1 -1 -1
  1 -1  1 -1] [ 2  3 10 11 12 18 19 20 21 23 26 27 28 29 34 35 36 37 41 42 44 45 46 50
 51 52 53 54] [ 8556  2362  4141  3119 16248  3232  2760  4417  9794 14844  2989  7323
  2728  4338  3111  7380  4546 11316 11613  2236  2785  6141  6610  4878
  7305  6838  5242 13057] [] 1716282749.6360800266
[-1 -1 -1 -1 -1 -1 -1  1 -1 -1 -1 -1  1 -1  1 -1 -1  1 -1 -1  1 -1 -1 -1
 -1  1] [ 2  3 10 11 18 19 20 21 23 26 27 28 29 34 35 36 37 41 42 44 45 46 50 51
 52 53] [ 8710  2367  4423  3231  3311  2774  4473  9723 14867  3115  7335  2734
  4271  3212  7355  4680 14539 11390  2263  2882  6082  7211  5174  7654
  7173  5114] [] 1716282749.6791327000
[-1 -1 -1 -1 -1 -1 -1  1 -1 -1  1 -1 -1 -1 -1 -1 -1  1 -1  1 -1 -1  1 -1
 -1 -1] [ 2  3 10 11 18 19 20 21 23 26 27 28 29 34 35 36 37 41 42 44 45 46 50 51
 52 53] [ 8748  2415  4699  3325  3381  2855  4942  9719 15974  3197  7314  2774
  4275  3391  7367  4830 14603 11367  2334  2856  6140  7995  5173  7681
  7233  5207] [] 1716282749.7221176624
[ 1 -1 -1 -1 -1  1 -1  1 -1 -1 -1  1 -1 -1 -1 -1 -1 -1 -1 -1 -1 -1  1 -1
 -1] [ 2  3 10 11 18 19 20 21 26 27 28 29 34 35 36 37 41 42 44 45 46 50 51 52
 53] [ 8720  2500  4842  3438  3537  2851  5030  9710  3383  7347  2852  4259
  3583  7479  5237 15202 11626  2434  2984  6263  9304  5224  7607  7392
  5337] [] 1716282749.7650494576
[-1 -1 -1 -1 -1 -1 -1  1 -1  1 -1 -1 -1  1 -1  1 -1 -1 -1 -1 -1 -1 -1 -1
 -1] [ 2  3 10 11 18 19 20 21 26 27 28 29 34 35 36 37 41 42 44 45 46 50 51 52
 53] [ 8853  2611  4888  3834  3607  2897  6131  9673  3451  7266  3025  4430
  3690  7323  5509 14997 11639  2490  3071  6321 13987  5299  8114  7678
  5754] [] 1716282749.8080744743
[-1 -1 -1 -1 -1 -1 -1  1 -1 -1  1 -1 -1 -1 -1 -1 -1 -1 -1 -1 -1  1 -1 -1] [ 2  3 10 11 18 19 20 21 26 27 28 29 34 35 36 37 41 42 44 45 50 51 52 53] [ 8877  2675  5009  3894  3701  2926  6180  9611  3530  7273  3025  5546
  3738  7375  5567 15140 12498  2747  3238  6547  6965  7903 11688  7597] [] 1716282749.8512117863
[-1 -1 -1 -1 -1 -1 -1 -1 -1 -1 -1 -1 -1 -1 -1 -1  1 -1 -1 -1 -1 -1 -1 -1] [ 2  3 10 11 18 19 20 21 26 27 28 29 34 35 36 37 41 42 44 45 50 51 52 53] [12928  2865  5611  4213  4397  3003  6843  9796  3732  7319  3300  5638
  4106  7630  5911 15610 12253  3047  3307  6954  7141  9855 11791 14127] [] 1716282749.8941385746
[-1 -1 -1 -1 -1 -1 -1 -1 -1 -1 -1 -1 -1 -1 -1 -1 -1 -1 -1  1 -1] [ 3 10 11 18 19 20 21 26 27 28 29 34 35 36 37 41 42 44 45 50 51] [ 3051  7623  4605  4579  3022  7017  9798  3975  7433  3392  6147  4301
  7631  6526 15615 12395  3458  3318  7282  7103 10859] [] 1716282749.9369404316
[-1 -1 -1 -1 -1 -1  1 -1 -1 -1 -1 -1  1 -1 -1 -1 -1  1 -1 -1] [ 3 10 11 18 19 20 21 26 27 28 29 34 35 36 41 42 44 45 50 51] [ 3327  8130  5041  4668  3108  8135  9793  4205  7607  3609  6150  4391
  7456  6668 12503  3966  3649  6761  7295 11186] [] 1716282749.9800198078
[-1 -1 -1 -1 -1 -1 -1 -1 -1 -1 -1 -1  1 -1 -1 -1 -1 -1 -1] [ 3 10 11 18 19 20 21 26 27 28 29 34 35 36 41 42 44 45 50] [ 3647  8426  5451  5246  3182  9150  9873  4706  9664  3964  6276  4887
  7317  7178 12570  4456  3688  8773  7694] [] 1716282750.0231342316
[-1 -1 -1 -1 -1 -1 -1 -1 -1 -1 -1 -1 -1 -1 -1 -1 -1 -1] [ 3 10 11 18 19 20 21 26 27 28 29 34 35 36 41 42 44 50] [ 3727  8599  6056  5639  3281 10217  9922  5026  9677  4117  6895  5447
  7359  7334 12693  5758  3775  8890] [] 1716282750.0661034584
[-1 -1 -1 -1 -1 -1 -1 -1 -1 -1 -1 -1 -1 -1 -1 -1 -1 -1] [ 3 10 11 18 19 20 21 26 27 28 29 34 35 36 41 42 44 50] [ 3983 11133  7242  6324  3346 10724  9936  5973  9823  4807  8125  5514
  8216  7770 13148  6145  3887  9894] [] 1716282750.1088798046
[-1 -1 -1 -1  1 -1 -1 -1 -1 -1 -1 -1  1 -1 -1 -1] [ 3 10 11 18 19 20 21 26 27 28 29 34 35 36 42 44] [ 4014 12932  8114  6357  3341 10914 10027  6627  9931  5267  8303  5590
  8188  9022  7510  4115] [] 1716282750.1521713734
[-1 -1 -1 -1 -1 -1 -1 -1 -1 -1 -1  1 -1 -1 -1] [ 3 11 18 19 20 21 26 27 28 29 34 35 36 42 44] [ 4078  8765  6463  3408 11738 10171  7074  9944  6007  8445  5646  8066
 13808  9169  4492] [] 1716282750.1950619221
[-1 -1 -1 -1  1 -1 -1 -1 -1 -1 -1 -1 -1 -1 -1] [ 3 11 18 19 20 21 26 27 28 29 34 35 36 42 44] [ 4680  8779  6600  3549 11486 10506  7913  9979  7218  8708  6128  8256
 15125 10245  5101] [] 1716282750.2381200790
[-1 -1 -1 -1 -1 -1 -1 -1 -1 -1 -1 -1 -1 -1 -1] [ 3 11 18 19 20 21 26 27 28 29 34 35 36 42 44] [ 5119  8795 10818  3667 11899 10667  8073 11574  8075  9449  9175 11824
 15600 10589  5953] [] 1716282750.2810933590
[-1 -1 -1 -1 -1 -1 -1 -1 -1 -1 -1  1 -1 -1] [ 3 11 18 19 20 21 26 27 28 29 34 35 42 44] [ 5268  8846 11185  3756 12267 10833  8284 11809 10518 10934 11753 11717
 10923  9953] [] 1716282750.3241252899
[-1  1 -1  1 -1 -1 -1 -1 -1  1 -1 -1 -1] [ 3 11 19 20 21 26 27 28 29 34 35 42 44] [ 5337  8812  3846 12191 11059  8647 11863 10585 11269 10080 12249 11315
 12596] [] 1716282750.3670768738
[-1 -1 -1 -1 -1 -1  1  1 -1  1 -1 -1 -1] [ 3 11 19 20 21 26 27 28 29 34 35 42 44] [ 5557  8885  3867 12534 11307  9902 11730 10585 11872  9935 13696 11433
 12788] [] 1716282750.4099011421
[-1  1 -1 -1  1 -1  1 -1 -1 -1] [ 3 11 19 20 26 27 28 34 35 42] [ 7712  8875  4036 13177  9714 11991 10431 15357 14316 11971] [] 1716282750.4527435303
[-1 -1 -1 -1 -1 -1 -1 -1] [ 3 11 19 20 26 27 28 42] [ 8698  8989  4205 13301 10977 12567 10456 13186] [] 1716282750.4957129955
[-1 -1 -1 -1 -1 -1 -1 -1] [ 3 11 19 20 26 27 28 36] [ 9155  9720  5647 15961 12884 12979 11059 15107] [] 1716282750.5387487411
[-1 -1 -1  1  1] [ 3 11 19 27 28] [ 9219  9765  6055 12800  9231] [] 1716282750.5819687843
[ 1 -1 -1 -1] [11 19 27 28] [ 9739  6549 12988 11503] [] 1716282750.6250865459
[-1 -1 -1 -1] [11 19 27 28] [10206  7974 13223 11899] [] 1716282750.6679656506
[-1 -1 -1 -1] [11 19 27 28] [10307 10776 13280 12346] [] 1716282750.7110285759
[-1 -1] [11 19] [14692 11166] [] 1716282750.7539060116
[1] [19] [11059] [] 1716282750.7969133854
[1] [19] [10586] [] 1716282750.8400242329
[-1] [19] [11429] [] 1716282750.9024288654
2 2 2 1716282750.9026370049
