FA TAX ADC PRES TS
[-1] [11] [11060] [] 1716283120.9174711704
[ 1 -1] [11 19] [10192 13461] [] 1716283120.9602363110
[-1  1 -1] [11 19 27] [10741 11252 15556] [] 1716283121.0034437180
[1 1 1] [11 19 27] [10618 11099 12554] [] 1716283121.0464370251
[ 1  1  1 -1] [11 19 27 28] [ 9844 10409 10191 12181] [] 1716283121.0894560814
[ 1 -1  1  1] [11 19 27 28] [ 9798 10431  9940 12147] [] 1716283121.1323714256
[1 1 1 1] [11 19 27 28] [ 9469  8745  9607 11823] [] 1716283121.1753792763
[-1 -1  1 -1 -1 -1 -1 -1 -1] [ 3 11 19 20 26 27 28 34 42] [11840  9618  7462 15041 13225  9845 11954 12663 13537] [] 1716283121.2184910774
[ 1  1  1  1  1  1  1  1 -1  1] [ 3 11 19 20 26 27 28 34 36 42] [10097  9602  6937 14515 12637  9733 11844 12489 16143 13031] [] 1716283121.2613203526
[1 1 1 1 1 1 1 1 1 1] [ 3 11 19 20 26 27 28 34 36 42] [ 7989  8967  6239 14280 10728  9551 11475  9923 15235 10193] [] 1716283121.3041810989
[ 1  1  1 -1  1  1  1  1  1  1 -1] [ 3 11 19 20 26 27 28 34 36 42 44] [ 5979  8279  5898 14370 10146  9311 11263  9592 15035  8908 13275] [] 1716283121.3473157883
[ 1  1 -1  1  1  1  1 -1  1  1  1  1] [ 3 11 18 19 20 26 27 28 34 36 42 44] [ 5753  8185 11764  5399 14026  9709  9142 11341  9306 14699  8303 13130] [] 1716283121.3903198242
[ 1  1  1  1  1  1  1  1 -1  1  1  1  1] [ 3 11 18 19 20 26 27 28 29 34 36 42 44] [ 5610  8015 11369  5267 13910  9488  9026 11183 11729  9220 14347  7140
 12673] [] 1716283121.4332883358
[ 1  1  1  1  1  1  1 -1  1  1  1  1  1] [ 3 11 18 19 20 26 27 28 29 34 36 42 44] [ 5523  7904 10934  4901 13252  9087  8803 11298 11218  8870 14292  6869
  8463] [] 1716283121.4762494564
[ 1 -1  1  1  1  1 -1  1  1  1  1  1 -1  1  1] [ 3 10 11 18 19 20 21 26 27 28 29 34 36 42 44] [ 5103 15804  7769  8565  4587 12588 11481  8973  7607  9091 11098  7089
 14593  6591  7711] [] 1716283121.5192737579
[1 1 1 1 1 1 1 1 1 1 1 1 1 1 1] [ 3 10 11 18 19 20 21 26 27 28 29 34 36 42 44] [ 4543 12258  7670  8117  4415 12208 11303  8831  7324  8745 10966  6912
 14593  6330  6649] [] 1716283121.5622982979
[ 1  1 -1  1  1  1  1  1  1  1  1  1  1  1  1] [ 3 10 11 18 19 20 21 26 27 28 29 34 36 42 44] [ 4349 10408  7677  7922  4309  9840 11289  8604  7183  8575 10860  6769
 14490  5379  5612] [] 1716283121.6052958965
[ 1  1  1  1  1  1  1  1  1  1  1  1 -1  1  1  1] [ 3 10 11 18 19 20 21 26 27 28 29 34 35 36 42 44] [ 4159  8921  7537  6521  4114  9448 11021  8446  6942  8109 10689  6606
 15282 12097  4930  5065] [] 1716283121.6481981277
[ 1  1  1 -1  1  1  1  1  1  1  1  1  1  1  1  1] [ 3 10 11 18 19 20 21 26 27 28 29 34 35 36 42 44] [ 3975  8455  6271  7449  4038  9094 10842  7530  6857  7382 10506  6567
 15280 10459  4922  4224] [] 1716283121.6913094521
[ 1  1  1  1  1  1  1  1  1  1  1  1  1  1  1  1 -1] [ 3 10 11 18 19 20 21 26 27 28 29 34 35 36 42 44 50] [ 3792  8114  5878  6115  3982  8985 10544  6268  6852  7153 10438  6559
 11630 10080  4922  4133 10139] [] 1716283121.7342846394
[ 1  1  1  1  1  1  1  1  1  1  1 -1  1  1  1  1  1] [ 3 10 11 18 19 20 21 26 27 28 29 34 35 36 42 44 50] [ 3381  7127  5579  5533  3908  8980 10474  5778  6719  7038  8876  6569
 11211  9663  4486  3761  7775] [] 1716283121.7772884369
[ 1  1  1  1  1  1 -1  1  1  1  1  1  1  1  1  1  1] [ 3 10 11 18 19 20 21 26 27 28 29 34 35 36 42 44 50] [ 3046  6856  4989  5333  3767  8868 10617  5169  6535  6411  7741  6567
  8949  8458  4144  3592  7112] [] 1716283121.8202846050
[ 1  1  1  1  1  1  1  1  1  1  1  1  1  1  1 -1 -1  1 -1] [ 3 10 11 18 19 20 21 26 27 28 29 34 35 36 42 44 45 50 51] [ 2881  6143  4362  5237  3676  8671 10529  4927  6009  5817  7698  6566
  8916  7807  3826  3658  8339  5911 11598] [] 1716283121.8632910252
[1 1 1 1 1 1 1 1 1 1 1 1 1 1 1 1 1 1 1] [ 3 10 11 18 19 20 21 26 27 28 29 34 35 36 42 44 45 50 51] [ 2697  6019  3881  4383  3573  8411 10267  4497  5647  5015  7527  6436
  8073  6947  3481  3567  6906  5518 11216] [] 1716283121.9063093662
[ 1  1  1  1  1  1  1  1  1  1  1  1 -1  1 -1  1  1  1  1  1] [ 3 10 11 18 19 20 21 26 27 28 29 34 35 36 37 42 44 45 50 51] [ 2639  5639  3545  4157  3461  6474 10189  3805  5588  4707  6215  6025
  8180  6030 16356  3364  3534  6706  5157 11047] [] 1716283121.9493000507
[-1  1  1  1  1  1 -1 -1  1  1  1  1  1  1  1  1  1  1  1  1  1 -1] [ 2  3 10 11 18 19 20 21 26 27 28 29 34 35 36 37 42 44 45 50 51 52] [14628  2558  5251  3453  4017  3407  6716 10203  3689  5469  4339  6203
  5252  7066  5770 13509  3091  3442  6591  4852 10727 12311] [] 1716283121.9921989441
[ 1  1  1  1  1  1 -1  1  1  1  1  1  1 -1  1 -1  1 -1  1  1  1 -1 -1 -1] [ 2  3 10 11 18 19 20 21 26 27 28 29 34 35 36 37 42 43 44 45 50 51 52 53] [13671  2471  4954  3323  3876  3359  6821 10080  3454  5364  3947  5617
  4527  7073  5694 13528  3014 12329  3425  6527  4687 10767 12376 13741] [] 1716283122.0353157520
[-1  1  1  1  1  1  1  1  1  1  1  1  1  1  1  1 -1  1  1  1  1  1  1  1
  1] [ 2  3 10 11 18 19 20 21 26 27 28 29 34 35 36 37 41 42 43 44 45 50 51 52
 53] [13679  2401  4724  2905  3690  3286  6289  9966  3185  5234  3669  5497
  4301  6039  5237 13001 13387  2919 12199  3216  6349  4319 10756 11312
  9731] [] 1716283122.0783236027
[ 1  1  1  1  1  1  1 -1  1 -1  1  1  1 -1  1  1  1  1  1  1  1 -1  1  1
  1] [ 2  3 10 11 18 19 20 21 26 27 28 29 34 35 36 37 41 42 43 44 45 50 51 52
 53] [13627  2371  4253  2751  3509  3222  5731 10015  3146  5238  3495  5413
  4221  6422  4781 12598 10823  2886 11112  3172  6247  4390  9565 11277
  8443] [] 1716283122.1213257313
[-1  1  1  1  1  1  1  1  1 -1  1  1  1  1  1  1  1  1  1  1  1  1 -1  1
  1] [ 2  3 10 11 18 19 20 21 26 27 28 29 34 35 36 37 41 42 43 44 45 50 51 52
 53] [13762  2335  4016  2600  3391  3188  5135  9976  3007  5334  3381  4602
  4088  6055  4661 12361 10301  2776 10998  3124  6173  4375 10102 11104
  7679] [] 1716283122.1642806530
[-1  1  1  1  1 -1  1  1  1 -1  1  1  1  1  1 -1  1  1  1  1  1  1 -1 -1
  1  1  1  1] [ 1  2  3 10 11 12 18 19 20 21 26 27 28 29 34 35 36 37 41 42 43 44 45 46
 50 51 52 53] [15608 10302  2300  3947  2493 14993  3130  3159  4923  9996  2911  5098
  3319  4583  3918  6087  4501 12318  8765  2660  9890  3058  6203 11041
  4108  8573 10612  5526] [] 1716283122.2073471546
[ 1  1  1 -1  1  1  1  1  1  1 -1  1  1  1  1 -1  1  1  1  1 -1  1  1  1
  1  1  1  1  1  1  1] [ 1  2  3  4 10 11 12 18 19 20 21 26 27 28 29 33 34 35 36 37 38 41 42 43
 44 45 46 50 51 52 53] [15554  9483  2271 14226  3421  2335 14719  2981  3019  4905 10021  2751
  4469  3115  4454 12701  3638  6034  4311 11707 13164  7949  2552  9824
  3001  6139 10651  3886  7405 10143  5295] [] 1716283122.2503516674
[ 1  1  1  1  1  1  1  1  1  1  1  1  1  1  1  1  1  1  1  1  1  1  1 -1
  1  1  1  1  1  1 -1] [ 1  2  3  4 10 11 12 18 19 20 21 26 27 28 29 33 34 35 36 37 38 41 42 43
 44 45 46 50 51 52 53] [15187  9206  2210 13708  3315  2254 14564  2915  2979  4683  9986  2719
  4436  2986  4437 12697  3502  5483  4158 10646 12230  7774  2472  9941
  2940  6071  9403  3716  7176  9917  5318] [] 1716283122.2933485508
[ 1  1  1  1  1  1  1  1  1  1  1  1  1  1  1  1  1  1  1 -1 -1  1  1  1
  1 -1  1  1  1 -1  1] [ 1  2  3  4 10 11 12 18 19 20 21 26 27 28 29 33 34 35 36 37 38 41 42 43
 44 45 46 50 51 52 53] [14811  8681  2200 12307  3277  2195 12559  2781  2907  4443  9907  2703
  4380  2949  4379 12585  3350  5180  4144 11552 12330  7753  2426  9676
  2903  6127  9135  3648  7108  9926  5217] [] 1716283122.3362712860
[ 1  1  1  1 -1  1  1  1  1 -1  1  1  1  1  1  1  1  1 -1  1 -1  1  1  1
 -1  1 -1  1  1  1 -1] [ 1  2  3  4 10 11 12 18 19 20 21 26 27 28 29 33 34 35 36 37 38 41 42 43
 44 45 46 50 51 52 53] [14683  8630  2184 12190  3279  2183 12328  2742  2827  4502  9858  2662
  4333  2862  4366 12566  3263  4936  4150 10666 12628  7682  2400  9646
  2931  6095  9206  3596  7102  9864  5227] [] 1716283122.3793482780
[-1  1 -1  1  1  1  1  1  1 -1  1 -1  1  1  1  1  1  1  1  1 -1  1 -1 -1
  1  1  1  1 -1  1  1] [ 1  2  3  4 10 11 12 18 19 20 21 26 27 28 29 33 34 35 36 37 38 41 42 43
 44 45 46 50 51 52 53] [14702  8468  2212 11910  3227  2126 11522  2729  2794  4531  9807  2667
  4249  2827  4350 12530  3144  4933  4126 10432 12820  7642  2413  9740
  2878  6030  9047  3575  7140  9859  5183] [] 1716283122.4224257469
[-1  1  1  1  1  1  1 -1  1  1 -1  1  1  1  1 -1 -1 -1  1 -1  1 -1 -1  1
 -1 -1 -1 -1  1 -1 -1] [ 1  2  3  4 10 11 12 18 19 20 21 26 27 28 29 33 34 35 36 37 38 41 42 43
 44 45 46 50 51 52 53] [14792  8410  2165 11744  3199  2123 11082  2761  2773  4462  9840  2635
  4204  2786  4327 12536  3159  4975  4123 10434 12707  7943  2434  9685
  2924  6066  9466  3716  7140  9953  5528] [] 1716283122.4653818607
[ 1 -1 -1  1 -1 -1  1 -1 -1 -1  1 -1 -1 -1 -1 -1 -1  1 -1  1 -1 -1 -1 -1
 -1  1 -1 -1 -1 -1] [ 1  2  3  4 10 11 12 18 19 20 21 26 27 28 29 33 34 35 36 37 38 41 42 43
 44 45 50 51 52 53] [14578  8423  2175 11588  3277  2141 11052  2775  2887  4503  9785  2638
  4251  2858  4363 12639  3411  4903  4174 10420 15134  9086  2524 10069
  3006  6012  3940  7236 10208  6886] [] 1716283122.5083837509
[-1  1 -1  1 -1 -1 -1 -1 -1 -1  1 -1 -1 -1 -1 -1 -1 -1 -1 -1 -1 -1  1 -1
 -1 -1 -1  1 -1] [ 1  2  3  4 10 11 12 18 19 20 21 26 27 28 29 33 34 35 36 37 41 42 43 44
 45 50 51 52 53] [14785  8402  2184 11249  3381  2145 12800  2835  2917  4668  9760  2658
  4625  2894  4383 12641  3491  4999  4219 10442 10196  2652  9968  3036
  6044  4118 10631 10181  7972] [] 1716283122.5513360500
[ 1 -1 -1  1 -1 -1 -1 -1 -1 -1 -1 -1  1 -1 -1 -1 -1 -1  1 -1  1 -1 -1 -1
 -1 -1 -1 -1 -1] [ 1  2  3  4 10 11 12 18 19 20 21 26 27 28 29 33 34 35 36 37 41 42 43 44
 45 50 51 52 53] [14548  8412  2239 11109  3465  2243 14546  2915  2927  4723  9761  2727
  4606  2967  4469 12675  3653  5531  4206 10744  9997  2749 10323  3067
  6073  4263 10632 10928 13839] [] 1716283122.5943322182
[ 1 -1 -1  1 -1 -1 -1 -1 -1 -1 -1 -1 -1 -1 -1 -1 -1 -1 -1 -1 -1 -1 -1 -1
 -1 -1 -1] [ 1  2  3  4 10 11 18 19 20 21 26 27 28 29 33 34 35 36 37 41 42 43 44 45
 50 51 52] [14466  8783  2248 11075  3923  2303  2933  3044  4839  9781  2789  4640
  3044  4719 12835  3711  5559  4269 11306 10415  2915 11121  3268  6447
  4452 10713 11918] [] 1716283122.6373181343
[-1 -1 -1  1 -1 -1 -1 -1 -1  1 -1 -1 -1 -1 -1  1 -1 -1 -1 -1  1  1 -1 -1
 -1] [ 1  2  3  4 10 11 18 19 20 21 26 27 28 29 34 35 36 37 41 42 43 44 45 50
 51] [14675 13064  2346 10893  4113  2613  3346  3155  5003  9613  2941  4865
  3237  5763  3951  5488  4511 12392 11896  2982 10795  3172  6471  4734
 10746] [] 1716283122.6802628040
[-1 -1 -1 -1 -1 -1 -1 -1 -1 -1 -1 -1 -1 -1 -1  1 -1 -1 -1 -1 -1 -1 -1 -1] [ 1  2  3  4 10 11 18 19 20 21 26 27 28 29 34 35 36 37 41 42 44 45 50 51] [15100 14212  2388 10949  4395  2983  3535  3199  5521  9656  3027  5123
  3386  5804  4031  5402  4619 12496 12259  3136  3181  6579  5230 10779] [] 1716283122.7233178616
[-1 -1 -1 -1 -1 -1 -1 -1 -1 -1 -1 -1 -1 -1 -1 -1 -1 -1 -1 -1  1 -1] [ 1  2  3  4 10 11 18 19 20 21 26 27 28 29 34 35 36 37 41 42 44 50] [15392 14936  2479 11162  4893  3182  3787  3245  5781  9765  3387  5232
  3686  5993  4280  5689  5094 12587 12730  3406  3118  6852] [] 1716283122.7662973404
[-1  1 -1 -1 -1 -1 -1  1 -1 -1 -1 -1 -1 -1 -1 -1 -1 -1 -1 -1] [ 3  4 10 11 18 19 20 21 26 27 28 29 34 35 36 37 41 42 44 50] [ 2565 10770  5495  3453  4047  3290  7148  9760  3751  5337  4134  6009
  4884  6230  5512 13247 13294  3570  3179  8615] [] 1716283122.8092901707
[-1 -1 -1 -1 -1 -1 -1 -1 -1  1 -1 -1 -1 -1 -1  1 -1] [ 3  4 10 11 18 19 20 21 26 27 28 29 34 35 36 42 44] [ 2715 11013  5623  3960  4549  3344  7279  9804  4095  5313  4570  6043
  5271  6306  6432  3560  3375] [] 1716283122.8522698879
[-1 -1 -1 -1 -1 -1  1 -1 -1 -1 -1 -1 -1  1 -1 -1 -1] [ 3  4 10 11 18 19 20 21 26 27 28 29 34 35 36 42 44] [ 2963 11365  5883  4363  4575  3428  7145  9954  4366  5368  5367  7530
  5654  6248  6657  3971  3930] [] 1716283122.8952908516
[-1 -1 -1 -1 -1 -1  1 -1 -1 -1 -1 -1 -1 -1 -1 -1 -1] [ 3  4 10 11 18 19 20 21 26 27 28 29 34 35 36 42 44] [ 3349 11905  6664  5423  5265  3577  6935 10138  5315  5707  6461  7839
  6328  7245  7861  4547  4449] [] 1716283122.9382665157
[-1 -1 -1 -1 -1 -1 -1 -1 -1 -1 -1 -1 -1 -1 -1 -1 -1] [ 3  4 10 11 18 19 20 21 26 27 28 29 34 35 36 42 44] [ 3625 12306  7025  6167  5495  3662  7548 10362  6087  5821  7035  9189
  6410  7832  8875  4975  5197] [] 1716283122.9813127518
[-1 -1 -1 -1 -1 -1 -1 -1 -1 -1 -1 -1 -1 -1 -1 -1] [ 3 10 11 18 19 20 21 26 27 28 29 34 35 36 42 44] [ 3907  7576  6861  6234  3787  8519 10373  7960  5901  7394 10548  6553
 10756  9010  5209  6422] [] 1716283123.0242285728
[-1 -1 -1 -1 -1 -1 -1 -1 -1 -1 -1 -1 -1 -1 -1 -1] [ 3 10 11 18 19 20 21 26 27 28 29 34 35 36 42 44] [ 3984  7873  7490  6315  3939  8941 10585  8052  6069  7782 10772  6699
 11861  9523  6812 12343] [] 1716283123.0673236847
[-1 -1 -1 -1 -1 -1 -1 -1 -1 -1 -1 -1 -1 -1 -1 -1] [ 3 10 11 18 19 20 21 26 27 28 29 34 35 36 42 44] [ 4278 12552  7585  7939  4145 11467 10826  8432  7073 10457 11575  7069
 14323 11432  8566 13434] [] 1716283123.1102972031
[-1 -1 -1 -1 -1 -1 -1 -1 -1 -1 -1 -1 -1 -1] [ 3 10 11 18 19 20 21 26 27 28 29 34 36 42] [ 5154 12840  7752 10749  4259 11692 11141  8485  8657 10605 15265  7277
 11788 12202] [] 1716283123.1532807350
[-1 -1 -1 -1 -1 -1 -1  1  1 -1 -1] [ 3 10 11 18 19 20 26 27 28 34 36] [ 5423 13211  7761 11195  4530 12329  8889  7691 10523  9232 12405] [] 1716283123.1962106228
[-1 -1 -1 -1 -1 -1 -1 -1 -1 -1 -1] [ 3 10 11 18 19 20 26 27 28 34 36] [ 5930 16368  8212 11696  5370 12898  9455  9104 10815  9503 13381] [] 1716283123.2392532825
[-1 -1 -1 -1 -1 -1 -1 -1 -1] [ 3 11 19 20 26 27 28 34 36] [ 9149  9226  5750 13159  9642  9174 10941 12039 15307] [] 1716283123.2822146416
[ 1 -1 -1 -1 -1] [11 19 20 27 28] [ 9117  6514 14542 12582 11262] [] 1716283123.3252143860
[-1 -1  1] [11 19 27] [ 9187  9599 12422] [] 1716283123.3681490421
[-1 -1 -1] [11 19 27] [ 9742 10255 13009] [] 1716283123.4112105370
[-1 -1] [11 19] [10528 10950] [] 1716283123.4541687965
[1] [11] [10109] [] 1716283123.4971497059
[-1] [11] [10493] [] 1716283123.5400724411
2 2 2 1716283123.5833652020
