FA TAX ADC PRES TS
[ 1  1  1  1 -1  1] [11 19 27 28 36 42] [ 9577  9077 12879 11412 12742 10665] [] 1716283828.4044418335
[-1 -1  1 -1 -1 -1  1  1] [ 3 11 19 27 28 34 36 42] [10963  9742  7232 13144 11444 12399 11471 10633] [] 1716283828.4475610256
[-1  1  1  1 -1 -1  1 -1  1] [ 2  3 11 19 27 28 34 36 42] [16369 10910  9649  7015 13212 11492 12221 11498 10381] [] 1716283828.4905281067
[ 1  1  1  1  1  1  1  1 -1 -1] [ 2  3 11 19 27 28 34 36 42 44] [16238 10563  9516  6850 13046 11258 12125 11071 10539 14679] [] 1716283828.5335762501
[ 1  1  1 -1  1  1 -1  1  1] [ 3 11 19 27 28 34 36 42 44] [10203  9365  6388 13077 11174 12061 11127 10023 13274] [] 1716283828.5764172077
[1 1 1 1 1 1 1 1 1] [ 3 11 19 27 28 34 36 42 44] [ 8833  9176  5537 12912 10899 11827 10709 10004 13000] [] 1716283828.6194374561
[1 1 1 1 1 1 1 1 1] [ 3 11 19 27 28 34 36 42 44] [ 6181  9087  5079 12471 10826 11657 10500  9712 12978] [] 1716283828.6623945236
[ 1  1  1  1  1 -1 -1 -1  1] [ 3 11 19 27 28 34 36 42 44] [ 5987  8961  4810 12292 10681 11744 10575  9809 12706] [] 1716283828.7054164410
[ 1  1  1 -1  1 -1  1 -1  1 -1  1] [ 3 11 19 20 27 28 34 35 36 42 44] [ 5704  8897  4570 16330 12248 10778 11592 14683 10427 10050 12509] [] 1716283828.7484092712
[ 1  1  1  1  1 -1 -1  1  1 -1  1] [ 3 11 19 20 27 28 34 35 36 42 44] [ 4814  8861  4450 16260 12110 10846 11727 14537  9889 10123 10975] [] 1716283828.7914392948
[ 1  1  1  1  1 -1 -1  1 -1 -1  1] [ 3 11 19 20 27 28 34 35 36 42 44] [ 4457  8844  4369 15437 11998 10857 11755 14267  9996 10189  8579] [] 1716283828.8344027996
[-1 -1 -1 -1 -1  1 -1  1  1  1  1  1] [ 3 11 18 19 20 27 28 34 35 36 42 44] [ 4474  8916 10946  4395 15511 11965 10982 11623 14101  9311 10137  6777] [] 1716283828.8774158955
[ 1  1  1  1  1 -1 -1 -1 -1 -1 -1 -1  1  1] [ 3 11 18 19 20 21 27 28 29 34 35 36 42 44] [ 4457  8902 10885  4322 15337 11863 12081 11183 13153 11631 14422  9512
  9691  6381] [] 1716283828.9203805923
[ 1  1  1  1  1  1  1  1  1 -1 -1  1 -1  1] [ 3 11 18 19 20 21 27 28 29 34 35 36 42 44] [ 4307  8845 10645  4195 15154 11452 11950  8231 12007 11662 14539  9215
  9867  6106] [] 1716283828.9634349346
[ 1  1  1  1  1  1 -1 -1  1  1 -1  1  1  1] [ 3 11 18 19 20 21 27 28 29 34 35 36 42 44] [ 4138  8797 10485  4154 14773 11429 12170  8468 11936 11564 14560  8791
  9822  5526] [] 1716283829.0064065456
[-1  1  1  1  1 -1  1  1  1  1  1  1  1 -1  1] [ 2  3 11 18 19 20 21 27 28 29 34 35 36 42 44] [16197  3978  8738 10412  4015 14986 11169 11900  7862 11629  9288 14327
  8239  9896  5182] [] 1716283829.0494339466
[ 1  1  1  1  1  1  1 -1  1  1  1  1  1  1  1  1] [ 2  3 11 18 19 20 21 26 27 28 29 34 35 36 42 44] [15939  3734  7463  9219  3881 14569 10938 11427 11555  7678 11494  9258
 13583  7972  9765  4997] [] 1716283829.0924389362
[ 1 -1  1  1  1  1  1  1  1  1  1 -1  1  1  1 -1] [ 3 11 18 19 20 21 26 27 28 29 34 35 36 42 44 50] [ 3477  7506  8242  3791 13797 10758 10958 11543  6889 11404  9148 13818
  7064  8723  4766  8719] [] 1716283829.1354150772
[ 1 -1  1  1  1  1 -1  1 -1  1  1  1  1  1  1  1 -1  1] [ 3 10 11 18 19 20 21 26 27 28 29 34 35 36 42 44 45 50] [ 3313 15530  5720  7978  3704 12833 10821  9405 11838  5652  9668  9036
 13466  6844  7755  4271 14882  7992] [] 1716283829.1784453392
[ 1  1  1  1  1 -1  1  1  1  1  1  1 -1  1 -1  1  1  1 -1] [ 3 10 11 18 19 20 21 26 27 28 29 34 35 36 37 42 44 45 50] [ 3012 13840  5169  6441  3633 13098 10726  6053 11798  5271  9183  8834
 13632  6223 16320  6006  4201 12753  9164] [] 1716283829.2214481831
[ 1  1  1  1 -1 -1  1  1 -1  1  1  1  1  1  1  1  1  1  1] [ 3 10 11 18 19 20 21 26 27 28 29 34 35 36 37 42 44 45 50] [ 2787 10837  4771  5670  3643 13929 10713  5141 12113  4947  9018  7655
 10117  5838 15370  5023  4096 11769  9003] [] 1716283829.2644178867
[-1  1  1  1  1  1  1  1  1  1  1  1  1  1  1  1  1  1  1  1] [ 2  3 10 11 18 19 20 21 26 27 28 29 34 35 36 37 42 44 45 50] [15935  2670  9935  4643  5654  3470 12382 10328  4949 12095  4303  6363
  7562  9995  5515 15238  4398  3825 11595  8221] [] 1716283829.3074800968
[ 1  1  1  1  1  1  1 -1  1 -1  1  1  1  1  1 -1 -1  1 -1  1  1 -1 -1] [ 2  3 10 11 18 19 20 21 26 27 28 29 34 35 36 37 41 42 44 45 50 52 53] [12624  2657  9930  4505  5390  3411 12026 10409  4842 12282  4092  6148
  7519  9846  5305 15354 16359  3956  3881  8095  7118 14711 11691] [] 1716283829.3504538536
[ 1  1  1  1  1  1  1  1  1  1  1  1  1 -1  1  1  1  1  1 -1  1  1] [ 2  3 10 11 18 19 20 21 26 27 28 29 34 35 36 37 42 44 45 50 52 53] [12340  2527  8668  4275  4627  3354 11643 10332  4543 12031  3761  6118
  7510  9863  5084 14928  3610  3658  7808  7262 14112  9946] [] 1716283829.3934805393
[ 1  1  1  1  1  1 -1  1  1  1  1  1 -1  1  1  1 -1  1  1  1  1  1  1] [ 2  3 10 11 18 19 20 21 26 27 28 29 34 35 36 37 41 42 44 45 50 52 53] [12281  2462  8095  4057  4577  3238 11719 10300  4395 12003  3627  5887
  7530  9672  4975 14891 16336  3273  3435  7504  6603 13590  7039] [] 1716283829.4364802837
[-1  1  1  1  1  1  1  1  1 -1  1  1  1 -1  1  1  1  1  1  1 -1  1 -1  1
  1] [ 2  3 10 11 18 19 20 21 26 27 28 29 34 35 36 37 41 42 44 45 46 50 51 52
 53] [12853  2339  7476  3507  4444  3127 11454 10130  4265 12229  3451  5784
  7419  9701  4743 11570 16137  2991  3404  7468 11263  6173 11811 13312
  6399] [] 1716283829.4795017242
[-1  1  1  1 -1  1  1  1  1  1  1  1  1  1  1  1  1  1  1  1  1  1  1  1
  1  1] [ 2  3 10 11 12 18 19 20 21 26 27 28 29 34 35 36 37 41 42 44 45 46 50 51
 52 53] [13641  2267  7110  3126 15096  4013  3067  9477 10034  4151 12177  3246
  5695  7327  7802  4514 11491 11727  2882  3312  7439 10937  5678 11398
 12921  6219] [] 1716283829.5226325989
[1 1 1 1 1 1 1 1 1 1 1 1 1 1 1 1 1 1 1 1 1 1 1 1 1 1] [ 2  3 10 11 12 18 19 20 21 26 27 28 29 34 35 36 37 41 42 44 45 46 50 51
 52 53] [13180  2244  6968  3071 13806  3823  3001  7331  9993  4059 11992  3165
  5647  6402  7770  4501 11402 10858  2631  3160  7319  9033  4909 10978
 12147  5175] [] 1716283829.5655477047
[-1  1  1  1  1  1  1  1  1  1 -1  1  1  1 -1  1  1  1 -1  1  1 -1  1  1
  1  1] [ 2  3 10 11 12 18 19 20 21 26 27 28 29 34 35 36 37 41 42 44 45 46 50 51
 52 53] [13213  2203  6790  2935 10787  3539  2949  6692  9991  3661 12009  3068
  5589  5658  7847  4301 11320 10529  2634  3056  7175  9139  4744  9637
  8103  5173] [] 1716283829.6084964275
[ 1  1  1  1  1  1  1  1 -1  1 -1  1  1  1  1  1  1  1  1  1  1 -1  1  1
  1 -1] [ 2  3 10 11 12 18 19 20 21 26 27 28 29 34 35 36 37 41 42 44 45 46 50 51
 52 53] [12835  2146  6596  2812  9613  3491  2899  5925  9994  3501 12060  2916
  5457  5218  6857  4191 10952  8399  2511  2976  7150  9368  4448  7704
  7517  5465] [] 1716283829.6514773369
[ 1  1  1  1  1  1  1  1 -1  1  1  1 -1  1 -1  1  1  1  1  1  1 -1  1  1
 -1  1] [ 2  3 10 11 12 18 19 20 21 26 27 28 29 34 35 36 37 41 42 44 45 46 50 51
 52 53] [12539  2131  6215  2783  8653  3435  2847  5887 10064  3417 11968  2881
  5483  4901  7242  3984 10850  7579  2416  2904  7022  9403  4339  7545
  8833  4910] [] 1716283829.6944746971
[ 1  1  1  1  1  1  1  1  1  1  1  1  1  1  1  1 -1  1  1  1  1  1  1  1
 -1  1] [ 2  3 10 11 12 18 19 20 21 26 27 28 29 34 35 36 37 41 42 44 45 46 50 51
 52 53] [12401  2096  5539  2711  8230  3346  2807  5324  9949  3361 11923  2775
  5418  4050  6721  3847 10956  6558  2318  2836  6923  7607  4044  7044
 10194  4804] [] 1716283829.7374567986
[ 1  1  1  1 -1  1  1 -1 -1  1  1  1 -1  1 -1  1 -1  1  1  1  1  1  1  1
  1  1] [ 2  3 10 11 12 18 19 20 21 26 27 28 29 34 35 36 37 41 42 44 45 46 50 51
 52 53] [12199  2084  5335  2627  8232  3295  2754  5377 10002  3311  9625  2656
  5467  4017  6740  3743 10963  6488  2288  2826  6894  7583  4036  6444
  9858  4540] [] 1716283829.7804889679
[-1 -1  1  1  1  1  1  1  1  1  1  1  1  1  1  1 -1  1  1 -1 -1  1  1  1
  1  1] [ 2  3 10 11 12 18 19 20 21 26 27 28 29 34 35 36 37 41 42 44 45 46 50 51
 52 53] [12495  2099  5191  2598  8094  3206  2726  5151  9862  3271  9481  2624
  5102  3929  6335  3720 10970  6368  2270  2850  6915  7491  4016  6331
  9723  4467] [] 1716283829.8234474659
[-1  1  1 -1  1 -1  1  1 -1  1  1  1 -1 -1  1 -1 -1 -1  1  1 -1  1  1 -1
 -1  1] [ 2  3 10 11 12 18 19 20 21 26 27 28 29 34 35 36 37 41 42 44 45 46 50 51
 52 53] [12707  2059  5143  2611  7992  3213  2720  4760  9905  3219  9305  2601
  5139  3934  6154  3726 11019  6408  2266  2818  6965  7436  4000  6342
  9761  4398] [] 1716283829.8664562702
[ 1 -1  1  1  1  1  1  1  1 -1  1 -1  1  1 -1  1  1 -1 -1  1  1 -1  1 -1
  1 -1] [ 2  3 10 11 12 18 19 20 21 26 27 28 29 34 35 36 37 41 42 44 45 46 50 51
 52 53] [12587  2067  5009  2591  7540  3165  2718  4515  9831  3237  9280  2602
  5133  3853  6167  3680 10974  6432  2274  2804  6885  7539  3994  6384
  9725  4589] [] 1716283829.9094901085
[ 1 -1 -1 -1 -1 -1  1 -1  1  1 -1 -1  1 -1  1 -1  1 -1 -1 -1 -1 -1 -1 -1
 -1 -1] [ 2  3 10 11 12 18 19 20 21 26 27 28 29 34 35 36 37 41 42 44 45 46 50 51
 52 53] [12255  2089  5149  2603  8015  3213  2707  4671  9792  3205  9344  2646
  5029  4196  6109  3692 10924  6816  2336  2842  6900  8023  4086  6484
  9961  4846] [] 1716283829.9525375366
[ 1  1 -1 -1 -1 -1 -1  1 -1 -1  1 -1  1 -1 -1 -1  1 -1 -1 -1 -1 -1 -1 -1
  1 -1] [ 2  3 10 11 12 18 19 20 21 26 27 28 29 34 35 36 37 41 42 44 45 46 50 51
 52 53] [12223  2059  5428  2606  8183  3315  2742  4608  9814  3291  9275  2684
  4967  4317  6137  3740 10819  7743  2398  2927  6946  9152  4132  7606
  7566  4982] [] 1716283829.9954719543
[-1 -1 -1 -1 -1  1 -1 -1  1 -1 -1 -1 -1 -1  1 -1  1 -1 -1 -1 -1 -1 -1 -1
  1  1] [ 2  3 10 11 12 18 19 20 21 26 27 28 29 34 35 36 37 41 42 44 45 46 50 51
 52 53] [13223  2111  6111  2643  8418  3291  2855  4862  9760  3317  9298  2763
  5303  4493  6077  3841 10776 10047  2440  2987  7009 10951  4225  7655
  7439  4888] [] 1716283830.0384738445
[-1 -1 -1 -1 -1 -1 -1 -1  1  1  1 -1 -1 -1 -1 -1 -1 -1 -1 -1 -1 -1 -1 -1
 -1 -1] [ 2  3 10 11 12 18 19 20 21 26 27 28 29 34 35 36 37 41 42 44 45 46 50 51
 52 53] [13525  2128  6583  2698  9976  3381  2891  5079  9729  3313  9281  2826
  5311  4670  6119  3927 10798 10162  2530  3008  7063 11130  4350  7750
  7690  5279] [] 1716283830.0814583302
[-1 -1 -1 -1 -1 -1  1 -1 -1 -1  1 -1 -1 -1 -1 -1  1 -1 -1 -1 -1 -1 -1 -1
 -1] [ 2  3 10 11 12 18 19 20 21 26 27 28 29 34 35 36 37 41 42 44 45 50 51 52
 53] [13597  2145  6639  2762 10105  3479  2889  5120  9734  3391  9239  2877
  5365  5280  6296  4015 10726 14591  2676  3237  7093  4564 11021  8099
  6371] [] 1716283830.1244709492
[-1 -1 -1 -1 -1 -1 -1 -1  1 -1 -1 -1 -1 -1 -1 -1 -1 -1 -1 -1 -1 -1 -1 -1] [ 2  3 10 11 12 18 19 20 21 26 27 28 29 34 35 36 37 42 44 45 50 51 52 53] [13815  2189  6930  3038 11672  3814  2933  5461  9697  3807  9639  3040
  5454  5635  6551  4241 11302  2926  3334  7286  5170 11131 12783  8172] [] 1716283830.1674430370
[-1 -1 -1 -1 -1 -1 -1 -1 -1 -1 -1 -1 -1 -1 -1 -1 -1 -1 -1 -1 -1 -1 -1] [ 2  3 10 11 12 18 19 20 21 26 27 28 29 34 35 36 37 42 44 45 50 52 53] [14027  2239  7157  3359 14950  3966  2951  5661  9814  3811 11716  3119
  5531  6049  7398  4414 11505  3015  3370  7367  5420 12867 14464] [] 1716283830.2103807926
[-1 -1 -1 -1 -1 -1 -1 -1  1 -1 -1 -1 -1 -1 -1 -1 -1 -1 -1 -1 -1] [ 2  3 10 11 12 18 19 20 21 26 27 28 29 34 35 36 37 42 44 45 50] [14195  2271  7603  3703 15109  4068  3003  7869  9776  3906 11850  3216
  5547  6234  7576  4470 11540  3352  3512  7595  6054] [] 1716283830.2533652782
[-1 -1 -1 -1 -1 -1 -1 -1 -1 -1 -1 -1 -1 -1 -1 -1 -1 -1 -1 -1] [ 2  3 10 11 18 19 20 21 26 27 28 29 34 35 36 37 42 44 45 50] [14263  2318  8644  4019  4219  3151  8537  9817  4037 11896  3355  5799
  7212  8549  4608 11713  3726  3602  7867  6423] [] 1716283830.2964518070
[-1 -1 -1 -1 -1 -1 -1 -1 -1  1 -1 -1 -1 -1 -1 -1 -1  1 -1] [ 2  3 10 11 18 19 20 21 26 27 28 29 34 35 36 37 42 44 50] [14461  2447  9446  4187  4374  3171  8973  9830  4303 11845  3516  5986
  7314  9046  4708 15428  4130  3554  7384] [] 1716283830.3393907547
[-1 -1 -1 -1 -1 -1 -1 -1 -1  1 -1 -1 -1  1 -1 -1 -1 -1  1] [ 2  3 10 11 18 19 20 21 26 27 28 29 34 35 36 37 42 44 50] [14604  2558  9754  4559  5431  3264  9548  9947  4535 11699  3792  6285
  7405  8899  4968 15570  4667  3656  7353] [] 1716283830.3824396133
[ 1 -1 -1 -1 -1 -1 -1 -1 -1 -1 -1 -1 -1 -1 -1  1 -1 -1 -1] [ 2  3 10 11 18 19 20 21 26 27 28 29 34 35 36 37 42 44 50] [14505  2607 11188  4599  6071  3343  9633  9979  4621 11861  3900  6451
  7491  9009  5066 15511  6067  3955 10099] [] 1716283830.4254074097
[-1 -1 -1 -1 -1 -1 -1 -1 -1 -1 -1 -1 -1 -1 -1 -1 -1 -1] [ 3 10 11 18 19 20 21 26 27 28 29 34 35 36 37 42 44 50] [ 2749 13707  4975  6377  3387 11600 10137  5261 11890  4401  9013  7587
  9786  5294 15743  7320  4075 11073] [] 1716283830.4683699608
[-1 -1 -1 -1 -1 -1 -1 -1 -1 -1 -1 -1  1 -1 -1 -1  1] [ 3 10 11 18 19 20 21 26 27 28 29 34 35 36 42 44 50] [ 3067 13837  5148  6402  3432 11608 10253  5564 11943  4588  9108  7694
  9678  5414  7762  4460 11071] [] 1716283830.5114214420
[-1 -1 -1 -1  1 -1 -1 -1 -1 -1 -1 -1 -1 -1 -1  1] [ 3 11 18 19 20 21 26 27 28 29 34 35 36 42 44 50] [ 3207  5357  7402  3496 11439 10324  6661 12104  4768  9250  7727  9723
  5490  7845  5022 10801] [] 1716283830.5543916225
[-1 -1 -1 -1 -1 -1 -1  1 -1 -1 -1 -1 -1 -1 -1] [ 3 11 18 19 20 21 26 27 28 29 34 35 36 42 44] [ 3328  6142  8043  3521 11762 10587 13875 11747  5563  9979  7844 10017
  6011  8479  5204] [] 1716283830.5973849297
[-1 -1 -1 -1 -1  1 -1 -1 -1  1  1 -1  1 -1] [ 3 11 18 19 20 21 27 28 29 34 35 36 42 44] [ 3535  7507  8128  3626 12306 10581 11859  6261 11570  7541  9916  6393
  8122  5722] [] 1716283830.6403846741
[-1 -1  1 -1 -1 -1 -1  1 -1 -1 -1 -1  1 -1] [ 2  3 11 18 19 20 21 27 28 34 35 36 42 44] [15647  3766  7454 10420  3643 13132 10583 11794  6638  8020 14212  7099
  7905  5988] [] 1716283830.6833717823
[ 1 -1 -1 -1 -1 -1 -1  1 -1 -1  1 -1 -1 -1] [ 2  3 11 18 19 20 21 27 28 34 35 36 42 44] [13949  3952  7652 10463  3695 14126 10639 11627  7339  9060 14058  7379
  8740  8301] [] 1716283830.7264235020
[ 1 -1 -1 -1 -1 -1 -1  1 -1  1  1 -1 -1 -1] [ 2  3 11 18 19 20 21 27 28 34 35 36 42 44] [13785  4135  8722 10720  3752 14840 10909 11604  7855  7765 13945  8083
  9835 11087] [] 1716283830.7693908215
[-1 -1  1 -1 -1  1 -1 -1 -1  1 -1 -1 -1 -1] [ 2  3 11 18 19 20 21 27 28 34 35 36 42 44] [13962  4172  8707 10902  3761 14536 11036 11690  8065  7745 14061  8537
  9871 12371] [] 1716283830.8124566078
[-1 -1 -1 -1 -1 -1 -1 -1 -1 -1 -1 -1  1 -1] [ 2  3 11 18 19 20 21 27 28 34 35 36 42 44] [16116  4210  8783 11020  3926 14904 11120 11832  8129  9562 14462  8655
  9768 13021] [] 1716283830.8555498123
[-1  1 -1 -1  1 -1 -1 -1 -1 -1 -1  1] [ 3 11 18 19 20 21 27 28 34 35 36 42] [ 4341  8779 11214  4238 14898 11291 11948  8914 11538 14539  9354  9339] [] 1716283830.8984916210
[-1  1  1 -1 -1 -1 -1 -1  1 -1] [ 3 11 19 20 27 28 34 35 36 42] [ 5102  8774  4142 15576 11959 10636 11559 14741  9033 11647] [] 1716283830.9414577484
[-1 -1 -1 -1 -1 -1 -1 -1 -1] [ 3 11 19 27 28 34 35 36 42] [ 7881  8894  4487 12049 10839 11901 15222 11176 11827] [] 1716283830.9845030308
[-1 -1 -1  1  1 -1 -1 -1] [ 3 11 19 27 28 34 36 42] [ 8668  8945  4710 11826 10793 12175 15581 12421] [] 1716283831.0274786949
[-1 -1 -1 -1 -1 -1 -1] [ 3 11 19 27 28 34 36] [ 8716  8967  4893 11872 10887 12353 16159] [] 1716283831.0703754425
[-1 -1 -1  1 -1  1] [ 3 11 19 27 28 34] [ 8892  8989  4990 11825 11029 12321] [] 1716283831.1132702827
[-1  1 -1 -1 -1  1 -1] [ 3 11 19 27 28 34 42] [ 8916  8958  5037 11894 11096 12127 15887] [] 1716283831.1565186977
2 2 2 1716283831.1567935944
