FA TAX ADC PRES TS
[-1] [11] [9909] [] 1716178759.1797451973
[1] [11] [9528] [] 1716178759.2226886749
[1] [11] [9348] [] 1716178759.2656779289
[1] [11] [9128] [] 1716178759.3086962700
[-1 -1 -1 -1] [11 19 21 29] [ 9744 12141 14942 12222] [] 1716178759.3517155647
[1 1 1 1] [11 19 21 29] [ 9654 10756 13669 12038] [] 1716178759.3947005272
[1 1 1 1] [11 19 21 29] [ 9654 10218 12644 11820] [] 1716178759.4377450943
[ 1  1  1 -1  1] [11 19 21 28 29] [ 9524  9916 11858 13242 11747] [] 1716178759.4806056023
[1 1 1 1 1] [11 19 21 28 29] [ 9443  9857 11484 12731 11525] [] 1716178759.5236930847
[1 1 1 1 1] [11 19 21 28 29] [ 9392  9756 11316 12426 11438] [] 1716178759.5667684078
[1 1 1 1 1] [11 19 21 28 29] [ 9263  9618 10907 12101 11156] [] 1716178759.6096675396
[-1 -1  1  1  1  1] [ 3 11 19 21 28 29] [ 9911  9313  9374 10799 11737 10937] [] 1716178759.6525423527
[ 1 -1  1  1 -1  1] [ 3 11 19 21 28 29] [ 7089  9384  9316 10708 11750 10703] [] 1716178759.6956932545
[ 1  1  1  1  1 -1] [ 3 11 19 21 28 29] [ 6634  9205  8845 10296 11476 10739] [] 1716178759.7387204170
[ 1 -1  1 -1  1 -1  1  1 -1] [ 3 11 19 20 21 27 28 29 44] [ 6625  9285  7536 14378 10271 13002 11293 10598 14051] [] 1716178759.7816596031
[ 1  1  1  1 -1  1 -1 -1  1] [ 3 11 19 20 21 27 28 29 44] [ 6561  9219  7306 13878 10420 12857 11329 10704 13691] [] 1716178759.8245069981
[1 1 1 1 1 1 1 1 1] [ 3 11 19 20 21 27 28 29 44] [ 6078  9183  6927 12755 10324 12728 11077 10585 13149] [] 1716178759.8677158356
[ 1  1 -1  1  1  1  1  1  1  1] [ 3 11 15 19 20 21 27 28 29 44] [ 5992  9121 15123  6107 12507 10197 12625 11056 10582 12957] [] 1716178759.9107353687
[1 1 1 1 1 1 1 1 1 1] [ 3 11 15 19 20 21 27 28 29 44] [ 5914  9076 14519  5844 12247 10128 12568 10917 10552 12412] [] 1716178759.9537537098
[ 1  1  1  1  1 -1 -1 -1  1 -1 -1 -1] [ 3 11 15 19 20 21 27 28 29 36 44 45] [ 5805  8984 13698  5204  9892 10350 12596 10989 10419 15783 12749 13799] [] 1716178759.9967331886
[ 1  1  1  1  1  1  1 -1 -1  1  1  1] [ 3 11 15 19 20 21 27 28 29 36 44 45] [ 5688  8959 13342  4935  9273 10258 12549 11033 10477 14456 12616 11884] [] 1716178760.0397312641
[ 1 -1 -1  1  1 -1  1 -1 -1  1 -1  1  1] [ 3 11 15 19 20 21 27 28 29 36 37 44 45] [ 5632  9013 13445  4796  9075 10306 12468 11320 10493 11909 16328 12469
 11639] [] 1716178760.0827484131
[-1 -1 -1 -1  1  1 -1  1 -1 -1  1  1 -1  1 -1 -1] [ 3 10 11 15 19 20 21 27 28 29 36 37 42 44 45 47] [ 5661 15114  9081 13622  4719  9032 10394 12429 11441 10585 11847 13117
 15906 11741 11685 11864] [] 1716178760.1255633831
[ 1  1  1 -1  1  1 -1  1  1 -1 -1  1  1  1  1  1  1] [ 3 10 11 15 19 20 21 27 28 29 34 36 37 42 44 45 47] [ 4955 14155  8946 13979  4680  8825 10576 12265 11044 10612 11918 11748
 12778 10920  8290 11579  9226] [] 1716178760.1686615944
[ 1 -1  1  1  1  1  1 -1 -1 -1  1  1  1 -1  1  1  1  1 -1] [ 3 10 11 15 19 20 21 26 27 28 29 34 36 37 42 44 45 47 53] [ 4350 14555  8217 13632  4670  8792 10572 15683 12316 11059 10593 11786
 11605 12929 10170  7277  9562  8789 14885] [] 1716178760.2117464542
[ 1  1  1  1  1  1  1  1 -1 -1  1  1 -1 -1  1  1  1  1  1] [ 3 10 11 15 19 20 21 26 27 28 29 34 36 37 42 44 45 47 53] [ 4241 14181  8047 13568  4641  8685 10538 12093 12339 11171 10539 11667
 12025 13006  9944  6900  9053  8751 11458] [] 1716178760.2547824383
[ 1  1  1  1  1  1 -1  1  1 -1  1  1  1  1 -1  1  1  1  1  1] [ 3 10 11 15 19 20 21 26 27 28 29 34 36 37 38 42 44 45 47 53] [ 4001 13857  7896 13506  4591  8641 10558 11740 12318 11331 10508 11654
 12008 12430 11741  9385  6371  8949  8486 10782] [] 1716178760.2977659702
[ 1  1  1 -1  1  1  1  1 -1 -1  1  1 -1  1  1  1  1  1  1  1] [ 3 10 11 15 19 20 21 26 27 28 29 34 36 37 38 42 44 45 47 53] [ 3790 12840  7862 13771  4469  8486 10543 11366 12400 11393 10506 11480
 12082 12271 10706  8099  5583  8934  8271  8992] [] 1716178760.3406352997
[ 1  1  1  1  1  1 -1  1  1  1  1 -1 -1 -1  1  1  1  1  1  1] [ 3 10 11 15 19 20 21 26 27 28 29 34 36 37 38 42 44 45 47 53] [ 3517 12665  7758 13267  4275  8242 10546 10926 12292 11360  8643 11499
 12115 12534 10593  7771  5383  8807  8042  8721] [] 1716178760.3837642670
[ 1  1  1  1  1  1 -1  1 -1  1  1  1 -1  1  1  1  1  1 -1 -1  1 -1  1] [ 3 10 11 15 19 20 21 26 27 28 29 34 35 36 37 38 42 44 45 46 47 51 53] [ 3311 12366  7664 13148  4210  8021 10595 10846 12304 11254  6752 11404
 15838 11935 12344 10229  7268  5051  8882 11977  6773 11875  8596] [] 1716178760.4267370701
[ 1  1 -1  1  1 -1 -1  1 -1 -1  1  1  1  1  1  1  1 -1 -1  1  1 -1 -1] [ 3 10 11 15 19 20 21 26 27 28 29 34 36 37 38 42 44 45 46 47 51 53 61] [ 3062  9211  7733 13039  3993  8072 10664  9319 12637 11335  6271 11368
 11088 12015 10136  7227  5029  8994 13104  6773 11756  8869  7977] [] 1716178760.4696233273
[ 1 -1 -1  1 -1 -1  1  1  1 -1 -1  1  1  1  1 -1  1  1  1  1  1  1  1 -1
  1] [ 3 10 11 15 18 19 20 21 26 27 28 29 34 36 37 38 42 44 45 46 47 51 53 55
 61] [ 2971  9488  7960 12913 13630  4003  7983 10639  8975 12766 11340  6052
 11271  9074 11720 10213  7018  4898  7584 10711  6616 11317  8840 10089
  7814] [] 1716178760.5124671459
[ 1  1 -1 -1  1  1  1 -1  1  1  1  1  1  1 -1  1  1  1  1 -1  1  1  1  1
  1] [ 3 10 11 15 18 19 20 21 26 27 28 29 34 36 37 38 42 44 45 46 47 51 53 55
 61] [ 2854  8714  8941 12919 13530  3918  7594 10686  8791 12676 11131  5853
  8986  8359 11752 10038  6970  4654  7302 10777  6069 11124  8731  7562
  7565] [] 1716178760.5557146072
[ 1  1  1 -1  1  1  1  1 -1  1  1  1  1  1  1  1 -1 -1  1  1 -1  1  1  1
  1  1] [ 3 10 11 12 15 18 19 20 21 26 27 28 29 34 36 37 38 42 44 45 46 47 51 53
 55 61] [ 2653  8575  8867 15164 12814 11895  3826  6929 10741  8530 12306 10879
  5668  8784  8149 11560 10134  6972  4426  7169 10957  5644 10628  7689
  6450  7432] [] 1716178760.5987625122
[ 1  1  1  1  1  1  1  1 -1  1 -1 -1  1 -1  1  1  1  1  1 -1 -1  1 -1  1
  1  1] [ 3 10 11 12 15 18 19 20 21 26 27 28 29 34 36 37 38 42 44 45 46 47 51 53
 55 61] [ 2577  8403  8483 14724 12708 11158  3701  6845 10789  8467 12388 10939
  5614  8840  7984 10869 10044  6791  4255  7170 11012  5331 10829  7535
  5929  7223] [] 1716178760.6416668892
[ 1  1  1  1 -1  1  1  1 -1 -1  1  1  1  1 -1 -1  1  1  1  1  1  1  1  1
 -1  1  1] [ 3 10 11 12 15 18 19 20 21 26 27 28 29 34 36 37 38 42 44 45 46 47 51 53
 54 55 61] [ 2558  8392  8199 13117 13010 10850  3614  6760 10797  8495 12315 10845
  5566  8797  7990 10875  9939  6509  4052  6936 10277  5026  8922  7320
 15414  5438  7049] [] 1716178760.6845393181
[ 1  1  1  1  1  1  1  1 -1  1 -1  1  1  1  1 -1 -1 -1  1 -1  1  1  1  1
  1  1  1] [ 3 10 11 12 15 18 19 20 21 26 27 28 29 34 36 37 38 42 44 45 46 47 51 53
 54 55 61] [ 2447  7879  7784 11966 12946  8275  3550  6714 10815  8386 12541 10703
  5546  8742  7286 10878  9952  6559  3915  6983  8854  4600  8810  7219
 14039  5254  6960] [] 1716178760.7277274132
[ 1  1  1  1  1  1  1  1  1 -1 -1 -1  1  1 -1  1  1 -1 -1  1  1  1  1  1
  1  1  1  1] [ 3 10 11 12 15 18 19 20 21 26 27 28 29 34 35 36 37 38 42 44 45 46 47 51
 53 54 55 61] [ 2381  7600  7661 10766 12734  7919  3456  6590 10796  8391 12572 10778
  5481  8695 16042  6386  9972  9969  6718  3827  6468  8790  4455  8494
  7092 13171  5099  6857] [] 1716178760.7707428932
[ 1  1  1  1  1  1  1  1  1  1 -1  1  1  1  1  1  1 -1 -1  1 -1  1  1 -1
  1 -1  1  1 -1] [ 3 10 11 12 15 18 19 20 21 26 27 28 29 34 35 36 37 38 42 44 45 46 47 50
 51 53 54 55 61] [ 2379  7482  6478  9371 12700  7743  3407  6465  9129  8263 12628  9816
  5436  8690 15795  5889  9723 10036  6863  3755  6534  8571  4257 11423
  8104  7100 13036  4992  6862] [] 1716178760.8137159348
[ 1 -1  1  1  1  1 -1  1  1  1 -1  1 -1  1  1  1  1  1  1  1  1 -1  1  1
  1  1  1  1  1] [ 3 10 11 12 15 18 19 20 21 26 27 28 29 34 35 36 37 38 42 44 45 46 47 50
 51 53 54 55 61] [ 2300  7663  6321  9035 11204  7710  3415  6347  8970  8135 12991  9655
  5448  7884 12740  5743  9279  9785  6603  3674  5862  8606  4134 10603
  7853  7006 12531  4738  6769] [] 1716178760.8565540314
[1 1 1 1 1 1 1 1 1 1 1 1 1 1 1 1 1 1 1 1 1 1 1 1 1 1 1 1 1] [ 3 10 11 12 15 18 19 20 21 26 27 28 29 34 35 36 37 38 42 44 45 46 47 50
 51 53 54 55 61] [ 2239  7285  5614  8423 10508  7646  3361  6274  8942  8005 12407  9463
  5143  7725 12240  5410  9255  8881  6409  3570  5603  8493  4048 10579
  7835  6971 12438  4688  6686] [] 1716178760.8997087479
[ 1  1  1  1  1 -1  1 -1  1  1 -1  1  1  1  1  1  1  1  1  1  1  1  1  1
 -1  1  1 -1  1] [ 3 10 11 12 15 18 19 20 21 26 27 28 29 34 35 36 37 38 42 44 45 46 47 50
 51 53 54 55 61] [ 2217  7199  5587  8295 10508  7695  3326  6285  8893  7941 12422  9377
  5141  7695 12132  5370  9037  8773  6230  3422  5324  8141  4028 10555
  7855  6905 12420  4704  6658] [] 1716178760.9427802563
[-1  1  1  1  1  1  1  1  1  1 -1  1  1  1  1  1 -1  1  1  1  1  1  1  1
 -1  1  1  1  1] [ 3 10 11 12 15 18 19 20 21 26 27 28 29 34 35 36 37 38 42 44 45 46 47 50
 51 53 54 55 61] [ 2231  7175  5570  8230 10453  7623  3284  6266  8868  7931 12461  9303
  5108  7691 12088  5295  9116  8694  6172  3356  5251  8059  4005 10555
  7871  6865 12419  4636  6638] [] 1716178760.9857037067
[ 1  1  1 -1 -1  1 -1  1 -1  1  1  1 -1 -1  1  1  1  1 -1 -1  1  1 -1  1
  1 -1 -1 -1  1] [ 3 10 11 12 15 18 19 20 21 26 27 28 29 34 35 36 37 38 42 44 45 46 47 50
 51 53 54 55 61] [ 2194  7167  5558  8233 10520  7610  3285  6071  8883  7899 12437  9092
  5130  7733 11992  5254  9044  8656  6193  3373  5190  8047  4014 10516
  7843  6875 12475  4664  6636] [] 1716178761.0287261009
[-1  1  1  1  1  1  1 -1  1 -1  1  1  1  1 -1  1 -1 -1 -1 -1 -1 -1 -1 -1
 -1  1 -1 -1] [ 3 10 11 12 15 18 19 20 21 26 27 28 29 34 35 36 37 38 42 44 45 46 47 51
 53 54 55 61] [ 2203  7111  5554  8220 10421  7561  3260  6258  8844  7940 12381  8989
  5080  7694 12080  5193  9066  8689  6437  3673  5595  8466  4113  7844
  6933 12452  4890  6731] [] 1716178761.0716958046
[-1  1 -1  1 -1 -1 -1  1  1  1  1 -1 -1  1  1 -1 -1  1 -1 -1 -1  1 -1 -1
 -1 -1 -1 -1] [ 3 10 11 12 15 18 19 20 21 26 27 28 29 34 35 36 37 38 42 44 45 46 47 51
 53 54 55 61] [ 2223  6994  5614  8174 10428  7681  3321  6190  8781  7874 11952  9358
  5093  7669 11792  5355  9069  8646  6636  3734  6139  8447  4278  8203
  7039 12642  5053  6770] [] 1716178761.1147553921
[-1 -1 -1 -1 -1  1 -1 -1 -1 -1  1 -1 -1 -1 -1 -1  1 -1 -1 -1 -1 -1 -1 -1
 -1 -1 -1 -1] [ 3 10 11 12 15 18 19 20 21 26 27 28 29 34 35 36 37 38 42 44 45 46 47 51
 53 54 55 61] [ 2229  7388  6113  8260 11022  7657  3325  6214  8803  7927 11150  9608
  5101  8706 11942  5412  9001  8736  6703  3852  6553  8476  4577  8345
  7228 12877  5300  6974] [] 1716178761.1577587128
[-1 -1 -1 -1 -1 -1 -1  1  1 -1  1 -1 -1  1 -1 -1 -1  1 -1 -1 -1  1 -1 -1
 -1 -1 -1 -1] [ 3 10 11 12 15 18 19 20 21 26 27 28 29 34 35 36 37 38 42 44 45 46 47 51
 53 54 55 61] [ 2309  7416  7238  8726 12501  7699  3350  6180  8762  8079 10084 10495
  5131  8656 13011  5661  9148  8713  6986  3906  7075  8476  4919  8501
  7431 13482  5705  7128] [] 1716178761.2005710602
[-1 -1 -1 -1  1 -1 -1  1 -1 -1 -1  1 -1 -1 -1 -1 -1 -1  1 -1 -1 -1 -1 -1
 -1 -1 -1 -1] [ 3 10 11 12 15 18 19 20 21 26 27 28 29 34 35 36 37 38 42 44 45 46 47 51
 53 54 55 61] [ 2335  7617  7741 11024 12489 10096  3374  6180 10574  8090 10822 10451
  5183  8761 13556  6491  9157  8807  6646  4062  7122  8561  5550  8560
  7583 14331  6661  7410] [] 1716178761.2437617779
[-1 -1 -1 -1  1 -1 -1 -1  1 -1 -1  1 -1 -1 -1 -1 -1 -1 -1 -1 -1 -1 -1 -1
 -1 -1 -1 -1] [ 3 10 11 12 15 18 19 20 21 26 27 28 29 34 35 36 37 38 42 44 45 46 47 51
 53 54 55 61] [ 2449  7632  8415 12152 12418 10306  3516  6264 10436  8289 11778 10395
  5420  8805 14774  7044  9355  8940  7171  4414  7313  8666  6031  8931
  7917 14595  7815  7777] [] 1716178761.2868237495
[-1 -1 -1 -1 -1 -1 -1 -1  1 -1  1  1 -1 -1 -1 -1 -1  1 -1  1  1 -1 -1  1
 -1 -1] [ 3 10 11 12 15 18 19 20 21 26 27 28 29 34 36 37 38 42 44 45 46 47 51 53
 55 61] [ 2581  8162  8824 14510 12532 10547  3687  6742 10318  8573 11701 10388
  5557  8971  7212 10029 10023  6971  4495  7175  8559  6333  9074  7636
 14295 14293] [] 1716178761.3297379017
[-1 -1 -1 -1  1 -1  1 -1  1 -1  1 -1  1 -1 -1 -1  1 -1 -1  1 -1 -1 -1 -1] [ 3 10 11 12 15 18 19 20 21 26 27 28 29 34 36 37 38 42 44 45 46 47 51 53] [ 2650  8421  8854 16238 12514 10549  3684  7093 10269  8605 11672 10431
  5518  9011  7755 10560  9985  8333  4545  7046  9869  6484 11361  8023] [] 1716178761.3726778030
[-1 -1 -1  1  1 -1 -1  1  1 -1  1 -1 -1 -1 -1 -1 -1 -1  1 -1 -1 -1 -1 -1] [ 3 10 11 12 15 18 19 20 21 26 27 28 29 34 35 36 37 38 42 44 45 46 47 53] [ 2809  8444  8876 16132 12365 10834  3797  6774 10266  8719 11637 10463
  5560 11474 14763  7909 11796 10146  8319  4718  7089 11300  6790  8482] [] 1716178761.4157197475
[-1 -1 -1 -1 -1 -1 -1  1  1 -1 -1 -1  1 -1 -1 -1  1 -1 -1 -1 -1 -1] [ 3 10 11 15 18 19 20 21 26 27 28 29 34 35 36 37 38 42 44 45 47 53] [ 2959  8755  8892 12551 11204  3903  7222 10188  8670 12196 10491  5638
 11271 16172  8030 11954 10118  9484  5044  8536  7921 10726] [] 1716178761.4587302208
[-1 -1  1  1 -1 -1  1 -1  1  1 -1 -1 -1 -1 -1 -1 -1  1 -1 -1] [ 3 10 11 15 19 20 21 26 27 28 29 34 36 37 38 42 44 45 47 53] [ 3455  9160  8699 12425  3907  7650 10172 10582 11962 10465  5740 11309
  8649 11978 10441 10009  5457  8466  8477 13595] [] 1716178761.5017402172
[-1 -1 -1 -1 -1 -1 -1 -1 -1 -1 -1 -1 -1 -1 -1 -1 -1  1 -1] [ 3 10 11 15 19 20 21 26 27 28 29 34 36 37 38 42 44 45 47] [ 3806 11227  8849 12438  4020  7784 10237 10836 12356 10627  6007 11412
  9271 12075 10965 10038  5636  8402  8565] [] 1716178761.5445692539
[-1 -1 -1 -1 -1 -1  1 -1 -1 -1 -1 -1 -1  1 -1 -1  1 -1] [ 3 10 11 15 19 20 21 26 27 28 29 34 36 37 42 44 45 47] [ 3907 12421  8874 12446  4135  7831 10223 11105 12357 10868  7361 11467
  9289 12028 10328  6755  8337  9635] [] 1716178761.5877153873
[-1 -1  1 -1  1 -1  1 -1  1 -1 -1 -1 -1 -1 -1 -1 -1] [ 3 10 11 15 19 20 21 27 28 29 34 36 37 42 44 45 47] [ 4224 13381  8822 12771  4129  7979 10203 12378 10727 10051 11611 11395
 12199 14598  7871  8395 14235] [] 1716178761.6306931973
[-1 -1  1 -1 -1 -1  1  1 -1  1 -1  1 -1 -1] [ 3 10 11 15 19 20 21 27 28 29 36 37 44 45] [ 4614 13718  8789 12961  4267  8074 10051 11836 10901  9150 11737 12173
 10353  8435] [] 1716178761.6736104488
[-1 -1 -1 -1 -1 -1  1 -1  1 -1 -1 -1 -1 -1] [ 3 10 11 15 19 20 21 27 28 29 36 37 44 45] [ 5385 15308  8828 13249  4279  8317 10004 12020 10627  9556 12011 12267
 12181  9565] [] 1716178761.7165968418
[-1  1  1 -1 -1 -1 -1 -1 -1 -1 -1 -1 -1 -1] [ 3 10 11 15 19 20 21 27 28 29 36 37 44 45] [ 5446 14614  8042 13726  4551  8503 10056 12272 10827 10144 12203 13247
 12259 11869] [] 1716178761.7596616745
[-1 -1 -1 -1 -1 -1 -1 -1  1 -1 -1  1] [ 3 11 15 19 20 21 27 28 29 36 44 45] [ 5464  8826 13830  4671  8561 10070 12407 10868 10060 12931 12491 11626] [] 1716178761.8026804924
[-1 -1  1 -1 -1 -1 -1 -1 -1 -1 -1] [ 3 11 15 19 20 21 27 28 29 44 45] [ 5771  8996 13609  5548  9117 10222 12525 11128 10225 12523 11965] [] 1716178761.8456511497
[-1 -1 -1 -1 -1 -1  1 -1 -1 -1  1] [ 3 11 15 19 20 21 27 28 29 44 45] [ 5867  9031 15352  6567 12171 10229 12519 11283 10296 12765 11759] [] 1716178761.8885734081
[-1 -1 -1 -1 -1 -1  1 -1  1 -1] [ 3 11 19 20 21 27 28 29 44 45] [ 6103  9144  7623 12712 10367 12835 11223 10494 12622 13095] [] 1716178761.9317443371
[-1 -1 -1 -1 -1 -1 -1  1  1] [ 3 11 19 20 21 27 28 29 45] [ 6696  9153  9014 13238 10391 12966 11344 10416 12109] [] 1716178761.9746353626
[-1  1 -1 -1 -1 -1 -1 -1] [ 3 11 19 20 21 28 29 45] [15364  9089  9717 13728 10522 11546 10583 13529] [] 1716178762.0176672935
[-1 -1 -1 -1  1 -1] [11 19 20 21 28 29] [ 9106  9724 16074 10591 11482 10836] [] 1716178762.0604953766
[ 1  1 -1 -1  1] [11 19 21 28 29] [ 9070  9700 10763 11659 10715] [] 1716178762.1036267281
[-1  1  1 -1 -1] [11 19 21 28 29] [ 9122  9597 10680 11864 10746] [] 1716178762.1465880871
[ 1 -1  1 -1 -1] [11 19 21 28 29] [ 9111  9682 10644 12146 10810] [] 1716178762.1895775795
[-1 -1 -1 -1 -1] [11 19 21 28 29] [ 9267  9769 10909 12593 11156] [] 1716178762.2325568199
[-1 -1 -1 -1 -1] [11 19 21 28 29] [ 9506 10090 11085 12693 11275] [] 1716178762.2756004333
[ 1  1 -1] [11 28 29] [ 9211 12334 11642] [] 1716178762.3186097145
[-1  1 -1] [11 28 29] [ 9570 12198 11763] [] 1716178762.3615708351
[-1  1] [11 28] [10131 11837] [] 1716178762.4045736790
[1] [28] [11597] [] 1716178762.4475536346
[-1] [28] [13673] [] 1716178762.4905283451
2 2 2 1716178762.6739463806
