FA TAX ADC PRES TS
[-1] [28] [11769] [] 1716178728.3103973866
[-1 -1] [11 28] [11664 11949] [] 1716178728.3533921242
[1 1] [11 28] [10513 11778] [] 1716178728.3963971138
[1 1] [11 28] [ 9841 11227] [] 1716178728.4394247532
[-1 -1 -1] [11 19 28] [10013 10866 11427] [] 1716178728.4825274944
[ 1  1 -1] [11 19 28] [ 9814 10571 11470] [] 1716178728.5255284309
[ 1  1  1 -1 -1] [11 19 28 29 44] [ 9781 10286 11383 12404 16283] [] 1716178728.5686419010
[ 1  1 -1  1  1] [11 19 28 29 44] [ 9707 10132 11420 12045 13807] [] 1716178728.6115169525
[ 1  1  1  1 -1] [11 19 28 29 44] [ 9563  9961 11311 11736 13952] [] 1716178728.6544094086
[-1 -1 -1  1  1] [11 19 28 29 44] [ 9564 10015 11423 11313 13443] [] 1716178728.6974990368
[ 1  1  1 -1  1] [11 19 28 29 44] [ 9469  9704 11417 11345 13143] [] 1716178728.7405598164
[ 1 -1 -1  1  1 -1] [11 19 20 28 29 44] [ 9366  9786 14420 11364 11107 13149] [] 1716178728.7835440636
[1 1 1 1 1 1] [11 19 20 28 29 44] [ 9357  9767 13846 11212 11076 12715] [] 1716178728.8265123367
[ 1 -1  1 -1  1  1] [11 19 20 28 29 44] [ 9228  9903 12223 11408 11017 12543] [] 1716178728.8695168495
[ 1  1  1  1  1 -1] [11 19 20 28 29 44] [ 9149  8979 11555 11223 10699 12589] [] 1716178728.9126763344
[-1 -1  1 -1 -1 -1 -1] [11 19 20 27 28 29 44] [ 9156  9006 11504 13362 11326 10846 12620] [] 1716178728.9555456638
[-1  1  1  1 -1  1  1] [11 19 20 27 28 29 44] [ 9172  8287 11429 13216 11376 10751 12183] [] 1716178728.9985098839
[ 1  1  1  1 -1  1 -1  1] [11 19 20 27 28 29 37 44] [ 9023  7525 11007 12695 11417 10584 16344 10158] [] 1716178729.0415418148
[-1  1 -1 -1 -1 -1  1  1] [11 19 20 27 28 29 37 44] [ 9092  7091 11071 12711 11590 10623 13168  8266] [] 1716178729.0844185352
[ 1  1  1  1 -1  1  1  1 -1] [11 19 20 27 28 29 37 44 45] [ 9012  6611 10987 12537 11771 10613 12214  7640 12636] [] 1716178729.1275100708
[ 1  1  1  1 -1 -1 -1  1  1 -1] [11 19 20 27 28 29 37 44 45 46] [ 8916  5947 10964 12454 11773 10627 12561  7464 12053 14261] [] 1716178729.1705791950
[-1 -1 -1  1  1 -1  1 -1 -1 -1  1  1] [ 3 11 15 19 20 27 28 29 37 44 45 46] [ 9916  9101 15020  5614 10700 12592 11761 10848 12694  7534 12012 14177] [] 1716178729.2135653496
[ 1 -1  1  1 -1 -1 -1  1  1  1  1  1  1] [ 3 11 15 19 20 26 27 28 29 37 44 45 46] [ 9715  9267 13938  5565 10708 13803 12610 11596 10802 12412  7283 11794
 11723] [] 1716178729.2565395832
[ 1  1  1  1  1  1  1  1  1  1  1  1  1 -1] [ 3 11 15 19 20 26 27 28 29 37 44 45 46 47] [ 8228  9084 13424  5295 10476 12915 12343 11371 10641 12310  6837 11617
 11203 13837] [] 1716178729.2995922565
[ 1  1  1  1  1 -1  1 -1  1  1 -1  1 -1  1 -1 -1] [ 3 11 15 19 20 26 27 28 29 37 42 44 45 46 47 53] [ 5946  9008 13334  5116 10342 13104 12320 11375 10567 12226 12685  6548
 11735  9433 14418 12191] [] 1716178729.3426017761
[ 1 -1 -1  1  1  1  1  1 -1  1  1  1  1  1  1  1] [ 3 11 15 19 20 26 27 28 29 37 42 44 45 46 47 53] [ 5775  9021 13483  5065 10183 12840 12291 11314 10605 12082 12132  6315
 11714  9419 10716 11894] [] 1716178729.3855676651
[ 1  1  1  1  1  1  1  1  1  1  1  1 -1  1  1  1] [ 3 11 15 19 20 26 27 28 29 37 42 44 45 46 47 53] [ 5625  8937 13217  4869  9967 12504 12291 11192 10588 11959  9050  6098
 11852  8337  9669 11467] [] 1716178729.4285762310
[ 1 -1  1 -1  1  1  1  1 -1  1 -1  1  1  1  1  1  1  1] [ 3 11 15 18 19 20 26 27 28 29 36 37 42 44 45 46 47 53] [ 5620  9085 12981 11944  4695  9926 12444 12282 11260 10534 12820 11648
  8429  6031 11744  7927  9225 10873] [] 1716178729.4715206623
[ 1  1  1  1  1  1  1 -1  1  1 -1  1 -1 -1  1  1  1  1  1] [ 3 11 15 18 19 20 26 27 28 29 34 36 37 42 44 45 46 47 53] [ 5539  9022 12746 11740  4612  9852 11196 12372 11064 10377 13878 12427
 11711  8555  5969 11720  7747  8508 10461] [] 1716178729.5145931244
[ 1 -1  1  1  1  1  1  1 -1 -1  1 -1 -1  1  1 -1  1 -1  1 -1 -1] [ 3 11 15 18 19 20 26 27 28 29 34 35 36 37 42 44 45 46 47 53 61] [ 5498  9058 12602 11584  4529  9015 10559 12220 11203 10416 12927 14879
 12461 11328  6877  6079 11692  7953  6600 10852  7609] [] 1716178729.5575983524
[ 1  1  1  1  1  1 -1  1  1  1  1  1  1 -1  1  1  1 -1  1  1  1] [ 3 11 15 18 19 20 26 27 28 29 34 35 36 37 42 44 45 46 47 53 61] [ 5442  8842 12556 11268  4228  7139 10660 11921  9854 10410 12064 13619
 12437 11583  5883  5653  9920  7997  6365 10374  7488] [] 1716178729.6005640030
[ 1  1 -1  1  1  1 -1  1  1  1 -1  1  1  1  1  1  1 -1  1 -1  1 -1 -1] [ 3 11 15 18 19 20 21 26 27 28 29 34 35 36 37 42 44 45 46 47 53 54 61] [ 5404  8026 12658 10935  4068  6960 13745 10655 11875  9565 10576 11781
 13462 12280 11497  5307  5584 10210  7597  6437 10316 15898  7543] [] 1716178729.6436426640
[-1 -1  1 -1 -1  1 -1  1  1 -1  1 -1  1 -1 -1 -1  1  1 -1  1  1 -1  1  1
  1] [ 2  3 11 15 18 19 20 21 26 27 28 29 34 35 36 37 42 44 45 46 47 51 53 54
 61] [13682  5451  7945 12905 10978  4023  6991 12767 10623 11951  9025 10619
 11719 13505 12453 11511  4726  5310 11933  7000  6025 11603 10106 12457
  7454] [] 1716178729.6865911484
[ 1  1  1 -1  1  1  1  1  1 -1  1  1 -1  1  1 -1  1  1 -1  1  1  1  1  1
  1] [ 2  3 11 15 18 19 20 21 26 27 28 29 34 35 36 37 42 44 45 46 47 51 53 54
 61] [13375  5256  7837 13062 10536  3845  6826 12400 10585 12172  9000 10541
 11779 13214 12429 11723  4564  5061 12008  6938  5550 10880  9765 12134
  7334] [] 1716178729.7295854092
[ 1  1 -1 -1 -1 -1  1  1  1  1 -1  1 -1  1 -1  1 -1 -1  1  1  1 -1  1 -1
  1 -1 -1  1] [ 2  3  7 11 15 18 19 20 21 26 27 28 29 34 35 36 37 38 42 44 45 46 47 51
 53 54 55 61] [13239  5119 10868  7985 13182 10608  3796  6820 11842  8448 12235  9000
 10604 11744 13364 12393 11890 12240  4221  5044  9096  7096  5423 11061
  8133 12218 10746  7325] [] 1716178729.7725703716
[-1  1  1  1 -1  1  1  1 -1  1 -1  1  1 -1 -1  1  1  1  1  1  1  1  1  1
  1  1  1  1] [ 2  3  7 11 15 18 19 20 21 26 27 28 29 34 35 36 37 38 42 44 45 46 47 51
 53 54 55 61] [13512  4758  9977  7957 13309 10538  3704  6627 12164  7958 12238  8201
  7251 11943 13515 12301 11689 10669  4007  4931  8907  7053  5206 10975
  7435 12152  9990  7269] [] 1716178729.8155639172
[ 1  1  1  1  1  1  1 -1 -1  1  1  1  1  1  1  1 -1  1  1  1  1  1  1  1
  1  1  1  1] [ 2  3  7 11 15 18 19 20 21 26 27 28 29 34 35 36 37 38 42 44 45 46 47 51
 53 54 55 61] [12890  4674  9813  7841 13125  8743  3544  6685 12212  7453 12182  7681
  6650  9332 13467 12165 11771  9006  3626  4764  8769  6906  4973 10149
  7246 12042  6851  7048] [] 1716178729.8585999012
[-1  1 -1 -1  1 -1  1  1  1  1  1 -1  1  1 -1  1 -1  1 -1  1  1  1  1  1
  1  1  1  1  1  1] [ 2  3  7 10 11 15 18 19 20 21 26 27 28 29 32 34 35 36 37 38 42 44 45 46
 47 51 53 54 55 61] [13509  4540 10125 15219  7712 13198  7866  3406  6547 11302  7086 12480
  7670  5295 16207  9317 13967 10697 11956  8850  3539  4642  8621  6866
  4686  9623  6416 11923  5841  6975] [] 1716178729.9016084671
[ 1  1  1  1  1 -1  1  1  1  1  1 -1  1  1  1  1  1  1  1  1  1  1  1  1
  1  1  1  1  1  1] [ 2  3  7 10 11 15 18 19 20 21 26 27 28 29 32 34 35 36 37 38 42 44 45 46
 47 51 53 54 55 61] [13299  4461  9433 15091  7674 13337  7165  3286  6318 11261  6709 12568
  6965  4973 15378  8454 13831  9651 11929  8630  3416  4473  8582  6410
  4650  8842  5501 11888  5387  6887] [] 1716178729.9445891380
[-1  1  1  1  1  1  1  1  1  1  1  1  1  1  1  1  1 -1 -1 -1  1  1  1 -1
  1  1  1  1  1  1] [ 2  3  7 10 11 15 18 19 20 21 26 27 28 29 32 34 35 36 37 38 42 44 45 46
 47 51 53 54 55 61] [13335  4395  8368 14915  7025 13133  7067  3182  6256 11037  6461 12468
  6822  4915 15276  8330 13401  9872 12018  8639  3323  4219  8549  6415
  4574  7141  5299 11888  5266  6758] [] 1716178729.9875922203
[ 1  1  1  1  1 -1  1  1  1  1  1  1  1  1  1  1  1  1  1  1  1  1  1  1
  1  1  1  1  1  1] [ 2  3  7 10 11 15 18 19 20 21 26 27 28 29 32 34 35 36 37 38 42 44 45 46
 47 51 53 54 55 61] [11056  4360  8195 11318  7006 13244  6918  3177  6213 10964  6275 12400
  6426  4877 15188  8247 13296  9464 11907  8612  3247  4125  8496  6361
  4562  5721  5272 11872  5211  6740] [] 1716178730.0305984020
[ 1  1 -1  1  1  1  1  1  1  1  1  1  1  1 -1  1  1 -1  1  1  1  1  1  1
  1  1  1 -1  1  1] [ 2  3  7 10 11 15 18 19 20 21 26 27 28 29 32 34 35 36 37 38 42 44 45 46
 47 51 53 54 55 61] [11051  4338  8204 11191  6987 13053  6649  3174  6114 10894  6230 12298
  6380  4847 15237  8213 13238  9542 10759  8533  3232  4095  8495  6335
  4538  5604  5230 11880  5141  6701] [] 1716178730.0736291409
[ 1 -1  1 -1  1  1  1  1 -1 -1 -1  1  1  1  1 -1  1 -1  1 -1 -1  1  1  1
  1 -1 -1  1 -1 -1] [ 2  3  7 10 11 15 18 19 20 21 26 27 28 29 32 34 35 36 37 38 42 44 45 46
 47 51 53 54 55 61] [10352  4365  8163 11278  6984 13040  6607  3148  6169 10902  6303 12176
  6265  4843 14207  8284 13232 10115 10644  8551  3340  4079  8456  6309
  4479  5611  5249 11852  5359  6715] [] 1716178730.1166367531
[ 1 -1  1  1  1  1 -1 -1  1 -1  1  1  1  1 -1 -1  1 -1  1  1 -1 -1 -1 -1
  1 -1 -1 -1 -1 -1] [ 2  3  7 10 11 15 18 19 20 21 26 27 28 29 32 34 35 36 37 38 42 44 45 46
 47 51 53 54 55 61] [10291  4377  8036 11244  6963 12937  7003  3183  6100 10914  6265 12156
  6219  4828 14731  8307 13147 10259 10617  8547  3514  4165  8470  6445
  4448  6278  5828 11920  6514  6847] [] 1716178730.1595988274
[-1  1 -1 -1 -1 -1 -1 -1 -1  1 -1 -1 -1 -1 -1 -1 -1 -1  1 -1 -1 -1 -1 -1
 -1 -1 -1 -1 -1 -1] [ 2  3  7 10 11 15 18 19 20 21 26 27 28 29 32 34 35 36 37 38 42 44 45 46
 47 51 53 54 55 61] [10900  4314  8431 15106  7025 12973  7456  3188  6143 10860  6467 12400
  6630  4867 15056  9285 13182 10751 10461  8558  3689  4178  8503  6802
  4455  6449  6511 11971  7841  6867] [] 1716178730.2026331425
[-1 -1 -1  1 -1  1 -1 -1  1  1 -1  1 -1 -1  1 -1 -1  1  1 -1 -1 -1 -1  1
  1 -1 -1  1 -1 -1] [ 2  3  7 10 11 15 18 19 20 21 26 27 28 29 32 34 35 36 37 38 42 44 45 46
 47 51 53 54 55 61] [11395  4347  8482 14945  7629 12954  7660  3247  6112 10850  6805 12358
  6833  4902 14606  9387 13322 10676 10256  8589  3880  4258  8583  6757
  4420  7887  6641 11901 12897  6897] [] 1716178730.2456252575
[-1  1 -1  1 -1 -1 -1 -1 -1 -1 -1 -1 -1 -1 -1  1  1 -1 -1 -1 -1 -1 -1  1
 -1 -1 -1  1 -1] [ 2  3  7 10 11 15 18 19 20 21 26 27 28 29 32 34 35 36 37 38 42 44 45 46
 47 51 53 54 61] [12754  4305  8937 14926  7633 12964  7735  3350  6182 10968  6967 12442
  7340  4942 14759  9369 13269 11813 10336  9074  4349  4374 11296  6735
  4498 11105  7019 11879  7170] [] 1716178730.2886033058
[-1 -1 -1  1 -1  1 -1 -1 -1 -1 -1  1 -1 -1  1 -1  1  1 -1 -1 -1 -1 -1 -1
 -1 -1 -1 -1 -1] [ 2  3  7 10 11 15 18 19 20 21 26 27 28 29 32 34 35 36 37 38 42 44 45 46
 47 51 53 54 61] [13294  4365 10009 14706  7677 12902  7957  3549  6243 10979  8827 12135
  7562  6255 14196 11908 13194 11787 11254 10442  5012  4564 11520  6804
  4912 11529  7903 12228  7400] [] 1716178730.3315985203
[ 1 -1 -1 -1  1  1 -1 -1 -1  1 -1 -1 -1 -1 -1 -1 -1  1 -1 -1 -1  1 -1  1
 -1 -1  1] [ 2  3  7 10 11 15 18 19 20 21 26 27 28 29 32 34 35 36 37 42 44 45 46 47
 53 54 61] [13159  4488 10200 15270  7663 12887 10348  3632  6352 10884  9023 12146
  7983  8276 14651 11956 13265 11715 11335  5586  4643 11464  6916  4766
  8685 15824  7337] [] 1716178730.3746237755
[ 1 -1 -1 -1  1  1 -1 -1  1 -1  1 -1 -1 -1  1  1 -1 -1 -1 -1  1  1 -1 -1
  1] [ 2  3  7 11 15 18 19 20 21 26 27 28 29 32 34 35 36 37 42 44 45 46 47 53
 61] [12968  5193 13154  7673 12557 10296  3673  6692 10839  9067 12084  8270
  9935 14975 11888 13003 11869 11419  7248  4878 11226  6855  5189 10047
  7317] [] 1716178730.4175474644
[ 1 -1 -1 -1 -1 -1 -1 -1 -1 -1 -1 -1  1 -1  1 -1  1 -1 -1  1 -1 -1  1] [ 2  3  7 11 15 18 19 20 21 26 27 28 29 34 35 36 37 42 44 45 46 47 53] [12966  5259 13161  7756 12648 10496  3745  6908 10858 10395 12122  9246
  9836 12145 12928 12218 11340  7741  5256 11014  7409  5668  9801] [] 1716178730.4605517387
[-1 -1 -1  1 -1 -1 -1 -1 -1 -1 -1 -1  1 -1 -1 -1 -1 -1  1 -1 -1  1] [ 2  3 11 15 18 19 20 21 26 27 28 29 34 35 36 37 42 44 45 46 47 53] [15966  5272  7826 12615 10680  3957  6994 10988 10495 12255  9725  9923
 12143 13336 12615 11451  7867  5518 11003  7418  5996  9464] [] 1716178730.5035512447
[ 1 -1 -1 -1 -1 -1 -1 -1 -1 -1 -1 -1 -1 -1  1  1 -1 -1 -1 -1 -1 -1] [ 2  3 11 15 18 19 20 21 26 27 28 29 34 35 36 37 42 44 45 46 47 53] [15902  5358  7881 12635 11056  4117  7018 11019 10529 12268 10731  9970
 12371 13423 12585 11361 11018  5791 11020  7515  6458 10471] [] 1716178730.5465781689
[ 1 -1  1 -1 -1 -1 -1 -1  1 -1 -1 -1 -1 -1 -1 -1 -1 -1] [ 2  3 11 15 19 20 21 26 27 28 29 36 37 44 45 46 47 53] [15694  5367  7846 12860  4180  7614 11155 12019 11869 11069 10038 12743
 11456  5871 11145  8016  7183 10938] [] 1716178730.5895154476
[ 1 -1 -1 -1 -1 -1 -1  1  1 -1 -1 -1 -1  1 -1 -1 -1] [ 3 11 15 19 20 21 26 27 28 29 36 37 44 45 46 47 53] [ 5296  7929 13044  4306  9580 11328 12291 11853 11018 10086 12897 11659
  5949 11108 11336  9898 13517] [] 1716178730.6325039864
[-1 -1 -1 -1 -1 -1 -1 -1  1 -1  1 -1  1  1  1 -1] [ 3 11 15 19 20 21 26 27 28 29 36 37 44 45 46 47] [ 5369  8936 13152  4432  9646 11726 12621 11977 10957 10105 12888 11740
  5933 11038 11335 14243] [] 1716178730.6755023003
[-1  1  1 -1 -1 -1 -1  1  1  1  1 -1 -1  1] [ 3 11 15 19 20 21 26 27 28 29 37 44 45 46] [ 5519  8859 13130  4553  9726 11885 13110 11959 10889 10073 11660  6505
 11435 11167] [] 1716178730.7185029984
[-1  1 -1 -1 -1 -1  1  1  1 -1  1 -1] [ 3 11 15 19 20 27 28 29 37 44 45 46] [ 5691  8785 13427  4827  9995 12240 10847  9951 11581  7230 11387 11390] [] 1716178730.7615089417
[-1 -1 -1 -1 -1 -1 -1 -1  1  1 -1 -1] [ 3 11 15 19 20 27 28 29 37 44 45 46] [ 8987  8844 14835  5042 10176 12408 11050 10095 11473  7179 11401 15453] [] 1716178730.8044919968
[-1  1 -1 -1  1  1 -1 -1 -1  1] [ 3 11 19 20 27 28 29 37 44 45] [ 9305  8830  5162 10323 12352 11029 10206 11819  8228  9671] [] 1716178730.8474647999
[ 1 -1 -1 -1  1 -1 -1 -1] [11 19 20 27 28 29 37 44] [ 8808  5637 10381 12566 11000 10328 12692  8886] [] 1716178730.8903267384
[-1 -1 -1 -1 -1  1 -1 -1] [11 19 20 27 28 29 37 44] [ 8843  5994 10435 12675 11050 10263 14463 10463] [] 1716178730.9333231449
[-1 -1 -1 -1 -1  1 -1] [11 19 20 27 28 29 44] [ 8879  6260 10731 12770 11102 10186 12066] [] 1716178730.9764335155
[ 1 -1 -1  1 -1 -1] [11 19 20 28 29 44] [ 8831  7583 11227 11051 10328 12511] [] 1716178731.0195884705
[-1 -1 -1 -1 -1 -1] [11 19 20 28 29 44] [ 8839  8820 11430 11059 10390 12694] [] 1716178731.0625739098
[-1 -1 -1 -1 -1 -1] [11 19 20 28 29 44] [ 8957  9548 12097 11064 10522 12730] [] 1716178731.1056129932
[-1 -1 -1 -1 -1 -1] [11 19 20 28 29 44] [ 8994  9643 12426 11184 10712 12758] [] 1716178731.1486198902
[-1 -1 -1  1 -1 -1] [11 19 20 28 29 44] [ 9078  9676 16158 10979 11100 12763] [] 1716178731.1915969849
[-1 -1 -1 -1 -1] [11 19 28 29 44] [ 9147  9711 11140 11316 13046] [] 1716178731.2345888615
[-1 -1 -1 -1] [11 19 28 29] [ 9224  9868 11452 11754] [] 1716178731.2775931358
[-1 -1  1 -1] [11 19 28 29] [ 9306 10039 11408 12042] [] 1716178731.3205511570
[1 1] [11 28] [ 9206 11021] [] 1716178731.3635535240
[-1 -1] [11 28] [ 9465 11187] [] 1716178731.4064898491
[-1 -1] [11 28] [ 9855 11625] [] 1716178731.4494976997
[1] [28] [11557] [] 1716178731.4924697876
[-1] [28] [12286] [] 1716178731.5355381966
2 2 2 1716178731.7557048798
