FA TAX ADC PRES TS
[-1] [11] [10116] [] 1716179518.5711278915
[1] [11] [10020] [] 1716179518.6140892506
[1] [11] [9996] [] 1716179518.6571335793
[1] [11] [9630] [] 1716179518.7001674175
[1] [11] [9210] [] 1716179518.7431693077
[-1 -1] [11 28] [ 9353 12091] [] 1716179518.7861592770
[-1  1 -1] [11 28 29] [ 9450 11674 12069] [] 1716179518.8291716576
[1 1 1] [11 28 29] [ 9320 11292 11733] [] 1716179518.8720710278
[ 1 -1  1  1] [11 20 28 29] [ 8998 15333 10949 11533] [] 1716179518.9151983261
[-1 -1  1 -1  1] [ 3 11 20 28 29] [ 9955  9223 13122 11222 11260] [] 1716179518.9581155777
[ 1 -1 -1  1 -1  1] [ 3 11 19 20 28 29] [ 8679  9300 10247 13049 11340 11212] [] 1716179519.0012755394
[1 1 1 1 1 1] [ 3 11 19 20 28 29] [ 8267  9187  9817 12322 11006 10971] [] 1716179519.0442090034
[ 1  1  1  1 -1  1] [ 3 11 19 20 28 29] [ 7956  9087  9549 11735 11059 10708] [] 1716179519.0872151852
[1 1 1 1 1 1] [ 3 11 19 20 28 29] [ 7701  8956  7297 11601 11026 10441] [] 1716179519.1302709579
[ 1 -1  1  1 -1  1  1] [ 3 11 19 20 21 28 29] [ 5700  9069  5874 11367 11137 10760  9017] [] 1716179519.1730129719
[1 1 1 1 1 1 1] [ 3 11 19 20 21 28 29] [ 5469  8876  4932 10595 10639 10731  8913] [] 1716179519.2161688805
[ 1  1  1  1  1 -1 -1  1 -1] [ 3 11 19 20 21 27 28 29 44] [ 5411  8869  4803 10498 10580 12893 10806  8745 13647] [] 1716179519.2591810226
[ 1  1  1  1  1 -1  1 -1 -1  1] [ 3 11 19 20 21 23 27 28 29 44] [ 5281  8832  4710 10414 10496 15330 12599 10834  9082 12795] [] 1716179519.3021111488
[ 1  1  1  1  1 -1  1 -1  1 -1  1] [ 3 11 19 20 21 23 27 28 29 36 44] [ 5051  8769  4459 10042 10209 15519 12460 11122  7078 10774 12689] [] 1716179519.3451473713
[ 1  1  1  1  1 -1 -1  1  1  1 -1] [ 3 11 19 20 21 23 27 28 29 36 44] [ 4512  8666  4355  9838 10060 15737 12504 10132  6850 10387 12883] [] 1716179519.3881733418
[-1 -1  1  1  1  1  1  1  1 -1  1  1 -1] [ 3 11 19 20 21 23 27 28 29 35 36 44 45] [ 4624  8700  4173  8459 10011 15106 12426  9489  6703 13170 10334 12579
 11778] [] 1716179519.4312529564
[-1  1  1  1  1  1  1  1  1  1  1  1  1] [ 3 11 19 20 21 23 27 28 29 35 36 44 45] [ 4886  8637  4008  7904  9775 14409 12244  8846  6495 12325  9001 10363
  9402] [] 1716179519.4741837978
[ 1 -1 -1 -1  1  1  1  1 -1  1  1  1  1  1 -1  1  1] [ 3  4 10 11 19 20 21 23 26 27 28 29 35 36 37 44 45] [ 4387 13802 15707  8906  3999  6827  9755 13706 13595 12164  8703  6392
 11490  7938 16382  7032  8851] [] 1716179519.5171847343
[ 1  1  1  1 -1 -1  1  1 -1  1 -1  1  1  1  1  1  1  1] [ 3  4 10 11 18 19 20 21 23 26 27 28 29 35 36 37 44 45] [ 4325 12213 15383  8886 12206  4174  6542  9732 13789 12936 12238  7700
  5351 10637  6462 11608  5662  8696] [] 1716179519.5602154732
[ 1  1 -1  1 -1  1  1  1  1  1  1  1  1  1  1  1  1  1  1] [ 3  4 10 11 15 18 19 20 21 23 26 27 28 29 35 36 37 44 45] [ 4213 11133 15448  7762 15059  7884  4058  6416  9705 13463 12836  9966
  7272  5139 10296  5699 11275  5231  7007] [] 1716179519.6032447815
[ 1 -1  1 -1  1  1 -1  1  1  1 -1  1  1 -1 -1  1  1  1  1 -1 -1] [ 3  4 10 11 15 18 19 20 21 23 26 27 28 29 34 35 36 37 44 45 52] [ 3989 11436 12957  7812 13924  7681  4068  6240  9642 13461 12891  9853
  6043  5194 11915 10024  5170 10283  4856  7197 14927] [] 1716179519.6463038921
[-1  1 -1  1 -1  1  1  1 -1 -1  1  1  1  1 -1  1 -1  1  1 -1  1 -1  1] [ 3  4 10 11 15 18 19 20 21 23 26 27 28 29 32 34 35 36 37 42 44 45 52] [ 4025 10985 13119  7568 14062  6202  4014  6208  9798 13508 11043  9725
  5524  5060 13956 11737 10431  4762  9208 13213  4735  7199 14317] [] 1716179519.6892862320
[-1 -1  1 -1  1  1  1 -1  1  1  1  1  1  1  1  1  1  1  1 -1  1  1 -1 -1
  1 -1] [ 2  3  4 10 11 15 18 19 20 21 23 26 27 28 29 32 34 35 36 37 42 44 45 46
 52 53] [14762  4067 10606 14491  6242 13659  5745  4036  6147  9733 13451 10841
  9714  5405  5053 12973  9332 10361  4739  9402 12157  4594  8886 11307
 12421 12043] [] 1716179519.7322614193
[ 1  1  1 -1  1  1  1  1  1 -1 -1  1  1  1  1 -1  1 -1  1  1 -1  1  1  1
  1  1  1] [ 2  3  4 10 11 15 18 19 20 21 23 26 27 28 29 32 34 35 36 37 38 42 44 45
 46 52 53] [12475  3965 10587 14943  5567 13403  5105  3979  6064  9797 13518  9101
  9661  5184  4735 13103  9242 10859  4535  8613 10764  9989  4467  8769
 10858 11595 11188] [] 1716179519.7753021717
[ 1  1 -1  1  1  1  1  1  1  1 -1  1 -1  1  1  1  1  1  1  1  1  1  1 -1
  1 -1  1  1] [ 2  3  4 10 11 15 18 19 20 21 23 26 27 28 29 32 34 35 36 37 38 42 44 45
 46 47 52 53] [12172  3810 10617 14615  4639 13366  4985  3823  5697  9754 13605  9085
  9854  4647  4557 12138  9138 10251  4185  8424 10543  9162  4187  8790
 10671 13494 11527 11077] [] 1716179519.8183426857
[ 1  1 -1  1  1  1  1  1  1  1 -1  1 -1  1 -1  1 -1  1  1 -1  1  1  1 -1
  1  1  1 -1 -1] [ 2  3  4 10 11 15 18 19 20 21 23 26 27 28 29 32 34 35 36 37 38 42 44 45
 46 47 52 53 61] [11753  3707 10662 14383  4173 13215  4845  3721  5591  9737 13638  8841
  9890  4573  4607 11424  9150 10230  4068  8431  9204  8051  3949  8901
  9097  7335  9535 11128  9475] [] 1716179519.8612883091
[ 1  1  1  1  1  1  1  1  1 -1  1  1  1  1  1  1 -1  1  1  1  1  1  1  1
  1  1  1  1 -1  1] [ 2  3  4 10 11 15 18 19 20 21 23 26 27 28 29 32 34 35 36 37 38 42 44 45
 46 47 52 53 54 61] [11638  3486 10175 11205  3731 13211  4725  3574  5209  9764 13416  8445
  9808  3955  4474 10919  9151  9719  3807  8194  8909  6098  3818  8887
  8580  6069  9338 10095 12580  7625] [] 1716179519.9043366909
[-1  1 -1  1  1 -1  1  1  1 -1  1  1  1  1  1  1  1  1  1  1  1  1  1  1
 -1  1 -1  1  1  1  1] [ 2  3  4 10 11 15 18 19 20 21 23 26 27 28 29 32 34 35 36 37 38 42 44 45
 46 47 51 52 53 54 61] [11765  3486 10285 10962  3624 13255  4625  3507  4645  9868 13416  7963
  9783  3524  4334 10147  8225  9483  3670  8127  8672  5488  3735  8864
  9278  5652 14973  8968  9786 12104  7431] [] 1716179519.9473612309
[ 1  1  1  1  1 -1  1  1  1  1  1  1  1  1  1  1  1  1  1  1  1  1  1  1
  1  1  1  1  1  1  1] [ 2  3  4 10 11 15 18 19 20 21 23 26 27 28 29 32 34 35 36 37 38 42 44 45
 46 47 51 52 53 54 61] [11268  3267 10236 10383  3419 13435  4471  3432  4354  9848 13363  6826
  9667  3351  4295  8670  8011  9479  3524  7998  8574  5292  3607  8611
  7574  5134 12141  8553  8002 11921  7218] [] 1716179519.9903748035
[ 1  1 -1  1  1 -1  1  1  1  1 -1 -1  1 -1  1  1  1  1  1  1  1  1  1  1
  1  1  1  1  1  1  1  1] [ 2  3  4 10 11 15 18 19 20 21 23 24 26 27 28 29 32 34 35 36 37 38 42 44
 45 46 47 51 52 53 54 61] [ 7815  3232 10570 10213  3309 14063  4053  3356  4188  9792 13450 14972
  6020  9768  3258  4149  7840  6971  7868  3305  7666  8521  4891  3467
  6179  6877  4706 11049  7204  7548  9540  7078] [] 1716179520.0333573818
[ 1  1  1 -1  1  1 -1  1  1  1 -1  1  1  1 -1  1  1  1  1 -1  1  1  1  1
  1  1  1 -1  1  1  1  1 -1  1] [ 2  3  4  7 10 11 15 18 19 20 21 23 24 26 27 28 29 32 34 35 36 37 38 42
 44 45 46 47 51 52 53 54 55 61] [ 7393  3009 10430 13609  9305  2924 14163  3863  3288  4105  9844 13430
 12295  5623  9813  3099  4135  7339  6751  8045  3183  7459  8468  4670
  3370  5753  6740  4743 10879  7024  7207  9336  9383  6926] [] 1716179520.0763678551
[ 1  1 -1  1  1  1  1  1  1  1 -1 -1  1  1 -1  1  1  1  1  1  1  1  1 -1
  1  1  1  1  1  1  1  1  1  1] [ 2  3  4  7 10 11 15 18 19 20 21 23 24 26 27 28 29 32 34 35 36 37 38 42
 44 45 46 47 51 52 53 54 55 61] [ 7336  2853 10453 13227  9281  2815 13653  3725  3225  4050  9898 13484
 12273  5247  9944  2829  4047  7153  6700  7716  3107  7407  8459  4708
  3327  5598  6626  4679 10769  6910  7191  9318  9367  6884] [] 1716179520.1193969250
[ 1  1 -1  1  1  1  1  1  1 -1  1  1  1 -1  1  1  1  1  1  1  1  1  1  1
  1  1  1  1 -1  1  1  1  1 -1] [ 2  3  4  7 10 11 15 18 19 20 21 23 24 26 27 28 29 32 34 35 36 37 38 42
 44 45 46 47 51 52 53 54 55 61] [ 7281  2838 10466 13127  9078  2780 13594  3703  3220  4071  9804 13431
 12183  5335  9828  2789  3906  7004  6657  7709  3039  7404  8431  4643
  3291  5485  6589  4629 10783  6874  6982  9243  9000  6892] [] 1716179520.1623747349
[ 1  1 -1  1 -1  1  1  1 -1  1 -1 -1 -1  1 -1  1  1  1  1  1  1 -1 -1  1
  1  1  1  1  1  1  1 -1  1  1] [ 2  3  4  7 10 11 15 18 19 20 21 23 24 26 27 28 29 32 34 35 36 37 38 42
 44 45 46 47 51 52 53 54 55 61] [ 7273  2826 10509 13071  9119  2731 13453  3681  3225  4023  9841 13580
 12199  4723  9856  2755  3897  6971  6656  7693  2975  7561  8455  4546
  3267  5436  6549  4609 10715  6840  6923  9353  8681  6793] [] 1716179520.2053439617
[ 1  1 -1  1  1  1  1  1  1 -1  1  1  1  1  1  1  1  1  1 -1 -1  1  1  1
 -1  1  1  1 -1  1 -1  1  1] [ 2  3  4  7 10 11 15 18 19 20 21 23 24 26 27 28 29 32 34 35 36 37 38 42
 44 45 46 47 51 52 53 54 61] [ 7259  2803 10603 13037  9118  2693 13331  3679  3179  4025  9776 13428
 12136  4695  9736  2751  3843  6822  6638  7751  2983  7545  8383  4482
  3268  5431  6507  4430 10780  6833  6928  8970  6771] [] 1716179520.2484371662
[-1  1  1 -1  1  1  1 -1 -1  1  1  1 -1 -1  1 -1  1  1  1  1  1 -1  1 -1
 -1 -1 -1 -1 -1 -1 -1 -1 -1] [ 2  3  4  7 10 11 15 18 19 20 21 23 24 26 27 28 29 32 34 35 36 37 38 42
 44 45 46 47 51 52 53 54 61] [ 7270  2801 10579 13090  9002  2693 13311  3703  3221  4016  9700 13365
 12217  4907  9722  2755  3831  6760  6626  7738  2947  7693  8379  4772
  3391  5801  6604  4673 10862  7159  7070 11459  7016] [] 1716179520.2913248539
[-1 -1 -1 -1 -1 -1  1 -1 -1 -1  1  1 -1 -1  1 -1 -1 -1 -1 -1 -1 -1  1 -1
 -1 -1 -1 -1 -1 -1 -1 -1 -1] [ 2  3  4  7 10 11 15 18 19 20 21 23 24 26 27 28 29 32 34 35 36 37 38 42
 44 45 46 47 51 52 53 54 61] [ 7397  2835 10607 13422  9181  2795 13195  3783  3222  4061  9682 13345
 12379  5351  9679  2875  4023  6961  6840  7986  3048  7997  8338  5596
  3567  6905  7839  5212 11302  8760  7501 11770  7406] [] 1716179520.3343946934
[-1 -1  1 -1 -1  1 -1 -1 -1 -1 -1 -1 -1 -1 -1  1 -1 -1 -1 -1  1 -1 -1  1
 -1  1 -1 -1 -1 -1 -1] [ 2  3  4 10 11 15 18 19 20 21 23 24 26 27 28 29 32 34 35 36 37 38 42 44
 45 46 47 52 53 54 61] [ 7591  3039 10570  9246  3161 13183  3979  3286  4162  9699 13384 13045
  5655  9733  3077  3999  7402  7045  8154  3189  7855  8374  6517  3559
  7078  7839  5444  8873  8230 12170  7494] [] 1716179520.3773567677
[-1 -1  1 -1 -1 -1 -1 -1  1  1  1 -1  1 -1 -1  1 -1 -1 -1  1 -1 -1 -1 -1
 -1 -1 -1 -1] [ 2  3  4 10 11 15 18 19 20 21 23 26 27 28 29 32 34 35 36 37 38 42 44 45
 46 47 52 53] [ 9670  3051 10508  9415  3196 13255  4191  3326  4153  9676 13324  6127
  9698  3178  4039  7332  7111  8995  3250  7696  8427  8076  3654  8405
  8830  7913 10097  8617] [] 1716179520.4203493595
[ 1 -1 -1 -1 -1 -1 -1 -1 -1 -1  1 -1  1 -1 -1 -1 -1  1 -1 -1 -1 -1 -1 -1
 -1 -1 -1] [ 2  3  4 10 11 15 18 19 20 21 23 26 27 28 29 32 34 35 36 37 38 42 44 45
 46 52 53] [ 9409  3375 10547  9734  3455 13503  4459  3396  4379  9693 13312  7421
  9622  3431  4077  7859  8319  8660  3316  7783  8598 10297  3783  8466
 10637 10971  8817] [] 1716179520.4633259773
[-1 -1 -1 -1 -1 -1 -1 -1 -1  1  1 -1 -1 -1 -1 -1 -1  1 -1  1 -1 -1 -1 -1
 -1 -1 -1] [ 2  3  4 10 11 15 18 19 20 21 23 26 27 28 29 32 34 35 36 37 38 42 44 45
 46 52 53] [11151  3536 10676 10330  3563 13783  4706  3480  4939  9568 13220  8146
  9626  3917  4319  8317  9111  8587  3530  7524  9922 11585  3998  8525
 10877 12087 11269] [] 1716179520.5063278675
[-1 -1 -1 -1 -1  1 -1 -1 -1 -1  1 -1 -1 -1 -1 -1 -1  1 -1 -1 -1  1  1 -1] [ 2  3  4 10 11 15 18 19 20 21 23 26 27 28 29 32 34 35 36 37 38 44 45 52] [11194  3586 10726 11135  4155 13389  4798  3555  5741  9593 13152  8525
  9674  4185  4438  8453  9237  8394  3773  7704 10048  3949  8133 12347] [] 1716179520.5493280888
[ 1 -1  1 -1 -1  1 -1 -1  1 -1  1 -1 -1 -1 -1 -1  1 -1 -1 -1 -1 -1] [ 2  3  4 10 11 15 18 19 20 21 23 26 27 28 29 32 34 35 36 37 44 45] [11027  3679 10417 11527  4571 13163  4979  3612  5408  9596 13020  8822
  9785  4433  4479  9588  9100  8480  4046  7935  4085  8191] [] 1716179520.5923216343
[-1 -1 -1 -1 -1  1 -1 -1 -1  1  1 -1  1 -1  1 -1 -1 -1 -1 -1 -1 -1] [ 2  3  4 10 11 15 18 19 20 21 23 26 27 28 29 32 34 35 36 37 44 45] [11234  4082 10574 12524  5448 12788  5271  3709  5788  9461 12795 12042
  9770  4748  4455 11914 11300  8910  4282  7968  4436  8363] [] 1716179520.6354322433
[-1 -1  1 -1 -1 -1 -1  1 -1  1 -1 -1  1 -1 -1  1 -1  1 -1 -1] [ 2  3  4 10 11 15 18 19 20 21 23 26 27 28 29 35 36 37 44 45] [14085  4161 10429 12787  6466 13032  6450  3708  5969  9448 12796 12517
  9470  5060  4529  8889  4659  7773  4776  8524] [] 1716179520.6783642769
[ 1  1 -1 -1 -1 -1 -1 -1 -1 -1 -1 -1  1 -1 -1 -1 -1 -1 -1 -1] [ 2  3  4 10 11 15 18 19 20 21 23 26 27 28 29 35 36 37 44 45] [13448  4155 10516 14771  7676 13105 10418  3784  6021  9490 12829 12810
  9351  5383  4687  9004  5079  8383  5650  9107] [] 1716179520.7214124203
[-1  1 -1 -1  1  1 -1 -1  1  1 -1 -1 -1 -1 -1 -1 -1] [ 2  3  4 10 11 19 20 21 23 27 28 29 35 36 37 44 45] [14298  4151 10632 15364  7540  3775  6253  9563 12734  9173  6101  4787
  9731  5581  9458  9057 12001] [] 1716179520.7643105984
[-1 -1 -1 -1 -1 -1 -1 -1 -1 -1 -1 -1 -1 -1 -1 -1 -1] [ 2  3  4 10 11 19 20 21 23 27 28 29 35 36 37 44 45] [14511  4203 11115 15498  7559  3949  6319  9605 12895  9872  7978  4909
 10686  6543  9918 10997 12523] [] 1716179520.8073451519
[ 1  1 -1  1 -1 -1  1 -1 -1 -1 -1 -1 -1 -1 -1] [ 2  3  4 11 19 20 21 23 27 28 29 35 36 37 44] [14459  4197 11523  7510  4079  6553  9586 13186 12225  9021  5771 10858
  9113 12479 13050] [] 1716179520.8502767086
[-1  1 -1 -1 -1 -1 -1 -1 -1 -1  1 -1  1] [ 2  3  4 11 19 20 21 23 27 28 29 35 36] [15011  4167 14978  7565  4125  8053  9670 13246 12363  9247  5730 14817
  8903] [] 1716179520.8933265209
[-1 -1 -1 -1 -1 -1  1  1 -1 -1 -1] [ 2  3 11 19 20 21 23 27 28 29 36] [15341  4289  7659  4285  9604  9707 13039 12261 10863  5818  9942] [] 1716179520.9362981319
[-1 -1 -1 -1 -1 -1 -1  1 -1 -1] [ 3 11 19 20 21 23 27 28 29 36] [ 4554  7789  4440  9791  9771 13234 12506 10847  6098 10439] [] 1716179520.9792530537
[-1  1  1 -1 -1 -1  1 -1] [ 3 11 19 20 21 23 28 29] [ 4903  7735  4431  9934  9798 13495 10586  8352] [] 1716179521.0222132206
[-1 -1 -1 -1 -1 -1 -1] [ 3 11 19 20 21 28 29] [ 5393  8781  5048 10194  9975 10604  9743] [] 1716179521.0651860237
[-1 -1 -1 -1 -1 -1 -1] [ 3 11 19 20 21 28 29] [ 5478  8857  8878 10580 10071 10769 10187] [] 1716179521.1082007885
[-1 -1 -1 -1 -1 -1 -1] [ 3 11 19 20 21 28 29] [ 7559  8917  9591 11086 10465 10887 10387] [] 1716179521.1512014866
[-1  1 -1 -1  1 -1] [ 3 11 20 21 28 29] [ 7581  8871 11374 15437 10600 10752] [] 1716179521.1942124367
[-1 -1 -1 -1] [11 20 28 29] [ 8908 11887 10894 10879] [] 1716179521.2372279167
[-1 -1 -1 -1] [11 20 28 29] [ 9202 12617 11482 11456] [] 1716179521.2802412510
[1] [11] [8849] [] 1716179521.3232121468
[-1] [11] [9273] [] 1716179521.3661596775
[-1] [11] [9676] [] 1716179521.4091360569
[-1] [11] [9877] [] 1716179521.4521532059
2 2 2 1716179521.5127708912
