FA TAX ADC PRES TS
[1] [11] [10492] [] 1716179914.4046044350
[1] [11] [10360] [] 1716179914.4476516247
[1] [11] [10310] [] 1716179914.4907755852
[1] [11] [9979] [] 1716179914.5337567329
[1] [11] [9374] [] 1716179914.5767340660
[1] [11] [9246] [] 1716179914.6197502613
[1] [11] [9041] [] 1716179914.6627221107
[1] [11] [8896] [] 1716179914.7057058811
[-1 -1] [11 28] [ 8958 11650] [] 1716179914.7486515045
[-1 -1  1] [11 19 28] [ 9057 11458 11532] [] 1716179914.7918467522
[1 1 1] [11 19 28] [ 9005  9866 11115] [] 1716179914.8346772194
[-1 -1  1  1] [ 3 11 19 28] [ 9651  9125  9667 10990] [] 1716179914.8777930737
[1 1 1 1] [ 3 11 19 28] [ 8426  9067  9594 10938] [] 1716179914.9205908775
[1 1 1 1] [ 3 11 19 28] [ 8132  9032  9466 10881] [] 1716179914.9636318684
[1 1 1 1] [ 3 11 19 28] [ 7644  8993  9464 10783] [] 1716179915.0067961216
[ 1 -1  1 -1  1] [ 3 11 19 20 28] [ 5848  9013  9281 15365 10705] [] 1716179915.0498130322
[ 1 -1  1  1 -1 -1] [ 3 11 19 20 27 28] [ 5808  9083  7977 15023 12908 10781] [] 1716179915.0925576687
[1 1 1 1 1 1] [ 3 11 19 20 27 28] [ 5604  9023  7676 13405 12899 10758] [] 1716179915.1356213093
[ 1  1  1  1  1 -1 -1] [ 3 11 19 20 27 28 29] [ 5556  8964  7190 12162 12595 10865 11908] [] 1716179915.1785600185
[ 1  1  1  1  1 -1  1] [ 3 11 19 20 27 28 29] [ 5462  8932  6665 11885 12485 10897 11754] [] 1716179915.2215175629
[ 1  1  1  1 -1 -1 -1  1] [ 3 11 19 20 21 27 28 29] [ 5309  8917  6293 11391 14211 12534 11089 11633] [] 1716179915.2645189762
[-1  1  1  1  1 -1  1  1  1 -1] [ 3 11 19 20 21 26 27 28 29 42] [ 5321  8912  5966 11054 11295 15177 12422 11009 11369 14622] [] 1716179915.3075227737
[ 1  1  1  1  1  1  1 -1  1  1 -1] [ 3 11 19 20 21 26 27 28 29 42 44] [ 4463  8733  5724 10894 11057 14888 12284 11084 11141 11570 13299] [] 1716179915.3504106998
[ 1 -1  1  1  1  1  1 -1  1  1  1] [ 3 11 19 20 21 26 27 28 29 42 44] [ 4302  8786  5346 10696 10814 14745 12155 11099 11011 10847 13104] [] 1716179915.3933808804
[ 1  1  1  1  1  1 -1  1  1  1  1] [ 3 11 19 20 21 26 27 28 29 42 44] [ 4202  8723  4959 10476 10673 13938 12204 10876 10887 10243 12647] [] 1716179915.4363949299
[ 1  1  1  1  1 -1  1  1  1  1  1] [ 3 11 19 20 21 26 27 28 29 42 44] [ 4186  8572  4702 10362 10633 13979 12154 10585 10663  9790 12477] [] 1716179915.4794120789
[1 1 1 1 1 1 1 1 1 1 1] [ 3 11 19 20 21 26 27 28 29 42 44] [ 4046  8503  4536 10270 10436 13619 12067 10537 10538  9510 12133] [] 1716179915.5224149227
[ 1  1  1  1  1  1 -1 -1 -1  1 -1] [ 3 11 19 20 21 26 27 28 29 42 44] [ 4024  8455  4403 10072 10323 11677 12161 10556 10611  8605 12324] [] 1716179915.5653855801
[ 1 -1 -1  1  1  1  1 -1  1  1 -1  1 -1] [ 3  4 11 19 20 21 26 27 28 29 34 42 44] [ 3886 14931  8537  4270 10050 10199  9313 12413 10497 10521 12822  8444
 12432] [] 1716179915.6084187031
[ 1  1  1 -1  1  1  1  1 -1 -1  1  1 -1  1 -1] [ 3  4 11 18 19 20 21 26 27 28 29 34 36 42 44] [ 3788 14107  8505 11078  4231  9979 10036  9240 12562 10585 10324 11491
 13049  8327 12589] [] 1716179915.6514291763
[-1  1 -1  1  1  1  1 -1  1  1  1  1  1  1  1] [ 3  4 11 18 19 20 21 26 27 28 29 34 36 42 44] [ 3795 13608  8516 10686  4054  9635  9951 10110 12296 10499 10310 10407
 12529  7678 11307] [] 1716179915.6944341660
[-1  1  1  1  1  1  1  1  1 -1  1  1  1 -1  1  1] [ 1  3  4 11 18 19 20 21 26 27 28 29 34 36 42 44] [16319  3694 12990  7722 10221  3868  9001  9863  9222 12506 10473 10185
  8777 12571  7448  9484] [] 1716179915.7374081612
[ 1  1  1  1  1  1  1  1 -1  1  1  1  1  1  1  1 -1] [ 1  3  4 11 18 19 20 21 26 27 28 29 34 36 42 44 45] [15667  3650 11620  7455 10160  3793  7941  9793  9789 12318  9674 10163
  8654 12543  7231  8297 11678] [] 1716179915.7804100513
[-1  1  1 -1 -1  1  1  1  1  1  1  1 -1  1  1 -1  1  1  1] [ 1  3  4 10 11 18 19 20 21 26 27 28 29 34 36 37 42 44 45] [15832  3524 11080 14448  7511 10144  3738  6914  9659  9613 12296  9524
 10177  8573 12541 16362  7004  6847 11670] [] 1716179915.8234472275
[ 1  1  1  1  1  1  1  1 -1  1  1  1 -1  1 -1  1  1  1  1] [ 1  3  4 10 11 18 19 20 21 26 27 28 29 34 36 37 42 44 45] [15726  3182 10565 12481  7331  9830  3651  6805  9807  8827 11770  8910
 10326  8445 12757 12983  6751  5618 10416] [] 1716179915.8664698601
[1 1 1 1 1 1 1 1 1 1 1 1 1 1 1 1 1 1 1] [ 1  3  4 10 11 18 19 20 21 26 27 28 29 34 36 37 42 44 45] [15189  3124 10357 10412  7328  7345  3626  6581  9643  8649 11747  8046
  7820  8439 12241 12745  6657  5483  7964] [] 1716179915.9093821049
[ 1  1  1  1 -1  1  1 -1 -1 -1 -1 -1  1  1  1  1  1  1  1  1] [ 1  3  4 10 11 18 19 20 21 23 26 27 28 29 34 36 37 42 44 45] [15144  2965 10215  9970  7389  7287  3609  6649  9725 14950  9465 11836
  7625  7645  8306 12141 12342  6453  5251  7760] [] 1716179915.9523324966
[-1 -1 -1  1 -1  1 -1  1  1 -1  1  1  1  1  1  1 -1  1  1  1  1  1] [ 1  2  3  4 10 11 18 19 20 21 23 26 27 28 29 34 35 36 37 42 44 45] [15313 10927  2975 10155  9997  6579  7301  3571  6524  9766 14461  8123
  9618  6956  7462  8212 16037 11819 11573  5476  4639  6683] [] 1716179915.9954326153
[1 1 1 1 1 1 1 1 1 1 1 1 1 1 1 1 1 1 1 1 1 1] [ 1  2  3  4 10 11 18 19 20 21 23 26 27 28 29 34 35 36 37 42 44 45] [15296 10423  2819 10026  9368  5568  7205  3502  6299  9661 13443  7323
  9285  6751  7276  8153 16030 11357 10838  5176  4508  6350] [] 1716179916.0384595394
[-1 -1  1  1  1  1  1  1 -1 -1  1  1  1  1  1  1  1  1  1  1  1 -1 -1] [ 1  2  3  4 10 11 18 19 20 21 23 26 27 28 29 34 35 36 37 42 44 45 50] [15400 10600  2701  9868  9018  5028  6491  3454  6332  9686 13183  6044
  8108  5903  6566  8148 12803 11109 10493  5087  4395  6351 10222] [] 1716179916.0815520287
[ 1 -1  1  1  1  1  1 -1  1  1  1  1 -1  1  1 -1  1 -1 -1  1  1  1  1] [ 1  2  3  4 10 11 18 19 20 21 23 26 27 28 29 34 35 36 37 42 44 45 50] [15369 10619  2627  9744  9009  4478  6102  3466  6276  9602 12979  5504
  8913  5527  6544  8226 11157 11135 10714  4845  4228  6321 10007] [] 1716179916.1245198250
[ 1  1  1 -1  1  1  1  1  1  1  1  1  1  1  1  1  1  1  1  1  1 -1 -1 -1] [ 1  2  3  4 10 11 18 19 20 21 23 26 27 28 29 34 35 36 37 42 44 45 50 53] [15105 10389  2551  9848  8143  3999  6038  3375  6132  9586 12859  5207
  7384  5108  6516  7295 11030 11029 10673  4428  4179  6445 10021 15074] [] 1716179916.1675682068
[ 1  1  1 -1  1  1  1  1  1  1  1  1  1  1  1  1 -1  1 -1  1  1  1  1  1] [ 1  2  3  4 10 11 18 19 20 21 23 26 27 28 29 34 35 36 37 42 44 45 50 53] [14880  8896  2499  9855  7765  3787  5810  3335  6099  9574 12845  4498
  7297  4691  5347  7148 11293 10152 10773  4376  4064  6407  9880 14319] [] 1716179916.2105507851
[ 1  1  1 -1  1  1  1  1  1  1  1  1  1  1  1  1 -1  1 -1  1 -1 -1 -1 -1
 -1] [ 1  2  3  4 10 11 18 19 20 21 23 26 27 28 29 34 35 36 37 42 44 45 46 50
 53] [14831  8835  2449  9895  7692  3735  5415  3296  6007  9534 12744  4335
  7266  4495  5129  6901 12085  9200 11268  3972  4110  6530 12097  9881
 14350] [] 1716179916.2534105778
[ 1  1  1  1  1  1  1  1  1 -1 -1  1  1  1  1  1  1 -1  1  1  1  1  1  1
 -1  1] [ 1  2  3  4 10 11 18 19 20 21 23 26 27 28 29 34 35 36 37 42 44 45 46 50
 51 53] [14803  8750  2363  9868  6859  3580  4426  3271  4936  9545 12848  4145
  7183  4135  4942  6845 11514  9262 10820  3786  3961  6513 10788  8505
 14713 10660] [] 1716179916.2964901924
[ 1 -1  1  1  1  1  1  1  1 -1  1  1  1  1  1 -1  1  1 -1 -1 -1 -1 -1  1
  1  1  1] [ 1  2  3  4 10 11 18 19 20 21 23 26 27 28 29 34 35 36 37 41 42 44 45 46
 50 51 53] [14763  8855  2311  9779  6497  3191  4338  3215  4748  9618 12825  4127
  7131  3895  4821  6954 11282  9153 11140 15345  3840  3987  6523 10663
  8448 11330  8782] [] 1716179916.3394632339
[-1  1  1 -1  1  1  1  1  1 -1 -1  1 -1  1  1 -1  1  1 -1 -1  1  1  1  1
  1  1  1] [ 1  2  3  4 10 11 18 19 20 21 23 26 27 28 29 34 35 36 37 41 42 44 45 46
 50 51 53] [15019  8270  2274  9814  6041  3036  4293  3182  4645  9631 12848  3964
  7202  3674  4779  6974 10695  8138 11799 16135  3664  3859  6011 10506
  8281 11179  7449] [] 1716179916.3825805187
[-1  1  1 -1  1  1 -1 -1  1  1 -1  1  1  1  1  1  1  1  1  1  1  1  1 -1
 -1  1  1  1 -1] [ 1  2  3  4 10 11 18 19 20 21 23 26 27 28 29 34 35 36 37 41 42 44 45 46
 47 50 51 53 54] [15030  8051  2253  9915  5447  2997  4315  3211  4528  9592 12924  3871
  7136  3601  4743  6739 10686  7605 11738 14739  3466  3822  5751 10663
 13657  8266 10939  7351 14608] [] 1716179916.4254891872
[ 1  1  1 -1  1  1  1  1  1  1 -1  1  1  1  1  1 -1  1 -1  1  1 -1  1  1
  1 -1  1  1  1] [ 1  2  3  4 10 11 18 19 20 21 23 26 27 28 29 34 35 36 37 41 42 44 45 46
 47 50 51 53 54] [14981  7219  2200  9957  5066  2827  4159  3121  4474  9579 13077  3871
  7090  3368  4702  6739 10796  6586 11880 13828  3426  3855  5730 10603
 13535  8287 10788  7272 14172] [] 1716179916.4685542583
[ 1  1 -1  1  1  1 -1  1  1  1 -1  1 -1  1 -1  1 -1 -1  1  1  1  1  1 -1
  1 -1  1  1  1] [ 1  2  3  4 10 11 18 19 20 21 23 26 27 28 29 34 35 36 37 41 42 44 45 46
 47 50 51 53 54] [14883  7039  2219  9765  5031  2814  4203  3101  4462  9572 13122  3805
  7166  3308  4715  6626 11034  6776 11866 13739  3382  3795  5717 10620
 13529  8311 10753  7241 14068] [] 1716179916.5117490292
[ 1 -1  1  1  1  1  1 -1  1  1 -1  1  1  1  1  1 -1  1 -1  1 -1 -1  1 -1
 -1  1  1  1  1] [ 1  2  3  4 10 11 18 19 20 21 23 26 27 28 29 34 35 36 37 41 42 44 45 46
 47 50 51 53 54] [14686  7083  2219  9763  4983  2798  4135  3103  4416  9521 13184  3793
  7094  3283  4695  6564 11735  6655 11916 13649  3386  3803  5701 10703
 13605  8294 10730  7192 13597] [] 1716179916.5545721054
[ 1  1  1 -1  1  1  1  1  1 -1  1  1 -1  1  1  1 -1  1 -1 -1 -1  1  1  1
  1 -1 -1] [ 1  2  3  4 10 11 18 19 20 21 23 26 27 28 29 34 35 36 37 41 42 44 45 46
 50 51 53] [14676  6917  2211  9782  4932  2768  4131  3084  4402  9568 13056  3781
  7127  3252  4683  6541 12658  6164 12020 14673  3396  3803  5583 10415
  8232 10920  7271] [] 1716179916.5974726677
[ 1  1  1 -1 -1 -1  1  1  1  1  1 -1 -1 -1  1 -1  1 -1  1 -1  1 -1 -1  1
 -1 -1] [ 1  2  3  4 10 11 18 19 20 21 23 26 27 28 29 34 35 36 37 42 44 45 46 50
 51 53] [14644  6819  2181  9810  4971  2793  4128  3081  4384  9513 12961  3815
  7135  3273  4615  6695 12610  7220 11950  3402  3754  5647 10443  8164
 10968  8606] [] 1716179916.6403279305
[-1 -1 -1 -1 -1 -1 -1 -1 -1  1 -1  1  1 -1 -1  1  1 -1  1 -1 -1 -1 -1 -1
 -1 -1] [ 1  2  3  4 10 11 18 19 20 21 23 26 27 28 29 34 35 36 37 42 44 45 46 50
 51 53] [14730  6859  2190  9964  4995  2858  4186  3094  4436  9440 12984  3748
  7117  3312  4631  6587 12232  7432 11818  3612  3795  6542 10543  8241
 11482 10585] [] 1716179916.6836872101
[-1 -1 -1  1 -1 -1 -1 -1 -1 -1 -1 -1  1 -1 -1 -1 -1 -1  1  1  1  1 -1 -1] [ 1  2  3  4 10 11 18 19 20 21 23 26 27 28 29 34 35 36 37 42 44 45 50 53] [14834  7463  2204  9873  5635  2991  4212  3129  4448  9456 12992  3821
  7103  3467  4705  6599 12690  8607 11602  3517  3687  6154  9586 14347] [] 1716179916.7266097069
[ 1 -1 -1  1 -1 -1 -1 -1  1  1  1 -1 -1 -1  1 -1  1 -1  1 -1 -1  1 -1] [ 1  2  3  4 10 11 18 19 20 21 23 26 27 28 29 34 35 36 37 42 44 45 50] [14610  7617  2239  9833  6207  3179  4230  3141  4435  9451 12849  3884
  7117  3645  4675  6835 12685  8617 11495  3773  3746  6047  9707] [] 1716179916.7696473598
[ 1 -1 -1  1 -1 -1 -1 -1 -1  1  1 -1 -1 -1 -1  1  1 -1  1 -1 -1 -1 -1] [ 1  2  3  4 10 11 18 19 20 21 23 26 27 28 29 34 35 36 37 42 44 45 50] [14345  7863  2299  9713  6571  3351  4325  3195  4631  9422 12800  3983
  7124  3937  4751  6778 11310  9367 10816  4205  3870  6178 10013] [] 1716179916.8126437664
[-1 -1  1  1 -1 -1 -1 -1 -1 -1  1 -1 -1 -1 -1 -1  1 -1 -1 -1 -1  1 -1] [ 1  2  3  4 10 11 18 19 20 21 23 26 27 28 29 34 35 36 37 42 44 45 50] [14382  8065  2296  9705  6871  3640  5177  3209  4883  9433 12639  4100
  7133  4306  4906  6841 10725  9527 11721  4513  4013  6161 10415] [] 1716179916.8557190895
[ 1 -1 -1 -1 -1 -1 -1 -1 -1  1 -1 -1 -1 -1 -1 -1  1 -1  1 -1 -1 -1] [ 1  2  3  4 10 11 18 19 20 21 23 26 27 28 29 34 35 36 37 42 44 45] [14184  8566  2335  9723  7473  3711  5775  3243  5092  9408 12653  4368
  7186  4677  6438  6879 10699 10171 11599  5208  4325  6281] [] 1716179916.8986477852
[-1 -1 -1 -1  1 -1 -1 -1 -1 -1 -1 -1 -1 -1 -1 -1 -1 -1  1  1 -1 -1] [ 1  2  3  4 10 11 18 19 20 21 23 26 27 28 29 34 35 36 37 42 44 45] [14312 10313  2427  9737  7307  4129  5864  3312  6017  9410 12698  5142
  7252  4940  7075  8061 10888 10903 11513  5188  4489  6372] [] 1716179916.9416472912
[ 1 -1 -1  1 -1 -1 -1 -1  1 -1 -1 -1 -1 -1 -1 -1 -1 -1  1 -1 -1 -1] [ 1  2  3  4 10 11 18 19 20 21 23 26 27 28 29 34 35 36 37 42 44 45] [14305 10373  2495  9708  7479  4269  6307  3357  5999  9414 12743  5338
  7297  5318  7114  8109 11411 11105 11499  5645  4855  6721] [] 1716179916.9846324921
[-1 -1 -1 -1 -1 -1 -1 -1 -1 -1 -1 -1 -1 -1 -1 -1 -1 -1 -1 -1 -1 -1] [ 1  2  3  4 10 11 18 19 20 21 23 26 27 28 29 34 35 36 37 42 44 45] [14442 10533  2631  9741  8828  5256  7052  3421  6057  9444 12999  6882
  9063  5779  7243  8160 13006 11509 11532  5867  5121  7821] [] 1716179917.0276510715
[ 1 -1 -1 -1 -1  1 -1 -1 -1 -1 -1  1 -1 -1 -1 -1  1 -1 -1 -1] [ 1  3  4 10 11 18 19 20 21 23 26 27 28 29 34 36 37 42 44 45] [14423  2705  9916  9535  6482  7044  3440  6132  9456 13308  7791  9056
  6405  7257  8177 11759 11384  6468  5911  7897] [] 1716179917.0706810951
[-1 -1  1 -1 -1 -1 -1 -1 -1 -1 -1 -1 -1 -1 -1 -1 -1 -1 -1 -1] [ 1  3  4 10 11 18 19 20 21 23 26 27 28 29 34 36 37 42 44 45] [14572  2755  9798  9854  7391  7098  3490  6327  9493 13329  7921  9213
  7438  7330  8186 11823 12479  6720  6789  8063] [] 1716179917.1136081219
[-1 -1 -1 -1  1 -1 -1 -1 -1 -1 -1 -1 -1 -1 -1 -1 -1 -1 -1] [ 1  3  4 10 11 18 19 20 21 26 27 28 29 34 36 37 42 44 45] [14658  2953  9967 10428  7311  7240  3523  6799  9516  8168 11394  8660
 10053  8339 12577 13119  7002  8841  9194] [] 1716179917.1566705704
[-1 -1 -1 -1  1 -1 -1 -1 -1 -1  1 -1 -1 -1 -1 -1 -1] [ 1  3  4 10 11 18 19 20 21 26 27 28 29 34 36 42 44] [14880  3181  9995 11925  7303  9637  3554  6903  9529  8256 11355  9086
 10141  8465 12724  7405 11802] [] 1716179917.1996750832
[-1 -1 -1 -1 -1 -1 -1 -1 -1 -1  1 -1  1 -1 -1 -1  1] [ 1  3  4 10 11 18 19 20 21 26 27 28 29 34 36 42 44] [15182  3575 10207 11990  7330 10060  3669  7914  9600  8705 11297 10169
 10055  8629 13009  7837 11734] [] 1716179917.2425830364
[-1 -1 -1 -1 -1 -1 -1  1 -1 -1  1 -1 -1 -1  1 -1 -1] [ 1  3  4 10 11 18 19 20 21 26 27 28 29 34 36 42 44] [15582  3661 10339 15418  7331 10076  3722  7797  9622  8791 11177 10198
 10210  8771 12969  8229 12506] [] 1716179917.2856698036
[-1 -1 -1 -1 -1 -1 -1 -1 -1 -1 -1 -1 -1 -1 -1 -1] [ 1  3  4 11 18 19 20 21 26 27 28 29 34 36 42 44] [15766  3810 10652  7461 10265  3884  9326  9778  9443 11350 10209 10242
  9231 13367  9709 12742] [] 1716179917.3283815384
[-1  1 -1 -1 -1 -1 -1 -1 -1  1  1 -1 -1  1] [ 3  4 11 18 19 20 21 26 27 28 29 34 42 44] [ 3887 10602  8429 10620  4027  9362  9805  9695 11438 10092 10199 11771
 10326 12601] [] 1716179917.3717234135
[-1 -1  1 -1 -1 -1 -1  1 -1 -1 -1 -1] [ 3  4 11 19 20 21 26 27 28 29 42 44] [ 4018 11548  8394  4122  9644  9829 11797 11420 10103 10312 11977 12850] [] 1716179917.4146780968
[-1 -1  1 -1 -1 -1 -1 -1 -1 -1] [ 3  4 11 19 20 21 26 27 28 29] [ 4068 13759  8387  4464  9970 10066 12126 12233 10201 10542] [] 1716179917.4576385021
[ 1 -1 -1 -1  1  1 -1 -1 -1] [ 3 11 19 20 21 26 27 28 29] [ 4013  8472  4575 10132 10050 12042 12429 10270 10580] [] 1716179917.5004191399
[-1  1 -1 -1 -1 -1 -1 -1 -1] [ 3 11 19 20 21 26 27 28 29] [ 4101  8431  4926 10354 10310 12218 12679 10420 10815] [] 1716179917.5436348915
[-1 -1 -1 -1 -1 -1  1 -1 -1] [ 3 11 19 20 21 26 27 28 29] [ 4458  8605  5447 10647 10509 12623 12311 10549 11359] [] 1716179917.5866594315
[-1 -1 -1 -1 -1 -1  1 -1 -1] [ 3 11 19 20 21 26 27 28 29] [ 5213  8737  5887 11027 10843 13060 12306 10655 11579] [] 1716179917.6297049522
[-1  1 -1 -1 -1 -1 -1] [ 3 11 19 20 27 28 29] [ 5329  8726  6409 11473 12440 10683 11679] [] 1716179917.6725466251
[-1  1 -1 -1  1  1] [ 3 11 19 20 27 28] [ 5437  8709  7185 11766 12405 10670] [] 1716179917.7156217098
[-1 -1 -1 -1 -1 -1] [ 3 11 19 20 27 28] [ 5779  8882  9069 12911 12653 10681] [] 1716179917.7586665154
[-1  1 -1 -1] [ 3 11 19 28] [ 7660  8823  9439 10913] [] 1716179917.8014543056
[-1 -1  1  1] [ 3 11 19 28] [ 7988  8895  9383 10824] [] 1716179917.8445525169
[-1 -1 -1 -1] [ 3 11 19 28] [ 9466  9139  9655 10897] [] 1716179917.8875460625
[-1 -1 -1] [11 19 28] [ 9238 11308 11747] [] 1716179917.9305973053
[1] [11] [8817] [] 1716179917.9735827446
[-1] [11] [8856] [] 1716179918.0165498257
[-1] [11] [9169] [] 1716179918.0595958233
[-1] [11] [9956] [] 1716179918.1025173664
2 2 2 1716179918.2345154285
