FA TAX ADC PRES TS
[1] [11] [10220] [] 1716179964.5504376888
[1] [11] [10176] [] 1716179964.5933740139
[1] [11] [10162] [] 1716179964.6364300251
[1] [11] [9708] [] 1716179964.6792917252
[1] [11] [9354] [] 1716179964.7224521637
[1] [11] [9104] [] 1716179964.7654225826
[1] [11] [9022] [] 1716179964.8084249496
[1] [11] [8919] [] 1716179964.8513624668
[-1 -1] [11 28] [ 8957 12234] [] 1716179964.8944263458
[-1  1  1] [ 3 11 28] [ 9993  8870 11912] [] 1716179964.9374580383
[ 1 -1 -1 -1] [ 3 11 19 28] [ 9221  9559 10164 11983] [] 1716179964.9804396629
[1 1 1 1] [ 3 11 19 28] [ 8509  9358  9938 11666] [] 1716179965.0234363079
[1 1 1 1] [ 3 11 19 28] [ 6529  9311  9846 11527] [] 1716179965.0664918423
[1 1 1 1] [ 3 11 19 28] [ 6193  9154  9649 11259] [] 1716179965.1094257832
[1 1 1 1] [ 3 11 19 28] [ 5948  9041  9440 11026] [] 1716179965.1524920464
[ 1  1 -1  1] [ 3 11 19 28] [ 5911  9031  9505 10796] [] 1716179965.1954405308
[ 1  1 -1 -1  1] [ 3 11 19 20 28] [ 5657  8879  9521 14474 10791] [] 1716179965.2384150028
[1 1 1 1 1] [ 3 11 19 20 28] [ 5509  8813  9119 13224 10648] [] 1716179965.2814407349
[1 1 1 1 1] [ 3 11 19 20 28] [ 5445  8684  8968 12099 10531] [] 1716179965.3244917393
[ 1 -1  1  1 -1 -1 -1 -1] [ 3 11 19 20 21 26 28 29] [ 5393  8826  8693 11802 11332 14712 10960 11775] [] 1716179965.3673977852
[ 1 -1  1  1  1  1 -1  1  1] [ 3 11 19 20 21 26 27 28 29] [ 4927  8834  8200 11602 11158 14556 13176 10943 11687] [] 1716179965.4104554653
[ 1  1  1  1  1  1  1 -1  1 -1] [ 3 11 19 20 21 26 27 28 29 44] [ 4497  8784  6617 11239 11024 13996 12908 11151 11572 13556] [] 1716179965.4534790516
[ 1  1  1  1  1  1  1 -1  1 -1 -1  1] [ 3 11 19 20 21 26 27 28 29 34 42 44] [ 4455  8775  6171 10958 10839 12299 12851 11344 11389 12949 13663 13235] [] 1716179965.4964692593
[1 1 1 1 1 1 1 1 1 1 1 1] [ 3 11 19 20 21 26 27 28 29 34 42 44] [ 4315  8724  5952 10728 10670 11967 12752 11059 11040 12288 13435 12903] [] 1716179965.5394918919
[ 1  1  1  1  1 -1  1  1  1  1  1  1] [ 3 11 19 20 21 26 27 28 29 34 42 44] [ 4240  8678  5754 10668 10494 11995 12675 11027 10942 12095 12049 12631] [] 1716179965.5824315548
[ 1  1  1  1  1 -1  1  1  1  1  1  1] [ 3 11 19 20 21 26 27 28 29 34 42 44] [ 4152  8592  5351 10460 10479 12888 12436 10762 10788 11840 11276 12355] [] 1716179965.6255390644
[ 1 -1 -1  1  1  1  1 -1 -1  1  1  1 -1] [ 3 11 18 19 20 21 26 27 28 29 34 42 44] [ 4129  8658 11114  5026 10324 10195  9824 12480 10782 10754 11714 10191
 12394] [] 1716179965.6684865952
[ 1  1  1  1  1  1  1  1  1  1 -1 -1  1  1] [ 3 11 18 19 20 21 26 27 28 29 34 36 42 44] [ 4007  8584 10786  4790 10142 10173  9258 12375 10773 10489 11732 12453
  9853 12327] [] 1716179965.7115013599
[1 1 1 1 1 1 1 1 1 1 1 1 1 1] [ 3 11 18 19 20 21 26 27 28 29 34 36 42 44] [ 3915  7666 10512  4607 10005 10037  9073 12212 10719 10360 11586 11963
  8550 12320] [] 1716179965.7544550896
[ 1  1  1  1  1  1  1  1  1 -1  1  1 -1 -1] [ 3 11 18 19 20 21 26 27 28 29 34 36 42 44] [ 3625  7500  8858  4291  9793  9913  8761 11740 10618 10406 11372 11609
  8564 12405] [] 1716179965.7974669933
[ 1  1 -1  1  1  1  1  1 -1 -1  1 -1  1  1] [ 3 11 18 19 20 21 26 27 28 29 34 36 42 44] [ 3531  7448  8880  4246  9540  9841  8588 11695 10637 10434 11251 11762
  8057 12316] [] 1716179965.8403658867
[ 1 -1  1  1  1  1 -1  1 -1  1  1  1  1  1  1] [ 3 10 11 18 19 20 21 26 27 28 29 34 36 42 44] [ 3413 15488  7446  8542  4068  8307  9842  8429 11922 10550 10182  8687
 11465  7850 12148] [] 1716179965.8833651543
[1 1 1 1 1 1 1 1 1 1 1 1 1 1 1] [ 3 10 11 18 19 20 21 26 27 28 29 34 36 42 44] [ 3373 15362  7389  5733  4000  8191  9813  8349 11884 10526 10074  8594
 11285  7427 12066] [] 1716179965.9263622761
[ 1  1 -1  1  1  1 -1  1  1  1  1  1  1  1 -1] [ 3 10 11 18 19 20 21 26 27 28 29 34 36 42 44] [ 3243 15082  7396  5363  3924  6706  9825  8046 11589  9569 10037  8497
 11256  7194 12325] [] 1716179965.9693140984
[-1 -1  1  1  1  1  1  1 -1  1  1  1  1  1  1  1  1] [ 1  3 10 11 18 19 20 21 23 26 27 28 29 34 36 42 44] [15691  3259 14998  6552  4772  3853  6368  9749 14293  7941 11504  9322
  9967  8460 11125  6993  9796] [] 1716179966.0122954845
[ 1  1  1  1  1  1 -1  1  1  1  1  1  1  1 -1  1  1 -1] [ 1  3 10 11 18 19 20 21 23 26 27 28 29 34 36 42 44 45] [15544  3125 14028  5997  4585  3807  6379  9720 13525  7858  9599  8858
  9940  8271 11319  6036  6721 13120] [] 1716179966.0554163456
[ 1  1  1  1  1  1 -1 -1  1  1  1 -1 -1  1  1 -1  1  1  1] [ 1  3 10 11 18 19 20 21 23 26 27 28 29 34 36 37 42 44 45] [14888  2867 13337  4633  4478  3748  6507  9771 13353  6847  8892  9019
 10102  8247 11188 12840  5772  6225 11760] [] 1716179966.0983989239
[-1  1 -1  1  1  1  1  1  1  1  1 -1  1  1  1  1  1  1  1  1] [ 1  3  4 10 11 18 19 20 21 23 26 27 28 29 34 36 37 42 44 45] [15061  2823 13308 12512  4347  4425  3688  6365  9711 13095  5988  9170
  7344  7522  8234 10262 12639  5144  5631 11427] [] 1716179966.1414096355
[-1  1  1  1  1  1  1  1  1  1  1 -1  1  1  1  1  1  1  1  1 -1] [ 1  3  4 10 11 18 19 20 21 23 26 27 28 29 34 36 37 42 44 45 50] [15376  2727 12349 11355  4210  4401  3606  6241  9688 12801  5493  9263
  6919  7169  8172  9520 12472  5132  5196 11015 10246] [] 1716179966.1844556332
[ 1  1  1  1  1  1  1  1  1  1  1 -1  1  1  1 -1  1  1  1  1  1  1] [ 1  3  4 10 11 18 19 20 21 23 26 27 28 29 34 35 36 37 42 44 45 50] [14321  2603 12063 10951  3889  4147  3551  6197  9673 12606  5139  9359
  5696  7071  7333 15530  9322 11926  4896  4868 10908 10083] [] 1716179966.2274248600
[-1 -1 -1  1  1  1  1  1  1 -1 -1  1  1  1  1 -1  1  1  1 -1 -1  1  1 -1] [ 1  2  3  4 10 11 18 19 20 21 23 26 27 28 29 34 35 36 37 42 44 45 50 53] [14323 10314  2628 11539 10087  3665  3903  3551  6129  9705 12782  4997
  9239  5355  6591  7348 13813  8829 11785  4921  4972  8561 10054 15119] [] 1716179966.2703979015
[ 1  1  1  1  1  1  1  1  1  1 -1  1  1  1  1  1  1  1 -1 -1  1 -1  1  1
  1] [ 1  2  3  4 10 11 18 19 20 21 23 26 27 28 29 34 35 36 37 41 42 44 45 50
 53] [14287  8951  2592 11243  9754  3527  3820  3482  6121  9667 12817  4817
  9192  5207  6549  7283 13384  7803 11890 16109  4891  4985  8433  9969
 11404] [] 1716179966.3133764267
[-1  1  1  1 -1  1  1  1 -1  1 -1  1  1  1  1  1  1  1 -1  1  1  1  1  1
  1] [ 1  2  3  4 10 11 18 19 20 21 23 26 27 28 29 34 35 36 37 41 42 44 45 50
 53] [14508  8900  2548 11059  9776  3339  3728  3446  6125  9639 12829  4727
  9109  5089  5383  6987 13204  7389 11894 13023  4423  4865  6857  9240
 10633] [] 1716179966.3563582897
[-1  1  1  1  1  1  1  1  1 -1  1  1  1  1  1 -1  1  1 -1 -1  1  1  1  1
  1] [ 1  2  3  4 10 11 18 19 20 21 23 26 27 28 29 34 35 36 37 41 42 44 45 50
 53] [14532  8824  2523 10737  8350  3211  3610  3399  5604  9788 12733  4519
  9047  4684  5310  7071 12924  6810 11971 14553  3990  4659  6579  8502
  9007] [] 1716179966.3994252682
[ 1 -1  1  1  1  1  1  1  1  1 -1  1  1  1  1  1 -1  1 -1  1  1  1 -1 -1
  1 -1  1] [ 1  2  3  4 10 11 18 19 20 21 23 26 27 28 29 34 35 36 37 41 42 44 45 46
 50 51 53] [14355  8879  2443 10590  7359  3110  3567  3286  5413  9674 12960  4337
  7285  4257  5227  6998 13032  6155 12136 12841  3936  4631  6590 14513
  8455 13866  6830] [] 1716179966.4425501823
[-1  1  1  1 -1  1  1  1  1  1  1  1  1  1  1  1 -1  1 -1  1  1  1  1  1
  1  1  1] [ 1  2  3  4 10 11 18 19 20 21 23 26 27 28 29 34 35 36 37 41 42 44 45 46
 50 51 53] [14374  7780  2411 10421  7511  2999  3530  3249  5325  9657 12853  4319
  7044  4179  4867  6997 13216  5938 12317 12453  3873  4391  6589 10885
  8390 12309  6308] [] 1716179966.4854831696
[-1  1  1 -1  1  1  1  1  1 -1 -1  1 -1  1  1  1  1  1  1  1  1  1  1  1
  1  1 -1] [ 1  2  3  4 10 11 18 19 20 21 23 26 27 28 29 34 35 36 37 41 42 44 45 46
 50 51 53] [14492  7724  2358 10511  7265  2870  3440  3167  5271  9668 12918  3797
  7249  3996  4823  6871 12932  5858 12043 12365  3738  4204  6541 10651
  8284 12004  6369] [] 1716179966.5284595490
[ 1  1  1  1  1  1  1  1  1 -1 -1  1  1  1  1  1  1  1 -1  1  1  1  1  1
  1  1  1] [ 1  2  3  4 10 11 18 19 20 21 23 26 27 28 29 34 35 36 37 41 42 44 45 46
 50 51 53] [14336  7593  2324 10447  7206  2745  3379  3132  5167  9711 13061  3681
  7187  3898  4706  6716 11675  5662 12078 12177  3562  4147  6429 10591
  8228 11362  6116] [] 1716179966.5714960098
[ 1 -1  1  1  1  1  1  1  1 -1 -1  1  1  1  1  1 -1  1 -1 -1  1  1 -1  1
 -1  1 -1] [ 1  2  3  4 10 11 18 19 20 21 23 26 27 28 29 34 35 36 37 41 42 44 45 46
 50 51 53] [14244  7759  2264 10409  6375  2686  3227  3088  5101  9813 13150  3631
  7089  3643  4614  6671 12643  5498 12081 12247  3559  4103  6501 10541
  8239 11273  6122] [] 1716179966.6143929958
[ 1  1  1  1  1  1  1  1  1  1  1  1  1  1  1  1  1 -1  1  1  1  1  1  1
 -1  1  1] [ 1  2  3  4 10 11 18 19 20 21 23 26 27 28 29 34 35 36 37 41 42 44 45 46
 50 51 53] [13979  7743  2250 10071  6278  2625  3223  3081  5075  9710 13120  3591
  7065  3597  4591  6645 12566  5523 12011 12141  3514  4085  6427 10503
  8240 11115  6057] [] 1716179966.6574065685
[-1  1  1 -1  1 -1  1 -1  1 -1  1  1  1  1  1  1 -1 -1  1 -1  1 -1  1 -1
 -1  1 -1] [ 1  2  3  4 10 11 18 19 20 21 23 26 27 28 29 34 35 36 37 41 42 44 45 46
 50 51 53] [14066  7697  2244 10226  6199  2659  3162  3103  5053  9728 13096  3519
  7063  3521  4513  6536 12624  5580 11914 12165  3500  4125  6407 10557
  8247 11094  6075] [] 1716179966.7004172802
[ 1  1 -1  1  1  1  1  1  1 -1  1 -1 -1  1 -1  1  1  1 -1 -1 -1  1 -1 -1
  1 -1 -1] [ 1  2  3  4 10 11 18 19 20 21 23 26 27 28 29 34 35 36 37 41 42 44 45 46
 50 51 53] [13915  7614  2255 10057  6093  2611  3151  3075  5027  9770 13093  3525
  7125  3501  4517  6425 12569  5534 11922 12615  3661  4081  6445 10582
  8166 11419  6157] [] 1716179966.7434821129
[-1 -1  1 -1 -1 -1 -1  1 -1  1  1 -1  1 -1 -1 -1 -1 -1  1  1 -1 -1 -1 -1
 -1 -1 -1] [ 1  2  3  4 10 11 18 19 20 21 23 26 27 28 29 34 35 36 37 41 42 44 45 46
 50 51 53] [14072  7659  2243 10214  6121  2655  3161  3071  5051  9705 13037  3569
  7046  3643  4541  6568 12685  5556 11801 12307  3798  4199  6453 14386
  8242 11745  6856] [] 1716179966.7864668369
[ 1  1 -1  1 -1 -1 -1 -1 -1  1 -1 -1 -1 -1 -1 -1  1 -1 -1  1 -1 -1  1 -1
 -1] [ 1  2  3  4 10 11 18 19 20 21 23 26 27 28 29 34 35 36 37 41 42 44 45 50
 53] [13940  7633  2319 10143  6135  2726  3252  3090  5059  9660 13144  3603
  7151  3769  4622  6897 12619  5593 11842 12271  3844  4346  6289  8251
  8074] [] 1716179966.8293728828
[ 1 -1 -1  1 -1 -1 -1 -1 -1  1  1 -1  1 -1 -1  1 -1 -1 -1 -1 -1 -1 -1 -1
 -1] [ 1  2  3  4 10 11 18 19 20 21 23 26 27 28 29 34 35 36 37 41 42 44 45 50
 53] [13888  7664  2331 10133  6214  2869  3331  3117  5193  9625 12984  3917
  7087  3903  4827  6824 12656  5907 11902 12285  3950  4378  6374  8317
  9966] [] 1716179966.8724436760
[-1  1  1 -1 -1 -1 -1 -1 -1 -1 -1 -1 -1 -1 -1 -1  1 -1  1 -1 -1 -1  1 -1] [ 1  2  3  4 10 11 18 19 20 21 23 26 27 28 29 34 35 36 37 41 42 44 45 50] [13936  7645  2331 10151  6391  2915  3377  3155  5218  9634 13028  3974
  7129  4019  5056  6890 12529  6085 11843 12376  4196  4667  6277  9925] [] 1716179966.9154958725
[-1 -1 -1 -1 -1 -1 -1 -1 -1  1  1 -1 -1 -1 -1 -1  1 -1 -1  1 -1  1  1 -1] [ 1  2  3  4 10 11 18 19 20 21 23 26 27 28 29 34 35 36 37 41 42 44 45 50] [14014  8782  2379 10341  7903  3087  3475  3201  5220  9606 12836  4153
  7220  4447  5167  6958 10832  6286 11943 12279  4434  4621  6239 10066] [] 1716179966.9584522247
[-1 -1 -1  1 -1 -1 -1 -1 -1  1  1 -1 -1 -1 -1 -1 -1 -1  1 -1 -1 -1 -1 -1] [ 1  2  3  4 10 11 18 19 20 21 23 26 27 28 29 34 35 36 37 41 42 44 45 50] [14212  8826  2434 10175  7982  3339  3600  3242  5317  9579 12588  4335
  8839  4605  6341  7171 11161  6345 11799 12471  4534  4779  6392 10301] [] 1716179967.0014462471
[ 1  1 -1 -1 -1 -1 -1 -1 -1 -1 -1 -1 -1 -1 -1 -1  1 -1  1  1 -1 -1] [ 1  2  3  4 10 11 18 19 20 21 23 26 27 28 29 34 35 36 37 42 44 45] [13944  8765  2523 10286  8209  3406  3639  3290  5419  9587 12690  4493
  8894  4710  6842  7288 10832  7605 11797  4425  4907  7318] [] 1716179967.0444245338
[ 1 -1 -1 -1 -1 -1 -1 -1 -1  1 -1 -1  1 -1 -1 -1 -1 -1  1 -1 -1 -1] [ 1  2  3  4 10 11 18 19 20 21 23 26 27 28 29 34 35 36 37 42 44 45] [13935 11475  2551 10446  9906  3660  3980  3352  5919  9524 12700  4840
  8744  4977  6953  8210 12562  8969 11469  4764  5134  7373] [] 1716179967.0874755383
[-1 -1 -1  1 -1 -1  1 -1 -1  1 -1 -1 -1 -1 -1  1 -1 -1 -1 -1 -1 -1] [ 1  2  3  4 10 11 18 19 20 21 23 26 27 28 29 34 35 36 37 42 44 45] [14166 13890  2589 10312 10461  4083  3976  3391  5974  9522 12705  5038
  8772  5314  7015  8173 12851  9243 11786  5776  5573 15371] [] 1716179967.1303691864
[-1 -1 -1 -1 -1 -1 -1 -1 -1  1 -1 -1 -1 -1 -1 -1 -1 -1 -1 -1] [ 1  3  4 10 11 18 19 20 21 23 26 27 28 29 34 35 36 37 42 44] [14436  2634 10365 11695  4610  4281  3484  6140  9590 12606  5822  8969
  6454  7036  8216 12873  9728 12568  6065  6397] [] 1716179967.1733400822
[-1 -1 -1 -1 -1 -1 -1 -1  1 -1 -1  1 -1 -1 -1 -1 -1 -1 -1 -1] [ 1  3  4 10 11 18 19 20 21 23 26 27 28 29 34 35 36 37 42 44] [14508  2658 10438 12374  5029  4354  3531  6184  9487 12707  6895  8889
  7302  7218  8328 13342 10911 13055  6555  9313] [] 1716179967.2164137363
[-1 -1 -1 -1 -1 -1 -1 -1 -1 -1 -1 -1 -1 -1 -1 -1 -1 -1] [ 1  3  4 10 11 18 19 20 21 23 26 27 28 29 34 36 42 44] [14976  3013 11502 13312  5907  4455  3584  6359  9541 12967  7742  8897
  8568  9667  8350 11015  6741 11709] [] 1716179967.2593321800
[ 1 -1 -1 -1 -1 -1 -1 -1  1 -1 -1  1 -1 -1 -1  1 -1  1] [ 1  3  4 10 11 18 19 20 21 23 26 27 28 29 34 36 42 44] [14899  3219 15346 14244  7292  4635  3711  6413  9539 13245  7808  8833
  9039  9863  8469 11001  6890 11619] [] 1716179967.3023996353
[-1 -1 -1 -1 -1 -1 -1 -1 -1 -1 -1 -1 -1 -1 -1 -1] [ 1  3 10 11 18 19 20 21 26 27 28 29 34 36 42 44] [15418  3224 14888  7319  5697  3831  6426  9568  7907  8989 10210  9951
  8525 11469  7063 11716] [] 1716179967.3454113007
[-1 -1 -1 -1 -1 -1 -1 -1 -1 -1 -1  1 -1 -1 -1 -1] [ 1  3 10 11 18 19 20 21 26 27 28 29 34 36 42 44] [16335  3443 15210  7349  6875  3901  7818  9623  8042 11119 10267  9939
  8638 11796  7283 12091] [] 1716179967.3883855343
[-1 -1 -1 -1 -1 -1 -1  1 -1 -1 -1  1 -1 -1] [ 3 11 18 19 20 21 26 27 28 29 34 36 42 44] [ 3511  7395  6969  3969  8032  9731  8195 10811 10415 10017  8778 11631
  8971 12462] [] 1716179967.4313714504
[-1  1 -1 -1 -1 -1 -1 -1 -1 -1 -1 -1 -1 -1] [ 3 11 18 19 20 21 26 27 28 29 34 36 42 44] [ 3675  7341  8381  4066  9545  9907  8342 10815 10531 10154  8983 11879
  9603 12520] [] 1716179967.4744477272
[-1 -1 -1 -1 -1 -1 -1 -1 -1 -1 -1 -1 -1 -1] [ 3 11 18 19 20 21 26 27 28 29 34 36 42 44] [ 3917  7368 10458  4208  9769  9989  8652 11311 10554 10227 11625 12106
 11669 12688] [] 1716179967.5174646378
[-1 -1 -1 -1 -1 -1 -1 -1 -1 -1 -1 -1 -1 -1] [ 3 11 18 19 20 21 26 27 28 29 34 36 42 44] [ 4115  7502 10782  4649 10172 10122 10614 11797 10602 10552 11959 15956
 13639 12783] [] 1716179967.5603692532
[ 1 -1 -1 -1 -1 -1 -1 -1 -1 -1 -1 -1] [ 3 11 18 19 20 21 26 27 28 29 34 44] [ 4086  7702 14704  4776 10226 10189 10789 11837 10658 10678 12015 12947] [] 1716179967.6032273769
[-1 -1 -1 -1 -1 -1  1 -1 -1  1] [ 3 11 19 20 21 26 27 28 29 34] [ 4100  8513  4961 10393 10301 10876 11756 10792 10866 11994] [] 1716179967.6466803551
[-1 -1 -1 -1  1 -1 -1  1 -1] [ 3 11 19 20 21 26 27 28 29] [ 4230  8543  5389 10697 10215 10888 12418 10513 11073] [] 1716179967.6895451546
[-1 -1 -1 -1 -1 -1 -1 -1 -1] [ 3 11 19 20 21 26 27 28 29] [ 4380  8604  6131 11350 10492 12251 12533 10680 11272] [] 1716179967.7322380543
[-1  1 -1 -1  1 -1 -1 -1] [ 3 11 19 20 21 27 28 29] [ 5101  8556  8843 11538 10471 12663 10709 11542] [] 1716179967.7755286694
[-1 -1 -1 -1 -1  1] [ 3 11 19 20 21 28] [ 5135  8622  8871 12141 10754 10439] [] 1716179967.8184826374
[-1  1 -1 -1 -1] [ 3 11 19 20 28] [ 5325  8565  8883 12758 10569] [] 1716179967.8614263535
[-1 -1 -1 -1 -1] [ 3 11 19 20 28] [ 5582  8647  9341 15558 10805] [] 1716179967.9045119286
[-1 -1  1 -1] [ 3 11 19 28] [ 5941  8817  9325 10917] [] 1716179967.9475088120
[-1 -1 -1 -1] [ 3 11 19 28] [ 8136  8975  9560 10953] [] 1716179967.9905157089
[-1 -1 -1  1] [ 3 11 19 28] [ 9455  9020  9733 10952] [] 1716179968.0334057808
[1] [11] [8480] [] 1716179968.0764904022
[-1] [11] [8597] [] 1716179968.1194939613
[-1] [11] [8721] [] 1716179968.1624794006
[-1] [11] [8962] [] 1716179968.2054829597
[-1] [11] [9533] [] 1716179968.2484366894
[-1] [11] [10109] [] 1716179968.2913801670
[-1] [11] [11755] [] 1716179968.3550457954
2 2 2 1716179968.3553676605
