FA TAX ADC PRES TS
[-1] [28] [12300] [] 1716179360.2045531273
[-1  1] [21 28] [14630 11887] [] 1716179360.2476937771
[-1  1  1] [11 21 28] [ 9918 11818 11739] [] 1716179360.2906579971
[1 1 1] [11 21 28] [ 9636 11308 11395] [] 1716179360.3336350918
[ 1 -1 -1 -1] [11 21 28 29] [ 9579 11316 11445 12961] [] 1716179360.3764708042
[ 1 -1  1  1  1] [11 20 21 28 29] [ 9452 15458 11209 11300 12042] [] 1716179360.4197025299
[1 1 1 1 1] [11 20 21 28 29] [ 9242 13784 10892 11097 11735] [] 1716179360.4627039433
[-1 -1  1  1  1  1] [ 3 11 20 21 28 29] [10030  9357 13080 10605 11049 11597] [] 1716179360.5056579113
[ 1 -1 -1  1 -1  1] [ 3 11 20 21 28 29] [ 7273  9390 13184 10569 11170 11380] [] 1716179360.5487358570
[ 1  1  1  1 -1  1] [ 3 11 20 21 28 29] [ 6523  9238 12357 10447 11254 10989] [] 1716179360.5917191505
[ 1  1 -1  1 -1  1  1 -1] [ 3 11 19 20 21 28 29 36] [ 6076  9228 13892 12224 10463 11197 10841 16375] [] 1716179360.6347844601
[ 1  1  1  1  1  1 -1] [ 3 11 19 20 21 28 29] [ 5887  9134 11909 11928 10458 11179 10844] [] 1716179360.6777663231
[1 1 1 1 1 1 1] [ 3 11 19 20 21 28 29] [ 5741  8141 11636 11544 10289 10884 10478] [] 1716179360.7207612991
[ 1  1  1  1 -1  1  1] [ 3 11 19 20 21 28 29] [ 5714  7970 10600 11222 10301 10640 10346] [] 1716179360.7637286186
[ 1 -1  1  1  1 -1  1] [ 3 11 19 20 21 28 29] [ 5509  8813  9956 11072 10154 10655 10212] [] 1716179360.8067667484
[-1  1 -1  1  1  1 -1 -1 -1 -1] [ 3 11 18 19 20 21 27 28 29 44] [ 5641  7812 14093  9889 10308 10108 13269 10723 10378 14216] [] 1716179360.8496818542
[ 1  1  1  1  1  1  1 -1  1 -1  1] [ 3 11 18 19 20 21 27 28 29 36 44] [ 5453  7759 10690  7995  9691 10009 12755 10946 10320 16149 13581] [] 1716179360.8926250935
[ 1 -1  1  1  1 -1 -1  1  1 -1  1  1] [ 3 11 18 19 20 21 23 27 28 29 36 44] [ 4774  7800 10342  7681  9312 10010 15386 12708 10773 10347 16023 13547] [] 1716179360.9357666969
[ 1  1  1  1  1  1  1  1 -1  1  1  1] [ 3 11 18 19 20 21 23 27 28 29 36 44] [ 4698  7670  8739  6631  8860  9994 14775 12550 10954 10338 13092 12812] [] 1716179360.9788172245
[ 1 -1  1  1  1  1 -1  1  1  1  1 -1] [ 3 11 18 19 20 21 23 27 28 29 36 44] [ 4403  7765  7822  6243  8335  9980 14973 12377 10753 10252 12585 12822] [] 1716179361.0217926502
[ 1  1  1  1  1 -1  1  1 -1  1 -1  1] [ 3 11 18 19 20 21 23 27 28 29 36 44] [ 4305  7602  7693  5621  8211 10002 14501 12333 10843 10221 12592 12756] [] 1716179361.0646650791
[ 1  1  1  1  1 -1  1 -1 -1  1 -1  1  1 -1] [ 3 11 18 19 20 21 23 27 28 29 34 36 44 45] [ 4255  7591  7621  5407  8187 10006 13947 12343 10884  7180 12357 12485
 11447 14415] [] 1716179361.1077613831
[ 1 -1  1  1 -1 -1  1  1 -1  1  1 -1  1  1] [ 3 11 18 19 20 21 23 27 28 29 34 36 44 45] [ 4005  7627  7539  4896  8223 10019 13581 11429 11173  7079 11477 12758
 11131 10067] [] 1716179361.1507935524
[-1 -1 -1  1  1  1  1 -1  1 -1  1  1  1 -1  1  1 -1] [ 3 11 18 19 20 21 23 26 27 28 29 34 36 37 44 45 46] [ 4012  7662  7691  4827  8204 10013 13379 13711 11298 11334  6517 11299
 12515 16343  7114  9086 12471] [] 1716179361.1938116550
[ 1 -1  1  1  1  1 -1  1 -1  1 -1  1  1  1  1  1  1] [ 3 11 18 19 20 21 23 26 27 28 29 34 36 37 44 45 46] [ 3949  7693  6566  4603  7012  9995 13399  9360 11444 11262  6557 11089
 10793 12917  6333  8846 11174] [] 1716179361.2366418839
[ 1 -1  1  1  1 -1 -1  1  1 -1  1  1 -1  1  1  1  1  1] [ 3 10 11 18 19 20 21 23 26 27 28 29 34 36 37 44 45 46] [ 3903 14890  6399  6236  4483  7062 10103 13364  8903 12306 11255  6504
 11447 10377 12861  6051  8758 10914] [] 1716179361.2798635960
[ 1  1  1  1 -1  1  1  1 -1  1  1 -1 -1  1  1 -1  1  1  1] [ 3 10 11 18 19 20 21 23 26 27 28 29 34 36 37 42 44 45 46] [ 3680 14696  6383  6143  4517  6973 10071 13291  8923 12126  9983  6563
 11491 10215 12721 13435  5387  8661  8732] [] 1716179361.3228132725
[ 1  1  1 -1  1  1 -1  1  1  1  1  1 -1  1  1 -1  1 -1  1 -1 -1] [ 3 10 11 18 19 20 21 23 26 27 28 29 34 36 37 42 44 45 46 47 53] [ 3491 13834  6219  6156  4334  6677 10181 13273  8717 12096  9730  5903
 11516  8920 12671 15146  5152  8783  8637 14643 14978] [] 1716179361.3658430576
[ 1  1  1  1  1  1 -1 -1  1 -1  1  1  1  1  1  1  1 -1  1  1  1] [ 3 10 11 18 19 20 21 23 26 27 28 29 34 36 37 42 44 45 46 47 53] [ 3449 12760  5906  5541  4264  6393 10216 13939  8614 12275  9609  5625
 10877  8295 12327 11653  4895  8880  8122  7570 11407] [] 1716179361.4087951183
[ 1 -1  1  1  1  1 -1  1  1 -1  1  1  1 -1 -1 -1  1  1  1  1  1  1] [ 3 10 11 18 19 20 21 23 26 27 28 29 34 35 36 37 42 44 45 46 47 53] [ 3323 13077  5451  5205  4144  6135 10245 13520  8540 12349  8781  5522
  8030 14062  8340 12531  9487  4656  8470  7957  5995 11081] [] 1716179361.4518191814
[ 1  1  1  1  1 -1 -1 -1  1  1  1  1 -1  1  1  1 -1  1  1  1  1  1 -1 -1] [ 3 10 11 18 19 20 21 23 26 27 28 29 34 35 36 37 38 42 44 45 46 47 53 54] [ 3191  9666  5053  4569  3994  6184 10304 15569  8491 12225  8166  5401
  8107 13489  8216 11954 16371  7790  4478  7844  6970  5402 11141 13841] [] 1716179361.4948489666
[ 1  1  1 -1  1  1  1  1  1  1 -1  1 -1 -1  1  1 -1  1  1  1  1  1  1  1
  1] [ 3 10 11 15 18 19 20 21 23 26 27 28 29 34 35 36 37 38 42 44 45 46 47 53
 54] [ 3147  9181  5040 14333  4482  3905  6015 10197 15094  6663 12267  7740
  5422  8156 13383  7017 11964 12415  5614  4095  7286  6907  4849  9639
 12479] [] 1716179361.5378863811
[ 1  1  1  1  1  1  1 -1  1  1  1  1 -1  1  1  1  1  1  1  1 -1  1  1  1] [ 3 10 11 15 18 19 20 21 26 27 28 29 34 35 36 37 38 42 44 45 46 47 53 54] [ 2945  9166  4565 13939  4411  3774  5891 10292  6058 12252  7547  5411
  8250 12461  6489 11358 12038  4959  3959  7028  6910  4532  8282 12071] [] 1716179361.5807030201
[ 1  1  1  1  1 -1  1  1  1  1  1  1  1  1  1  1 -1  1 -1 -1  1  1 -1  1
 -1 -1] [ 3 10 11 15 18 19 20 21 26 27 28 29 34 35 36 37 38 42 44 45 46 47 52 53
 54 61] [ 2794  8934  4305 13788  4187  3780  5820 10162  5799 12156  7086  5280
  7732 12373  6179 10990 12083  4428  3964  7071  6187  4333 15021  7775
 12155  7535] [] 1716179361.6239337921
[ 1 -1  1 -1 -1  1  1  1 -1 -1  1  1  1 -1  1 -1  1  1  1  1  1  1  1  1
  1  1  1  1] [ 3 10 11 13 15 18 19 20 21 23 26 27 28 29 34 35 36 37 38 42 44 45 46 47
 52 53 54 61] [ 2694  9047  3918 15894 14055  4044  3629  5640 10240 15541  5108 12032
  6910  5294  7460 12879  5808 10809 11722  4186  3855  6744  6087  4313
 14103  7488 12095  7347] [] 1716179361.6667668819
[ 1 -1 -1  1  1  1  1  1  1  1 -1  1  1  1  1 -1  1  1  1  1 -1  1  1  1
  1  1  1  1  1  1] [ 3  7 10 11 13 15 18 19 20 21 23 26 27 28 29 32 34 35 36 37 38 42 44 45
 46 47 52 53 54 61] [ 2671 13743  9122  3721 13784 14031  3821  3602  5593  8592 15732  4989
 11918  6444  5221 13337  7125 11983  5656 10186 11879  3953  3730  6495
  6086  3962 13695  7452  9564  7116] [] 1716179361.7098538876
[ 1  1 -1  1  1  1  1  1  1  1  1  1  1  1  1 -1  1  1  1  1 -1  1  1  1
  1  1  1 -1  1  1] [ 3  7 10 11 13 15 18 19 20 21 23 26 27 28 29 32 34 35 36 37 38 42 44 45
 46 47 52 53 54 61] [ 2611 10806  9137  3222 10676 13779  3742  3396  5391  8563 15710  4858
 11853  6044  4819 14422  6689 10423  5455 10049 11971  3914  3670  6440
  5834  3850 13511  7457  9283  7081] [] 1716179361.7526960373
[ 1  1  1  1  1  1 -1  1  1 -1 -1 -1  1  1  1 -1  1 -1  1  1  1  1  1  1
  1 -1 -1  1  1 -1] [ 3  7 10 11 13 15 18 19 20 21 23 26 27 28 29 32 34 35 36 37 38 42 44 45
 46 47 52 53 54 61] [ 2609 10798  8303  3145  9436 13547  3759  3365  5250  8648 15886  4870
 11800  5993  4746 15016  6598 10739  5402  9767 11794  3904  3663  6370
  5791  3890 13527  7386  9223  7109] [] 1716179361.7958812714
[-1  1  1  1 -1  1  1  1 -1 -1  1  1  1 -1  1  1  1  1  1 -1  1  1  1  1
  1  1  1  1 -1  1  1] [ 3  7 10 11 12 13 15 18 19 20 21 23 26 27 28 29 32 34 35 36 37 38 42 44
 45 46 47 52 53 54 61] [ 2631 10714  7542  3054 16378  9194 13487  3710  3401  5259  8566 15586
  4740 11874  5954  4730 13128  6577 10519  5449  9581 11692  3865  3647
  6349  5710  3861 13469  7407  9148  7046] [] 1716179361.8388659954
[ 1  1  1  1 -1  1  1  1  1  1 -1  1 -1  1 -1  1  1  1  1  1  1 -1 -1 -1
 -1 -1 -1 -1 -1 -1] [ 3  7 10 11 13 15 18 19 20 21 23 26 27 28 29 32 34 35 36 37 38 42 44 45
 46 47 52 53 54 61] [ 2567 10687  7415  3032  9237 13415  3703  3353  5241  8505 15792  4671
 12412  5758  4731 12976  6576 10255  5447  9510 11547  4001  3715  6422
  5732  3976 13643  7485 11716  7242] [] 1716179361.8818857670
[-1 -1 -1 -1 -1 -1 -1 -1 -1 -1  1 -1  1 -1 -1  1 -1 -1  1 -1  1 -1 -1 -1
 -1 -1 -1  1 -1] [ 3  7 10 11 13 15 18 19 20 21 23 26 27 28 29 32 34 35 36 37 38 42 44 45
 46 47 52 53 54] [ 2576 12916  7675  3366 10557 13477  3745  3365  5282  8569 15593  4846
 12380  5796  4800 11231  7057 10297  5422  9635 11473  4422  3732  6495
  5777  4179 15547  7318 11902] [] 1716179361.9246785641
[-1 -1 -1 -1 -1 -1 -1 -1 -1 -1  1 -1 -1 -1 -1  1 -1 -1 -1 -1  1 -1 -1 -1
 -1 -1 -1 -1] [ 3  7 10 11 13 15 18 19 20 21 23 26 27 28 29 32 34 35 36 37 38 42 44 45
 46 47 53 54] [ 2610 13561  8159  3528 11810 13695  3899  3405  5287  8574 15540  5113
 12401  6214  5152 10737  7086 10635  5546  9726 11382  5072  3775  6778
  5998  4587  7956 12369] [] 1716179361.9678804874
[-1  1 -1 -1  1 -1 -1 -1 -1 -1 -1 -1 -1 -1 -1 -1 -1 -1  1  1 -1 -1 -1 -1
 -1 -1] [ 3 10 11 13 15 18 19 20 21 23 26 27 28 29 32 34 35 36 37 38 42 44 45 46
 47 53] [ 2697  7924  3759 15109 13527  3975  3451  5318 10143 15587  5439 12418
  6471  5167 11556  7227 12402  5630  9621 11263  8054  3850  7321  6536
  4926  8086] [] 1716179362.0108265877
[-1 -1 -1 -1 -1 -1 -1  1 -1 -1  1 -1  1 -1 -1 -1 -1  1 -1 -1 -1 -1 -1 -1
 -1] [ 3 10 11 15 18 19 20 21 23 26 27 28 29 32 34 35 36 37 38 42 44 45 46 47
 53] [ 2765  7933  3886 14045  4101  3538  5427  9992 15601  6335 12306  6498
  5084 14448  7247 14607  5897  9579 11608  8951  4235  8157  7615  6296
 10724] [] 1716179362.0539193153
[-1  1 -1 -1 -1 -1 -1 -1  1 -1  1 -1  1 -1  1 -1 -1 -1 -1  1 -1  1 -1] [ 3 10 11 15 18 19 20 21 23 26 27 28 29 34 35 36 37 38 42 44 45 46 53] [ 2931  7891  4697 14821  4503  3614  5603 10127 15544  8053 12276  7142
  5039  8085 14043  6538  9731 12209 13111  4178  8255  7455 14348] [] 1716179362.0967175961
[-1 -1 -1 -1 -1 -1  1  1 -1  1 -1 -1 -1  1 -1 -1 -1 -1  1 -1] [ 3 10 11 18 19 20 21 23 26 27 28 29 34 35 36 37 42 44 45 46] [ 3127  9849  5074  4782  3686  5605  9980 15460  8563 12138  7782  5086
  9095 13769  7733 10006 13152  4691  8234  8196] [] 1716179362.1398334503
[-1 -1 -1 -1 -1 -1 -1  1 -1  1 -1 -1  1  1 -1 -1 -1 -1 -1] [ 3 10 11 18 19 20 21 23 26 27 28 29 34 35 36 37 44 45 46] [ 3262  9921  5656  5675  3836  5675  9997 15217  8659 12085  8843  5179
  9055 13764  8053 11171  4938  8365  8664] [] 1716179362.1828305721
[-1 -1 -1 -1 -1 -1  1  1 -1  1 -1 -1 -1 -1 -1 -1 -1 -1 -1] [ 3 10 11 18 19 20 21 23 26 27 28 29 34 35 36 37 44 45 46] [ 3343 10170  6121  6251  4063  6173  9861 15184  8754 11992  9341  5214
  9064 14528  8143 11629  5307  8397 13128] [] 1716179362.2258319855
[-1 -1 -1 -1 -1 -1 -1  1 -1  1 -1 -1 -1 -1 -1 -1 -1 -1] [ 3 10 11 18 19 20 21 23 26 27 28 29 34 35 36 37 44 45] [ 3565 12230  6359  6348  4117  6245  9942 15181 12648 11812  9579  5270
 11299 14756  8513 11863  5910  8645] [] 1716179362.2686893940
[-1  1 -1 -1 -1 -1  1  1 -1 -1 -1  1 -1 -1 -1 -1] [ 3 10 11 18 19 20 21 27 28 29 34 35 36 37 44 45] [ 3579 10062  6585  7531  4166  6517  9774 11146 10635  5541 11359 13914
  9972 12037 10598 11772] [] 1716179362.3118491173
[-1 -1 -1 -1 -1 -1  1 -1 -1  1 -1 -1 -1 -1 -1 -1] [ 3 10 11 18 19 20 21 23 27 28 29 35 36 37 44 45] [ 3938 10761  6905  7589  4364  6671  9722 15364 11159 10623  6434 14493
 10705 12557 12024 11947] [] 1716179362.3548359871
[-1 -1 -1 -1 -1 -1  1 -1 -1 -1 -1 -1 -1 -1] [ 3 10 11 18 19 20 21 23 27 28 29 36 37 44] [ 3958 13127  7455  7594  4397  7814  9663 15662 11229 10628  6481 11699
 13119 12504] [] 1716179362.3978261948
[-1 -1 -1 -1 -1  1  1  1 -1  1 -1 -1 -1] [ 3 10 11 18 19 20 21 23 27 28 29 36 44] [ 4181 15152  7470  7844  4613  7774  9663 14202 11708 10527  6564 12255
 12823] [] 1716179362.4406802654
[-1  1 -1 -1 -1 -1  1 -1  1 -1 -1 -1] [ 3 11 18 19 20 21 23 27 28 29 36 44] [ 4202  7444 10639  4769  8084  9677 13635 11734 10524  9942 12339 14511] [] 1716179362.4838073254
[-1 -1 -1 -1 -1 -1  1 -1 -1 -1 -1] [ 3 11 18 19 20 21 23 27 28 29 36] [ 4339  7517 11077  5385  8305  9796 13215 12218 10626  9997 13665] [] 1716179362.5268061161
[-1  1 -1 -1 -1  1 -1  1 -1] [ 3 11 19 20 21 23 27 28 29] [ 5141  7501  5866  8667  9856 13200 12406 10487 10051] [] 1716179362.5698163509
[-1 -1 -1 -1  1 -1 -1  1] [ 3 11 19 20 21 23 28 29] [ 5239  7554  6534  9288  9847 13494 10588  9927] [] 1716179362.6126887798
[-1 -1 -1 -1 -1 -1 -1 -1] [ 3 11 19 20 21 23 28 29] [ 5408  7622  9341 10444  9986 15612 10777 10116] [] 1716179362.6558489799
[-1 -1 -1 -1 -1 -1 -1] [ 3 11 19 20 21 28 29] [ 5469  7822  9605 10520 10073 10786 10234] [] 1716179362.6988160610
[-1 -1 -1 -1  1 -1] [ 3 11 20 21 28 29] [ 5755  8211 10781 10186 10671 10553] [] 1716179362.7418327332
[-1 -1 -1 -1 -1 -1] [ 3 11 20 21 28 29] [ 6715  9029 12110 10373 11112 10961] [] 1716179362.7847163677
[ 1 -1  1  1 -1] [11 20 21 28 29] [ 8916 12241 10243 11055 11143] [] 1716179362.8277904987
[-1 -1 -1 -1 -1] [11 20 21 28 29] [ 9306 13168 10756 11479 12131] [] 1716179362.8708102703
[-1  1  1] [11 21 28] [ 9361 10693 11315] [] 1716179362.9138090611
[-1 -1] [11 21] [10448 10751] [] 1716179362.9566600323
[1] [21] [10623] [] 1716179362.9998238087
2 2 2 1716179363.1288888454
