FA TAX ADC PRES TS
[-1] [11] [12362] [] 1716184977.1785502434
[1] [11] [10143] [] 1716184977.2215402126
[ 1 -1] [11 28] [ 9880 11893] [] 1716184977.2645668983
[1 1] [11 28] [ 9535 11163] [] 1716184977.3075573444
[1 1] [11 28] [ 9278 11039] [] 1716184977.3505525589
[1 1] [11 28] [ 8903 10609] [] 1716184977.3935456276
[-1 -1 -1 -1 -1] [ 2  3 11 19 28] [13311  9812  9569 10597 11060] [] 1716184977.4365024567
[1 1 1 1 1] [ 2  3 11 19 28] [12446  8410  9353 10370 10868] [] 1716184977.4795546532
[-1  1  1  1 -1 -1 -1] [ 2  3 11 19 21 28 29] [14023  8145  9350 10219 11928 11387 12168] [] 1716184977.5225555897
[-1  1  1  1  1  1  1] [ 2  3 11 19 21 28 29] [15295  6067  9151  9967 11405 11244 11513] [] 1716184977.5655767918
[-1  1  1  1 -1  1  1  1] [ 2  3 11 19 20 21 28 29] [15579  5931  9059  9872 14888 11312 11006 11218] [] 1716184977.6085093021
[ 1  1  1  1  1  1 -1  1] [ 2  3 11 19 20 21 28 29] [13999  5730  8969  9723 13545 11097 11220 10773] [] 1716184977.6515631676
[ 1  1  1  1  1  1  1  1 -1] [ 2  3 11 19 20 21 28 29 44] [13753  4833  8884  7799 13455 10710 10877 10732 13839] [] 1716184977.6945497990
[ 1  1  1  1  1 -1 -1 -1 -1  1] [ 2  3 11 19 20 21 27 28 29 44] [13303  4759  8863  7274 12902 10806 13053 11129 10857 13115] [] 1716184977.7375929356
[1 1 1 1 1 1 1 1 1 1] [ 2  3 11 19 20 21 27 28 29 44] [13263  4643  8831  6722 12716 10683 12833 11106 10735 12681] [] 1716184977.7805104256
[1 1 1 1 1 1 1 1 1 1] [ 2  3 11 19 20 21 27 28 29 44] [12375  4450  8771  5854 11775 10564 12479 10672 10499 10558] [] 1716184977.8235518932
[ 1  1  1  1  1  1 -1  1  1 -1 -1 -1  1] [ 2  3 11 19 20 21 26 27 28 29 34 36 44] [12319  4323  8743  5578 11468 10460 11153 12451 10663 10666 11793 13988
  8490] [] 1716184977.8665201664
[ 1  1  1  1  1  1  1  1 -1  1  1  1  1] [ 2  3 11 19 20 21 26 27 28 29 34 36 44] [11585  4287  8700  5371 11193 10422 11142 12441 10745 10616  9306 13723
  6429] [] 1716184977.9096183777
[ 1  1 -1  1  1  1  1  1  1  1  1  1  1  1] [ 2  3 10 11 19 20 21 26 27 28 29 34 36 44] [11331  4057 14195  8678  4909 10851 10422 10878 12217 10729 10312  9013
 12775  5732] [] 1716184977.9526164532
[ 1  1  1 -1 -1  1  1  1  1  1  1  1  1  1  1] [ 2  3 10 11 18 19 20 21 26 27 28 29 34 36 44] [11231  4029 11820  8712 11016  4655 10615 10378 10855 12155  9747  9973
  8881 11716  5224] [] 1716184977.9956274033
[-1  1  1  1  1  1  1  1  1  1  1 -1  1  1 -1  1] [ 2  3 10 11 18 19 20 21 26 27 28 29 34 36 37 44] [11355  3934 10884  8688 10656  4545 10399 10257 10742 11691  9222 10071
  8728  9564 16357  4723] [] 1716184978.0385830402
[-1  1  1  1  1  1  1  1  1  1  1 -1  1  1  1 -1 -1 -1] [ 2  3 10 11 18 19 20 21 26 27 28 29 34 36 37 42 44 45] [11754  3893  9963  8657 10499  4250  8363 10211  9361 11313  8953 10106
  8661  9087 13279 11670  4794 12448] [] 1716184978.0816349983
[-1  1  1 -1  1  1  1  1 -1  1  1 -1 -1 -1 -1  1  1  1  1  1] [ 1  2  3  4 10 11 18 19 20 21 26 27 28 29 34 36 37 42 44 45] [16042 11522  3863 10967  9659  8624 10216  4168  8670 10131  8766 11528
  9109 10198  8807  9026 12958  9627  4469  8183] [] 1716184978.1245887280
[ 1  1  1 -1  1  1  1  1  1  1  1 -1  1  1  1 -1  1  1  1  1  1] [ 1  2  3  4 10 11 18 19 20 21 26 27 28 29 34 35 36 37 42 44 45] [16000 11442  3743 11522  8971  8139  7681  4099  7235 10017  8678 11645
  8200 10181  7797 13888  8964 12069  8248  4203  7912] [] 1716184978.1676135063
[ 1  1  1  1  1  1  1  1  1  1  1  1  1  1 -1  1  1  1  1  1  1] [ 1  2  3  4 10 11 18 19 20 21 26 27 28 29 34 35 36 37 42 44 45] [15848 11423  3695 10500  8631  6598  6951  3984  7052  9968  8677 11164
  7813  8610  7807 13565  7386 11401  6521  4087  7657] [] 1716184978.2105252743
[-1  1  1  1  1  1  1  1  1 -1 -1  1  1  1  1  1  1  1 -1  1  1 -1 -1 -1] [ 1  2  3  4 10 11 18 19 20 21 23 26 27 28 29 34 35 36 37 42 44 45 46 53] [16185 11200  3461  9682  8305  5525  6799  3919  6888  9977 14660  8505
  9189  6151  7913  7610 12726  6549 11429  5958  4031  7921 11645 11481] [] 1716184978.2536163330
[ 1  1  1 -1  1  1  1  1  1 -1  1  1 -1  1  1  1  1  1  1  1  1  1  1  1] [ 1  2  3  4 10 11 18 19 20 21 23 26 27 28 29 34 35 36 37 42 44 45 46 53] [15832 10709  3329  9686  7732  4811  6516  3861  6295  9987 13848  8109
  9197  5245  6038  7234 12645  5699 11364  5233  3930  7752  8883  9323] [] 1716184978.2966496944
[ 1  1  1  1  1  1  1  1  1  1  1  1  1  1  1  1 -1  1 -1  1  1  1  1  1] [ 1  2  3  4 10 11 18 19 20 21 23 26 27 28 29 34 35 36 37 42 44 45 46 53] [15510 10555  3256  9591  7571  4580  5709  3775  6200  9919 13629  7949
  9090  4627  5861  6969 12675  5255 11545  4542  3631  7558  8621  8686] [] 1716184978.3395712376
[ 1 -1  1 -1  1  1  1  1  1  1  1  1  1  1  1  1 -1  1  1  1  1  1  1 -1
  1] [ 1  2  3  4 10 11 18 19 20 21 23 26 27 28 29 34 35 36 37 42 44 45 46 51
 53] [14976 10888  3149  9605  6473  4360  5656  3677  5935  9850 13545  7795
  9012  4443  5739  6386 12695  4993 11521  4274  3547  7470  7282 11520
  7347] [] 1716184978.3826148510
[ 1 -1  1  1  1  1  1  1  1  1  1  1  1  1  1  1  1  1 -1  1  1  1  1  1
 -1  1] [ 1  2  3  4 10 11 18 19 20 21 23 26 27 28 29 34 35 36 37 42 44 45 46 51
 52 53] [14777 11246  3095  9499  6107  4127  5377  3646  5687  9801 13168  7734
  8749  3759  4795  5931 12226  4359 11858  4112  3530  7423  7172 11220
 15327  6340] [] 1716184978.4256491661
[-1  1  1  1  1  1  1  1  1 -1  1  1  1  1  1  1  1  1 -1  1  1  1  1  1
  1  1] [ 1  2  3  4 10 11 18 19 20 21 23 26 27 28 29 34 35 36 37 42 44 45 46 51
 52 53] [14868 11041  2999  9357  5783  3616  5254  3565  5514  9822 13004  6786
  8621  3523  4644  5694 12185  3770 11944  3982  3410  7227  7085 11068
 15029  5886] [] 1716184978.4686367512
[ 1 -1  1  1  1  1  1  1 -1  1 -1  1 -1  1  1 -1  1  1 -1  1 -1 -1  1  1
  1 -1 -1] [ 1  2  3  4 10 11 18 19 20 21 23 26 27 28 29 34 35 36 37 42 44 45 46 51
 52 53 61] [14687 12854  2799  9321  5320  3435  4712  3503  5595  9795 13126  5615
  8626  3283  4568  5743 11799  3576 11972  3748  3425  7256  6389 10836
 12684  5888  7187] [] 1716184978.5116343498
[ 1 -1  1 -1  1  1  1  1  1 -1  1  1  1  1  1  1  1  1  1  1  1  1 -1 -1
 -1  1  1 -1  1] [ 1  2  3  4 10 11 18 19 20 21 23 26 27 28 29 34 35 36 37 42 44 45 46 50
 51 52 53 54 61] [14677 13834  2687  9330  4820  3199  4046  3487  5487  9798 13050  5213
  8534  3146  4433  5315  9846  3503 11776  3708  3335  6721  6473 14423
 10841 12425  5861 12688  7105] [] 1716184978.5546391010
[-1  1  1  1  1  1  1  1  1 -1  1  1 -1  1 -1  1 -1  1 -1 -1  1  1  1  1
 -1  1 -1  1  1  1] [ 1  2  3  4 10 11 18 19 20 21 23 26 27 28 29 34 35 36 37 38 42 44 45 46
 50 51 52 53 54 61] [14728  9920  2610  9238  4679  2972  3771  3439  5296  9816 12966  5051
  8551  3019  4519  4964 11039  3244 11805 12347  3620  3190  6337  6223
 14705  8598 12532  5651 12476  7030] [] 1716184978.5976557732
[ 1  1  1  1  1  1  1 -1  1  1  1  1 -1  1  1  1  1  1 -1  1  1  1  1  1
 -1 -1  1  1  1  1  1] [ 1  2  3  4 10 11 18 19 20 21 23 26 27 28 29 34 35 36 37 38 42 44 45 46
 47 50 51 52 53 54 61] [14683  9840  2521  9222  4549  2907  3709  3479  4871  9713 12964  4895
  8818  2971  4479  4567 10300  3168 11880  9555  3312  3152  6214  5750
  8183 15468  8309 11305  5204 12320  6726] [] 1716184978.6405997276
[ 1  1  1  1  1  1 -1  1  1  1 -1 -1  1  1  1  1  1  1  1  1  1  1  1  1
  1  1  1  1  1  1  1  1] [ 1  2  3  4 10 11 12 18 19 20 21 23 26 27 28 29 34 35 36 37 38 42 44 45
 46 47 50 51 52 53 54 61] [14619  7685  2435  9182  4465  2667 15846  3639  3393  4631  9806 13599
  4147  7965  2848  4467  4086  8911  3062 11271  9173  3164  3030  6111
  5683  6225 15013  8160 10562  4944  7836  6587] [] 1716184978.6836736202
[-1 -1  1  1  1  1  1  1  1  1  1 -1  1  1  1  1  1  1  1  1  1  1  1  1
  1  1  1  1  1  1  1  1] [ 1  2  3  4 10 11 12 18 19 20 21 23 26 27 28 29 34 35 36 37 38 42 44 45
 46 47 50 51 52 53 54 61] [14751  7837  2365  9127  4147  2589 11502  3531  3360  4496  9760 13663
  3997  6695  2685  4439  3981  7709  2949 10912  8896  3141  2984  5986
  5552  5466  9370  7765  9868  4840  7335  6573] [] 1716184978.7266552448
[ 1 -1  1 -1  1  1  1  1  1  1 -1 -1  1  1  1  1  1  1  1  1 -1  1  1  1
  1  1  1  1  1 -1  1  1] [ 1  2  3  4 10 11 12 18 19 20 21 23 26 27 28 29 34 35 36 37 38 42 44 45
 46 47 50 51 52 53 54 61] [14625  9177  2253  9177  3975  2542  9886  3439  3315  4094  9810 13703
  3853  6611  2655  4399  3877  7403  2855 10634  8987  2918  2884  4831
  5515  5021  8416  6415  9542  4858  7195  6414] [] 1716184978.7696442604
[-1  1  1  1  1  1  1  1  1  1 -1  1  1  1  1  1 -1  1  1  1  1 -1  1 -1
  1  1  1  1  1  1  1  1  1  1] [ 1  2  3  4 10 11 12 18 19 20 21 23 26 27 28 29 32 34 35 36 37 38 42 43
 44 45 46 47 50 51 52 53 54 61] [14719  8066  2181  9120  3811  2440  9563  3345  3262  3862  9942 13663
  3689  6561  2555  4355 13858  3639  6768  2727  9799  9073  2865 15327
  2832  4565  5082  4706  7376  6143  9232  4252  6980  6289] [] 1716184978.8126506805
[ 1 -1  1  1  1  1  1  1  1  1 -1 -1  1  1  1 -1  1  1  1  1  1  1  1 -1
  1  1  1  1  1  1  1 -1  1 -1 -1] [ 1  2  3  4 10 11 12 18 19 20 21 23 26 27 28 29 32 34 35 36 37 38 42 43
 44 45 46 47 50 51 52 53 54 60 61] [14565  8719  2145  9057  3491  2318  9318  3285  3211  3660 10001 13703
  3569  6459  2528  4375 12423  3466  6765  2645  9069  8929  2766 15431
  2784  4307  5055  4392  6402  5836  8891  4372  6739 12848  6409] [] 1716184978.8556678295
[-1 -1  1 -1  1  1  1 -1  1  1 -1 -1  1  1  1  1  1  1 -1  1 -1 -1  1  1
  1  1  1 -1  1  1  1  1  1  1  1] [ 1  2  3  4 10 11 12 18 19 20 21 23 26 27 28 29 32 34 35 36 37 38 42 43
 44 45 46 47 50 51 52 53 54 60 61] [14667 10410  2089  9098  3424  2290  8637  3311  3172  3492 10104 13719
  3167  6437  2485  4347 12076  3442  6767  2569  9150  8945  2673 15131
  2736  4223  4882  4422  6242  5807  8750  4242  6639 12484  6351] [] 1716184978.8986694813
[ 1 -1  1 -1  1  1  1 -1  1 -1  1  1  1  1  1  1  1 -1  1  1  1 -1  1  1
 -1  1 -1  1  1  1  1  1  1 -1  1  1] [ 1  2  3  4 10 11 12 15 18 19 20 21 23 26 27 28 29 32 34 35 36 37 38 42
 43 44 45 46 47 50 51 52 53 54 60 61] [14537 11134  2014  9113  3316  2258  8365 14893  3247  3173  3483 10000
 13701  3066  6325  2419  4283 12260  3363  6561  2484  9290  8362  2652
 15135  2626  4311  4838  4359  6207  5791  8669  4102  6709 12360  6258] [] 1716184978.9416925907
[-1  1  1  1  1  1  1  1  1  1 -1  1  1  1  1 -1 -1  1  1 -1  1  1  1 -1
  1  1  1  1  1 -1  1  1  1  1  1  1] [ 1  2  3  4 10 11 12 15 18 19 20 21 23 26 27 28 29 32 34 35 36 37 38 42
 43 44 45 46 47 50 51 52 53 54 60 61] [14603 10787  2014  9105  3306  2227  8272 14799  3233  3144  3487  9985
 13559  3039  6182  2427  4343 11687  3333  6564  2479  9035  7578  2656
 14971  2616  4255  4781  4278  6211  5759  8612  4083  6654 12328  6257] [] 1716184978.9846997261
[ 1  1 -1  1  1 -1  1  1  1  1 -1  1  1  1 -1 -1  1  1  1  1  1  1  1  1
 -1  1  1  1  1  1 -1 -1  1  1 -1  1] [ 1  2  3  4 10 11 12 15 18 19 20 21 23 26 27 28 29 32 34 35 36 37 38 42
 43 44 45 46 47 50 51 52 53 54 60 61] [14519  9706  2017  9019  3298  2237  8209 14707  3224  3109  3517  9958
 13559  3034  6233  2446  4185 11185  3327  6505  2478  8817  7571  2650
 14999  2610  4254  4757  4275  6182  5765  8684  4032  6574 12352  6240] [] 1716184979.0276365280
[-1  1  1 -1 -1  1 -1 -1  1  1  1 -1 -1  1  1  1  1  1 -1 -1  1  1 -1 -1
 -1 -1 -1 -1 -1 -1  1  1 -1  1  1] [ 1  2  3  4 10 11 12 15 18 19 20 21 23 26 27 28 29 32 34 35 36 37 38 42
 43 44 45 46 47 50 51 52 53 54 61] [14618  8518  2014  9100  3301  2196  8254 14783  3219  3109  3472 10016
 13687  3029  6153  2405  4090 11170  3350  6595  2478  8682  8892  2713
 15047  2632  4383  4837  4520  7024  5733  8442  4126  6571  6168] [] 1716184979.0706021786
[ 1 -1 -1  1  1 -1  1  1  1 -1  1  1 -1 -1 -1 -1  1 -1  1 -1 -1 -1 -1 -1
 -1 -1 -1 -1 -1 -1 -1 -1 -1 -1] [ 1  2  3  4 10 11 12 18 19 20 21 23 26 27 28 29 32 34 35 36 37 38 42 43
 44 45 46 47 50 51 52 53 54 61] [14509  8626  2055  9026  3270  2249  8201  3167  3105  3537  9879 13463
  3207  6161  2447  4207 11117  3405  6409  2490  8873  8918  2838 15119
  2720  4655  5058  4848  8493  6149  8611  4354  7005  6331] [] 1716184979.1136434078
[ 1 -1 -1 -1 -1 -1 -1 -1 -1 -1  1  1 -1 -1 -1 -1  1 -1 -1 -1 -1 -1  1 -1
 -1 -1 -1 -1  1 -1 -1 -1 -1] [ 1  2  3  4 10 11 12 18 19 20 21 23 26 27 28 29 32 34 35 36 37 38 42 44
 45 46 47 50 51 52 53 54 61] [14351  8663  2093  9057  3381  2393  8469  3253  3162  3592  9858 13423
  3365  6536  2469  4345 10635  3573  6428  2535  9116  9054  2816  2752
  4937  5461  5387 14720  6130  8747  4482  7353  6410] [] 1716184979.1565587521
[-1  1 -1  1 -1 -1 -1 -1  1 -1  1 -1 -1 -1  1  1 -1 -1 -1 -1  1  1 -1 -1
 -1  1 -1  1 -1 -1 -1 -1 -1] [ 1  2  3  4 10 11 12 18 19 20 21 23 26 27 28 29 32 34 35 36 37 38 42 44
 45 46 47 50 51 52 53 54 61] [14445  8469  2135  8987  3473  2406  9209  3327  3155  3681  9842 13487
  3515  6559  2465  4303 13045  3695  6500  2597  8886  8824  2926  2870
  5885  5449  7604 14601  7262  9524  4673 11924  6508] [] 1716184979.1995842457
[ 1 -1 -1 -1 -1 -1 -1 -1 -1 -1  1 -1 -1 -1 -1 -1 -1 -1 -1 -1 -1 -1 -1 -1
 -1 -1 -1 -1 -1 -1 -1] [ 1  2  3  4 10 11 12 18 19 20 21 23 26 27 28 29 34 35 36 37 38 42 44 45
 46 50 51 52 53 54 61] [14233  8855  2205  8997  3775  2495  9663  3357  3219  3754  9816 13555
  3653  6583  2519  4335  3822  6579  2666  9225  9109  3096  3002  5951
  5567 14659  7692 10497  4916 12744  6809] [] 1716184979.2425608635
[ 1 -1 -1  1 -1 -1 -1 -1 -1 -1  1  1 -1 -1 -1 -1 -1 -1 -1 -1 -1 -1 -1 -1
  1 -1 -1 -1 -1] [ 1  2  3  4 10 11 12 18 19 20 21 23 26 27 28 29 34 35 36 37 38 42 44 45
 46 51 52 53 61] [13951 13130  2291  8926  4031  2526 12426  3566  3232  3961  9813 13445
  4002  8412  2619  4389  4039  7234  2769 10336 10715  3160  3029  6039
  5565  7726 10640  5190  6852] [] 1716184979.2855622768
[-1 -1 -1  1 -1 -1 -1  1 -1 -1  1  1 -1  1 -1  1 -1 -1 -1  1 -1 -1 -1 -1
 -1 -1  1] [ 1  2  3  4 10 11 12 18 19 20 21 23 26 27 28 29 34 35 36 37 42 44 45 46
 51 52 53] [13970 13348  2367  8908  4052  2713 15099  3565  3237  4098  9748 13142
  4231  8288  2667  4313  4348  7504  2854 10326  3360  3050  6248  5932
  8218 11781  4964] [] 1716184979.3285267353
[ 1 -1 -1  1 -1 -1 -1 -1 -1  1  1 -1  1 -1  1 -1 -1 -1 -1 -1 -1 -1 -1 -1
 -1 -1] [ 1  2  3  4 10 11 18 19 20 21 23 26 27 28 29 34 35 36 37 42 44 45 46 51
 52 53] [13906 14162  2495  8882  4378  2929  3669  3314  4278  9711 13124  4747
  8249  2818  4271  5149  7963  3078 10616  3634  3227  7031  6992  8430
 12580  5685] [] 1716184979.3715486526
[ 1 -1 -1 -1 -1 -1 -1 -1 -1 -1 -1 -1 -1 -1  1 -1  1 -1 -1 -1 -1 -1 -1 -1
 -1 -1] [ 1  2  3  4 10 11 18 19 20 21 23 26 27 28 29 34 35 36 37 42 44 45 46 51
 52 53] [13892 15328  2575  8935  4391  3023  4071  3361  4805  9785 13178  5243
  8292  2895  4243  5999  7886  3239 10786  3904  3397  7309  8138 10985
 13477  6939] [] 1716184979.4145498276
[-1 -1 -1  1 -1 -1 -1 -1 -1  1 -1 -1  1 -1 -1 -1 -1 -1 -1 -1 -1 -1 -1 -1
 -1] [ 1  2  3  4 10 11 18 19 20 21 23 26 27 28 29 34 35 36 37 42 44 45 46 52
 53] [14130 15920  2776  8927  5086  3437  5005  3405  5085  9712 13239  7371
  8267  3013  4391  6399  9368  3397 11752  4145  3455  7454  8197 15783
  8659] [] 1716184979.4575424194
[ 1  1 -1 -1 -1 -1 -1 -1 -1 -1 -1 -1 -1 -1 -1 -1 -1 -1  1 -1 -1 -1 -1 -1] [ 1  2  3  4 10 11 18 19 20 21 23 26 27 28 29 34 35 36 37 42 44 45 46 53] [13914 14938  2932  9025  5435  3805  5119  3462  5348  9746 13277  7441
  8329  3245  4543  7009 10209  3600 11437  4909  3722  7511 13661 11351] [] 1716184979.5005300045
[-1  1 -1 -1 -1 -1 -1 -1 -1  1  1 -1 -1 -1 -1 -1 -1 -1  1 -1  1  1] [ 1  2  3  4 10 11 18 19 20 21 23 26 27 28 29 34 35 36 37 42 44 45] [13928 13600  3101  9149  5878  3974  5596  3570  5512  9608 13084  7693
  8462  3505  5383  7255 10985  4245 11179  6628  3721  7306] [] 1716184979.5435123444
[-1 -1 -1  1 -1 -1 -1 -1 -1 -1 -1 -1 -1 -1 -1 -1 -1 -1 -1 -1 -1 -1] [ 1  2  3  4 10 11 18 19 20 21 23 26 27 28 29 34 35 36 37 42 44 45] [14072 13874  3286  9025  6320  4676  6356  3598  5771  9633 13095  7942
  8537  4172  5837  7538 11296  4559 11279  8174  3898  7586] [] 1716184979.5865211487
[-1  1 -1  1 -1 -1 -1 -1 -1 -1 -1 -1 -1 -1 -1 -1 -1 -1 -1 -1 -1 -1] [ 1  2  3  4 10 11 18 19 20 21 23 26 27 28 29 34 35 36 37 42 44 45] [14422 13444  3306  9017  6465  5196  6453  3707  6208  9686 13439  8093
  8681  4513  6163  7636 11434  5082 11362 13477  3997  8305] [] 1716184979.6294584274
[-1 -1 -1 -1 -1 -1 -1 -1 -1 -1 -1 -1 -1 -1 -1 -1 -1 -1 -1  1] [ 1  2  3  4 10 11 18 19 20 21 23 26 27 28 29 34 35 36 37 44] [14435 13672  3404  9047  6647  6126  6684  3735  6507  9979 13913  8245
  8693  5389  8153  7877 12648  6790 11777  3874] [] 1716184979.6725215912
[-1  1 -1  1 -1 -1 -1 -1 -1  1 -1 -1 -1  1 -1 -1 -1  1 -1] [ 1  2  3  4 10 11 18 19 20 21 26 27 28 29 34 35 36 37 44] [15064 13222  3595  9029  6865  7503  7464  3814  6607  9786  8429 10901
  7811  8104  8486 13172  7270 11658  4190] [] 1716184979.7155036926
[-1  1 -1 -1 -1 -1 -1 -1 -1 -1 -1 -1 -1 -1 -1 -1 -1 -1] [ 1  2  3  4 10 11 18 19 20 21 26 27 28 29 34 36 37 44] [16004 12047  3695  9087  7657  7601  9824  3898  7736  9906  8700 11612
  8661  8153  8555  8622 13503  4725] [] 1716184979.7585151196
[ 1 -1 -1 -1 -1 -1 -1 -1  1 -1  1 -1 -1 -1 -1 -1] [ 2  3  4 10 11 18 19 20 21 26 27 28 29 34 36 44] [11659  3917 12361  8060  7602 10480  4028  8771  9901 10454 11399  9333
  8308  8810  8772  5632] [] 1716184979.8014841080
[-1  1 -1 -1 -1 -1 -1  1 -1 -1 -1 -1 -1 -1 -1] [ 2  3 10 11 18 19 20 21 26 27 28 29 34 36 44] [12377  3902  8645  8515 10903  4122  9827  9877 10738 11696 10456  8510
 11353  9279 10044] [] 1716184979.8444588184
[ 1 -1 -1  1  1 -1 -1 -1  1 -1 -1 -1] [ 2  3 10 11 19 20 21 27 28 29 36 44] [ 9855  3941  9523  8454  4116 10160 10001 11815 10426 10199 12063 12488] [] 1716184979.8874723911
[-1 -1 -1 -1 -1 -1 -1  1  1 -1 -1 -1] [ 2  3 10 11 19 20 21 27 28 29 36 44] [10046  3991 11000  8525  4347 10245 10037 11661 10403 10289 12412 12797] [] 1716184979.9304797649
[-1 -1 -1 -1 -1 -1 -1 -1 -1 -1] [ 2  3 11 19 20 21 27 28 29 44] [11138  4066  8544  5099 10726 10290 12415 10439 10313 13041] [] 1716184979.9735016823
[-1 -1 -1 -1 -1 -1 -1 -1 -1] [ 2  3 11 19 20 21 27 28 29] [11926  4377  8618  5699 11437 10421 12454 10543 10485] [] 1716184980.0164701939
[-1 -1 -1 -1 -1 -1  1 -1] [ 2  3 11 19 20 21 28 29] [14079  4480  8744  6356 11995 10665 10402 10727] [] 1716184980.0594451427
[-1  1 -1 -1 -1 -1 -1] [ 3 11 19 20 21 28 29] [ 5294  8699  9209 12963 10859 10570 11072] [] 1716184980.1024260521
[-1 -1 -1 -1 -1 -1 -1] [ 2  3 11 19 21 28 29] [14734  5708  8882  9767 11044 10737 11269] [] 1716184980.1454386711
[-1 -1 -1  1  1 -1] [ 2  3 11 19 21 28] [15016  7782  8917  9711 10999 10818] [] 1716184980.1884520054
[ 1  1 -1 -1] [ 2 11 19 28] [12531  8897 10143 10939] [] 1716184980.2314009666
[-1 -1] [11 28] [ 8953 10986] [] 1716184980.2743930817
[-1 -1] [11 28] [ 9348 11089] [] 1716184980.3173429966
[-1 -1] [11 28] [10014 11583] [] 1716184980.3604109287
[1] [28] [11515] [] 1716184980.4033615589
2 2 2 1716184980.5025336742
