FA TAX ADC PRES TS
[-1] [11] [11431] [] 1716184804.2524104118
[ 1 -1] [11 28] [11151 12862] [] 1716184804.2954330444
[1 1] [11 28] [ 9926 11727] [] 1716184804.3384678364
[1 1] [11 28] [ 9626 11610] [] 1716184804.3814756870
[-1 -1 -1] [11 19 28] [ 9645 13388 11611] [] 1716184804.4244797230
[1 1 1] [11 19 28] [ 9321 10391 11321] [] 1716184804.4674239159
[-1  1 -1 -1] [11 19 20 28] [ 9402 10172 14445 11358] [] 1716184804.5104739666
[ 1  1  1  1 -1] [11 19 20 28 29] [ 9195 10046 13670 11143 12541] [] 1716184804.5534527302
[1 1 1 1 1] [11 19 20 28 29] [ 8978  9630 12586 11081 11952] [] 1716184804.5964257717
[-1 -1  1  1 -1 -1  1] [ 3 11 19 20 27 28 29] [ 9897  9132  7831 12291 13160 11221 11427] [] 1716184804.6394779682
[1 1 1 1 1 1 1] [ 3 11 19 20 27 28 29] [ 7973  9124  7149 11825 12844 11184 11217] [] 1716184804.6824905872
[ 1  1  1  1 -1  1  1  1] [ 3 11 19 20 21 27 28 29] [ 7943  9109  6649 11442 11569 12651 11131 11107] [] 1716184804.7254147530
[ 1  1  1  1  1  1  1  1 -1] [ 3 11 19 20 21 27 28 29 44] [ 5777  9000  5994 10902 11090 12561 11120 10678 14011] [] 1716184804.7683191299
[ 1 -1  1  1  1  1  1  1  1] [ 3 11 19 20 21 27 28 29 44] [ 5602  9039  5818 10733 10879 12281 10978 10505 13103] [] 1716184804.8114573956
[ 1  1  1  1  1  1 -1 -1 -1  1] [ 3 11 19 20 21 27 28 29 36 44] [ 5423  8874  5145 10604 10717 12239 11027 10593 13802 12899] [] 1716184804.8544104099
[ 1 -1  1  1  1  1  1  1  1 -1] [ 3 11 19 20 21 27 28 29 36 44] [ 5258  8879  4858 10367 10399 12114 11002 10479 13277 12981] [] 1716184804.8974103928
[ 1 -1  1  1 -1 -1 -1  1  1  1  1] [ 3 11 19 20 21 26 27 28 29 36 44] [ 5194  8948  4736 10111 10423  9374 12226  9764 10241 12941 12599] [] 1716184804.9403378963
[ 1  1 -1  1  1  1  1  1  1  1  1 -1] [ 3 11 18 19 20 21 26 27 28 29 36 44] [ 5122  7638 11883  4590  7995 10346  8980 10183  8253 10226 12316 12697] [] 1716184804.9834175110
[ 1 -1  1  1  1  1  1 -1  1  1  1  1  1 -1] [ 3 10 11 18 19 20 21 26 27 28 29 36 44 45] [ 5091 14815  7262 11188  4452  7310 10275  8989 10027  7893 10157 11973
  8743 11754] [] 1716184805.0264348984
[ 1  1  1  1  1  1 -1  1  1  1 -1 -1  1 -1 -1  1  1] [ 3 10 11 18 19 20 21 26 27 28 29 34 36 37 42 44 45] [ 4987 11480  5813 10732  4272  6740 10443  8739  9959  7097 10267 11684
 11572 16369 13857  7293 10380] [] 1716184805.0694069862
[ 1  1  1  1  1  1  1  1  1  1 -1  1  1  1  1  1  1] [ 3 10 11 18 19 20 21 26 27 28 29 34 36 37 42 44 45] [ 4981 11074  5279 10541  4175  6674 10365  8659  9265  6186 10387  9455
 10623 13418 12502  6218  8444] [] 1716184805.1123769283
[-1  1  1  1  1  1  1  1  1  1  1  1  1 -1  1  1  1  1  1] [ 2  3 10 11 18 19 20 21 26 27 28 29 34 35 36 37 42 44 45] [13247  4627 10070  4652  8005  4043  6573 10165  8382  9130  5336  8760
  8903 14645  8999 12729 12173  5726  7909] [] 1716184805.1554646492
[ 1  1  1  1  1  1  1  1 -1  1  1  1  1  1  1  1  1  1  1  1] [ 2  3 10 11 18 19 20 21 23 26 27 28 29 34 35 36 37 42 44 45] [12559  4543  9535  4039  6981  3849  6378  9864 14517  8102  8830  4670
  8536  8723 14175  7102 12488 11163  5120  7536] [] 1716184805.1984570026
[ 1  1  1  1  1  1 -1 -1  1  1 -1  1  1 -1  1  1  1  1  1  1] [ 2  3 10 11 18 19 20 21 23 26 27 28 29 34 35 36 37 42 44 45] [12351  4514  9492  3892  6808  3729  6461  9914 13981  7190  8919  4423
  8494  8731 13823  6934 12301  8963  4818  7386] [] 1716184805.2414572239
[-1  1  1  1  1  1  1  1  1  1 -1  1  1  1  1  1  1  1  1 -1 -1] [ 2  3 10 11 18 19 20 21 23 26 27 28 29 34 35 36 37 42 44 45 53] [12447  4445  9030  3552  5993  3639  6298  9862 13294  6796  8925  3967
  6930  7718 13531  5997 11952  8259  4725  7480 13445] [] 1716184805.2844338417
[ 1  1  1  1  1  1  1  1  1  1 -1  1  1  1 -1  1 -1  1  1  1  1] [ 2  3 10 11 18 19 20 21 23 26 27 28 29 34 35 36 37 42 44 45 53] [12419  4049  8267  3263  5565  3498  6088  9773 13124  6049  8930  3728
  4916  7526 13577  5739 12086  7575  4560  7398 10440] [] 1716184805.3274452686
[ 1  1  1  1  1  1  1  1 -1  1  1  1  1  1  1  1  1  1  1  1  1] [ 2  3 10 11 18 19 20 21 23 26 27 28 29 34 35 36 37 42 44 45 53] [12107  3755  7718  3109  5518  3435  5756  9702 13125  5419  8864  3572
  4714  7463 11892  5556 11896  5906  4234  7155  7465] [] 1716184805.3704726696
[ 1  1  1  1  1  1  1 -1  1  1 -1  1  1  1 -1  1  1  1  1  1  1] [ 2  3 10 11 18 19 20 21 23 26 27 28 29 34 35 36 37 42 44 45 53] [11862  3550  7589  2930  5113  3329  5449  9754 12872  4753  8884  3344
  4589  7433 11911  5228 11544  5670  4074  7009  6675] [] 1716184805.4134500027
[ 1  1  1  1  1  1  1  1 -1  1  1  1  1  1  1  1  1  1  1  1 -1  1] [ 2  3 10 11 18 19 20 21 23 26 27 28 29 34 35 36 37 42 44 45 46 53] [ 8713  3451  7413  2832  4569  3279  5265  9629 12993  4287  8845  3214
  4498  7296  9673  5169 10566  5577  4014  6239  8572  6301] [] 1716184805.4564256668
[ 1  1  1  1  1  1  1 -1 -1  1  1  1  1  1  1  1 -1 -1  1  1  1 -1 -1  1] [ 2  3 10 11 18 19 20 21 23 26 27 28 29 34 35 36 37 42 44 45 46 51 52 53] [ 8348  3315  7232  2754  4551  3214  4540  9746 13105  4191  8781  3084
  4470  7085  9077  5011 10833  5800  3928  6132  8398 12259 14195  6065] [] 1716184805.4994597435
[ 1  1  1  1  1  1  1  1  1  1  1  1 -1  1 -1  1 -1  1  1  1 -1  1  1  1] [ 2  3 10 11 18 19 20 21 23 26 27 28 29 34 35 36 37 42 44 45 46 51 52 53] [ 7527  3127  7110  2699  4341  3154  4351  9675 13038  4074  6603  2965
  4503  6795  9291  4463 11190  4790  3767  6047  8661 11580 13306  5867] [] 1716184805.5424778461
[ 1  1  1  1  1  1  1 -1  1  1  1  1  1  1  1  1 -1  1  1  1  1  1 -1  1] [ 2  3 10 11 18 19 20 21 23 26 27 28 29 34 35 36 37 42 44 45 46 51 52 53] [ 7283  3051  6946  2606  4267  3116  4254  9721 12962  3812  6553  2791
  4495  5837  8752  4281 11346  4647  3632  5522  8018 10979 13443  5421] [] 1716184805.5854835510
[-1 -1  1 -1  1  1  1  1  1 -1 -1  1 -1  1  1  1  1  1 -1  1 -1  1 -1 -1
  1  1  1 -1 -1] [ 1  2  3  4 10 11 18 19 20 21 23 26 27 28 29 34 35 36 37 42 44 45 46 47
 51 52 53 54 61] [16028  7370  2819 13075  6921  2525  3954  3055  4091  9842 13218  3525
  6669  2644  4366  5512  8106  4084 11416  4090  3675  5515  8079 10270
 10734 12273  5362 12082  6793] [] 1716184805.6284852028
[-1  1  1  1  1  1 -1  1  1  1 -1  1  1 -1  1 -1  1  1  1  1  1  1  1  1
  1 -1  1  1  1  1  1] [ 1  2  3  4 10 11 15 18 19 20 21 23 26 27 28 29 34 35 36 37 42 44 45 46
 47 50 51 52 53 54 61] [16108  7187  2703 12151  6878  2501 15983  3885  3016  3913  9956 13204
  3375  6946  2572  4403  5260  7637  3906 10739  3652  3209  5139  6413
  6401 15062  8449 11583  5294 11972  6676] [] 1716184805.6715304852
[ 1 -1  1 -1  1  1  1  1  1  1 -1  1  1  1  1  1  1  1  1  1  1  1  1  1
  1  1 -1  1  1  1] [ 1  2  3  4 10 11 18 19 20 21 23 26 27 28 29 34 35 36 37 42 44 45 46 47
 50 51 52 53 54 61] [16107  7583  2555 12262  6188  2404  3673  2959  3740  9844 13268  3327
  6564  2445  4338  4636  7464  3803 10700  3392  3123  4551  6246  5540
 14249  6719 11885  5184 11796  6562] [] 1716184805.7145009041
[ 1 -1  1 -1 -1  1  1  1  1  1 -1  1  1  1  1  1  1 -1  1  1  1  1  1  1
  1  1  1  1  1  1] [ 1  2  3  4 10 11 18 19 20 21 23 26 27 28 29 34 35 36 37 42 44 45 46 47
 50 51 52 53 54 61] [15930  7635  2469 12927  6194  2314  3558  2947  3560  9830 13372  3165
  6210  2372  4207  4529  6691  3819  9397  3244  3071  4498  6184  5034
  8889  5790 10164  4954  9158  6494] [] 1716184805.7574362755
[-1 -1  1  1  1  1 -1  1  1  1  1  1  1  1  1  1  1  1  1  1 -1  1  1  1
  1  1  1  1  1  1  1  1] [ 1  2  3  4 10 11 15 18 19 20 21 23 26 27 28 29 34 35 36 37 38 42 44 45
 46 47 50 51 52 53 54 61] [16061  7791  2392 12439  5584  2255 14151  3467  2891  3494  9792 13250
  3029  6188  2289  4109  4186  6459  3742  8967 14216  3052  2987  4255
  5641  4584  8539  5493  9674  4738  7436  6443] [] 1716184805.8005053997
[ 1  1  1  1  1  1  1  1  1  1  1 -1  1  1  1  1  1  1  1 -1  1  1 -1  1
  1  1  1 -1  1  1  1  1  1] [ 1  2  3  4 10 11 15 18 19 20 21 23 26 27 28 29 34 35 36 37 38 42 43 44
 45 46 47 50 51 52 53 54 61] [16022  7203  2337 12031  5148  2115 13491  3405  2851  3312  9752 13340
  2947  6146  2205  4079  4040  6426  3644  9049 14049  2934 16215  2982
  3941  5538  4349  8671  5313  8408  4653  7298  6377] [] 1716184805.8435072899
[ 1 -1  1 -1  1  1  1  1  1  1  1 -1  1  1  1  1 -1  1  1  1  1  1  1  1
  1  1  1  1 -1  1  1 -1  1 -1] [ 1  2  3  4 10 11 15 18 19 20 21 23 26 27 28 29 32 34 35 36 37 38 42 43
 44 45 46 47 50 51 52 53 54 61] [15879  7548  2276 12363  4612  2087 13231  3205  2813  3277  8411 13899
  2891  6131  2167  3942 14685  3823  6040  3520  8717 13827  2914 15823
  2972  3899  5486  4237  8709  5285  8171  4688  6578  6427] [] 1716184805.8864943981
[-1  1  1  1  1  1  1  1  1  1  1  1  1  1  1 -1 -1  1  1  1  1 -1  1 -1
  1  1  1  1 -1 -1  1  1  1  1] [ 1  2  3  4 10 11 15 18 19 20 21 23 26 27 28 29 32 34 35 36 37 38 42 43
 44 45 46 47 50 51 52 53 54 61] [16019  7386  2254 12315  4556  2045 13143  3163  2784  3257  8262 13759
  2865  6025  2115  3987 14911  3698  5904  3456  8562 13847  2888 15863
  2968  3885  5468  4215  8757  5318  8081  4665  6419  6356] [] 1716184805.9295318127
[-1  1  1  1  1  1  1  1  1  1  1 -1  1  1  1 -1  1  1  1  1 -1 -1  1 -1
  1 -1 -1 -1  1  1  1  1  1  1] [ 1  2  3  4 10 11 15 18 19 20 21 23 26 27 28 29 32 34 35 36 37 38 42 43
 44 45 46 47 50 51 52 53 54 61] [16034  7304  2246 12269  4533  2033 13045  3149  2766  3240  8217 13815
  2859  6018  2101  4035 14805  3690  5802  3429  8595 13854  2842 15903
  2936  3919  5519  4229  8593  5252  8068  4544  6347  6356] [] 1716184805.9725162983
[ 1 -1 -1  1  1  1  1 -1  1  1 -1 -1 -1 -1  1 -1  1  1  1  1  1 -1 -1  1
  1 -1  1 -1  1 -1  1  1 -1 -1] [ 1  2  3  4 10 11 15 18 19 20 21 23 26 27 28 29 32 34 35 36 37 38 42 43
 44 45 46 47 50 51 52 53 54 61] [15962  7341  2279 11945  4504  2020 12971  3183  2754  3223  8219 13939
  2885  6029  2094  4271 13748  3663  5733  3424  8574 13877  2844 15847
  2930  3935  5514  4336  8565  5335  8062  4514  6381  6382] [] 1716184806.0155029297
[-1  1  1 -1 -1 -1 -1  1  1  1 -1  1  1  1 -1  1 -1 -1  1 -1  1 -1 -1  1
 -1  1 -1 -1 -1 -1 -1 -1 -1 -1] [ 1  2  3  4 10 11 15 18 19 20 21 23 26 27 28 29 32 34 35 36 37 38 42 43
 44 45 46 47 50 51 52 53 54 61] [15999  7298  2247 11982  4556  2028 13079  3127  2749  3202  8255 13869
  2859  5982  2109  4234 14042  3682  5674  3456  8549 13948  3005 15695
  2964  3899  5519  4711  8895  5563  8143  4624  7461  6461] [] 1716184806.0584795475
[-1  1 -1  1 -1 -1  1 -1 -1  1  1  1 -1 -1  1  1 -1 -1 -1  1 -1 -1 -1 -1
 -1 -1 -1 -1 -1 -1 -1 -1 -1 -1] [ 1  2  3  4 10 11 15 18 19 20 21 23 26 27 28 29 32 34 35 36 37 38 42 43
 44 45 46 47 50 51 52 53 54 61] [16114  7236  2252 11705  4704  2036 13069  3130  2764  3192  8239 13783
  2873  6067  2096  4197 14405  3805  5974  3433  8570 14532  3071 15711
  3016  4222  6125  5148 14278  5789  8553  4656 11472  6560] [] 1716184806.1015322208
[ 1 -1 -1  1 -1 -1 -1 -1 -1 -1 -1 -1 -1  1 -1  1 -1 -1 -1  1 -1  1 -1 -1
 -1 -1  1 -1 -1 -1 -1 -1] [ 1  2  3  4 10 11 15 18 19 20 21 23 26 27 28 29 34 35 36 37 42 43 44 45
 46 47 50 51 52 53 54 61] [15897  8019  2319 11562  5001  2119 13295  3217  2779  3246  9627 13871
  2901  6027  2182  4191  4030  6028  3582  8442  3210 15599  3028  4373
  6166  6069 14079  6992  9524  4698 11756  6622] [] 1716184806.1444563866
[ 1 -1 -1  1 -1 -1 -1 -1 -1 -1  1  1 -1 -1 -1  1 -1 -1 -1 -1 -1 -1 -1 -1
 -1 -1 -1 -1 -1] [ 1  2  3  4 10 11 15 18 19 20 21 23 26 27 28 29 34 35 36 37 42 44 45 46
 51 52 53 54 61] [15760  8061  2365 11543  5370  2170 13651  3235  2826  3301  9593 13671
  2941  6045  2200  4159  4062  6224  3628  8450  3312  3081  4675  6869
  8094 10465  4910 11851  7611] [] 1716184806.1874930859
[-1  1 -1  1 -1 -1 -1 -1  1 -1  1  1 -1 -1 -1  1 -1  1 -1 -1 -1 -1 -1 -1
 -1 -1  1] [ 1  2  3  4 10 11 15 18 19 20 21 23 26 27 28 29 34 35 36 37 42 44 45 46
 51 52 53] [15820  7666  2443 11209  5808  2291 14719  3371  2813  3313  9481 13258
  3051  6050  2311  4102  4238  6172  3687  8572  3590  3359  5055  7557
  8211 11293  4870] [] 1716184806.2305126190
[ 1  1 -1 -1 -1 -1 -1 -1 -1 -1  1  1 -1 -1 -1  1 -1 -1 -1  1 -1 -1 -1 -1
 -1  1 -1] [ 1  2  3  4 10 11 15 18 19 20 21 23 26 27 28 29 34 35 36 37 42 44 45 46
 51 52 53] [15730  7605  2750 11271  5841  2345 15351  3741  2879  3455  9357 13108
  3186  6081  2390  3962  4637  6441  3723  8510  3896  3433  5231  7717
 10677 11168  5036] [] 1716184806.2734873295
[-1  1 -1 -1 -1 -1 -1 -1 -1  1  1 -1 -1 -1  1 -1 -1 -1  1 -1 -1 -1 -1 -1
 -1] [ 1  2  3  4 10 11 18 19 20 21 23 26 27 28 29 34 35 36 37 42 44 45 46 52
 53] [16000  7532  2838 11430  6605  2450  3791  2922  3517  9335 13008  3269
  6147  2449  3962  4838  6841  3849  8431  4325  3558  5951 11255 13529
  5680] [] 1716184806.3165147305
[-1 -1 -1  1 -1 -1 -1 -1 -1 -1 -1 -1 -1 -1 -1 -1 -1 -1 -1 -1 -1 -1 -1 -1
 -1] [ 1  2  3  4 10 11 18 19 20 21 23 26 27 28 29 34 35 36 37 42 44 45 46 52
 53] [16093  7808  3094 11239  6758  2572  4025  3033  3663  9340 13018  3851
  6336  2589  3975  5562  6974  4095  8584  4730  3655  5988 15296 13987
  6664] [] 1716184806.3594293594
[-1 -1 -1  1 -1 -1 -1  1 -1  1  1 -1 -1 -1 -1 -1 -1 -1 -1 -1 -1  1 -1] [ 1  2  3  4 10 11 18 19 20 21 23 26 27 28 29 34 35 36 37 42 44 45 53] [16328  7844  3233 10810  6778  2625  4266  3012  3793  9315 13008  3874
  6492  2757  4055  6381  7366  4121  8774  6094  3845  5947  9197] [] 1716184806.4024035931
[-1 -1 -1 -1 -1 -1 -1 -1 -1 -1 -1 -1 -1 -1 -1  1 -1 -1 -1 -1 -1 -1] [ 2  3  4 10 11 18 19 20 21 23 26 27 28 29 34 35 36 37 42 44 45 53] [11648  3399 11170  6811  2764  4374  3121  4077  9366 13107  4221  6941
  2950  4071  6601  7265  4689  9167  7255  3964  6087 13367] [] 1716184806.4454150200
[-1 -1 -1 -1 -1 -1 -1 -1  1  1 -1 -1 -1 -1 -1 -1 -1 -1 -1 -1 -1] [ 2  3  4 10 11 18 19 20 21 23 26 27 28 29 34 35 36 37 42 44 45] [11673  3550 11199  7086  2858  5035  3174  4895  9352 12873  4558  6973
  3093  4195  6855  7780  5003  9459  8386  4209  6233] [] 1716184806.4884548187
[-1 -1  1 -1 -1 -1 -1 -1 -1 -1 -1 -1 -1 -1 -1 -1 -1 -1 -1 -1 -1] [ 2  3  4 10 11 18 19 20 21 23 26 27 28 29 34 35 36 37 42 44 45] [11889  3735 10173  7313  2906  5485  3241  5259  9390 12919  5147  8576
  3213  4601  7672  7999  5289 10806 11222  4499  6562] [] 1716184806.5314116478
[-1 -1  1 -1 -1 -1 -1 -1 -1 -1 -1 -1 -1 -1 -1 -1 -1 -1 -1 -1 -1] [ 2  3  4 10 11 18 19 20 21 23 26 27 28 29 34 35 36 37 42 44 45] [12077  3821 10073  7539  3213  5644  3387  5881  9480 13133  6669  8658
  3401  4781  8627  9522  5556 12140 13935  4858  6975] [] 1716184806.5743913651
[-1 -1  1 -1 -1 -1 -1 -1 -1  1 -1 -1 -1 -1 -1 -1 -1 -1 -1 -1] [ 2  3  4 10 11 18 19 20 21 23 26 27 28 29 34 35 36 37 44 45] [12439  3866  9648  8098  3567  6488  3442  6031  9595 13110  6979  8805
  3713  7054  8744 11328  5764 12394  5292 11472] [] 1716184806.6173684597
[-1 -1 -1 -1 -1 -1 -1 -1 -1 -1 -1 -1 -1 -1 -1 -1 -1  1 -1] [ 2  3  4 10 11 18 19 20 21 23 26 27 28 29 34 35 36 37 44] [13166  3896 10404  8872  4063  7366  3539  6363  9620 13331  7917  8959
  4194  8379  8975 11582  6779 12388  5628] [] 1716184806.6604051590
[ 1 -1 -1 -1 -1 -1 -1 -1 -1 -1  1 -1  1 -1 -1 -1 -1 -1] [ 2  3 10 11 18 19 20 21 23 26 27 28 29 34 35 36 37 44] [12631  3931  9133  4671  7699  3705  6463  9658 14090  8111  8952  4619
  8282 11347 14408  7124 12479  7995] [] 1716184806.7033638954
[ 1 -1 -1 -1 -1 -1  1 -1 -1 -1 -1 -1 -1 -1 -1] [ 2  3 10 11 18 19 20 21 26 27 28 29 34 36 44] [12243  4169  9557  5375 10395  3807  6399  9698  8298  8959  5581  9678
 11672  9795 12489] [] 1716184806.7463595867
[ 1 -1 -1 -1 -1 -1 -1 -1 -1  1 -1 -1 -1 -1] [ 2  3 10 11 18 19 20 21 26 27 28 29 36 44] [12114  4943 11090  6481 10703  4061  6794  9835  8731  8892  6740  9943
 11148 12877] [] 1716184806.7893383503
[-1 -1 -1 -1 -1 -1 -1 -1 -1 -1 -1 -1 -1 -1] [ 2  3 10 11 18 19 20 21 26 27 28 29 36 44] [12187  5069 13349  7003 11073  4161  7234  9994 13247  9091  7657  9995
 11983 13517] [] 1716184806.8324055672
[ 1  1 -1  1 -1 -1 -1 -1 -1  1] [ 2  3 11 19 20 21 27 28 29 36] [11977  4991  7959  4067  9697 10192  9118  9140 10089 11957] [] 1716184806.8752896786
[-1 -1 -1 -1 -1 -1 -1 -1 -1 -1] [ 2  3 11 19 20 21 27 28 29 36] [11980  5160  8621  4188  9974 10215 10918 10222 10190 12460] [] 1716184806.9182999134
[-1 -1 -1 -1 -1 -1 -1 -1 -1] [ 2  3 11 19 20 21 27 28 29] [12611  5408  8735  4740 10073 10431 11079 10399 10395] [] 1716184806.9612853527
[-1 -1 -1 -1 -1 -1 -1 -1 -1] [ 2  3 11 19 20 21 27 28 29] [13067  7377  8814  5680 10478 10858 11385 10631 10765] [] 1716184807.0042958260
[-1 -1 -1 -1 -1 -1 -1 -1 -1] [ 2  3 11 19 20 21 27 28 29] [15296  7932  9121  6805 11034 11140 12894 11028 11540] [] 1716184807.0472874641
[-1  1 -1 -1 -1 -1 -1] [ 3 11 19 20 21 28 29] [ 8067  9075  7899 11610 11326 11055 11658] [] 1716184807.0903713703
[ 1 -1 -1  1] [11 19 20 28] [ 8857  9509 12006 10829] [] 1716184807.1334674358
[-1 -1 -1 -1] [11 19 20 28] [ 8956  9926 13806 11138] [] 1716184807.1764128208
[-1  1] [11 28] [ 9030 10955] [] 1716184807.2192177773
[-1 -1] [11 28] [ 9310 11245] [] 1716184807.2623972893
[-1] [11] [9668] [] 1716184807.3053503036
[-1] [11] [10419] [] 1716184807.3483915329
[1] [11] [10066] [] 1716184807.3912198544
2 2 2 1716184807.4497275352
