FA TAX ADC PRES TS
[-1] [11] [9742] [] 1716179920.0397021770
[1] [11] [9738] [] 1716179920.0826749802
[-1] [11] [9792] [] 1716179920.1256814003
[1] [11] [9307] [] 1716179920.1684019566
[1] [11] [9002] [] 1716179920.2116870880
[1] [11] [8991] [] 1716179920.2546787262
[1] [11] [8901] [] 1716179920.2976312637
[-1 -1] [11 28] [ 8922 12030] [] 1716179920.3404874802
[1 1] [11 28] [ 8777 11636] [] 1716179920.3837139606
[-1 -1 -1  1] [ 3 11 19 28] [10055  9289 10824 11497] [] 1716179920.4267261028
[1 1 1 1] [ 3 11 19 28] [ 8574  9190  9879 11181] [] 1716179920.4696769714
[1 1 1 1] [ 3 11 19 28] [ 8311  9065  9662 11056] [] 1716179920.5124604702
[ 1 -1  1  1] [ 3 11 19 28] [ 6149  9084  9589 10844] [] 1716179920.5557451248
[ 1  1 -1  1] [ 3 11 19 28] [ 5846  8965  9654 10827] [] 1716179920.5987384319
[-1 -1 -1 -1 -1 -1] [ 3 11 19 20 27 28] [ 5883  9030  9805 14351 13173 10857] [] 1716179920.6416950226
[ 1  1  1  1  1 -1 -1] [ 3 11 19 20 27 28 44] [ 5806  8940  9683 13680 12808 10900 13494] [] 1716179920.6846935749
[ 1  1  1  1 -1  1 -1  1] [ 3 11 19 20 21 27 28 44] [ 5560  8916  9316 12453 11204 12650 11016 13325] [] 1716179920.7277152538
[-1  1  1  1 -1 -1 -1 -1  1] [ 3 11 19 20 21 27 28 29 44] [ 5609  8900  8008 12377 11242 12752 11158 12091 13097] [] 1716179920.7707824707
[1 1 1 1 1 1 1 1 1] [ 3 11 19 20 21 27 28 29 44] [ 5427  8881  7768 12295 11099 12533 11073 11892 12895] [] 1716179920.8137364388
[ 1  1  1  1  1 -1 -1  1  1] [ 3 11 19 20 21 27 28 29 44] [ 5319  8829  7662 11608 10877 12718 11154 11720 12537] [] 1716179920.8566229343
[ 1  1  1  1  1 -1  1 -1  1  1] [ 3 11 19 20 21 26 27 28 29 44] [ 5295  8781  6678 11285 10850 15209 12439 11322 11393 12391] [] 1716179920.8997578621
[ 1  1  1  1  1  1 -1  1  1 -1] [ 3 11 19 20 21 26 27 28 29 44] [ 4414  8376  6477 11129 10641 12511 12462 11162 11202 12417] [] 1716179920.9427559376
[ 1  1  1  1  1  1  1  1  1 -1  1] [ 3 11 19 20 21 26 27 28 29 42 44] [ 4307  7640  6219 10721 10411 12014 12267 11019 10931 14771 12279] [] 1716179920.9858083725
[ 1  1  1  1  1 -1  1  1  1  1 -1] [ 3 11 19 20 21 26 27 28 29 42 44] [ 4221  7598  5863 10398 10146 12283 12173 10839 10731 11214 12496] [] 1716179921.0286462307
[-1  1 -1  1  1  1  1  1  1  1  1 -1] [ 3 11 18 19 20 21 26 27 28 29 42 44] [ 4233  7553 11474  5816 10390 10021 12250 12173 10651 10657 10633 12525] [] 1716179921.0717954636
[ 1  1  1  1  1  1  1 -1  1 -1  1  1] [ 3 11 18 19 20 21 26 27 28 29 42 44] [ 4158  7494 10965  5503 10269  9924  9724 12312 10471 10675 10176 12197] [] 1716179921.1148095131
[ 1  1  1  1  1  1 -1 -1  1  1  1 -1] [ 3 11 18 19 20 21 26 27 28 29 42 44] [ 4105  7457 10449  4902  9962  9808 10277 12421 10450 10436  9263 12350] [] 1716179921.1578056812
[ 1 -1  1  1  1  1  1 -1  1  1 -1  1  1] [ 3 11 18 19 20 21 26 27 28 29 34 42 44] [ 3929  7568 10403  4737  9829  9727  9560 12515 10442 10315 13814  7558
 11210] [] 1716179921.2006278038
[ 1  1  1  1  1  1 -1 -1 -1  1  1  1  1] [ 3 11 18 19 20 21 26 27 28 29 34 42 44] [ 3786  7474 10150  4604  9718  9668 10282 12522 10531 10242 11647  7257
  8197] [] 1716179921.2437148094
[ 1 -1  1  1  1  1  1  1  1 -1  1 -1  1  1] [ 3 11 18 19 20 21 26 27 28 29 34 36 42 44] [ 3736  7477  7560  4512  8034  9589  9225 12287 10516 10295  8962 12763
  6213  6405] [] 1716179921.2867541313
[ 1  1  1  1  1 -1  1  1  1  1  1  1  1  1] [ 3 11 18 19 20 21 26 27 28 29 34 36 42 44] [ 3457  6335  7455  4305  7853  9729  9224 12156  9450 10186  8847 12667
  6152  5784] [] 1716179921.3297815323
[ 1  1  1  1 -1  1  1  1  1  1  1 -1  1 -1  1  1] [ 3 11 18 19 20 21 26 27 28 29 34 35 36 37 42 44] [ 3406  5927  7410  4113  7917  9669  8857 11689  9029 10161  8741 16047
 12429 16324  6046  5241] [] 1716179921.3724937439
[ 1 -1 -1  1  1  1  1 -1  1  1  1 -1  1  1 -1  1  1  1] [ 3  4 10 11 18 19 20 21 26 27 28 29 34 35 36 37 42 44] [ 3335 13666 14494  4753  7358  4040  7601  9765  8767 11664  8145 10222
  8630 15839 12438 12882  5817  4715] [] 1716179921.4157369137
[ 1  1  1  1  1  1  1  1  1 -1  1  1  1  1  1  1  1  1] [ 3  4 10 11 18 19 20 21 26 27 28 29 34 35 36 37 42 44] [ 3164 11633 12742  4195  6594  3970  6621  9678  8664 11887  7677 10194
  8442 13955 12247 12760  5389  4594] [] 1716179921.4588158131
[-1  1  1  1  1  1  1  1 -1  1 -1  1 -1  1 -1  1  1  1 -1 -1] [ 1  3  4 10 11 18 19 20 21 26 27 28 29 34 35 36 37 42 44 45] [16032  3120 10798 12289  4107  6312  3923  6578  9716  8618 12003  7523
 10292  8397 13991 11958 12369  5174  4630 11912] [] 1716179921.5018098354
[ 1  1  1  1  1  1  1 -1  1 -1  1 -1  1  1  1  1  1  1  1  1  1] [ 1  3  4 10 11 18 19 20 21 23 26 27 28 29 34 35 36 37 42 44 45] [15556  3074 10451 12252  3942  5810  3884  6885  9623 14184  7509 12016
  6832 10267  8363 13793 11849 12133  4751  4255  8765] [] 1716179921.5446894169
[-1  1  1  1  1  1  1 -1  1  1  1  1  1  1  1  1  1  1  1  1  1] [ 1  3  4 10 11 18 19 20 21 23 26 27 28 29 34 35 36 37 42 44 45] [15614  2863  9923  9857  3557  4981  3853  6910  9591 13099  7199 11541
  5732 10251  8321 11824 11528 10988  4442  4119  8307] [] 1716179921.5877783298
[ 1  1  1  1  1  1  1 -1 -1  1  1  1  1 -1  1  1 -1  1  1  1  1] [ 1  3  4 10 11 18 19 20 21 23 26 27 28 29 34 35 36 37 42 44 45] [15550  2751  9781  8563  3398  4805  3829  7020  9613 13054  5963 11290
  5252 10272  8287 10884 11988 10779  4365  3951  8190] [] 1716179921.6307656765
[-1  1  1  1  1  1  1  1 -1  1  1  1  1  1  1 -1  1  1  1 -1  1 -1] [ 1  3  4 10 11 18 19 20 21 23 26 27 28 29 34 35 36 37 42 44 45 50] [15666  2703  9739  8259  3207  4486  3711  6520  9713 12994  5541  9384
  5121 10030  8163 10899 11481 10601  4102  4007  7848 10243] [] 1716179921.6738305092
[ 1 -1  1  1  1  1  1  1  1  1 -1  1  1  1  1 -1  1  1 -1  1 -1  1  1 -1] [ 1  2  3  4 10 11 18 19 20 21 23 26 27 28 29 34 35 36 37 42 44 45 50 53] [15518 10992  2678  9714  7977  3081  4465  3701  5879  9672 13000  5307
  7667  4720  7380  8327 10267 11077 10696  3976  4015  7805 10156 12199] [] 1716179921.7165710926
[ 1  1  1 -1  1  1 -1  1  1  1  1  1  1  1  1  1 -1  1 -1 -1  1  1  1  1
  1] [ 1  2  3  4 10 11 18 19 20 21 23 26 27 28 29 34 35 36 37 41 42 44 45 50
 53] [15302  9001  2633  9746  7094  3013  4479  3598  5641  9629 12932  5115
  7426  4534  6347  7557 11383 10971 11378 14708  3888  3967  6890 10012
 10591] [] 1716179921.7597339153
[ 1  1  1  1  1  1  1  1  1 -1  1  1  1  1  1  1  1  1  1 -1  1  1  1 -1
  1] [ 1  2  3  4 10 11 18 19 20 21 23 26 27 28 29 34 35 36 37 41 42 44 45 50
 53] [15185  8914  2602  9538  6939  2887  4414  3592  5513  9737 12861  4712
  7305  4523  5443  7327 10542 10913 11345 15056  3764  3877  6585 10068
 10357] [] 1716179921.8027944565
[ 1  1  1  1  1  1  1  1  1  1  1  1 -1  1  1  1  1 -1  1  1  1  1 -1 -1
  1  1] [ 1  2  3  4 10 11 18 19 20 21 23 26 27 28 29 34 35 36 37 41 42 44 45 46
 50 53] [14792  8740  2523  9509  6654  2726  4355  3551  4964  9638 12807  4293
  7312  4082  5075  7200 10081 10924 11339 13195  3689  3869  6692 10982
  9900  7492] [] 1716179921.8458662033
[ 1  1  1  1  1  1  1  1  1 -1  1  1  1  1  1 -1  1  1 -1 -1  1  1  1  1
  1 -1  1] [ 1  2  3  4 10 11 18 19 20 21 23 26 27 28 29 34 35 36 37 41 42 44 45 46
 50 51 53] [14638  8637  2405  9464  5838  2587  4307  3481  4821  9714 12698  4233
  7198  3693  5050  7246 10032  8475 11349 14953  3605  3863  6643 10827
  9896 12888  7367] [] 1716179921.8888833523
[-1 -1  1  1  1  1 -1  1  1 -1  1 -1  1 -1  1  1 -1 -1 -1  1  1  1  1  1
  1  1  1  1] [ 1  2  3  4 10 11 15 18 19 20 21 23 26 27 28 29 34 35 36 37 41 42 44 45
 46 50 51 53] [14669  8668  2376  9455  5759  2525 13986  4296  3452  5043  9653 12848
  4030  7218  3597  4973  7391 10082  8517 11311 13856  3481  3815  6594
 10768  9857 11692  7342] [] 1716179921.9318704605
[-1 -1  1 -1  1  1  1  1  1  1 -1  1  1  1  1 -1  1  1  1 -1 -1  1  1  1
  1  1  1  1 -1] [ 1  2  3  4 10 11 15 18 19 20 21 23 26 27 28 29 34 35 36 37 38 41 42 44
 45 46 50 51 53] [14726  9016  2348  9467  5611  2463 13826  4191  3433  4699  9685 12773
  3951  7192  3450  4983  7209  9848  8444 11384 10676 13327  3451  3758
  6537 10555  8517 11201  7468] [] 1716179921.9748198986
[-1  1  1  1  1  1 -1  1  1  1 -1 -1  1  1  1 -1  1 -1 -1 -1  1 -1  1  1
  1 -1  1  1 -1] [ 1  2  3  4 10 11 15 18 19 20 21 23 26 27 28 29 34 35 36 37 38 41 42 44
 45 46 50 51 53] [14806  8707  2343  9444  5329  2431 13970  4111  3393  4349  9793 12956
  3849  6683  3307  4987  7171 10015  8540 11721 10561 13439  3414  3757
  6526 10566  8456 11146  7496] [] 1716179922.0178506374
[ 1  1  1  1  1 -1  1 -1  1  1  1 -1  1  1  1  1  1 -1 -1  1  1  1  1 -1
 -1 -1  1 -1  1] [ 1  2  3  4 10 11 15 18 19 20 21 23 26 27 28 29 34 35 36 37 38 41 42 44
 45 46 50 51 53] [14806  8593  2299  9436  5185  2475 13905  4137  3372  4330  9741 13008
  3821  6619  3277  4972  7149 10102  8545 11685 10515 13321  3348  3799
  6542 10625  8403 11220  7384] [] 1716179922.0606629848
[-1  1  1  1  1  1 -1  1  1 -1  1 -1  1  1  1 -1 -1 -1  1  1 -1 -1  1  1
  1  1 -1  1  1] [ 1  2  3  4 10 11 15 18 19 20 21 23 26 27 28 29 34 35 36 37 38 41 42 44
 45 46 50 51 53] [14836  8539  2292  9409  5156  2423 14073  4068  3354  4366  9666 13024
  3818  6616  3237  4991  7151 10626  8283 11594 10539 13407  3340  3751
  6510 10561  8472 11159  7329] [] 1716179922.1038241386
[ 1  1  1 -1  1  1  1  1 -1  1  1 -1 -1 -1 -1  1  1  1 -1 -1 -1 -1  1  1
  1 -1 -1  1] [ 1  2  3  4 10 11 15 18 19 20 21 23 26 27 28 29 34 35 36 37 41 42 44 45
 46 50 51 53] [14802  8440  2287  9443  5068  2417 13944  4029  3399  4231  9661 13056
  3822  6647  3262  4975  7077  9746  8292 11744 13767  3400  3731  6445
 10560  9767 11343  7285] [] 1716179922.1468882561
[ 1 -1  1  1 -1 -1  1 -1  1 -1 -1  1  1 -1 -1  1 -1  1  1  1 -1 -1  1 -1
 -1  1 -1] [ 1  2  3  4 10 11 15 18 19 20 21 23 26 27 28 29 34 35 36 37 41 42 44 45
 46 50 53] [14712  8945  2285  9363  5427  2451 13817  4071  3368  4233  9704 13012
  3809  7087  3297  4906  7129  9624  8103 11459 14263  3455  3709  6502
 10897  9750  7520] [] 1716179922.1899502277
[ 1  1 -1 -1 -1  1 -1 -1 -1 -1  1  1 -1  1 -1 -1  1 -1 -1  1 -1 -1 -1  1
 -1 -1] [ 1  2  3  4 10 11 15 18 19 20 21 23 26 27 28 29 34 35 36 37 41 42 44 45
 50 53] [14630  8801  2331  9409  5455  2420 16352  4147  3439  4318  9635 12923
  3887  7082  3392  4931  7004  9835  8271 11378 15730  3514  3743  6285
  9794 10343] [] 1716179922.2327501774
[ 1 -1 -1  1 -1 -1 -1  1 -1 -1  1 -1 -1 -1 -1 -1  1 -1  1 -1  1  1 -1 -1] [ 1  2  3  4 10 11 18 19 20 21 23 26 27 28 29 34 35 36 37 42 44 45 50 53] [14627  8810  2333  9399  5679  2444  4244  3389  4605  9674 12806  3889
  7097  3531  4954  7215  9090  8463 11340  3662  3727  6245 10006 14798] [] 1716179922.2757604122
[ 1  1 -1 -1 -1 -1 -1 -1 -1  1  1 -1 -1 -1 -1  1 -1 -1 -1 -1  1  1 -1] [ 1  2  3  4 10 11 18 19 20 21 23 26 27 28 29 34 35 36 37 42 44 45 50] [14557  8699  2415  9442  6422  2530  4305  3418  5242  9611 12728  3951
  7138  3787  5024  7192  9204 10053 11412  3680  3727  6167 10277] [] 1716179922.3187954426
[-1  1 -1  1 -1 -1  1 -1  1  1  1 -1  1 -1 -1 -1 -1 -1  1  1 -1 -1] [ 1  2  3  4 10 11 18 19 20 21 23 26 27 28 29 34 35 36 37 42 44 45] [14710  8693  2435  9354  6578  2658  4266  3477  5211  9563 12660  4134
  7119  4006  6173  7273  9669 10737 11151  3548  3774  6236] [] 1716179922.3617095947
[-1 -1 -1  1 -1 -1 -1 -1  1  1  1 -1  1 -1 -1 -1 -1 -1 -1 -1 -1 -1] [ 1  2  3  4 10 11 18 19 20 21 23 26 27 28 29 34 35 36 37 42 44 45] [14752  8829  2542  9354  6864  2722  4290  3485  5197  9531 12562  4391
  7077  4251  6179  8102 10067 10815 11168  4108  4087  7303] [] 1716179922.4046001434
[ 1 -1  1 -1 -1 -1 -1 -1 -1 -1 -1 -1 -1 -1 -1 -1  1  1 -1 -1 -1] [ 1  3  4 10 11 18 19 20 21 23 26 27 28 29 34 35 36 37 42 44 45] [14688  2554  9342  7622  2888  4357  3538  5760  9548 12710  4913  7122
  4705  7140  8119 10396 10798 11000  4285  4107  7364] [] 1716179922.4477083683
[ 1 -1  1 -1 -1 -1 -1 -1  1 -1 -1 -1 -1 -1 -1 -1 -1 -1 -1 -1 -1] [ 1  3  4 10 11 18 19 20 21 23 26 27 28 29 34 35 36 37 42 44 45] [14516  2584  9328  7846  3089  4647  3580  6158  9476 12762  5048  7243
  4999  8874  8145 10459 10911 11248  4906  4254  9599] [] 1716179922.4906272888
[-1 -1 -1 -1 -1 -1 -1  1 -1 -1 -1 -1 -1 -1  1 -1 -1 -1 -1 -1 -1] [ 1  3  4 10 11 18 19 20 21 23 26 27 28 29 34 35 36 37 42 44 45] [14650  2816  9388  8166  3237  4770  3628  6047  9584 12897  5801  8764
  5203 10181  8101 10837 10962 11419  5191  4517 11569] [] 1716179922.5336148739
[-1 -1 -1 -1 -1 -1 -1 -1  1 -1 -1 -1 -1  1 -1 -1 -1 -1 -1 -1] [ 1  3  4 10 11 18 19 20 21 23 26 27 28 29 34 35 36 37 42 44] [14752  2991  9539  9406  3468  5112  3721  6165  9466 13001  6926 11038
  5725 10149  8198 12853 11444 12477  5604  4723] [] 1716179922.5765810013
[-1 -1 -1 -1 -1 -1 -1  1 -1 -1 -1 -1 -1  1 -1 -1 -1 -1 -1 -1] [ 1  3  4 10 11 18 19 20 21 23 26 27 28 29 34 35 36 37 42 44] [15044  3163  9574 10236  3613  6461  3811  6095  9501 13137  7962 11126
  6583 10085  8303 12923 11928 12503  5882  5053] [] 1716179922.6195821762
[-1 -1 -1 -1 -1 -1 -1 -1 -1 -1 -1 -1 -1  1 -1 -1  1 -1 -1 -1] [ 1  3  4 10 11 18 19 20 21 23 26 27 28 29 34 35 36 37 42 44] [15091  3263  9733 12132  3835  7153  3841  6394  9548 13308  7979 11241
  7371  9938  8458 12929 11921 12735  5962  5574] [] 1716179922.6625771523
[-1 -1 -1 -1 -1 -1 -1 -1 -1 -1  1 -1  1 -1 -1 -1 -1 -1] [ 1  3  4 10 11 18 19 20 21 26 27 28 29 34 35 36 42 44] [15698  3453 10029 16142  4419  7239  3898  6553  9579  8126 11182  8632
  9900  8685 14668 12179  6379  7241] [] 1716179922.7056238651
[-1 -1 -1 -1 -1 -1  1 -1  1 -1 -1 -1 -1 -1 -1] [ 3  4 11 18 19 20 21 26 27 28 29 34 36 42 44] [ 3685 10735  5328  7451  4078  6601  9525  8306 11083  9179 10045  9012
 12511  8168  9498] [] 1716179922.7485690117
[-1 -1 -1 -1 -1  1  1 -1 -1 -1 -1 -1 -1 -1 -1] [ 3  4 11 18 19 20 21 26 27 28 29 34 36 42 44] [ 3773 12213  6548  7468  4187  6549  9516  8621 11131  9321 10196  9166
 13197  9521 11923] [] 1716179922.7916011810
[-1 -1 -1 -1 -1 -1 -1 -1 -1 -1  1 -1 -1 -1 -1] [ 3  4 11 18 19 20 21 26 27 28 29 34 36 42 44] [ 3886 13143  7510  7786  4281  7695  9528  8936 11290 10366 10098  9229
 13200 10862 11943] [] 1716179922.8345968723
[-1 -1  1 -1 -1 -1 -1 -1 -1  1 -1 -1] [ 3  4 11 18 19 20 21 26 27 28 29 44] [ 4003 14883  7461  7955  4515  9561  9609  8975 11519 10298 10234 12022] [] 1716179922.8776018620
[-1  1  1 -1 -1 -1 -1 -1  1 -1 -1] [ 3 11 18 19 20 21 26 27 28 29 44] [ 4030  7446  7915  4614  9720  9748  9612 11644 10252 10269 12451] [] 1716179922.9205100536
[-1 -1 -1 -1 -1 -1 -1 -1 -1 -1 -1] [ 3 11 18 19 20 21 26 27 28 29 44] [ 4068  7580 10718  4841  9834  9799  9996 12111 10342 10373 12595] [] 1716179922.9636843204
[-1  1 -1 -1 -1 -1 -1 -1 -1 -1] [ 3 11 19 20 21 26 27 28 29 44] [ 4083  7507  5567 10133 10060 12201 12414 10495 10663 12667] [] 1716179923.0066416264
[-1 -1 -1 -1 -1 -1  1 -1 -1 -1] [ 3 11 19 20 21 26 27 28 29 44] [ 4203  7567  6108 10319 10116 12246 12300 10617 11123 12911] [] 1716179923.0496470928
[-1 -1 -1 -1 -1 -1  1 -1 -1] [ 3 11 19 20 21 26 27 28 29] [ 5075  7596  6330 10367 10228 12452 12277 10699 11216] [] 1716179923.0927159786
[-1  1 -1 -1 -1  1  1 -1] [ 3 11 19 20 21 27 28 29] [ 5102  7580  7435 10986 10432 12115 10618 11355] [] 1716179923.1357781887
[-1 -1 -1 -1 -1 -1 -1 -1] [ 3 11 19 20 21 27 28 29] [ 5198  8539  9292 11324 10541 12467 10747 11748] [] 1716179923.1787939072
[-1 -1 -1 -1  1 -1  1] [ 3 11 19 20 21 27 28] [ 5327  8603  9438 11362 10415 12748 10548] [] 1716179923.2216434479
[-1 -1 -1 -1 -1  1 -1] [ 3 11 19 20 21 27 28] [ 5484  8703  9715 12620 10783 12686 10912] [] 1716179923.2647464275
[-1  1  1 -1  1] [ 3 11 19 20 28] [ 5687  8680  9536 16067 10888] [] 1716179923.3076961040
[-1 -1  1  1] [ 3 11 19 28] [ 6102  8774  9426 10788] [] 1716179923.3505094051
[-1 -1 -1  1] [ 3 11 19 28] [ 7945  8832  9635 10750] [] 1716179923.3937354088
[1 1] [11 28] [ 8489 10645] [] 1716179923.4366822243
[-1] [11] [8514] [] 1716179923.4797284603
[-1] [11] [8567] [] 1716179923.5227408409
[-1] [11] [8890] [] 1716179923.5657427311
[-1] [11] [9425] [] 1716179923.6087541580
[-1] [11] [9614] [] 1716179923.6517596245
[-1] [11] [9623] [] 1716179923.6946454048
2 2 2 1716179923.7566492558
