FA TAX ADC PRES TS
[1] [11] [9959] [] 1716182609.2292065620
[1] [11] [9937] [] 1716182609.2721681595
[1] [11] [9935] [] 1716182609.3151249886
[1] [11] [9562] [] 1716182609.3581335545
[1] [11] [9415] [] 1716182609.4011466503
[1] [11] [9151] [] 1716182609.4441771507
[1] [11] [8862] [] 1716182609.4871261120
[1] [11] [8820] [] 1716182609.5301518440
[1] [11] [8666] [] 1716182609.5731244087
[1] [11] [8575] [] 1716182609.6161389351
[-1 -1 -1 -1] [ 3 11 19 28] [ 9939  9355 11116 12563] [] 1716182609.6591207981
[ 1  1  1 -1  1] [ 3 11 19 20 28] [ 9616  9193 10559 15438 11695] [] 1716182609.7021360397
[1 1 1 1 1] [ 3 11 19 20 28] [ 9320  9132 10188 14267 11414] [] 1716182609.7451426983
[1 1 1 1 1] [ 3 11 19 20 28] [ 6525  9083  9961 13917 11116] [] 1716182609.7880809307
[1 1 1 1 1] [ 3 11 19 20 28] [ 6198  8882  8997 13079 10945] [] 1716182609.8311388493
[1 1 1 1 1] [ 3 11 19 20 28] [ 6051  8821  8593 12714 10888] [] 1716182609.8741354942
[ 1  1  1  1 -1] [ 3 11 19 20 28] [ 5967  8789  7795 11953 10972] [] 1716182609.9171681404
[ 1 -1 -1  1  1 -1 -1] [ 3 11 18 19 20 26 28] [ 5522  8982 15666  6665 11821 11208 11098] [] 1716182609.9601240158
[ 1 -1  1  1  1 -1  1 -1 -1 -1] [ 3 11 18 19 20 21 26 27 28 29] [ 5450  9041 12818  6240 11744 13266 11158 12850 11212 13316] [] 1716182610.0031647682
[ 1  1  1  1  1  1  1  1  1  1 -1] [ 3 11 18 19 20 21 26 27 28 29 34] [ 5373  8012 11864  5729 11533 11223 11050 12276 11195 11790 12469] [] 1716182610.0461263657
[1 1 1 1 1 1 1 1 1 1 1] [ 3 11 18 19 20 21 26 27 28 29 34] [ 5234  7857 11653  5461 11471 10870 10939 12142 11013 11328  9791] [] 1716182610.0891559124
[ 1  1  1  1  1  1  1  1  1  1  1 -1] [ 3 11 18 19 20 21 26 27 28 29 34 44] [ 5191  7730 11317  5062 11359 10646 10818 11948 10992 11143  9746 13735] [] 1716182610.1321735382
[1 1 1 1 1 1 1 1 1 1 1 1] [ 3 11 18 19 20 21 26 27 28 29 34 44] [ 5073  7685  8272  4874 11086 10613 10559 11908 10960 10805  9548 13029] [] 1716182610.1751401424
[1 1 1 1 1 1 1 1 1 1 1 1] [ 3 11 18 19 20 21 26 27 28 29 34 44] [ 5047  7548  7179  4575 10443 10422 10422 11892 10830 10606  9100 12870] [] 1716182610.2181050777
[ 1  1  1  1  1 -1  1  1  1 -1  1 -1 -1 -1] [ 3 11 18 19 20 21 26 27 28 29 34 36 42 44] [ 4983  7181  7002  4440 10442 10519 10373 11555  8746 10613  9049 12930
 12723 12926] [] 1716182610.2610018253
[ 1  1  1  1  1  1  1  1  1  1 -1  1  1  1] [ 3 11 18 19 20 21 26 27 28 29 34 36 42 44] [ 4951  6878  6882  4282  8672 10365  8594 11086  8592 10613  9103 12877
 11959 12725] [] 1716182610.3040497303
[ 1  1  1  1  1  1  1 -1  1 -1  1  1  1  1] [ 3 11 18 19 20 21 26 27 28 29 34 36 42 44] [ 4676  6203  6306  4070  8506 10294  8387 11166  8563 10636  8941 12634
 11374 11390] [] 1716182610.3470184803
[ 1  1  1  1 -1 -1  1  1  1  1  1  1  1  1] [ 3 11 18 19 20 21 26 27 28 29 34 36 42 44] [ 4368  5353  5951  3917  8639 10302  8254 11104  8535 10331  8773 11960
  8852 10469] [] 1716182610.3900215626
[ 1  1  1  1  1  1  1 -1  1  1 -1  1  1  1] [ 3 11 18 19 20 21 26 27 28 29 34 36 42 44] [ 4141  4849  5154  3759  8617 10187  8149 11396  7700 10253  8779 11416
  8145  7887] [] 1716182610.4329988956
[ 1  1  1  1  1 -1  1  1  1  1  1  1  1  1] [ 3 11 18 19 20 21 26 27 28 29 34 36 42 44] [ 3646  4813  5031  3715  8261 10253  7995 11375  6993 10233  8596 11306
  6864  7517] [] 1716182610.4760456085
[ 1  1  1  1  1 -1 -1 -1  1 -1  1  1  1  1] [ 3 11 18 19 20 21 26 27 28 29 34 36 42 44] [ 3535  4434  4727  3595  8203 10254  8026 11433  6684 10238  8498 11116
  6039  6315] [] 1716182610.5189812183
[-1  1 -1  1  1  1  1  1  1  1  1 -1  1  1  1  1] [ 1  3 10 11 18 19 20 21 26 27 28 29 34 36 42 44] [15720  3199 13281  4023  4542  3519  7820  9985  7882  8916  6114 10303
  8410 10910  5826  5930] [] 1716182610.5620229244
[ 1  1  1  1  1  1  1 -1  1  1  1  1  1  1  1  1] [ 1  3 10 11 18 19 20 21 26 27 28 29 34 36 42 44] [15669  2916 13235  3818  4261  3471  7608  9995  7831  8419  5713 10212
  8351 10345  5761  5100] [] 1716182610.6050302982
[ 1  1  1  1  1  1  1  1  1  1  1 -1  1 -1  1  1  1] [ 1  3 10 11 18 19 20 21 26 27 28 29 34 35 36 42 44] [15602  2853 13195  3712  4109  3371  7076  9941  7764  8319  5142 10220
  8225 15829 10167  5176  4832] [] 1716182610.6480419636
[ 1  1  1  1  1  1  1  1  1  1  1  1 -1  1 -1  1  1 -1] [ 1  3 10 11 18 19 20 21 26 27 28 29 34 35 36 42 44 45] [15594  2782 10441  3593  3842  3308  6555  9880  7686  8235  5102 10187
  8280 15407 10188  5034  4696 12068] [] 1716182610.6910223961
[-1 -1  1  1  1  1  1  1 -1 -1  1  1  1  1 -1  1  1  1  1] [ 1  2  3 10 11 18 19 20 21 26 27 28 29 34 35 36 42 44 45] [15806 15480  2735  9589  3503  3758  3289  6416  9933  7805  8197  4683
  8131  8013 15443  9430  4693  4492 11492] [] 1716182610.7340750694
[1 1 1 1 1 1 1 1 1 1 1 1 1 1 1 1 1 1 1] [ 1  2  3 10 11 18 19 20 21 26 27 28 29 34 35 36 42 44 45] [15712 15269  2622  9313  3094  3543  3205  6057  9906  6816  8130  4183
  7343  7271 14996  7519  3968  4222 11321] [] 1716182610.7770302296
[ 1  1  1  1  1  1  1 -1  1  1  1  1  1 -1 -1  1 -1  1  1 -1] [ 1  2  3 10 11 18 19 20 21 26 27 28 29 34 35 36 42 44 45 50] [15314 15195  2589  9088  3025  3361  3163  6193  9868  6483  7460  3943
  7323  7277 15040  7386  4000  4220 11100 10528] [] 1716182610.8202040195
[ 1  1  1  1  1 -1  1  1  1 -1  1  1  1  1 -1  1  1  1 -1 -1  1 -1 -1] [ 1  2  3 10 11 12 18 19 20 21 26 27 28 29 34 35 36 42 44 45 50 51 53] [15300 11637  2510  8849  3006 16269  3337  3156  5949  9956  5121  6988
  3927  6066  7318 13752  7156  3989  4256 11197 10485 12401 14507] [] 1716182610.8631184101
[-1  1  1  1 -1  1  1  1  1 -1  1  1  1  1 -1  1  1  1  1  1 -1  1  1] [ 1  2  3 10 11 12 18 19 20 21 26 27 28 29 34 35 36 42 44 45 50 51 53] [15506 10462  2461  8172  3007 15979  3331  3145  5810  9968  4880  6700
  3757  5827  7416 13704  6658  3807  3916 11159 10539 11510 13546] [] 1716182610.9061915874
[-1 -1  1  1  1  1  1  1  1  1  1  1  1  1  1  1  1  1  1  1  1  1  1] [ 1  2  3 10 11 12 18 19 20 21 26 27 28 29 34 35 36 42 44 45 50 51 53] [15654 11261  2359  7988  2858 13345  3193  3135  5785  9957  4457  6511
  3578  5695  7414 10424  6501  3614  3776  8170 10113 11213 10986] [] 1716182610.9491994381
[ 1  1  1  1  1  1  1  1  1  1  1  1  1 -1 -1  1  1 -1  1  1  1  1  1  1] [ 1  2  3 10 11 12 18 19 20 21 26 27 28 29 34 35 36 37 42 44 45 50 51 53] [15636 10961  2283  7757  2824 11455  3093  3108  5782  9923  4201  6415
  3455  5851  7432 10134  6015 12668  3415  3658  7709  7568 10786  7635] [] 1716182610.9921934605
[ 1  1  1  1  1  1  1  1  1 -1  1 -1  1  1  1  1  1  1  1  1  1  1 -1  1] [ 1  2  3 10 11 12 18 19 20 21 26 27 28 29 34 35 36 37 42 44 45 50 51 53] [15608 10773  2239  7516  2650 10639  3017  3052  5740  9992  4010  6488
  3334  5752  7325  9700  5667 12660  3307  3537  7559  7365 10796  7413] [] 1716182611.0352156162
[ 1  1  1 -1  1  1  1  1  1  1 -1  1  1  1 -1  1  1  1  1  1  1 -1  1  1
  1] [ 1  2  3 10 11 12 18 19 20 21 26 27 28 29 34 35 36 37 42 44 45 46 50 51
 53] [15350  9246  2219  7591  2596 10532  2935  2985  5667  9879  4121  6406
  3262  5745  7420  9560  5543 12399  3071  3348  6887 14670  7096 10594
  7165] [] 1716182611.0781950951
[ 1  1  1  1  1  1  1  1  1 -1  1  1  1  1  1  1  1  1 -1  1  1  1  1 -1
  1  1] [ 1  2  3 10 11 12 18 19 20 21 26 27 28 29 34 35 36 37 41 42 44 45 46 50
 51 53] [15274  9159  2146  6823  2439 10319  2853  2942  4661  9928  3798  6287
  3119  4671  6822  9339  4884 12309 15487  2988  3319  6257 11302  7161
 10594  6156] [] 1716182611.1211831570
[-1 -1  1  1  1  1  1  1 -1 -1  1  1  1  1  1 -1  1  1  1 -1 -1 -1 -1  1
  1 -1  1] [ 1  2  3 10 11 12 18 19 20 21 26 27 28 29 34 35 36 37 41 42 43 44 45 46
 50 51 53] [15292  9508  2111  6425  2377 10267  2787  2921  5131  9929  3705  6254
  2917  4343  5590  9426  4661 12055 15411  3016 12857  3372  6261 10543
  7090 10643  6111] [] 1716182611.1642291546
[ 1  1  1  1  1  1  1  1  1  1 -1 -1  1  1  1  1  1  1  1  1  1  1 -1 -1
  1 -1  1] [ 1  2  3 10 11 12 18 19 20 21 26 27 28 29 34 35 36 37 41 42 43 44 45 46
 50 51 53] [15148  8658  2093  6232  2358 10255  2771  2911  4734  9832  3715  6294
  2881  4319  5570  9333  4657 11966 15345  3001 12644  3334  6264 10653
  6830 10657  6098] [] 1716182611.2072165012
[ 1  1  1 -1  1  1 -1  1  1 -1  1  1  1  1  1  1 -1  1  1  1  1  1  1 -1
  1 -1  1] [ 1  2  3 10 11 12 18 19 20 21 26 27 28 29 34 35 36 37 41 42 43 44 45 46
 50 51 53] [15129  8478  2092  6239  2348 10248  2775  2851  4655  9940  3663  6235
  2844  4299  5530  9301  4665 11823 14901  2980 12590  3292  6225 10987
  6668 10663  6002] [] 1716182611.2501878738
[-1  1  1  1  1 -1  1  1 -1  1  1  1  1  1  1 -1  1  1 -1  1 -1  1  1  1
 -1  1 -1] [ 1  2  3 10 11 12 18 19 20 21 26 27 28 29 34 35 36 37 41 42 43 44 45 46
 50 51 53] [15325  8408  2077  6126  2335 10299  2731  2833  4709  9877  3599  6177
  2813  4299  5530  9333  4623 11675 15209  2946 15683  3234  6193 10976
  6738 10606  6846] [] 1716182611.2931895256
[ 1 -1 -1  1 -1  1  1 -1  1  1 -1  1  1  1  1  1 -1 -1 -1 -1 -1 -1 -1 -1
  1 -1] [ 1  2  3 10 11 12 18 19 20 21 26 27 28 29 34 35 36 37 41 42 44 45 46 50
 51 53] [15184  8559  2095  6123  2348 10231  2731  2869  4631  9815  3635  6149
  2797  4254  5529  9241  4671 11740 15674  2971  3298  6303 11391  7120
 10498  7138] [] 1716182611.3361842632
[ 1  1  1 -1 -1 -1 -1  1 -1  1  1  1 -1 -1 -1 -1 -1 -1  1 -1 -1 -1 -1 -1
 -1] [ 1  2  3 10 11 12 18 19 20 21 26 27 28 29 34 35 36 37 41 42 44 45 50 51
 53] [15179  8548  2092  6143  2366 10250  2779  2847  4828  9777  3607  6107
  2861  4357  6277  9249  4687 11834 15535  3069  3356  6447  7272 10563
  7156] [] 1716182611.3791851997
[-1 -1 -1 -1 -1 -1 -1 -1  1  1 -1  1 -1 -1 -1 -1 -1 -1 -1 -1 -1 -1 -1 -1] [ 1  2  3 10 11 12 18 19 20 21 26 27 28 29 34 35 36 37 42 44 45 50 51 53] [15220  8670  2122  6407  2523 10267  2785  2923  4756  9775  3678  6067
  2991  4725  6699  9460  4991 11921  3272  3550  7362  8459 10808 11533] [] 1716182611.4221804142
[ 1 -1 -1 -1 -1 -1 -1  1 -1 -1 -1  1 -1 -1 -1  1 -1 -1 -1 -1 -1 -1 -1 -1] [ 1  2  3 10 11 12 18 19 20 21 26 27 28 29 34 35 36 37 42 44 45 50 51 53] [15041  8991  2207  6898  2558 10743  2889  2891  5037  9841  3799  6061
  3089  5715  7253  9411  5358 12037  3416  3711  7403 10507 11044 14023] [] 1716182611.4650158882
[-1 -1  1 -1 -1 -1 -1 -1 -1  1 -1  1 -1 -1  1 -1 -1 -1  1 -1  1 -1] [ 1  2  3 10 11 12 18 19 20 21 26 27 28 29 34 35 36 37 42 44 45 51] [15053 10720  2191  6935  2725 11338  2958  2954  5155  9721  3966  6044
  3187  5730  7195  9419  5773 12287  3299  3910  7269 14539] [] 1716182611.5081558228
[-1  1 -1 -1 -1 -1 -1 -1 -1  1 -1  1 -1  1  1 -1 -1 -1 -1 -1] [ 1  2  3 10 11 12 18 19 20 21 26 27 28 29 34 35 36 42 44 45] [15206 10553  2242  6975  2847 12698  2995  2985  5584  9683  4061  6020
  3269  5685  7140  9462  5923  3498  3952  7539] [] 1716182611.5511724949
[ 1 -1 -1 -1 -1 -1 -1 -1 -1  1 -1 -1 -1 -1  1 -1 -1 -1 -1 -1] [ 1  2  3 10 11 12 18 19 20 21 26 27 28 29 34 35 36 42 44 45] [15186 10932  2313  7064  2915 16200  3084  3023  5658  9634  4363  6168
  3507  5712  7132  9511  6142  3832  4095  7945] [] 1716182611.5941655636
[ 1 -1 -1 -1 -1  1 -1  1 -1 -1 -1 -1 -1 -1  1 -1 -1 -1  1] [ 1  2  3 10 11 12 18 19 20 21 26 27 28 29 34 35 36 42 44] [15002 14600  2326  7519  2947 15608  3151  2995  5724  9679  4655  6277
  3722  7214  7121 10761  6419  3886  4043] [] 1716182611.6371672153
[ 1 -1 -1 -1 -1 -1  1 -1 -1 -1  1  1 -1 -1 -1 -1 -1] [ 1  3 10 11 18 19 20 21 26 27 28 29 34 35 36 42 44] [14914  2424  8185  3153  3237  3019  5692  9691  6263  6934  3687  7187
  7181 13648  7505  4147  4352] [] 1716182611.6800501347
[ 1 -1 -1 -1 -1 -1 -1 -1 -1 -1 -1 -1 -1 -1 -1 -1 -1] [ 1  3 10 11 18 19 20 21 26 27 28 29 34 35 36 42 44] [14891  2610  8698  3344  3438  3071  5869  9725  7510  7569  4005  8061
  8182 14686  8495  4454  5178] [] 1716182611.7231180668
[-1 -1 -1 -1 -1 -1 -1 -1 -1 -1 -1 -1 -1  1 -1 -1 -1] [ 1  3 10 11 18 19 20 21 26 27 28 29 34 35 36 42 44] [15050  2760  9384  3534  3559  3158  6200  9948  7563  7660  4333  8127
  8290 14615  9488  4898  5468] [] 1716182611.7661590576
[ 1 -1 -1 -1 -1 -1 -1  1  1 -1 -1 -1 -1 -1 -1 -1 -1] [ 1  3 10 11 18 19 20 21 26 27 28 29 34 35 36 42 44] [14976  2891  9505  3661  3827  3199  6263  9868  7522  7743  4619  8137
  8353 14635 10111  6090  7060] [] 1716182611.8090586662
[-1 -1 -1 -1 -1 -1 -1 -1 -1 -1 -1 -1 -1 -1  1 -1 -1] [ 1  3 10 11 18 19 20 21 26 27 28 29 34 35 36 42 44] [15310  3227 12788  4229  4329  3302  7212  9873  7908  7913  5591  8772
  8555 15680 10022  9069  8303] [] 1716182611.8521304131
[-1 -1 -1 -1 -1 -1 -1 -1  1 -1 -1 -1  1  1 -1 -1 -1] [ 1  3 10 11 18 19 20 21 26 27 28 29 34 35 36 42 44] [15402  3424 13240  4502  4582  3405  7276  9924  7882  8103  6345  9330
  8535 15611 10067 10572 10508] [] 1716182611.8951272964
[-1 -1 -1 -1 -1 -1 -1 -1 -1 -1 -1 -1 -1 -1 -1 -1 -1] [ 1  3 10 11 18 19 20 21 26 27 28 29 34 35 36 42 44] [15850  3596 13332  4929  5121  3467  7654 10089  7960 10283  6730 10110
  8695 15835 10517 12810 12088] [] 1716182611.9381568432
[ 1 -1 -1 -1 -1 -1 -1 -1 -1 -1 -1 -1 -1 -1 -1] [ 1  3 11 18 19 20 21 26 27 28 29 34 35 36 44] [15843  3751  5278  5235  3523  8274 10097  8100 10663  7658 10174  8785
 15908 10799 12341] [] 1716182611.9810588360
[-1 -1 -1 -1 -1 -1 -1 -1 -1 -1  1 -1 -1 -1] [ 3 11 18 19 20 21 26 27 28 29 34 35 36 44] [ 4183  6701  6587  3686  8393 10149  8279 11095  8269 10192  8724 16240
 10965 13200] [] 1716182612.0241053104
[-1 -1 -1 -1 -1 -1 -1  1 -1 -1 -1 -1 -1] [ 3 11 18 19 20 21 26 27 28 29 34 36 44] [ 4917  7386  6647  3855  9702 10207  9994 10928  8483 10523  9112 11671
 14049] [] 1716182612.0670747757
[ 1 -1 -1 -1 -1 -1 -1 -1 -1 -1 -1 -1] [ 3 11 18 19 20 21 26 27 28 29 34 36] [ 4841  7443  6740  3896 10202 10306 10045 11182 10499 10717 11329 14147] [] 1716182612.1100981236
[-1 -1 -1 -1 -1 -1 -1  1 -1 -1 -1 -1] [ 3 11 18 19 20 21 26 27 28 29 34 36] [ 4972  7508  7727  4150 10482 10385 10283 11176 10508 11320 11977 15679] [] 1716182612.1530542374
[ 1  1 -1 -1 -1 -1 -1  1  1 -1 -1] [ 3 11 18 19 20 21 26 27 28 29 36] [ 4945  7448 10272  4350 10817 10466 10286 11089 10411 11439 15715] [] 1716182612.1961193085
[-1 -1 -1 -1 -1 -1 -1 -1 -1 -1] [ 3 11 18 19 20 21 26 27 28 36] [ 5118  7682 10476  4788 11012 10596 10599 11186 10471 15969] [] 1716182612.2391116619
[-1 -1 -1 -1 -1 -1 -1 -1 -1] [ 3 11 18 19 20 21 27 28 36] [ 5158  8561 14908  5247 11501 10800 11334 10587 16357] [] 1716182612.2821271420
[-1 -1 -1  1 -1  1] [ 3 11 19 20 27 28] [ 5643  8661  5811 11459 11823 10485] [] 1716182612.3250200748
[-1  1 -1 -1 -1] [ 3 11 19 20 28] [ 5753  8647  7320 11489 10706] [] 1716182612.3681066036
[-1 -1 -1 -1 -1] [ 3 11 19 20 28] [ 5925  8758  8419 12031 11365] [] 1716182612.4111137390
[-1  1 -1] [ 3 11 19] [8507 8711 9167] [] 1716182612.4540600777
[-1 -1 -1] [ 3 11 19] [8865 8831 9434] [] 1716182612.4970965385
[ 1 -1] [11 19] [8650 9540] [] 1716182612.5400257111
[-1] [11] [8723] [] 1716182612.5830872059
[-1] [11] [8993] [] 1716182612.6260342598
[-1] [11] [9434] [] 1716182612.6689772606
[-1] [11] [9793] [] 1716182612.7120115757
[1] [11] [9779] [] 1716182612.7550456524
[-1] [11] [11091] [] 1716182612.7980973721
2 2 2 1716182612.7983281612
