FA TAX ADC PRES TS
[-1] [11] [10945] [] 1716186124.5328557491
[1] [11] [9947] [] 1716186124.5759439468
[-1 -1] [11 28] [10747 12989] [] 1716186124.6188638210
[1 1] [11 28] [ 9164 11318] [] 1716186124.6618478298
[1 1] [11 28] [ 8961 10934] [] 1716186124.7048614025
[-1 -1 -1] [11 19 28] [ 9077 10592 11114] [] 1716186124.7478423119
[ 1  1 -1  1] [11 19 20 28] [ 9010 10271 15674 11017] [] 1716186124.7909164429
[ 1  1  1 -1 -1] [11 19 20 28 29] [ 8979  9985 13314 11258 12950] [] 1716186124.8338391781
[-1 -1  1  1 -1  1] [ 3 11 19 20 28 29] [10540  9006  9941 12983 11419 11839] [] 1716186124.8768954277
[ 1 -1 -1  1 -1  1  1] [ 3 11 19 20 27 28 29] [ 8326  9066  9955 12622 13221 11371 11468] [] 1716186124.9199221134
[ 1  1  1  1 -1  1 -1  1] [ 3 11 19 20 21 27 28 29] [ 7851  8987  9614 12112 12879 12787 11529 11054] [] 1716186124.9628584385
[1 1 1 1 1 1 1 1] [ 3 11 19 20 21 27 28 29] [ 5956  8912  9393 11820 11820 12688 11473 10795] [] 1716186125.0059037209
[1 1 1 1 1 1 1 1] [ 3 11 19 20 21 27 28 29] [ 5736  8877  7095 11315 11158 12390 11030 10524] [] 1716186125.0488896370
[ 1  1  1  1  1 -1  1 -1] [ 3 11 19 20 21 27 28 29] [ 5462  8831  6183 11100 10904 12471 10860 10547] [] 1716186125.0918729305
[ 1 -1 -1  1  1  1 -1  1  1  1 -1] [ 3 11 18 19 20 21 26 27 28 29 44] [ 5299  8981 11221  6092 10916 10652 13198 12449 10632 10398 13459] [] 1716186125.1349444389
[ 1  1  1  1  1  1  1 -1  1 -1  1] [ 3 11 18 19 20 21 26 27 28 29 44] [ 5223  8900 11056  5459 10665 10554  9304 12476 10582 10549 12565] [] 1716186125.1778795719
[ 1  1  1  1  1 -1  1  1 -1  1 -1 -1] [ 3 11 18 19 20 21 26 27 28 29 36 44] [ 4595  8877 10739  5143 10438 10566  8923 12332 10603 10356 13714 12718] [] 1716186125.2208216190
[1 1 1 1 1 1 1 1 1 1 1 1] [ 3 11 18 19 20 21 26 27 28 29 36 44] [ 4197  8781 10390  4698  8903 10381  8398 12063  9449  9987 13541 10594] [] 1716186125.2638463974
[ 1  1  1  1  1 -1  1 -1  1 -1  1  1] [ 3 11 18 19 20 21 26 27 28 29 36 44] [ 4089  8709  9162  4562  8629 10450  8236 12160  9328 10025 12854  7241] [] 1716186125.3069221973
[ 1  1  1  1  1  1  1  1  1  1 -1 -1  1  1] [ 3 11 18 19 20 21 26 27 28 29 34 35 36 44] [ 3884  8591  7050  4409  7377 10434  8191 12147  8879  9813 11663 14806
 12168  5601] [] 1716186125.3497388363
[ 1 -1  1  1  1  1  1  1  1  1  1  1  1  1 -1 -1  1] [ 3  4 11 18 19 20 21 26 27 28 29 34 35 36 37 42 44] [ 3846 10666  8320  6024  4194  6757 10193  8011  9787  7865  9696 11339
 14219 11796 16345 14317  5497] [] 1716186125.3930978775
[-1  1 -1  1  1  1  1  1 -1  1  1  1 -1 -1  1  1  1  1  1 -1] [ 3  4 10 11 18 19 20 21 23 26 27 28 29 34 35 36 37 42 44 45] [ 3879 10628 12719  7304  5986  4119  6627 10054 15679  7165  9693  6803
  9813 11673 13637 11563 13876 10121  5176  8470] [] 1716186125.4360125065
[ 1  1  1  1  1  1  1 -1  1  1  1  1  1  1  1  1  1  1  1  1] [ 3  4 10 11 18 19 20 21 23 26 27 28 29 34 35 36 37 42 44 45] [ 3847 10566 11110  6545  5881  3973  6376 10088 15384  6255  9582  5731
  8479  8924 13603 11151 12723  9140  4740  7887] [] 1716186125.4791412354
[-1 -1  1  1  1  1  1  1  1 -1  1  1  1  1  1  1 -1  1  1  1  1  1] [ 1  2  3  4 10 11 18 19 20 21 23 26 27 28 29 34 35 36 37 42 44 45] [14944 15771  3740  9925 10814  4979  5167  3875  6300 10109 13588  5407
  9556  4835  6867  8780 14112 10671 12267  7004  4454  7562] [] 1716186125.5217759609
[ 1  1  1  1  1  1  1  1  1  1  1  1  1  1  1  1  1  1  1  1 -1 -1 -1] [ 1  2  3  4 10 11 18 19 20 21 23 26 27 28 29 34 35 36 37 42 44 45 53] [14821 15727  3520  9830 10242  4613  5054  3747  6287  9995 13355  5219
  9297  4589  5988  8703 13810 10198 12113  6570  4466  7620 15259] [] 1716186125.5647799969
[ 1 -1  1  1  1  1  1  1  1 -1  1  1  1  1  1  1 -1  1 -1  1  1  1  1] [ 1  2  3  4 10 11 18 19 20 21 23 26 27 28 29 34 35 36 37 42 44 45 53] [14637 15994  3452  9623  8992  4380  4288  3629  6277 10060 13176  4889
  9115  4225  5055  8623 14024  8267 12577  5994  4269  7476 10879] [] 1716186125.6077718735
[ 1  1  1  1  1  1  1  1  1  1 -1  1  1  1  1  1  1  1  1  1  1  1  1] [ 1  2  3  4 10 11 18 19 20 21 23 26 27 28 29 34 35 36 37 42 44 45 53] [14479 12460  3427  9341  8548  4046  4165  3603  5627  9896 13248  4367
  8967  3620  4909  8596  9593  7866 12465  5146  4143  7365  8429] [] 1716186125.6508066654
[-1 -1  1 -1  1  1  1  1  1  1  1  1  1  1  1  1  1  1  1  1  1  1  1] [ 1  2  3  4 10 11 18 19 20 21 23 26 27 28 29 34 35 36 37 42 44 45 53] [15140 12488  3248  9360  7478  3749  3989  3543  5109  9885 13085  3945
  8744  3425  4722  8371  9368  6927 12176  4610  3903  7189  6243] [] 1716186125.6937296391
[-1  1  1  1  1  1  1  1  1 -1 -1  1 -1  1  1  1  1  1 -1  1  1  1 -1  1] [ 1  2  3  4 10 11 18 19 20 21 23 26 27 28 29 34 35 36 37 42 44 45 46 53] [15960 12258  3166  9254  7403  3526  3949  3494  4977  9998 13100  3887
  8864  3265  4627  7294  9163  6306 12344  4518  3774  6251 12233  5723] [] 1716186125.7367916107
[ 1  1  1 -1  1  1  1  1  1  1  1  1  1  1  1  1  1  1  1  1  1  1  1 -1
  1] [ 1  2  3  4 10 11 18 19 20 21 23 26 27 28 29 34 35 36 37 42 44 45 46 52
 53] [15438  8541  2940  9301  7213  3366  3741  3401  4789  9898 12961  3632
  6809  3031  4541  7246  8285  5761 12236  4499  3695  5917  8580 14183
  5651] [] 1716186125.7798032761
[ 1  1  1  1  1  1  1  1  1 -1 -1  1 -1  1  1 -1  1  1 -1  1  1  1 -1 -1
  1  1] [ 1  2  3  4 10 11 18 19 20 21 23 26 27 28 29 34 35 36 37 42 44 45 46 51
 52 53] [13995  8478  2788  9240  7021  3076  3631  3351  4671  9984 13040  3541
  6834  2937  4465  7276  7967  5299 12270  4317  3430  5831  8698 11111
 13045  5386] [] 1716186125.8228363991
[-1  1  1 -1 -1  1  1  1  1 -1  1  1 -1  1  1  1 -1  1  1  1  1  1  1  1
  1  1] [ 1  2  3  4 10 11 18 19 20 21 23 26 27 28 29 34 35 36 37 42 44 45 46 51
 52 53] [14127  8399  2687  9363  7058  2826  3548  3233  4646 10007 13010  3457
  6855  2864  4413  7107  8129  4813 11845  4048  3268  5005  7102 10779
 12529  4993] [] 1716186125.8657982349
[-1  1  1 -1  1  1  1  1  1  1 -1  1  1  1  1 -1  1  1 -1  1  1  1  1  1
  1  1 -1] [ 1  2  3  4 10 11 18 19 20 21 23 26 27 28 29 34 35 36 37 42 44 45 46 51
 52 53 61] [14538  8315  2547  9378  6118  2633  3365  3204  4161  9994 13136  3228
  6292  2680  4377  7137  7862  4503 12250  3946  3196  4939  6863 10724
 12377  4975  6944] [] 1716186125.9088830948
[-1  1  1 -1  1  1 -1  1  1  1  1  1  1  1  1  1  1  1  1 -1 -1  1  1  1
  1 -1  1  1  1 -1  1] [ 1  2  3  4 10 11 12 18 19 20 21 23 26 27 28 29 34 35 36 37 38 42 44 45
 46 50 51 52 53 54 61] [14798  8204  2445  9426  5843  2440 16218  3314  3099  4010  9824 13100
  3067  5906  2567  4335  7121  7053  4344 12291 14349  3533  3131  4874
  6262 14791 10496 11981  4676 12177  6687] [] 1716186125.9519975185
[ 1 -1  1  1  1  1  1  1 -1  1 -1 -1  1  1  1 -1 -1  1  1 -1  1  1  1  1
  1 -1  1  1  1  1  1] [ 1  2  3  4 10 11 12 18 19 20 21 23 26 27 28 29 34 35 36 37 38 42 44 45
 46 50 51 52 53 54 61] [14593  8292  2374  9334  5724  2379 15138  3251  3119  3914  9841 13180
  2937  5578  2475  4441  7250  6938  4091 12352 13675  3174  2959  4452
  6191 14853 10436 11219  4602 11968  6536] [] 1716186125.9953079224
[ 1  1  1 -1  1  1  1  1  1  1  1  1  1 -1  1  1  1  1  1 -1  1  1 -1  1
 -1 -1 -1  1  1  1  1  1] [ 1  2  3  4 10 11 12 18 19 20 21 23 26 27 28 29 34 35 36 37 38 42 44 45
 46 47 50 51 52 53 54 61] [14291  7990  2303  9496  5502  2336 13638  3132  3025  3807  8411 13061
  2850  5799  2418  4434  6851  6256  3896 12388 13456  3078  3008  4343
  6364 14619 15063  9792 10903  4538 11620  6428] [] 1716186126.0378429890
[ 1  1  1  1  1  1  1  1  1  1  1 -1  1  1  1 -1  1  1  1  1  1  1 -1  1
  1  1  1  1  1  1  1  1  1] [ 1  2  3  4 10 11 12 18 19 20 21 23 26 27 28 29 34 35 36 37 38 42 43 44
 45 46 47 50 51 52 53 54 61] [14259  7571  2279  9362  5233  2302 13227  3118  3002  3787  8352 13503
  2843  5603  2381  4490  6591  5886  3864 11879 13268  3008 16187  2960
  4183  5771  6998  9214  9707 10115  4168  9479  6383] [] 1716186126.0808782578
[ 1  1  1  1  1  1  1  1  1  1  1 -1  1  1  1  1  1  1  1  1 -1  1  1  1
 -1  1  1  1  1 -1 -1  1] [ 1  2  3  4 10 11 12 18 19 20 21 23 26 27 28 29 34 35 36 37 38 42 44 45
 46 47 50 51 52 53 54 61] [14183  7217  2232  9233  4733  2264 13022  3039  2976  3719  8241 13559
  2807  5558  2327  4250  6191  5736  3478  9796 13618  2849  2848  4095
  5774  5766  9113  9609  9291  4169  9556  6335] [] 1716186126.1238307953
[ 1  1  1  1  1  1  1 -1  1  1  1 -1 -1  1 -1  1  1 -1  1 -1  1  1  1  1
  1  1  1  1  1  1  1  1  1  1] [ 1  2  3  4 10 11 12 15 18 19 20 21 23 26 27 28 29 32 34 35 36 37 38 42
 44 45 46 47 50 51 52 53 54 61] [14102  7171  2188  9151  4608  2249 12880 14551  2933  2922  3630  8262
 13583  2787  5763  2197  4072 14461  5951  5812  3429  9725 13467  2688
  2788  3894  5702  5029  8234  9060  9151  3999  7455  6258] [] 1716186126.1668965816
[ 1  1  1  1  1  1  1  1  1  1  1  1 -1  1 -1  1  1  1  1  1  1  1  1  1
 -1  1  1  1  1  1  1  1  1  1  1] [ 1  2  3  4 10 11 12 15 18 19 20 21 23 26 27 28 29 32 34 35 36 37 38 42
 43 44 45 46 47 50 51 52 53 54 61] [13766  7164  2136  9083  4397  2207 11263 14367  2881  2869  3602  8260
 13621  2764  6068  2119  3967 13907  5551  5473  3092  8912 13407  2626
 14887  2720  3839  5629  4850  8206  7985  7988  3888  7309  6195] [] 1716186126.2098762989
[ 1 -1  1  1  1  1  1  1  1  1  1  1 -1  1  1  1  1  1  1 -1  1  1 -1  1
 -1 -1  1  1  1  1  1 -1  1  1 -1] [ 1  2  3  4 10 11 12 15 18 19 20 21 23 26 27 28 29 32 34 35 36 37 38 42
 43 44 45 46 47 50 51 52 53 54 61] [13643  7737  2127  9071  4200  2186 11004 14327  2807  2839  3593  8223
 13671  2719  5854  2071  3965 13900  5287  5780  3044  7877 13514  2608
 14925  2728  3751  5602  4779  8179  7657  7991  3880  7199  6215] [] 1716186126.2529273033
[-1  1  1 -1  1  1 -1 -1 -1  1  1 -1 -1  1 -1  1 -1  1 -1  1  1  1  1 -1
  1  1  1  1  1  1  1  1  1  1  1] [ 1  2  3  4 10 11 12 15 18 19 20 21 23 26 27 28 29 32 34 35 36 37 38 42
 43 44 45 46 47 50 51 52 53 54 61] [13834  7672  2095  9107  4176  2185 11087 14379  2811  2831  3527  8235
 13711  2624  6171  2051  3979 13885  5373  5762  2988  7685 13501  2634
 14503  2696  3702  5580  4706  7933  7647  7762  3817  7127  6157] [] 1716186126.2958700657
[-1 -1  1  1 -1  1 -1 -1 -1  1  1  1  1 -1  1  1  1  1  1  1  1  1  1  1
 -1 -1 -1 -1  1  1 -1 -1  1  1 -1] [ 1  2  3  4 10 11 12 15 18 19 20 21 23 26 27 28 29 32 34 35 36 37 38 42
 43 44 45 46 47 50 51 52 53 54 61] [13841  7699  2092  9078  4228  2178 11140 14399  2845  2821  3520  8235
 13589  2631  6135  2037  3907 13815  5111  5330  2934  7661 13463  2584
 14605  2720  3739  5605  4703  7827  8198  7896  3764  7122  6197] [] 1716186126.3388845921
[ 1 -1 -1  1  1 -1  1  1  1  1 -1  1  1 -1  1 -1  1 -1 -1  1  1 -1 -1 -1
  1 -1 -1 -1 -1 -1 -1 -1 -1 -1 -1] [ 1  2  3  4 10 11 12 15 18 19 20 21 23 26 27 28 29 32 34 35 36 37 38 42
 43 44 45 46 47 50 51 52 53 54 61] [13778  7757  2109  9047  4160  2179 10989 14299  2811  2816  3571  8179
 13557  2681  6105  2043  3874 13984  5138  5266  2926  7676 13503  2688
 14599  2792  3803  5608  5286  9009  9237  9479  3857  7314  6268] [] 1716186126.3818902969
[ 1  1 -1  1 -1 -1 -1 -1 -1 -1  1  1 -1 -1 -1 -1 -1  1 -1 -1 -1  1  1 -1
  1 -1 -1 -1 -1 -1 -1 -1 -1 -1 -1] [ 1  2  3  4 10 11 12 15 18 19 20 21 23 26 27 28 29 32 34 35 36 37 38 42
 43 44 45 46 47 50 51 52 53 54 61] [13692  7707  2128  9023  4256  2214 11140 14303  2833  2876  3538  8145
 13645  2688  6199  2087  3911 12146  5615  5460  3003  7674 13425  2740
 14567  2832  4055  5650  8161 14554  9467  9518  3959  9414  6341] [] 1716186126.4248995781
[-1  1 -1  1 -1 -1 -1 -1  1 -1  1  1 -1  1 -1 -1 -1 -1 -1 -1 -1  1 -1 -1
 -1 -1  1  1  1 -1 -1 -1  1] [ 1  2  3  4 10 11 12 18 19 20 21 23 26 27 28 29 32 34 35 36 37 38 42 43
 44 45 46 50 51 52 53 54 61] [13859  7358  2151  9014  4429  2216 12996  2932  2870  3549  8077 13471
  2706  6179  2120  3915 14076  6103  5663  3106  8311 13107  2928 14591
  2864  4095  5462 14183  9352  9624  4092 11568  6286] [] 1716186126.4678490162
[ 1  1 -1 -1 -1 -1 -1 -1  1 -1 -1 -1 -1 -1 -1 -1  1 -1 -1  1 -1 -1 -1 -1
 -1 -1 -1 -1 -1 -1 -1] [ 1  2  3  4 10 11 12 18 19 20 21 23 26 27 28 29 34 35 36 37 38 42 43 44
 45 46 51 52 53 54 61] [13642  7232  2191  9115  4628  2229 13169  2964  2851  3599  8097 13503
  2749  6198  2211  3939  6010  5799  3396  8269 13463  3157 14755  2992
  4351  6055  9576 10299  4482 12562  6554] [] 1716186126.5108463764
[-1 -1 -1  1 -1 -1 -1 -1 -1 -1  1  1 -1 -1 -1 -1 -1 -1 -1 -1 -1 -1 -1 -1
 -1 -1 -1 -1 -1] [ 1  2  3  4 10 11 12 18 19 20 21 23 26 27 28 29 34 35 36 37 38 42 44 45
 46 51 52 53 61] [13778  7249  2250  8995  4881  2275 13544  3089  2927  3640  8093 13455
  2764  6207  2269  4284  6983  6621  3538  8435 13991  3296  3028  4499
  6061  9606 10589  4613  6857] [] 1716186126.5538218021
[ 1  1 -1 -1 -1 -1 -1 -1  1 -1 -1 -1 -1 -1 -1  1 -1 -1 -1  1 -1 -1 -1 -1
 -1 -1  1] [ 1  2  3  4 10 11 12 18 19 20 21 23 26 27 28 29 34 35 36 37 42 44 45 46
 51 52 53] [13752  6790  2303  9070  5158  2355 13648  3127  2899  3697  8101 13607
  2807  6284  2355  4259  6990  6698  3667  8421  3732  3090  4765  7916
 10874 11129  4542] [] 1716186126.5968267918
[-1 -1 -1  1 -1 -1 -1 -1 -1 -1 -1  1 -1 -1 -1 -1 -1  1 -1 -1  1 -1 -1 -1
 -1 -1] [ 1  2  3  4 10 11 12 18 19 20 21 23 26 27 28 29 34 35 36 37 42 44 45 46
 52 53] [13914  7787  2415  9063  5641  2504 15171  3249  2969  3781  9423 13090
  3016  6815  2426  4291  7071  6698  3895  8762  3638  3453  5306  8543
 11882  4691] [] 1716186126.6397714615
[ 1 -1 -1  1 -1 -1 -1 -1 -1 -1 -1 -1  1 -1 -1 -1 -1 -1 -1 -1 -1 -1 -1 -1
 -1] [ 1  2  3  4 10 11 18 19 20 21 23 26 27 28 29 34 35 36 37 42 44 45 46 52
 53] [13812  8515  2541  8946  6083  2718  3404  3051  3820  9446 13108  3179
  6797  2536  4314  7092  6740  4076  9680  3869  3567  5951 10531 12283
  5044] [] 1716186126.6828174591
[-1 -1 -1 -1 -1 -1 -1 -1 -1  1  1 -1 -1 -1 -1 -1 -1 -1 -1 -1 -1 -1 -1 -1] [ 1  2  3  4 10 11 18 19 20 21 23 26 27 28 29 34 35 36 37 42 44 45 46 53] [13953  8597  2673  8991  6460  2888  3497  3068  4187  9408 13082  3341
  6910  2652  4339  7227  6934  4486 10865  4742  3810  6285 10823  5332] [] 1716186126.7259995937
[-1 -1 -1 -1 -1 -1 -1 -1 -1  1 -1 -1 -1 -1 -1 -1 -1 -1 -1  1 -1 -1 -1 -1] [ 1  2  3  4 10 11 18 19 20 21 23 26 27 28 29 34 35 36 37 42 44 45 46 53] [14856 12818  3015  9023  6675  3283  3738  3183  4260  9349 13216  3619
  6977  2847  4493  7447  6955  5270 12002  4725  3955  6334 10999  7067] [] 1716186126.7692074776
[-1 -1 -1  1 -1 -1 -1 -1 -1 -1  1 -1 -1 -1 -1 -1 -1 -1  1 -1 -1 -1 -1] [ 1  2  3  4 10 11 18 19 20 21 23 26 27 28 29 34 35 36 37 42 44 45 53] [15851 13548  3212  8966  6827  3641  3910  3221  4371  9434 13175  3902
  7134  3101  4530  8641  7451  5942 11851  6952  4271  6447 13094] [] 1716186126.8119490147
[-1 -1 -1 -1 -1 -1 -1 -1 -1  1 -1 -1 -1 -1 -1 -1 -1 -1 -1 -1 -1 -1 -1] [ 1  2  3  4 10 11 18 19 20 21 23 26 27 28 29 34 35 36 37 42 44 45 53] [15940 13812  3317  8994  7021  3974  4081  3338  4627  9428 13191  4338
  7231  3365  4763  8739  8682  6100 11889  8584  4675  6489 15835] [] 1716186126.8550484180
[ 1 -1  1 -1 -1 -1 -1 -1  1 -1 -1 -1 -1 -1 -1 -1 -1 -1 -1 -1  1] [ 2  3  4 10 11 18 19 20 21 23 26 27 28 29 34 35 36 37 42 44 45] [12954  3391  8991  7403  4150  4342  3431  5663  9419 13228  4939  9154
  3650  5742  8756  8722  7371 12476 12023  4754  6438] [] 1716186126.8980097771
[-1 -1  1 -1 -1 -1 -1 -1 -1  1 -1  1 -1 -1 -1 -1 -1 -1 -1 -1 -1] [ 2  3  4 10 11 18 19 20 21 23 26 27 28 29 34 35 36 37 42 44 45] [15512  3485  8894  8193  5234  4936  3553  5975  9640 13059  5174  8075
  4257  5777  8782  9533  8403 12808 12961  5202  6841] [] 1716186126.9409706593
[-1  1 -1 -1 -1 -1 -1 -1 -1 -1 -1 -1 -1 -1 -1 -1 -1 -1 -1 -1 -1] [ 1  2  3  4 10 11 18 19 20 21 23 26 27 28 29 34 35 36 37 44 45] [14900 14738  3823  9058  8499  5959  5580  3663  6106  9771 13294  6499
  9324  4736  6230  8960  9643  9391 13203  5861  9649] [] 1716186126.9838769436
[-1 -1 -1  1 -1 -1 -1 -1 -1 -1 -1 -1 -1 -1 -1 -1 -1 -1 -1 -1] [ 1  2  3  4 10 11 18 19 20 21 23 26 27 28 29 34 35 36 37 44] [15780 14842  3843  8975  9502  6723  6618  3861  6242  9854 13658  7107
  9364  5199  6493  9100 12823 11778 13887  8588] [] 1716186127.0270271301
[ 1 -1 -1 -1 -1 -1 -1 -1  1 -1  1 -1 -1 -1 -1 -1 -1] [ 2  3  4 10 11 18 19 20 21 26 27 28 29 34 35 36 44] [14803  4095  9956 11536  7583  6968  4144  6454  9829  8243  8375  7439
  9785 11932 14006 11956  9100] [] 1716186127.0700044632
[-1  1 -1  1 -1 -1 -1 -1 -1  1 -1 -1 -1 -1 -1 -1] [ 2  3 10 11 18 19 20 21 26 27 28 29 34 35 36 44] [15199  4091 14102  7579  7180  4404  6597  9948  8604  8283  8861 10006
 12253 14656 12437 12685] [] 1716186127.1129460335
[-1  1 -1 -1 -1 -1 -1 -1 -1 -1  1 -1 -1 -1] [ 2  3 11 18 19 20 21 26 27 28 29 35 36 44] [15359  4056  7643 10714  4441  8210  9975  8775  9401  9543  9950 14733
 13085 12889] [] 1716186127.1559870243
[ 1 -1 -1 -1 -1 -1 -1 -1  1 -1 -1 -1] [ 2  3 11 18 19 20 21 26 27 28 29 36] [13351  4232  7717 11052  4748 10066 10309 13074  8901 10482 10148 13935] [] 1716186127.1990296841
[ 1 -1 -1 -1 -1 -1 -1 -1 -1 -1] [ 2  3 11 19 20 21 27 28 29 36] [13037  5225  8653  5166 10491 10644  9078 10610 10431 14231] [] 1716186127.2419884205
[-1 -1 -1 -1 -1 -1 -1 -1 -1] [ 2  3 11 19 20 21 27 28 29] [13214  5463  8738  5983 10556 10915 12001 10819 10627] [] 1716186127.2849149704
[-1 -1 -1 -1 -1  1 -1  1] [ 2  3 11 19 20 27 28 29] [15966  7659  8893  7582 10984  9339 11133 10615] [] 1716186127.3279058933
[-1 -1 -1 -1 -1 -1 -1 -1] [ 2  3 11 19 20 27 28 29] [16123  8055  8975  7921 11650  9801 11298 10764] [] 1716186127.3709659576
[ 1 -1 -1 -1 -1  1 -1] [ 2 11 19 20 27 28 29] [15710  8990  9984 11753 12153 11177 11166] [] 1716186127.4139392376
[ 1 -1 -1 -1 -1 -1 -1] [ 2 11 19 20 27 28 29] [14923  9291 10185 12812 13230 11375 11715] [] 1716186127.4569401741
[-1 -1 -1  1] [11 19 20 28] [ 9441 10501 14043 11221] [] 1716186127.5000991821
[-1 -1] [11 28] [ 9610 11622] [] 1716186127.5428638458
[-1 -1] [11 28] [ 9846 11839] [] 1716186127.5859165192
2 2 2 1716186127.8098328114
