FA TAX ADC PRES TS
[-1] [11] [10530] [] 1716186713.1083378792
[-1 -1] [11 28] [10842 12771] [] 1716186713.1512517929
[1 1] [11 28] [ 9610 11237] [] 1716186713.1942372322
[1 1] [11 28] [ 9396 10931] [] 1716186713.2371196747
[1 1] [11 28] [ 9131 10853] [] 1716186713.2800729275
[ 1 -1 -1] [11 19 28] [ 9020 10523 11000] [] 1716186713.3230645657
[-1  1 -1 -1] [11 19 28 29] [ 9023 10127 11124 11885] [] 1716186713.3660881519
[-1 -1 -1 -1  1  1] [ 3 11 19 20 28 29] [10858  9182 10130 14027 11083 11788] [] 1716186713.4090886116
[ 1  1  1  1 -1  1] [ 3 11 19 20 28 29] [ 9284  9018  9772 12907 11184 11132] [] 1716186713.4520866871
[ 1  1  1  1 -1  1  1] [ 3 11 19 20 21 28 29] [ 8020  8988  9637 12412 11516 11009 11020] [] 1716186713.4951410294
[ 1  1  1  1  1 -1  1  1] [ 3 11 19 20 21 27 28 29] [ 7705  8879  9051 12363 11259 14429 10840 10849] [] 1716186713.5381035805
[1 1 1 1 1 1 1 1] [ 3 11 19 20 21 27 28 29] [ 5585  8744  9037 12090 10821 12397 10732 10679] [] 1716186713.5811405182
[ 1  1  1  1  1  1  1  1 -1] [ 3 11 19 20 21 27 28 29 44] [ 5358  8631  6568 11375 10452 12174 10239 10116 14335] [] 1716186713.6240978241
[ 1  1  1  1  1  1 -1 -1  1] [ 3 11 19 20 21 27 28 29 44] [ 5347  8589  6071 11030 10306 12159 10368 10180 12727] [] 1716186713.6671006680
[ 1 -1  1  1  1 -1 -1  1 -1  1] [ 3 11 19 20 21 26 27 28 29 44] [ 5219  8682  5657 10960 10306 13077 12160 10251 10305 12563] [] 1716186713.7101280689
[ 1 -1  1  1  1  1  1 -1  1 -1  1] [ 3 11 19 20 21 26 27 28 29 36 44] [ 4298  8706  5007 10735 10253  8806 12095 10337 10240 14569 12549] [] 1716186713.7531013489
[ 1  1  1  1  1 -1  1  1  1 -1  1  1] [ 3 11 19 20 21 26 27 28 29 34 36 44] [ 4235  8641  4680 10536 10213  8876 12015 10305 10172 12231 14525 11383] [] 1716186713.7961027622
[ 1 -1 -1  1  1  1  1  1 -1  1  1  1  1] [ 3 11 18 19 20 21 26 27 28 29 34 36 44] [ 4153  8664 14236  4574 10290 10101  8683 12015 10394 10094 11604 12877
  7615] [] 1716186713.8391287327
[1 1 1 1 1 1 1 1 1 1 1 1 1] [ 3 11 18 19 20 21 26 27 28 29 34 36 44] [ 4029  8556 10891  4286 10040 10036  8393 11830 10219 10004  9030 11879
  6413] [] 1716186713.8821313381
[-1 -1  1  1  1  1  1 -1  1 -1 -1  1  1  1 -1 -1  1 -1] [ 3 10 11 18 19 20 21 23 26 27 28 29 34 36 37 42 44 45] [ 4044 13682  8315 10580  4237  9988 10011 13906  8338 11892 10259  9882
  8680 11623 16338 13918  5924  8838] [] 1716186713.9251241684
[-1  1  1  1  1  1  1  1  1 -1  1 -1  1  1  1  1  1  1] [ 3 10 11 18 19 20 21 23 26 27 28 29 34 36 37 42 44 45] [ 4047 11640  7778 10291  4031  9416  9985 13603  8023 11996 10243 10055
  8579 11367 13362 11956  5262  7303] [] 1716186713.9681932926
[-1  1  1  1  1  1  1  1  1  1  1  1  1  1 -1  1  1  1  1  1] [ 2  3 10 11 18 19 20 21 23 26 27 28 29 34 35 36 37 42 44 45] [16069  3925 10067  7671 10020  3919  7617  9794 13201  7826  9426  9641
  9965  8525 13704 10658 12875 10143  4950  6513] [] 1716186714.0112681389
[ 1  1  1 -1  1  1  1  1  1  1  1  1  1  1  1  1  1  1  1  1] [ 2  3 10 11 18 19 20 21 23 26 27 28 29 34 35 36 37 42 44 45] [15943  3887  8956  7757  8494  3797  7212  9794 12900  7805  9314  9139
  8210  8422 13659 10647 12154  7111  4724  6382] [] 1716186714.0543706417
[-1  1  1  1  1  1  1  1  1  1  1  1 -1  1  1  1 -1  1  1  1] [ 2  3 10 11 18 19 20 21 23 26 27 28 29 34 35 36 37 42 44 45] [16061  3871  8897  6625  6583  3751  7095  9739 12811  7690  9186  6957
  8231  7487 13391  9173 12411  6301  4384  6191] [] 1716186714.0973644257
[-1  1  1  1  1  1  1  1 -1 -1  1  1  1  1  1  1 -1  1  1 -1 -1] [ 2  3 10 11 18 19 20 21 23 26 27 28 29 34 35 36 37 42 44 45 53] [16151  3758  8326  6145  5314  3646  6834  9693 12881  7714  9053  6110
  7097  7450 13056  7777 12414  5220  4302  6287 11140] [] 1716186714.1402719021
[ 1  1  1  1  1  1  1 -1 -1  1 -1  1  1  1  1  1  1  1  1  1  1] [ 2  3 10 11 18 19 20 21 23 26 27 28 29 34 35 36 37 42 44 45 53] [12553  3582  7529  4974  4666  3528  6177  9699 12893  5646  9455  5378
  6913  7337 11969  6275 12350  4842  4129  6127  8726] [] 1716186714.1833450794
[ 1 -1  1  1  1 -1  1  1 -1  1 -1  1  1  1  1  1  1 -1  1 -1 -1  1] [ 2  3 10 11 18 19 20 21 23 26 27 28 29 34 35 36 37 42 44 45 46 53] [12543  3623  7458  4463  4456  3531  5996  9650 12938  5355  9668  5107
  5982  7170 10649  6151 12152  4878  4018  6289 11260  7924] [] 1716186714.2263102531
[-1  1  1  1  1  1  1  1 -1 -1  1  1  1  1  1  1  1 -1  1  1  1  1  1] [ 1  2  3 10 11 18 19 20 21 23 26 27 28 29 34 35 36 37 42 44 45 46 53] [16323 12463  3526  7413  4385  4423  3447  5925  9653 12993  5087  9589
  4800  5630  6411  9511  5944 12216  4551  3844  5807  8812  6942] [] 1716186714.2693386078
[ 1  1  1  1  1  1  1  1 -1 -1  1  1  1  1  1 -1  1 -1  1 -1  1  1 -1  1] [ 1  2  3 10 11 18 19 20 21 23 26 27 28 29 34 35 36 37 42 44 45 46 52 53] [16122 12268  3251  7073  3814  4199  3356  5836  9703 13010  4846  8553
  4139  4659  6080 11973  5700 12460  4208  3861  5697  8519  9797  5563] [] 1716186714.3122985363
[ 1  1  1  1  1  1  1  1 -1  1  1  1  1  1  1  1  1  1  1  1  1  1 -1  1] [ 1  2  3 10 11 18 19 20 21 23 26 27 28 29 34 35 36 37 42 44 45 46 52 53] [15760 12021  3123  6849  3678  4013  3326  5808  9836 12873  4717  8398
  3793  4547  5990  9062  5110 12226  4138  3450  5189  7157 11362  5358] [] 1716186714.3552479744
[-1 -1  1  1  1  1  1 -1  1  1  1  1  1  1  1  1  1  1  1  1  1  1 -1 -1
 -1 -1 -1] [ 1  2  3 10 11 18 19 20 21 23 26 27 28 29 34 35 36 37 42 44 45 46 50 52
 53 54 61] [15946 12223  2893  6711  3520  3855  3291  5926  9756 12861  4412  8336
  3615  4472  5857  8663  4825 12038  4002  3268  4773  7071 14669 12693
  5392 12224  6580] [] 1716186714.3983559608
[ 1  1  1  1  1  1  1 -1 -1 -1  1  1  1  1  1  1  1  1 -1  1  1  1  1  1
 -1 -1  1  1  1] [ 1  2  3 10 11 18 19 20 21 23 26 27 28 29 34 35 36 37 38 42 44 45 46 50
 51 52 53 54 61] [15812  8431  2747  6335  3195  3556  3221  6039  9842 12890  4035  7066
  3309  4426  5132  7297  4488 12036 13898  3782  3204  4525  6991 14068
 11465 12841  5146 11573  6518] [] 1716186714.4414072037
[-1  1  1  1  1  1  1  1 -1  1  1  1  1  1  1 -1  1  1  1  1  1  1  1 -1
 -1  1  1  1 -1  1] [ 1  2  3 10 11 18 19 20 21 23 26 27 28 29 34 35 36 37 38 42 44 45 46 47
 50 51 52 53 54 61] [15969  8201  2705  5540  2926  3525  3161  5799  9884 12828  3987  6760
  3104  4396  5100  7320  4399 11990 13757  3532  3135  4426  6175 14815
 14735 10950 11039  4986 11604  6360] [] 1716186714.4843132496
[ 1 -1  1 -1  1  1  1  1  1  1 -1  1 -1  1 -1  1  1  1  1 -1  1  1  1 -1
  1  1  1  1  1  1  1] [ 1  2  3  4 10 11 18 19 20 21 23 26 27 28 29 34 35 36 37 38 42 44 45 46
 47 50 51 52 53 54 61] [15682  8301  2626 12358  5221  2820  3391  3115  5664  9875 13136  3925
  6827  2997  4398  5099  6958  4135 11707 13807  3348  3068  4179  6237
  6966  8831 10728 10893  4909  9814  6248] [] 1716186714.5273687840
[ 1 -1  1 -1  1  1 -1  1  1  1  1 -1  1  1  1  1  1  1  1 -1 -1  1  1  1
 -1  1  1  1  1  1  1  1] [ 1  2  3  4 10 11 15 18 19 20 21 23 26 27 28 29 34 35 36 37 38 42 44 45
 46 47 50 51 52 53 54 61] [15548  8686  2519 12437  5077  2679 15067  3255  3057  5511  9851 13250
  3517  6627  2709  4339  4863  6364  3938 11826 13869  3306  3038  3966
  6246  5491  8701  8220 10205  4584  7177  6217] [] 1716186714.5702972412
[ 1  1  1  1  1  1  1  1  1  1 -1  1  1  1  1 -1  1  1  1  1  1  1  1  1
  1  1  1  1  1  1 -1 -1 -1] [ 1  2  3  4 10 11 15 18 19 20 21 23 26 27 28 29 34 35 36 37 38 42 44 45
 46 47 50 51 52 53 54 60 61] [15250  7256  2431 10091  4534  2569 14463  3191  2935  4660  9891 13077
  3395  6494  2618  4351  4655  5773  3872  9744 13545  3252  2991  3903
  6061  4930  8195  6205  8784  4232  7192 12814  6300] [] 1716186714.6133332253
[-1  1  1  1  1 -1  1 -1  1  1 -1 -1  1  1  1  1  1  1  1  1 -1 -1  1  1
  1  1  1  1  1  1  1  1  1  1] [ 1  2  3  4 10 11 15 18 19 20 21 23 26 27 28 29 34 35 36 37 38 41 42 44
 45 46 47 50 51 52 53 54 60 61] [15281  6867  2361  9959  4196  2571 14047  3231  2889  4464  9924 13100
  3297  6447  2574  4031  4424  5600  3819  9492 13579 16237  3170  2891
  3831  5887  4721  6647  5992  8719  4136  7074 12336  6221] [] 1716186714.6563894749
[-1  1 -1  1  1  1  1  1  1  1  1 -1  1  1  1  1  1 -1  1  1  1  1  1  1
  1  1  1  1  1  1  1  1  1 -1] [ 1  2  3  4 10 11 15 18 19 20 21 23 26 27 28 29 34 35 36 37 38 41 42 44
 45 46 47 50 51 52 53 54 60 61] [15549  6599  2363  9763  3996  2435 13942  3033  2869  4327  9872 13172
  3159  6333  2482  3985  4294  5716  3726  9071 13333 16187  3010  2745
  3503  5274  4268  6235  5820  8375  3920  5909  9495  6243] [] 1716186714.6993551254
[ 1  1 -1  1  1  1  1  1  1  1  1  1  1  1  1 -1  1  1  1  1  1  1  1  1
  1 -1  1  1  1  1  1  1 -1  1  1] [ 2  3  4 10 11 15 18 19 20 21 23 26 27 28 29 32 34 35 36 37 38 41 42 44
 45 46 47 50 51 52 53 54 55 60 61] [ 6511  2303  9829  3968  2340 13519  2918  2855  4144  9870 13061  2955
  6295  2395  3879 13991  3983  5524  3586  8803 11022 15987  2694  2707
  3388  5325  4043  6046  5335  7054  3877  5710  9548  8188  6192] [] 1716186714.7423107624
[-1  1 -1  1  1  1  1  1  1  1 -1  1  1  1  1  1  1  1  1  1 -1 -1 -1  1
 -1  1  1 -1  1  1  1  1  1  1 -1] [ 2  3  4 10 11 15 18 19 20 21 23 26 27 28 29 32 34 35 36 37 38 41 42 44
 45 46 47 50 51 52 53 54 55 60 61] [ 6691  2205  9971  3776  2323 13259  2837  2798  4135  9818 13072  2895
  6251  2308  3863 12856  3926  5502  3410  8792 11789 15991  2710  2679
  3471  5260  4006  6134  5322  7006  3852  5701  9456  8017  6229] [] 1716186714.7852029800
[-1  1  1  1  1  1 -1  1  1 -1 -1  1 -1  1  1 -1  1  1 -1  1  1 -1  1  1
  1  1 -1  1 -1  1  1  1  1  1  1] [ 2  3  4 10 11 15 18 19 20 21 23 26 27 28 29 32 34 35 36 37 38 41 42 44
 45 46 47 50 51 52 53 54 55 60 61] [ 6699  2203  9623  3760  2305 13099  2847  2782  3982  9880 13085  2893
  6431  2272  3827 13428  3890  5416  3413  8698 10594 16027  2642  2676
  3435  5234  4095  6119  5331  6951  3782  5598  9293  7333  6183] [] 1716186714.8282334805
[-1  1  1 -1  1  1 -1  1 -1  1  1 -1  1  1  1 -1  1 -1  1  1  1  1 -1  1
  1  1  1  1  1  1 -1 -1  1  1  1  1] [ 1  2  3  4 10 11 15 18 19 20 21 23 26 27 28 29 32 34 35 36 37 38 41 42
 44 45 46 47 50 51 52 53 54 55 60 61] [16379  6692  2188  9679  3672  2287 13149  2807  2814  3976  9787 13174
  2845  6408  2240  3828 12603  3910  5368  3262  8572 10570 16048  2624
  2655  3381  5219  4064  6030  5325  6957  3802  5594  9293  7259  6154] [] 1716186714.8712427616
[ 1 -1  1  1  1  1  1  1  1  1 -1 -1  1 -1  1 -1 -1  1 -1  1  1  1 -1 -1
 -1  1  1  1 -1 -1 -1 -1 -1 -1  1] [ 1  2  3  4 10 11 15 18 19 20 21 23 26 27 28 29 32 34 35 36 37 38 41 42
 44 45 46 47 50 51 52 53 54 60 61] [15947  6711  2183  9625  3656  2282 13091  2799  2761  3959  9796 13184
  2833  6421  2229  3871 12819  3899  5384  3215  8558 10435 16088  2658
  2668  3333  5145  3937  6077  5882  6984  3809  5599  8094  6144] [] 1716186714.9142231941
[ 1  1 -1  1 -1 -1  1 -1 -1 -1 -1 -1 -1  1 -1  1  1 -1  1 -1 -1 -1 -1 -1
 -1 -1 -1 -1 -1 -1 -1  1 -1 -1 -1] [ 1  2  3  4 10 11 15 18 19 20 21 23 26 27 28 29 32 34 35 36 37 38 41 42
 44 45 46 47 50 51 52 53 54 60 61] [15547  6679  2193  9606  3744  2298 12967  2815  2771  3969  9809 13202
  2851  6375  2281  3774 12389  3977  5304  3284  8613 10691 16183  2800
  2743  3382  5209  4413  6513  5961  7098  3806  5705 12454  6156] [] 1716186714.9572539330
[ 1  1 -1 -1 -1 -1  1 -1 -1 -1  1 -1 -1  1 -1 -1 -1 -1  1 -1  1 -1 -1 -1
 -1 -1 -1 -1 -1 -1 -1 -1  1] [ 1  2  3  4 10 11 15 18 19 20 21 23 26 27 28 29 32 34 35 36 37 38 42 44
 45 46 47 50 51 52 53 54 61] [15113  6678  2234  9659  3800  2322 12911  2909  2773  3980  9752 13264
  3025  6328  2298  3831 13802  4011  5280  3360  8490 12793  2952  2867
  3532  5843  5065  8521  7568  8401  3988  7121  6097] [] 1716186715.0001797676
[ 1  1 -1  1 -1 -1 -1 -1 -1 -1  1  1 -1 -1 -1 -1 -1 -1 -1 -1 -1 -1 -1 -1
  1 -1  1 -1 -1 -1 -1  1] [ 1  2  3  4 10 11 15 18 19 20 21 23 26 27 28 29 34 35 36 37 38 42 44 45
 46 47 50 51 52 53 54 61] [14724  6559  2275  9583  3937  2379 13459  3015  2826  4010  9663 13132
  3117  6338  2402  3850  4206  5352  3538  8629 13039  2996  2879  3559
  5809  5373  8504  9744  9028  4310 10965  6084] [] 1716186715.0432245731
[ 1 -1 -1 -1 -1 -1 -1 -1  1 -1 -1  1 -1 -1 -1 -1 -1 -1 -1 -1 -1 -1 -1 -1
  1 -1 -1 -1 -1 -1 -1] [ 1  2  3  4 10 11 15 18 19 20 21 23 26 27 28 29 34 35 36 37 38 42 44 45
 46 50 51 52 53 54 61] [14716  6695  2302  9602  4444  2479 13999  3143  2817  4144  9693 13064
  3181  6351  2477  3937  4251  5372  3549  8660 13165  3032  2887  3615
  5686 13296 10362 10043  4514 11225  6117] [] 1716186715.0861558914
[-1 -1 -1  1 -1 -1 -1 -1 -1 -1 -1 -1 -1 -1 -1 -1 -1 -1 -1 -1 -1 -1 -1 -1
 -1 -1 -1 -1 -1 -1 -1] [ 1  2  3  4 10 11 15 18 19 20 21 23 26 27 28 29 34 35 36 37 38 42 44 45
 46 50 51 52 53 54 61] [14754  6714  2366  9599  4644  2515 14379  3205  2830  4674  9695 13085
  3227  6438  2567  4163  4558  5456  3669  8920 13724  3284  2959  4004
  6517 14890 10425 11201  4953 11716  6490] [] 1716186715.1292088032
[-1 -1 -1  1 -1 -1 -1 -1 -1  1  1 -1 -1 -1  1 -1  1 -1 -1  1 -1 -1 -1 -1
 -1  1  1] [ 1  2  3  4 10 11 18 19 20 21 23 26 27 28 29 34 35 36 37 38 42 44 45 46
 51 52 53] [14795  7613  2462  9429  4980  2676  3287  2869  5142  9678 12947  3442
  6466  2615  4152  4963  5434  3942 10164 13683  3336  3029  4191  6531
 10567 11181  4751] [] 1716186715.1721682549
[ 1 -1 -1  1 -1 -1 -1 -1 -1  1  1 -1  1 -1 -1 -1 -1 -1 -1 -1 -1 -1 -1 -1
 -1 -1] [ 1  2  3  4 10 11 18 19 20 21 23 26 27 28 29 34 35 36 37 42 44 45 46 51
 52 53] [14734  7759  2529  9363  5283  2856  3487  2938  5215  9623 12882  3728
  6435  2773  4231  5087  5603  4040 11018  3587  3124  4383  7387 15264
 11869  4898] [] 1716186715.2151837349
[-1 -1 -1 -1 -1 -1 -1 -1 -1 -1 -1 -1 -1 -1  1 -1 -1 -1  1 -1 -1 -1 -1 -1
 -1] [ 1  2  3  4 10 11 18 19 20 21 23 26 27 28 29 34 35 36 37 42 44 45 46 52
 53] [14938  7760  2689  9387  6064  2959  3681  2998  5310  9632 12972  3894
  6468  2984  4183  5427  6240  4170 10936  3648  3295  4812  7564 12759
  5552] [] 1716186715.2581768036
[ 1 -1 -1 -1 -1 -1 -1 -1 -1 -1  1 -1 -1 -1 -1 -1 -1 -1 -1 -1 -1 -1 -1] [ 1  2  3  4 10 11 18 19 20 21 23 26 27 28 29 34 35 36 37 42 44 45 53] [14792 10978  2855  9396  6448  3210  4027  3065  5762  9677 12945  4339
  6865  3259  4315  5604  7735  4582 11157  3912  3626  5210  7358] [] 1716186715.3011312485
[-1  1 -1  1 -1 -1 -1 -1 -1  1  1 -1 -1 -1 -1 -1 -1 -1  1 -1 -1 -1 -1] [ 1  2  3  4 10 11 18 19 20 21 23 26 27 28 29 34 35 36 37 42 44 45 53] [14804 10920  3274  9391  6682  3687  4128  3179  5933  9416 12846  4740
  8259  3713  5208  6082  7803  4883 11074  4341  3729  5741  9767] [] 1716186715.3441493511
[ 1  1 -1  1 -1 -1 -1 -1 -1  1 -1 -1 -1 -1 -1 -1  1 -1  1 -1 -1 -1] [ 1  2  3  4 10 11 18 19 20 21 23 26 27 28 29 34 35 36 37 42 44 45] [14760 10864  3402  9343  6842  4143  4239  3191  5939  9411 12865  4894
  8289  3920  5397  6207  7790  5055 11054  6128  3878  5938] [] 1716186715.3871145248
[-1 -1 -1  1  1 -1 -1 -1 -1 -1  1 -1 -1 -1  1 -1 -1 -1 -1 -1 -1 -1] [ 1  2  3  4 10 11 18 19 20 21 23 26 27 28 29 34 35 36 37 42 44 45] [14992 12391  3686  9277  6798  4310  4537  3271  6240  9424 12746  5322
  8766  4352  5395  7295  7976  5722 11812  7731  4031  6081] [] 1716186715.4301183224
[-1  1  1 -1 -1 -1 -1 -1  1  1 -1 -1 -1 -1 -1 -1 -1 -1  1 -1 -1 -1] [ 1  2  3  4 10 11 18 19 20 21 23 26 27 28 29 34 35 36 37 42 44 45] [15372 11919  3659  9706  7274  5189  5703  3355  6229  9404 12859  6601
  9300  5015  6095  7385  8738  6254 11514  9747  4290  6335] [] 1716186715.4731121063
[-1 -1 -1 -1 -1 -1 -1 -1 -1 -1 -1  1 -1 -1 -1 -1 -1 -1 -1 -1 -1] [ 2  3  4 10 11 18 19 20 21 23 26 27 28 29 34 35 36 37 42 44 45] [14821  3774 11050  7554  6040  6494  3437  6256  9413 12875  7527  9267
  5904  7964  8406 12936  7136 11580 15742  4628  7817] [] 1716186715.5161848068
[ 1 -1 -1 -1 -1 -1 -1 -1 -1 -1 -1 -1 -1 -1 -1 -1 -1 -1 -1 -1] [ 2  3  4 10 11 18 19 20 21 23 26 27 28 29 34 35 36 37 44 45] [13091  3907 13549  8067  7514  6722  3542  6672  9469 13036  7587  9309
  6717  8059  8487 13085  7711 12860  4842 14276] [] 1716186715.5591356754
[-1  1 -1 -1 -1 -1 -1 -1 -1 -1  1 -1 -1 -1 -1 -1 -1 -1] [ 2  3 10 11 18 19 20 21 23 26 27 28 29 34 35 36 37 44] [14255  3907  9014  7544  9989  3686  8193  9579 13181  7761  9215  7211
  9539  8585 13133  7860 13154  5734] [] 1716186715.6022369862
[-1 -1 -1 -1 -1 -1 -1 -1  1 -1 -1 -1 -1 -1 -1 -1 -1] [ 2  3 10 11 18 19 20 21 23 26 27 28 29 34 36 37 44] [15179  3939  9737  8474 10105  3845  9192  9614 13135  8027  9371  8052
  9706 11248  8202 13567  8008] [] 1716186715.6451709270
[ 1 -1 -1 -1 -1 -1 -1 -1 -1 -1 -1 -1 -1 -1 -1 -1] [ 2  3 10 11 18 19 20 21 23 26 27 28 29 34 36 44] [15045  3958 11566  8504 10310  3936  9342  9745 13502  8065  9517  9865
  9796 11441  9671 12118] [] 1716186715.6881549358
[ 1 -1  1 -1 -1 -1  1 -1 -1 -1 -1 -1 -1] [ 2  3 11 18 19 20 21 26 27 28 29 36 44] [14326  3967  7598 13225  3996  9538  9707  8297 12144 10021  9841 11176
 12597] [] 1716186715.7310950756
[ 1 -1 -1 -1 -1 -1 -1  1  1  1 -1 -1] [ 2  3 11 19 20 21 26 27 28 29 36 44] [13851  4033  8441  4175  9751  9885 12518 11553  9958  9839 12168 12769] [] 1716186715.7741072178
[-1 -1 -1 -1 -1 -1  1 -1 -1 -1] [ 2  3 11 19 20 21 27 28 29 36] [13999  4129  8442  4327  9982  9951 11412 10021  9987 12655] [] 1716186715.8171441555
[ 1 -1 -1 -1 -1 -1 -1 -1 -1] [ 2  3 11 19 20 21 27 28 29] [13365  5030  8519  5018 10084 10149 11495 10035 10038] [] 1716186715.8601138592
[-1 -1 -1 -1 -1 -1 -1 -1 -1] [ 2  3 11 19 20 21 27 28 29] [13605  5251  8558  5942 10426 10355 11778 10121 10297] [] 1716186715.9031074047
[-1 -1 -1 -1 -1 -1 -1 -1 -1] [ 2  3 11 19 20 21 27 28 29] [13656  5605  8668  8962 11049 10774 12004 10421 10698] [] 1716186715.9460380077
[-1 -1 -1 -1 -1 -1 -1 -1 -1] [ 2  3 11 19 20 21 27 28 29] [14418  7625  8805  9271 11521 11038 12559 10477 10998] [] 1716186715.9891047478
[-1 -1 -1 -1 -1 -1 -1 -1] [ 2  3 11 19 20 21 28 29] [14782  8939  8978  9644 12605 11167 10792 11618] [] 1716186716.0320816040
[-1  1 -1 -1 -1  1] [ 2 11 19 20 21 28] [14968  8878  9738 14065 11222 10718] [] 1716186716.0751304626
[ 1 -1  1] [11 19 28] [ 8865  9974 10673] [] 1716186716.1181588173
[-1 -1] [11 28] [ 9146 11125] [] 1716186716.1610212326
[-1] [11] [9700] [] 1716186716.2040071487
[-1] [11] [10444] [] 1716186716.2470889091
2 2 2 1716186716.3909201622
