FA TAX ADC PRES TS
[-1] [11] [9731] [] 1716186584.2352328300
[1] [11] [9718] [] 1716186584.2782015800
[-1] [11] [9814] [] 1716186584.3213050365
[1] [11] [9374] [] 1716186584.3642311096
[ 1 -1] [11 28] [ 9296 11283] [] 1716186584.4072289467
[1 1] [11 28] [ 8997 10911] [] 1716186584.4501867294
[ 1 -1 -1] [11 19 28] [ 8894 10260 10986] [] 1716186584.4932751656
[1 1 1] [11 19 28] [ 8792  9668 10882] [] 1716186584.5361657143
[-1 -1 -1 -1] [ 3 11 19 28] [ 6334  9095  9747 10976] [] 1716186584.5790033340
[ 1 -1  1 -1] [ 3 11 19 28] [ 6206  9109  9560 11048] [] 1716186584.6219244003
[ 1  1  1 -1 -1 -1 -1] [ 3 11 19 20 21 28 29] [ 6081  9097  6956 13996 11918 11288 11829] [] 1716186584.6649615765
[ 1  1  1  1  1 -1  1] [ 3 11 19 20 21 28 29] [ 5809  8998  5845 13665 11290 11355 11421] [] 1716186584.7080221176
[ 1 -1  1  1  1 -1 -1  1] [ 3 11 19 20 21 27 28 29] [ 5075  9025  5776 13380 11006 12912 11383 11117] [] 1716186584.7509400845
[ 1  1  1  1  1  1  1  1 -1] [ 3 11 19 20 21 27 28 29 44] [ 4735  8896  5374 12576 10840 12620 11322 10831 13761] [] 1716186584.7940142155
[ 1  1  1  1  1  1 -1  1  1] [ 3 11 19 20 21 27 28 29 44] [ 4588  8814  5166 11926 10754 12613 11372 10675 13029] [] 1716186584.8370563984
[ 1 -1 -1  1  1 -1  1  1  1  1] [ 3 11 18 19 20 21 27 28 29 44] [ 4582  8877 11299  5038 11547 10790 12482 11363 10588 12628] [] 1716186584.8799679279
[ 1  1  1  1  1  1  1  1 -1  1] [ 3 11 18 19 20 21 27 28 29 44] [ 4458  8815 10859  4780 11243 10644 12285 11055 10597 12422] [] 1716186584.9229650497
[ 1 -1  1  1  1  1 -1  1  1  1 -1] [ 3 11 18 19 20 21 26 27 28 29 44] [ 4337  8824  9233  4440 10903 10450 14011 11681 10801 10519 12642] [] 1716186584.9659671783
[ 1  1  1  1  1 -1  1 -1  1  1 -1  1] [ 3 11 18 19 20 21 26 27 28 29 34 44] [ 3983  8782  9138  4387 10790 10463 11095 11765 10712 10487 11721 12415] [] 1716186585.0090410709
[ 1  1  1  1  1  1  1 -1  1  1 -1  1 -1] [ 3 11 18 19 20 21 26 27 28 29 34 44 45] [ 3846  7940  8913  4272 10691 10460 11006 11866  9828  9026 11740 10330
 11999] [] 1716186585.0520703793
[ 1  1  1  1  1  1  1  1  1  1  1  1 -1] [ 3 11 18 19 20 21 26 27 28 29 34 44 45] [ 3691  7710  7109  4025 10303 10373  8921 11717  7763  8097 11321  6939
 12165] [] 1716186585.0952348709
[ 1  1  1  1  1  1 -1  1  1  1  1  1 -1  1  1] [ 3 11 18 19 20 21 23 26 27 28 29 34 36 44 45] [ 3579  7577  6873  3850  9929 10109 15519  8774 11478  5981  6069  8957
 13727  6044  8349] [] 1716186585.1382553577
[ 1  1  1  1  1  1  1  1 -1  1  1  1  1 -1  1  1] [ 3 11 18 19 20 21 23 26 27 28 29 34 36 42 44 45] [ 3395  7510  5782  3770  9858 10042 14493  8674 11707  5433  5871  8662
 12781 10670  5085  6667] [] 1716186585.1812119484
[ 1 -1 -1  1  1  1  1  1  1 -1  1  1  1  1 -1  1  1  1] [ 3 10 11 18 19 20 21 23 26 27 28 29 34 36 37 42 44 45] [ 3186 14300  7529  5005  3677  9654  9992 13162  8499 12062  4874  5505
  8638 12187 16353  9711  4991  6026] [] 1716186585.2242872715
[ 1  1  1  1  1  1 -1  1  1  1  1 -1 -1  1  1  1  1  1] [ 3 10 11 18 19 20 21 23 26 27 28 29 34 36 37 42 44 45] [ 3119 13750  7508  4677  3586  9303  9997 12974  8427 11935  4672  5535
  8668 11965 13408  6975  4597  5496] [] 1716186585.2672781944
[1 1 1 1 1 1 1 1 1 1 1 1 1 1 1 1 1 1] [ 3 10 11 18 19 20 21 23 26 27 28 29 34 36 37 42 44 45] [ 2934 12576  7454  4343  3506  8098  9955 12746  8202  9271  4308  5411
  8043 11674 12736  6007  4245  5134] [] 1716186585.3102262020
[ 1  1  1  1  1 -1  1  1  1  1  1  1  1  1  1  1  1  1 -1] [ 3 10 11 18 19 20 21 23 26 27 28 29 34 36 37 42 44 45 53] [ 2835  9635  7451  4117  3429  8289  9821 12709  7865  8944  4062  5172
  7511 11446 12608  4880  4034  4778 14572] [] 1716186585.3532433510
[ 1 -1 -1  1 -1  1  1  1  1  1  1  1  1 -1  1 -1  1  1  1  1] [ 3 10 11 18 19 20 21 23 26 27 28 29 34 35 36 37 42 44 45 53] [ 2735 10026  7452  4018  3437  8003  9801 12703  7713  8944  3887  5105
  7422 15296 11071 12754  4193  3926  4519 14510] [] 1716186585.3962142467
[ 1  1 -1  1  1  1  1 -1  1  1  1  1  1  1  1  1  1 -1  1 -1  1] [ 3 10 11 18 19 20 21 23 26 27 28 29 34 35 36 37 42 44 45 52 53] [ 2647  9614  7461  3837  3339  6650  9765 12745  7591  8734  3690  5038
  7194 13947 10833 12172  3706  3936  4376 14481  7082] [] 1716186585.4393687248
[-1  1  1  1  1  1  1 -1 -1 -1  1  1  1  1 -1  1  1  1  1  1  1  1] [ 1  3 10 11 18 19 20 21 23 26 27 28 29 34 35 36 37 42 44 45 52 53] [16040  2530  9406  6351  3570  3258  6304  9977 13061  7634  8524  3331
  4943  7009 14093  8569 12154  3537  3826  4159 12924  6394] [] 1716186585.4823052883
[ 1  1  1  1 -1  1  1  1  1  1  1  1  1  1  1  1  1 -1  1  1  1  1  1] [ 1  3 10 11 12 18 19 20 21 23 26 27 28 29 34 35 36 37 42 44 45 52 53] [15734  2487  8772  6328 15289  3482  3193  6134  9796 13035  7437  8110
  3290  4867  6212 13479  8531 12469  3460  3753  3918 12361  5552] [] 1716186585.5252871513
[ 1  1 -1 -1  1  1  1  1  1 -1  1 -1  1  1  1  1  1  1 -1  1  1  1 -1  1] [ 1  3  4 10 11 12 18 19 20 21 23 26 27 28 29 34 35 36 37 42 44 45 52 53] [15584  2483 13004  8920  5610 14933  3327  3108  5521  9972 13004  7468
  8011  3164  4806  6195 12410  7739 12646  3418  3582  3758 12623  5020] [] 1716186585.5683476925
[ 1  1  1  1  1  1  1  1  1  1  1  1  1  1  1  1 -1  1  1 -1  1 -1 -1 -1
  1 -1 -1] [ 1  3  4 10 11 12 18 19 20 21 23 26 27 28 29 34 35 36 37 42 44 45 46 51
 52 53 61] [14824  2419 12975  7856  4836 13866  3221  3045  5363  9924 12981  7439
  7945  3038  4697  6097 12457  6967 12362  3450  3511  3879 10915 11188
 11998  5376  7134] [] 1716186585.6112978458
[ 1 -1  1  1  1  1  1  1  1  1  1  1  1 -1  1  1  1 -1 -1  1  1  1  1  1
  1  1 -1  1] [ 3  4 10 11 12 18 19 20 21 23 26 27 28 29 34 35 36 37 38 42 44 45 46 51
 52 53 54 61] [ 2303 13817  7445  4446 13778  3131  3003  5271  9888 12962  7437  7883
  2975  4714  6031 10162  6696 12679 14371  3276  3333  3823  8774 10941
 11611  5180 12254  7040] [] 1716186585.6543643475
[ 1  1  1  1  1  1  1  1 -1  1 -1  1  1 -1  1  1  1 -1  1  1  1  1  1  1
  1  1  1  1] [ 3  4 10 11 12 18 19 20 21 23 26 27 28 29 34 35 36 37 38 42 44 45 46 51
 52 53 54 61] [ 2266 11716  6906  3687 10896  2981  2907  4911  9933 12928  7480  7046
  2838  4735  5802  8539  5426 12856 13909  3092  3218  3540  8105 10768
 11285  5139 11994  6870] [] 1716186585.6972517967
[-1  1  1  1  1  1  1  1  1  1  1  1  1  1  1 -1 -1  1  1  1 -1  1  1  1
 -1  1  1  1  1  1] [ 1  3  4 10 11 12 18 19 20 21 23 26 27 28 29 34 35 36 37 38 42 44 45 46
 50 51 52 53 54 61] [16138  2238 11007  5877  3509 10604  2931  2877  4821  9881 12756  6471
  6943  2767  4708  5911  8639  5060 12550 13802  3148  3165  3439  7932
 14921 10768 11104  4846 11673  6675] [] 1716186585.7402806282
[-1 -1  1  1  1 -1  1  1  1  1 -1  1  1  1 -1  1  1  1 -1 -1  1  1  1  1
 -1 -1  1  1  1  1  1] [ 2  3  4 10 11 12 18 19 20 21 23 26 27 28 29 34 35 36 37 38 42 44 45 46
 47 50 51 52 53 54 61] [10828  2306 10279  5613  3127 10763  2832  2815  4697  9692 13009  5441
  5984  2700  4765  5563  8633  4649 12571 13927  2896  3092  3315  7878
 13904 15278 10084 10340  4588 11192  6594] [] 1716186585.7833840847
[ 1  1  1  1  1  1  1 -1  1  1  1  1  1  1  1  1 -1  1  1  1 -1  1  1  1
  1  1  1  1  1  1  1] [ 2  3  4 10 11 12 18 19 20 21 23 26 27 28 29 34 35 36 37 38 42 44 45 46
 47 50 51 52 53 54 61] [10774  2287 10201  5231  3014 10290  2757  2830  4433  9666 12985  5311
  5846  2629  4635  5454  9015  4395 12253 13650  2906  2961  3139  7774
  7631  9330  9688  9120  4376  6471  6498] [] 1716186585.8263511658
[-1  1  1  1  1  1  1 -1  1  1  1 -1  1  1  1  1  1  1  1  1  1  1  1  1
  1  1  1  1  1  1  1  1] [ 1  2  3  4 10 11 12 18 19 20 21 23 26 27 28 29 34 35 36 37 38 42 44 45
 46 47 50 51 52 53 54 61] [16086 10671  2230  9683  5055  2937  9421  2767  2777  4243  9659 13193
  4405  5786  2601  4243  5353  7217  4038 12152 13627  2856  2906  3044
  7666  5743  9177  8820  8557  4192  6207  6368] [] 1716186585.8693230152
[ 1  1  1  1  1  1  1  1  1  1  1  1 -1  1  1  1  1 -1  1  1 -1  1  1  1
  1  1  1  1  1  1  1  1] [ 1  2  3  4 10 11 12 18 19 20 21 23 26 27 28 29 34 35 36 37 38 42 44 45
 46 47 50 51 52 53 54 61] [16070 10579  2180  9571  4866  2730  8916  2693  2711  4130  9626 12972
  4561  5722  2513  4182  5337  7908  3938 11913 13681  2628  2835  2955
  6562  4742  8875  7751  7717  4100  5898  6234] [] 1716186585.9123055935
[ 1  1  1 -1  1  1  1  1  1  1  1 -1  1  1  1  1  1  1  1  1  1  1  1  1
  1  1  1 -1  1  1  1  1] [ 1  2  3  4 10 11 12 18 19 20 21 23 26 27 28 29 34 35 36 37 38 42 44 45
 46 47 50 51 52 53 54 61] [15650  8595  2179  9890  4629  2531  8895  2631  2634  3700  8189 13024
  4320  5638  2433  4023  4835  7797  3762 10732 13309  2554  2754  2911
  5726  4392  8848  7811  6560  3982  5802  6174] [] 1716186585.9553387165
[ 1  1  1 -1  1  1  1  1  1  1 -1 -1  1  1  1  1  1  1  1 -1  1  1  1  1
  1  1  1 -1  1 -1 -1 -1 -1 -1] [ 1  2  3  4 10 11 12 18 19 20 21 23 26 27 28 29 34 35 36 37 38 42 44 45
 46 47 50 51 52 53 54 55 60 61] [15274  7543  2166 10259  4479  2468  8772  2615  2606  3617  8245 13148
  4141  5635  2394  3747  4662  7683  3590 11070 13309  2522  2714  2852
  5226  4334  6896  8882  6291  4009  5817 12493 11590  6275] [] 1716186585.9983785152
[-1  1  1 -1  1  1  1 -1  1  1  1  1  1  1  1  1 -1  1  1  1 -1  1  1 -1
 -1  1  1  1  1  1 -1  1 -1  1  1  1] [ 1  2  3  4 10 11 12 18 19 20 21 23 26 27 28 29 32 34 35 36 37 38 42 43
 44 45 46 47 50 51 52 53 54 55 60 61] [15487  7519  2105 10573  4319  2345  8735  2647  2563  3580  8114 13058
  3969  5010  2297  3674 13699  3919  7396  3306 11272 10553  2450 15359
  2744  2781  5190  4198  6572  7327  6303  3914  5822 11071 10686  6226] [] 1716186586.0414505005
[-1 -1  1  1  1  1  1  1  1  1  1 -1  1  1  1  1 -1  1  1  1 -1  1 -1 -1
  1  1 -1  1  1  1  1 -1  1  1  1  1  1] [ 1  2  3  4 10 11 12 18 19 20 21 23 26 27 28 29 32 34 35 36 37 38 41 42
 43 44 45 46 47 50 51 52 53 54 55 60 61] [15627  7622  2077 10321  4091  2298  8593  2559  2552  3526  8059 13631
  3847  4960  2237  3659 14150  3902  6431  3112 11287  9596 15245  2502
 14831  2720  2827  5166  4114  6506  7223  6439  3888  5783 10870 10328
  6215] [] 1716186586.0842022896
[ 1 -1  1  1  1 -1  1  1  1  1 -1  1 -1 -1 -1 -1  1 -1  1  1 -1  1 -1  1
  1  1  1 -1 -1 -1  1  1  1 -1  1  1 -1] [ 1  2  3  4 10 11 12 18 19 20 21 23 26 27 28 29 32 34 35 36 37 38 41 42
 43 44 45 46 47 50 51 52 53 54 55 60 61] [15379  7698  2068 10233  4091  2303  8398  2559  2550  3521  8063 13567
  3861  5033  2278  3683 13901  4023  6355  3059 11500  9244 15285  2484
 14611  2714  2783  5174  4144  6560  7216  6349  3886  5785 10533  9673
  6236] [] 1716186586.1273934841
[-1  1 -1  1  1  1  1  1 -1  1  1  1 -1 -1  1  1  1  1  1  1 -1 -1  1 -1
  1  1  1  1  1  1 -1 -1  1 -1 -1 -1 -1] [ 1  2  3  4 10 11 12 18 19 20 21 23 26 27 28 29 32 34 35 36 37 38 41 42
 43 44 45 46 47 50 51 52 53 54 55 60 61] [15455  7593  2074 10203  4047  2279  8197  2549  2586  3512  8055 13563
  3871  5072  2244  3611 13213  3851  6254  3058 11635  9803 14455  2517
 14583  2700  2781  5146  4108  6508  7323  6371  3856  5786 11299 11404
  6266] [] 1716186586.1703767776
[ 1 -1  1  1 -1 -1  1  1  1  1  1 -1 -1  1  1  1  1 -1 -1 -1  1 -1  1 -1
 -1 -1  1 -1 -1 -1  1  1  1  1] [ 1  2  3  4 10 11 12 18 19 20 21 23 26 27 28 29 32 34 35 36 37 38 42 43
 44 45 46 47 50 51 52 53 54 61] [15253  7624  2065 10013  4053  2283  8025  2539  2535  3510  8054 13579
  3927  5056  2238  3603 12647  3951  6269  3084 11395  9896  2440 14759
  2786  2803  5134  4239  8160  7622  6207  3825  5719  6048] [] 1716186586.2133235931
[ 1  1 -1  1  1 -1 -1  1 -1 -1 -1 -1 -1  1  1  1  1 -1  1 -1 -1  1 -1  1
 -1 -1 -1 -1 -1 -1 -1 -1 -1] [ 1  2  3  4 10 11 12 18 19 20 21 23 26 27 28 29 32 34 35 36 37 38 42 44
 45 46 47 50 51 52 53 54 61] [15215  7612  2078  9962  3951  2333  8043  2495  2543  3517  8073 13597
  3939  4949  2237  3599 12180  4154  6190  3121 11563  9813  2515  2784
  2855  5643  4658  8753  7708  6327  3921  5993  6131] [] 1716186586.2564115524
[ 1 -1 -1 -1 -1 -1  1 -1 -1 -1  1  1 -1 -1 -1 -1  1 -1 -1 -1 -1  1 -1  1
 -1 -1 -1 -1 -1 -1 -1 -1 -1] [ 1  2  3  4 10 11 12 18 19 20 21 23 26 27 28 29 32 34 35 36 37 38 42 44
 45 46 47 50 51 52 53 54 61] [15166  7727  2135 10049  4037  2373  8040  2515  2597  3590  8052 13565
  4107  5374  2275  3647 11683  4275  6202  3336 11638  9807  2608  2775
  2890  6580  5094  9007  8216  7428  4033  6000  6206] [] 1716186586.2993695736
[-1 -1  1 -1 -1 -1 -1 -1 -1 -1 -1  1 -1 -1 -1 -1 -1 -1 -1 -1 -1  1 -1 -1
 -1 -1 -1 -1 -1 -1 -1 -1 -1] [ 1  2  3  4 10 11 12 18 19 20 21 23 26 27 28 29 32 34 35 36 37 38 42 44
 45 46 47 50 51 52 53 54 61] [15260  8569  2118 10169  4287  2412  8451  2543  2600  3638  8111 13078
  4226  5711  2335  4077 11871  4786  6213  3477 11888  9612  2668  2823
  3017  7712  8529 14120  8354  8279  4232  7459  6490] [] 1716186586.3423657417
[ 1 -1 -1  1 -1 -1 -1 -1 -1 -1 -1  1 -1 -1 -1 -1 -1 -1 -1 -1 -1  1 -1 -1
 -1  1  1 -1 -1 -1 -1] [ 1  2  3  4 10 11 12 18 19 20 21 23 26 27 28 29 32 34 35 36 37 38 42 44
 45 46 51 52 53 54 61] [15182 10294  2155  9934  4642  2621  8733  2583  2681  4027  8155 12933
  4495  5728  2384  4399 13226  5436  6278  3711 12256  9507  2764  2881
  3025  7575  8235  8819  4444 11632  6527] [] 1716186586.3851611614
[ 1 -1 -1  1 -1 -1 -1 -1 -1 -1 -1  1 -1  1 -1  1  1 -1 -1 -1  1 -1 -1 -1
 -1 -1 -1 -1 -1 -1] [ 1  2  3  4 10 11 12 18 19 20 21 23 26 27 28 29 34 35 36 37 38 42 44 45
 46 51 52 53 54 61] [15124 10656  2173  9567  5093  2834  9065  2633  2708  4058  9502 12871
  4908  5638  2465  4399  5430  6490  3867 12556  9437  2880  2995  3135
  7679  8578  9237  4570 11835  6746] [] 1716186586.4284038544
[ 1 -1 -1  1 -1 -1 -1 -1 -1  1  1  1 -1 -1 -1 -1 -1 -1 -1 -1 -1 -1 -1 -1
 -1 -1 -1 -1 -1] [ 1  2  3  4 10 11 12 18 19 20 21 23 26 27 28 29 34 35 36 37 38 42 44 45
 46 51 52 53 61] [14979 10858  2221  9430  5105  2965  9222  2712  2737  4045  9439 12778
  5207  5733  2526  4629  5551  6693  3948 13030  9942  3136  3163  3270
  7771 10832 11459  4656  6866] [] 1716186586.4713380337
[-1 -1 -1  1 -1 -1 -1 -1 -1 -1  1 -1 -1 -1 -1  1 -1 -1 -1  1  1  1 -1 -1
  1  1] [ 1  2  3  4 10 11 12 18 19 20 21 23 26 27 28 29 34 35 36 37 42 44 45 46
 52 53] [15014 12492  2264  9137  6230  3457 10496  2887  2853  4460  9426 12848
  7242  6115  2661  4627  5648  9548  4288 12980  3084  3071  3355  7800
 11427  4352] [] 1716186586.5142970085
[ 1  1  1 -1 -1 -1 -1  1 -1 -1  1 -1 -1 -1  1  1 -1 -1  1 -1 -1 -1 -1 -1] [ 1  3  4 10 11 12 18 19 20 21 23 26 27 28 29 34 35 36 37 42 44 45 52 53] [14907  2259  9128  6487  3647 10944  2919  2845  4494  9528 12824  7326
  6189  2693  4581  5563  9573  4402 12644  3402  3337  3535 12319  5017] [] 1716186586.5573217869
[-1 -1 -1 -1 -1 -1 -1 -1 -1  1  1 -1 -1 -1 -1 -1  1 -1  1 -1 -1 -1 -1 -1] [ 1  3  4 10 11 12 18 19 20 21 23 26 27 28 29 34 35 36 37 42 44 45 52 53] [15514  2396  9311  6842  4643 13080  3067  2982  4989  9373 12753  7384
  6294  2828  4616  5779  9305  4886 12560  3502  3478  3770 12699  5804] [] 1716186586.6003911495
[-1 -1 -1 -1 -1 -1 -1 -1 -1 -1 -1 -1  1 -1 -1 -1 -1 -1  1 -1 -1 -1 -1] [ 1  3  4 10 11 12 18 19 20 21 23 26 27 28 29 34 35 36 37 42 44 45 53] [15850  2490  9731  7043  5519 13356  3316  3042  5967  9400 12953  7390
  6270  2964  4681  6073 10470  6258 12188  4112  3574  4079  8565] [] 1716186586.6432988644
[-1 -1 -1 -1 -1 -1 -1 -1 -1 -1  1 -1 -1 -1 -1 -1 -1 -1 -1 -1 -1 -1 -1] [ 1  3  4 10 11 12 18 19 20 21 23 26 27 28 29 34 35 36 37 42 44 45 53] [16354  2563  9735  7175  6713 14656  3507  3121  6003  9451 12948  7503
  6329  3079  4795  7392 13223  7268 12243  5725  3839  4399 14723] [] 1716186586.6863398552
[-1  1 -1 -1 -1 -1 -1 -1  1 -1 -1 -1 -1 -1 -1 -1 -1 -1 -1 -1 -1] [ 3  4 10 11 12 18 19 20 21 23 26 27 28 29 34 35 36 37 42 44 45] [ 2742  9550  7306  7279 15155  3833  3240  6207  9385 13014  7597  6478
  3243  4917  7502 13874  7483 12251  7891  3956  4749] [] 1716186586.7290527821
[-1 -1 -1 -1 -1 -1 -1 -1  1 -1 -1 -1 -1 -1  1 -1 -1 -1 -1 -1] [ 3  4 10 11 18 19 20 21 23 26 27 28 29 34 35 36 37 42 44 45] [ 2879 10911  7738  7291  4022  3362  6339  9435 12897  7795  6587  3526
  5031  8510 13763  8465 12416 11990  4441  5464] [] 1716186586.7721123695
[-1 -1 -1 -1 -1 -1 -1 -1 -1 -1 -1 -1 -1 -1 -1 -1 -1] [ 3 10 11 18 19 20 21 23 26 27 28 29 34 36 37 44 45] [ 2991  9774  7335  4435  3445  7789  9612 13055  8008  6825  3771  5267
  8585  9973 13499  4734  5866] [] 1716186586.8151171207
[-1 -1 -1 -1  1 -1 -1 -1 -1  1 -1 -1 -1 -1  1 -1 -1] [ 3 10 11 18 19 20 21 23 26 27 28 29 34 36 37 44 45] [ 3042 11400  7346  4657  3430  8142  9799 13163  8047  6766  4067  5379
  8665 10089 13347  5262  7460] [] 1716186586.8581287861
[-1 -1 -1 -1 -1 -1 -1 -1 -1 -1 -1 -1 -1 -1 -1 -1 -1] [ 3 10 11 18 19 20 21 23 26 27 28 29 34 36 37 44 45] [ 3214 13171  7385  5029  3551  9306  9863 13231  8305  7713  4403  5557
 11143 10374 13503  6016 12388] [] 1716186586.9010078907
[-1 -1 -1 -1 -1 -1 -1 -1  1 -1 -1 -1 -1 -1] [ 3 11 18 19 20 21 23 26 27 28 29 34 36 44] [ 3343  7465  6309  3645  9323  9922 13501  8471  7672  5223  6575 11424
 11301 12103] [] 1716186586.9440932274
[-1 -1 -1 -1 -1  1 -1 -1 -1 -1 -1 -1 -1] [ 3 11 18 19 20 21 26 27 28 29 34 36 44] [ 3590  7537  8716  3845  9515  9910  8942  7933  7287  6817 11645 12125
 12583] [] 1716186586.9870476723
[-1 -1 -1  1 -1 -1  1 -1 -1 -1] [ 3 11 18 19 20 21 27 28 29 44] [ 3683  7603 10126  3790  9781  9988  7903 10301 10052 12853] [] 1716186587.0300617218
[-1 -1 -1 -1 -1 -1 -1  1 -1] [ 3 11 18 19 20 21 27 28 29] [ 4100  7662 10398  3994 10038 10159  8482 10281 10181] [] 1716186587.0730509758
[-1 -1 -1 -1 -1 -1 -1  1 -1] [ 3 11 18 19 20 21 27 28 29] [ 4267  7805 10754  4189 10182 10371 11758 10245 10239] [] 1716186587.1160376072
[ 1 -1 -1 -1 -1 -1 -1 -1] [ 3 11 19 20 21 27 28 29] [ 4226  8554  4350 10465 10599 12240 10560 10506] [] 1716186587.1590459347
[-1 -1 -1 -1 -1  1 -1 -1] [ 3 11 19 20 21 27 28 29] [ 4504  8766  4904 10996 10733 11919 10740 10969] [] 1716186587.2020292282
[-1 -1 -1 -1 -1 -1 -1 -1] [ 3 11 19 20 21 27 28 29] [ 5488  8783  5232 11534 11058 15048 10856 11141] [] 1716186587.2450115681
[-1 -1 -1 -1 -1  1] [ 3 11 19 20 21 28] [ 5661  8816  5907 12067 11158 10747] [] 1716186587.2880229950
[-1 -1 -1 -1 -1] [ 3 11 19 20 28] [ 8195  8914  9423 13615 10965] [] 1716186587.3310072422
[ 1 -1  1] [11 19 28] [ 8641  9490 10937] [] 1716186587.3739886284
[-1  1] [11 28] [ 8779 10891] [] 1716186587.4169664383
[-1 -1] [11 28] [ 9405 11951] [] 1716186587.4599831104
[-1] [11] [9907] [] 1716186587.5030000210
[-1] [11] [10065] [] 1716186587.5460152626
[-1] [11] [10531] [] 1716186587.5889608860
2 2 2 1716186587.6321170330
