FA TAX ADC PRES TS
[-1] [11] [12031] [] 1716186752.2798244953
[ 1 -1] [11 28] [10171 11747] [] 1716186752.3227338791
[1 1] [11 28] [ 9745 11337] [] 1716186752.3656332493
[1 1] [11 28] [ 9486 11145] [] 1716186752.4086308479
[1 1] [11 28] [ 9106 10763] [] 1716186752.4515874386
[1 1] [11 28] [ 8831 10558] [] 1716186752.4945828915
[ 1 -1] [11 28] [ 8558 10637] [] 1716186752.5375766754
[-1 -1 -1 -1 -1] [ 2  3 11 20 28] [15043  9487  8835 14162 10856] [] 1716186752.5806860924
[ 1  1 -1 -1 -1 -1 -1] [ 2  3 11 19 20 28 29] [15038  8191  8984 10809 14298 11065 11802] [] 1716186752.6236269474
[-1  1  1  1  1 -1 -1  1] [ 2  3 11 19 20 27 28 29] [15526  7697  8982 10470 13074 13178 11070 11198] [] 1716186752.6666188240
[-1 -1 -1 -1  1  1 -1  1 -1  1] [ 2  3 10 11 19 20 21 27 28 29] [15702  7798 14400  9102 10308 12302 12584 12702 11314 11063] [] 1716186752.7096610069
[1 1 1 1 1 1 1 1 1 1] [ 2  3 10 11 19 20 21 27 28 29] [15333  5950 13672  9030 10094 11781 11504 12608 11055 10792] [] 1716186752.7527489662
[-1  1  1  1  1  1  1  1  1  1] [ 2  3 10 11 19 20 21 27 28 29] [15388  5793 11948  8987  9830 11477 11176 12375 10756 10450] [] 1716186752.7957530022
[1 1 1 1 1 1 1 1 1 1] [ 2  3 10 11 19 20 21 27 28 29] [15277  5524 10673  8923  9584 11131 10786 12125 10694 10297] [] 1716186752.8387145996
[-1  1  1 -1 -1  1  1 -1 -1  1 -1 -1] [ 2  3 10 11 19 20 21 26 27 28 29 44] [15483  5245 10376  9054  9659 10801 10614 13624 12247 10521 10472 12613] [] 1716186752.8816194534
[-1  1  1  1 -1  1  1  1  1  1  1 -1  1] [ 2  3 10 11 18 19 20 21 26 27 28 29 44] [15955  4643  9933  8973 11512  9126 10571 10381  9366 12201 10441 10498
 12473] [] 1716186752.9247124195
[ 1  1  1  1  1  1 -1  1 -1  1  1  1] [ 3 10 11 18 19 20 21 26 27 28 29 44] [ 4392  8619  8931 11025  6169 10384 10419  8978 12315 10309  8717 12394] [] 1716186752.9676198959
[ 1  1  1  1  1  1  1  1 -1  1  1  1] [ 3 10 11 18 19 20 21 26 27 28 29 44] [ 4339  8241  8834 10905  6037 10267 10303  8799 12485  9555  8577 10290] [] 1716186753.0108234882
[-1  1  1  1  1  1  1  1 -1  1  1  1 -1 -1  1] [ 2  3 10 11 18 19 20 21 26 27 28 29 34 36 44] [14238  4227  8020  8682 10657  5417 10119 10223  8865 10846  8833  8398
 11660 16058  7776] [] 1716186753.0537929535
[-1  1  1  1  1  1  1 -1 -1  1  1  1  1  1  1 -1  1] [ 2  3 10 11 18 19 20 21 23 26 27 28 29 34 36 37 44] [14463  4124  7696  8232 10307  5125  9968 10357 14615  8647 10045  8094
  7075 11340 12820 16361  5859] [] 1716186753.0967421532
[-1 -1  1  1  1  1  1  1  1  1  1  1  1  1  1  1  1  1 -1] [ 1  2  3 10 11 18 19 20 21 23 26 27 28 29 34 36 37 44 45] [15859 14687  4056  7405  7883 10148  4889  9073 10237 13590  8319  9774
  7919  6921 11191 12750 13513  5497  8069] [] 1716186753.1399569511
[-1  1  1  1  1  1  1  1  1  1  1  1  1  1  1  1  1 -1  1  1] [ 1  2  3 10 11 18 19 20 21 23 26 27 28 29 34 36 37 42 44 45] [16366 14394  3974  6921  7765  7121  4736  8709 10149 13255  8062  9676
  6269  6671  8724 12432 12952 12366  5048  7300] [] 1716186753.1828939915
[ 1 -1  1  1  1  1  1  1  1  1  1  1  1  1  1  1  1  1  1  1] [ 1  2  3 10 11 18 19 20 21 23 26 27 28 29 34 36 37 42 44 45] [15739 14894  3916  6711  7751  6932  4594  7964  9893 12970  7945  9661
  5681  6504  8663 12046 12460 11285  4744  7117] [] 1716186753.2259373665
[ 1  1  1  1  1  1  1  1  1  1  1 -1  1  1  1 -1  1  1  1  1  1] [ 1  2  3 10 11 18 19 20 21 23 26 27 28 29 34 35 36 37 42 44 45] [15720 13843  3872  6001  7685  6752  4391  6672  9822 12818  7839  9679
  5432  5259  8472 14839 11436 12453  9573  4475  6461] [] 1716186753.2689335346
[ 1 -1  1  1  1  1  1  1  1 -1  1 -1  1  1 -1  1  1  1  1  1  1 -1] [ 1  2  3 10 11 18 19 20 21 23 26 27 28 29 34 35 36 37 42 44 45 53] [15568 14375  3453  5654  6334  5683  4062  6588  9745 12939  6824  9737
  4691  5064  8553 13423 10083 11818  7755  4269  6323 10981] [] 1716186753.3120083809
[ 1  1  1  1  1  1  1  1  1  1  1  1  1  1  1  1  1  1  1  1  1 -1  1] [ 1  2  3 10 11 18 19 20 21 23 26 27 28 29 34 35 36 37 42 44 45 46 53] [15185 14345  3434  5535  6134  5381  3917  6461  9727 12837  6093  9620
  4235  5041  7553 13094  9867 11641  7198  4037  6294 10943  8055] [] 1716186753.3549509048
[ 1 -1  1  1  1  1  1  1 -1 -1  1  1  1  1  1  1 -1  1  1  1  1  1  1] [ 1  2  3 10 11 18 19 20 21 23 26 27 28 29 34 35 36 37 42 44 45 46 53] [14848 14985  3297  5194  4803  4567  3783  6325  9769 12889  5507  9562
  4002  4553  7358 12409 10434 11336  5564  3878  6117 10685  6110] [] 1716186753.3979530334
[ 1  1 -1  1  1  1  1  1  1 -1  1  1  1  1  1  1  1  1  1  1  1  1  1] [ 1  2  3 10 11 18 19 20 21 23 26 27 28 29 34 35 36 37 42 44 45 46 53] [14594 14770  3333  5045  4289  4437  3706  6287  9666 12910  5180  9087
  3783  4431  7345  9855 10209 11300  4936  3646  5988  8418  5396] [] 1716186753.4411094189
[ 1 -1  1  1  1  1  1 -1 -1 -1  1  1  1  1  1  1  1 -1 -1  1  1  1 -1  1] [ 1  2  3 10 11 18 19 20 21 23 26 27 28 29 34 35 36 37 42 44 45 46 51 53] [14360 15496  3127  4950  4053  4231  3614  6289  9705 13005  4878  8329
  3528  4343  7236  8845  9163 11503  5057  3641  5902  7090  9883  5286] [] 1716186753.4837143421
[-1  1 -1 -1  1  1  1  1  1  1 -1  1  1  1  1 -1  1  1  1  1  1  1  1  1
 -1 -1 -1] [ 1  2  3  4 10 11 18 19 20 21 23 26 27 28 29 34 35 36 37 42 44 45 46 51
 53 54 61] [14393 14146  3179 11643  4880  3783  4073  3552  6278  9681 13122  4679
  8186  3313  4324  7283  8618  8719 11368  4995  3531  5402  6993  8496
  5350 12327  6881] [] 1716186753.5268180370
[ 1  1  1  1  1  1  1  1  1 -1  1  1  1  1  1  1  1  1 -1  1  1  1  1  1
 -1  1  1  1] [ 1  2  3  4 10 11 18 19 20 21 23 26 27 28 29 34 35 36 37 42 44 45 46 51
 52 53 54 61] [14336 13976  3025 10895  4586  3535  3942  3422  5855  9856 13064  4265
  8116  3133  4231  6348  7991  6586 11764  4540  3306  5017  6950  8357
 14297  5317 11738  6767] [] 1716186753.5697999001
[ 1 -1  1  1  1  1  1  1  1  1  1  1  1  1  1  1  1  1  1  1  1  1 -1 -1
  1  1  1  1] [ 1  2  3  4 10 11 18 19 20 21 23 26 27 28 29 34 35 36 37 42 44 45 46 51
 52 53 54 61] [14081 13981  2826 10725  4206  3338  3660  3356  5357  9766 13002  4215
  7309  2959  4201  6305  6738  5716 11678  4376  3217  4963  6969  8373
 12895  5106 11498  6624] [] 1716186753.6128542423
[ 1  1  1  1  1  1  1  1  1  1  1  1  1  1 -1 -1  1  1  1 -1  1  1  1 -1
 -1  1 -1  1 -1  1] [ 1  2  3  4 10 11 18 19 20 21 23 26 27 28 29 34 35 36 37 38 42 44 45 46
 50 51 52 53 54 61] [13450 13922  2700 10369  4071  3222  3491  3299  4903  9715 12907  3886
  6773  2868  4203  6315  6662  5598 11619 13904  4256  3099  4805  7021
 14992  8183 13585  4688 11528  6379] [] 1716186753.6558330059
[-1  1  1  1  1  1  1  1  1 -1 -1  1  1  1  1  1  1  1  1 -1  1  1 -1 -1
 -1  1  1  1  1  1  1] [ 1  2  3  4 10 11 18 19 20 21 23 26 27 28 29 34 35 36 37 38 42 44 45 46
 47 50 51 52 53 54 61] [14254 11483  2623  9963  3788  3103  3293  3270  4745  9761 12996  3759
  6630  2795  4198  5991  6432  5330  9166 14120  3948  3031  4825  7063
  9858 14589  8061 11674  4656  7363  6376] [] 1716186753.6987884045
[ 1  1  1  1  1  1  1  1  1  1 -1  1  1  1 -1  1  1  1  1  1  1  1  1  1
  1 -1  1  1  1  1  1] [ 1  2  3  4 10 11 18 19 20 21 23 26 27 28 29 34 35 36 37 38 42 44 45 46
 47 50 51 52 53 54 61] [14052  9094  2482  9923  3687  2819  3199  3155  4561  9713 13080  3429
  6564  2709  4221  5974  6347  4873  8905 11699  3422  2943  4729  6129
  5457 14619  8002 11552  4494  6258  6309] [] 1716186753.7418308258
[-1  1  1  1  1  1  1  1  1 -1  1  1 -1  1  1  1  1  1  1 -1  1  1  1  1
  1  1 -1  1 -1  1  1] [ 1  2  3  4 10 11 18 19 20 21 23 26 27 28 29 34 35 36 37 38 42 44 45 46
 47 50 51 52 53 54 61] [14138  8088  2435  9686  3612  2799  3081  3125  4394  9790 12997  3195
  6692  2553  4210  5452  6291  4600  8630 12731  3360  2844  4606  5916
  4758  8998  8007 10989  4528  6183  6255] [] 1716186753.7848351002
[ 1  1  1 -1  1  1  1 -1  1 -1  1  1  1  1  1 -1  1  1  1 -1  1  1  1  1
  1  1  1  1  1  1  1] [ 1  2  3  4 10 11 18 19 20 21 23 26 27 28 29 34 35 36 37 38 42 44 45 46
 47 50 51 52 53 54 61] [14045  8000  2379  9877  3543  2602  3027  3133  4238  9836 12924  3163
  6302  2462  4191  5454  6161  4461  8583 13170  3240  2838  4463  5238
  4342  8862  7972  7567  4464  5718  6210] [] 1716186753.8278226852
[ 1  1  1  1  1  1  1  1  1 -1  1  1  1  1  1  1  1  1 -1  1  1  1  1  1
  1  1  1  1  1  1  1] [ 1  2  3  4 10 11 18 19 20 21 23 26 27 28 29 34 35 36 37 38 42 44 45 46
 47 50 51 52 53 54 61] [14043  7943  2324  9753  3497  2511  2911  3044  4116  9872 12894  3029
  6172  2387  4144  5282  6110  4282  8618 11501  2964  2813  4089  5150
  4074  8651  7543  6784  4291  5520  5989] [] 1716186753.8707628250
[ 1  1  1  1  1  1 -1  1  1  1 -1 -1  1  1  1 -1  1 -1  1  1  1  1  1  1
 -1 -1  1 -1 -1 -1 -1 -1 -1] [ 1  2  3  4 10 11 15 18 19 20 21 23 26 27 28 29 34 35 36 37 38 42 44 45
 46 47 50 51 52 53 54 55 61] [14026  7929  2280  9727  3444  2370 14559  2909  2972  4038  9912 12930
  2966  5822  2321  4170  4971  6116  3891  8513 10691  2812  2723  3934
  5163  4157  8555  7571  7180  4349  5572 12095  6028] [] 1716186753.9138271809
[ 1  1 -1  1 -1  1 -1  1  1  1  1 -1  1 -1  1  1 -1  1 -1  1  1 -1 -1  1
  1  1  1  1 -1  1  1  1  1  1  1] [ 1  2  3  4 10 11 15 18 19 20 21 23 26 27 28 29 32 34 35 36 37 38 41 42
 44 45 46 47 50 51 52 53 54 55 61] [13863  7854  2287  9645  3664  2315 15479  2805  2940  3985  9798 13081
  2935  5876  2240  4011 14660  4446  6682  3830  8436 11103 15965  2624
  2687  3501  5155  3975  8600  6995  7146  3822  5481  9263  5963] [] 1716186753.9568302631
[-1  1  1  1  1  1 -1 -1  1  1 -1  1  1  1  1  1 -1  1  1  1 -1  1 -1 -1
 -1  1  1  1  1  1  1 -1  1 -1  1  1] [ 1  2  3  4 10 11 12 15 18 19 20 21 23 26 27 28 29 32 34 35 36 37 38 41
 42 44 45 46 47 50 51 52 53 54 55 61] [14023  7141  2226  9286  3488  2287 14959 15551  2769  2884  4056  9786
 12966  2867  5728  2192  4019 13646  4183  6048  3849  8289 11647 16111
  2626  2635  3478  5139  3966  8588  6837  7164  3784  5547  8853  5936] [] 1716186753.9997923374
[-1  1  1  1  1  1  1  1 -1  1  1 -1 -1  1  1  1  1  1  1  1  1  1  1  1
 -1  1  1  1 -1 -1 -1  1  1  1  1  1] [ 1  2  3  4 10 11 12 15 18 19 20 21 23 26 27 28 29 32 34 35 36 37 38 41
 42 44 45 46 47 50 51 52 53 54 55 61] [14033  6930  2216  9258  3458  2231 14591 15391  2783  2868  4027  9891
 13028  2843  5714  2187  4003 11951  4156  6006  3786  8230 11599 11378
  2649  2591  3434  5103  3990  8734  6855  7022  3776  5483  8787  5928] [] 1716186754.0428252220
[ 1  1  1  1  1  1  1  1  1  1 -1  1 -1 -1  1  1  1  1 -1  1 -1 -1  1  1
  1  1 -1  1  1  1  1  1  1  1  1 -1] [ 1  2  3  4 10 11 12 15 18 19 20 21 23 26 27 28 29 32 34 35 36 37 38 41
 42 44 45 46 47 50 51 52 53 54 55 61] [13919  6849  2189  9255  3448  2231 13919 15349  2759  2856  4096  9767
 13056  2847  5708  2136  3979 11213  4385  5922  3833  8382 10260 11075
  2600  2559  3455  5094  3969  8631  6821  7012  3756  5459  8680  5938] [] 1716186754.0858287811
[-1  1  1  1 -1 -1  1 -1 -1  1  1 -1  1  1  1 -1 -1  1  1  1  1  1 -1 -1
 -1 -1  1  1 -1  1  1  1 -1  1 -1 -1] [ 1  2  3  4 10 11 12 15 18 19 20 21 23 26 27 28 29 32 34 35 36 37 38 41
 42 44 45 46 47 50 51 52 53 54 55 61] [13951  6830  2183  9220  3476  2251 13579 15411  2765  2856  4065  9790
 12952  2825  5698  2150  3991 11047  4291  5792  3801  8382 10411 12871
  2610  2599  3425  5073  3994  8614  6816  6988  3766  5389 10970  5997] [] 1716186754.1290588379
[ 1 -1 -1  1  1  1 -1  1  1 -1  1  1 -1 -1  1 -1  1  1 -1 -1  1  1 -1 -1
 -1 -1 -1  1 -1  1 -1  1 -1  1  1] [ 1  2  3  4 10 11 12 15 18 19 20 21 23 26 27 28 29 32 34 35 36 37 38 41
 42 44 45 46 47 50 51 52 53 54 61] [13938  6934  2215  9185  3436  2206 13983 15359  2745  2891  4062  9701
 12960  2847  5693  2154  3967 10796  4383  5836  3801  8288 10457 16183
  2717  2639  3526  5044  4000  8585  7386  6664  3969  5323  5961] [] 1716186754.1718323231
[-1 -1  1 -1  1 -1 -1  1 -1  1 -1 -1  1  1  1 -1  1  1 -1  1 -1  1  1 -1
 -1 -1 -1 -1 -1 -1  1 -1 -1 -1] [ 1  2  3  4 10 11 12 15 18 19 20 21 23 26 27 28 29 32 34 35 36 37 38 42
 44 45 46 47 50 51 52 53 54 61] [14034  7753  2201  9221  3180  2271 14410 14139  2779  2861  4070  9782
 12911  2831  5592  2205  3957 10709  4620  5746  3851  8214 10333  2816
  2709  3971  5201  4413  8719  7543  6573  4377  5858  6083] [] 1716186754.2148914337
[ 1 -1 -1  1 -1 -1 -1 -1 -1  1  1  1 -1 -1 -1 -1 -1 -1  1  1 -1 -1  1 -1
 -1 -1 -1 -1  1 -1 -1 -1 -1] [ 1  2  3  4 10 11 12 18 19 20 21 23 26 27 28 29 32 34 35 36 37 38 42 44
 45 46 47 50 51 52 53 54 61] [13990  7903  2217  9158  3187  2335 15100  2831  2928  4009  9675 12901
  2875  5704  2232  4175 14831  4915  5726  3851  8383 10372  2814  2759
  3987  5258  4563 14096  7507  6771  4406  5964  6190] [] 1716186754.2579283714
[-1  1 -1 -1 -1 -1 -1  1 -1 -1 -1  1 -1 -1 -1  1  1  1 -1  1 -1 -1 -1 -1
 -1 -1  1 -1 -1 -1 -1 -1] [ 1  2  3  4 10 11 12 18 19 20 21 23 26 27 28 29 34 35 36 37 38 42 44 45
 46 47 50 51 52 53 54 61] [14048  7855  2235  9219  3303  2455 15226  2831  2959  4031  9710 12777
  2886  5759  2309  4110  4880  5718  4043  8301 10465  3084  2863  4562
  5417  9438 14016  8006  9042  4470  8949  6198] [] 1716186754.3009552956
[ 1 -1 -1  1 -1 -1 -1 -1 -1  1 -1 -1  1 -1 -1 -1 -1 -1 -1  1 -1  1  1 -1
 -1 -1 -1 -1 -1] [ 1  2  3  4 10 11 18 19 20 21 23 26 27 28 29 34 35 36 37 38 42 44 45 46
 51 52 53 54 61] [13764  8001  2330  9215  3415  2627  2897  2994  4100  9576 12816  3049
  5710  2369  4114  5365  5819  4318  8448 10264  3276  2861  4559  5813
  8096 10843  4518 11206  6251] [] 1716186754.3438909054
[-1 -1 -1 -1 -1 -1 -1 -1 -1 -1 -1 -1  1 -1  1 -1  1 -1 -1 -1 -1 -1 -1 -1
 -1 -1 -1 -1 -1] [ 1  2  3  4 10 11 18 19 20 21 23 26 27 28 29 34 35 36 37 38 42 44 45 46
 51 52 53 54 61] [13803 11252  2334  9223  3459  2666  2941  3021  4168  9581 12848  3143
  5707  2491  4103  5448  5800  4436  8771 12361  3675  2963  4651  6720
  8817 11375  4663 11751  6498] [] 1716186754.3867917061
[ 1 -1 -1 -1 -1 -1 -1 -1 -1 -1  1 -1 -1 -1  1  1 -1 -1 -1  1 -1 -1 -1 -1
 -1 -1 -1 -1] [ 1  2  3  4 10 11 18 19 20 21 23 26 27 28 29 34 35 36 37 38 42 44 45 46
 51 52 53 61] [13780 11268  2412  9233  3634  2989  3127  3058  4330  9638 12810  3337
  6254  2608  4087  5385  5881  5027  8802 12228  4134  3113  4777  7145
  9978 12662  5129  6771] [] 1716186754.4298367500
[ 1 -1 -1  1 -1 -1 -1 -1 -1  1 -1 -1  1 -1 -1 -1 -1 -1 -1 -1  1 -1 -1 -1
 -1 -1] [ 1  2  3  4 10 11 18 19 20 21 23 26 27 28 29 34 35 36 37 42 44 45 46 51
 52 53] [13540 11344  2593  9151  3970  3109  3361  3143  4573  9568 12838  3787
  6095  2739  4101  5895  6001  5545 10509  4216  3094  4831  7545 10691
 12753  5252] [] 1716186754.4727337360
[ 1 -1 -1 -1 -1 -1 -1 -1 -1 -1  1 -1 -1 -1 -1 -1 -1 -1  1 -1 -1 -1 -1 -1] [ 1  2  3  4 10 11 18 19 20 21 23 26 27 28 29 34 35 36 37 42 44 45 46 53] [13378 11526  2660  9175  4019  3274  3597  3212  5129  9609 12745  3891
  6156  2815  4109  6194  6124  5786 10389  4632  3407  5623  7717  5474] [] 1716186754.5157842636
[-1 -1 -1 -1 -1 -1 -1 -1 -1  1 -1 -1 -1 -1 -1 -1 -1 -1 -1 -1 -1 -1 -1 -1] [ 1  2  3  4 10 11 18 19 20 21 23 26 27 28 29 34 35 36 37 42 44 45 46 53] [13398 11566  2868  9274  4253  3511  3867  3312  5737  9434 12870  4482
  6203  3014  4122  6309  8193  6365 10962  4907  3538  5843  7843  6087] [] 1716186754.5587921143
[ 1 -1 -1  1 -1 -1 -1 -1  1  1 -1 -1 -1 -1 -1 -1  1 -1 -1 -1 -1 -1 -1] [ 1  2  3  4 10 11 18 19 20 21 23 26 27 28 29 34 35 36 37 42 44 45 53] [13341 11580  3234  9231  4715  3707  3983  3418  5709  9367 12992  4757
  7516  3223  4175  6655  8131  7229 11200  7371  3759  6167 10751] [] 1716186754.6017887592
[-1 -1 -1  1 -1 -1 -1 -1 -1 -1  1 -1 -1 -1 -1 -1 -1 -1 -1 -1 -1  1] [ 1  2  3  4 10 11 18 19 20 21 23 26 27 28 29 34 35 36 37 42 44 45] [13654 14372  3245  9227  4821  4228  4306  3477  6230  9380 12925  5173
  8239  3436  4327  7346  8316  8429 11890  9294  3782  6061] [] 1716186754.6447556019
[-1 -1 -1 -1 -1 -1 -1 -1  1  1  1 -1 -1 -1 -1 -1 -1 -1 -1 -1 -1 -1] [ 1  2  3  4 10 11 18 19 20 21 23 26 27 28 29 34 35 36 37 42 44 45] [13709 15555  3383  9440  4886  4504  4941  3583  6196  9297 12824  5826
  8315  3643  4639  7355  8729  8618 11903 10002  4044  6281] [] 1716186754.6877405643
[-1  1 -1  1 -1 -1 -1 -1 -1 -1 -1 -1 -1 -1 -1 -1 -1 -1  1 -1 -1] [ 1  2  3  4 10 11 18 19 20 21 23 26 27 28 29 34 35 36 37 44 45] [13984 13823  3463  9365  5319  5754  5481  3623  6240  9331 12870  7624
  8390  4095  4797  8493  9120  8965 11648  4605  6781] [] 1716186754.7308168411
[-1 -1 -1 -1 -1 -1 -1 -1 -1 -1 -1 -1 -1 -1  1 -1 -1 -1 -1 -1] [ 1  2  3 10 11 18 19 20 21 23 26 27 28 29 34 35 36 37 44 45] [14296 14015  3492  5732  7445  6599  3826  6321  9488 12967  7771  8637
  4697  6063  8491 10146  9787 11755  4622 12672] [] 1716186754.7737865448
[ 1  1 -1  1 -1 -1 -1 -1  1 -1 -1 -1 -1 -1 -1 -1 -1 -1 -1] [ 1  2  3 10 11 18 19 20 21 23 26 27 28 29 34 35 36 37 44] [14266 13454  3775  5715  7484  6711  3975  7288  9484 13023  7811  8728
  5220  6263  8605 13121 10747 12283  5494] [] 1716186754.8167870045
[-1  1 -1 -1 -1 -1 -1 -1 -1 -1 -1 -1 -1 -1 -1 -1 -1 -1] [ 1  2  3 10 11 18 19 20 21 23 26 27 28 29 34 36 37 44] [15252 13221  3839  6282  7613  7538  4185  8268  9638 13146  7939  9584
  7239  6325 11409 11271 13383  8997] [] 1716186754.8597240448
[-1 -1 -1 -1  1 -1 -1 -1 -1 -1 -1  1 -1 -1 -1 -1 -1 -1] [ 1  2  3 10 11 18 19 20 21 23 26 27 28 29 34 36 37 44] [16121 13742  3919  6951  7573 10060  4315  9301  9666 13453  8247  9580
  8107  6547 11599 11682 13695 12091] [] 1716186754.9027881622
[ 1 -1 -1 -1 -1 -1 -1 -1 -1  1 -1  1 -1 -1] [ 2  3 10 11 18 19 20 21 26 27 28 29 36 44] [13503  4003  7246  7597 10358  4565  9586  9669  8313  9500  9082  6492
 15851 12735] [] 1716186754.9456467628
[ 1 -1 -1 -1 -1 -1 -1 -1 -1 -1 -1 -1 -1] [ 2  3 10 11 18 19 20 21 26 27 28 29 44] [12567  4337  7777  7740 10539  4823  9744  9790  8712  9623  9993  9814
 12781] [] 1716186754.9887456894
[-1  1 -1 -1 -1 -1 -1 -1 -1 -1 -1] [ 2  3 10 11 18 19 20 21 27 28 29] [12860  4321  7928  8611 10890  5498  9884 10022 11925 10108  9857] [] 1716186755.0316739082
[ 1 -1 -1  1 -1 -1 -1 -1 -1 -1] [ 2  3 10 11 19 20 21 27 28 29] [12481  4421  8183  8599  6242 10027 10157 11965 10131  9984] [] 1716186755.0747842789
[-1 -1 -1 -1 -1 -1 -1  1 -1 -1] [ 2  3 10 11 19 20 21 27 28 29] [13012  5298  9472  8608  8882 10277 10343 11463 10275 10055] [] 1716186755.1177134514
[-1 -1 -1 -1 -1 -1 -1 -1 -1 -1] [ 2  3 10 11 19 20 21 27 28 29] [14035  5550 11902  8830  9387 10800 10685 11749 10506 10568] [] 1716186755.1607444286
[-1 -1 -1 -1 -1 -1 -1 -1 -1 -1] [ 2  3 10 11 19 20 21 27 28 29] [14604  7406 13432  8887  9766 11518 11019 12675 10797 11108] [] 1716186755.2037513256
[ 1 -1  1  1 -1 -1 -1 -1] [ 2  3 11 19 20 21 28 29] [14514  7607  8783  9679 12245 11092 10855 11288] [] 1716186755.2467110157
[-1 -1  1 -1 -1  1] [ 2  3 11 19 20 28] [14791  8857  8770  9724 13597 10462] [] 1716186755.2896878719
[-1  1 -1] [ 2 11 28] [15240  8687 10476] [] 1716186755.3326821327
[-1 -1] [11 28] [ 8698 10583] [] 1716186755.3756294250
[-1 -1] [11 28] [ 9057 11047] [] 1716186755.4186451435
[-1] [11] [10145] [] 1716186755.4616241455
2 2 2 1716186755.6307330132
