FA TAX ADC PRES TS
[-1] [11] [10460] [] 1716186732.6270844936
[1] [11] [9610] [] 1716186732.6700572968
[ 1 -1] [11 28] [ 9600 11195] [] 1716186732.7130756378
[1 1] [11 28] [ 9032 10709] [] 1716186732.7561049461
[1 1] [11 28] [ 8843 10519] [] 1716186732.7991049290
[-1 -1 -1 -1 -1] [ 3 11 19 21 28] [10467  9161 10174 11635 11107] [] 1716186732.8420968056
[1 1 1 1 1] [ 3 11 19 21 28] [ 8356  9092  9909 11226 10738] [] 1716186732.8851113319
[ 1 -1  1 -1  1 -1 -1] [ 3 11 19 20 21 28 29] [ 8218  9105  9869 15904 11218 11165 11896] [] 1716186732.9281280041
[1 1 1 1 1 1 1] [ 3 11 19 20 21 28 29] [ 7852  9051  9835 14629 11021 10979 11341] [] 1716186732.9711039066
[ 1 -1  1  1  1 -1  1  1] [ 3 11 19 20 21 27 28 29] [ 6123  9075  8123 13340 10927 13106 10877 11071] [] 1716186733.0141232014
[ 1  1  1  1  1  1  1  1 -1] [ 3 11 19 20 21 27 28 29 44] [ 5795  8873  6874 12031 10775 12772 10786 10771 13955] [] 1716186733.0571284294
[1 1 1 1 1 1 1 1 1] [ 3 11 19 20 21 27 28 29 44] [ 5690  8815  6111 11630 10771 12414 10665 10522 12671] [] 1716186733.1001846790
[ 1 -1  1  1  1 -1 -1  1  1  1] [ 3 11 19 20 21 26 27 28 29 44] [ 5326  8854  5397 11407 10701 11006 12452 10501 10406 12368] [] 1716186733.1431338787
[ 1 -1  1  1  1  1  1  1  1  1 -1] [ 3 10 11 19 20 21 26 27 28 29 44] [ 4594 14200  8811  4774 11073 10492  8963 12097 10493 10306 12609] [] 1716186733.1861166954
[ 1  1  1 -1 -1  1 -1  1 -1 -1 -1 -1 -1  1] [ 3 10 11 18 19 20 21 26 27 28 29 34 36 44] [ 4535 11624  8174 12824  4874 10804 10538  8774 12186 10613 10367 12216
 14703 12305] [] 1716186733.2291231155
[ 1  1  1  1  1  1  1  1  1 -1  1  1  1  1] [ 3 10 11 18 19 20 21 26 27 28 29 34 36 44] [ 4090 10940  7981 11029  4587 10516 10340  8514  9760 10635 10165 11658
 13957  7391] [] 1716186733.2721374035
[ 1  1  1  1  1  1  1  1  1 -1  1  1  1 -1  1] [ 3 10 11 18 19 20 21 26 27 28 29 34 36 42 44] [ 4047  9974  7816 10688  4482  9046 10257  8383  7937 10640 10090  9169
 13681 15609  5625] [] 1716186733.3151476383
[ 1  1  1  1  1  1  1  1  1  1  1  1 -1  1  1 -1] [ 3 10 11 18 19 20 21 26 27 28 29 34 35 36 42 44] [ 3915  8282  7149 10364  4257  8665  9975  8230  7602  9582  9765  8831
 15676 13527 11899  5685] [] 1716186733.3581259251
[ 1  1  1  1  1 -1  1 -1 -1 -1  1 -1 -1  1  1 -1  1  1 -1] [ 3 10 11 18 19 20 21 23 26 27 28 29 34 35 36 37 42 44 45] [ 3893  7889  7079  8724  4199  8911  9942 14299  8233  7616  9427  9787
  8899 15656 12759 16343  9759  5218  8318] [] 1716186733.4010980129
[ 1  1  1  1  1  1  1  1  1  1  1  1 -1  1  1  1  1  1  1] [ 3 10 11 18 19 20 21 23 26 27 28 29 34 35 36 37 42 44 45] [ 3750  7703  5493  8541  4105  7154  9855 13636  8023  7518  8948  7237
  8901 13509 12379 12811  7844  4900  6669] [] 1716186733.4441807270
[ 1 -1  1  1  1  1  1 -1  1  1  1  1  1  1  1  1  1  1  1  1] [ 3  4 10 11 18 19 20 21 23 26 27 28 29 34 35 36 37 42 44 45] [ 3736 15487  7455  4351  5197  3828  7081  9896 13167  7891  7399  8342
  6499  8611 13232 12257 12555  6643  4696  6491] [] 1716186733.4871351719
[ 1  1  1  1  1  1  1  1  1  1 -1  1  1  1  1  1 -1  1  1  1 -1] [ 3  4 10 11 18 19 20 21 23 26 27 28 29 34 35 36 37 42 44 45 53] [ 3641 13012  7236  4253  4898  3777  6781  9792 13120  7811  7403  7653
  6409  7761 11500 12155 12674  4858  4431  6383 12662] [] 1716186733.5302448273
[ 1  1  1  1  1  1  1 -1  1  1  1  1  1  1 -1  1 -1  1  1  1  1] [ 3  4 10 11 18 19 20 21 23 26 27 28 29 34 35 36 37 42 44 45 53] [ 3537 12221  6908  3828  4795  3578  6128  9827 13058  7667  7241  6418
  6351  7467 11857  8733 12918  4216  4206  6350  7855] [] 1716186733.5731666088
[ 1 -1  1  1  1  1  1  1 -1  1  1  1  1  1  1  1  1  1  1  1  1] [ 3  4 10 11 18 19 20 21 23 26 27 28 29 34 35 36 37 42 44 45 53] [ 3476 12981  6355  3676  4527  3539  5810  9672 13060  7573  7166  5157
  6283  7172 11747  7985 12694  4046  4039  6102  5932] [] 1716186733.6162085533
[-1  1  1  1  1  1  1  1 -1  1  1 -1  1  1  1  1  1 -1  1  1 -1 -1  1] [ 1  3  4 10 11 18 19 20 21 23 26 27 28 29 34 35 36 37 42 44 45 46 53] [16079  3409 12455  5794  3431  4414  3419  5772  9700 12981  6379  7174
  4863  5598  6679  9861  7616 12986  3873  3875  6163  8171  5561] [] 1716186733.6591596603
[-1  1  1  1  1  1  1  1  1 -1  1  1  1  1  1  1  1 -1  1  1  1  1  1] [ 2  3  4 10 11 18 19 20 21 23 26 27 28 29 34 35 36 37 42 44 45 46 53] [15204  3193 11386  4885  3227  4185  3377  5581  9608 13052  6151  7069
  4511  4819  6047  7962  6653 13064  3822  3718  6054  7829  5034] [] 1716186733.7022736073
[-1  1  1 -1  1  1  1  1  1 -1  1  1 -1  1  1  1  1  1  1  1  1  1  1  1] [ 1  2  3  4 10 11 18 19 20 21 23 26 27 28 29 34 35 36 37 42 44 45 46 53] [16120 14472  3174 11454  4607  3101  4087  3320  5280  9624 13012  5491
  7103  4272  4667  5777  7353  6503 12807  3630  3464  5361  7489  4873] [] 1716186733.7452111244
[ 1  1  1 -1  1  1  1  1  1 -1 -1  1  1  1  1  1  1  1  1  1  1  1  1  1] [ 1  2  3  4 10 11 18 19 20 21 23 26 27 28 29 34 35 36 37 42 44 45 46 53] [15476 13952  3055 11633  4201  2930  3687  3301  4883  9757 13216  5263
  7097  3722  4479  5505  6667  6255 12510  3528  3381  4825  7413  4574] [] 1716186733.7882361412
[-1  1  1 -1  1  1  1  1  1 -1  1  1  1  1  1  1  1  1  1 -1 -1  1  1 -1
 -1 -1 -1 -1] [ 1  2  3  4 10 11 18 19 20 21 23 26 27 28 29 34 35 36 37 42 44 45 46 50
 51 52 53 61] [15810 13758  2879 13645  4085  2833  3660  3226  4719  9783 13086  4750
  7061  3458  4381  5494  6424  5763 12459  3590  3423  4740  6623 14493
 11770 16317  4784  6596] [] 1716186733.8312268257
[ 1 -1  1  1  1  1  1  1  1  1 -1  1  1  1  1  1 -1  1 -1  1  1  1 -1  1
  1  1 -1 -1  1] [ 1  2  3  4 10 11 18 19 20 21 23 26 27 28 29 34 35 36 37 42 44 45 46 50
 51 52 53 54 61] [15566 13760  2765 11082  3992  2726  3525  3174  4580  9773 13114  4384
  6962  3206  4338  5377  6457  5267 12488  3432  3323  4727  6668 14459
 10762 12807  4829 11960  6437] [] 1716186733.8742148876
[ 1  1  1  1  1  1  1  1  1  1  1  1  1  1 -1  1  1  1 -1  1  1  1  1 -1
  1 -1  1  1  1] [ 1  2  3  4 10 11 18 19 20 21 23 26 27 28 29 34 35 36 37 42 44 45 46 50
 51 52 53 54 61] [14834 11012  2662 10872  3829  2649  3407  3048  4488  9666 13003  3993
  6645  3071  4349  5307  5968  4489 12936  3396  3010  4578  5881 14493
 10605 13422  4512 11546  6436] [] 1716186733.9171183109
[ 1  1  1 -1  1  1  1  1  1  1 -1  1  1  1  1 -1  1  1  1 -1 -1 -1  1  1
 -1  1  1  1  1 -1  1] [ 1  2  3  4 10 11 18 19 20 21 23 26 27 28 29 34 35 36 37 42 43 44 45 46
 47 50 51 52 53 54 61] [14443 10925  2559 11971  3752  2615  3233  3012  4287  9662 13088  3825
  5853  2999  4343  5314  5760  4409 12918  3431 13453  3082  4359  5226
 12440  8949 10600 11192  4179 11704  6205] [] 1716186733.9602756500
[ 1  1  1  1  1  1  1  1  1 -1 -1  1  1  1  1  1 -1  1  1 -1  1  1  1  1
 -1  1  1  1 -1  1  1  1] [ 1  2  3  4 10 11 18 19 20 21 23 26 27 28 29 34 35 36 37 38 42 43 44 45
 46 47 50 51 52 53 54 61] [14300  7955  2519 11193  3621  2534  3199  2979  3985  9723 13479  3605
  5758  2861  4334  5131  5785  4233 10524 14402  3220 12813  3040  4071
  5338  6872  8635 10365 11196  3949  9032  6140] [] 1716186734.0032434464
[-1 -1  1  1  1  1  1  1  1 -1  1  1  1  1 -1  1  1  1  1  1  1  1  1  1
  1  1  1 -1  1  1  1 -1] [ 1  2  3  4 10 11 18 19 20 21 23 26 27 28 29 34 35 36 37 38 42 43 44 45
 46 47 50 51 52 53 54 61] [14330  8061  2420 11055  3565  2434  3102  2944  3873  9850 13439  3457
  5672  2687  4379  4753  5552  3880 10044 13683  3178 11631  2936  4046
  5336  5183  8535 10449  9194  3936  7139  6151] [] 1716186734.0461990833
[-1 -1  1  1  1  1  1  1 -1  1  1  1  1  1  1  1  1  1  1  1 -1  1 -1  1
  1  1  1  1  1  1  1  1  1] [ 1  2  3  4 10 11 18 19 20 21 23 26 27 28 29 34 35 36 37 38 41 42 43 44
 45 46 47 50 51 52 53 54 61] [14398  8571  2368 10045  3470  2419  3005  2909  3890  9827 13391  3386
  5625  2619  4285  4527  5426  3747  9820 13561 14769  3084 13483  2860
  3695  5287  4552  7072 10314  7524  3626  6927  6047] [] 1716186734.0892090797
[-1  1  1  1  1  1 -1  1  1  1  1 -1  1  1  1  1  1  1  1  1 -1  1  1  1
  1  1  1  1  1  1  1  1 -1 -1 -1 -1] [ 1  2  3  4 10 11 15 18 19 20 21 23 26 27 28 29 34 35 36 37 38 41 42 43
 44 45 46 47 50 51 52 53 54 55 60 61] [14650  7965  2300  9884  3346  2298 14119  2895  2861  3800  9720 13547
  3311  5317  2460  4093  4326  5301  3592  9485 13870 14410  3033 11707
  2804  3567  5108  4521  6830 10194  6769  3594  7041 10666 12397  6162] [] 1716186734.1322753429
[ 1  1  1  1  1  1 -1  1  1 -1  1  1  1  1  1  1  1  1  1  1  1 -1  1  1
  1  1 -1  1  1  1 -1  1  1  1 -1  1] [ 1  2  3  4 10 11 15 18 19 20 21 23 26 27 28 29 34 35 36 37 38 41 42 43
 44 45 46 47 50 51 52 53 54 55 60 61] [14536  7737  2269  9625  3312  2270 14183  2861  2820  3841  9013 13495
  3246  5303  2459  3919  4165  5280  3496  9347 13587 15093  2940 11189
  2752  3391  5155  4301  6378 10131  7248  3393  7013  8971 12480  6127] [] 1716186734.1752974987
[ 1  1  1  1 -1  1 -1  1  1  1  1 -1  1 -1  1  1 -1  1 -1  1  1  1  1  1
  1  1  1 -1  1  1  1  1  1  1  1  1  1] [ 1  2  3  4 10 11 15 18 19 20 21 23 26 27 28 29 32 34 35 36 37 38 41 42
 43 44 45 46 47 50 51 52 53 54 55 60 61] [14359  7723  2216  9450  3490  2206 15083  2763  2803  3692  8680 13519
  3123  5488  2391  3901 13196  3981  5556  3330  9133 13501 14223  2874
 11130  2724  3285  5190  4236  6297 10109  7056  3380  6963  8915 12278
  6068] [] 1716186734.2182307243
[ 1  1 -1  1  1  1  1  1  1  1 -1  1 -1 -1  1  1  1 -1  1  1  1 -1 -1  1
  1  1  1  1  1 -1 -1 -1 -1  1  1  1 -1] [ 1  2  3  4 10 11 15 18 19 20 21 23 26 27 28 29 32 34 35 36 37 38 41 42
 43 44 45 46 47 50 51 52 53 54 55 60 61] [14350  6859  2255  9348  3488  2171 15055  2763  2752  3684  8712 13471
  3135  5505  2351  3895 13055  4004  5526  3299  8903 13611 14265  2862
 11039  2690  3207  5127  4236  6397 10180  7611  3421  6886  8670  9870
  6107] [] 1716186734.2612206936
[-1  1  1  1 -1  1 -1 -1  1  1  1 -1  1  1  1  1  1  1 -1  1  1  1  1 -1
 -1  1  1  1  1 -1 -1 -1  1  1  1  1  1] [ 1  2  3  4 10 11 15 18 19 20 21 23 26 27 28 29 32 34 35 36 37 38 41 42
 43 44 45 46 47 50 51 52 53 54 55 60 61] [14386  6810  2218  9249  3529  2157 15319  2783  2721  3628  8695 13563
  3135  5454  2322  3891 12267  3987  5616  3258  8841 13525 13823  2883
 11042  2656  3193  5112  4212  6422 10204  7781  3296  6873  8459  9657
  6094] [] 1716186734.3042955399
[ 1 -1  1  1 -1  1  1  1  1  1  1 -1  1 -1  1  1  1 -1  1  1 -1  1 -1  1
 -1 -1 -1  1 -1  1  1  1 -1 -1 -1 -1 -1] [ 1  2  3  4 10 11 15 18 19 20 21 23 26 27 28 29 32 34 35 36 37 38 41 42
 43 44 45 46 47 50 51 52 53 54 55 60 61] [14332  6896  2171  9173  3553  2156 15319  2727  2676  3607  8685 13591
  3058  5456  2290  3887 11865  4027  5612  3224  8982 13466 13919  2854
 11127  2680  3253  5106  4278  6346 10099  7554  3321  6884  9189 12270
  6175] [] 1716186734.3472423553
[ 1  1  1 -1  1  1  1  1 -1  1  1  1  1  1 -1 -1 -1  1  1 -1  1  1 -1 -1
 -1  1 -1  1  1 -1  1  1 -1  1  1] [ 1  2  3  4 10 11 15 18 19 20 21 23 26 27 28 29 32 34 35 36 37 38 41 42
 43 44 45 46 47 50 51 52 53 54 61] [14253  6856  2171  9209  3529  2151 15275  2717  2739  3598  8648 13583
  3053  5448  2320  3933 11986  3976  5606  3262  8944 13385 14032  2953
 11182  2672  3259  5009  4263  6451 10030  6982  3374  6751  5911] [] 1716186734.3902232647
[ 1 -1 -1  1  1 -1  1  1 -1 -1  1  1 -1  1 -1 -1 -1  1 -1  1 -1  1 -1 -1
 -1 -1 -1 -1 -1  1 -1 -1 -1 -1] [ 1  2  3  4 10 11 15 18 19 20 21 23 26 27 28 29 34 35 36 37 38 41 42 43
 44 45 46 47 50 51 52 53 54 61] [14244  7846  2197  9183  3240  2199 14151  2698  2751  3607  8536 13405
  3153  5384  2380  3971  4113  5184  3319  8924 13783 13607  3008 11291
  2800  3487  5220  5017  7897  8579  7640  3420  6983  6119] [] 1716186734.4331839085
[ 1 -1 -1  1 -1 -1 -1 -1 -1  1  1  1 -1  1 -1 -1 -1 -1 -1 -1 -1  1 -1  1
 -1 -1 -1 -1 -1 -1 -1 -1  1] [ 1  2  3  4 10 11 15 18 19 20 21 23 26 27 28 29 34 35 36 37 38 42 43 44
 45 46 47 50 51 52 53 54 61] [14233  7887  2276  9134  3258  2227 15275  2815  2849  3521  8528 13375
  3195  5253  2396  4253  4262  5260  3493  9230 13938  2994 11461  2786
  3583  5266  6596  8411 10337  9921  3514  9320  6074] [] 1716186734.4762918949
[-1 -1 -1 -1 -1 -1 -1 -1 -1 -1  1 -1 -1 -1  1 -1 -1 -1 -1 -1 -1 -1 -1 -1
  1 -1 -1 -1 -1 -1 -1] [ 1  2  3  4 10 11 18 19 20 21 23 26 27 28 29 34 35 36 37 38 42 43 44 45
 46 50 51 52 53 54 61] [14290  7943  2319  9139  3352  2291  2823  2851  3526  8642 13375  3211
  5527  2433  4231  4322  5312  3507  9372 14041  3062 11567  2868  3875
  5148 13541 10370 10596  3642 11616  6150] [] 1716186734.5191614628
[ 1 -1 -1 -1 -1 -1 -1 -1 -1 -1  1 -1 -1 -1  1 -1 -1 -1 -1 -1 -1 -1 -1 -1
 -1 -1 -1 -1 -1 -1] [ 1  2  3  4 10 11 18 19 20 21 23 26 27 28 29 34 35 36 37 42 43 44 45 46
 50 51 52 53 54 61] [14088  7954  2423  9245  3456  2376  2909  2882  3621  9664 13357  3345
  5562  2544  4203  4714  5337  3745  9405  3154 13247  2948  4189  5300
 13569 10442 11111  3816 11904  6346] [] 1716186734.5622105598
[-1 -1 -1  1 -1 -1 -1 -1 -1 -1  1 -1 -1 -1 -1 -1  1 -1 -1  1 -1 -1 -1 -1
 -1 -1 -1] [ 1  2  3  4 10 11 18 19 20 21 23 26 27 28 29 34 35 36 37 42 44 45 46 51
 52 53 61] [14114  8082  2469  9139  3536  2392  2976  2900  3639  9701 13143  3427
  5593  2589  4235  5195  5279  3811  9489  3138  3103  4299  7444 10591
 11695  3860  7797] [] 1716186734.6052165031
[ 1 -1 -1 -1 -1 -1 -1 -1 -1  1  1 -1 -1 -1  1 -1 -1 -1  1 -1 -1 -1  1 -1
 -1 -1] [ 1  2  3  4 10 11 18 19 20 21 23 26 27 28 29 34 35 36 37 42 44 45 46 51
 52 53] [14048 11202  2555  9199  3596  2475  3196  2944  3721  9640 12821  3615
  5597  2725  4179  5223  5382  4124  9451  3253  3146  4466  7360 10632
 12554  4291] [] 1716186734.6482696533
[ 1 -1 -1 -1 -1 -1 -1 -1 -1  1 -1 -1 -1 -1  1 -1  1 -1 -1 -1 -1 -1 -1 -1] [ 1  2  3  4 10 11 18 19 20 21 23 26 27 28 29 34 35 36 37 42 44 45 46 53] [14019 11228  2687  9278  3723  2598  3301  2988  4028  9636 12904  3749
  6713  2751  4158  5333  5374  4283 12081  3387  3196  4665  7557  4732] [] 1716186734.6912312508
[-1 -1 -1  1 -1 -1 -1 -1 -1  1  1 -1  1 -1 -1 -1 -1 -1  1 -1 -1 -1 -1 -1] [ 1  2  3  4 10 11 18 19 20 21 23 26 27 28 29 34 35 36 37 42 44 45 46 53] [14282 14280  2767  9197  3981  2690  3365  3067  4278  9630 12858  4371
  6686  2913  4238  5551  5907  5008 12059  3626  3402  5156  7908  5174] [] 1716186734.7342243195
[ 1  1 -1 -1 -1 -1 -1 -1 -1  1 -1 -1 -1 -1 -1 -1 -1 -1  1 -1 -1 -1 -1] [ 1  2  3  4 10 11 18 19 20 21 23 26 27 28 29 34 35 36 37 42 44 45 53] [14228 13896  2970  9220  4414  2805  3494  3151  4768  9404 13032  5012
  6742  3151  4361  5749  6898  5532 11611  3820  3455  5506  7162] [] 1716186734.7771704197
[ 1 -1 -1  1 -1 -1 -1 -1 -1 -1 -1 -1 -1 -1 -1 -1 -1 -1 -1 -1 -1 -1 -1] [ 1  2  3  4 10 11 18 19 20 21 23 26 27 28 29 34 35 36 37 42 44 45 53] [14168 14132  3033  9175  4891  3027  3615  3175  4803  9406 13060  5145
  6771  3245  4455  6108  7530  5970 11932  4801  3798  6111 10436] [] 1716186734.8201785088
[-1  1 -1 -1 -1 -1 -1 -1 -1  1  1 -1 -1 -1 -1 -1 -1 -1 -1 -1 -1 -1] [ 1  2  3  4 10 11 18 19 20 21 23 26 27 28 29 34 35 36 37 42 44 45] [14354 13995  3341  9239  5437  3263  4007  3241  5059  9389 13036  5766
  6985  3670  5351  6530  7719  6471 12694  5936  3944  6117] [] 1716186734.8631718159
[-1  1 -1 -1 -1 -1 -1 -1 -1  1  1 -1 -1 -1 -1 -1 -1 -1  1 -1 -1 -1] [ 1  2  3  4 10 11 18 19 20 21 23 26 27 28 29 34 35 36 37 42 44 45] [14758 13655  3411  9339  6112  3527  4113  3359  5310  9372 12930  7464
  6991  3913  6051  6764  7946  7079 12595  7541  4208  6354] [] 1716186734.9061174393
[-1  1 -1 -1 -1 -1 -1 -1 -1 -1 -1 -1 -1 -1 -1 -1 -1 -1 -1 -1 -1 -1] [ 1  2  3  4 10 11 18 19 20 21 23 26 27 28 29 34 35 36 37 42 44 45] [15265 13539  3483  9543  6372  3773  4304  3410  5548  9421 13081  7627
  7000  4157  6104  7621  8359  7451 12617  8985  4453  6738] [] 1716186734.9491291046
[-1  1 -1 -1 -1 -1 -1 -1 -1 -1 -1 -1 -1 -1 -1 -1 -1 -1 -1 -1 -1 -1] [ 1  2  3  4 10 11 18 19 20 21 23 26 27 28 29 34 35 36 37 42 44 45] [15758 13205  3564  9797  6581  4324  4507  3492  6439  9558 13151  7699
  7112  5570  6284  8678  9418  8795 13562 13260  4820 11836] [] 1716186734.9921658039
[-1  1 -1  1 -1 -1 -1 -1 -1 -1 -1 -1 -1 -1 -1  1 -1 -1  1 -1] [ 1  2  3  4 10 11 18 19 20 21 23 26 27 28 29 34 35 36 37 44] [15824 12755  3717  9770  6772  4811  4961  3578  6654  9562 13251  7751
  7153  6307  6778  8617 12409  9036 13088  5137] [] 1716186735.0350985527
[ 1 -1 -1 -1 -1 -1 -1 -1 -1 -1 -1 -1 -1 -1 -1 -1 -1 -1 -1] [ 2  3  4 10 11 18 19 20 21 23 26 27 28 29 34 35 36 37 44] [12742  3825 10135  7178  6430  6713  3882  7668  9665 13330  7959  7285
  8677  7117  8640 14259  9731 13503  5672] [] 1716186735.0781149864
[-1 -1  1 -1 -1 -1 -1  1  1 -1 -1 -1 -1 -1 -1 -1 -1 -1] [ 2  3  4 10 11 18 19 20 21 23 26 27 28 29 34 35 36 44] [12805  3835 10013  7387  6824  6797  3891  7585  9616 13806  7983  7325
  8942  9813  8757 14984 12410 12349] [] 1716186735.1210989952
[-1 -1 -1 -1 -1 -1 -1 -1 -1 -1 -1 -1 -1 -1 -1] [ 2  3 10 11 18 19 20 21 26 27 28 29 34 36 44] [13127  3919  8011  7512 10228  4115  8130  9713  8212  7469 10224  9927
 11309 12473 12574] [] 1716186735.1641545296
[-1 -1 -1 -1 -1 -1 -1 -1 -1 -1 -1 -1 -1 -1] [ 2  3 10 11 18 19 20 21 26 27 28 29 36 44] [15688  3975  9724  7629 10431  4406  9531  9839  8469  8504 10257 10048
 12880 13084] [] 1716186735.2071847916
[ 1 -1 -1 -1 -1 -1 -1 -1 -1 -1 -1 -1 -1  1] [ 2  3 10 11 18 19 20 21 26 27 28 29 36 44] [13670  4141 12391  7683 10909  4671  9691 10048  8825  8750 10408 10075
 13453 12937] [] 1716186735.2501647472
[ 1 -1 -1 -1 -1 -1 -1 -1 -1 -1  1 -1] [ 2  3 10 11 18 19 20 21 26 27 28 29] [13135  4248 13350  7895 11156  4807  9970 10247  9310  8836 10343 10301] [] 1716186735.2931177616
[-1 -1 -1 -1 -1 -1  1  1 -1] [ 2  3 11 19 20 21 27 28 29] [13661  5387  8617  5579 10597 10442  8640 10189 10662] [] 1716186735.3361771107
[-1 -1 -1 -1 -1 -1 -1 -1 -1] [ 2  3 11 19 20 21 27 28 29] [15123  5564  8782  6273 11102 10722  8809 10421 10928] [] 1716186735.3792021275
[-1 -1 -1 -1 -1 -1 -1 -1] [ 3 11 19 20 21 27 28 29] [ 5815  8871  9203 11694 10842 11093 10476 11174] [] 1716186735.4221410751
[-1 -1 -1 -1  1 -1  1] [ 3 11 19 20 21 27 28] [ 7660  8908  9709 12366 10755 11423 10438] [] 1716186735.4651648998
[-1 -1 -1 -1 -1 -1] [ 3 11 19 20 21 28] [ 9022  8932  9790 14665 10955 10647] [] 1716186735.5081329346
[ 1 -1  1  1] [11 19 21 28] [ 8724 10122 10933 10603] [] 1716186735.5511887074
[-1 -1] [11 28] [ 8763 11037] [] 1716186735.5941832066
[-1] [11] [9251] [] 1716186735.6371040344
[-1] [11] [10367] [] 1716186735.6800892353
2 2 2 1716186735.8093030453
