FA TAX ADC PRES TS
[-1  1] [11 28] [10248 12132] [] 1716187061.5881671906
[-1 -1] [11 28] [10254 12153] [] 1716187061.6311144829
[-1 -1] [11 28] [10256 12276] [] 1716187061.6740827560
[1 1] [11 28] [ 9864 11992] [] 1716187061.7170844078
[1 1] [11 28] [ 9748 11775] [] 1716187061.7601070404
[1 1] [11 28] [ 9259 11455] [] 1716187061.8030676842
[1 1] [11 28] [ 9256 11342] [] 1716187061.8459794521
[1 1] [11 28] [ 9081 11054] [] 1716187061.8890845776
[1 1] [11 28] [ 9066 10967] [] 1716187061.9321055412
[1 1] [11 28] [ 8897 10844] [] 1716187061.9750666618
[-1 -1 -1 -1] [11 19 20 28] [ 8969 10480 15995 10943] [] 1716187062.0180566311
[-1  1  1 -1 -1] [11 19 20 28 29] [ 9023 10284 14489 11159 12892] [] 1716187062.0610063076
[1 1 1 1 1] [11 19 20 28 29] [ 8939  9928 13759 10961 11903] [] 1716187062.1040728092
[ 1  1  1  1  1 -1] [11 19 20 28 29 44] [ 8724  9684 13070 10739 11294 13573] [] 1716187062.1470577717
[ 1  1 -1 -1  1  1] [11 19 20 28 29 44] [ 8704  9621 13091 10958 11202 13171] [] 1716187062.1901316643
[ 1  1  1  1  1  1 -1] [11 19 20 28 29 44 45] [ 8674  9478 12776 10785 10928 13165 12454] [] 1716187062.2330696583
[ 1  1  1 -1  1  1  1] [11 19 20 28 29 44 45] [ 8511  9452 12141 10799 10879 12618 12060] [] 1716187062.2761049271
[ 1  1 -1 -1 -1  1  1  1] [11 19 20 21 28 29 44 45] [ 8483  9226 12406 11467 11029 10548 12341 11599] [] 1716187062.3191332817
[1 1 1 1 1 1 1 1] [11 19 20 21 28 29 44 45] [ 8439  6668 12129 10800 10826 10234 12291  8164] [] 1716187062.3623325825
[-1  1  1  1  1 -1  1  1] [11 19 20 21 28 29 44 45] [ 8489  5890 11557 10603 10773 10290 12169  8003] [] 1716187062.4051980972
[-1  1  1  1  1 -1  1 -1 -1 -1] [ 3 11 19 20 21 28 29 44 45 53] [15909  8438  5365 11127 10296 10790  8559 12405  8207 13155] [] 1716187062.4481589794
[ 1 -1  1  1 -1 -1 -1  1 -1  1  1  1] [ 3 11 19 20 21 26 28 29 42 44 45 53] [13430  8532  4915 10350 10431 10006 11032  8419 14093 12267  8204  9925] [] 1716187062.4912946224
[ 1 -1  1  1  1  1  1  1 -1  1 -1  1  1] [ 3 11 19 20 21 26 28 29 34 42 44 45 53] [12784  8567  4501  8008 10367  9118 10823  8064 11431 12583 12300  8033
  9336] [] 1716187062.5343046188
[1 1 1 1 1 1 1 1 1 1 1 1 1] [ 3 11 19 20 21 26 28 29 34 42 44 45 53] [ 7613  8532  4287  6629 10215  8830 10703  7843 11269 12216 12252  7854
  9142] [] 1716187062.5771846771
[ 1  1  1  1  1  1  1  1  1  1 -1  1  1] [ 3 11 19 20 21 26 28 29 34 42 44 45 53] [ 7060  8472  3945  6401 10055  8685 10597  6066 11177 11917 12272  7696
  9092] [] 1716187062.6201510429
[ 1 -1  1  1  1  1 -1 -1 -1 -1 -1  1  1 -1] [ 3 11 19 20 21 26 27 28 29 34 42 44 45 53] [ 7007  8495  3888  6310 10018  8475 13663 10670  6112 11555 12175 11989
  7592  9311] [] 1716187062.6631250381
[-1  1  1  1  1 -1  1  1  1  1  1  1  1  1  1] [ 1  3 11 19 20 21 26 27 28 29 34 42 44 45 53] [16334  6953  8432  3731  5741 10041  8334 12776 10454  5691 11102 11769
 11563  7372  7783] [] 1716187062.7061417103
[ 1  1  1  1  1  1  1  1  1  1  1  1  1 -1 -1] [ 1  3 11 19 20 21 26 27 28 29 34 42 44 45 53] [16013  6766  8415  3586  5175  9841  8207 12290  9374  5427 11017 10984
  7177  7386  7795] [] 1716187062.7491414547
[ 1  1 -1 -1 -1  1  1 -1  1  1  1 -1 -1  1  1  1 -1 -1] [ 1  3 11 18 19 20 21 26 27 28 29 34 36 42 44 45 53 61] [14652  6609  8443 11252  3631  5024  9778  8264 12246  9281  5251 11236
 16055 10709  5732  6563  8069 10661] [] 1716187062.7921354771
[-1  1  1  1  1  1  1  1  1  1  1  1  1  1  1  1  1  1] [ 1  3 11 18 19 20 21 26 27 28 29 34 36 42 44 45 53 61] [14868  6507  8432 11020  3530  4993  9705  8131 12087  8681  5232  8282
 15643 10405  4815  6494  7935  7062] [] 1716187062.8351109028
[ 1  1  1  1  1  1  1 -1  1  1  1  1 -1  1  1  1  1  1  1] [ 1  3 11 18 19 20 21 26 27 28 29 34 35 36 42 44 45 53 61] [13821  5519  8414 10328  3411  4800  9684  8198 12082  8367  5114  7086
 13950 15556 10261  4431  6381  7743  6666] [] 1716187062.8781571388
[ 1  1  1  1  1  1 -1  1  1 -1  1  1  1  1  1  1  1  1  1] [ 1  3 11 18 19 20 21 26 27 28 29 34 35 36 42 44 45 53 61] [13717  5283  8399  9963  3333  4539  9778  8023 11965  8430  4941  6806
 13478 12997  9706  4252  6251  7088  6580] [] 1716187062.9210538864
[-1 -1 -1 -1 -1  1  1  1  1  1  1  1  1  1  1  1  1  1  1  1] [ 1  3  9 11 18 19 20 21 26 27 28 29 34 35 36 42 44 45 53 61] [14016  5301 13362  8495  9966  3305  4462  9653  7925 11958  8322  4803
  6130 13391 12728  9511  4030  6163  6802  6471] [] 1716187062.9641575813
[-1 -1  1  1  1  1  1  1  1  1  1  1  1  1  1  1  1  1  1 -1 -1  1] [ 1  2  3  9 11 18 19 20 21 26 27 28 29 34 35 36 42 44 45 53 54 61] [15834 16132  5181 10953  8378  9868  3234  4389  9629  7919 11862  7670
  4571  5626 11979 12564  8367  3758  5758  6806 12944  6387] [] 1716187063.0071616173
[ 1  1  1  1 -1  1  1  1 -1  1  1  1  1  1  1  1  1  1  1 -1  1  1  1] [ 1  2  3  9 11 18 19 20 21 26 27 28 29 34 35 36 42 44 45 52 53 54 61] [15826 13675  5154  8597  8442  9734  3183  4385  9658  7800 11828  6957
  4424  5296 11777 12450  7628  3735  5623 13027  6705  8806  6351] [] 1716187063.0501680374
[ 1  1  1  1  1  1  1  1 -1  1  1  1  1  1  1  1  1  1  1 -1  1  1  1  1] [ 1  2  3  9 11 18 19 20 21 26 27 28 29 34 35 36 42 44 45 50 52 53 54 61] [15662 13519  5079  7905  8346  9715  3154  4377  9771  7767 11802  6678
  4363  5168 11435 12262  6522  3703  5563 14779 12419  5769  6271  6300] [] 1716187063.0931992531
[-1  1  1  1  1  1  1  1  1  1 -1  1 -1 -1  1  1  1  1  1  1 -1  1  1 -1
 -1 -1] [ 1  2  3  9 11 18 19 20 21 26 27 28 29 32 34 35 36 42 44 45 50 52 53 54
 55 61] [15690 13512  4826  7150  8337  9674  3113  4362  9735  7658 11964  6319
  4371 11779  4990 11386 12084  5119  3647  5498 15280 11910  5529  6447
 10919  6301] [] 1716187063.1362104416
[-1  1  1  1  1  1  1  1  1  1  1  1  1  1  1 -1  1 -1  1  1  1 -1  1  1
  1  1  1] [ 1  2  3  9 11 18 19 20 21 26 27 28 29 32 34 35 36 41 42 44 45 50 52 53
 54 55 61] [15734 13354  4718  6477  8337  7789  3083  4354  9697  7652  9478  5838
  4178 11029  4271 11761 11003 15041  4922  3583  5427 15488 10255  5438
  6353  8207  6297] [] 1716187063.1791996956
[ 1  1  1  1  1  1  1  1  1  1  1  1  1  1  1 -1  1  1  1  1  1  1  1 -1
  1  1  1] [ 1  2  3  9 11 18 19 20 21 26 27 28 29 32 34 35 36 41 42 44 45 50 52 53
 54 55 61] [15624 13320  4689  6351  8330  7349  3045  4324  9696  7584  8809  5708
  4138 10815  4105 11945 10800 11034  4807  3513  5309 15301  9104  5505
  6235  6922  6226] [] 1716187063.2221853733
[ 1  1  1  1  1  1  1  1  1  1  1  1  1  1  1  1  1 -1  1  1  1 -1  1  1
  1  1  1  1] [ 1  2  3  9 11 18 19 20 21 26 27 28 29 32 34 35 36 37 41 42 44 45 50 52
 53 54 55 61] [15619 13262  4671  5803  6771  7110  2971  4117  9689  7579  8521  5468
  4089 10650  3755 11625 10565 16328  9457  4452  3403  5354 14864  9070
  5372  6198  6803  6171] [] 1716187063.2652239799
[-1  1  1  1  1 -1  1  1  1  1  1  1 -1 -1  1 -1  1  1 -1  1  1  1 -1 -1
  1 -1  1  1  1] [ 1  2  3  9 11 18 19 20 21 26 27 28 29 32 34 35 36 37 38 41 42 44 45 50
 52 53 54 55 61] [15901 12908  4574  5545  6698  7146  2934  4009  9650  7559  8410  5391
  4171 10778  3513 11661 10326 13410 14079  7591  3674  3286  5407 14895
  8721  5431  6122  6390  6115] [] 1716187063.3081808090
[ 1  1  1  1 -1  1  1 -1 -1 -1 -1  1  1 -1 -1  1  1  1  1  1  1  1  1  1
  1  1  1  1  1  1] [ 1  2  3  9 10 11 18 19 20 21 26 27 28 29 32 34 35 36 37 38 41 42 44 45
 50 52 53 54 55 61] [15815 12877  4558  5368 15576  6391  7082  2962  4031  9661  7589  7403
  5339  4179 11193  3341 10303 10251 13370 12178  6924  3352  3183  5343
 14833  8662  5345  6018  6198  6022] [] 1716187063.3511929512
[ 1 -1 -1  1  1  1 -1  1  1 -1  1  1  1  1  1  1  1 -1  1 -1  1  1 -1  1
  1 -1  1 -1  1  1  1  1] [ 1  2  3  9 10 11 18 19 20 21 26 27 28 29 32 34 35 36 37 38 41 42 43 44
 45 47 50 52 53 54 55 61] [15782 12878  4574  5255 12181  5937  7118  2896  3976  9716  6695  7314
  5203  4105 10569  3225  9644 10320 13368 13817  6516  3264 12343  2944
  5295 14449  8757  8717  5065  5725  5919  5990] [] 1716187063.3942730427
[-1  1  1  1  1  1  1  1  1 -1  1  1  1  1 -1  1  1 -1  1 -1  1  1  1 -1
  1  1 -1 -1  1  1  1  1 -1 -1] [ 1  2  3  9 10 11 18 19 20 21 26 27 28 29 32 34 35 36 37 38 41 42 43 44
 45 47 50 51 52 53 54 55 60 61] [15880 12807  4453  5118 11837  5665  7010  2859  3937  9893  6549  7293
  4989  4045 10875  3139  9349 10395 12951 13927  5813  3094 12204  2972
  5240  9994  8928 12304  7618  4392  5706  5555 14853  6068] [] 1716187063.4371445179
[ 1 -1  1  1  1  1  1  1  1  1  1  1  1  1  1 -1  1  1  1  1  1  1  1  1
  1  1  1  1  1  1  1  1  1 -1] [ 1  2  3  9 10 11 18 19 20 21 26 27 28 29 32 34 35 36 37 38 41 42 43 44
 45 47 50 51 52 53 54 55 60 61] [10631 12874  4118  4991 11322  5135  6327  2811  3817  9718  5677  7184
  4701  4023  9719  3170  9268 10277 10191 13659  5466  2995 12158  2942
  5143  9986  8761  8988  6770  4380  5690  5345 13845  6090] [] 1716187063.4802486897
[ 1 -1  1  1 -1  1  1 -1  1 -1 -1  1  1  1  1 -1  1  1  1  1  1  1  1  1
  1  1  1 -1  1  1  1  1  1  1  1] [ 1  2  3  9 10 11 18 19 20 21 24 26 27 28 29 32 34 35 36 37 38 41 42 43
 44 45 47 50 51 52 53 54 55 60 61] [10631 12903  3859  4906 11364  5026  6263  2815  3751  9768 16147  5483
  7168  4629  4009  9835  3168  8527 10198 10084 13351  5075  2858 12026
  2821  5043  9553  8791  7082  6536  4108  5547  5019 12024  6067] [] 1716187063.5232088566
[ 1  1  1 -1  1 -1  1 -1  1  1 -1  1  1  1  1 -1  1  1  1  1  1  1  1  1
  1  1  1  1  1  1 -1  1  1  1  1  1] [ 1  2  3  7  9 10 11 18 19 20 21 24 26 27 28 29 32 34 35 36 37 38 41 42
 43 44 45 47 50 51 52 53 54 55 60 61] [10598 12685  3766 12210  4840 11386  4879  6285  2763  3604  9810 14103
  5355  6814  4424  4011  9705  3128  8248 10092  9952 12020  4941  2760
 11967  2798  4773  7609  8761  6882  6603  3951  5375  4372 10008  6053] [] 1716187063.5662021637
[-1  1  1  1  1  1  1  1  1  1 -1  1  1  1  1  1  1  1  1  1  1 -1  1 -1
 -1 -1  1  1  1  1  1  1  1  1  1 -1] [ 1  2  3  7  9 10 11 18 19 20 21 24 26 27 28 29 32 34 35 36 37 38 41 42
 43 44 45 47 50 51 52 53 54 55 60 61] [10817 12611  3533 11556  4722  9169  4818  6211  2717  3407  9829 13311
  5021  6636  4252  3893  8618  3032  7971 10000  9831 12039  4792  2768
 12479  2884  4717  7466  8754  6864  6202  3894  5103  4255  9856  6111] [] 1716187063.6092374325
[-1 -1 -1 -1  1  1  1  1  1 -1  1  1 -1 -1 -1  1  1 -1  1  1  1  1  1 -1
 -1 -1  1 -1  1 -1  1 -1  1  1  1  1  1] [ 1  2  3  4  7  9 10 11 18 19 20 21 24 26 27 28 29 32 34 35 36 37 38 41
 42 43 44 45 47 50 51 52 53 54 55 60 61] [10895 13103  3574 15415 11462  4564  8382  4557  6195  2751  3345  9809
 13463  5182  6667  4187  3887  8740  2982  7836  9896  9542 12027  4797
  2770 12571  2858  4724  7407  8805  6836  6265  3822  5097  4210  9475
  6075] [] 1716187063.6521925926
[-1 -1  1  1  1  1  1  1  1  1 -1 -1  1  1  1  1  1  1 -1  1  1  1 -1  1
  1  1 -1  1 -1  1  1 -1  1 -1  1  1  1] [ 1  2  3  4  7  9 10 11 18 19 20 21 24 26 27 28 29 32 34 35 36 37 38 41
 42 43 44 45 47 50 51 52 53 54 55 60 61] [10985 13167  3497 14443 11347  4560  8224  4515  6163  2719  3363  9857
 13439  4937  6603  4137  3739  8602  2984  7672  9796  9478 12263  4736
  2724 12567  2872  4711  7417  8725  6836  6316  3808  5103  4173  8327
  6038] [] 1716187063.6952059269
[-1  1  1  1  1  1 -1 -1 -1  1  1  1 -1  1 -1  1  1  1  1  1  1  1  1  1
 -1  1  1  1  1 -1  1 -1  1  1 -1 -1 -1] [ 1  2  3  4  7  9 10 11 18 19 20 21 24 26 27 28 29 32 34 35 36 37 38 41
 42 43 44 45 47 50 51 52 53 54 55 60 61] [11037 13006  3417 13786 11024  4474  8257  4542  6188  2693  3344  9840
 13501  4863  6632  4115  3659  8255  2980  7630  9712  9406 12143  4720
  2738 12431  2848  4689  7378  8803  6824  6417  3808  5083  4258  8785
  6098] [] 1716187063.7383117676
[ 1  1 -1 -1  1 -1  1  1 -1 -1  1 -1  1 -1  1  1 -1  1  1 -1 -1  1  1 -1
  1  1  1 -1 -1  1 -1 -1  1 -1 -1 -1  1] [ 1  2  3  4  7  9 10 11 18 19 20 21 24 26 27 28 29 32 34 35 36 37 38 41
 42 43 44 45 47 50 51 52 53 54 55 60 61] [11025 12883  3461 14271 10810  4482  8193  4460  6231  2712  3334  9863
 13431  4923  6601  4017  3667  8129  2960  7636  9747  9280 11825  4869
  2737 12115  2772  4711  8126  8697  6848  6836  3757  5419  4870 11024
  6062] [] 1716187063.7812795639
[ 1  1 -1 -1 -1 -1 -1  1  1  1 -1 -1 -1 -1 -1 -1 -1 -1  1  1 -1 -1  1 -1
 -1  1 -1 -1 -1  1 -1  1 -1  1 -1 -1  1] [ 1  2  3  7  9 10 11 18 19 20 21 23 24 26 27 28 29 32 34 35 36 37 38 41
 42 43 44 45 47 50 51 52 53 54 55 60 61] [10850 12811  3491 11290  4540 10843  4529  6171  2696  3308  9866 16271
 13575  5198  6604  4146  3867  8578  2960  7612  9841  9515 11654  4979
  2800 12047  2788  4797  9781  8601  9411  6729  3798  5417  5549 11808
  6046] [] 1716187063.8242387772
[ 1 -1 -1 -1 -1  1 -1 -1 -1 -1  1 -1 -1 -1 -1 -1 -1 -1 -1 -1  1  1 -1 -1
 -1  1 -1 -1 -1  1 -1 -1 -1 -1  1] [ 1  2  3  7  9 10 11 18 19 20 21 23 24 26 27 28 29 32 34 35 36 37 38 41
 42 43 44 45 47 50 52 53 54 55 61] [10735 12887  3649 11444  4634 10842  4735  6199  2704  3463  9765 16343
 14119  5213  6841  4182  4031  9245  3044  7683  9782  9456 11933  5596
  2955 11983  2931  4895 13823  8583  7660  3988  5551  5898  5890] [] 1716187063.8671674728
[ 1  1 -1 -1  1 -1 -1  1 -1 -1 -1 -1 -1 -1  1  1  1 -1 -1 -1 -1 -1 -1 -1
 -1 -1 -1 -1 -1  1  1  1] [ 1  2  3  7  9 10 11 18 19 20 21 26 27 28 29 32 34 35 36 37 38 41 42 43
 44 45 50 52 53 54 55 61] [10576 12759  3917 11596  4578 11298  4773  6099  2708  3559  9769  5983
  7014  4423  3975  9142  2976  7761  9809  9562 13271  6025  3033 12055
  2932  5026 14075  8666  4012  5453  5837  5887] [] 1716187063.9102098942
[-1  1  1 -1  1  1 -1 -1 -1  1  1 -1 -1 -1  1 -1 -1 -1 -1 -1 -1 -1 -1 -1
 -1 -1 -1 -1 -1 -1 -1] [ 1  2  3  7  9 10 11 18 19 20 21 26 27 28 29 32 34 35 36 37 38 41 42 44
 45 50 52 53 54 55 61] [15770 12715  3827 13648  4535 11272  4834  6130  2715  3536  9722  6463
  7047  4492  3967  9210  2996  8096  9936  9904 14169  7930  3293  2999
  5166 14332  8741  4287  5998  6659  5985] [] 1716187063.9534940720
[-1 -1 -1 -1 -1 -1 -1 -1 -1 -1  1 -1 -1 -1  1 -1 -1 -1 -1 -1 -1 -1 -1 -1
 -1 -1 -1  1 -1 -1] [ 1  2  3  7  9 10 11 18 19 20 21 26 27 28 29 32 34 35 36 37 41 42 44 45
 50 52 53 54 55 61] [16029 12820  3844 14452  4747 11738  5278  6763  2762  3681  9591  7378
  7061  4652  3916  9675  3102  9068  9977 10066 11032  3578  3085  5199
 14381  9138  4875  5976  9685  6018] [] 1716187063.9964640141
[ 1  1 -1  1 -1 -1 -1 -1 -1 -1  1 -1 -1 -1  1 -1 -1 -1  1 -1 -1 -1 -1  1
 -1 -1 -1 -1 -1] [ 1  2  3  7  9 10 11 18 19 20 21 26 27 28 29 32 34 35 36 37 42 44 45 50
 52 53 54 55 61] [15611 12711  3889 14212  4893 12313  5471  6914  2807  3812  9576  7411
  7140  4829  3906 10172  3219  9511  9964 12298  4093  3172  5278 14068
  9400  5191  6091 10698  6093] [] 1716187064.0395433903
[-1  1 -1  1 -1  1 -1 -1 -1 -1  1 -1 -1 -1 -1  1 -1  1  1 -1 -1 -1 -1  1
 -1 -1  1  1] [ 1  2  3  7  9 10 11 18 19 20 21 26 27 28 29 32 34 35 36 37 42 44 45 50
 52 53 54 61] [15663 12659  3965 13648  5051 12229  5839  6955  2843  3887  9538  7444
  7302  5163  3944 10111  3513  9492  9881 12590  4478  3352  5310 13993
 10172  5274  6065  6079] [] 1716187064.0826101303
[ 1 -1 -1  1 -1 -1 -1 -1 -1 -1  1 -1 -1 -1 -1  1 -1 -1 -1 -1  1 -1 -1 -1
 -1 -1 -1] [ 1  2  3  7  9 10 11 18 19 20 21 26 27 28 29 32 34 35 36 37 42 44 45 52
 53 54 61] [15608 12879  4047 13334  5487 15302  6238  6964  2885  3925  9508  7469
  9487  5226  3957 10044  3708  9966  9945 12840  4390  3448  5375 11705
  5405  8543  6115] [] 1716187064.1264185905
[-1 -1 -1 -1 -1 -1 -1 -1 -1 -1  1  1  1 -1 -1 -1 -1 -1 -1 -1 -1  1 -1 -1
  1] [ 1  2  3  7  9 10 11 18 19 20 21 26 27 28 29 34 35 36 37 42 44 45 52 53
 61] [15872 13474  4483 15317  5829 15512  6673  6999  2918  4167  9501  7469
  9365  5279  4031  4485 10606 10232 12991  6743  3518  5338 14169  6232
  6087] [] 1716187064.1692171097
[ 1 -1  1 -1 -1 -1 -1 -1  1 -1  1 -1 -1 -1  1 -1 -1 -1 -1 -1 -1] [ 1  2  3  9 11 18 19 20 21 26 27 28 29 34 35 36 42 44 45 53 61] [15788 13712  4456  7256  8287  9302  2945  4218  9417  7535  9355  5648
  4137  4827 10452 10530  7359  3558  5358  6376  6170] [] 1716187064.2121906281
[ 1 -1  1 -1 -1 -1 -1 -1  1 -1 -1 -1 -1 -1 -1 -1 -1 -1 -1 -1 -1] [ 1  2  3  9 11 18 19 20 21 26 27 28 29 34 35 36 42 44 45 53 61] [15592 13750  4454  8245  8331  9392  2966  4241  9373  7585  9472  5803
  4190  5013 10521 10615  8095  3855  5797  7304  6386] [] 1716187064.2551651001
[-1 -1 -1 -1  1 -1 -1 -1 -1 -1 -1 -1 -1 -1 -1 -1 -1 -1 -1 -1 -1] [ 1  2  3  9 11 18 19 20 21 26 27 28 29 34 35 36 42 44 45 53 61] [15606 13884  4581 15444  8297  9639  3019  4286  9384  7634 11785  6457
  4271  6312 13199 10685  9340  4148  6127  7462  6598] [] 1716187064.2982699871
[ 1 -1 -1 -1 -1 -1  1 -1  1 -1 -1 -1 -1 -1 -1 -1 -1 -1 -1] [ 1  3 11 18 19 20 21 26 27 28 29 34 35 36 42 44 45 53 61] [15459  4749  8299  9693  3094  4356  9320  7666 11782  7476  4299  7216
 13530 10812 10719  4723  6314  7842  6928] [] 1716187064.3411087990
[ 1 -1 -1 -1 -1 -1 -1 -1 -1 -1 -1 -1 -1 -1 -1 -1  1  1] [ 1  3 11 18 19 20 21 26 27 28 29 34 35 36 42 44 45 53] [15456  4774  8307  9870  3161  4509  9400  7715 11878  7576  4423  7989
 14419 11165 11701  6000  6275  7646] [] 1716187064.3842036724
[ 1 -1 -1 -1 -1 -1 -1 -1  1 -1 -1 -1  1 -1 -1 -1 -1  1] [ 1  3 11 18 19 20 21 26 27 28 29 34 35 36 42 44 45 53] [15184  4821  8399  9976  3276  4618  9468  7791 11866  8287  4602  8067
 14386 11871 12247  7585  7327  7273] [] 1716187064.4271275997
[ 1 -1  1 -1 -1 -1 -1 -1 -1 -1 -1 -1 -1 -1 -1 -1 -1] [ 1  3 11 18 19 20 21 26 27 28 29 34 36 42 44 45 53] [15136  4940  8334 10219  3340  4642  9478  7921 11981  8973  5043  8434
 14600 13279 11993  7425  7343] [] 1716187064.4701159000
[-1 -1 -1 -1 -1 -1 -1 -1 -1 -1 -1 -1  1  1 -1 -1] [ 1  3 11 19 20 21 26 27 28 29 34 36 42 44 45 53] [15424  5396  8351  3411  4917  9616  8069 12260 10208  5129 11127 15417
 13094 11773  7673  7613] [] 1716187064.5130372047
[-1 -1  1 -1 -1 -1 -1 -1 -1 -1 -1 -1 -1 -1 -1 -1] [ 1  3 11 19 20 21 26 27 28 29 34 36 42 44 45 53] [15520  5609  8347  3525  5073  9635  8231 12417 10246  5251 11371 15468
 14859 11795  8141  9274] [] 1716187064.5561406612
[ 1 -1  1 -1 -1 -1 -1 -1 -1 -1 -1 -1  1 -1] [ 1  3 11 19 20 21 26 28 29 34 36 44 45 53] [15390  6774  8347  3654  5696  9849  8604 10287  5491 12484 15973 11841
  7927 13068] [] 1716187064.5991165638
[-1 -1 -1 -1 -1 -1 -1  1 -1 -1 -1 -1 -1] [ 1  3 11 19 20 21 26 28 29 34 36 44 45] [15678  7151  8367  3744  5833  9945  9153 10261  5651 14687 16272 12023
 10775] [] 1716187064.6420991421
[-1  1 -1 -1 -1  1 -1 -1 -1] [ 3 11 19 20 21 28 29 44 45] [12982  8277  3924  7272 10110 10155  6653 12325 11247] [] 1716187064.6850812435
[-1 -1 -1 -1 -1 -1 -1] [11 19 20 21 28 29 44] [ 8292  4237  7522 10234 10434  6986 12353] [] 1716187064.7280745506
[-1 -1 -1 -1 -1 -1  1] [11 19 20 21 28 29 44] [ 8409  4887 10670 10385 10537  8047 12328] [] 1716187064.7710773945
[ 1 -1 -1 -1 -1 -1 -1] [11 19 20 21 28 29 44] [ 8309  8415 11025 10711 10670  9082 12558] [] 1716187064.8140826225
[-1 -1 -1 -1 -1 -1 -1] [11 19 20 21 28 29 44] [ 8407  9164 11297 10992 10745 10576 12567] [] 1716187064.8570599556
[-1 -1 -1 -1 -1 -1] [11 19 20 28 29 44] [ 8446  9261 11520 10939 11096 12677] [] 1716187064.8999862671
[-1 -1 -1 -1 -1] [11 19 20 28 29] [ 8477  9411 11774 11094 11124] [] 1716187064.9430534840
[-1 -1 -1 -1 -1] [11 19 20 28 29] [ 8511  9537 12219 11284 15287] [] 1716187064.9860706329
[-1 -1 -1 -1] [11 19 20 28] [ 8799  9921 13067 11452] [] 1716187065.0290589333
[1 1] [11 28] [ 8685 11206] [] 1716187065.0720627308
[-1 -1] [11 28] [ 8789 11311] [] 1716187065.1150734425
[-1 -1] [11 28] [ 8999 11412] [] 1716187065.1580402851
[-1 -1] [11 28] [ 9137 11538] [] 1716187065.2010509968
[-1] [11] [9609] [] 1716187065.2440209389
[-1] [11] [9864] [] 1716187065.2870237827
[-1] [11] [10139] [] 1716187065.3492791653
2 2 2 1716187065.3495559692
