FA TAX ADC PRES TS
[-1] [28] [12664] [] 1716191473.9286174774
[-1] [28] [16019] [] 1716191473.9718887806
[1] [28] [11323] [] 1716191474.0147125721
[-1 -1] [11 28] [10683 11823] [] 1716191474.0578558445
[1 1] [11 28] [10074 11215] [] 1716191474.1007323265
[ 1  1 -1] [11 28 44] [ 9598 11004 13539] [] 1716191474.1437473297
[-1 -1 -1  1] [11 19 28 44] [10595 11430 11740 13244] [] 1716191474.1867299080
[1 1 1 1] [11 19 28 44] [10059 10910 11446 12997] [] 1716191474.2297112942
[1 1 1 1] [11 19 28 44] [ 9666 10449 11296 12815] [] 1716191474.2726490498
[1 1 1 1] [11 19 28 44] [ 9568 10237 11197 12492] [] 1716191474.3157463074
[1 1 1 1] [11 19 28 44] [ 9166  9922 10943 12484] [] 1716191474.3587701321
[ 1  1 -1  1] [11 19 28 44] [ 9020  9789 10968 12337] [] 1716191474.4017763138
[ 1  1 -1  1  1] [11 19 20 28 44] [ 8875  9677 16104 10829 12301] [] 1716191474.4447002411
[ 1  1  1 -1 -1] [11 19 20 28 44] [ 8768  9486 14646 10973 12375] [] 1716191474.4877276421
[-1 -1 -1  1  1  1] [ 3 11 19 20 28 44] [ 8122  8801  9526 14001 10831 12121] [] 1716191474.5307278633
[ 1  1  1  1  1 -1 -1] [ 3 11 19 20 28 42 44] [ 7662  8782  8866 13091 10755 12069 12293] [] 1716191474.5737526417
[ 1  1  1  1  1  1 -1] [ 3 11 19 20 28 42 44] [ 7539  8756  8009 12689 10532 11812 12383] [] 1716191474.6166808605
[ 1 -1  1  1 -1 -1 -1 -1 -1] [ 3 11 19 20 28 29 42 44 45] [ 5642  8821  6904 12414 10799 12091 11832 12529 11005] [] 1716191474.6597838402
[ 1 -1  1  1 -1  1  1 -1 -1  1] [ 3 11 19 20 27 28 29 42 44 45] [ 5504  8844  6403 12169 15496 10781 11572 11977 12542  8596] [] 1716191474.7027733326
[ 1 -1  1  1 -1  1  1  1  1  1  1] [ 3 11 19 20 26 27 28 29 42 44 45] [ 5477  8906  6035 12060 11360 13142 10737 11356 11808 12483  8270] [] 1716191474.7458035946
[ 1  1  1  1 -1  1  1  1  1  1  1  1] [ 3 11 19 20 21 26 27 28 29 42 44 45] [ 5316  8892  5633 11936 14069 11057 12508 10658 11178 11559 12369  7911] [] 1716191474.7887940407
[ 1  1  1  1  1  1  1  1  1  1 -1  1] [ 3 11 19 20 21 26 27 28 29 42 44 45] [ 5131  8849  5458 11522 13136 10805 12336 10546 10875 10451 12473  7735] [] 1716191474.8317720890
[1 1 1 1 1 1 1 1 1 1 1 1] [ 3 11 19 20 21 26 27 28 29 42 44 45] [ 5001  8789  4830 11036 11157  8909 12308 10455 10634  9882 11030  7684] [] 1716191474.8748805523
[ 1  1 -1  1  1  1  1  1  1  1  1  1  1] [ 3 11 18 19 20 21 26 27 28 29 42 44 45] [ 4965  8716 12130  4723 10923 10673  8891 12266 10376 10634  8929  7046
  7439] [] 1716191474.9178950787
[ 1  1  1  1  1  1  1 -1 -1  1  1  1  1 -1] [ 3 11 18 19 20 21 26 27 28 29 42 44 45 53] [ 4882  8698 11356  4493 10852 10471  8669 12430 10399 10519  8147  5571
  7414 14163] [] 1716191474.9609267712
[ 1  1 -1  1  1  1 -1  1 -1  1  1 -1  1  1  1  1] [ 3 11 18 19 20 21 23 26 27 28 29 34 42 44 45 53] [ 4863  8542 11364  4362 10610 10297 15016  8447 12499  8764 10466 13693
  7566  5319  6557 13070] [] 1716191475.0038964748
[ 1 -1  1  1  1 -1  1  1 -1  1  1  1  1  1  1  1] [ 3 11 18 19 20 21 23 26 27 28 29 34 42 44 45 53] [ 4703  8557 10764  4329 10526 10359 14337  8323 12692  7559 10341 12207
  6033  4930  6324 10189] [] 1716191475.0468859673
[ 1  1  1  1  1  1  1  1  1  1  1  1 -1  1  1  1  1] [ 3 11 18 19 20 21 23 26 27 28 29 34 36 42 44 45 53] [ 4040  8427 10162  4123 10308 10249 13560  8213 12600  7458 10228  8831
 15005  5766  4698  6308  7897] [] 1716191475.0898954868
[ 1  1  1  1  1  1  1  1  1  1  1  1 -1  1 -1 -1  1 -1  1] [ 3 11 18 19 20 21 23 26 27 28 29 34 35 36 37 42 44 45 53] [ 3955  7710  7557  4100  8517 10191 12958  8009  9914  6066 10010  8783
 14177 13495 16335  5854  4652  6409  6533] [] 1716191475.1329176426
[-1  1  1  1  1  1 -1 -1  1  1 -1  1  1  1  1  1  1  1 -1  1] [ 3 11 18 19 20 21 23 26 27 28 29 34 35 36 37 42 44 45 46 53] [ 3983  6742  7437  4078  8407 10115 13181  8051  9873  5589 10020  8714
 13730 13475 13499  5594  4558  6399 14736  6266] [] 1716191475.1759538651
[-1  1  1  1  1  1  1  1  1  1  1 -1  1  1  1  1  1  1  1  1  1] [ 2  3 11 18 19 20 21 23 26 27 28 29 34 35 36 37 42 44 45 46 53] [15563  3939  6713  7342  3949  8215 10041 13160  7905  8375  5087 10101
  8703 13568 13253 12795  4779  4283  6105 12639  5857] [] 1716191475.2188675404
[ 1  1  1  1  1  1 -1  1  1  1  1 -1  1  1  1  1  1  1  1  1 -1 -1] [ 2  3 11 18 19 20 21 23 26 27 28 29 34 35 36 37 42 44 45 46 50 53] [15043  3711  6167  7206  3831  7874 10151 13014  7746  8189  4836 10255
  8488 13344 12613 12597  4668  4139  6001  8637 14448  5898] [] 1716191475.2618403435
[ 1 -1  1  1  1  1  1  1  1  1  1  1  1  1  1  1  1  1  1 -1 -1  1 -1 -1] [ 2  3 11 18 19 20 21 23 26 27 28 29 34 35 36 37 42 44 45 46 47 50 53 61] [14927  3741  5380  7165  3734  7682 10041 12988  6887  8172  4623 10112
  7466 13306 10221 12370  4389  3973  5507  8677  9559 14171  6257  8172] [] 1716191475.3048753738
[ 1  1 -1  1 -1  1  1  1 -1  1 -1  1  1  1  1  1 -1  1  1  1  1  1 -1  1
 -1  1] [ 2  3 10 11 18 19 20 21 23 26 27 28 29 34 35 36 37 42 44 45 46 47 50 53
 54 61] [14417  3711 13456  5129  7223  3618  7560 10017 12996  6752  8283  4090
  8268  7405 13207  9715 12500  4185  3871  5405  8541  7315 14615  6216
 12555  7726] [] 1716191475.3478832245
[-1  1 -1  1  1  1  1  1  1 -1  1  1  1  1  1 -1  1  1  1  1  1  1  1 -1
 -1  1  1  1] [ 2  3  4 10 11 18 19 20 21 23 26 27 28 29 34 35 36 37 42 44 45 46 47 50
 51 53 54 61] [15921  3710 13511 12467  4751  7150  3575  7441  9860 13124  6026  8113
  3654  7538  7284 13245  9700 12445  4048  3807  5181  8372  5818 14936
 10076  5892 11901  7147] [] 1716191475.3909382820
[-1  1  1  1  1  1  1  1  1 -1  1  1  1  1 -1  1  1 -1  1  1  1  1  1  1
  1  1  1  1] [ 2  3  4 10 11 18 19 20 21 23 26 27 28 29 34 35 36 37 42 44 45 46 47 50
 51 53 54 61] [16380  3691 13374 11710  4582  7070  3494  6676  9797 13388  5275  8051
  3434  6703  7305 13146  9559 12582  3886  3634  4868  8287  5465 14613
  8891  5510 11221  6985] [] 1716191475.4339034557
[ 1  1  1  1  1  1  1  1  1  1 -1  1  1 -1  1  1  1  1  1  1  1  1  1  1
  1  1 -1] [ 3  4 10 11 18 19 20 21 23 26 27 28 29 34 35 36 37 42 44 45 46 47 50 51
 53 54 61] [ 3678 12447  9952  4114  7025  3477  6358  9642 13293  4901  8133  3142
  6473  7365  9774  9349 12181  3744  3567  4705  8158  5137 14423  8639
  5206  9664  7029] [] 1716191475.4769461155
[-1  1  1  1  1  1  1  1 -1  1  1 -1  1  1  1 -1  1  1  1  1  1  1  1  1
  1 -1  1  1  1] [ 2  3  4 10 11 18 19 20 21 23 26 27 28 29 34 35 36 37 42 44 45 46 47 50
 51 52 53 54 61] [14308  3657 11897  9860  3919  5895  3364  6259  9678 13201  4803  8150
  3105  6399  7343 11241  7803 12129  3496  3463  4554  7471  4827 14290
  8453 14287  5004  9332  6957] [] 1716191475.5199344158
[-1  1  1  1  1  1  1  1  1 -1  1  1  1  1  1  1 -1  1 -1  1  1  1  1  1
  1  1  1  1  1  1] [ 1  2  3  4 10 11 18 19 20 21 23 26 27 28 29 34 35 36 37 42 44 45 46 47
 50 51 52 53 54 61] [16198 13088  3487 10857  9069  3583  5247  3271  6144  9748 13124  4341
  8075  2835  5299  7212 12021  7398 12139  3438  3321  4139  6312  4599
  9023  8362 13375  4790  9248  6592] [] 1716191475.5629601479
[-1  1  1  1  1  1  1  1  1  1 -1  1 -1  1  1 -1 -1  1  1 -1  1  1  1  1
  1  1  1  1  1  1  1] [ 1  2  3  4 10 11 18 19 20 21 23 26 27 28 29 32 34 35 36 37 42 44 45 46
 47 50 51 52 53 54 61] [16352 13002  3408 10002  9009  3339  5073  3247  5915  9637 13149  4224
  8099  2756  5117 13481  7253 11269  6975 12249  3192  3245  3957  6133
  4407  8842  8153 12840  4628  9144  6422] [] 1716191475.6059796810
[ 1  1  1  1  1  1  1  1 -1  1  1  1  1  1  1  1  1  1 -1  1  1  1  1  1
  1  1  1  1  1  1] [ 2  3  4 10 11 18 19 20 21 23 26 27 28 29 32 34 35 36 37 42 44 45 46 47
 50 51 52 53 54 61] [12929  3341  9673  7283  3246  4953  3158  5698  9716 13064  4005  7980
  2672  4857 12775  7210  9359  6812 12426  3056  3178  3785  5517  4265
  8754  8085 12339  4526  9004  6330] [] 1716191475.6489412785
[-1  1  1  1  1  1  1  1  1  1 -1  1 -1  1  1  1 -1  1  1 -1  1  1  1  1
  1 -1  1  1  1 -1 -1  1] [ 1  2  3  4 10 11 18 19 20 21 23 26 27 28 29 32 34 35 36 37 42 44 45 46
 47 50 51 52 53 54 55 61] [15999 12901  3135  9654  6873  3167  4905  3133  5594  9709 13174  3917
  7989  2642  4611 11961  7263  8481  6265 12596  3008  3119  3630  5498
  4244  8839  7987 12220  4513  9066  9206  6298] [] 1716191475.6920156479
[ 1  1  1  1  1  1 -1  1  1 -1  1  1  1  1  1 -1  1  1  1 -1 -1  1  1  1
  1  1  1  1  1  1  1  1 -1] [ 1  2  3  4 10 11 18 19 20 21 23 26 27 28 29 32 34 35 36 37 41 42 44 45
 46 47 50 51 52 53 54 55 61] [15986 12720  3006  9535  6566  3105  4979  3062  5430  9750 13132  3625
  7931  2572  4476 13129  6629  7914  6263 12722 16049  2930  2919  3613
  5458  4132  8785  7950 11278  4446  9051  7729  6321] [] 1716191475.7349503040
[ 1  1  1 -1  1  1  1  1 -1  1  1  1 -1  1  1  1  1 -1  1 -1 -1  1  1  1
  1  1  1 -1  1  1  1 -1  1  1] [ 1  2  3  4 10 11 18 19 20 21 23 26 27 28 29 32 34 35 36 37 38 41 42 44
 45 46 47 50 51 52 53 54 55 61] [15506 10837  2936  9569  5977  3046  4653  3030  5443  9686 13088  3391
  7959  2535  4441 11222  5753  8024  5783 12864 14025 15637  2806  2836
  3519  5430  4056  8821  7939  9981  4286  9057  6719  6165] [] 1716191475.7779233456
[-1 -1  1  1  1  1  1  1 -1 -1 -1  1  1  1  1  1  1  1  1  1  1  1  1  1
  1  1  1  1  1  1  1  1  1  1] [ 1  2  3  4 10 11 18 19 20 21 23 26 27 28 29 32 34 35 36 37 38 41 42 44
 45 46 47 50 51 52 53 54 55 61] [15859 10962  2827  9411  5227  2774  4623  2956  5458  9716 13108  3291
  7834  2416  4413 10919  5212  6934  5283 12718 13797 15407  2646  2780
  3130  5387  3806  8500  7884  9612  4180  7147  5780  6117] [] 1716191475.8209702969
[ 1  1  1  1  1  1  1 -1  1 -1  1  1  1  1  1 -1  1 -1  1  1 -1 -1  1  1
  1 -1  1  1 -1  1  1  1  1 -1 -1] [ 1  2  3  4 10 11 18 19 20 21 23 26 27 28 29 32 34 35 36 37 38 41 42 44
 45 46 47 50 51 52 53 54 55 60 61] [15347  8132  2733  9260  4885  2657  4138  2962  5330  9732 13080  3245
  7713  2366  4118 11503  4911  7368  4906 11984 13919 15547  2581  2729
  3022  5421  3711  7807  7909  9372  3632  7125  5091 12908  6185] [] 1716191475.8640382290
[ 1 -1  1  1  1 -1 -1  1  1  1  1  1  1 -1  1  1  1  1  1  1  1  1  1  1
  1  1  1  1  1 -1  1 -1  1  1  1  1] [ 1  2  3  4 10 11 15 18 19 20 21 23 26 27 28 29 32 34 35 36 37 38 41 42
 44 45 46 47 50 51 52 53 54 55 60 61] [15114  8851  2644  9153  4640  2667 15639  4121  2941  4799  9673 12994
  3191  7805  2347  4074 11357  4722  6918  4824 11862 13855 15470  2560
  2695  2987  5401  3650  7263  7924  9171  3672  7039  4686 12664  6146] [] 1716191475.9068920612
[ 1  1  1  1  1  1  1  1  1  1 -1 -1  1  1  1  1  1  1  1  1  1  1  1  1
  1  1  1  1 -1 -1  1  1  1  1  1  1] [ 1  2  3  4 10 11 15 18 19 20 21 23 26 27 28 29 32 34 35 36 37 38 41 42
 44 45 46 47 50 51 52 53 54 55 60 61] [14735  8541  2551  9086  4497  2634 15383  4091  2926  3821  9703 12998
  3169  7642  2309  4041 11164  4671  6819  4704 11264 13601 15175  2555
  2655  2887  5241  3536  7339  7949  9007  3455  6937  4431 12633  6081] [] 1716191475.9499042034
[ 1  1  1  1  1  1  1  1  1  1 -1 -1 -1  1  1  1 -1  1  1  1  1  1  1  1
 -1  1  1  1 -1  1 -1  1  1  1  1  1] [ 1  2  3  4 10 11 15 18 19 20 21 23 26 27 28 29 32 34 35 36 37 38 41 42
 44 45 46 47 50 51 52 53 54 55 60 61] [14230  7609  2495  9053  4208  2538 15183  3988  2913  3665  9760 13017
  3207  7613  2230  4029 11677  4263  6670  4463 10908 13529 15015  2510
  2679  2799  5215  3504  7507  7909  9015  3362  6899  4360 12456  6062] [] 1716191475.9929141998
[ 1 -1  1 -1  1  1  1  1 -1  1 -1 -1  1  1  1  1 -1  1 -1  1  1  1 -1  1
  1  1  1 -1  1  1  1  1  1  1  1  1] [ 1  2  3  4 10 11 15 18 19 20 21 23 26 27 28 29 32 34 35 36 37 38 41 42
 44 45 46 47 50 51 52 53 54 55 60 61] [14188  7800  2470  9098  4164  2507 14559  3983  2917  3598  9798 13046
  3138  7601  2224  4015 11914  4213  6684  4439 10304 13503 15035  2488
  2650  2799  5198  3507  7428  7879  8893  3332  6759  4356 12372  6033] [] 1716191476.0359823704
[ 1 -1  1  1  1 -1  1  1 -1  1  1  1  1 -1 -1  1 -1  1  1 -1  1 -1  1  1
 -1  1  1 -1  1  1  1  1  1  1 -1  1] [ 1  2  3  4 10 11 15 18 19 20 21 23 26 27 28 29 32 34 35 36 37 38 41 42
 44 45 46 47 50 51 52 53 54 55 60 61] [14119  7815  2467  9037  4112  2543 14527  3979  2932  3586  9703 13044
  3129  7631  2253  3983 11929  4103  6578  4466  9764 13529 14865  2468
  2679  2778  5179  3512  7312  7876  8862  3322  6405  4326 12385  6032] [] 1716191476.0788946152
[ 1  1  1 -1  1  1  1  1  1  1 -1 -1  1  1  1 -1 -1 -1  1 -1  1  1  1 -1
  1  1 -1  1 -1  1  1  1 -1 -1 -1  1] [ 1  2  3  4 10 11 15 18 19 20 21 23 26 27 28 29 32 34 35 36 37 38 41 42
 44 45 46 47 50 51 52 53 54 55 60 61] [13956  7684  2457  9051  4096  2494 14459  3967  2920  3585  9740 13132
  3105  7567  2197  4005 12030  4118  6562  4486  9716 13447 14740  2480
  2635  2769  5226  3495  7313  7871  8788  3318  6751  4478 12393  6008] [] 1716191476.1218967438
[-1 -1 -1  1 -1 -1 -1 -1  1 -1  1  1  1 -1 -1  1 -1 -1 -1  1 -1 -1 -1 -1
 -1 -1  1 -1 -1  1 -1 -1 -1 -1  1] [ 1  2  3  4 10 11 15 18 19 20 21 23 26 27 28 29 32 34 35 36 37 38 41 42
 44 45 46 47 50 51 52 53 54 55 61] [14101  7730  2471  9043  4098  2535 14535  3985  2878  3618  9673 13040
  3103  7588  2223  3967 12093  4122  6584  4410 10081 13543 15235  2496
  2639  2919  5221  3669  7381  7834  8883  3462  6959  5654  5974] [] 1716191476.1649441719
[ 1  1 -1  1 -1 -1 -1  1 -1 -1  1  1 -1  1 -1 -1  1 -1  1 -1 -1 -1 -1 -1
 -1  1 -1  1 -1  1 -1 -1 -1 -1  1] [ 1  2  3  4 10 11 15 18 19 20 21 23 26 27 28 29 32 34 35 36 37 38 41 42
 44 45 46 47 50 51 52 53 54 55 61] [14091  7603  2511  9035  4308  2567 14815  3958  2915  3889  9644 12987
  3117  7542  2224  4021 11786  4628  6548  4505 11180 13594 15301  2517
  2653  2915  5271  3664  7412  7820  8947  3558  6974  6160  5970] [] 1716191476.2079439163
[-1  1 -1  1 -1 -1 -1 -1  1 -1  1 -1 -1 -1 -1 -1  1 -1  1 -1 -1 -1 -1 -1
 -1 -1 -1 -1 -1 -1 -1 -1 -1 -1 -1] [ 1  2  3  4 10 11 15 18 19 20 21 23 26 27 28 29 32 34 35 36 37 38 41 42
 44 45 46 47 50 51 52 53 54 55 61] [14142  7403  2660  9018  4432  2579 15239  4007  2891  4312  9604 13042
  3191  7561  2234  4266 11527  4639  6526  4542 11304 13906 15379  2564
  2789  2967  5355  3936  8533  7834  9253  3754  8658  7015  6046] [] 1716191476.2509016991
[-1 -1 -1  1 -1 -1 -1 -1 -1  1  1 -1 -1 -1  1  1 -1 -1 -1 -1 -1 -1 -1 -1
 -1  1 -1 -1 -1 -1 -1  1 -1 -1] [ 1  2  3  4 10 11 18 19 20 21 23 26 27 28 29 32 34 35 36 37 38 41 42 44
 45 46 47 50 51 52 53 54 55 61] [14407  8495  2739  8963  4701  2680  4463  2936  4804  9494 12902  3243
  7639  2311  4261 11144  4839  6593  4771 12008 14111 15587  2649  2885
  3034  5310  3976  8610  7905  9692  3766  8624 11589  6080] [] 1716191476.2939047813
[ 1 -1 -1 -1 -1 -1 -1  1 -1 -1  1  1  1 -1 -1  1 -1 -1 -1 -1 -1 -1 -1 -1
 -1 -1 -1 -1 -1 -1  1 -1] [ 1  2  3  4 10 11 18 19 20 21 23 26 27 28 29 32 34 35 36 37 41 42 44 45
 46 47 50 51 52 53 54 61] [14393 12715  2799  9011  4955  2864  4525  2932  5128  9497 12872  3204
  7599  2324  4294 10764  4974  7305  4970 12010 16031  2808  2917  3320
  5349  3983  8764  7976 11253  3860  8566  6157] [] 1716191476.3369214535
[-1 -1 -1  1 -1 -1 -1 -1 -1  1 -1 -1 -1 -1  1  1 -1 -1 -1 -1 -1 -1 -1 -1
 -1 -1 -1 -1 -1 -1 -1] [ 1  2  3  4 10 11 18 19 20 21 23 26 27 28 29 32 34 35 36 37 42 44 45 46
 47 50 51 52 53 54 61] [14482 15196  2840  8941  5936  2898  4570  2938  5265  9496 12880  3484
  7614  2374  4285 10379  5299  7507  5244 12105  2968  3011  3526  5515
  4293  8900  8143 11434  4140  8766  6313] [] 1716191476.3799681664
[-1 -1 -1 -1 -1 -1 -1 -1 -1  1 -1 -1 -1 -1 -1  1 -1 -1 -1  1  1 -1 -1 -1
 -1 -1  1 -1 -1 -1 -1] [ 1  2  3  4 10 11 18 19 20 21 23 26 27 28 29 32 34 35 36 37 42 44 45 46
 47 50 51 52 53 54 61] [15384 15266  3007  8982  6285  3011  4895  2964  5273  9489 12930  3708
  7649  2485  4336 10300  6353  8053  5574 12082  2938  3111  3683  6611
  4473 14260  8078 12535  4433  8905  6487] [] 1716191476.4229135513
[-1  1 -1 -1 -1 -1  1 -1 -1  1 -1 -1 -1 -1 -1 -1 -1  1 -1  1 -1 -1 -1 -1
 -1 -1 -1 -1 -1 -1 -1] [ 1  2  3  4 10 11 18 19 20 21 23 26 27 28 29 32 34 35 36 37 42 44 45 46
 47 50 51 52 53 54 61] [15545 15232  3143  9002  6871  3081  4891  3010  5303  9452 12958  3792
  7731  2516  4391 10714  6423  7712  5757 12078  3106  3175  4010  6730
  4605 14460  8165 12915  4696  9135  6734] [] 1716191476.4659779072
[-1 -1 -1 -1 -1 -1 -1 -1  1 -1 -1 -1 -1 -1 -1  1 -1 -1 -1 -1 -1 -1 -1  1
 -1 -1 -1 -1 -1] [ 2  3  4 10 11 18 19 20 21 23 26 27 28 29 34 35 36 37 42 44 45 46 47 50
 51 52 53 54 61] [15648  3277  9108  8117  3343  5453  3059  5497  9334 12964  3944  7735
  2625  4490  6630  7711  6221 12168  3257  3315  4231  7881  5099 14414
  8360 13733  5015 11642  6863] [] 1716191476.5089292526
[-1 -1  1 -1 -1 -1 -1 -1 -1 -1 -1 -1 -1 -1 -1 -1 -1 -1 -1 -1 -1 -1 -1 -1
 -1 -1 -1 -1] [ 2  3  4 10 11 18 19 20 21 23 26 27 28 29 34 35 36 37 42 44 45 46 47 50
 51 53 54 61] [15976  3427  9013  8635  3445  6206  3128  5647  9421 12992  4076  7762
  2650  4642  7121  7863  6394 12175  3585  3391  4722  8060  5949 14753
 11712  5355 12112  7030] [] 1716191476.5518703461
[-1 -1 -1 -1 -1 -1 -1 -1 -1 -1 -1 -1 -1 -1 -1 -1 -1  1 -1 -1 -1 -1 -1  1
 -1 -1 -1 -1] [ 2  3  4 10 11 18 19 20 21 23 26 27 28 29 34 35 36 37 42 44 45 46 47 50
 51 53 54 61] [16248  3503  9115  9332  4098  6905  3226  5954  9500 12999  4678  7843
  2835  6393  7165  8946  6787 12134  3816  3551  4785  8125  8331 14628
 11853  5532 12334  7218] [] 1716191476.5949232578
[ 1 -1 -1 -1 -1 -1 -1  1  1 -1 -1 -1 -1 -1 -1  1 -1  1  1  1 -1  1  1  1] [ 2  3  4 10 11 18 19 20 21 23 26 27 28 29 34 35 36 37 42 44 45 46 50 53] [15686  3579  9215  9474  4351  6906  3274  5906  9467 13044  5062  7881
  2979  6476  7212  8816  7287 11915  3756  3527  4955  7828 14229  4669] [] 1716191476.6379380226
[-1  1 -1 -1  1 -1 -1 -1  1 -1  1 -1 -1 -1 -1  1 -1 -1 -1 -1 -1 -1] [ 3  4 10 11 18 19 20 21 23 26 27 28 29 34 35 36 37 42 44 45 46 53] [ 3640  9162 10898  4422  6873  3337  6066  9513 12873  6279  7877  3195
  6479  7256  8875  7270 12067  3854  3659  5227 10941  4917] [] 1716191476.6808898449
[-1  1 -1 -1 -1 -1 -1 -1 -1 -1 -1 -1 -1 -1 -1 -1 -1 -1 -1 -1 -1 -1] [ 3  4 10 11 18 19 20 21 23 26 27 28 29 34 35 36 37 42 44 45 46 53] [ 3675  9139 11900  4995  7009  3381  7012  9584 13012  6646  7925  3549
  7472  7447  9422  9719 12241  3964  3903  5663 12678  5067] [] 1716191476.7239673138
[-1 -1 -1 -1 -1 -1 -1 -1 -1 -1 -1 -1 -1 -1 -1 -1 -1 -1 -1 -1 -1] [ 3  4 10 11 18 19 20 21 23 26 27 28 29 34 35 36 37 42 44 45 53] [ 3692  9551 12739  5482  7051  3454  7199  9686 13156  7533  7977  3771
  7727  8422 12278 10093 12713  4070  4018  5770  5894] [] 1716191476.7668588161
[-1  1 -1 -1 -1 -1  1  1 -1 -1 -1 -1 -1 -1 -1  1 -1 -1 -1 -1] [ 2  3 11 18 19 20 21 23 26 27 28 29 34 35 36 37 42 44 45 53] [15848  3661  6118  7082  3511  7406  9675 13028  7627  8078  4274  8310
  8605 13057 12523 12709  4098  4161  5932  9572] [] 1716191476.8099501133
[-1 -1 -1 -1 -1 -1 -1 -1 -1 -1 -1 -1 -1 -1 -1 -1 -1 -1 -1] [ 3 11 18 19 20 21 23 26 27 28 29 34 35 36 37 42 44 45 53] [ 3807  6571  7216  3678  7576  9776 13167  7850  9282  4568  9881  8724
 13178 12743 12863  4624  4409  6063 14129] [] 1716191476.8528099060
[ 1 -1 -1 -1 -1 -1  1 -1 -1 -1 -1 -1 -1 -1 -1 -1 -1] [ 3 11 18 19 20 21 23 26 27 28 29 34 35 36 42 44 45] [ 3794  7435  7410  3808  7779  9847 13105  7853  9431  5041 10034  8912
 13352 13379  5197  4718  6369] [] 1716191476.8958432674
[-1 -1 -1 -1 -1 -1  1 -1 -1 -1 -1 -1 -1  1 -1 -1 -1] [ 3 11 18 19 20 21 23 26 27 28 29 34 35 36 42 44 45] [ 3829  7474 10102  3915  9569  9914 12882  8052  9545  6659 10153  9262
 14193 13324  5978  5035  6562] [] 1716191476.9388127327
[-1 -1 -1 -1 -1 -1 -1 -1 -1 -1 -1 -1 -1 -1] [ 3 11 18 19 20 21 23 26 27 28 29 42 44 45] [ 3945  7490 10122  3999  9742 10030 13023  8180 11732  7005 10190  8269
  5961  6801] [] 1716191476.9817962646
[-1 -1 -1 -1 -1 -1 -1 -1 -1 -1 -1 -1 -1 -1 -1] [ 3 11 18 19 20 21 23 26 27 28 29 36 42 44 45] [ 4187  8460 10352  4133  9998 10298 13378  8398 11929  8654 10398 15941
  9288  7307  7844] [] 1716191477.0248711109
[-1 -1 -1 -1 -1 -1 -1 -1 -1 -1 -1 -1 -1 -1] [ 3 11 18 19 20 21 23 26 27 28 29 42 44 45] [ 4799  8496 10593  4181 10024 10454 13778  8595 12147  9771 10664 10714
 12163  8450] [] 1716191477.0678770542
[-1 -1 -1 -1 -1 -1 -1 -1 -1 -1 -1 -1] [ 3 11 19 20 21 26 27 28 29 42 44 45] [ 4978  8507  4399 10246 10675 10845 12523 10343 11029 11427 12206 10454] [] 1716191477.1107373238
[-1  1 -1 -1 -1  1  1 -1 -1  1] [ 3 11 19 20 21 27 28 29 42 44] [ 5027  8448  4703 10430 10925 12304 10331 11264 11901 12178] [] 1716191477.1537227631
[-1 -1 -1 -1 -1  1  1  1 -1  1] [ 3 11 19 20 21 27 28 29 42 44] [ 5139  8598  5122 10770 11228 12250 10293 11151 12362 12067] [] 1716191477.1965765953
[-1  1 -1 -1  1  1 -1  1] [ 3 11 19 20 27 28 29 44] [ 5223  8570  5318 11023 12177 10291 11484 11897] [] 1716191477.2397451401
[-1 -1 -1 -1 -1  1 -1] [ 3 11 19 20 27 28 44] [ 7097  8621  6279 11419 12390 10125 12323] [] 1716191477.2826807499
[-1 -1 -1 -1 -1 -1 -1] [ 3 11 19 20 27 28 44] [ 7612  8651  8737 12084 12407 10264 12553] [] 1716191477.3257718086
[-1 -1 -1 -1 -1 -1 -1] [ 3 11 19 20 27 28 44] [14518  8725  9010 12959 12741 10447 12741] [] 1716191477.3686668873
[ 1 -1 -1 -1  1] [11 19 20 28 44] [ 8620  9173 13831 10450 12517] [] 1716191477.4117121696
[-1 -1 -1 -1] [11 19 28 44] [ 8812  9273 10661 12716] [] 1716191477.4547097683
[-1 -1 -1 -1] [11 19 28 44] [ 9162  9763 10739 12736] [] 1716191477.4977796078
[-1 -1 -1 -1] [11 19 28 44] [ 9228  9806 10980 13021] [] 1716191477.5408227444
[-1 -1 -1] [11 19 28] [ 9795 10282 11740] [] 1716191477.5837843418
[-1 -1  1] [11 19 28] [ 9920 10608 11677] [] 1716191477.6266939640
[1] [28] [11165] [] 1716191477.6697170734
2 2 2 1716191477.8452792168
