FA TAX ADC PRES TS
[-1] [11] [11974] [] 1716191067.8842148781
[1] [11] [11532] [] 1716191067.9272403717
[ 1 -1] [11 28] [10861 12388] [] 1716191067.9702496529
[1 1] [11 28] [10133 11462] [] 1716191068.0132832527
[1 1] [11 28] [ 9663 11163] [] 1716191068.0562074184
[-1 -1 -1] [11 19 28] [ 9693 12767 11204] [] 1716191068.0992240906
[-1  1 -1 -1] [11 19 20 28] [ 9815 10747 16255 11359] [] 1716191068.1422445774
[ 1 -1  1 -1 -1 -1] [11 19 20 27 28 29] [ 9657 10854 15308 14112 11599 12096] [] 1716191068.1852228642
[1 1 1 1 1 1] [11 19 20 27 28 29] [ 9428 10339 14692 12257 11531 11123] [] 1716191068.2282469273
[-1 -1 -1  1  1 -1  1] [ 3 11 19 20 27 28 29] [ 9937  9550 10409 13823  9981 11699 10931] [] 1716191068.2713096142
[1 1 1 1 1 1 1] [ 3 11 19 20 27 28 29] [ 9623  9433 10190 13408  9763 11529 10689] [] 1716191068.3142740726
[1 1 1 1 1 1 1] [ 3 11 19 20 27 28 29] [ 9133  9197  9803 12749  9444 11441 10494] [] 1716191068.3572318554
[1 1 1 1 1 1 1] [ 3 11 19 20 27 28 29] [ 8719  8963  9499 12243  9082 10939 10267] [] 1716191068.4002487659
[ 1  1  1  1 -1  1  1 -1] [ 3 11 19 20 21 27 28 29] [ 8613  8959  9195 11873 11647  8919 10845 10422] [] 1716191068.4433028698
[ 1 -1 -1  1  1  1 -1  1 -1  1] [ 3 11 18 19 20 21 26 27 28 29] [ 5893  9203 11386  8665 11633 10909 11431  8680 11011 10414] [] 1716191068.4861423969
[ 1  1  1  1  1  1  1  1  1  1 -1] [ 3 11 18 19 20 21 26 27 28 29 44] [ 5706  9081 10996  8367 11384 10606 10624  8330 10879 10242 14001] [] 1716191068.5292677879
[ 1 -1  1  1  1  1  1  1  1 -1  1] [ 3 11 18 19 20 21 26 27 28 29 44] [ 5572  9086 10764  8125 11274 10392 10374  8215 10792 10245 13410] [] 1716191068.5722744465
[ 1  1  1  1  1  1  1 -1 -1  1  1] [ 3 11 18 19 20 21 26 27 28 29 44] [ 5480  9081 10489  7229 11180 10344 10357  8255 10840 10153 12441] [] 1716191068.6151773930
[ 1  1  1  1  1  1  1 -1  1  1 -1 -1] [ 3 11 18 19 20 21 26 27 28 29 34 44] [ 4499  8865 10306  6761  9052 10273 10306  8285 10815 10021 13261 12607] [] 1716191068.6582520008
[ 1  1 -1  1  1 -1  1  1 -1  1  1 -1  1 -1] [ 3 11 18 19 20 21 26 27 28 29 34 36 44 45] [ 4409  8789 10333  6371  8904 10293  9946  8265 10892  9971  9321 14575
 11715 11479] [] 1716191068.7012605667
[ 1 -1 -1  1  1  1 -1  1  1 -1 -1  1 -1  1 -1  1  1] [ 3 10 11 18 19 20 21 26 27 28 29 34 35 36 42 44 45] [ 4381 12248  8908  8431  6208  8740 10486  8941  7513 10942 10116  9022
 14599 14505 13143  8261  8014] [] 1716191068.7443211079
[ 1  1  1  1  1  1  1  1  1  1  1  1  1  1 -1  1  1  1] [ 3 10 11 18 19 20 21 26 27 28 29 34 35 36 37 42 44 45] [ 4328  9439  6561  7691  5758  8325 10107  8400  7337 10895 10064  8897
 14250 13944 16360 10419  6753  7927] [] 1716191068.7872757912
[ 1  1  1  1  1  1  1 -1  1  1 -1 -1  1 -1  1  1  1  1  1] [ 3 10 11 18 19 20 21 23 26 27 28 29 34 35 36 37 42 44 45] [ 4283  8859  5621  7546  5361  8111 10081 13305  8271  7197 10965 10120
  8731 14383 13778 13689  8221  6099  6766] [] 1716191068.8302915096
[ 1  1  1  1  1  1 -1  1  1  1 -1  1  1  1  1  1  1  1  1] [ 3 10 11 18 19 20 21 23 26 27 28 29 34 35 36 37 42 44 45] [ 4282  8187  5404  6792  4926  7979 10114 13051  8029  7076 11041  9964
  8717 14357 12955 12830  7222  5272  6587] [] 1716191068.8733184338
[ 1  1  1  1  1  1  1 -1  1 -1  1  1  1  1  1  1  1  1  1 -1] [ 3 10 11 18 19 20 21 23 26 27 28 29 34 35 36 37 42 44 45 53] [ 4235  7255  4676  5983  4471  7881 10083 13135  7995  7186  8026  9962
  7714 14338 12119 12797  6321  4936  6575 14704] [] 1716191068.9162838459
[ 1  1  1  1  1  1  1  1  1  1  1  1  1 -1  1  1  1  1 -1  1] [ 3 10 11 18 19 20 21 23 26 27 28 29 34 35 36 37 42 44 45 53] [ 4125  7054  4519  5771  4347  7753  9996 13099  6981  7064  7446  9914
  7598 14721 12117 12464  5342  4518  6595  9885] [] 1716191068.9592754841
[ 1  1  1  1  1  1 -1 -1  1  1  1  1  1  1  1  1  1  1  1  1] [ 3 10 11 18 19 20 21 23 26 27 28 29 34 35 36 37 42 44 45 53] [ 4063  6892  4206  4670  4191  7177 10063 13180  5381  6959  6439  9903
  7531 13864 11548 12374  5127  4182  6152  8943] [] 1716191069.0022823811
[-1 -1 -1  1  1  1  1  1  1  1 -1  1 -1  1 -1  1 -1  1  1  1 -1  1] [ 2  3 10 11 18 19 20 21 23 26 27 28 29 34 35 36 37 42 44 45 52 53] [11889  4128  6919  4127  4625  4051  7095  9890 13069  4912  6966  6229
 10051  7503 13976 11157 12628  5012  4150  6015 14411  6792] [] 1716191069.0452723503
[ 1  1  1  1  1  1  1 -1 -1  1  1  1  1  1  1  1  1  1  1  1  1  1] [ 2  3 10 11 18 19 20 21 23 26 27 28 29 34 35 36 37 42 44 45 52 53] [10271  4108  6831  3952  4409  3931  6906 10052 13240  4203  6867  5401
 10051  7426 13697  9814 12614  4963  3789  5891 12552  5764] [] 1716191069.0882062912
[-1  1  1  1  1  1  1  1  1  1  1  1  1  1 -1  1  1 -1  1  1  1  1  1] [ 1  2  3 10 11 18 19 20 21 23 26 27 28 29 34 35 36 37 42 44 45 52 53] [16068  9090  4061  6218  3674  4347  3815  6450  9995 13221  3847  6572
  5132  8118  7435 13605  8518 12974  4742  3620  5780 12368  5485] [] 1716191069.1312339306
[-1  1 -1  1  1  1  1 -1 -1  1  1  1  1  1 -1 -1  1 -1 -1  1  1  1 -1  1
  1] [ 1  2  3 10 11 18 19 20 21 23 26 27 28 29 34 35 36 37 38 42 44 45 46 52
 53] [16091  8974  4067  5852  3610  4089  3708  6467 10148 13149  3775  5599
  4818  7178  7484 13617  8236 13172 10253  4634  3512  5588 11033 10985
  5192] [] 1716191069.1742334366
[-1  1  1  1  1  1  1  1 -1 -1  1  1  1  1  1  1  1  1  1  1  1  1  1 -1
  1  1] [ 1  2  3 10 11 18 19 20 21 23 26 27 28 29 34 35 36 37 38 42 44 45 46 47
 52 53] [16234  8842  3921  4780  3507  3879  3621  6219 10336 13358  3546  5431
  4366  7066  6078  9466  7099 12930 10025  4484  3363  5483 10517 13507
 10521  5036] [] 1716191069.2173686028
[ 1  1  1  1  1  1  1  1  1  1  1  1  1  1  1  1  1 -1 -1  1 -1 -1  1  1
 -1  1 -1] [ 1  2  3 10 11 18 19 20 21 23 26 27 28 29 34 35 36 37 38 42 44 45 46 47
 52 53 61] [15736  8649  3817  4504  3307  3789  3561  6027 10256 13343  3395  5034
  3888  6994  5784  9290  6017 13093 10074  4404  3370  5615 10001 11443
 10634  4949  7309] [] 1716191069.2602913380
[ 1  1  1  1  1  1  1  1  1  1  1  1  1 -1  1  1  1  1 -1  1  1  1 -1  1
 -1  1  1 -1  1] [ 1  2  3 10 11 18 19 20 21 23 26 27 28 29 34 35 36 37 38 42 44 45 46 47
 51 52 53 54 61] [15626  8043  3740  4344  3214  3735  3539  5818 10140 13321  3309  5008
  3800  7042  5734  9116  5916 12754 10111  4190  3292  5539 10488  7080
 12937  9953  4696 13752  7172] [] 1716191069.3033277988
[ 1  1  1  1  1  1  1  1  1 -1  1  1  1  1  1  1  1 -1 -1  1  1  1  1  1
  1  1  1  1  1] [ 1  2  3 10 11 18 19 20 21 23 26 27 28 29 34 35 36 37 38 42 44 45 46 47
 51 52 53 54 61] [15125  7543  3534  4113  3045  3571  3513  5573 10045 13381  3190  4941
  3645  6126  5205  8906  5338 13033 10127  3740  3167  5343  9459  5748
 11055  9383  4220 13016  6883] [] 1716191069.3461794853
[-1  1  1  1  1 -1  1  1  1 -1 -1  1  1  1  1  1  1  1  1  1  1  1  1  1
  1 -1  1 -1  1  1  1] [ 1  2  3 10 11 15 18 19 20 21 23 26 27 28 29 34 35 36 37 38 42 44 45 46
 47 50 51 52 53 54 61] [15149  7506  3471  3944  2927 14375  3459  3467  5266 10194 13441  3151
  4878  3551  5818  4871  7712  5154 12880 10068  3451  3092  5158  7574
  5164 10163  9109  9392  4111  9917  6826] [] 1716191069.3892259598
[ 1  1  1  1  1  1  1  1  1  1  1  1 -1  1  1  1  1  1 -1  1  1  1  1  1
  1  1  1  1  1  1  1] [ 1  2  3 10 11 15 18 19 20 21 23 26 27 28 29 34 35 36 37 38 42 44 45 46
 47 50 51 52 53 54 61] [14835  7413  3175  3936  2716 14203  3431  3290  5243 10153 13346  3017
  4882  3398  5674  4363  7414  4773 13056 10058  3298  2968  4809  7570
  4617 10158  8288  9243  3866  9507  6614] [] 1716191069.4322550297
[ 1  1  1  1  1  1  1 -1  1  1 -1 -1  1  1  1  1  1  1  1  1  1  1  1  1
  1  1  1  1  1  1  1] [ 1  2  3 10 11 15 18 19 20 21 23 26 27 28 29 34 35 36 37 38 42 44 45 46
 47 50 51 52 53 54 61] [14722  6771  3092  3840  2661 14134  3071  3303  5118 10102 13427  3035
  4804  3285  5641  4210  6236  4702 12857  8763  3071  2869  4541  7507
  4199  9953  7825  8962  3664  7837  6398] [] 1716191069.4753763676
[-1 -1  1  1  1  1  1  1  1  1  1  1  1  1  1  1  1  1  1  1  1  1  1  1
  1  1 -1  1  1  1  1] [ 1  2  3 10 11 15 18 19 20 21 23 26 27 28 29 34 35 36 37 38 42 44 45 46
 47 50 51 52 53 54 61] [14774  6916  2890  3632  2619 13623  2933  3092  4897 10008 13289  3005
  4785  3197  5567  3951  5910  4530 12368  8513  2792  2716  4167  7261
  3918  8110  7999  8320  3453  7243  6222] [] 1716191069.5182478428
[ 1  1  1  1  1  1  1  1  1 -1  1  1  1  1  1  1  1  1  1  1  1  1  1  1
  1  1  1  1  1 -1  1] [ 1  2  3 10 11 15 18 19 20 21 23 26 27 28 29 34 35 36 37 38 42 44 45 46
 47 50 51 52 53 54 61] [14752  6684  2714  3552  2583 13199  2793  3006  4551 10144 13247  2905
  4635  2971  4713  3679  5696  4312 12250  8457  2682  2669  4093  6383
  3624  8012  7926  8231  3357  7273  6156] [] 1716191069.5613276958
[-1  1  1  1  1  1  1  1  1 -1 -1  1  1  1  1  1  1  1 -1 -1  1 -1  1  1
  1 -1 -1 -1  1  1  1] [ 1  2  3 10 11 15 18 19 20 21 23 26 27 28 29 34 35 36 37 38 42 44 45 46
 47 50 51 52 53 54 61] [14776  6401  2679  3552  2474 13005  2771  2987  4531 10264 13283  2855
  4542  2803  4618  3500  5394  4189 12288  8519  2638  2690  3971  6290
  3604  8188  7951  8307  3314  7211  6106] [] 1716191069.6042780876
[ 1  1  1 -1  1 -1  1  1  1  1 -1  1 -1  1  1  1 -1  1 -1 -1  1  1  1  1
  1  1  1 -1 -1  1  1] [ 1  2  3 10 11 15 18 19 20 21 23 26 27 28 29 34 35 36 37 38 42 44 45 46
 47 50 51 52 53 54 61] [14746  6401  2658  3560  2398 13337  2747  2972  4521 10264 13343  2836
  4623  2793  4586  3396  5521  4139 12353  8581  2585  2641  3967  6217
  3558  8128  7897  8329  3341  7090  6091] [] 1716191069.6473362446
[ 1  1  1  1  1  1  1  1  1  1  1  1  1  1 -1  1  1  1  1  1  1 -1  1  1
 -1 -1  1  1  1  1  1] [ 1  2  3 10 11 15 18 19 20 21 23 26 27 28 29 34 35 36 37 38 42 44 45 46
 47 50 51 52 53 54 61] [14600  6125  2645  3541  2375 13239  2733  2958  4497 10157 13242  2791
  4572  2748  4598  3379  5513  4107 12097  8575  2570  2657  3893  6209
  3581  8195  7893  8309  3292  6998  6085] [] 1716191069.6902799606
[-1  1 -1  1  1 -1  1  1 -1  1  1 -1  1  1  1  1  1  1  1  1  1 -1 -1  1
 -1 -1 -1 -1  1 -1 -1 -1] [ 1  2  3 10 11 12 15 18 19 20 21 23 26 27 28 29 34 35 36 37 38 42 44 45
 46 47 50 51 52 53 54 61] [14680  6076  2667  3524  2368 14320 13141  2724  2994  4452 10118 13281
  2788  4560  2714  4566  3363  5436  4093 12002  8505  2628  2666  3879
  7177  3674  8235  8001  8274  3308  7085  6121] [] 1716191069.7332935333
[-1 -1  1 -1 -1 -1 -1  1 -1 -1  1 -1 -1 -1 -1 -1 -1  1  1  1 -1 -1 -1 -1
 -1 -1  1  1 -1 -1 -1] [ 1  2  3 10 11 15 18 19 20 21 23 26 27 28 29 34 35 36 37 38 42 44 45 46
 47 50 51 52 53 54 61] [14843  6335  2646  3558  2419 13165  2725  2927  4469 10150 13173  2806
  4570  2765  4581  3451  5445  4093 11906  8504  2712  2668  3929  7187
  3978  9832  7872  8173  3380  9137  6205] [] 1716191069.7763049603
[-1  1 -1  1  1  1 -1 -1 -1  1 -1 -1  1 -1 -1 -1 -1 -1 -1 -1 -1 -1 -1 -1
 -1 -1 -1 -1 -1 -1 -1] [ 1  2  3 10 11 15 18 19 20 21 23 26 27 28 29 34 35 36 37 38 42 44 45 46
 47 50 51 52 53 54 61] [14898  6297  2672  3456  2401 12943  2791  2962  4488 10066 13275  2813
  4487  2815  4614  3666  5468  4204 11936  8579  3034  2811  4231  7362
  4668 10190  8050  8414  3646  9640  6545] [] 1716191069.8193001747
[ 1 -1 -1 -1 -1 -1 -1 -1 -1  1  1 -1 -1 -1 -1 -1 -1 -1 -1 -1  1 -1 -1 -1
 -1 -1 -1 -1 -1 -1] [ 1  2  3 10 11 15 18 19 20 21 23 26 27 28 29 34 35 36 37 38 42 44 45 46
 47 51 52 53 54 61] [14623  6611  3023  3528  2537 13135  2841  3013  4839 10054 13235  2929
  4726  3002  5513  3954  5536  4503 11964  8746  2960  2902  4309  7423
  5042  8095  8467  3713 12196  6591] [] 1716191069.8623576164
[ 1 -1 -1 -1 -1 -1 -1 -1 -1  1 -1  1 -1 -1 -1 -1  1  1 -1 -1 -1 -1 -1 -1
 -1 -1 -1 -1 -1 -1] [ 1  2  3 10 11 15 18 19 20 21 23 26 27 28 29 34 35 36 37 38 42 44 45 46
 47 51 52 53 54 61] [14592  6651  3055  3592  2565 13319  2895  3063  4912  9968 13280  2909
  4774  3040  5557  4031  5498  4499 11988 10064  3392  3012  4895  8417
  6584 10685  9355  4017 13220  6809] [] 1716191069.9053916931
[-1 -1 -1 -1 -1 -1 -1 -1 -1 -1  1 -1 -1 -1 -1 -1 -1 -1 -1  1 -1  1 -1  1
 -1 -1  1] [ 1  2  3 10 11 15 18 19 20 21 23 26 27 28 29 34 35 36 37 38 42 44 45 46
 47 52 53] [14612  6676  3359  3816  2685 14567  3223  3095  5264 10050 13196  3029
  4791  3169  5601  4341  6144  4607 12138 10017  3446  2995  4943  8035
 14805  9363  3888] [] 1716191069.9482824802
[ 1 -1 -1 -1 -1 -1 -1 -1  1  1 -1 -1 -1 -1 -1 -1 -1  1  1 -1 -1 -1 -1 -1
 -1] [ 1  2  3 10 11 18 19 20 21 23 26 27 28 29 34 35 36 37 38 42 44 45 46 52
 53] [14495  7747  3459  3876  2863  3489  3151  5361  9808 12982  3083  4891
  3297  6683  4834  6390  4842 11968  9977  3783  3150  5071  8422  9819
  4493] [] 1716191069.9912889004
[-1 -1 -1 -1 -1 -1 -1 -1  1  1 -1 -1 -1 -1 -1 -1 -1 -1  1 -1 -1 -1 -1 -1
 -1] [ 1  2  3 10 11 18 19 20 21 23 26 27 28 29 34 35 36 37 38 42 44 45 46 52
 53] [14498  7912  3667  4050  3080  3525  3203  5488  9719 12945  3166  4895
  3365  6727  5664  7356  5010 12134  9970  4095  3262  5203 14054 10581
  5021] [] 1716191070.0342650414
[-1  1 -1 -1 -1 -1 -1 -1  1  1 -1 -1 -1  1 -1 -1 -1 -1 -1 -1 -1 -1 -1 -1] [ 1  2  3 10 11 18 19 20 21 23 26 27 28 29 34 35 36 37 38 42 44 45 52 53] [14536  7745  3779  4292  3146  3639  3295  5494  9684 12922  3355  5182
  3563  6723  6242  8477  5335 12166  9987  4265  3429  5683 11069  5408] [] 1716191070.0773150921
[-1 -1 -1 -1 -1 -1 -1 -1  1 -1 -1 -1 -1 -1 -1 -1 -1 -1 -1 -1 -1 -1 -1 -1] [ 1  2  3 10 11 18 19 20 21 23 26 27 28 29 34 35 36 37 38 42 44 45 52 53] [14755  8077  3963  4873  3356  3801  3427  5885  9646 13034  3602  5918
  3759  6855  7213  8632  6082 12178 12354  4456  3753  5933 12341  6634] [] 1716191070.1202163696
[-1 -1 -1 -1 -1 -1 -1 -1 -1  1 -1 -1 -1 -1 -1 -1 -1 -1 -1 -1 -1 -1 -1] [ 1  2  3 10 11 18 19 20 21 23 26 27 28 29 34 35 36 37 42 44 45 52 53] [14762  8674  3967  5554  3523  3911  3497  6188  9880 12917  4131  5952
  4066  7024  7275  9037  6513 12388  4496  4026  5935 13063  7923] [] 1716191070.1633617878
[-1 -1  1 -1 -1 -1 -1 -1  1 -1 -1 -1 -1 -1 -1  1 -1 -1 -1  1 -1 -1] [ 1  2  3 10 11 18 19 20 21 23 26 27 28 29 34 35 36 37 42 44 45 53] [14938  9772  3959  6115  3834  4090  3608  6208  9731 12973  4533  6119
  4585  7444  7335  9015  6747 12428  6154  3966  6135 15886] [] 1716191070.2062656879
[ 1  1 -1 -1 -1 -1 -1 -1 -1 -1 -1 -1 -1 -1 -1 -1 -1  1 -1 -1 -1] [ 1  2  3 10 11 18 19 20 21 23 26 27 28 29 34 35 36 37 42 44 45] [14914  9717  4035  6369  4043  4327  3743  6510  9753 13005  5656  6371
  5177 10027  7595  9070  8331 12407  8343  4421  6265] [] 1716191070.2492036819
[-1 -1  1 -1 -1 -1 -1 -1  1  1 -1 -1 -1 -1 -1 -1 -1  1 -1 -1 -1] [ 1  2  3 10 11 18 19 20 21 23 26 27 28 29 34 35 36 37 42 44 45] [15422 16351  3946  6669  4144  4728  3835  6831  9693 12979  7715  6382
  5872 10034  7730  9306  8708 12382 10277  4780  6504] [] 1716191070.2922194004
[ 1 -1 -1 -1 -1 -1 -1 -1 -1 -1 -1 -1 -1 -1 -1 -1  1 -1 -1 -1] [ 1  3 10 11 18 19 20 21 23 26 27 28 29 34 35 36 37 42 44 45] [15336  3958  6748  4544  5612  3927  7321  9724 12990  7853  6482  6329
 10077  7798 10095  9177 12337 14695  5781  7859] [] 1716191070.3352422714
[-1 -1 -1 -1 -1 -1 -1 -1 -1 -1 -1 -1 -1 -1 -1 -1 -1 -1 -1] [ 1  3 10 11 18 19 20 21 23 26 27 28 29 34 35 36 37 44 45] [16344  4051  7236  5275  5757  4038  7559  9849 13042  7911  6567  6918
 10088  8889 13886  9931 13183  8554 11729] [] 1716191070.3782758713
[-1 -1 -1 -1 -1 -1  1 -1 -1 -1 -1  1  1 -1 -1 -1] [ 3 10 11 18 19 20 21 23 26 27 28 29 34 35 36 44] [ 4102  7963  5980  7340  4231  7597  9829 13045  8079  6763  8438  9964
  8762 14366 11309 11957] [] 1716191070.4212095737
[-1 -1 -1 -1 -1 -1 -1 -1 -1 -1 -1 -1 -1 -1 -1 -1] [ 3 10 11 18 19 20 21 23 26 27 28 29 34 35 36 44] [ 4111 10197  8615  7473  4419  7759  9991 13865  8305  7097 10367  9988
  9125 14680 12000 12932] [] 1716191070.4642443657
[-1 -1 -1 -1 -1 -1  1 -1 -1 -1  1 -1 -1] [ 3 10 11 18 19 20 21 26 27 28 29 34 36] [ 4240 11089  8653  7699  4771  8031  9951  8593  7233 10439  9959 11746
 12405] [] 1716191070.5072550774
[-1 -1 -1 -1 -1 -1 -1 -1 -1  1] [ 3 11 18 19 20 21 26 27 28 29] [ 4388  8714 10156  5335  8359 10111  8698  8091 10472  9938] [] 1716191070.5502021313
[-1 -1 -1 -1 -1 -1 -1 -1 -1 -1] [ 3 11 18 19 20 21 26 27 28 29] [ 4450  8788 10358  5752  8562 10163  9133  8094 10558 10034] [] 1716191070.5931699276
[-1  1 -1 -1 -1 -1  1  1 -1] [ 3 11 18 19 20 21 27 28 29] [ 5438  8622 10492  6436 10690 10446  7906 10453 10138] [] 1716191070.6361911297
[-1 -1 -1 -1 -1 -1 -1 -1 -1] [ 3 11 18 19 20 21 27 28 29] [ 5591  8827 10960  7217 10891 10549  8277 10676 10334] [] 1716191070.6791880131
[-1  1 -1 -1 -1 -1 -1 -1] [ 3 11 19 20 21 27 28 29] [ 8477  8820  8277 11343 10889  8343 10742 10508] [] 1716191070.7222931385
[-1 -1 -1 -1 -1 -1 -1 -1] [ 3 11 19 20 21 27 28 29] [ 8663  8896  9233 11724 11305  8677 10860 10756] [] 1716191070.7651944160
[-1 -1 -1 -1 -1 -1 -1] [ 3 11 19 20 27 28 29] [ 8879  8997  9352 12035  9024 10966 10821] [] 1716191070.8082370758
[-1 -1 -1 -1 -1 -1] [11 19 20 27 28 29] [ 9210 10026 12702 11113 11333 11857] [] 1716191070.8512446880
[-1 -1 -1 -1  1] [11 19 20 27 28] [ 9291 10063 13882 11391 11100] [] 1716191070.8941977024
[ 1 -1 -1] [11 19 28] [ 9176 15066 11190] [] 1716191070.9371595383
[-1 -1] [11 28] [ 9293 11284] [] 1716191070.9801180363
[-1 -1] [11 28] [ 9891 12031] [] 1716191071.0231299400
[-1 -1] [19 28] [10590 12096] [] 1716191071.0661647320
[-1] [11] [10918] [] 1716191071.1521999836
2 2 2 1716191071.1525475979
