FA TAX ADC PRES TS
[-1  1] [11 28] [10446 11007] [] 1716191500.4951140881
[-1 -1] [11 28] [10478 11023] [] 1716191500.5380656719
[ 1 -1] [11 28] [10454 11034] [] 1716191500.5812213421
[1 1] [11 28] [ 9920 10795] [] 1716191500.6238877773
[1 1] [11 28] [ 9715 10675] [] 1716191500.6668391228
[1 1] [11 28] [ 9575 10586] [] 1716191500.7098562717
[-1 -1 -1] [11 28 29] [ 9601 10614 12383] [] 1716191500.7528512478
[1 1 1] [11 28 29] [ 9498 10567 11699] [] 1716191500.7958605289
[-1 -1 -1  1] [11 21 28 29] [ 9592 12731 10727 11551] [] 1716191500.8388466835
[-1 -1  1 -1  1] [11 19 21 28 29] [ 9620 11943 11651 10923 11214] [] 1716191500.8818597794
[1 1 1 1 1] [11 19 21 28 29] [ 9357 10269 11148 10682 11105] [] 1716191500.9248433113
[-1  1  1  1  1] [11 19 21 28 29] [ 9370  9970 10983 10617 10915] [] 1716191500.9678778648
[ 1  1  1  1  1 -1] [11 19 21 28 29 44] [ 9170  9735 10719 10605 10772 14259] [] 1716191501.0108661652
[1 1 1 1 1 1] [11 19 21 28 29 44] [ 8971  9423 10467 10395 10544 13101] [] 1716191501.0539615154
[ 1  1  1 -1 -1  1] [11 19 21 28 29 44] [ 8879  9385 10410 10470 10553 12835] [] 1716191501.0968995094
[ 1  1 -1  1  1  1] [11 19 21 28 29 44] [ 8755  9176 10428 10314 10299 12778] [] 1716191501.1398453712
[ 1  1  1 -1 -1  1 -1  1] [11 19 21 27 28 29 36 44] [ 8743  7550 10275 14290 10508 10189 14099 12689] [] 1716191501.1828429699
[ 1  1  1  1 -1  1  1 -1] [11 19 21 27 28 29 36 44] [ 8723  7290 10252 13041 10582 10092 14087 12730] [] 1716191501.2258474827
[-1 -1  1 -1  1 -1 -1 -1  1  1] [ 3 11 19 21 27 28 29 34 36 44] [10200  8853  7143 10257 12702 10687 10167 13364 13785 12645] [] 1716191501.2688562870
[ 1 -1  1  1 -1  1 -1 -1  1  1 -1] [ 3 11 19 21 26 27 28 29 34 36 44] [ 7755  8991  6592 10206 13554 12690 10741 10237  9395 13546 12713] [] 1716191501.3119130135
[ 1  1  1 -1  1  1 -1  1  1  1  1] [ 3 11 19 21 26 27 28 29 34 36 44] [ 7664  8953  6291 10231 13229 12523 10746  8569  9386 13181 12660] [] 1716191501.3548791409
[ 1  1  1 -1  1  1  1  1  1  1  1] [ 3 11 19 21 26 27 28 29 34 36 44] [ 5735  8880  6020 10232 11841 12466 10730  8478  9380 12983 12399] [] 1716191501.3978617191
[ 1  1  1  1  1  1  1  1  1 -1 -1 -1] [ 3 11 19 21 26 27 28 29 34 36 44 45] [ 5469  8721  5393  9999 11223 12303 10457  8301  9007 13346 12407 10372] [] 1716191501.4408123493
[ 1  1  1  1  1 -1 -1 -1  1  1 -1  1  1] [ 3 11 19 21 26 27 28 29 34 36 37 44 45] [ 5311  8673  5065  9896 11075 12350 10490  8366  8975 12764 16330 12357
  8360] [] 1716191501.4839003086
[1 1 1 1 1 1 1 1 1 1 1 1 1] [ 3 11 19 21 26 27 28 29 34 36 37 44 45] [ 5119  8580  4887  9689 10845 12277 10393  8358  8848 12128 13279 12301
  8059] [] 1716191501.5269231796
[ 1  1  1  1  1 -1  1  1  1  1  1 -1  1] [ 3 11 19 21 26 27 28 29 34 36 37 44 45] [ 5055  8558  4654  9651 10732 12422 10271  8260  8716 11681 12769 12465
  7551] [] 1716191501.5698616505
[ 1  1  1 -1  1 -1  1  1  1  1  1  1 -1 -1] [ 3 11 19 21 26 27 28 29 34 36 37 44 45 53] [ 4898  8479  4226  9730 10323 12736 10229  8156  7567 10141 12647 12407
  7700 14035] [] 1716191501.6128690243
[ 1  1  1 -1  1 -1  1 -1 -1 -1 -1  1 -1 -1  1] [ 3 11 19 20 21 26 27 28 29 34 36 37 44 45 53] [ 4263  8459  4163 15293  9683 10328 12668 10264  8196  7654 10153 12609
 12468  7762 11337] [] 1716191501.6559293270
[ 1 -1 -1  1  1  1  1  1 -1  1  1  1 -1  1  1  1] [ 3 10 11 19 20 21 26 27 28 29 34 36 37 44 45 53] [ 4070 15180  8465  4083 14574  9666  8582 12530 10292  8109  6285  9474
 12698 12390  6585 11018] [] 1716191501.6989140511
[ 1  1 -1  1  1 -1  1 -1 -1  1  1  1 -1 -1 -1  1 -1 -1] [ 3 10 11 19 20 21 26 27 28 29 34 36 37 44 45 53 54 61] [ 4046 10575  8473  4038 13734  9704  8417 12601 10338  8065  6049  7746
 12777 12454  6916  7956 13185  8352] [] 1716191501.7419064045
[ 1  1  1  1  1  1  1  1  1 -1  1  1 -1 -1 -1 -1 -1  1  1] [ 3 10 11 19 20 21 26 27 28 29 34 36 37 43 44 45 53 54 61] [ 4011  9780  8427  3933 12930  9676  8217 12255 10271  8117  5914  7202
 12877 12893 12586  6972  8048 12262  7977] [] 1716191501.7848687172
[ 1  1 -1  1  1  1  1  1  1 -1  1  1 -1 -1  1  1  1 -1  1  1] [ 3 10 11 19 20 21 26 27 28 29 34 36 37 42 43 44 45 53 54 61] [ 3978  8309  8477  3852 12346  9593  8132 12168 10257  8208  5875  6608
 13233 13778 12367 12407  6770  8096 11880  7780] [] 1716191501.8279142380
[-1 -1  1  1  1  1  1  1 -1  1  1  1  1  1  1 -1  1  1  1  1  1] [ 1  3 10 11 19 20 21 26 27 28 29 34 36 37 42 43 44 45 53 54 61] [16182  3989  7951  8389  3774 11786  9543  8071 12201 10143  8131  5459
  6286 12614 12233 12525  8655  6679  7725 11763  7223] [] 1716191501.8709206581
[ 1  1  1  1  1  1 -1 -1  1  1 -1 -1  1 -1  1  1  1  1  1  1 -1  1  1 -1] [ 1  3 10 11 19 20 21 23 26 27 28 29 34 35 36 37 42 43 44 45 47 53 54 61] [15714  3891  7715  8163  3671 11557  9644 15871  7784 12051 10149  8147
  5050 13150  6051 11816 12117 12351  7834  6649 11966  7641  9620  7238] [] 1716191501.9139440060
[ 1  1  1  1  1  1 -1  1  1 -1 -1  1  1 -1  1 -1  1 -1  1  1  1  1  1  1] [ 1  3 10 11 19 20 21 23 26 27 28 29 34 35 36 37 42 43 44 45 47 53 54 61] [15512  3887  7645  6469  3595 11358  9869 15421  7656 12130 10227  8003
  4959 13163  5788 12263 12052 12427  7424  6596  9381  7485  9301  7103] [] 1716191501.9568519592
[ 1  1  1  1 -1 -1  1  1 -1  1  1  1 -1  1  1  1  1 -1  1  1  1 -1  1 -1
  1 -1  1] [ 1  3 10 11 18 19 20 21 23 26 27 28 29 34 35 36 37 42 43 44 45 46 47 50
 53 54 61] [15429  3886  7597  6331 10699  3623 11314  9810 15511  7637 12077 10199
  8094  4898 12978  5425 10087 12107 12279  6080  6577 11305  7967 14490
  6656  9374  6953] [] 1716191501.9999613762
[ 1  1  1  1  1  1  1 -1  1  1 -1  1  1  1 -1  1  1  1 -1  1 -1  1  1 -1
  1  1  1] [ 1  3 10 11 18 19 20 21 23 26 27 28 29 34 35 36 37 42 43 44 45 46 47 50
 53 54 61] [15126  3762  7385  5892 10373  3562 11117  9874 13919  7585 12122 10128
  5239  4777 13147  4948  9272 12043 12285  5632  6645 11128  7777 14895
  6317  9317  6787] [] 1716191502.0429768562
[ 1  1  1  1  1  1  1  1  1  1  1 -1  1  1  1  1  1  1  1  1  1  1  1  1
  1  1  1] [ 1  3 10 11 18 19 20 21 23 26 27 28 29 34 35 36 37 42 43 44 45 46 47 50
 53 54 61] [14752  3595  7381  4935 10286  3414 11023  9768 13743  7486 11933 10166
  5043  4761  9653  4772  9182 11983 12237  5312  6613  9429  6979 14497
  6108  9255  6733] [] 1716191502.0859203339
[-1  1  1  1  1 -1  1 -1 -1  1 -1  1  1  1 -1  1 -1  1  1  1  1  1  1 -1
 -1  1  1  1] [ 1  3 10 11 18 19 20 21 23 26 27 28 29 34 35 36 37 42 43 44 45 46 47 50
 52 53 54 61] [14984  3574  7094  4675 10184  3417  8674  9873 14637  7430 11957 10137
  4959  4707  9710  4496  9205 11883 12219  5080  6510  8861  6068 15046
 13417  5762  8965  6572] [] 1716191502.1288850307
[ 1  1 -1  1  1  1  1 -1  1  1  1  1  1  1 -1  1  1  1 -1  1  1  1  1  1
 -1  1  1  1  1] [ 1  3 10 11 18 19 20 21 23 26 27 28 29 34 35 36 37 42 43 44 45 46 47 50
 51 52 53 54 61] [14635  3287  7167  4189  9893  3324  8618  9938 13671  6448  9583 10052
  4621  4375 10348  4267  8667 11839 12399  4968  6331  8433  5160 14704
 11904 12628  5722  8925  6500] [] 1716191502.1719636917
[ 1 -1  1  1  1  1  1  1 -1  1 -1  1 -1  1  1  1  1  1  1  1  1  1  1 -1
 -1  1  1  1 -1 -1  1] [ 1  2  3 10 11 18 19 20 21 23 26 27 28 29 34 35 36 37 42 43 44 45 46 47
 50 51 52 53 54 55 61] [14424 10653  3105  6735  3827  7481  3302  8263 10072 13559  6472  9267
 10157  4495  4295 10167  4149  8367 11814 12207  4436  6227  8175  5209
 15263 11656 12468  5449  8996 12719  6480] [] 1716191502.2151949406
[-1  1  1  1  1  1  1  1  1  1  1 -1  1  1  1  1  1  1 -1  1  1  1  1  1
  1  1  1  1  1  1  1] [ 1  2  3 10 11 18 19 20 21 23 26 27 28 29 34 35 36 37 42 43 44 45 46 47
 50 51 52 53 54 55 61] [14440 10499  3017  6391  3597  7426  3287  8135  9924 13535  5919  9535
 10154  4437  4200 10052  4017  8165 11916  9841  4330  5599  7231  4889
 15199  8614 11796  5328  8956  7735  6415] [] 1716191502.2581436634
[ 1 -1  1 -1  1  1 -1  1  1  1  1 -1  1  1 -1  1  1  1  1  1  1  1  1  1
  1  1 -1  1  1  1  1  1  1] [ 1  2  3  4 10 11 12 18 19 20 21 23 26 27 28 29 34 35 36 37 42 43 44 45
 46 47 50 51 52 53 54 55 61] [14400 10834  2883 12111  5871  3475 15191  7327  3232  7523  9861 13711
  5378  8857 10181  4359  4131  9762  3803  8008 11911  9483  4072  5459
  7074  4582 15223  8332 11564  5254  8955  7122  6333] [] 1716191502.3011276722
[-1  1  1 -1  1  1  1  1  1  1 -1  1  1  1  1  1  1  1  1  1 -1 -1  1  1
  1  1  1 -1  1 -1  1  1  1  1] [ 1  2  3  4 10 11 12 18 19 20 21 23 26 27 28 29 34 35 36 37 41 42 43 44
 45 46 47 50 51 52 53 54 55 61] [14420 10763  2769 12521  5503  3327 14743  7176  3200  7403  9895 13415
  5052  7888 10130  4279  4063  8845  3731  8007 16196 11971  9473  4036
  5103  6406  4480 15279  8232 11991  5088  8612  6852  6208] [] 1716191502.3440890312
[ 1 -1  1 -1 -1 -1  1  1  1  1  1 -1 -1  1  1 -1 -1  1 -1  1  1  1  1  1
  1  1  1  1 -1  1  1  1  1  1  1] [ 1  2  3  4  7 10 11 12 18 19 20 21 23 26 27 28 29 34 35 36 37 41 42 43
 44 45 46 47 50 51 52 53 54 55 61] [14318 10783  2714 12822 12826  5692  3241 11955  6441  3162  7310  9953
 13583  4836  7721 10189  4294  3916  9042  3419  7766 16051 11939  9453
  3872  4861  6197  4378 15293  8068 11673  4785  8473  5986  6092] [] 1716191502.3871595860
[-1  1  1 -1  1  1  1  1  1  1 -1 -1 -1  1  1 -1  1  1  1  1  1 -1  1  1
  1  1  1  1  1  1  1  1  1  1  1  1] [ 1  2  3  4  7 10 11 12 18 19 20 21 23 26 27 28 29 34 35 36 37 38 41 42
 43 44 45 46 47 50 51 52 53 54 55 61] [14384 10667  2635 13142 12199  5528  3182 11387  6374  3151  7618 10012
 13659  4694  7705 10287  4287  3745  8741  3350  7708 14367 15225 10861
  9317  3754  4657  5491  4044  9648  7972 10591  4528  7917  4942  5983] [] 1716191502.4302165508
[-1  1  1  1  1  1  1  1 -1  1  1  1  1  1  1 -1  1  1  1  1  1 -1  1  1
 -1 -1 -1  1  1  1  1 -1  1  1  1  1  1] [ 1  2  3  4  7 10 11 12 15 18 19 20 21 23 26 27 28 29 34 35 36 37 38 41
 42 43 44 45 46 47 50 51 52 53 54 55 61] [14434 10611  2563 12925 11916  5064  3075 11103 15627  5133  3094  7020
  9960 13485  4573  7772 10222  4275  3642  7850  3204  7871 13931 15217
 11435  9318  3780  4174  5311  3970  9074  8010  8870  4173  7604  4568
  5936] [] 1716191502.4731650352
[-1  1  1  1 -1  1  1  1  1  1  1  1 -1 -1  1  1  1  1  1  1  1  1  1  1
 -1  1  1  1  1  1 -1  1  1  1  1  1 -1] [ 1  2  3  4  7 10 11 12 15 18 19 20 21 23 26 27 28 29 34 35 36 37 38 41
 42 43 44 45 46 47 50 51 52 53 54 55 61] [14456  9983  2507 12745 12000  4932  3071 10898 15423  5045  3085  6667
 10048 13549  4387  7716  9932  4111  3590  7699  3137  7707 13729 14995
 11507  9270  3658  3975  5215  3772  9209  7868  8314  4122  7377  4312
  5943] [] 1716191502.5161645412
[ 1  1  1 -1  1  1  1  1  1  1  1  1 -1  1  1  1  1  1  1  1  1  1 -1  1
  1 -1  1  1  1  1  1  1  1  1 -1  1  1] [ 1  2  3  4  7 10 11 12 15 18 19 20 21 23 26 27 28 29 34 35 36 37 38 41
 42 43 44 45 46 47 50 51 52 53 54 55 61] [14411  9847  2474 13117 11944  4864  2951  9597 14909  4982  3079  6528
 10088 13547  4247  7712  8139  3912  3501  7404  3047  7662 13851 14927
 10703  9343  3538  3615  5181  3524  8925  7835  7878  3924  7435  3856
  5874] [] 1716191502.5591998100
[ 1 -1  1 -1  1  1  1  1  1  1  1  1  1  1  1  1  1  1  1  1  1 -1  1  1
  1  1  1  1  1  1  1 -1  1  1  1  1  1] [ 1  2  3  4  7 10 11 12 15 18 19 20 21 23 26 27 28 29 34 35 36 37 38 41
 42 43 44 45 46 47 50 51 52 53 54 55 61] [14371  9887  2391 13354 11000  4624  2907  8431 14651  4893  3022  6132
 10048 13543  4011  7515  7266  3870  3347  7282  2846  8132 13574 12045
  8623  9259  3428  3567  5086  3421  8841  7866  7233  3872  7380  3730
  5768] [] 1716191502.6021189690
[-1 -1  1  1  1  1  1  1 -1  1  1  1  1  1  1  1  1  1  1 -1  1  1  1  1
 -1  1  1  1 -1  1 -1 -1  1 -1  1  1 -1] [ 1  2  3  4  7 10 11 12 15 18 19 20 21 23 26 27 28 29 34 35 36 37 38 41
 42 43 44 45 46 47 50 51 52 53 54 55 61] [14458 10137  2359 13251 10916  4468  2847  8066 14731  4869  2979  6089
 10016 13525  4001  7332  6884  3859  3279  7325  2800  7494 13503 11398
  8675  9098  3400  3531  5116  3388  8859  7909  6984  3880  7129  3692
  5777] [] 1716191502.6452476978
[ 1  1  1 -1 -1  1  1  1  1  1  1  1 -1  1  1  1  1  1 -1 -1  1  1  1  1
  1  1  1  1  1 -1  1  1  1  1  1 -1  1] [ 1  2  3  4  7 10 11 12 15 18 19 20 21 23 26 27 28 29 34 35 36 37 38 41
 42 43 44 45 46 47 50 51 52 53 54 55 61] [14316 10116  2345 13270 10935  4441  2805  8003 14719  4859  2954  5630
 10052 13435  3945  7256  6774  3857  3287  7346  2776  7251 13501 11012
  8617  8995  3376  3470  5049  3440  8851  7590  6929  3850  7080  3734
  5756] [] 1716191502.6881411076
[ 1 -1  1 -1  1  1  1  1  1 -1  1  1  1 -1  1  1  1  1  1  1  1  1  1  1
 -1  1  1  1  1  1  1  1  1  1  1  1  1] [ 1  2  3  4  7 10 11 12 15 18 19 20 21 23 26 27 28 29 34 35 36 37 38 41
 42 43 44 45 46 47 50 51 52 53 54 55 61] [14206 10132  2332 13494 10891  4357  2783  7902 14645  4863  2948  5272
 10000 13558  3877  6554  6764  3836  3223  7209  2722  7161 13415 10848
  8629  8919  3352  3455  5038  3377  8809  7418  6870  3800  6973  3734
  5741] [] 1716191502.7311601639
[-1 -1 -1  1 -1  1 -1 -1  1  1  1  1  1 -1  1  1  1  1  1 -1 -1  1 -1  1
 -1 -1 -1 -1 -1 -1 -1 -1 -1 -1 -1 -1 -1] [ 1  2  3  4  7 10 11 12 15 18 19 20 21 23 26 27 28 29 34 35 36 37 38 41
 42 43 44 45 46 47 50 51 52 53 54 55 61] [14213 10266  2336 13425 10899  4328  2787  7977 14639  4847  2941  5214
  9912 13559  3803  6368  6763  3830  3204  7210  2735  7071 13425 10637
 10580  8977  3354  3468  5050  3423  8869  7474  7122  3844  7087  3812
  5758] [] 1716191502.7741453648
[-1  1  1 -1 -1 -1  1  1  1 -1 -1 -1  1 -1 -1 -1 -1 -1  1  1  1 -1  1 -1
  1  1 -1 -1 -1 -1  1 -1 -1 -1 -1 -1 -1] [ 1  2  3  4  7 10 11 12 15 18 19 20 21 23 26 27 28 29 34 35 36 37 38 41
 42 43 44 45 46 47 50 51 52 53 54 55 61] [14226 10107  2335 13468 10941  4364  2782  7955 14507  4853  2942  5993
  9641 13563  3927  7266  6798  3831  3201  7150  2708  7159 13332 12539
 10503  8947  3384  3507  5084  3511  8843  7765  7572  3885  7295  4061
  5842] [] 1716191502.8171627522
[ 1  1 -1  1  1 -1 -1 -1 -1  1 -1  1  1  1 -1 -1 -1  1 -1 -1 -1  1 -1  1
  1  1 -1 -1 -1 -1 -1 -1 -1 -1 -1 -1  1] [ 1  2  3  4  7 10 11 12 15 18 19 20 21 23 26 27 28 29 34 35 36 37 38 41
 42 43 44 45 46 47 50 51 52 53 54 55 61] [14202  9779  2398 13305 10891  4437  2821  7978 14583  4821  2991  5933
  9592 13423  4015  7306  7029  3819  3247  7172  2802  7063 13786 12044
 10427  8735  3488  3663  5207  3731 14571  7834  9022  3962  7461  4672
  5829] [] 1716191502.8601832390
[ 1 -1 -1  1 -1 -1 -1 -1 -1 -1  1 -1  1 -1 -1 -1 -1 -1 -1 -1 -1 -1 -1 -1
 -1 -1 -1 -1 -1 -1 -1 -1 -1 -1 -1 -1 -1] [ 1  2  3  4  7 10 11 12 15 18 19 20 21 23 26 27 28 29 34 35 36 37 38 41
 42 43 44 45 46 47 50 51 52 53 54 55 61] [14152  9909  2453 12927 10931  4546  2906  9240 14615  5390  2953  5957
  9424 13495  4117  7494  8645  3839  3342  7270  2919  7068 13827 12094
 10616  8833  3592  3786  5281  3856 14631  7919  9455  3994  7636  5548
  5892] [] 1716191502.9031429291
[-1 -1 -1  1 -1 -1 -1 -1 -1 -1 -1 -1 -1  1 -1  1 -1 -1 -1 -1 -1 -1 -1 -1
 -1 -1 -1 -1 -1 -1 -1 -1 -1 -1 -1 -1] [ 1  2  3  4  7 10 11 12 15 18 19 20 21 23 26 27 28 29 34 35 36 37 41 42
 43 44 45 46 47 50 51 52 53 54 55 61] [14157 10001  2476 12786 11590  4715  3019 10222 14875  5461  2993  6094
  9910 13411  4207  7481 10264  3849  3415  7819  3000  7263 15224 10663
  8869  3650  4207  5455  3931 14639  7972  9666  4048  7675  6109  5899] [] 1716191502.9460232258
[ 1  1 -1  1  1 -1  1 -1 -1 -1 -1 -1 -1  1 -1 -1  1 -1 -1 -1 -1  1 -1 -1
 -1 -1 -1 -1 -1 -1 -1 -1 -1 -1 -1] [ 1  2  3  4  7 10 11 12 15 18 19 20 21 23 26 27 28 29 34 35 36 37 42 43
 44 45 46 47 50 51 52 53 54 55 61] [14076  9957  2501 12653 11537  4850  2989 10667 15091  6132  3011  6597
  9956 13359  4279  7581 10174  3887  3471  7889  3026  7162 11167  8895
  3813  4787  6831  4208 14903  7991 11225  4315  8177  7112  6012] [] 1716191502.9891273975
[ 1 -1 -1  1 -1 -1 -1 -1 -1 -1 -1  1  1 -1 -1 -1 -1 -1 -1 -1 -1 -1 -1 -1
 -1 -1  1 -1  1 -1  1 -1 -1 -1] [ 1  2  3  4  7 10 11 12 15 18 19 20 21 23 26 27 28 29 34 35 36 37 42 43
 44 45 46 47 50 51 52 53 54 61] [14019 10567  2625 11821 11636  5226  3199 11478 16303  6964  3043  6482
  9889 13431  4867  7612 10250  3903  3791  7894  3202  7644 11885  9293
  4284  5230  6826  4354 14625  8177 10829  4464  8284  6022] [] 1716191503.0321083069
[-1  1 -1  1 -1  1 -1 -1 -1 -1 -1  1  1 -1  1  1 -1  1  1 -1  1 -1  1 -1
 -1 -1 -1 -1 -1 -1 -1 -1 -1] [ 1  2  3  4  7 10 11 12 18 19 20 21 23 26 27 28 29 34 35 36 37 42 43 44
 45 46 47 50 51 52 53 54 61] [14069 10563  2747 11060 11668  4885  3318 13892  7010  3114  6917  9792
 13351  5167  7508 10070  4191  3755  7232  3455  7453 11987  9235  4304
  5651  6918  4544 14715 11482 11236  4642  8372  6093] [] 1716191503.0751602650
[-1  1 -1  1 -1 -1 -1 -1  1 -1  1  1 -1 -1  1 -1 -1  1 -1 -1 -1 -1 -1 -1
 -1 -1  1 -1 -1 -1 -1 -1] [ 1  2  3  4 10 11 12 18 19 20 21 23 26 27 28 29 34 35 36 37 42 43 44 45
 46 47 50 51 52 53 54 61] [14344 10451  2798 10803  5183  3440 14803  7068  3081  6961  9792 13239
  6337  7544 10060  4195  3914  7161  3590  7574 12071  9326  4512  6074
  7802  4942 14599 11601 11668  4906  8625  6293] [] 1716191503.1181766987
[ 1  1 -1 -1 -1 -1 -1 -1 -1 -1  1 -1 -1  1  1 -1 -1 -1 -1  1  1 -1 -1 -1
 -1 -1 -1 -1 -1 -1 -1 -1] [ 1  2  3  4 10 11 12 18 19 20 21 23 26 27 28 29 34 35 36 37 42 43 44 45
 46 47 50 51 52 53 54 61] [14190 10431  3099 11221  5617  3849 15695  7114  3102  7548  9761 13311
  7246  7458  9899  4221  3986  8747  3691  7499 12011 11110  4744  6260
  7998  6160 15169 15002 12568  5512  9070  6562] [] 1716191503.1611030102
[-1 -1 -1  1 -1 -1 -1 -1 -1  1 -1 -1 -1  1 -1 -1 -1 -1 -1 -1  1 -1 -1 -1
 -1 -1 -1 -1 -1 -1] [ 1  2  3  4 10 11 18 19 20 21 23 26 27 28 29 34 35 36 37 42 43 44 45 46
 47 50 52 53 54 61] [14298 15947  3385 10734  6490  4279  7300  3155  7744  9687 13447  7293
  8061  9848  4331  4281  8847  3926  7682 12213 11067  4932  6474  8230
  6861 15437 13640  5934  9195  6725] [] 1716191503.2041261196
[ 1 -1 -1 -1 -1 -1 -1 -1  1  1 -1 -1 -1 -1 -1 -1 -1 -1 -1 -1 -1  1 -1 -1
  1 -1 -1 -1] [ 1  3  4 10 11 18 19 20 21 23 26 27 28 29 34 35 36 37 42 43 44 45 46 47
 50 53 54 61] [14228  3587 11091  6871  4603  9804  3224  8064  9684 13429  7359  8240
  9888  4572  4356  8974  4027  8135 12356 11113  4978  6463  8461  7742
 14177  6540  9285  6792] [] 1716191503.2470858097
[ 1 -1  1  1 -1 -1 -1 -1  1 -1 -1 -1  1  1 -1 -1 -1 -1  1 -1 -1  1 -1 -1
  1] [ 1  3  4 10 11 18 19 20 21 23 26 27 28 29 34 35 36 37 42 43 44 45 53 54
 61] [14092  3697 11083  6857  5780  9915  3262  8084  9623 13471  7423  9460
  9835  4570  4455  9252  4103  8200 12223 12151  5486  6398  6700 11427
  6736] [] 1716191503.2901065350
[-1 -1 -1 -1 -1 -1 -1  1  1 -1 -1  1 -1 -1  1 -1 -1 -1 -1 -1 -1 -1 -1 -1] [ 1  3 10 11 18 19 20 21 23 26 27 28 29 34 35 36 37 42 43 44 45 53 54 61] [14267  3723  6883  6299 10313  3322 10372  9513 13159  7585 10548  9821
  4847  4738  9132  4475  8205 12316 12183  5568  6414  6813 11591  6833] [] 1716191503.3330798149
[ 1 -1 -1 -1 -1 -1 -1 -1  1 -1 -1 -1 -1 -1 -1 -1 -1 -1 -1 -1 -1 -1 -1 -1] [ 1  3 10 11 18 19 20 21 23 26 27 28 29 34 35 36 37 42 43 44 45 53 54 61] [14246  3879  6993  7285 10441  3379 10531  9589 13151  7620 11622  9867
  5947  4788  9416  4623  8447 13063 12235  6272  6595  7454 11840  7151] [] 1716191503.3760671616
[-1  1 -1 -1 -1 -1  1 -1 -1 -1 -1 -1 -1 -1 -1 -1 -1 -1 -1 -1 -1 -1 -1] [ 1  3 10 11 19 20 21 23 26 27 28 29 34 35 36 37 42 43 44 45 53 54 61] [14689  3848  7404  7334  3411 10536  9543 13181  7624 11643  9885  7925
  5014  9590  4951  8584 14713 12347  8885  6797  7717 12024  7353] [] 1716191503.4191455841
[-1 -1 -1 -1 -1 -1 -1 -1 -1 -1 -1  1 -1 -1 -1 -1  1 -1  1 -1 -1] [ 1  3 10 11 19 20 21 23 26 27 28 29 34 35 36 37 43 44 45 53 61] [14780  3909  7513  7362  3515 10927  9555 13309  7834 11712  9906  7914
  5185 12805  5363  9395 11980  9886  6685  7966  7614] [] 1716191503.4620354176
[ 1  1 -1 -1 -1 -1  1  1 -1  1  1  1 -1 -1 -1  1  1  1 -1] [ 1  3 10 11 19 20 21 23 26 27 28 29 34 36 37 43 44 45 53] [14768  3843  7620  7371  3626 11403  9425 12859  7921 11442  9807  7833
  5448  5895 11529 11950  9748  6618  9026] [] 1716191503.5050883293
[-1 -1 -1 -1 -1 -1 -1  1 -1 -1 -1 -1 -1 -1 -1 -1 -1 -1  1] [ 1  3 10 11 19 20 21 23 26 27 28 29 34 36 37 43 44 45 53] [14842  3894  7728  8321  3719 11820  9432 12827  8073 11556  9830  7858
  6429  6155 12653 12343 10142  7669  8716] [] 1716191503.5480895042
[-1 -1 -1 -1 -1 -1 -1 -1 -1  1 -1 -1 -1 -1 -1  1 -1 -1  1] [ 1  3 10 11 19 20 21 23 26 27 28 29 34 36 37 43 44 45 53] [15494  4027  8009  8336  3871 12513  9457 13275  8304 11552  9900  7979
  6857  7324 13415 12265 12109  8195  8533] [] 1716191503.5910911560
[-1 -1 -1 -1 -1 -1 -1 -1 -1  1 -1 -1 -1  1  1 -1  1 -1] [ 3 10 11 19 20 21 23 26 27 28 29 34 36 37 43 44 45 53] [ 4821  9126  8401  3939 13630  9523 13808 10057 11833  9885  8043  7716
 10235 12984 12150 12217  7926 10595] [] 1716191503.6340966225
[-1 -1  1 -1 -1 -1 -1 -1  1 -1 -1  1  1 -1  1  1  1] [ 3 10 11 19 20 21 23 26 27 28 29 34 36 37 43 44 45] [ 4856  9404  8397  4056 13750  9576 15475 10213 11801 10097  8117  7622
  9855 13341 11947 12205  7517] [] 1716191503.6770207882
[-1 -1 -1 -1 -1  1 -1  1  1 -1 -1 -1  1  1 -1] [ 3 10 11 19 20 21 26 27 28 29 34 36 37 44 45] [ 4995 12909  8407  4252 14946  9535 10320 11777  9950  8139  7697 10406
 13055 12031  7589] [] 1716191503.7201206684
[-1  1 -1  1  1  1 -1  1  1  1  1 -1] [ 3 11 19 21 26 27 28 29 34 36 44 45] [ 5029  8361  4655  9509 10273 11733 10035  8049  7645 10242 11963  8206] [] 1716191503.7630393505
[-1 -1  1 -1 -1  1  1 -1 -1  1  1] [ 3 11 19 21 26 27 28 29 34 36 44] [ 5050  8394  4575  9629 10624 11537 10031  8250  8624 10187 11516] [] 1716191503.8061022758
[-1 -1 -1 -1 -1 -1  1 -1  1 -1 -1  1] [ 3 10 11 19 21 26 27 28 29 34 36 44] [ 5159 15097  8477  5267  9664 10838  8787 10188  8161  8862 11126  8582] [] 1716191503.8490619659
[-1  1  1 -1  1 -1 -1  1 -1  1] [ 3 10 11 19 21 27 28 29 34 44] [ 7016 14062  8435  6240  9621 11691 10491  8159 11227  8511] [] 1716191503.8920638561
[-1 -1 -1 -1 -1 -1  1 -1] [10 11 19 21 27 28 29 44] [15640  8485  8691  9774 12059 10603  8143 10139] [] 1716191503.9350204468
[ 1 -1 -1 -1  1 -1 -1] [11 19 21 27 28 29 44] [ 8451  8919  9864 12304 10600  8164 11892] [] 1716191503.9780881405
[-1 -1 -1 -1 -1 -1  1] [11 19 21 27 28 29 44] [ 8558  9161 10070 13279 10924  8346 11804] [] 1716191504.0209126472
[-1 -1 -1 -1 -1 -1 -1] [11 19 21 27 28 29 44] [ 8826  9345 10370 15040 11253  8490 12707] [] 1716191504.0638027191
[-1 -1 -1  1 -1 -1] [11 19 21 27 28 29] [ 8959  9672 10633 14223 11587  8820] [] 1716191504.1067690849
[-1  1 -1  1 -1] [11 19 21 28 29] [ 9058  9626 10657 11572 10195] [] 1716191504.1497819424
[ 1 -1 -1  1] [11 19 21 29] [ 8995 15060 10703 10090] [] 1716191504.1927397251
[-1 -1 -1] [11 21 29] [ 9598 11021 10377] [] 1716191504.2357497215
[ 1 -1] [21 29] [10983 10553] [] 1716191504.2787330151
[-1] [29] [10960] [] 1716191504.3217537403
[-1] [44] [13370] [] 1716191504.4628825188
2 2 2 1716191504.4631741047
