FA TAX ADC PRES TS
[1] [11] [10159] [] 1716190671.1444668770
[1] [11] [10087] [] 1716190671.1873965263
[1] [11] [10077] [] 1716190671.2304334641
[1] [11] [9589] [] 1716190671.2734663486
[1] [11] [9337] [] 1716190671.3164508343
[1] [11] [8782] [] 1716190671.3594079018
[-1 -1 -1] [ 3 11 28] [ 8356  9185 11587] [] 1716190671.4024605751
[ 1 -1 -1  1] [ 3 11 19 28] [ 8335  9337 10210 11375] [] 1716190671.4453442097
[-1  1 -1  1 -1 -1] [ 2  3 11 19 20 28] [16014  6587  9428 10181 15899 11528] [] 1716190671.4883172512
[ 1 -1 -1 -1  1 -1 -1] [ 2  3 11 19 20 27 28] [14783  6635  9449 10209 14322 11435 11675] [] 1716190671.5315074921
[1 1 1 1 1 1 1] [ 2  3 11 19 20 27 28] [14498  6211  9341  9981 13506 11123 11579] [] 1716190671.5744764805
[ 1  1  1  1  1 -1  1 -1] [ 2  3 11 19 20 27 28 29] [13762  6132  9230  9945 12729 11136 11471 12056] [] 1716190671.6175088882
[-1  1  1  1  1 -1  1 -1  1] [ 2  3 11 19 20 21 27 28 29] [14006  5270  9191  8886 12090 12418  9426 11739 11559] [] 1716190671.6604175568
[-1  1  1  1  1  1  1  1  1] [ 2  3 11 19 20 21 27 28 29] [14416  4944  9018  6721 11834 11174  8979 11409 10943] [] 1716190671.7033469677
[1 1 1 1 1 1 1 1 1] [ 2  3 11 19 20 21 27 28 29] [13794  4671  8874  5805 11602 10830  8407 11066 10906] [] 1716190671.7465062141
[ 1 -1 -1 -1  1  1 -1 -1  1  1] [ 2  3 11 18 19 20 21 27 28 29] [13384  4686  9010 11292  5444 11265 10868  8426 11030 10839] [] 1716190671.7894887924
[-1  1  1  1  1  1  1  1  1  1 -1] [ 2  3 11 18 19 20 21 27 28 29 36] [13583  4386  8895 10956  4728 10876 10685  8099 10897 10518 12715] [] 1716190671.8323528767
[ 1  1  1  1  1  1  1  1  1  1  1 -1] [ 2  3 11 18 19 20 21 27 28 29 36 44] [13503  4187  8815 10579  4441 10606 10621  8015 10706 10403 12359 13001] [] 1716190671.8754110336
[-1  1 -1 -1  1  1  1 -1  1  1 -1  1  1] [ 2  3 11 18 19 20 21 26 27 28 29 36 44] [14074  4183  8881 10633  4436 10398 10565  9199  8012  9550 10520 12203
 12653] [] 1716190671.9183738232
[-1  1  1  1  1  1  1  1  1  1  1  1  1] [ 2  3 11 18 19 20 21 26 27 28 29 36 44] [14919  3936  8079 10234  4170  9915 10312  8701  7849  9364 10325 11715
 10527] [] 1716190671.9613454342
[-1  1  1  1  1  1  1 -1 -1  1  1 -1 -1 -1  1] [ 2  3 11 18 19 20 21 26 27 28 29 34 35 36 44] [15255  3903  7915  7914  4156  7681 10257  8827  8065  9123 10099 11910
 14643 12229  6593] [] 1716190672.0042665005
[-1  1  1  1  1  1 -1  1  1  1  1  1  1  1 -1  1] [ 2  3 11 18 19 20 21 26 27 28 29 34 35 36 37 44] [15311  3687  7833  7713  4006  7003 10263  8487  7272  5915 10022  9153
 13572 11588 16340  5827] [] 1716190672.0474483967
[ 1  1 -1  1  1  1  1  1  1  1  1 -1  1  1 -1  1  1 -1] [ 2  3 10 11 18 19 20 21 26 27 28 29 34 35 36 37 44 45] [15270  3551 14458  7790  7561  3907  6962 10216  8345  7215  5330 10374
  8984 13563 11842 13426  4804 13466] [] 1716190672.0905792713
[ 1  1 -1  1  1  1  1  1 -1  1  1  1  1  1  1 -1  1  1  1] [ 2  3  4 10 11 18 19 20 21 26 27 28 29 34 35 36 37 44 45] [14191  3454 12284 10439  7781  7422  3754  6755 10245  8016  7012  4685
 10292  8779 13298 12095 12892  4480  8009] [] 1716190672.1334354877
[ 1  1  1  1  1  1  1  1  1 -1  1  1  1  1  1 -1  1 -1  1  1] [ 2  3  4 10 11 18 19 20 21 23 26 27 28 29 34 35 36 37 44 45] [12806  3306 10570  8579  7489  6268  3673  6615 10105 14003  7874  6890
  4195  7401  8587 13955 10440 12898  4292  6717] [] 1716190672.1764550209
[-1  1 -1  1  1  1  1  1  1  1  1  1  1  1  1  1 -1 -1 -1  1  1] [ 2  3  4 10 11 18 19 20 21 23 26 27 28 29 34 35 36 37 42 44 45] [14211  3179 10667  7996  7453  5631  3573  6424 10064 13636  7812  6826
  3804  7223  8500 13170 10571 13307 10139  4212  6471] [] 1716190672.2194142342
[-1  1  1  1  1  1  1  1  1 -1  1 -1 -1  1  1 -1  1  1 -1  1  1  1] [ 1  2  3  4 10 11 18 19 20 21 23 26 27 28 29 34 35 36 37 42 44 45] [15686 13768  2999 10124  7822  5026  5491  3472  6229 10150 13349  7830
  6850  3558  7100  8758  9810  9205 13393  7452  3964  6298] [] 1716190672.2624242306
[-1  1  1  1  1  1  1  1  1 -1  1  1  1  1  1  1 -1  1  1  1 -1  1 -1] [ 1  2  3  4 10 11 18 19 20 21 23 26 27 28 29 34 35 36 37 42 44 45 53] [15749 10198  2911  9914  7706  4573  4897  3392  6189 10362 13021  5681
  6721  3367  6537  7583  9865  7323 13148  6256  4029  6271 15547] [] 1716190672.3055961132
[ 1 -1  1  1  1  1  1  1  1  1 -1  1  1  1  1  1 -1  1 -1  1  1  1  1] [ 1  2  3  4 10 11 18 19 20 21 23 26 27 28 29 34 35 36 37 42 44 45 53] [15338 10919  2826  9867  7222  4196  4399  3351  5611 10300 13062  5487
  5950  3253  5827  7500 10431  6665 13320  5384  3823  6181 14935] [] 1716190672.3484957218
[ 1  1  1  1  1  1  1  1  1  1  1  1  1  1  1  1  1  1 -1  1 -1 -1 -1 -1
  1] [ 1  2  3  4 10 11 18 19 20 21 23 26 27 28 29 34 35 36 37 42 44 45 46 52
 53] [15163 10051  2693  9511  6854  3988  4199  3293  5308 10159 13020  5174
  5748  3116  5689  7409  9903  6402 13358  4533  3830  6271 11136 14783
 11634] [] 1716190672.3913929462
[ 1  1  1  1  1  1  1  1 -1  1  1  1  1  1  1  1 -1  1  1 -1  1  1  1  1
  1  1] [ 1  2  3  4 10 11 18 19 20 21 23 26 27 28 29 34 35 36 37 38 42 44 45 46
 52 53] [14986  9879  2572  9445  5970  3646  4015  3243  5625 10128 12968  4301
  5672  2996  4751  7325 11221  5382 13318 12983  4036  3481  5751  8796
 12726  8008] [] 1716190672.4343991280
[ 1 -1  1  1  1  1  1  1  1  1 -1  1  1  1 -1  1  1  1  1  1  1  1  1  1
  1  1] [ 1  2  3  4 10 11 18 19 20 21 23 26 27 28 29 34 35 36 37 38 42 44 45 46
 52 53] [14767 10768  2456  9337  5553  3210  3857  3170  5277 10100 12996  4027
  5595  2913  4771  7277 10645  5307 12512 12097  3934  3446  5703  8626
 12343  6909] [] 1716190672.4773995876
[ 1  1  1  1  1  1  1 -1  1  1  1  1 -1  1  1 -1  1  1  1  1 -1  1  1  1
 -1  1  1] [ 1  2  3  4 10 11 18 19 20 21 23 26 27 28 29 34 35 36 37 38 42 44 45 46
 51 52 53] [14639  8858  2442  9306  5517  3106  3753  3183  4980 10033 12972  3909
  5597  2889  4707  7422  8031  5036 11861 10369  4034  3356  5582  8265
 11340 12081  5780] [] 1716190672.5204398632
[ 1  1  1  1  1  1  1  1  1 -1  1  1  1  1  1  1  1  1 -1  1  1  1  1  1
  1  1  1] [ 1  2  3  4 10 11 18 19 20 21 23 26 27 28 29 34 35 36 37 38 42 44 45 46
 51 52 53] [14621  7782  2364  9220  5009  2840  3437  3039  4835 10060 12971  3690
  5540  2750  4593  7349  7320  4766 12189  9887  3812  3110  5251  6999
 10852 11123  5053] [] 1716190672.5634081364
[ 1  1  1  1  1  1  1  1  1 -1 -1  1  1  1  1  1  1  1  1  1  1  1  1  1
  1  1  1] [ 1  2  3  4 10 11 18 19 20 21 23 26 27 28 29 34 35 36 37 38 42 44 45 46
 51 52 53] [14352  7741  2307  9141  4365  2657  3253  3015  4455 10065 13078  3484
  5379  2633  4551  6757  7204  4414 11088  9790  3722  3011  4767  6905
 10631 10301  4804] [] 1716190672.6064066887
[ 1  1 -1  1  1  1  1  1  1 -1  1  1  1  1 -1  1  1  1 -1 -1  1 -1  1 -1
 -1  1 -1 -1 -1 -1] [ 1  2  3  4 10 11 18 19 20 21 23 26 27 28 29 34 35 36 37 38 42 44 45 46
 50 51 52 53 54 61] [14195  7523  2311  9124  4288  2538  3181  2933  4296 10268 13044  3367
  5354  2589  4571  6641  7045  4264 11392  9840  3420  3013  4607  7039
 14667 10587 10635  5120 15520  6646] [] 1716190672.6493742466
[ 1  1  1  1  1  1 -1  1  1  1 -1 -1  1  1  1  1  1  1  1  1  1  1  1  1
  1  1  1  1  1  1  1] [ 1  2  3  4 10 11 15 18 19 20 21 23 26 27 28 29 34 35 36 37 38 42 44 45
 46 50 51 52 53 54 61] [14159  7431  2239  9061  4016  2435 14839  3001  2879  4113 10310 13202
  3269  5175  2471  4555  6075  6968  4079 10368  9832  3313  2915  4458
  6377 14477 10587 10227  4960 12635  6633] [] 1716190672.6924693584
[-1  1  1  1  1  1  1  1  1  1 -1 -1  1 -1  1  1  1  1  1 -1  1  1  1  1
  1  1 -1 -1  1  1  1] [ 1  2  3  4 10 11 15 18 19 20 21 23 26 27 28 29 34 35 36 37 38 42 44 45
 46 50 51 52 53 54 61] [14672  7220  2159  9041  3920  2296 14607  2937  2849  4087 10424 13260
  3127  5179  2433  4501  5859  6414  3886 11280  8534  3160  2860  4191
  5542 14433 10613 10289  4724 12376  6518] [] 1716190672.7354218960
[ 1 -1  1 -1  1  1 -1  1  1  1  1  1 -1  1 -1  1 -1  1  1  1 -1 -1  1 -1
  1 -1 -1 -1  1 -1 -1  1  1] [ 1  2  3  4 10 11 12 15 18 19 20 21 23 26 27 28 29 34 35 36 37 38 42 44
 45 46 47 50 51 52 53 54 61] [14312  7583  2135  9071  3877  2237 15888 14587  2859  2843  3832 10330
 13261  3046  5274  2384  4547  5597  6257  3734 12708  8544  3104  2880
  4095  5639 11241 15061 10439 10291  4799 10290  6388] [] 1716190672.7784152031
[ 1  1  1  1  1  1  1  1  1  1  1  1 -1  1  1  1  1  1  1  1  1 -1 -1 -1
  1  1  1  1  1 -1  1  1  1 -1] [ 1  2  3  4 10 11 12 15 18 19 20 21 23 26 27 28 29 34 35 36 37 38 41 42
 44 45 46 47 50 51 52 53 54 61] [14057  7447  2106  9047  3621  2151 15106 14315  2845  2741  3716  8595
 13851  2965  5272  2327  4223  5073  6080  3484 10164  8550 12987  3133
  2818  3839  5508  5895  8457 10546  9577  4444  7850  6402] [] 1716190672.8214161396
[-1  1 -1 -1  1  1 -1  1 -1  1  1  1 -1 -1  1  1  1  1  1  1 -1 -1  1  1
  1  1  1  1  1  1  1 -1  1  1] [ 1  2  3  4 10 11 12 15 18 19 20 21 23 26 27 28 29 34 35 36 37 38 41 42
 44 45 46 47 50 51 52 53 54 61] [14061  6976  2127  9150  3540  2138 15120 14271  2847  2701  3676  7980
 13939  2989  5220  2273  4219  4854  6006  3267 11411  8607 12661  2860
  2728  3709  5311  4846  7287 10496  9540  4470  7099  6337] [] 1716190672.8644042015
[ 1  1  1  1  1  1  1  1  1  1  1  1  1  1  1  1  1  1 -1  1 -1  1 -1  1
  1 -1  1 -1  1  1  1  1  1  1] [ 1  2  3  4 10 11 12 15 18 19 20 21 23 26 27 28 29 34 35 36 37 38 41 42
 44 45 46 47 50 51 52 53 54 61] [13528  6649  2061  9007  3456  2111 14916 13791  2781  2633  3653  7520
 13787  2911  5067  2200  4123  4490  6198  3070 11456  8520 12721  2846
  2692  3829  5197  4855  7187 10395  9518  4368  7055  6328] [] 1716190672.9075567722
[ 1  1  1  1  1 -1  1  1  1  1  1  1 -1  1  1  1  1  1  1 -1 -1  1  1  1
  1  1  1  1  1 -1 -1  1  1  1] [ 1  2  3  4 10 11 12 15 18 19 20 21 23 26 27 28 29 34 35 36 37 38 41 42
 44 45 46 47 50 51 52 53 54 61] [13517  6634  2020  8965  3450  2123 14582 13557  2740  2631  3584  7451
 13839  2829  5031  2200  4113  4456  5930  3120 11577  8234 12497  2825
  2680  3735  5137  4674  7033 10456  9531  4295  6946  6316] [] 1716190672.9505465031
[-1 -1  1 -1  1  1 -1 -1  1  1  1 -1 -1  1  1  1  1  1 -1  1  1  1  1  1
  1  1  1 -1  1  1  1 -1  1  1] [ 1  2  3  4 10 11 12 15 18 19 20 21 23 26 27 28 29 34 35 36 37 38 41 42
 44 45 46 47 50 51 52 53 54 61] [13588  6744  1997  9036  3440  2094 14614 13559  2721  2617  3549  7459
 13967  2805  4888  2152  4111  4454  5938  3091 10253  7741 12461  2817
  2656  3722  5135  4723  6690 10428  9407  4304  6858  6290] [] 1716190672.9935057163
[-1  1 -1  1  1  1  1 -1 -1  1  1  1  1 -1  1  1  1 -1  1  1  1 -1 -1 -1
  1 -1  1 -1 -1 -1  1  1  1 -1 -1] [ 1  2  3  4 10 11 12 15 18 19 20 21 23 26 27 28 29 32 34 35 36 37 38 41
 42 44 45 46 47 50 51 52 53 54 61] [13615  6588  2031  8931  3424  2082 13172 13647  2751  2607  3549  7409
 13917  2855  4875  2145  4091 14009  4318  5880  3033 10349  8113 12493
  2816  2666  3707  5142  4809  7579 10422  9407  4285  6871  6296] [] 1716190673.0364003181
[ 1 -1  1  1  1 -1 -1  1  1  1  1 -1  1  1 -1 -1  1  1 -1  1  1  1 -1 -1
 -1 -1 -1 -1 -1 -1  1 -1 -1 -1 -1] [ 1  2  3  4 10 11 12 15 18 19 20 21 23 26 27 28 29 32 34 35 36 37 38 41
 42 44 45 46 47 50 51 52 53 54 61] [13555  6618  2009  8916  3424  2095 13442 13501  2727  2606  3535  7412
 13847  2807  4915  2159  4077 13731  4346  5854  3028 10296  8328 12567
  2874  2673  3739  5247  6255  8218 10365  9465  4430  7655  6348] [] 1716190673.0794668198
[ 1  1 -1 -1 -1 -1 -1  1  1 -1 -1  1 -1 -1  1 -1 -1 -1 -1 -1  1 -1 -1 -1
 -1  1 -1 -1  1 -1 -1 -1] [ 1  2  3  4 10 11 12 15 18 19 20 21 23 26 27 28 29 34 35 36 37 38 42 44
 45 46 50 51 52 53 54 61] [13512  6381  2061  8979  3432  2102 14968 13413  2725  2641  3557  7391
 13941  2855  4854  2176  4087  4395  5965  3123 10240  8419  2991  2706
  3759  5129 14531 10367  9451  4533 12760  6423] [] 1716190673.1225059032
[-1  1  1  1 -1 -1 -1 -1 -1 -1  1 -1  1  1 -1 -1 -1 -1 -1 -1  1  1 -1 -1
 -1 -1  1 -1 -1 -1 -1 -1] [ 1  2  3  4 10 11 12 15 18 19 20 21 23 26 27 28 29 34 35 36 37 38 42 44
 45 46 50 51 52 53 54 61] [13574  6304  2035  8926  3520  2158 15008 13851  2815  2675  3556  7405
 13719  2845  4884  2225  4415  4635  6458  3209 10068  8384  3024  2760
  3903  5358 14216 10486  9815  4589 12856  6460] [] 1716190673.1655132771
[-1 -1 -1  1 -1 -1 -1 -1  1 -1  1 -1  1 -1  1 -1 -1 -1 -1 -1 -1 -1 -1  1
 -1 -1 -1  1  1 -1 -1] [ 1  2  3  4 10 11 12 15 18 19 20 21 23 26 27 28 29 34 35 36 37 38 42 44
 45 46 50 51 52 53 61] [13638  6525  2044  8921  3562  2179 15178 14255  2783  2719  3547  8559
 13587  2858  4877  2239  4471  5135  6493  3228 10242  8431  3192  2757
  4215  5983 14574 10455  9739  4626  6508] [] 1716190673.2085707188
[-1  1 -1  1 -1 -1 -1 -1 -1 -1 -1  1 -1  1 -1  1 -1  1 -1 -1 -1 -1 -1 -1
 -1  1 -1  1] [ 1  2  3  4 10 11 15 18 19 20 21 23 26 27 28 29 34 35 36 37 38 42 44 45
 46 51 52 53] [13828  6505  2099  8840  3714  2240 14455  2865  2754  3617  8707 13145
  2986  4778  2324  4401  5687  6402  3497 11658  9787  3254  2879  4219
  6727 10403 10010  4356] [] 1716190673.2514488697
[-1  1 -1 -1 -1 -1  1 -1 -1 -1 -1 -1 -1 -1 -1  1 -1 -1 -1  1 -1 -1 -1 -1
 -1 -1 -1 -1] [ 1  2  3  4 10 11 15 18 19 20 21 23 26 27 28 29 34 35 36 37 38 42 44 45
 46 51 52 53] [13928  6493  2116  8893  3776  2304 14411  2919  2801  3889  9944 13188
  3044  4795  2365  4369  5854  6500  3690 11649  9794  3540  3041  5219
  7771 10640 10413  4863] [] 1716190673.2945177555
[-1 -1 -1  1 -1 -1 -1 -1 -1  1  1 -1 -1 -1 -1 -1 -1 -1 -1 -1 -1 -1 -1 -1
 -1 -1 -1] [ 1  2  3  4 10 11 18 19 20 21 23 26 27 28 29 34 35 36 37 38 42 44 45 46
 51 52 53] [13931  7165  2231  8858  4365  2522  3031  2813  4323  9910 13097  3211
  4830  2448  4470  6489  6973  4231 11752  9818  3714  3159  5383  7881
 10873 10471  5990] [] 1716190673.3374528885
[-1 -1 -1 -1 -1 -1 -1 -1 -1  1 -1 -1 -1 -1 -1 -1  1 -1  1 -1 -1  1 -1 -1
 -1 -1] [ 1  2  3  4 10 11 18 19 20 21 23 26 27 28 29 34 35 36 37 38 42 44 45 46
 52 53] [14020  7395  2283  8904  4656  2687  3149  2853  4540  9886 13186  3414
  4857  2527  4567  6523  6971  4353 11664  9926  3923  3146  5571  8019
 11262  9714] [] 1716190673.3803660870
[ 1 -1 -1  1 -1 -1 -1 -1 -1 -1  1 -1 -1 -1 -1 -1 -1 -1  1 -1 -1 -1  1 -1] [ 1  2  3  4 10 11 18 19 20 21 23 26 27 28 29 34 35 36 37 38 42 44 45 53] [13966  8442  2342  8896  5033  2822  3311  2934  4620  9893 13126  3621
  5099  2594  4623  7228  7407  4677 11563 11065  4518  3434  5528 15323] [] 1716190673.4234020710
[-1 -1 -1  1 -1 -1 -1 -1 -1  1 -1 -1 -1 -1 -1 -1 -1 -1  1 -1 -1 -1 -1] [ 1  2  3  4 10 11 18 19 20 21 23 26 27 28 29 34 35 36 37 42 44 45 53] [14162 10688  2457  8866  5534  3220  3646  2990  4843  9868 13208  3921
  5220  2753  4675  7294  7712  5090 11163  5906  3507  5900 16141] [] 1716190673.4663493633
[-1  1 -1 -1 -1 -1 -1 -1 -1  1  1 -1 -1 -1  1 -1 -1 -1 -1 -1 -1 -1] [ 1  2  3  4 10 11 18 19 20 21 23 26 27 28 29 34 35 36 37 42 44 45] [14192 10365  2518  8878  5925  3485  3819  3069  4886  9698 13025  4139
  5246  2847  4658  7377 10343  5729 11597 10093  3772  6173] [] 1716190673.5092756748
[-1 -1 -1  1 -1 -1 -1 -1 -1  1  1 -1 -1 -1 -1 -1 -1 -1 -1 -1 -1] [ 1  2  3  4 10 11 18 19 20 21 23 26 27 28 29 34 35 36 37 44 45] [14480 10824  2746  8871  7120  4149  4234  3239  5817  9657 12950  5383
  5360  3087  5672  7510 10481  6135 12552  3906  6418] [] 1716190673.5522727966
[-1 -1 -1  1 -1 -1 -1 -1 -1 -1  1 -1 -1 -1 -1 -1  1 -1 -1 -1 -1] [ 1  2  3  4 10 11 18 19 20 21 23 26 27 28 29 34 35 36 37 44 45] [14522 14646  2871  8811  7244  4721  4777  3246  5888  9674 12929  7012
  6245  3204  5773  7618 10430  6450 12851  4083  7836] [] 1716190673.5953180790
[-1 -1 -1 -1 -1 -1 -1 -1 -1 -1 -1 -1  1 -1 -1 -1 -1 -1  1 -1 -1] [ 1  2  3  4 10 11 18 19 20 21 23 26 27 28 29 34 35 36 37 44 45] [15275 15385  3028  8837  7538  6755  5317  3322  6029  9726 13020  7798
  6244  3370  6935  8513 10831  7248 12235  4353 12676] [] 1716190673.6383154392
[-1  1 -1  1 -1 -1 -1 -1 -1 -1 -1 -1 -1 -1 -1  1 -1 -1 -1 -1] [ 1  2  3  4 10 11 18 19 20 21 23 26 27 28 29 34 35 36 37 44] [15656 14314  3151  8833  7632  8264  6331  3434  6257  9906 13448  7807
  6287  3644  7023  8509 11134  8469 12649  4627] [] 1716190673.6812565327
[-1 -1 -1 -1 -1 -1 -1 -1 -1  1 -1 -1 -1 -1 -1 -1 -1 -1 -1 -1] [ 1  2  3  4 10 11 18 19 20 21 23 26 27 28 29 34 35 36 37 44] [16038 15539  3409  8968  8439  8585  6653  3568  6554  9887 13695  8079
  6487  4143  7247  8941 12141  9207 12735  6857] [] 1716190673.7242541313
[-1  1 -1  1 -1 -1 -1 -1 -1 -1 -1 -1 -1 -1 -1] [ 3  4 10 11 18 19 20 21 26 27 28 29 35 36 44] [ 3451  8931 10361  8552  7470  3707  6745  9918  8272  7591  4842 10274
 13135 10414  9507] [] 1716190673.7673690319
[-1 -1 -1 -1 -1 -1 -1 -1 -1 -1 -1  1 -1 -1 -1] [ 3  4 10 11 18 19 20 21 26 27 28 29 35 36 44] [ 3495  8982 10993  8587  7569  3819  6928 10036  8435  7627  5247 10219
 13817 10541 12879] [] 1716190673.8103580475
[-1  1 -1 -1 -1 -1 -1 -1 -1  1 -1 -1] [ 3 11 18 19 20 21 26 27 28 29 35 36] [ 3679  8522  7795  3921  8827 10058  9551  7833  8700 10000 14563 11337] [] 1716190673.8533678055
[-1  1 -1 -1 -1 -1  1 -1 -1  1] [ 3 11 18 19 20 21 27 28 29 36] [ 3808  8453 10332  3940  9754 10177  7806  9306 10128 10954] [] 1716190673.8963181973
[-1 -1 -1 -1 -1 -1 -1 -1 -1 -1] [ 3 11 18 19 20 21 27 28 29 36] [ 3898  8581 10450  4135 10167 10300  8037 10644 10222 11729] [] 1716190673.9393663406
[-1 -1 -1 -1 -1 -1 -1 -1 -1 -1] [ 3 11 18 19 20 21 27 28 29 36] [ 4067  8701 10905  4356 10382 10617  8187 10689 10436 13329] [] 1716190673.9824039936
[-1 -1 -1 -1 -1 -1 -1 -1 -1 -1] [ 2  3 11 18 19 20 21 27 28 29] [15227  4599  8843 11398  5199 10591 10899  8494 10919 10887] [] 1716190674.0254063606
[ 1 -1 -1 -1 -1 -1 -1 -1 -1] [ 2  3 11 19 20 21 27 28 29] [15074  4714  8857  5862 11155 11276  8722 11103 11572] [] 1716190674.0683624744
[ 1 -1 -1 -1 -1 -1  1] [ 2  3 11 19 20 27 28] [12355  5148  9025  7247 11588 10617 11085] [] 1716190674.1114339828
[ 1 -1 -1 -1 -1 -1 -1] [ 2  3 11 19 20 27 28] [12086  6217  9332  9727 12431 11179 11319] [] 1716190674.1543705463
[-1 -1 -1 -1 -1 -1] [ 2  3 11 19 20 28] [12896  6646  9500 10177 14995 12184] [] 1716190674.1973834038
[-1 -1  1] [ 2  3 11] [14143  8130  8898] [] 1716190674.2404007912
[1] [11] [8767] [] 1716190674.2833485603
[-1] [11] [9587] [] 1716190674.3262915611
[1] [11] [9565] [] 1716190674.3693978786
[-1] [11] [10099] [] 1716190674.4124426842
2 2 2 1716190674.4127407074
