FA TAX ADC PRES TS
[-1] [45] [12315] [] 1716194029.0035672188
[1] [45] [11923] [] 1716194029.0465459824
[-1  1] [28 45] [12195  8895] [] 1716194029.0895745754
[1 1] [28 45] [11667  8559] [] 1716194029.1325190067
[ 1 -1] [28 45] [11499  8983] [] 1716194029.1755685806
[-1 -1  1] [11 28 45] [11602 11662  8601] [] 1716194029.2185912132
[1 1 1] [11 28 45] [10760 11560  8468] [] 1716194029.2615756989
[ 1  1 -1 -1] [11 28 42 45] [10403 11462 12851  8513] [] 1716194029.3045787811
[-1 -1  1  1] [11 28 42 45] [10549 11543 12471  8289] [] 1716194029.3475949764
[1 1 1 1] [11 28 42 45] [10226 11347 12205  8036] [] 1716194029.3905982971
[1 1 1 1] [11 28 42 45] [ 9853 11102 12089  7870] [] 1716194029.4335961342
[ 1  1 -1  1] [11 28 42 45] [ 9749 11044 12163  7850] [] 1716194029.4765367508
[ 1  1  1 -1 -1] [11 28 42 45 53] [ 9636 10928 11943  7927 14721] [] 1716194029.5196173191
[1 1 1 1 1] [11 28 42 45 53] [ 9438 10751 11731  7793 13372] [] 1716194029.5626101494
[1 1 1 1 1] [11 28 42 45 53] [ 9368 10690 11649  7732 12753] [] 1716194029.6055898666
[ 1  1  1  1 -1] [11 28 42 45 53] [ 9224 10647 11541  7653 12833] [] 1716194029.6485152245
[ 1  1  1 -1 -1] [11 28 42 45 53] [ 9179 10626 11521  7673 12864] [] 1716194029.6915869713
[-1 -1 -1 -1 -1  1] [11 19 28 42 45 53] [ 9295 14013 10711 11601  7678 12259] [] 1716194029.7345879078
[-1  1 -1 -1  1 -1  1] [11 19 20 28 42 45 53] [ 9378 12292 15733 10765 11263  7758 12206] [] 1716194029.7776103020
[ 1  1 -1 -1 -1 -1  1  1] [11 19 20 28 29 42 45 53] [ 9198 10335 16046 10868 12262 11270  7691 12154] [] 1716194029.8205583096
[1 1 1 1 1 1 1 1] [11 19 20 28 29 42 45 53] [ 9079 10040 15158 10805 12102 11250  7604 12145] [] 1716194029.8636524677
[ 1  1  1  1  1 -1  1 -1] [11 19 20 28 29 42 45 53] [ 9025  9923 14827 10727 11768 11319  7594 12190] [] 1716194029.9066023827
[ 1  1 -1  1  1 -1 -1 -1 -1 -1] [11 19 20 28 29 42 44 45 53 54] [ 8942  9845 14934 10555 11513 11330 15647  7892 12313 12393] [] 1716194029.9495825768
[ 1  1  1 -1  1  1 -1  1  1  1] [11 19 20 28 29 42 44 45 53 54] [ 8885  9839 14503 10651 11436 11281 15805  7731 12183 12371] [] 1716194029.9926328659
[-1  1 -1 -1  1  1  1 -1  1  1] [11 19 20 28 29 42 44 45 53 54] [ 8924  9694 14664 10696 11143 11281 14752  7798  9968 12143] [] 1716194030.0355803967
[-1 -1  1 -1  1  1 -1 -1  1 -1 -1 -1 -1] [11 19 20 27 28 29 35 42 44 45 53 54 61] [ 8968  9719 13924 13340 10588 10932 16334 11373 13767  8018 10270 12394
  7762] [] 1716194030.0786697865
[-1  1  1  1  1 -1 -1  1 -1  1  1  1  1  1] [ 2 11 19 20 27 28 29 35 42 44 45 53 54 61] [13735  8885  9719 12702 12945 10683 10998 15501 11420 13415  7991 10066
 12268  7402] [] 1716194030.1216473579
[-1  1  1 -1  1  1  1  1  1  1  1  1  1  1] [ 2 11 19 20 27 28 29 35 42 44 45 53 54 61] [15594  8801  9681 13251 12812 10674 10826 15051 11388 13191  7916  8232
 12258  7253] [] 1716194030.1646111012
[ 1 -1 -1  1 -1 -1  1  1 -1  1  1 -1 -1  1  1  1] [ 2 11 19 20 27 28 29 35 42 44 45 47 50 53 54 61] [14658  8833  9721 13006 12848 10757 10734 14783 11497 13169  7839 14855
 11186  8210 12237  7218] [] 1716194030.2076516151
[-1  1  1  1  1  1  1 -1  1  1 -1  1  1 -1  1  1] [ 2 11 19 20 27 28 29 35 42 44 45 47 50 53 54 61] [14817  8779  9652 12715 12735 10621 10698 14888 11373 12907  7849 12347
 10249  8287 12163  7154] [] 1716194030.2506537437
[ 1  1  1  1  1 -1  1  1  1  1  1 -1  1 -1  1  1 -1] [ 2 11 19 20 27 28 29 35 42 44 45 46 47 50 53 54 61] [13948  8768  7988 12459 12634 10689 10670 14824 11251 12849  7815 12223
 12223 10280  8238 12067  7163] [] 1716194030.2936248779
[-1  1  1  1 -1 -1  1  1 -1 -1 -1  1 -1 -1 -1  1 -1 -1] [ 2 11 19 20 27 28 29 35 42 44 45 46 47 50 53 54 55 61] [15424  8710  7730 12417 12655 10750 10559 14571 11252 12989  7937 11884
 12499 10309  8251  9949 14475  7247] [] 1716194030.3366827965
[-1 -1 -1  1  1 -1  1  1  1 -1  1  1  1  1  1 -1  1  1  1  1] [ 2  3 11 19 20 26 27 28 29 35 42 44 45 46 47 50 53 54 55 61] [16065 13873  8860  7449 12331 10999 12599 10734 10486 14592 10351 12513
  7738 11470 12112 10369  8101  9839 11529  7175] [] 1716194030.3796923161
[-1  1  1  1  1  1 -1  1  1 -1  1  1  1  1  1 -1  1  1  1 -1] [ 2  3 11 19 20 26 27 28 29 35 42 44 45 46 47 50 53 54 55 61] [16301  7535  8842  7369 12098 10840 12600 10680 10373 14774 10180 10590
  7738 11456 11829 10435  8078  9810 11217  7196] [] 1716194030.4227097034
[-1  1 -1  1 -1 -1  1  1  1 -1  1  1  1  1  1 -1  1  1  1  1  1] [ 2  3 11 19 20 21 26 27 28 29 35 42 44 45 46 47 50 53 54 55 61] [16344  7294  8858  7260 12289 12823 10678 12523 10632 10444 14691  9685
 10298  7633  9982 11899 10334  7872  9788 10967  7137] [] 1716194030.4656624794
[-1  1 -1 -1  1 -1  1  1 -1 -1 -1  1  1  1  1 -1  1  1  1 -1  1  1] [ 2  3 11 18 19 20 21 26 27 28 29 35 42 44 45 46 47 50 53 54 55 61] [16380  7103  8913 12437  7214 12347 11740 10630 12587 10833 10513 10970
  9639  9678  6767 10092 11498 10114  7282  9813  9680  7039] [] 1716194030.5086693764
[ 1  1  1  1 -1  1 -1  1  1  1  1  1 -1  1  1  1  1  1  1  1  1  1] [ 3 11 18 19 20 21 23 26 27 28 29 35 42 44 45 46 47 50 53 54 55 61] [ 7087  8890 11361  6976 12466 10978 15625 10513 12474 10830 10507  9968
 10223  8980  6702  9626 10923 10088  7075  9744  8993  6986] [] 1716194030.5516278744
[-1  1  1  1  1  1  1 -1 -1 -1 -1 -1  1 -1  1  1  1 -1  1  1  1  1  1] [ 3 11 18 19 20 21 23 26 27 28 29 34 35 42 44 45 46 47 50 53 54 55 61] [ 7088  8490 11114  6969 12325 10910 15310 10584 12619 10913 10541 12703
  9528 10291  7792  6554  8677 11071  9957  6563  9698  7655  6853] [] 1716194030.5947663784
[ 1  1  1  1  1  1  1 -1 -1 -1  1 -1 -1  1  1  1  1  1  1  1  1  1  1] [ 3 11 18 19 20 21 23 26 27 28 29 34 35 42 44 45 46 47 50 53 54 55 61] [ 7040  8367 10810  6456 11967 10800 14908 10609 12639 10931 10451 12731
  9571 10038  7224  6445  8281 10975  9946  6378  9542  6760  6764] [] 1716194030.6376833916
[-1 -1  1  1  1  1  1  1 -1  1  1  1  1  1  1  1  1  1 -1  1  1  1  1] [ 3 11 18 19 20 21 23 26 27 28 29 34 35 42 44 45 46 47 50 53 54 55 61] [ 7157  8561 10611  6258 11693 10665 14437 10467 12665 10815 10418 12521
  9294  8731  6471  6338  8263 10255  9947  6014  9395  6212  6727] [] 1716194030.6806840897
[ 1  1 -1  1  1  1  1  1  1 -1  1  1  1 -1  1  1  1  1 -1  1  1  1  1] [ 3 11 18 19 20 21 23 26 27 28 29 34 35 42 44 45 46 47 50 53 54 55 61] [ 6297  8360 10625  5966 11318 10541 13388 10334 12591 10870 10353 12421
  9099  8737  6270  6296  8035  9250  9955  5771  9339  6017  6567] [] 1716194030.7236595154
[1 1 1 1 1 1 1 1 1 1 1 1 1 1 1 1 1 1 1 1 1 1 1] [ 3 11 18 19 20 21 23 26 27 28 29 34 35 42 44 45 46 47 50 53 54 55 61] [ 5822  8157 10423  5856 11121 10458 13320 10309 12585 10831 10290 12347
  9018  7742  5923  6210  7962  8841  9904  5671  9270  5657  6476] [] 1716194030.7667667866
[ 1  1 -1  1  1  1  1  1 -1 -1  1  1  1  1  1  1  1  1  1  1  1  1  1] [ 3 11 18 19 20 21 23 26 27 28 29 34 35 42 44 45 46 47 50 53 54 55 61] [ 5585  8074 10452  5399 10602 10411 13126 10088 12750 10859 10207 12337
  8698  7263  5518  6208  7513  8266  9792  5446  9174  5283  6365] [] 1716194030.8097095490
[ 1  1  1  1  1  1  1  1  1  1  1  1 -1 -1  1  1  1 -1  1  1  1  1  1  1] [ 3 11 18 19 20 21 23 26 27 28 29 34 35 36 42 44 45 46 47 50 53 54 55 61] [ 5475  7245 10288  5259 10405 10357 12919  8762 12533 10854 10174 12279
  8861 16211  6885  5255  6112  7679  7731  9741  5268  9140  5134  6311] [] 1716194030.8526225090
[ 1  1  1  1  1  1  1  1  1  1  1  1  1  1  1  1  1  1  1 -1  1  1  1  1] [ 3 11 18 19 20 21 23 26 27 28 29 34 35 36 42 44 45 46 47 50 53 54 55 61] [ 5398  7119 10246  5158 10343 10343 12844  8502 12424 10799 10059 12232
  8754 15734  6281  5041  6067  7484  7264  9750  5070  9020  4758  6285] [] 1716194030.8956837654
[ 1  1  1  1  1  1  1  1  1 -1  1  1  1  1  1  1  1 -1  1 -1 -1  1  1  1
  1] [ 3 11 18 19 20 21 23 26 27 28 29 34 35 36 42 44 45 46 47 50 51 53 54 55
 61] [ 5219  6765 10195  5060 10204 10264 12682  8332 12339 10882  9778 11847
  8723 14734  5638  4909  6025  7525  6690  9752 12620  5008  8997  4503
  6215] [] 1716194030.9386823177
[ 1  1  1  1  1  1 -1  1 -1  1  1 -1  1  1  1 -1 -1  1  1  1  1  1 -1  1
 -1] [ 3 11 18 19 20 21 23 26 27 28 29 34 35 36 42 44 45 46 47 50 51 53 54 55
 61] [ 5219  6637  8930  4891 10202 10191 12693  8260 12374 10715  9725 11914
  8636 14111  5434  4915  6054  7412  6084  9576 12491  4826  9051  4357
  6217] [] 1716194030.9816660881
[-1  1  1  1 -1 -1 -1  1  1  1  1  1 -1  1  1  1 -1 -1  1 -1 -1 -1  1  1
  1  1] [ 3 11 18 19 20 21 23 26 27 28 29 34 35 36 42 44 45 46 47 50 51 52 53 54
 55 61] [ 5227  6157  7942  4739 10262 10325 12761  8140 12289 10267  8264 11910
  8639 12080  5128  4906  6085  7457  5795  9607 12610 16178  4471  8947
  4217  6170] [] 1716194031.0247988701
[ 1  1  1  1  1  1  1  1  1  1  1 -1 -1  1 -1  1  1  1  1  1 -1  1  1 -1
  1  1] [ 3 11 18 19 20 21 23 26 27 28 29 34 35 36 37 42 44 45 46 47 50 51 53 54
 55 61] [ 5117  6109  7844  4659 10148 10223 12734  8071 12252 10139  6977 12043
  8900 11629 16342  4681  4596  6068  7363  5256  9681 12486  4365  8960
  4099  6163] [] 1716194031.0676651001
[ 1 -1  1  1  1  1 -1 -1  1  1  1  1  1  1  1  1  1  1 -1  1  1  1  1 -1
  1  1  1  1] [ 3 10 11 18 19 20 21 23 26 27 28 29 34 35 36 37 42 44 45 46 47 50 51 52
 53 54 55 61] [ 4727 10329  6070  7440  4467  9559 10231 12873  8030 12247  9023  6361
  9209  8878  9975 12922  4415  4071  6089  7277  4945  9585 12443 14248
  4296  8952  4000  6132] [] 1716194031.1106567383
[ 1  1  1  1  1  1 -1 -1  1 -1  1  1  1  1  1  1 -1 -1  1 -1  1  1  1 -1
  1  1  1  1  1] [ 3 10 11 18 19 20 21 23 26 27 28 29 34 35 36 37 41 42 44 45 46 47 50 51
 52 53 54 55 61] [ 4391  9759  6039  7062  4331  9449 10393 13066  7961 12258  8618  6218
  8924  8785  9481 12272 14789  4436  3960  6162  7275  4770  9293 12452
 10977  4082  8870  3914  6052] [] 1716194031.1538333893
[ 1  1  1  1  1  1 -1  1 -1 -1  1  1  1  1  1  1  1  1  1  1  1  1  1  1
  1  1  1  1  1] [ 3 10 11 18 19 20 21 23 26 27 28 29 34 35 36 37 41 42 44 45 46 47 50 51
 52 53 54 55 61] [ 4338  9571  5885  6826  4287  9245 10453 12907  8142 12710  7598  6174
  8799  8589  9099 11897 14511  4331  3823  6043  7193  4583  9233 10220
 10296  3846  8715  3723  5972] [] 1716194031.1967446804
[ 1  1  1  1  1  1  1  1  1  1  1  1  1  1  1  1 -1  1  1 -1  1  1  1  1
  1  1  1  1  1] [ 3 10 11 18 19 20 21 23 26 27 28 29 34 35 36 37 41 42 44 45 46 47 50 51
 52 53 54 55 61] [ 3997  9438  5453  6189  4268  9117 10294 12895  7937 10385  7535  6079
  7862  8244  7917 11596 14619  4210  3759  6067  7033  4440  8998  9780
 10065  3768  8565  3618  5943] [] 1716194031.2398171425
[-1 -1  1  1  1  1  1  1  1  1 -1 -1  1  1  1 -1  1  1  1  1  1  1 -1  1
  1 -1  1  1  1] [ 3 10 11 18 19 20 21 23 26 27 28 29 34 35 36 37 41 42 44 45 46 47 50 51
 52 53 54 55 61] [ 3998  9465  5336  6078  4112  8982 10243 12877  7912 10194  7564  6096
  6740  7833  6834 11816 14545  4143  3682  5815  6898  4345  9003  9358
  9496  3783  6966  3429  5937] [] 1716194031.2827243805
[ 1  1  1  1  1  1  1  1  1 -1  1  1  1  1  1  1 -1  1  1  1 -1  1  1  1
  1  1  1  1  1] [ 3 10 11 18 19 20 21 23 26 27 28 29 34 35 36 37 41 42 44 45 46 47 50 51
 52 53 54 55 61] [ 3993  9265  5172  4933  4044  8891 10028 12823  7859 10216  7456  5939
  6653  7538  6735 11590 14587  3998  3661  5465  6916  4249  8673  8919
  9266  3700  6936  3272  5893] [] 1716194031.3257658482
[ 1  1 -1  1  1  1  1  1 -1  1  1  1  1  1  1  1  1  1  1  1  1  1 -1  1
  1  1  1  1  1] [ 3 10 11 18 19 20 21 23 26 27 28 29 34 35 36 37 41 42 44 45 46 47 50 51
 52 53 54 55 61] [ 3990  9214  5187  4806  3974  8753  9995 12798  7894 10040  7358  5913
  6530  7306  6674 11559 14415  3668  3543  5217  6819  4064  8725  8818
  8713  3655  6647  3216  5873] [] 1716194031.3684885502
[-1  1  1  1  1  1  1  1 -1 -1  1  1  1  1  1 -1  1  1  1  1  1  1  1  1
  1  1  1  1  1] [ 3 10 11 18 19 20 21 23 26 27 28 29 34 35 36 37 41 42 44 45 46 47 50 51
 52 53 54 55 61] [ 4029  8133  5029  4585  3903  8487  9914 12686  7926 10068  7057  5870
  6497  6881  6301 11678 14375  3524  3502  4863  6809  4024  8715  8657
  8617  3594  5792  3100  5858] [] 1716194031.4117281437
[ 1  1  1  1  1 -1  1 -1  1  1  1 -1  1  1  1 -1  1  1  1  1 -1  1  1  1
  1  1  1  1  1] [ 3 10 11 18 19 20 21 23 26 27 28 29 34 35 36 37 41 42 44 45 46 47 50 51
 52 53 54 55 61] [ 3861  7705  4971  4492  3846  8561  8669 12758  7867  9949  6849  5903
  6430  6672  6107 11702 14227  3432  3410  4703  6827  3900  8668  8561
  8560  3569  5701  3052  5849] [] 1716194031.4547457695
[ 1 -1  1  1  1  1 -1 -1  1 -1  1  1  1  1  1 -1  1  1  1  1  1  1  1  1
  1  1  1  1 -1] [ 3 10 11 18 19 20 21 23 26 27 28 29 34 35 36 37 41 42 44 45 46 47 50 51
 52 53 54 55 61] [ 3751  7739  4840  4423  3821  8429  8681 12923  7137  9956  6453  5593
  6384  6541  5957 11774 13013  3282  3327  4567  6715  3775  8607  8469
  8458  3540  4998  3024  5886] [] 1716194031.4977216721
[ 1  1  1  1  1  1  1  1  1  1  1  1  1  1  1  1  1  1  1  1  1  1  1  1
 -1  1 -1  1 -1  1] [ 3 10 11 18 19 20 21 23 26 27 28 29 34 35 36 37 41 42 44 45 46 47 50 51
 52 53 54 55 60 61] [ 3607  7015  4797  4095  3758  8006  8632 12904  7134  9780  5987  5121
  6335  6345  5844 10785  9997  3235  3275  4439  6700  3743  8244  8427
  8488  3479  5537  2984 15581  5849] [] 1716194031.5405085087
[ 1  1  1  1  1  1  1 -1  1  1  1  1 -1  1  1  1  1  1 -1  1  1  1  1  1
  1  1 -1  1  1  1] [ 3 10 11 18 19 20 21 23 26 27 28 29 34 35 36 37 41 42 44 45 46 47 50 51
 52 53 54 55 60 61] [ 3265  6709  4766  4031  3706  7659  8624 13050  7010  8568  5756  4918
  6375  6287  5652 10634  9721  3098  3302  4365  6458  3708  7531  8412
  8392  3460  5604  2894 11249  5842] [] 1716194031.5837550163
[ 1  1  1  1  1  1  1 -1  1  1  1  1  1  1  1  1  1  1  1  1 -1 -1  1  1
  1  1  1  1  1  1] [ 3 10 11 18 19 20 21 23 26 27 28 29 34 35 36 37 41 42 44 45 46 47 50 51
 52 53 54 55 60 61] [ 2975  6426  4655  3961  3660  7207  8572 13357  6767  8552  5248  4863
  6277  6136  5454 10089  9706  3048  3269  4176  6466  3743  7435  8303
  8310  3454  4954  2887 11008  5834] [] 1716194031.6267697811
[-1  1 -1  1  1  1  1  1 -1  1  1  1  1  1  1  1  1  1 -1  1  1 -1  1  1
  1  1  1  1  1  1 -1] [ 2  3 10 11 18 19 20 21 23 26 27 28 29 34 35 36 37 41 42 44 45 46 47 50
 51 52 53 54 55 60 61] [16293  2891  6438  4541  3900  3629  6704  8549 13358  6609  8550  5204
  4830  6265  5960  5355  9976  9598  3071  3246  4048  6505  3666  7359
  7795  8293  3426  4790  2860 10944  5840] [] 1716194031.6697742939
[-1  1 -1  1  1  1  1  1 -1  1  1  1  1  1  1  1 -1  1  1  1  1  1  1 -1
  1 -1 -1 -1 -1 -1  1] [ 2  3 10 11 18 19 20 21 23 26 27 28 29 34 35 36 37 41 42 44 45 46 47 50
 51 52 53 54 55 60 61] [16381  2887  6471  4506  3867  3616  6659  8533 13360  6607  8388  5178
  4795  6255  5934  5277 10070  9560  3021  3236  3970  6478  3655  7383
  7660  8301  3451  4796  2891 10948  5835] [] 1716194031.7126567364
[ 1  1  1  1  1  1  1  1  1 -1  1  1  1  1  1  1  1 -1 -1 -1 -1  1  1 -1
 -1 -1  1 -1  1 -1  1] [ 2  3 10 11 18 19 20 21 23 26 27 28 29 34 35 36 37 41 42 44 45 46 47 50
 51 52 53 54 55 60 61] [16315  2883  6466  4486  3867  3584  6615  8493 13285  6662  8341  5136
  4771  6018  5891  5244 10024  9605  3047  3242  4046  6402  3648  7397
  7784  8330  3421  4870  2846 15554  5748] [] 1716194031.7558283806
[-1 -1 -1  1 -1  1  1 -1  1 -1  1 -1 -1 -1 -1 -1  1 -1 -1 -1 -1 -1 -1 -1
 -1  1 -1  1 -1 -1] [ 2  3 10 11 18 19 20 21 23 26 27 28 29 34 35 36 37 41 42 44 45 46 47 50
 51 52 53 54 55 61] [16338  2920  6471  4471  3893  3584  6483  8540 13251  6759  8268  5192
  4799  6093  5989  5294  9924 12576  3116  3276  4153  6680  3664  7947
  8297  8178  3428  4836  2857  5786] [] 1716194031.7987279892
[ 1 -1 -1 -1 -1 -1 -1  1 -1 -1  1 -1 -1  1  1 -1 -1  1 -1 -1 -1  1 -1 -1
 -1  1 -1 -1 -1  1] [ 2  3 10 11 18 19 20 21 23 26 27 28 29 34 35 36 37 41 42 44 45 46 47 50
 51 52 53 54 55 61] [16178  3301  6552  4542  3959  3618  6550  8517 13302  6949  8175  5705
  4958  5907  5978  5402 10564 12557  3247  3303  4475  6675  3803  8176
  8330  8170  3479  4950  2964  5747] [] 1716194031.8417575359
[ 1 -1 -1 -1 -1 -1 -1 -1  1 -1  1 -1 -1  1 -1 -1 -1 -1 -1 -1 -1  1 -1  1
  1 -1  1 -1 -1 -1] [ 2  3 10 11 18 19 20 21 23 26 27 28 29 34 35 36 37 41 42 44 45 46 47 50
 51 52 53 54 55 61] [16035  3633  7308  4685  4079  3662  6682  8545 13060  7787  8144  5848
  5274  5901  5992  5584 10606 12740  3338  3431  4598  6624  3895  8141
  7865  8189  3479  5041  2988  5819] [] 1716194031.8846721649
[ 1 -1 -1 -1 -1 -1 -1  1 -1  1 -1 -1 -1 -1 -1 -1 -1 -1 -1 -1 -1  1 -1 -1
 -1 -1 -1 -1 -1 -1] [ 2  3 10 11 18 19 20 21 23 26 27 28 29 34 35 36 37 41 42 44 45 46 47 50
 51 52 53 54 55 61] [15878  3746  8437  4731  4338  3698  7758  8543 13090  7765  8219  6240
  5359  5942  6037  5798 11536 12750  3594  3521  5039  6590  3976  8668
  8590  8661  3534  5639  3130  5824] [] 1716194031.9277710915
[-1  1 -1 -1 -1 -1 -1  1 -1 -1 -1 -1 -1 -1 -1 -1 -1 -1 -1 -1 -1 -1 -1 -1
 -1 -1 -1 -1 -1] [ 3 10 11 18 19 20 21 23 26 27 28 29 34 35 36 37 41 42 44 45 46 47 50 51
 52 53 54 55 61] [ 3861  8322  4845  4875  3738  8568  9832 13022  7863  8262  6723  5433
  6412  6481  6216 11716 14075  3826  3526  5310  6687  4050  8673  8676
  8847  3595  5732  3252  5844] [] 1716194031.9707696438
[-1  1 -1 -1 -1 -1  1 -1  1  1 -1 -1 -1 -1 -1 -1 -1 -1 -1 -1 -1 -1 -1  1
 -1 -1 -1 -1 -1 -1] [ 2  3 10 11 18 19 20 21 23 26 27 28 29 34 35 36 37 41 42 44 45 46 47 50
 51 52 53 54 55 61] [16083  3846  8365  5171  5029  3787  8565  9856 12946  7815  8312  7075
  5805  6452  6690  7189 11944 14253  4054  3579  5689  6774  4157  8629
  8807  9248  3657  6834  3361  5890] [] 1716194032.0137519836
[-1  1  1 -1 -1 -1  1  1  1  1 -1 -1 -1 -1 -1 -1 -1 -1 -1 -1 -1 -1 -1  1
 -1 -1 -1 -1 -1 -1] [ 2  3 10 11 18 19 20 21 23 26 27 28 29 34 35 36 37 41 42 44 45 46 47 50
 51 52 53 54 55 61] [16251  3823  8311  5211  5765  3838  8497  9778 12912  7717  8754  7194
  5977  6481  7095  7633 11975 14525  4204  3654  5903  6783  4329  8575
 12540 10019  3903  7880  3526  5941] [] 1716194032.0566987991
[-1 -1 -1 -1 -1 -1 -1  1 -1 -1 -1 -1 -1 -1  1 -1 -1 -1 -1 -1 -1 -1 -1 -1
 -1 -1 -1 -1] [ 3 10 11 18 19 20 21 23 26 27 28 29 34 35 36 37 42 44 45 46 47 50 51 52
 53 54 55 61] [ 3839  9259  5387  6262  3904  8782  9943 12890  7753  9775  7273  6034
  7250  7539  7574 12250  4282  3816  6086  6902  4547  8805 12713 11229
  4036  8817  3572  5998] [] 1716194032.0996696949
[ 1 -1 -1 -1 -1 -1  1 -1  1 -1 -1 -1 -1 -1 -1 -1 -1 -1  1 -1 -1 -1  1 -1
 -1  1 -1 -1] [ 3 10 11 18 19 20 21 23 26 27 28 29 34 35 36 37 42 44 45 46 47 50 51 52
 53 54 55 61] [ 3830 12454  5539  6471  3977  9241  9936 13000  7655  9830  8130  6080
  7267  8106  8244 12512  4621  4174  5996  7031  4658  9152 12685 13852
  4176  8784  3738  6040] [] 1716194032.1426687241
[-1 -1 -1 -1 -1 -1 -1 -1 -1 -1 -1 -1 -1 -1 -1 -1 -1 -1  1 -1 -1 -1 -1 -1
 -1 -1 -1 -1] [ 3 10 11 18 19 20 21 23 26 27 28 29 34 35 36 37 42 44 45 46 47 50 51 52
 53 54 55 61] [ 3847 12672  5625  6887  4053  9336  9981 13166  7836 10002  8411  6287
  7472  8391  9308 12601  4722  4312  5991  7135  4863  9163 12900 15113
  4293  8796  3949  6082] [] 1716194032.1856479645
[-1  1 -1 -1 -1 -1  1  1  1 -1 -1 -1 -1  1 -1 -1 -1 -1  1 -1 -1 -1  1 -1
 -1 -1] [ 3 10 11 18 19 20 21 23 26 27 28 29 34 35 36 37 42 44 45 46 47 50 53 54
 55 61] [ 4637 12594  5773  7543  4161  9376  9788 13108  7820 10072  9266  7900
  9323  8368  9462 13271  5110  4344  5960  7174  5129  9611  4266  8844
  4220  6151] [] 1716194032.2285020351
[-1 -1 -1 -1 -1 -1 -1 -1 -1 -1 -1 -1 -1  1 -1 -1 -1 -1 -1 -1 -1 -1 -1 -1
 -1  1] [ 3 10 11 18 19 20 21 23 26 27 28 29 34 35 36 37 42 44 45 46 47 50 53 54
 55 61] [ 4654 13490  6045  7732  4272  9480  9824 13256  7850 10117 10337  9634
 11716  8227 11384 14152  5610  4475  5977  7239  5131  9615  4432  8887
  4422  6129] [] 1716194032.2716078758
[-1 -1 -1 -1 -1 -1 -1 -1 -1 -1 -1  1 -1 -1  1 -1 -1 -1 -1 -1 -1 -1 -1 -1
 -1 -1] [ 3 10 11 18 19 20 21 23 26 27 28 29 34 35 36 37 42 44 45 46 47 50 53 54
 55 61] [ 4715 13600  6474  8052  4331  9663  9893 13259  7999 10477 10443  9628
 11794  8260 11224 14675  6061  4591  5997  7326  5666  9714  4615  8985
  4931  6209] [] 1716194032.3146348000
[ 1  1 -1 -1 -1  1  1  1 -1  1 -1 -1 -1 -1 -1 -1 -1  1 -1 -1 -1 -1 -1 -1
 -1] [ 3 11 18 19 20 21 23 26 27 28 29 34 35 36 37 42 44 45 46 47 50 53 54 55
 61] [ 4631  6467  9935  4358  9708  9842 13223  7993 12331 10414  9697 11934
  8271 11302 16319  7637  4671  5969  7497  6558  9720  4727  9055  5310
  6325] [] 1716194032.3576297760
[-1 -1 -1 -1 -1 -1  1 -1  1  1 -1 -1 -1 -1 -1 -1 -1 -1 -1 -1 -1 -1 -1 -1] [ 3 11 18 19 20 21 23 26 27 28 29 34 35 36 42 44 45 46 47 50 53 54 55 61] [ 4941  6562 10034  4513 10038  9919 13030  8280 12206 10325  9974 12070
  8288 12463  8262  4927  6070  7518  6764  9742  5176  9232  5881  6482] [] 1716194032.4005730152
[ 1 -1 -1 -1 -1 -1  1 -1  1  1 -1 -1 -1  1  1 -1 -1 -1 -1 -1 -1 -1 -1 -1] [ 3 11 18 19 20 21 23 26 27 28 29 34 35 36 42 44 45 46 47 50 53 54 55 61] [ 4933  7128 10082  4518 10083 10017 12900  8551 12086 10254  9992 12129
  8385 12353  8116  5503  6207  7563  7244  9851  5456  9324  6361  6570] [] 1716194032.4434647560
[-1 -1  1 -1 -1 -1 -1 -1  1 -1 -1  1 -1  1 -1 -1 -1 -1 -1  1 -1 -1 -1 -1] [ 3 11 18 19 20 21 23 26 27 28 29 34 35 36 42 44 45 46 47 50 53 54 55 61] [ 5011  7464 10041  4672 10227 10155 13023 10098 12013 10295 10053 12069
  8641 11679  8528  5778  6337  7731  7475  9835  5837  9394  7685  6687] [] 1716194032.4865624905
[-1 -1 -1 -1 -1 -1  1 -1  1 -1  1 -1  1 -1 -1 -1 -1 -1 -1 -1 -1 -1 -1 -1] [ 3 11 18 19 20 21 23 26 27 28 29 34 35 36 42 44 45 46 47 50 53 54 55 61] [ 5074  8069 10412  4844 10299 10229 12961 10149 11932 10374 10043 12146
  8615 11983  9486  6197  6480  7959  8091  9942  5988  9583  9551  6821] [] 1716194032.5296082497
[-1 -1 -1 -1 -1 -1 -1 -1  1  1 -1 -1 -1 -1 -1 -1 -1 -1 -1 -1 -1 -1 -1 -1] [ 3 11 18 19 20 21 23 26 27 28 29 34 35 36 42 44 45 46 47 50 53 54 55 61] [ 5127  8474 10556  5196 10750 10327 13104 10226 11903 10355 10096 12228
  8661 15520  9506  6361  6543  8206  8907  9971  6001  9634 10858  6913] [] 1716194032.5725653172
[-1 -1 -1 -1  1 -1 -1 -1  1  1  1 -1 -1 -1 -1 -1 -1 -1 -1 -1 -1 -1 -1] [ 3 11 18 19 20 21 23 26 27 28 29 34 35 42 44 45 46 47 50 53 54 55 61] [ 5158  8522 10561  5277 10714 10343 13124 10269 11886 10305 10011 12313
  8693  9535  7250  6763  9338  9780 10183  6313  9773 11043  7135] [] 1716194032.6155958176
[-1 -1 -1 -1 -1 -1 -1 -1 -1 -1 -1 -1 -1 -1 -1  1 -1 -1 -1  1 -1  1] [ 3 11 18 19 20 21 23 26 27 28 29 34 35 42 44 45 47 50 53 54 55 61] [ 5245  8605 10731  5431 10943 10447 13242 10367 12465 10403 10298 12629
  8862  9721  8788  6724 10105 10277  6538  9627 15167  7115] [] 1716194032.6586735249
[-1 -1 -1 -1 -1 -1 -1 -1 -1  1  1 -1 -1 -1 -1  1 -1 -1 -1 -1  1] [ 3 11 18 19 20 21 23 26 27 28 29 34 35 42 44 45 47 50 53 54 61] [ 6053  8695 10994  5825 11368 10561 13304 10550 12574 10392 10268 12826
  9391 10127  9994  6715 11982 10351  7159 11885  7014] [] 1716194032.7016041279
[-1 -1 -1 -1 -1 -1 -1 -1  1 -1  1 -1 -1 -1 -1 -1 -1 -1 -1 -1] [ 3 11 18 19 20 21 23 26 27 28 29 35 42 44 45 47 50 53 54 61] [ 7438  8706 11153  6015 11624 10632 13554 10771 12466 10404 10117  9873
 10401 10161  7816 12553 10475  7467 12080  7096] [] 1716194032.7444858551
[-1 -1 -1 -1 -1 -1 -1 -1 -1 -1 -1  1 -1 -1 -1 -1 -1 -1 -1] [ 3 11 19 20 21 23 26 27 28 29 35 42 44 45 47 50 53 54 61] [13205  8740  6298 11808 10727 13999 11075 12503 10501 10281 10779 10327
 10294  7942 12729 11505  7782 12195  7503] [] 1716194032.7875497341
[-1 -1 -1 -1 -1 -1 -1 -1 -1 -1 -1 -1 -1  1 -1  1  1] [ 3 11 19 20 21 23 26 27 28 29 35 42 44 45 53 54 61] [14521  8815  6807 11997 10890 14068 11973 12658 10612 10474 11627 10564
 12705  7908 10516 12153  7355] [] 1716194032.8305742741
[ 1 -1 -1 -1  1  1 -1 -1 -1 -1 -1  1 -1  1  1] [11 19 20 21 26 27 28 29 35 42 44 45 53 54 61] [ 8804  7913 12025 11065 11951 12608 10647 10511 11699 10973 12721  7697
 12469 12142  7199] [] 1716194032.8735823631
[ 1 -1 -1  1  1  1  1  1 -1 -1  1 -1 -1] [11 20 26 27 28 29 35 42 44 45 53 54 61] [ 8708 12028 12070 12408 10435 10346 11661 10826 13989  7960 10564 12285
  7419] [] 1716194032.9167470932
[-1 -1 -1 -1 -1 -1 -1 -1  1  1 -1 -1 -1] [11 20 26 27 28 29 35 42 44 45 53 54 61] [ 8956 13359 13328 12671 10586 10920 11703 11325 11577  7947 10571 12392
  7421] [] 1716194032.9601125717
[ 1 -1  1 -1  1 -1  1 -1 -1  1] [11 20 28 29 42 44 45 53 54 61] [ 8779 13461 10296 11075 11293 12737  7865 10638 14014  7376] [] 1716194033.0036995411
[-1 -1 -1 -1  1 -1  1  1  1 -1] [11 20 28 29 42 44 45 53 54 61] [ 8788 13506 10356 11309 11257 13233  7823 10515 12398 13363] [] 1716194033.0466883183
[ 1  1  1 -1  1  1  1 -1] [11 20 28 29 42 45 53 54] [ 8752 13493 10134 15917 10795  7581 10248 14443] [] 1716194033.0896592140
[-1 -1  1  1 -1  1] [11 20 28 42 45 53] [ 8821 14066 10091 10510  7593 10033] [] 1716194033.1324663162
[-1  1 -1 -1 -1 -1 -1] [11 20 28 29 42 45 53] [ 8908 14047 10273 11479 11663  7639 10159] [] 1716194033.1755185127
[-1 -1 -1  1 -1 -1 -1 -1] [11 20 28 29 35 42 45 53] [ 9078 14424 10462 11376 13075 11931  8272 10510] [] 1716194033.2186715603
[-1 -1 -1  1 -1 -1 -1] [11 20 28 29 42 45 53] [ 9151 15509 10480 11184 12005 11479 10949] [] 1716194033.2616868019
[-1  1 -1  1  1 -1 -1] [11 20 28 29 42 45 53] [ 9460 15191 10662 10810 11173 11741 13301] [] 1716194033.3046660423
[-1 -1 -1 -1  1 -1 -1] [11 20 28 29 42 53 54] [11569 15743 10800 10839  8886 14190 14910] [] 1716194033.3476514816
[ 1  1  1 -1 -1  1] [20 28 29 42 45 53] [14205 10750 10719  9583 12515 13499] [] 1716194033.3907001019
[ 1 -1 -1  1  1] [20 28 29 42 53] [14172 10874 10892  9578 11165] [] 1716194033.4336497784
[-1 -1 -1 -1 -1  1] [11 20 28 29 42 53] [12064 14347 11081 11159  9756 11127] [] 1716194033.4766788483
[ 1  1  1 -1 -1 -1] [11 20 28 29 42 53] [11432 14292 11009 11231  9930 11280] [] 1716194033.5196805000
[ 1  1 -1 -1 -1] [11 20 28 29 42] [11249 13951 11036 11450 12817] [] 1716194033.5626406670
[-1 -1  1  1] [11 20 28 29] [11618 14772 10985 11370] [] 1716194033.6056675911
[-1 -1  1] [11 20 28] [11640 15688 10584] [] 1716194033.6487183571
[1] [28] [10153] [] 1716194033.6915881634
[-1] [28] [10173] [] 1716194033.7346072197
[-1] [28] [10323] [] 1716194033.7776777744
[-1] [28] [10670] [] 1716194033.8206174374
[-1] [28] [10763] [] 1716194033.8634014130
[-1] [28] [10808] [] 1716194033.9065937996
[-1] [28] [10820] [] 1716194033.9496178627
[-1] [28] [10838] [] 1716194033.9926252365
[-1] [28] [11019] [] 1716194034.0355560780
[-1] [28] [11050] [] 1716194034.0786421299
[-1] [28] [11246] [] 1716194034.1216692924
[-1] [44] [16213] [] 1716194034.8717124462
2 2 2 1716194034.8719720840
