FA TAX ADC PRES TS
[-1 -1] [28 44] [11714 13227] [] 1716193746.1787347794
[ 1 -1] [28 44] [11657 13302] [] 1716193746.2217397690
[1 1] [28 44] [11599 12937] [] 1716193746.2646379471
[1 1] [28 44] [11518 12759] [] 1716193746.3075883389
[1 1] [28 44] [11198 12703] [] 1716193746.3504734039
[-1 -1] [28 44] [11285 13237] [] 1716193746.3934822083
[-1 -1  1] [11 28 44] [11220 11822 12757] [] 1716193746.4365508556
[1 1 1] [11 28 44] [10410 11510 12703] [] 1716193746.4795277119
[1 1 1] [11 28 44] [10146 11398 12667] [] 1716193746.5224478245
[1 1 1] [11 28 44] [ 9992 11246 12571] [] 1716193746.5655267239
[ 1 -1  1 -1] [11 20 28 44] [ 9883 15184 11242 12915] [] 1716193746.6085228920
[-1 -1  1 -1 -1  1 -1] [11 19 20 27 28 44 45] [10171 14693 14527 12749 11403 12727 11646] [] 1716193746.6514561176
[ 1  1  1  1  1 -1  1] [11 19 20 27 28 44 45] [10021 11836 13932 12410 11325 12765  9508] [] 1716193746.6945378780
[ 1  1 -1  1  1  1  1] [11 19 20 27 28 44 45] [ 9958 11131 14104 12381 11238 11101  9086] [] 1716193746.7375764847
[1 1 1 1 1 1 1] [11 19 20 27 28 44 45] [ 9604 10671 13963 12210 11077 10632  8656] [] 1716193746.7806837559
[1 1 1 1 1 1 1] [11 19 20 27 28 44 45] [ 9487 10385 13414 12145 10935 10268  8515] [] 1716193746.8237869740
[-1 -1  1 -1 -1 -1  1  1] [10 11 19 20 27 28 44 45] [12776  9728 10281 13458 12202 11062  9365  8208] [] 1716193746.8667325974
[ 1  1  1  1  1 -1  1 -1] [10 11 19 20 27 28 44 45] [10769  9543 10046 13204 11871 11101  8769  8218] [] 1716193746.9096000195
[ 1  1  1  1 -1  1  1 -1 -1] [10 11 19 20 27 28 44 45 53] [10266  9463  9961 12768 11939  9017  7646  8227 13750] [] 1716193746.9525361061
[1 1 1 1 1 1 1 1 1] [10 11 19 20 27 28 44 45 53] [ 9090  9424  9892 12601 11793  8875  6945  8034 12795] [] 1716193746.9957113266
[ 1  1  1  1  1  1  1  1 -1] [10 11 19 20 27 28 44 45 53] [ 8201  9320  9741 12081 11634  8811  6801  8008 12867] [] 1716193747.0386908054
[ 1  1 -1  1 -1  1 -1  1  1 -1  1] [10 11 19 20 27 28 36 44 45 52 53] [ 7975  9207  9756 11924 11675  8689 13988  6437  7087 15805 10614] [] 1716193747.0814735889
[ 1  1  1  1 -1  1  1  1  1  1 -1] [10 11 19 20 27 28 36 44 45 52 53] [ 7000  8367  9639 11485 11707  8587 13583  6251  6889 15503 10727] [] 1716193747.1246433258
[ 1  1  1  1  1  1  1  1 -1 -1  1  1] [10 11 19 20 27 28 36 44 45 51 52 53] [ 5788  8106  9577 11166 11028  8402 13482  6198  6977  9247 14285  9133] [] 1716193747.1677458286
[ 1  1  1  1  1  1  1 -1  1  1 -1  1  1  1] [10 11 19 20 27 28 36 42 44 45 47 51 52 53] [ 5308  6845  9493 11006 10979  8365 13308 12753  6116  6936 14459  8942
 13731  8810] [] 1716193747.2106714249
[ 1  1 -1  1 -1  1  1  1  1  1  1  1  1 -1] [10 11 19 20 27 28 36 42 44 45 47 51 52 53] [ 4935  5980  9517 10877 11046  8319 12880 12439  5814  6807 13823  8846
 13501  8865] [] 1716193747.2537271976
[ 1  1 -1 -1  1 -1  1  1  1  1  1  1  1  1  1] [10 11 18 19 20 27 28 36 42 44 45 47 51 52 53] [ 4548  5699 12288  9621 10675 11103  8282 12631 11471  5678  6793 12367
  8781 12889  8063] [] 1716193747.2966527939
[ 1  1  1 -1  1  1  1  1  1  1 -1 -1 -1  1  1 -1] [10 11 18 19 20 27 28 36 42 44 45 47 51 52 53 61] [ 4336  5338 10906  9647  9891  8978  8227 12544 11155  5490  6907 12671
  8848 12639  7603  8991] [] 1716193747.3397810459
[ 1  1  1  1  1 -1 -1  1  1  1  1 -1  1  1  1  1  1] [10 11 18 19 20 27 28 36 42 44 45 46 47 51 52 53 61] [ 4177  5130 10687  9554  9547  9350  8272 12542  8125  5251  6883 12503
 10754  8803 10723  7209  7935] [] 1716193747.3827006817
[ 1  1  1  1 -1  1  1  1 -1  1  1  1  1  1  1  1  1] [10 11 18 19 20 27 28 36 42 44 45 46 47 51 52 53 61] [ 3994  4775 10349  9111  9787  8857  8197 12256  8803  4907  6799 11058
  8342  8577  9477  7153  7581] [] 1716193747.4257123470
[ 1  1  1  1  1 -1  1 -1  1  1  1 -1  1  1  1  1  1 -1  1] [10 11 18 19 20 21 27 28 36 42 44 45 46 47 51 52 53 54 61] [ 3801  4508 10156  8271  9383 12413  8752  8218 11967  8483  4772  6881
  9627  7342  8424  9401  6914 12663  7534] [] 1716193747.4685070515
[ 1  1 -1  1 -1  1 -1  1  1  1  1  1 -1  1  1  1 -1  1  1] [10 11 18 19 20 21 27 28 36 42 44 45 46 47 51 52 53 54 61] [ 3729  4302 10188  7440  9872 10952  9039  8174 11866  7813  4660  6871
  9748  6284  7953  8842  7044 12320  7405] [] 1716193747.5117065907
[ 1  1  1  1  1  1  1  1 -1  1  1  1  1 -1  1 -1  1  1  1  1] [10 11 18 19 20 21 27 28 29 36 42 44 45 46 47 51 52 53 54 61] [ 3617  4249  9936  6970  9279 10808  8942  7862 11900 11711  7174  4226
  6635 10111  5847  8003  8079  6605 12044  7135] [] 1716193747.5547959805
[ 1  1  1  1  1  1  1  1  1 -1  1  1  1  1  1 -1  1  1  1  1  1] [10 11 18 19 20 21 27 28 29 36 42 44 45 46 47 50 51 52 53 54 61] [ 3566  4019  7651  6161  8477 10644  8906  7567 11666 11917  6993  4030
  6266  9584  5322 10802  7519  7605  6423 11919  6965] [] 1716193747.5976724625
[ 1  1  1  1  1  1  1  1  1  1 -1  1  1 -1  1 -1  1  1  1  1  1 -1  1] [10 11 18 19 20 21 27 28 29 36 37 42 44 45 46 47 50 51 52 53 54 55 61] [ 3503  3826  7520  5349  6691 10395  8786  7233 10979  9843 16356  6743
  3978  6325  8596  5383 10634  7422  7287  6169 11862  9895  6943] [] 1716193747.6404817104
[ 1  1 -1  1  1 -1  1  1  1 -1  1  1  1  1  1  1  1  1  1  1  1  1  1  1] [10 11 18 19 20 21 27 28 29 34 36 37 42 44 45 46 47 50 51 52 53 54 55 61] [ 3475  3585  7528  4995  5877 10528  8760  6705 10889 12795  8559 13474
  6703  3889  5826  8390  4955  8950  6488  7213  5934 11663  7812  6919] [] 1716193747.6837742329
[1 1 1 1 1 1 1 1 1 1 1 1 1 1 1 1 1 1 1 1 1 1 1 1] [10 11 18 19 20 21 27 28 29 34 36 37 42 44 45 46 47 50 51 52 53 54 55 61] [ 3434  3481  7389  4845  5633 10372  8721  6341 10629 11859  8131 13328
  6252  3785  5399  7731  4752  8707  6096  7017  5454 11596  6408  6845] [] 1716193747.7267453671
[ 1  1  1  1  1  1  1  1  1  1  1  1  1  1  1 -1  1 -1  1  1  1  1  1  1] [10 11 18 19 20 21 27 28 29 34 36 37 42 44 45 46 47 50 51 52 53 54 55 61] [ 3287  3365  7306  4573  5423 10252  8446  6007 10519 11568  6415 13112
  6073  3664  5277  8078  4682  8718  5991  6919  5335 11539  5802  6708] [] 1716193747.7698326111
[ 1  1  1  1  1 -1 -1  1  1  1  1  1  1  1  1  1  1  1  1  1  1  1  1  1] [10 11 18 19 20 21 27 28 29 34 36 37 42 44 45 46 47 50 51 52 53 54 55 61] [ 3200  3261  7233  4437  4974 10297  8549  5841 10371 11373  6085 12986
  5461  3563  5139  7342  4352  7696  5420  6791  5041 11426  5127  6655] [] 1716193747.8124842644
[1 1 1 1 1 1 1 1 1 1 1 1 1 1 1 1 1 1 1 1 1 1 1 1] [10 11 18 19 20 21 27 28 29 34 36 37 42 44 45 46 47 50 51 52 53 54 55 61] [ 3125  3180  7206  4305  4784 10244  8396  5441 10199 11213  6057 12840
  4974  3530  4744  6978  4089  7580  5014  6540  4696 11333  4696  6608] [] 1716193747.8557941914
[ 1  1  1  1  1  1  1  1  1  1 -1  1  1  1  1  1 -1  1  1  1  1  1  1  1
  1] [10 11 18 19 20 21 27 28 29 34 35 36 37 42 44 45 46 47 50 51 52 53 54 55
 61] [ 3068  3007  7119  4118  4710  9996  8204  5056 10128 11032 11257  5864
 12778  4738  3514  4305  7155  4005  7412  4561  6208  4685 11263  4401
  6446] [] 1716193747.8987751007
[ 1  1  1  1 -1  1  1  1 -1 -1  1  1  1  1  1  1  1  1  1  1  1  1  1  1
  1] [10 11 18 19 20 21 27 28 29 34 35 36 37 42 44 45 46 47 50 51 52 53 54 55
 61] [ 3012  2953  7119  4008  4751  9877  8057  4741 10146 11177 10920  5063
 12686  4429  3395  4063  6523  3720  6625  4199  6064  4554 10871  4011
  6444] [] 1716193747.9416372776
[ 1  1  1  1  1  1  1  1  1  1  1  1 -1 -1  1  1  1  1  1 -1  1  1  1  1
  1  1] [10 11 18 19 20 21 27 28 29 34 35 36 37 41 42 44 45 46 47 50 51 52 53 54
 55 61] [ 2925  2762  7063  3830  4478  9820  7861  4253  8682 11111 10454  4891
 12725 15287  4288  3354  4031  6164  3607  6638  4159  6028  4523  7835
  3946  6400] [] 1716193747.9845638275
[-1 -1  1 -1  1  1 -1  1  1  1  1  1  1  1  1  1  1  1  1  1  1  1  1  1
  1  1] [ 3 10 11 18 19 20 21 27 28 29 34 35 36 37 42 44 45 46 47 50 51 52 53 54
 55 61] [ 9385  2993  2751  7066  3761  4152  9909  7841  4060  8455 11051 10420
  4739 12676  3946  3276  3846  5789  3360  6079  4011  5940  4486  7487
  3609  6296] [] 1716193748.0277566910
[ 1  1  1  1  1  1  1  1  1  1 -1  1  1  1  1  1  1  1  1  1  1  1  1  1
  1  1] [ 3 10 11 18 19 20 21 27 28 29 34 35 36 37 42 44 45 46 47 50 51 52 53 54
 55 61] [ 9096  2933  2634  6988  3640  4075  9832  7798  3828  8357 11171 10283
  4435 12524  3740  3140  3566  5769  3292  5493  3826  5907  4418  7247
  3482  6216] [] 1716193748.0706152916
[ 1  1  1 -1  1  1  1  1 -1  1  1  1  1 -1  1  1  1 -1  1  1  1  1  1  1
  1  1  1  1  1] [ 3 10 11 15 18 19 20 21 23 27 28 29 34 35 36 37 42 43 44 45 46 47 50 51
 52 53 54 55 61] [ 8945  2864  2515 14891  6971  3517  3967  9777 15761  7692  3549  8321
 10163 10411  4184 12360  3618 14807  3082  3460  5740  3178  5288  3822
  5848  4417  7221  3370  6149] [] 1716193748.1136736870
[ 1  1  1  1  1  1  1 -1  1  1  1 -1 -1 -1  1 -1 -1  1  1  1  1  1  1  1
  1  1  1  1  1  1] [ 3 10 11 15 18 19 20 21 23 27 28 29 34 35 36 37 41 42 43 44 45 46 47 50
 51 52 53 54 55 61] [ 8848  2804  2463 14527  6942  3446  3840  9868 15629  7608  3434  8347
 10680 10435  3974 12476 15145  3439 12532  2983  3335  5667  3150  4914
  3747  5634  4207  7105  3282  6091] [] 1716193748.1566662788
[ 1  1  1  1  1  1  1 -1  1 -1  1  1  1  1  1  1  1  1  1  1  1  1  1  1
 -1  1  1  1  1 -1  1  1] [ 3 10 11 15 18 19 20 21 23 24 27 28 29 34 35 36 37 41 42 43 44 45 46 47
 48 50 51 52 53 54 55 61] [ 6275  2700  2407 14495  6915  3354  3611  9927 15593 13679  7034  3184
  7073  9697  9511  3642 12308 13115  3401 12297  2951  3223  5667  3072
 15688  4812  3673  5572  4025  7137  3201  6063] [] 1716193748.1997523308
[ 1  1  1  1  1  1  1 -1  1  1  1  1  1 -1  1  1  1  1  1  1  1  1  1  1
  1  1  1  1  1  1  1  1] [ 3 10 11 15 18 19 20 21 23 24 27 28 29 34 35 36 37 41 42 43 44 45 46 47
 48 50 51 52 53 54 55 61] [ 5358  2640  2367 14027  6899  3231  3478  9946 13862 13079  6830  2997
  6942 10541  8402  3462 11549 11171  3215 12101  2846  3150  5531  3064
 10940  4240  3512  5446  3945  7035  3072  6027] [] 1716193748.2426862717
[ 1  1  1  1  1  1  1  1  1  1  1  1  1 -1  1  1  1  1  1  1  1  1 -1  1
  1  1  1  1  1  1  1  1] [ 3 10 11 15 18 19 20 21 23 24 27 28 29 34 35 36 37 41 42 43 44 45 46 47
 48 50 51 52 53 54 55 61] [ 5308  2628  2335 13591  6829  3135  3290  9871 12959 12823  6795  2885
  6911 11325  7812  3331 10976 10933  3187 12062  2782  3051  5574  2886
 10108  3796  3442  5348  3765  6964  2981  5938] [] 1716193748.2857227325
[ 1  1  1  1 -1  1  1 -1 -1  1 -1  1  1  1  1  1 -1 -1  1 -1  1  1  1  1
  1  1  1  1  1  1  1  1] [ 3 10 11 15 18 19 20 21 23 24 27 28 29 34 35 36 37 41 42 43 44 45 46 47
 48 50 51 52 53 54 55 61] [ 5277  2584  2295 13343  6844  2990  3281  9972 13875 11889  6811  2748
  6900 11319  7488  3259 11216 10987  3121 12105  2780  3002  5518  2875
  9437  3726  3421  5348  3696  6877  2971  5931] [] 1716193748.3285655975
[ 1  1  1 -1  1  1 -1  1 -1  1 -1  1  1  1  1 -1 -1  1  1  1  1  1  1  1
  1  1  1  1  1  1  1 -1  1] [ 3 10 11 15 18 19 20 21 23 24 25 27 28 29 34 35 36 37 41 42 43 44 45 46
 47 48 50 51 52 53 54 55 61] [ 5259  2538  2287 13367  6800  2971  3289  9812 13972 11799 16069  6760
  2700  6870 11269  7547  3264 11084 10919  3089 12021  2734  2993  5501
  2874  9371  3711  3384  5284  3681  6868  2980  5908] [] 1716193748.3717415333
[ 1 -1  1  1  1 -1  1  1 -1 -1  1  1  1 -1  1  1  1  1  1 -1  1  1  1  1
  1  1  1  1  1  1  1  1 -1] [ 3 10 11 15 18 19 20 21 23 24 25 27 28 29 34 35 36 37 41 42 43 44 45 46
 47 48 50 51 52 53 54 55 61] [ 5245  2545  2282 13255  6787  3001  3255  9773 14277 11802 15954  6529
  2637  6884 11167  7506  3260 10987 10883  3091 11991  2722  2986  5466
  2859  9328  3662  3381  5224  3673  6822  2973  5959] [] 1716193748.4147088528
[-1  1  1  1  1  1  1 -1  1  1  1  1  1  1  1  1  1  1  1 -1 -1 -1 -1  1
  1 -1 -1 -1 -1  1 -1 -1  1] [ 3 10 11 15 18 19 20 21 23 24 25 27 28 29 34 35 36 37 41 42 43 44 45 46
 47 48 50 51 52 53 54 55 61] [ 5302  2538  2267 13215  6738  2984  3191  9800 13872 11767 15457  6524
  2603  6849 10983  7454  3223 10982 10879  3110 12387  2816  3015  5451
  2857 11960  3732  3408  5288  3659  6947  2988  5945] [] 1716193748.4577896595
[ 1 -1 -1 -1 -1  1 -1  1 -1 -1  1 -1 -1  1 -1 -1 -1 -1 -1  1  1 -1  1 -1
 -1 -1 -1 -1  1  1 -1 -1] [ 3 10 11 15 18 19 20 21 23 24 27 28 29 34 35 36 37 41 42 43 44 45 46 47
 48 50 51 52 53 54 55 61] [ 5286  2560  2287 13255  6813  2955  3228  9664 14287 11775  6503  2661
  6917 10691  7461  3238 11114 11555  3181 11997  2769  3035  5439  2888
 15802  4098  3456  5332  3644  6821  3059  5993] [] 1716193748.5006279945
[ 1 -1 -1 -1  1 -1 -1  1  1 -1  1 -1  1  1 -1 -1 -1 -1 -1 -1 -1 -1 -1 -1
 -1 -1 -1 -1 -1 -1 -1] [ 3 10 11 15 18 19 20 21 23 24 27 28 29 34 35 36 37 41 42 43 44 45 46 47
 50 51 52 53 54 55 61] [ 5284  2572  2327 13355  6767  3002  3317  9660 13814 11862  6469  2831
  6890 10270  7532  3266 11116 13993  3220 12111  2868  3110  5475  2973
  4274  3568  5360  3781  6850  3150  6009] [] 1716193748.5437626839
[-1  1  1 -1 -1 -1 -1  1 -1 -1 -1 -1  1  1 -1 -1 -1 -1 -1 -1 -1 -1 -1 -1
 -1 -1 -1 -1 -1 -1 -1] [ 3 10 11 15 18 19 20 21 23 24 27 28 29 34 35 36 37 41 42 43 44 45 46 47
 50 51 52 53 54 55 61] [ 8556  2560  2319 13643  6823  3043  3460  9523 13903 12432  6497  2881
  6857  9811  7658  3348 11160 14703  3376 12307  2890  3160  5527  3101
  4753  3728  5508  3842  6950  3307  6114] [] 1716193748.5868134499
[-1 -1 -1 -1 -1 -1 -1  1 -1 -1 -1 -1 -1 -1 -1 -1 -1 -1 -1 -1 -1 -1 -1 -1
 -1 -1 -1 -1 -1 -1] [ 3 10 11 15 18 19 20 21 23 24 27 28 29 34 35 36 37 42 43 44 45 46 47 50
 51 52 53 54 55 61] [ 8665  2600  2321 14277  6846  3081  3540  9482 13928 12801  6649  3046
  6871  9834  7989  3439 11289  3607 13521  2970  3242  5554  3223  5219
  3785  5562  3914  7073  3437  6157] [] 1716193748.6297454834
[-1 -1 -1  1 -1 -1 -1 -1 -1 -1 -1 -1 -1 -1 -1 -1 -1 -1 -1 -1 -1 -1  1 -1
 -1 -1 -1] [ 3 10 11 18 19 20 21 23 27 28 29 34 35 36 37 42 44 45 46 47 50 51 52 53
 54 55 61] [ 8679  2648  2370  6843  3215  3751  9609 14052  7206  3260  7002  9905
  8855  3850 11966  3702  3113  3329  5699  3348  6120  3871  5547  4001
  7283  3693  6160] [] 1716193748.6725914478
[-1 -1 -1 -1 -1 -1  1  1  1 -1 -1 -1  1 -1 -1 -1 -1 -1 -1 -1 -1 -1 -1 -1
 -1 -1 -1] [ 3 10 11 18 19 20 21 23 27 28 29 34 35 36 37 42 44 45 46 47 50 51 52 53
 54 55 61] [ 8740  2667  2463  6891  3305  3808  9434 13633  7179  3286  8026 10004
  8829  4010 12198  3914  3189  3457  5732  3584  6482  4105  5663  4216
  9063  4158  6256] [] 1716193748.7157115936
[-1 -1 -1 -1 -1 -1 -1  1 -1 -1 -1 -1  1 -1 -1 -1 -1 -1 -1 -1 -1 -1 -1 -1
 -1 -1 -1] [ 3 10 11 18 19 20 21 23 27 28 29 34 35 36 37 42 44 45 46 47 50 51 52 53
 54 55 61] [ 8827  2752  2583  6907  3424  3897  9515 13296  7205  3469  8045 10903
  8781  4205 12278  4141  3208  3670  5850  3757  7188  4571  5887  4400
  9158  4633  6355] [] 1716193748.7587757111
[-1 -1 -1 -1 -1 -1 -1 -1 -1 -1 -1  1 -1 -1 -1 -1 -1 -1 -1 -1 -1 -1 -1 -1
 -1 -1 -1] [ 3 10 11 18 19 20 21 23 27 28 29 34 35 36 37 42 44 45 46 47 50 51 52 53
 54 55 61] [ 9105  2830  2631  6934  3491  4021  9573 13377  7485  3669  8164 10897
 10504  4401 12320  4504  3321  3873  6261  3914  8029  4755  6013  4708
 11389  4926  6398] [] 1716193748.8016130924
[ 1 -1  1 -1 -1 -1 -1  1 -1 -1 -1 -1 -1 -1 -1 -1 -1 -1 -1 -1 -1 -1 -1 -1
 -1 -1] [10 11 18 19 20 21 23 27 28 29 34 35 36 37 42 44 45 46 47 50 51 52 53 54
 55 61] [ 2795  2677  6909  3564  4159  9638 13428  7483  4052  8298 11147 10538
  4690 12377  4995  3338  4306  7276  4087  8555  5094  6200  4821 11392
  5397  6483] [] 1716193748.8447294235
[-1 -1 -1 -1 -1 -1 -1 -1 -1 -1  1 -1 -1 -1 -1 -1 -1 -1 -1 -1 -1 -1 -1 -1
 -1 -1] [10 11 18 19 20 21 23 27 28 29 34 35 36 37 42 44 45 46 47 50 51 52 53 54
 55 61] [ 2887  2778  6933  3701  4431  9765 13459  7497  4513  8410 11130 11132
  4918 12496  6107  3412  4822  8489  4291 10552  5793  6251  4871 11475
  7637  6523] [] 1716193748.8877253532
[-1 -1 -1 -1 -1 -1  1 -1 -1 -1 -1 -1 -1 -1 -1 -1 -1 -1 -1 -1  1 -1 -1 -1] [10 11 18 19 20 21 23 27 28 29 34 35 36 37 42 44 45 46 47 51 52 53 54 61] [ 2903  2890  7004  3771  4509  9900 13197  7533  4817  8611 11179 13449
  5274 12595  6477  3546  4972  8789  4446  6043  6211  4935 11509  6531] [] 1716193748.9307603836
[-1 -1 -1 -1 -1 -1  1 -1 -1  1 -1 -1 -1 -1 -1 -1 -1 -1 -1 -1 -1 -1 -1 -1] [10 11 18 19 20 21 23 27 28 29 34 35 36 37 42 44 45 46 47 51 52 53 54 61] [ 2999  3046  7063  3895  4704 10100 12997  7551  5020  8481 11243 16295
  5579 12672  6799  3583  5176  8876  4928  6370  6601  5037 11684  6642] [] 1716193748.9736533165
[-1 -1 -1 -1 -1 -1 -1 -1 -1 -1 -1 -1  1 -1 -1 -1 -1 -1 -1 -1 -1 -1 -1] [10 11 18 19 20 21 23 27 28 29 34 36 37 42 44 45 46 47 51 52 53 54 61] [ 3068  3199  7090  4061  4812 10246 13053  7603  5417  8597 11472  6542
 12672  7454  3751  5955 10404  5173  6693  6866  5329 11948  6943] [] 1716193749.0165412426
[-1 -1 -1 -1 -1 -1 -1 -1 -1 -1 -1 -1 -1 -1 -1  1 -1 -1 -1 -1 -1] [10 11 18 19 20 21 23 27 28 29 36 37 42 44 45 46 47 51 52 53 61] [ 3120  3396  7147  4221  5314 10439 13103  7670  5681 10573  6957 13759
  8580  3755  6024  9297  5630  8025  6941  5421  6976] [] 1716193749.0597236156
[-1 -1 -1 -1 -1 -1 -1 -1 -1 -1 -1 -1 -1 -1  1 -1 -1 -1 -1 -1] [10 11 18 19 20 21 23 27 28 29 36 42 44 45 46 47 51 52 53 61] [ 3241  3599  7195  4506  5953 10587 13916  7735  6902 11079  8805  9315
  3938  6194  8905  6328  8351  7208  5679  7235] [] 1716193749.1026935577
[-1 -1 -1 -1 -1  1  1 -1 -1 -1 -1 -1 -1 -1 -1 -1 -1 -1 -1] [10 11 18 19 20 21 23 27 28 36 42 44 45 46 47 51 52 53 61] [ 3328  3727  7293  4804  6170 10552 13669  7993  7038 10203 10929  4173
  6419 11748  7788  8658  7696  6079  7668] [] 1716193749.1456594467
[-1 -1 -1 -1 -1 -1 -1 -1 -1 -1 -1  1  1 -1 -1  1  1] [10 11 18 19 20 21 23 27 28 36 42 44 45 47 51 52 53] [ 3570  3856  7509  5506  6481 10772 15416  8165  8026 11015 11622  4158
  6358  8993  8709  7558  5826] [] 1716193749.1886370182
[-1 -1 -1 -1 -1 -1  1  1 -1 -1 -1 -1  1 -1 -1] [10 11 18 19 20 21 23 27 28 36 44 45 51 52 53] [ 3590  3970  9860  5984  7626 12140 14984  8111  8038 11143  4252  6418
  8628  7900  5859] [] 1716193749.2316999435
[-1 -1 -1 -1 -1  1 -1 -1 -1 -1 -1 -1 -1 -1] [10 11 18 19 20 23 27 28 36 44 45 51 52 53] [ 3732  4313 10164  7595  8654 14880  8256  8063 11238  4354  6483  8689
 11303  5890] [] 1716193749.2746953964
[-1 -1 -1 -1 -1 -1 -1 -1 -1 -1 -1 -1 -1] [10 11 18 19 20 27 28 36 44 45 51 52 53] [ 3972  4954 10259  8071  9439  8266  8126 11694  4790  6644  8941 11979
  6103] [] 1716193749.3176429272
[-1 -1 -1 -1 -1  1 -1  1 -1 -1 -1 -1 -1] [10 11 18 19 20 27 28 36 44 45 51 52 53] [ 4167  5543 10756  9376  9927  8235  8317 11486  5414  6757 12162 13693
  6806] [] 1716193749.3607020378
[-1 -1 -1 -1 -1  1 -1 -1 -1 -1 -1] [10 11 19 20 27 28 36 44 45 52 53] [ 4736  6269  9478 10397  8285  8286 11571  5551  6820 15185  6879] [] 1716193749.4036931992
[-1 -1 -1  1 -1  1 -1 -1 -1 -1] [10 11 19 20 27 28 36 44 45 53] [ 5154  6944  9503  9939  8374  8207 11641  6126  6929  9642] [] 1716193749.4464743137
[-1 -1 -1 -1 -1 -1 -1 -1  1 -1] [10 11 19 20 27 28 36 44 45 53] [ 5927  8462  9618 10850  8555  8680 12407  6443  6786 12528] [] 1716193749.4895608425
[-1 -1 -1 -1 -1 -1 -1 -1  1] [10 11 19 20 27 28 36 44 45] [ 6481  8840  9795 11163  8697 10486 12793  7060  6771] [] 1716193749.5325396061
[-1 -1 -1 -1 -1 -1 -1 -1 -1] [10 11 19 20 27 28 36 44 45] [ 7873  8894  9829 11406 10951 10628 13155  9814  7824] [] 1716193749.5755972862
[-1 -1 -1 -1 -1  1 -1 -1] [10 11 19 20 27 28 44 45] [ 8767  9033  9979 11731 11517 10623 10421  7935] [] 1716193749.6186656952
[-1 -1  1 -1 -1  1 -1 -1] [10 11 19 20 27 28 44 45] [ 9657  9198  9921 12277 12499 10597 11234  8470] [] 1716193749.6615917683
[-1 -1 -1 -1 -1 -1 -1 -1 -1] [10 11 19 20 27 28 36 44 45] [11270  9651 10398 12898 15494 10975 14843 12280 10088] [] 1716193749.7045619488
[-1  1  1 -1  1  1 -1 -1] [10 11 19 20 28 36 44 45] [14270  9386 10358 13091 10865 14791 12533 10323] [] 1716193749.7474524975
[ 1 -1  1 -1  1 -1] [11 20 28 36 44 45] [ 9138 13743 10627 14804 12519 10821] [] 1716193749.7904179096
[-1 -1 -1 -1] [11 28 36 44] [ 9391 10985 14837 12605] [] 1716193749.8333878517
[-1  1 -1 -1] [11 28 36 44] [ 9404 10751 15196 13098] [] 1716193749.8763718605
[-1 -1 -1] [11 28 44] [ 9680 11105 13681] [] 1716193749.9193062782
[-1  1] [28 44] [11409 13564] [] 1716193749.9622843266
[-1 -1] [28 44] [11892 13619] [] 1716193750.0053811073
[-1  1] [28 44] [12050 13618] [] 1716193750.0484244823
[1 1] [28 44] [11929 13554] [] 1716193750.0913829803
[ 1 -1] [28 44] [11845 14015] [] 1716193750.1444594860
2 2 2 1716193750.1448194981
