FA TAX ADC PRES TS
[-1] [44] [12541] [] 1716193024.9811797142
[-1  1] [27 44] [13312 12442] [] 1716193025.0241401196
[ 1 -1] [27 44] [13216 12443] [] 1716193025.0672714710
[-1 -1 -1  1] [11 19 27 44] [11419 13731 13295 12434] [] 1716193025.1102254391
[ 1  1 -1  1] [11 19 27 44] [10448 12846 13424 12339] [] 1716193025.1532552242
[ 1  1  1 -1] [11 19 27 44] [ 9836 11273 13382 12375] [] 1716193025.1961750984
[1 1 1 1] [11 19 27 44] [ 9505 10487 13322 12273] [] 1716193025.2392148972
[ 1  1 -1 -1] [11 19 27 44] [ 9433  9776 13420 12297] [] 1716193025.2821650505
[1 1 1 1] [11 19 27 44] [ 9386  9572 13355 12216] [] 1716193025.3251609802
[1 1 1 1] [11 19 27 44] [ 9314  9540 13248 12035] [] 1716193025.3681719303
[ 1  1  1 -1] [11 19 27 44] [ 9203  9274 13189 12256] [] 1716193025.4111888409
[ 1  1 -1  1] [11 19 27 44] [ 9176  9214 13268  8415] [] 1716193025.4541957378
[1 1 1 1] [11 19 27 44] [ 9155  9202 13191  8325] [] 1716193025.4971587658
[ 1  1  1 -1  1] [11 19 27 35 44] [ 9055  9114 13121 14179  8079] [] 1716193025.5401773453
[1 1 1 1 1] [11 19 27 35 44] [ 8997  9046 13048 13314  8029] [] 1716193025.5831592083
[1 1 1 1 1] [11 19 27 35 44] [ 8964  9044 12905 12765  7933] [] 1716193025.6261768341
[ 1 -1 -1  1 -1] [11 19 27 35 44] [ 7935  9057 12937 11633  7997] [] 1716193025.6691527367
[ 1  1 -1 -1  1  1] [11 19 27 28 35 44] [ 7823  8588 12979 11695 11364  7918] [] 1716193025.7121767998
[1 1 1 1 1 1] [11 19 27 28 35 44] [ 7702  8519 12773 11383 11223  7917] [] 1716193025.7551779747
[ 1  1  1  1 -1  1] [11 19 27 28 35 44] [ 7677  7539 12678 11144 11225  7094] [] 1716193025.7981488705
[1 1 1 1 1 1] [11 19 27 28 35 44] [ 7575  6358 12671 11020 11179  6787] [] 1716193025.8411545753
[ 1  1 -1 -1  1  1] [11 19 27 28 35 44] [ 6767  6271 12692 11121  9453  6468] [] 1716193025.8841896057
[ 1  1 -1  1  1  1] [11 19 27 28 35 44] [ 6381  5838 12737 10891  9311  5318] [] 1716193025.9274246693
[ 1  1 -1  1  1  1  1] [11 19 20 27 28 35 44] [ 6235  5274 14933 12736 10807  9068  5041] [] 1716193025.9704322815
[-1  1  1  1 -1  1  1  1] [ 4 11 19 20 27 28 35 44] [12563  5861  4996 13345 12767 10788  8863  4973] [] 1716193026.0134670734
[-1  1  1  1  1  1  1  1 -1 -1] [ 3  4 11 19 20 27 28 35 44 61] [ 8884 12229  5517  4725 12808 12657 10677  8415  5077  7187] [] 1716193026.0563166142
[ 1  1  1  1  1  1 -1  1 -1  1  1] [ 3  4 11 19 20 27 28 35 36 44 61] [ 8750 11535  5171  4428 12566  8070 10761  7809 15058  4739  6676] [] 1716193026.0994489193
[ 1 -1  1  1 -1  1  1  1  1  1  1] [ 3  4 11 19 20 27 28 35 36 44 61] [ 8673 11613  4884  4168 12611  8006 10574  7511 14131  4227  6459] [] 1716193026.1424999237
[ 1 -1  1  1  1 -1  1  1  1  1 -1] [ 3  4 11 19 20 27 28 35 36 44 61] [ 8493 11801  4731  4046 12020 11026 10543  7294 13855  4127  6460] [] 1716193026.1854302883
[-1  1  1  1  1  1  1  1  1  1  1] [ 3  4 11 19 20 27 28 35 36 44 61] [ 8497 11772  4551  3924 11592 10900 10495  7046 13119  3962  6378] [] 1716193026.2282619476
[ 1  1  1 -1 -1  1  1  1  1  1  1] [ 3  4 11 19 20 27 28 35 36 44 61] [ 6387 11739  4046  3935 11613 10857 10384  6712 12714  3853  6186] [] 1716193026.2713749409
[ 1 -1  1  1  1  1 -1  1  1 -1 -1 -1] [ 3  4 11 19 20 27 28 35 36 44 52 61] [ 5154 11776  3940  3821 11294 10740 10427  6633 11780  3939 13137  6266] [] 1716193026.3144664764
[ 1  1  1 -1  1 -1  1 -1 -1  1  1 -1  1  1 -1] [ 3  4 11 19 20 26 27 28 34 35 36 42 44 52 61] [ 5014 11357  3839  3866 11199 16201 10535 10448 12178  6025 11773 12781
  3883  9500  6270] [] 1716193026.3574318886
[ 1  1  1  1  1  1  1 -1  1  1  1  1  1  1  1] [ 3  4 11 19 20 26 27 28 34 35 36 42 44 52 61] [ 4492 11316  3480  3866 11123 10871  9686 10498 11879  5695 11485 12583
  3771  8220  6242] [] 1716193026.4003546238
[ 1  1  1  1  1  1  1 -1 -1  1  1  1  1  1  1  1] [ 3  4 11 19 20 26 27 28 29 34 35 36 42 44 52 61] [ 4067  9502  3359  3803 11049 10762  9574 10589 12252  9266  5517 11068
 12169  3582  7489  6207] [] 1716193026.4435200691
[ 1  1  1 -1  1  1 -1  1  1  1  1  1 -1  1  1  1  1] [ 3  4 11 18 19 20 26 27 28 29 34 35 36 42 44 52 61] [ 3886  9279  3230 11624  3787 10911 10806  9572 10532 11722  9263  5387
 11267 10885  3376  6926  6162] [] 1716193026.4864776134
[ 1 -1  1  1  1 -1  1  1  1  1  1  1  1  1  1  1  1] [ 3  4 11 18 19 20 26 27 28 29 34 35 36 42 44 52 61] [ 3397  9286  2987  9609  3716 10962 10780  9491 10499 11169  9096  5212
 11209 10399  3247  6343  6029] [] 1716193026.5295279026
[ 1 -1  1  1  1 -1 -1  1  1 -1 -1  1  1 -1  1  1 -1  1 -1] [ 3  4 11 18 19 20 21 26 27 28 29 34 35 36 42 44 45 52 61] [ 3178  9301  2834  9235  3553 11026 11853 10585  9384 10588 11242  8998
  5054 11505 10133  3199 11148  6069  6071] [] 1716193026.5723435879
[1 1 1 1 1 1 1 1 1 1 1 1 1 1 1 1 1 1 1] [ 3  4 11 18 19 20 21 26 27 28 29 34 35 36 42 44 45 52 61] [ 3033  9163  2690  8979  3433 11025 11210 10199  8663 10493 10824  8791
  5013 10794  9501  3141 10522  5821  6016] [] 1716193026.6154103279
[-1  1  1  1  1  1  1  1  1  1  1  1  1  1  1  1  1  1  1  1] [ 2  3  4 11 18 19 20 21 26 27 28 29 34 35 36 42 44 45 52 61] [16044  2931  8701  2601  5922  3360 10986 11082 10137  7267 10438 10722
  8771  4943  9435  8507  3046 10066  5734  5990] [] 1716193026.6584835052
[1 1 1 1 1 1 1 1 1 1 1 1 1 1 1 1 1 1 1 1] [ 2  3  4 11 18 19 20 21 26 27 28 29 34 35 36 42 44 45 52 61] [15166  2843  8383  2537  5552  3347  8020 10609 10036  6595 10355 10578
  8251  4779  9263  7461  3019  9670  5259  5920] [] 1716193026.7014513016
[ 1  1  1 -1 -1  1 -1  1  1  1  1 -1  1  1  1  1 -1  1 -1  1  1  1] [ 2  3  4 10 11 18 19 20 21 26 27 28 29 34 35 36 37 42 44 45 52 61] [15124  2772  7260 12551  2564  4884  3371  6146 10504 10036  6378 10407
 10402  7806  4692  7807 16332  7215  3039  9029  5127  5892] [] 1716193026.7444050312
[-1  1  1  1  1  1  1  1 -1  1  1 -1  1  1  1  1  1  1  1  1  1 -1] [ 2  3  4 10 11 18 19 20 21 26 27 28 29 34 35 36 37 42 44 45 52 61] [15364  2719  7205 10992  2537  4820  3307  5841 10512  9974  6002 10477
 10340  7689  4648  7480 13196  6209  2938  7699  4556  5943] [] 1716193026.7874519825
[-1  1  1 -1  1  1  1  1  1  1  1  1 -1  1 -1  1  1  1 -1  1 -1  1 -1 -1] [ 2  3  4  9 10 11 18 19 20 21 26 27 28 29 34 35 36 37 42 44 45 52 53 61] [15518  2682  6015 15343  8130  2514  4674  3288  5179 10463  8582  5461
 10485 10160  7768  4580  6143 12793  6382  2913  7718  4516 10776  6183] [] 1716193026.8304326534
[ 1  1  1  1  1  1  1  1 -1 -1  1  1 -1  1  1  1  1  1  1  1  1  1  1  1] [ 3  4  9 10 11 18 19 20 21 23 26 27 28 29 34 35 36 37 42 44 45 52 53 61] [ 2603  6005 13189  7281  2505  4607  3235  4887 10630 15578  8332  5362
 10520 10109  7644  4343  5588 12516  6067  2847  7676  4314  8469  5991] [] 1716193026.8733308315
[ 1  1  1  1  1  1  1  1  1  1  1  1  1  1  1  1  1 -1  1  1  1 -1  1  1
 -1] [ 3  4  9 10 11 18 19 20 21 23 26 27 28 29 34 35 36 37 42 44 45 50 52 53
 61] [ 2550  5364 10279  6833  2432  4491  3205  4504 10505 14919  8276  5111
 10362 10094  7555  4153  4922 13344  5651  2806  7469 14911  4214  8074
  6010] [] 1716193026.9162805080
[-1 -1  1  1  1  1  1  1  1  1  1  1  1  1  1  1  1  1  1  1  1  1  1  1
  1 -1] [ 2  3  4  9 10 11 18 19 20 21 23 26 27 28 29 34 35 36 37 42 44 45 50 52
 53 61] [14872  2551  4956  8487  6532  2338  4322  3171  3987 10182 13587  8154
  4663 10360 10086  7539  4098  4339 13016  5398  2759  6290 14318  3926
  7871  6028] [] 1716193026.9592778683
[-1  1  1  1  1  1  1  1  1  1  1  1  1  1  1  1  1  1  1  1  1 -1 -1  1
  1 -1 -1] [ 2  3  4  9 10 11 18 19 20 21 23 26 27 28 29 34 35 36 37 42 44 45 46 50
 52 53 61] [15170  2499  4375  8260  6228  2297  4103  3120  3750 10135 13198  7973
  4568 10328 10084  6597  4068  4051 12548  4987  2717  6395 12072 14087
  3798  7987  6038] [] 1716193027.0023088455
[ 1  1  1  1  1  1  1  1  1 -1  1  1  1  1  1  1  1 -1  1  1  1  1  1  1
 -1 -1] [ 3  4  9 10 11 18 19 20 21 23 26 27 28 29 34 35 36 37 42 44 45 46 50 52
 53 61] [ 2424  4180  7979  5397  2258  3903  3091  3557 10104 13249  7967  4352
  8295  6642  6330  3902  3915 12620  4458  2641  6323  9145  8541  3723
  8111  6207] [] 1716193027.0452201366
[-1  1  1  1  1  1 -1  1  1  1  1 -1  1  1  1  1  1  1  1  1  1  1  1  1
  1  1  1 -1] [ 2  3  4  9 10 11 16 18 19 20 21 23 26 27 28 29 34 35 36 37 42 44 45 46
 50 52 53 61] [16040  2403  4105  7562  5184  2243 12931  3799  3047  3393  9104 13338
  7824  4227  8027  5815  5821  3810  3893 11307  4014  2623  6299  9129
  8504  3687  7915  6229] [] 1716193027.0882878304
[ 1  1  1  1  1  1  1 -1  1  1 -1  1  1  1  1  1  1  1  1  1  1  1  1  1
  1  1  1] [ 3  4  9 10 11 16 18 19 20 21 23 26 27 28 29 34 35 36 37 42 44 45 46 50
 52 53 61] [ 2341  3865  7188  4879  2169 10857  3607  3061  3184  8907 13440  7820
  4065  7738  5353  5496  3722  3738 10440  3722  2527  6276  7563  6735
  3544  7817  6109] [] 1716193027.1313455105
[-1 -1  1  1  1  1 -1 -1  1  1  1 -1 -1  1  1  1  1  1  1  1 -1 -1  1  1
  1  1  1  1  1  1] [ 2  3  4  9 10 11 15 16 18 19 20 21 23 26 27 28 29 34 35 36 37 41 42 44
 45 46 50 52 53 61] [12758  2387  3688  6923  4788  2165 15311 11079  3404  2981  3123  8920
 13708  7773  3877  7608  5278  5280  3656  3650 10985 14487  3702  2491
  6151  7345  6591  3520  7404  6061] [] 1716193027.1743414402
[ 1  1  1  1  1  1  1  1  1  1  1  1  1 -1  1 -1  1 -1  1  1  1 -1  1  1
  1  1  1  1  1  1 -1] [ 2  3  4  9 10 11 15 16 18 19 20 21 23 26 27 28 29 33 34 35 36 37 41 42
 44 45 46 50 52 53 61] [ 9142  2355  3549  6574  4712  2152 14747 10901  3396  2935  3081  8762
 13552  7824  3766  7719  5215 15684  4993  3640  3566 12029 14303  3437
  2483  6143  7203  6440  3336  7347  6075] [] 1716193027.2172591686
[-1  1  1  1  1  1  1  1  1  1  1 -1  1  1  1  1  1  1  1  1  1  1 -1  1
  1  1 -1 -1  1  1 -1] [ 2  3  4  9 10 11 15 16 18 19 20 21 23 26 27 28 29 33 34 35 36 37 41 42
 44 45 46 50 52 53 61] [ 9476  2347  3296  6084  4453  2095 13675 10545  3263  2839  2939  8823
 13464  7806  3633  7619  5215 13717  4779  3562  3365  8477 14309  3382
  2435  6109  7225  6458  3306  7343  6111] [] 1716193027.2602858543
[-1  1  1 -1  1  1  1  1  1  1  1  1 -1 -1  1  1  1 -1  1  1  1  1 -1  1
  1  1  1  1  1 -1  1] [ 2  3  4  9 10 11 15 16 18 19 20 21 23 26 27 28 29 33 34 35 36 37 41 42
 44 45 46 50 52 53 61] [ 9507  2307  3264  6121  4260  2069 13535 10478  3255  2823  2923  8701
 13528  7819  3588  7583  4841 13744  4724  3532  3309  8198 14398  3354
  2429  6087  7207  6454  3298  7391  6077] [] 1716193027.3034613132
[ 1  1  1  1 -1 -1  1  1  1  1 -1  1  1  1 -1 -1  1  1  1  1  1 -1 -1  1
 -1  1 -1 -1  1  1  1] [ 2  3  4  9 10 11 15 16 18 19 20 21 23 26 27 28 29 33 34 35 36 37 41 42
 44 45 46 50 52 53 61] [ 9491  2303  3238  6062  4268  2087 13439 10405  3240  2792  2930  8676
 13427  7741  3594  7607  4799 13313  4676  3496  3295  8263 14414  3300
  2461  6060  7249  6463  3256  7278  6031] [] 1716193027.3463439941
[-1  1  1  1  1  1  1  1  1  1  1  1  1  1  1  1 -1  1 -1  1  1  1  1 -1
  1 -1 -1 -1 -1  1 -1] [ 2  3  4  9 10 11 15 16 18 19 20 21 23 26 27 28 29 33 34 35 36 37 41 42
 44 45 46 50 52 53 61] [ 9492  2287  3208  5853  4212  2087 13415 10303  3234  2781  2895  8594
 13366  7698  3570  7576  4821 12779  4698  3488  3275  8100 14295  3408
  2439  6067  7326  6483  3296  7008  6045] [] 1716193027.3894701004
[-1 -1 -1 -1 -1 -1 -1 -1 -1 -1  1  1 -1  1 -1 -1 -1  1 -1  1 -1 -1 -1 -1
 -1 -1 -1 -1  1 -1] [ 2  3  4  9 10 11 15 16 18 19 20 21 23 26 27 28 29 33 34 35 36 37 42 44
 45 46 50 52 53 61] [ 9524  2299  3252  5909  4328  2099 13675 10344  3293  2796  2889  8571
 13465  7689  3629  7653  5123 12413  4711  3488  3294  8141  3605  2452
  6222  8085  6487  3328  6938  6079] [] 1716193027.4323577881
[-1 -1 -1 -1 -1 -1 -1 -1 -1 -1 -1 -1 -1  1  1  1 -1 -1 -1 -1 -1 -1 -1 -1
  1 -1 -1 -1 -1 -1] [ 2  3  4  9 10 11 15 16 18 19 20 21 23 26 27 28 29 33 34 35 36 37 42 44
 45 46 50 52 53 61] [ 9621  2314  3294  5959  4594  2127 15079 10368  3375  2832  2929  8633
 13500  7679  3589  7566  5149 12425  4932  3496  3346  8235  3654  2483
  6191  8333  8358  3360  7198  6083] [] 1716193027.4755153656
[-1  1 -1 -1 -1  1  1 -1 -1 -1  1  1  1 -1  1 -1 -1 -1 -1 -1 -1 -1 -1  1
 -1 -1 -1 -1  1] [ 2  3  4  9 10 11 16 18 19 20 21 23 26 27 28 29 33 34 35 36 37 42 44 45
 46 50 52 53 61] [14548  2295  3480  6159  4733  2122 10213  3421  2873  3007  8455 13410
  7669  3592  7461  5263 16121  5119  3506  3453  9251  3704  2492  6191
  8510 13287  3376  7722  6041] [] 1716193027.5184049606
[ 1 -1 -1 -1 -1 -1 -1 -1 -1 -1  1  1  1  1 -1 -1 -1 -1 -1 -1 -1  1 -1 -1
 -1  1] [ 3  4  9 10 11 16 18 19 20 21 23 26 27 28 29 34 35 36 37 42 44 45 50 52
 53 61] [ 2295  3627  6372  4831  2131 10271  3629  2933  3016  8486 13404  7611
  3575  7455  5325  5210  3535  3575  9656  4298  2520  6191 13476  3597
  7827  5991] [] 1716193027.5614471436
[-1 -1 -1 -1 -1 -1 -1  1 -1 -1  1 -1 -1 -1 -1 -1 -1 -1 -1 -1 -1 -1 -1 -1
 -1  1] [ 3  4  9 10 11 16 18 19 20 21 23 26 27 28 29 34 35 36 37 42 44 45 50 52
 53 61] [ 2325  3784  6861  5250  2159 10464  3746  2902  3111  8661 13340  7737
  3636  7564  7043  5649  3600  3663 10194  4640  2559  6234 13894  3622
  7854  5958] [] 1716193027.6043896675
[-1 -1  1 -1 -1 -1 -1 -1 -1 -1 -1  1 -1 -1  1 -1 -1 -1 -1 -1 -1 -1 -1 -1
  1] [ 3  4  9 10 11 16 18 19 20 21 23 26 27 28 29 34 35 36 37 42 44 45 52 53
 61] [ 2335  3885  6861  5577  2192 11459  3959  2949  3137  9825 13412  7721
  3848  7651  7036  6051  3614  3709 10473  5176  2571  7241  3680  7991
  5923] [] 1716193027.6474685669
[-1 -1 -1 -1 -1 -1 -1 -1  1  1 -1 -1 -1 -1 -1 -1 -1 -1 -1 -1 -1 -1 -1 -1] [ 3  4  9 10 11 18 19 20 21 23 26 27 28 29 34 35 36 37 42 44 45 52 53 61] [ 2357  4322  7556  6173  2226  4112  2972  3418  9748 12970  7820  4030
  9860 10012  6571  3716  3906 11824  5273  2687  7346  3712 11351  5951] [] 1716193027.6904125214
[-1 -1 -1 -1 -1 -1 -1 -1 -1 -1 -1 -1  1  1 -1 -1 -1 -1 -1  1 -1 -1  1] [ 3  4  9 10 11 18 19 20 21 23 26 27 28 29 34 35 36 37 42 44 45 52 61] [ 2467  4926  8007  6678  2292  4403  3081  3630  9807 13356  7876  4065
  9829  9808  6660  3868  4129 12198  5396  2651  7357  3790  5898] [] 1716193027.7334504128
[-1 -1 -1 -1 -1 -1  1 -1 -1 -1 -1 -1 -1 -1 -1 -1 -1 -1 -1 -1 -1 -1 -1] [ 3  4  9 10 11 18 19 20 21 23 26 27 28 29 34 35 36 37 42 44 45 52 61] [ 2481  5435  8111  7339  2322  4547  3076  3786  9943 13573  8035  4341
  9921  9866  6667  3952  4287 12323  8341  2695  7916  4060  5919] [] 1716193027.7763640881
[-1 -1 -1 -1 -1 -1 -1 -1 -1 -1 -1 -1  1 -1 -1 -1 -1 -1 -1 -1 -1 -1] [ 3  4  9 10 11 18 19 20 21 26 27 28 29 34 35 36 37 42 44 45 52 61] [ 2515  6734  9431  9591  2341  4775  3081  4676 10091  9749  4385  9936
  9739  7666  4005  4743 13119  8901  2697  9468  4088  5969] [] 1716193027.8193867207
[ 1 -1 -1  1 -1 -1 -1 -1 -1 -1  1  1 -1 -1 -1 -1 -1 -1 -1 -1] [ 3  4  9 11 18 19 20 21 26 27 28 29 34 35 36 42 44 45 52 61] [ 2515  6956 12019  2313  4989  3129  5248 10212  9828  4443  9913  9739
  7805  4154  5461  9911  2764 10279  4289  6030] [] 1716193027.8623988628
[-1 -1  1 -1  1 -1 -1 -1 -1  1 -1 -1 -1 -1 -1  1 -1  1] [ 3  4 11 18 19 20 21 26 27 28 29 34 35 36 42 44 52 61] [ 2527  7959  2304  8348  3069  5725 10312  9888  4553  9859 10047  8841
  4249  6925 10434  2758  4549  5969] [] 1716193027.9054517746
[-1 -1 -1 -1 -1 -1 -1 -1 -1 -1 -1  1 -1 -1 -1 -1 -1 -1] [ 3  4 11 18 19 20 21 26 27 28 29 34 35 36 42 44 52 61] [ 2571  8686  2350  8620  3086  6515 10603  9910  4632  9965 10262  8627
  4337  7662 11123  2814  4798  6024] [] 1716193027.9484531879
[-1  1 -1 -1 -1 -1 -1 -1 -1 -1 -1 -1 -1 -1 -1 -1 -1 -1] [ 3  4 11 18 19 20 21 26 27 28 29 34 35 36 42 44 52 61] [ 2696  8634  2410  9152  3141 10375 10862 10080  4773 10036 10520  8843
  4432  9378 13522  3007  5647  6157] [] 1716193027.9913733006
[-1 -1 -1 -1  1 -1 -1 -1  1 -1 -1 -1 -1 -1 -1 -1] [ 3  4 11 19 20 21 26 27 28 29 34 35 36 44 52 61] [ 2811  8655  2440  3161 10365 15395 10110  4857 10031 10559  8867  4647
 10047  3096  6001  6245] [] 1716193028.0343353748
[-1  1 -1 -1  1 -1 -1 -1 -1  1 -1 -1 -1 -1 -1] [ 3  4 11 19 20 26 27 28 29 34 35 36 44 52 61] [ 2897  8492  2521  3170 10311 10215  5312 10094 10854  8809  4673 11070
  3339  7285  6246] [] 1716193028.0774106979
[-1 -1 -1 -1 -1 -1 -1 -1 -1 -1 -1 -1 -1 -1] [ 3  4 11 19 20 26 27 28 34 35 36 44 52 61] [ 3082 10276  2630  3182 10470 10528  5813 10155 11505  4836 11259  3634
  8429  6407] [] 1716193028.1202831268
[-1  1 -1 -1 -1 -1 -1 -1  1 -1  1  1 -1 -1] [ 3  4 11 19 20 26 27 28 34 35 36 44 52 61] [ 3579 10196  2778  3219 10542 12258  6357 10175 11490  5042 11032  3631
 11659  6447] [] 1716193028.1633932590
[-1 -1 -1  1 -1  1  1  1 -1 -1  1] [ 3  4 11 19 20 27 28 35 36 44 61] [ 4262 10303  2973  3185 10699  6231 10058  4931 11433  3886  6408] [] 1716193028.2063596249
[-1  1 -1 -1  1 -1 -1 -1  1 -1] [ 3  4 11 19 20 27 28 35 36 44] [ 4855 10216  3202  3315 10690  6371 10059  5119 11222  4215] [] 1716193028.2494211197
[-1 -1 -1 -1 -1 -1 -1 -1 -1 -1] [ 3  4 11 19 20 27 28 35 36 44] [ 7159 10253  3883  3366 10975  6451 10283  5665 12462  4256] [] 1716193028.2923207283
[-1 -1 -1 -1  1 -1 -1 -1 -1 -1] [ 3  4 11 19 20 27 28 35 36 44] [ 8296 10424  4266  3480 10929  6783 10335  6234 13193  4719] [] 1716193028.3353166580
[-1 -1 -1 -1 -1 -1 -1 -1 -1 -1] [ 3  4 11 19 20 27 28 35 36 44] [ 8357 10628  4504  3611 11037  7276 10474  6730 13523  4911] [] 1716193028.3783919811
[-1 -1 -1 -1 -1 -1 -1 -1 -1 -1] [ 3  4 11 19 20 27 28 35 36 44] [ 8469 10851  4915  3802 11468  7485 10602  7198 13679  5606] [] 1716193028.4213609695
[-1 -1 -1 -1  1  1 -1 -1 -1 -1] [ 3  4 11 19 20 27 28 35 36 44] [ 8649 11074  5045  3957 11431  7466 10614  8031 13953  5980] [] 1716193028.4642748833
[ 1 -1 -1 -1 -1 -1 -1 -1] [ 4 11 19 20 27 28 35 44] [10698  5207  4058 11791  7487 10623  9040  6219] [] 1716193028.5073413849
[-1 -1 -1 -1 -1 -1 -1 -1] [ 4 11 19 20 27 28 35 44] [10778  6014  4444 12503  7587 10699  9500  6761] [] 1716193028.5502853394
[ 1 -1 -1 -1  1 -1 -1] [ 4 11 19 27 28 35 44] [10443  6343  4972  7664 10659 11341  7708] [] 1716193028.5933289528
[-1 -1 -1 -1 -1  1 -1] [ 4 11 19 27 28 35 44] [10458  7596  5362  8411 12814 11327  7778] [] 1716193028.6363677979
[ 1 -1 -1  1 -1 -1] [ 4 11 19 27 35 44] [10294  7731  5724  8390 11423  7965] [] 1716193028.6791923046
[-1 -1 -1 -1 -1 -1] [ 4 11 19 27 35 44] [11542  8001  7874  8601 11499  8122] [] 1716193028.7223923206
[-1 -1  1 -1 -1 -1] [11 19 27 28 35 44] [ 8830  8461  7719 11375 11579  8399] [] 1716193028.7653892040
[-1 -1 -1  1 -1 -1] [11 19 27 28 35 44] [ 8995  9303  8859 11204 11767 11977] [] 1716193028.8082644939
[-1  1 -1  1  1 -1] [11 19 27 28 35 44] [ 9071  9282  8934 11169 11698 12369] [] 1716193028.8513112068
[-1 -1 -1 -1 -1] [11 19 27 28 35] [ 9169  9364  9062 11227 11772] [] 1716193028.8943810463
[-1 -1 -1 -1 -1] [11 19 27 28 35] [ 9313  9396  9089 11263 11973] [] 1716193028.9372985363
[-1 -1 -1 -1 -1] [11 19 27 28 35] [ 9420  9407  9117 11282 14725] [] 1716193028.9803528786
[ 1  1 -1  1] [11 19 27 35] [ 9407  9384  9212 14067] [] 1716193029.0232019424
[ 1  1 -1] [11 19 27] [ 9270  8474 10378] [] 1716193029.0662891865
[-1  1 -1] [11 19 27] [ 9323  5098 12092] [] 1716193029.1092610359
[-1 -1 -1] [11 19 27] [ 9483  5873 12782] [] 1716193029.1522240639
[-1 -1 -1] [11 19 27] [ 9528  9092 12967] [] 1716193029.1952943802
[1] [11] [8867] [] 1716193029.2382755280
[-1] [11] [10450] [] 1716193029.2812449932
[1] [11] [10400] [] 1716193029.3241996765
[-1] [11] [10644] [] 1716193029.3672721386
2 2 2 1716193029.6684293747
