FA TAX ADC PRES TS
[-1] [34] [13986] [] 1716192846.1005082130
[1] [34] [12120] [] 1716192846.1436386108
[-1  1] [26 34] [13419 11973] [] 1716192846.1866431236
[1 1] [26 34] [13410 11879] [] 1716192846.2296798229
[ 1 -1 -1] [26 28 34] [10511 12733 12149] [] 1716192846.2724690437
[1 1 1] [26 28 34] [ 9894 11964 11888] [] 1716192846.3156540394
[1 1 1] [26 28 34] [ 9768 11714  9842] [] 1716192846.3586330414
[-1 -1 -1  1 -1] [19 26 27 28 34] [15027  9798 14487 11442  9932] [] 1716192846.4015781879
[1 1 1 1 1] [19 26 27 28 34] [12957  9560 13898 11128  9691] [] 1716192846.4446535110
[ 1  1  1 -1  1] [19 26 27 28 34] [12547  9330 13596 11130  9455] [] 1716192846.4876489639
[-1  1  1  1  1 -1] [19 26 27 28 34 44] [13397  9178 13560 10960  9322 14839] [] 1716192846.5306184292
[ 1  1 -1 -1  1  1] [19 26 27 28 34 44] [12608  8985 13698 11150  9229 13537] [] 1716192846.5736765862
[-1  1 -1  1 -1 -1  1] [11 19 26 27 28 34 44] [12769 11542  9090 10879 11197  9325 13214] [] 1716192846.6166391373
[ 1 -1  1  1  1  1  1] [11 19 26 27 28 34 44] [11843 11552  7950 10387 11045  9095 13018] [] 1716192846.6597573757
[ 1  1  1  1 -1  1 -1  1] [11 19 26 27 28 34 36 44] [10149 11072  6963  8828 11051  8580 14711 12638] [] 1716192846.7026827335
[1 1 1 1 1 1 1 1] [11 19 26 27 28 34 36 44] [10028 10439  6582  8134 10804  8186 14458 12588] [] 1716192846.7456979752
[ 1  1 -1  1  1 -1  1  1 -1  1] [11 19 21 26 27 28 34 36 42 44] [10003 10299 12742  6400  8077 10887  8155 14393 15911 12489] [] 1716192846.7886681557
[1 1 1 1 1 1 1 1 1 1] [11 19 21 26 27 28 34 36 42 44] [ 9733 10109 11381  5746  7866 10682  8115 14269 10948 11441] [] 1716192846.8317065239
[ 1 -1  1  1  1  1  1  1  1  1] [11 19 21 26 27 28 34 36 42 44] [ 9454 10125 10921  5260  7716  8708  8030 13899 10573 11195] [] 1716192846.8746752739
[1 1 1 1 1 1 1 1 1 1] [11 19 21 26 27 28 34 36 42 44] [ 9355 10016 10808  4999  7623  8433  7945 13716  9831  8260] [] 1716192846.9177026749
[-1  1  1 -1  1  1  1  1  1  1  1] [10 11 19 21 26 27 28 34 36 42 44] [14208  9337  9831 10884  4718  7557  8291  7367 13607  9191  6348] [] 1716192846.9606528282
[ 1 -1  1 -1  1  1  1  1  1 -1  1  1  1] [10 11 19 20 21 26 27 28 34 35 36 42 44] [10854  9418  8885 13496 10744  4449  7478  8277  6621 15039 13050  9069
  5821] [] 1716192847.0037550926
[ 1  1 -1  1  1  1  1  1  1  1  1 -1  1  1] [10 11 18 19 20 21 26 27 28 34 35 36 42 44] [10301  9348 11692  7999 12905 10383  4423  7474  8172  6606 15018 13145
  7986  5485] [] 1716192847.0467281342
[1 1 1 1 1 1 1 1 1 1 1 1 1 1] [10 11 18 19 20 21 26 27 28 34 35 36 42 44] [ 9592  9270  7556  7500 12283 10364  4339  7449  8008  6487 13790 12942
  6417  5140] [] 1716192847.0896530151
[ 1 -1  1  1  1 -1  1 -1  1  1  1  1  1  1] [10 11 18 19 20 21 26 27 28 34 35 36 42 44] [ 9325  9277  7326  6799 11719 10463  4093  7460  7901  6333 12507 11244
  5805  4287] [] 1716192847.1327638626
[ 1  1  1  1  1  1  1 -1 -1  1  1  1  1  1] [10 11 18 19 20 21 26 27 28 34 35 36 42 44] [ 9145  9009  6399  6139 11482 10046  3941  7465  8005  6236 10443  9970
  5494  3978] [] 1716192847.1757166386
[ 1  1  1  1  1 -1  1  1  1  1  1  1  1  1] [10 11 18 19 20 21 26 27 28 34 35 36 42 44] [ 8354  8654  6042  5607 11314 10051  3901  7321  7203  6106 10125  9748
  5111  3854] [] 1716192847.2186758518
[ 1 -1  1  1  1 -1  1  1  1  1  1  1  1  1] [10 11 18 19 20 21 26 27 28 34 35 36 42 44] [ 7558  8805  5547  5117 11093 10141  3617  7238  6811  5711 10012  9039
  4826  3662] [] 1716192847.2616865635
[ 1  1  1  1  1 -1  1  1  1  1  1  1 -1  1 -1 -1] [10 11 18 19 20 21 26 27 28 34 35 36 37 42 44 45] [ 6996  8723  4949  4817  9923 10310  3435  7133  6473  5525  9721  7074
 16321  4509  3753 10598] [] 1716192847.3046653271
[-1  1 -1  1  1 -1  1  1  1  1  1  1 -1  1  1  1  1] [ 3 10 11 18 19 20 21 26 27 28 34 35 36 37 42 44 45] [ 9246  6438  8858  4805  4624  9949 10305  3376  7075  6282  5288  9331
  7409 10071  4106  3632 10369] [] 1716192847.3477349281
[ 1  1  1  1  1  1 -1  1  1  1  1  1  1  1  1  1  1] [ 3 10 11 18 19 20 21 26 27 28 34 35 36 37 42 44 45] [ 9085  6139  7399  4645  4447  9849 10307  3309  7019  6148  4991  9117
  7219  9749  3414  3495  6778] [] 1716192847.3907530308
[1 1 1 1 1 1 1 1 1 1 1 1 1 1 1 1 1] [ 3 10 11 18 19 20 21 26 27 28 34 35 36 37 42 44 45] [8805 5785 5854 4039 4216 9085 8786 3184 6599 5320 4738 7902 6244 9666
 3182 3428 6688] [] 1716192847.4336953163
[ 1  1  1  1  1  1 -1 -1  1  1  1 -1  1  1  1  1  1  1  1] [ 3 10 11 18 19 20 21 23 26 27 28 29 34 35 36 37 42 44 45] [ 8722  5649  5537  3879  4195  8694  8847 15197  3098  6415  4773 12936
  4536  7743  5861  9618  2999  3316  6555] [] 1716192847.4767782688
[ 1  1  1  1  1  1 -1 -1  1  1  1  1  1  1  1  1 -1  1  1  1] [ 3 10 11 18 19 20 21 23 26 27 28 29 34 35 36 37 38 42 44 45] [ 7695  5359  5427  3722  4118  8543  8897 16099  3023  6378  4642 12412
  4270  7634  5695  9523 14186  2811  3193  6492] [] 1716192847.5197277069
[1 1 1 1 1 1 1 1 1 1 1 1 1 1 1 1 1 1 1 1] [ 3 10 11 18 19 20 21 23 26 27 28 29 34 35 36 37 38 42 44 45] [ 7287  4351  5277  3465  3933  6933  8816 14327  2887  6350  4206 11836
  3698  7265  5117  9432 14011  2699  3124  6239] [] 1716192847.5627207756
[ 1  1  1  1  1  1  1  1  1  1  1  1  1  1  1 -1  1  1 -1 -1 -1] [ 3 10 11 18 19 20 21 23 26 27 28 29 34 35 36 37 38 42 44 45 61] [ 7067  4066  5100  3321  3901  6531  8769 14247  2804  6026  4065 11404
  3467  7070  4543  9596 13693  2652  3157  6278  9622] [] 1716192847.6058020592
[-1  1  1  1  1  1 -1  1  1  1  1  1  1  1  1 -1  1 -1  1  1  1  1] [ 3 10 11 18 19 20 21 23 26 27 28 29 34 35 36 37 38 41 42 44 45 61] [ 7070  3933  4870  3217  3787  6185  8881 13453  2725  5735  3694 10996
  3323  7030  4448  9600 13537 15047  2590  2993  6085  6638] [] 1716192847.6487333775
[-1  1  1  1  1  1  1  1  1  1  1  1  1  1  1  1 -1  1  1  1 -1 -1  1] [ 3 10 11 18 19 20 21 23 26 27 28 29 34 35 36 37 38 41 42 44 45 53 61] [ 7165  3754  4675  3050  3672  5977  8724 13145  2655  5599  3636 10615
  3143  6403  4366  9487 13732 14669  2523  2974  6113 14051  6560] [] 1716192847.6918020248
[-1 -1  1  1  1  1  1  1  1 -1  1  1  1  1  1  1  1  1  1  1  1  1 -1 -1
  1 -1] [ 1  2  3 10 11 18 19 20 21 23 26 27 28 29 34 35 36 37 38 41 42 44 45 46
 53 61] [11970 14739  5160  3637  4439  2999  3575  5932  8606 13397  2579  5235
  3531 10310  2983  6118  4151  9231 10268 11332  2502  2954  6153 12167
 13336  6684] [] 1716192847.7347548008
[ 1  1  1  1  1  1  1  1  1  1  1  1  1  1  1  1  1  1 -1  1  1  1  1  1
  1  1] [ 1  2  3 10 11 18 19 20 21 23 26 27 28 29 34 35 36 37 38 41 42 44 45 46
 53 61] [11950 14570  5083  3470  4239  2964  3497  5719  8588 13314  2509  4939
  3389 10221  2937  5883  4069  8968 10330 11301  2467  2888  6109 11409
 13245  6637] [] 1716192847.7777633667
[-1 -1  1  1  1  1  1  1  1  1  1  1  1  1  1  1  1  1  1  1  1  1  1  1
  1 -1  1] [ 1  2  3 10 11 18 19 20 21 23 26 27 28 29 34 35 36 37 38 41 42 44 45 46
 53 54 61] [12111 14803  5017  3393  3940  2917  3419  5667  8059 13108  2471  4894
  3325 10068  2857  5850  3838  8233  8757  8911  2318  2878  5563  8998
 13027 12601  6604] [] 1716192847.8207981586
[-1  1  1  1  1  1  1  1  1  1  1  1  1  1  1  1  1  1  1  1  1  1  1  1
  1  1 -1] [ 1  2  3 10 11 18 19 20 21 23 26 27 28 29 34 35 36 37 38 41 42 44 45 46
 53 54 61] [12491 14431  4902  3221  3745  2831  3327  5175  7001 13095  2403  4665
  3155 10030  2687  5553  3648  7361  6521  8596  2250  2812  5087  8852
 12916 12035  6639] [] 1716192847.8637518883
[ 1  1  1  1  1  1  1 -1  1 -1  1  1  1  1  1  1  1  1  1  1 -1 -1 -1  1
  1 -1  1  1] [ 1  2  3 10 11 18 19 20 21 23 26 27 28 29 34 35 36 37 38 41 42 43 44 45
 46 53 54 61] [12356 14346  4847  3176  3649  2747  3278  5244  6952 13104  2367  4500
  3102 10012  2553  5448  3495  7306  5718  8164  2254 12763  2852  4927
  8616 13032 11284  6456] [] 1716192847.9068062305
[ 1 -1 -1  1  1  1  1  1  1 -1  1  1  1  1  1  1  1  1  1 -1  1  1  1  1
  1  1  1  1] [ 1  2  3 10 11 18 19 20 21 23 26 27 28 29 34 35 36 37 38 41 42 43 44 45
 46 53 54 61] [11960 14703  4860  3133  3519  2711  3234  4330  6389 13279  2349  4381
  3093  9924  2481  5161  3384  6605  5374  8335  2179 12275  2800  4570
  7420 11179  9505  6426] [] 1716192847.9497721195
[ 1  1 -1  1  1  1  1  1  1  1  1  1  1  1  1  1  1  1  1  1  1  1  1  1
  1 -1  1  1 -1] [ 1  2  3 10 11 18 19 20 21 23 26 27 28 29 34 35 36 37 38 41 42 43 44 45
 46 47 53 54 61] [11775 12246  4946  3082  3127  2617  3121  4217  5128 13215  2297  4215
  2945  9818  2378  4858  3160  5785  5285  6799  2165 12135  2772  4506
  7365  9479 10378  8944  6485] [] 1716192847.9928514957
[-1  1  1 -1  1  1  1  1  1 -1  1  1  1  1  1  1  1  1  1  1  1 -1  1  1
  1  1  1  1  1] [ 1  2  3 10 11 18 19 20 21 23 26 27 28 29 34 35 36 37 38 41 42 43 44 45
 46 47 53 54 61] [11804 11513  4735  3089  2951  2593  3104  4036  4575 13239  2206  4008
  2847  9714  2295  4502  2981  5377  5118  6708  2148 12169  2728  4363
  7323  8858  8833  8058  6334] [] 1716192848.0357959270
[ 1 -1  1  1  1 -1  1  1  1  1  1  1  1  1 -1  1  1  1  1  1  1  1  1  1
  1  1  1 -1  1  1  1] [ 1  2  3 10 11 12 18 19 20 21 23 26 27 28 29 34 35 36 37 38 41 42 43 44
 45 46 47 50 53 54 61] [ 8480 11673  4515  3071  2861 15954  2579  3060  3810  4420 13141  2195
  3956  2764  9732  2279  4359  2815  5086  4969  6283  2130 12141  2688
  4327  7211  7895  9478  8780  7822  6228] [] 1716192848.0787618160
[ 1  1  1  1  1  1  1  1  1  1  1  1  1  1 -1  1  1  1  1  1  1  1 -1 -1
  1 -1 -1  1  1  1  1] [ 1  2  3 10 11 12 18 19 20 21 23 26 27 28 29 34 35 36 37 38 41 42 43 44
 45 46 47 50 53 54 61] [ 8319 10387  4459  3067  2791 15226  2574  3018  3727  4318 13075  2151
  3872  2679  9908  2247  4270  2684  4713  4901  6219  2114 12267  2712
  4311  7242  7923  9423  8697  7751  6228] [] 1716192848.1217846870
[ 1  1  1  1  1  1  1 -1  1  1 -1  1  1  1  1  1  1  1  1  1  1  1  1  1
  1  1  1  1 -1  1 -1] [ 1  2  3 10 11 12 18 19 20 21 23 26 27 28 29 34 35 36 37 38 41 42 43 44
 45 46 47 50 53 54 61] [ 8192 10199  4437  2987  2722 14994  2559  3047  3620  4203 13127  2133
  3846  2657  9815  2246  4249  2643  4628  4858  6125  2106 12125  2688
  4303  7193  7918  9393  8712  7346  6268] [] 1716192848.1647427082
[ 1 -1  1  1  1  1  1  1  1  1 -1  1  1  1  1  1  1 -1  1  1 -1 -1 -1  1
  1 -1 -1  1 -1 -1  1] [ 1  2  3 10 11 12 18 19 20 21 23 26 27 28 29 34 35 36 37 38 41 42 43 44
 45 46 47 50 53 54 61] [ 7172 10295  4424  2979  2691 14877  2555  3041  3592  4169 13163  2127
  3846  2625  9807  2227  4245  2669  4610  4825  6128  2135 12155  2680
  4301  7199  8013  9324  8761  7855  6236] [] 1716192848.2077515125
[ 1  1 -1 -1 -1  1  1  1  1  1  1 -1 -1 -1  1  1  1  1 -1 -1  1  1 -1 -1
 -1 -1 -1 -1 -1 -1] [ 1  2  3 10 11 12 18 19 20 21 23 26 27 28 29 34 35 36 37 38 41 42 43 44
 45 46 47 53 54 61] [ 7158 10235  4441  3023  2713 14840  2503  3016  3574  4140 13102  2159
  3874  2630  9782  2214  4233  2622  4613  4960  6103  2035 12175  2688
  4335  7252 10474  8779  8423  6398] [] 1716192848.2507650852
[-1  1  1  1 -1 -1 -1  1 -1 -1 -1  1  1 -1 -1  1  1 -1 -1 -1 -1 -1  1 -1
 -1  1 -1 -1  1] [ 1  2  3 10 11 12 18 19 20 21 23 26 27 28 29 34 35 36 37 38 41 42 43 44
 45 46 53 54 61] [ 8239 10100  4403  2957  2810 14848  2535  2999  3604  4423 13115  2143
  3759  2687  9789  2205  4220  2683  4723  4982  6262  2111 12109  2704
  4443  7160  9090  9500  6318] [] 1716192848.2937428951
[-1 -1 -1  1 -1 -1  1 -1 -1 -1  1 -1  1 -1 -1 -1 -1 -1 -1 -1 -1 -1 -1 -1
 -1 -1 -1 -1 -1] [ 1  2  3 10 11 12 18 19 20 21 23 26 27 28 29 34 35 36 37 38 41 42 43 44
 45 46 53 54 61] [11552 10127  4613  2955  2911 15952  2527  3003  3663  4509 13019  2159
  3759  2743  9798  2227  4404  2704  4914  5112  7535  2183 12183  2728
  4459  7403 10430 11996  6347] [] 1716192848.3367669582
[-1  1 -1 -1 -1 -1 -1 -1 -1  1 -1  1 -1  1 -1 -1 -1  1 -1 -1 -1 -1 -1 -1
 -1 -1 -1 -1] [ 1  2  3 10 11 18 19 20 21 23 26 27 28 29 34 35 36 37 38 41 42 43 44 45
 46 53 54 61] [11720 10043  4725  2964  3141  2533  3026  3695  4919 13015  2179  3738
  2796  9643  2327  4654  2797  4914  5463  7900  2248 12227  2744  4711
  8563 12353 12354  6498] [] 1716192848.3797912598
[ 1  1 -1 -1 -1 -1 -1 -1 -1 -1 -1 -1 -1 -1 -1 -1 -1 -1 -1 -1  1  1 -1 -1
 -1  1] [ 1  2  3 10 11 18 19 20 21 23 26 27 28 29 34 35 36 37 38 41 42 44 45 46
 53 61] [11720 10043  4733  2995  3386  2571  3087  4148  5737 13023  2223  3900
  2823  9794  2362  4774  2979  5382  6400  9223  2239  2713  5750 11072
 12659  6367] [] 1716192848.4227201939
[-1 -1 -1 -1 -1 -1 -1 -1 -1  1 -1 -1 -1  1 -1 -1 -1 -1 -1 -1 -1 -1  1  1
  1 -1] [ 1  2  3 10 11 18 19 20 21 23 26 27 28 29 34 35 36 37 38 41 42 44 45 46
 53 61] [11758 11715  4819  3101  3629  2631  3100  4677  6795 12808  2277  3942
  2907  9737  2426  4776  3211  6153  8039  9997  2285  2734  5669 11032
 12616  6412] [] 1716192848.4656953812
[-1 -1  1  1  1 -1 -1 -1 -1 -1 -1 -1 -1  1 -1 -1 -1 -1 -1 -1 -1 -1 -1 -1
 -1] [ 1  2  3 10 11 18 19 20 21 23 26 27 28 29 34 35 36 37 38 41 42 44 45 53
 61] [12034 13254  4806  3085  3627  2658  3139  4959  6864 12903  2294  3984
  2956  9663  2486  5008  3247  6394 10085 14565  2310  2806  5781 13312
  6492] [] 1716192848.5087354183
[-1 -1 -1 -1 -1 -1 -1 -1 -1  1 -1 -1 -1 -1 -1 -1 -1 -1 -1  1  1  1] [ 1  2  3 10 11 18 19 20 21 23 26 27 28 29 34 35 36 37 38 42 44 45] [12728 14446  4826  3178  3747  2733  3246  5599  7252 12691  2363  4127
  3083  9744  2681  5519  3494  7057 11687  2240  2692  5701] [] 1716192848.5517094135
[-1  1 -1 -1 -1 -1  1 -1  1  1 -1 -1 -1 -1 -1 -1 -1  1 -1 -1 -1] [ 2  3 10 11 18 19 20 21 23 26 27 28 29 34 35 36 37 38 42 44 45] [14687  4803  3223  4022  2801  3327  5509  7783 12625  2340  4243  3217
  9928  2747  5590  3646  7902 10775  2391  2826  5848] [] 1716192848.5947074890
[ 1 -1 -1 -1 -1 -1 -1 -1 -1 -1 -1 -1  1 -1 -1 -1 -1 -1 -1 -1 -1] [ 2  3 10 11 18 19 20 21 23 26 27 28 29 34 35 36 37 38 42 44 45] [14618  4882  3336  4357  2873  3359  5661  7880 12753  2393  4527  3335
  9854  2877  5746  3850  8717 11730  2518  2926  5982] [] 1716192848.6377153397
[-1 -1 -1 -1 -1 -1 -1 -1 -1 -1 -1 -1 -1 -1 -1 -1 -1 -1 -1 -1] [ 3 10 11 18 19 20 21 23 26 27 28 29 34 35 36 37 38 42 44 45] [ 4961  3565  4535  3005  3439  5689  8246 12951  2457  4674  3448 10101
  2994  5829  4063  8970 13149  2777  3072  6164] [] 1716192848.6807239056
[-1 -1 -1 -1 -1 -1 -1 -1 -1 -1 -1 -1 -1 -1 -1 -1 -1 -1 -1] [ 3 10 11 18 19 20 21 23 26 27 28 29 34 35 36 37 42 44 45] [ 5147  3733  4866  3287  3613  6475  8463 13160  2571  5445  3660 10474
  3240  6502  4162  9073  2996  3228  6442] [] 1716192848.7237994671
[-1 -1 -1 -1 -1 -1 -1 -1 -1 -1 -1 -1 -1 -1 -1 -1 -1 -1 -1] [ 3 10 11 18 19 20 21 23 26 27 28 29 34 35 36 37 42 44 45] [ 7102  3991  5127  3420  3681  6850  8562 13247  2631  5517  4077 10767
  3461  6604  4297  9311  3100  3289  6544] [] 1716192848.7667076588
[-1 -1 -1 -1 -1 -1 -1 -1 -1 -1 -1 -1 -1 -1 -1  1 -1 -1 -1] [ 3 10 11 18 19 20 21 23 26 27 28 29 34 35 36 37 42 44 45] [ 8207  4230  5279  3507  3735  7641  8684 13755  2705  5623  4164 11148
  3720  6625  4711  9228  3326  3415  8587] [] 1716192848.8096547127
[-1 -1 -1 -1 -1 -1 -1 -1 -1 -1 -1 -1 -1  1 -1  1] [ 3 10 11 18 19 20 21 26 27 28 34 35 36 37 42 44] [8444 4799 5570 3858 3912 7793 8791 2790 6284 5284 4334 6751 5237 9055
 3654 3322] [] 1716192848.8526992798
[-1 -1 -1 -1 -1 -1 -1 -1 -1 -1 -1 -1 -1  1 -1 -1] [ 3 10 11 18 19 20 21 26 27 28 34 35 36 37 42 44] [ 8661  5015  6681  4227  4055  8005 10132  2926  6338  5823  4798  6771
  5273  9032  3963  3503] [] 1716192848.8957228661
[-1 -1 -1  1 -1 -1 -1 -1 -1 -1 -1 -1 -1 -1 -1] [10 11 18 19 20 21 26 27 28 34 35 36 37 42 44] [ 5471  8163  4677  4041  9031 10252  3044  6371  5929  5043  7158  5357
  9407  4626  3665] [] 1716192848.9386761189
[-1 -1 -1 -1  1  1 -1 -1 -1 -1 -1 -1 -1 -1] [10 11 18 19 20 21 26 27 28 34 35 36 42 44] [5911 8407 5281 4343 8825 9995 3317 6709 6380 5471 7991 6366 5181 3929] [] 1716192848.9816660881
[-1 -1 -1 -1 -1  1 -1 -1 -1 -1 -1 -1 -1 -1] [10 11 18 19 20 21 26 27 28 34 35 36 42 44] [ 6243  8668  5868  4604 10289  9947  3444  6775  7543  5766  9212  6713
  5993  4241] [] 1716192849.0247230530
[-1 -1 -1 -1 -1  1 -1 -1 -1 -1 -1 -1 -1 -1] [10 11 18 19 20 21 26 27 28 34 35 36 42 44] [ 7482  8811  6787  4990 10596  9925  3623  6990  7669  5953  9365  8654
  6631  4453] [] 1716192849.0676956177
[-1 -1 -1 -1 -1 -1 -1 -1 -1 -1 -1 -1 -1 -1] [10 11 18 19 20 21 26 27 28 34 35 36 42 44] [ 7954  8889  7361  5478 11180 10094  3722  7065  7703  6167  9532  8902
  8016  5651] [] 1716192849.1106913090
[-1 -1 -1 -1 -1 -1 -1 -1 -1 -1 -1 -1 -1 -1] [10 11 18 19 20 21 26 27 28 34 35 36 42 44] [ 8525  8986 14189  6382 12172 10322  4052  7264  8046  6420 10322 10880
  9636  6631] [] 1716192849.1537106037
[-1 -1 -1 -1 -1 -1  1 -1  1 -1 -1 -1 -1] [10 11 19 20 21 26 27 28 34 35 36 42 44] [ 8897  9031  7359 12468 10414  4131  7253  8086  6393 11793 11238 10805
  8014] [] 1716192849.1966383457
[-1  1 -1 -1 -1 -1 -1 -1 -1  1 -1 -1] [10 11 19 21 26 27 28 34 35 36 42 44] [10995  8979  7534 10455  4309  7265  8103  6454 14881 11174 14683 11841] [] 1716192849.2396311760
[-1 -1 -1 -1 -1 -1 -1 -1 -1] [11 19 21 26 27 28 34 36 44] [ 9085  9500 10692  4481  7320  8482  8013 11889 12153] [] 1716192849.2826375961
[ 1  1 -1 -1 -1 -1 -1 -1 -1] [11 19 21 26 27 28 34 36 44] [ 9046  9485 11074  4772  7437 10357  8019 12107 12465] [] 1716192849.3256182671
[ 1 -1 -1 -1  1 -1 -1 -1] [11 19 26 27 28 34 36 44] [ 9026  9569  5197  7553 10329  8221 12122 12724] [] 1716192849.3685896397
[-1 -1 -1 -1 -1 -1 -1 -1] [11 19 26 27 28 34 36 44] [ 9429  9917  6300  7779 10650  9229 13140 13291] [] 1716192849.4116139412
[-1 -1 -1 -1 -1 -1 -1  1] [11 19 26 27 28 34 36 44] [11773 10151  7649  8040 10787  9557 14036 13127] [] 1716192849.4545876980
[-1 -1 -1 -1 -1 -1] [19 26 27 28 34 36] [10263  9179  8135 10967  9711 14230] [] 1716192849.4975919724
[-1 -1 -1  1 -1] [19 26 27 28 34] [10335  9474  8291 10946  9751] [] 1716192849.5406410694
[-1 -1 -1 -1 -1] [19 26 27 28 34] [10610  9752  9863 11738  9798] [] 1716192849.5835998058
[-1 -1 -1 -1 -1] [19 26 27 28 34] [11382 10384 11824 12631 10439] [] 1716192849.6266143322
[ 1 -1  1 -1] [19 26 27 34] [11332 10427 11718 10543] [] 1716192849.6695818901
[-1 -1 -1 -1] [19 26 27 34] [12395 13486 11915 12721] [] 1716192849.7125840187
[-1] [27] [14621] [] 1716192849.7555699348
[-1] [28] [12252] [] 1716192850.2715413570
2 2 2 1716192850.3307819366
