FA TAX ADC PRES TS
[-1 -1] [11 44] [14063 15539] [] 1716193237.1189911366
[1 1] [11 44] [13013 14242] [] 1716193237.1619920731
[ 1 -1] [11 44] [11201 14266] [] 1716193237.2050070763
[-1 -1] [11 44] [11220 14623] [] 1716193237.2479779720
[1] [11] [11201] [] 1716193237.2909917831
[1] [11] [9849] [] 1716193237.3339698315
[1] [11] [9361] [] 1716193237.3769733906
[1] [11] [9358] [] 1716193237.4199945927
[1] [11] [9121] [] 1716193237.4629678726
[1] [11] [8969] [] 1716193237.5060212612
[1] [11] [8936] [] 1716193237.5489847660
[1] [11] [8871] [] 1716193237.5920848846
[-1 -1] [11 29] [ 8978 13543] [] 1716193237.6352183819
[ 1 -1  1] [11 28 29] [ 8701 12072 10020] [] 1716193237.6781623363
[1 1 1] [11 28 29] [ 7039 11847  9688] [] 1716193237.7212793827
[1 1 1] [11 28 29] [ 5835 11438  9542] [] 1716193237.7642123699
[1 1 1] [11 28 29] [ 5262 11245  9413] [] 1716193237.8072443008
[1 1 1] [11 28 29] [ 4654 11057  9162] [] 1716193237.8502140045
[-1  1 -1  1] [10 11 28 29] [15284  4338 11216  6542] [] 1716193237.8931913376
[ 1  1 -1  1  1 -1] [10 11 27 28 29 53] [14144  4031 13519 11041  6455 14134] [] 1716193237.9362411499
[ 1  1  1 -1 -1  1] [10 11 27 28 29 53] [12531  3776 13410 11408  6486 12858] [] 1716193237.9792628288
[ 1  1  1  1  1 -1 -1 -1] [10 11 27 28 29 44 53 61] [11209  3559 13223 10989  6318 14718 13244 11034] [] 1716193238.0222640038
[ 1 -1 -1 -1 -1  1 -1  1] [10 11 27 28 29 44 53 61] [ 9702  3579 13333 11027  6427 13905 13409  8290] [] 1716193238.0652365685
[ 1  1 -1  1 -1  1  1  1  1] [10 11 19 27 28 29 44 53 61] [ 8494  3575 10433 13330 11115  6118 13205 13259  7890] [] 1716193238.1082484722
[ 1  1  1  1  1  1  1 -1  1] [10 11 19 27 28 29 44 53 61] [ 7525  3370 10078 13298 10987  5730 13045 13461  7474] [] 1716193238.1512951851
[1 1 1 1 1 1 1 1 1] [10 11 19 27 28 29 44 53 61] [ 6975  3179  9839 13115 10860  5565 12799 13195  7324] [] 1716193238.1942784786
[1 1 1 1 1 1 1 1 1] [10 11 19 27 28 29 44 53 61] [ 6734  3062  9720 11054 10705  5183 10128 12917  7278] [] 1716193238.2370932102
[1 1 1 1 1 1 1 1 1] [10 11 19 27 28 29 44 53 61] [ 6647  2930  7791  9842  7981  4891  7831 12866  7135] [] 1716193238.2800416946
[ 1  1  1 -1  1  1  1  1  1 -1  1] [10 11 19 20 27 28 29 44 53 60 61] [ 5695  2778  7648 14796  9712  7358  4719  6791 12787 15985  7105] [] 1716193238.3230586052
[ 1  1 -1  1  1 -1  1 -1 -1  1  1  1  1] [10 11 18 19 20 27 28 29 36 44 53 60 61] [ 5550  2741 12572  7583 13620  9811  7233  4723 14887  6267 12593 12897
  6959] [] 1716193238.3660514355
[ 1  1  1  1  1 -1  1  1  1 -1 -1 -1  1 -1 -1 -1 -1] [10 11 18 19 20 26 27 28 29 35 36 42 44 45 53 60 61] [ 5344  2588 11006  7333 12553 11722  9660  5749  4307 15963 15029 12705
  5982 13233 12899 13317  7071] [] 1716193238.4090731144
[ 1  1  1  1  1 -1  1  1  1 -1  1  1 -1  1  1 -1  1 -1] [10 11 18 19 20 21 26 27 28 29 35 36 42 44 45 53 60 61] [ 5303  2518 10528  6970 12223 11662 11019  9353  5597  4334 14429 12051
 12762  5678  8992 13021  9244  7215] [] 1716193238.4520931244
[-1  1  1  1  1  1  1  1  1  1  1  1 -1  1  1  1  1  1  1] [ 4 10 11 18 19 20 21 26 27 28 29 35 36 42 44 45 53 60 61] [11863  5009  2485  8228  6627 11854 11144 10825  8852  5443  4177 13922
 12123 12559  5331  8771 12943  8292  7023] [] 1716193238.4950833321
[ 1  1  1  1  1  1  1  1  1  1  1 -1  1  1 -1  1  1  1  1  1  1] [ 4 10 11 18 19 20 21 26 27 28 29 34 35 36 37 42 44 45 53 60 61] [10563  4704  2334  7967  6303 11066 10924 10735  8002  5160  4014 12350
 11540 11319 16336 11370  4926  7564 12671  7785  6856] [] 1716193238.5380978584
[-1  1  1  1  1  1  1  1 -1  1  1  1  1  1  1  1  1  1  1  1 -1 -1  1] [ 2  4 10 11 18 19 20 21 23 26 27 28 29 34 35 36 37 42 44 45 53 60 61] [11763 10403  4427  2250  7209  5759 10617 10672 14836  9138  7150  4612
  3903  9289 10282  9227 15807 11239  4692  7400 12678  7899  6737] [] 1716193238.5810952187
[ 1  1  1  1  1  1  1  1  1  1  1  1  1  1  1 -1  1  1  1  1 -1  1  1] [ 2  4 10 11 18 19 20 21 23 26 27 28 29 34 35 36 37 42 44 45 53 60 61] [11754 10343  4348  2239  7078  5553 10550 10594 14266  8809  6757  4467
  3887  9031  9883  9228 13607 11215  4531  7227 12690  6937  6729] [] 1716193238.6240971088
[ 1  1  1  1  1  1  1  1  1  1  1  1  1  1  1  1  1  1  1  1 -1  1  1] [ 2  4 10 11 18 19 20 21 23 26 27 28 29 34 35 36 37 42 44 45 53 60 61] [11294 10003  4141  2169  6244  5155 10440 10503 13911  8709  5969  4242
  3706  8967  9054  7686 13164 10239  4191  6983 12729  5977  6585] [] 1716193238.6671061516
[ 1  1  1  1  1  1  1  1  1  1  1  1  1  1  1  1 -1  1  1  1  1  1  1] [ 2  4 10 11 18 19 20 21 23 26 27 28 29 34 35 36 37 42 44 45 53 60 61] [ 9362  9941  3975  2065  6021  4783 10205 10457 13353  8468  5083  3942
  3239  7880  8265  6340 13225  9391  3957  6865 12427  5116  6465] [] 1716193238.7100934982
[ 1 -1  1  1  1  1  1  1  1  1  1  1  1  1  1  1  1  1 -1 -1 -1  1 -1 -1] [ 2  4 10 11 18 19 20 21 23 26 27 28 29 34 35 36 37 42 44 45 51 53 60 61] [ 7025  9954  3953  2030  5581  4618  9722 10406 13338  8288  4873  3732
  3115  7407  7947  5576 12692  8464  3991  6893 11177  9587  5329  6551] [] 1716193238.7530543804
[ 1  1  1  1  1  1  1  1  1  1  1  1  1  1  1  1 -1  1  1  1 -1  1  1  1
  1] [ 2  4 10 11 18 19 20 21 23 26 27 28 29 34 35 36 37 42 44 45 50 51 53 60
 61] [ 6852  9881  3769  1992  5457  4385  9114 10354 13257  8131  4485  3647
  3015  7254  7834  4947 13229  7954  3883  6403 15482  8021  9541  5244
  6493] [] 1716193238.7960836887
[-1 -1  1 -1  1  1  1  1  1  1  1  1  1  1  1  1  1  1  1  1  1  1  1  1
  1 -1  1  1] [ 2  3  4  7 10 11 18 19 20 21 23 26 27 28 29 34 35 36 37 42 44 45 50 51
 53 55 60 61] [ 6871  9334  9770 11758  3746  1976  5117  4327  7698 10254 13190  6533
  4362  3393  2883  6129  7034  4298 12979  6700  3751  5098 15066  7681
  9268 10407  5099  6466] [] 1716193238.8391213417
[ 1  1  1  1  1  1  1  1  1  1  1  1  1  1  1  1  1  1  1  1  1  1 -1  1
  1  1  1 -1] [ 2  3  4  7 10 11 18 19 20 21 23 26 27 28 29 34 35 36 37 42 44 45 50 51
 53 55 60 61] [ 6747  9082  9495 10318  3605  1919  4505  4111  6685 10202 13189  6128
  4136  3036  2799  5761  6365  3910 12733  6456  3631  4973 15094  7645
  8943  8306  4940  6492] [] 1716193238.8820881844
[ 1  1 -1  1  1  1  1  1  1 -1  1  1  1  1  1  1  1  1  1  1  1  1 -1 -1
  1  1  1 -1  1  1] [ 2  3  4  7 10 11 18 19 20 21 23 26 27 28 29 34 35 36 37 42 44 45 47 50
 51 53 55 59 60 61] [ 6615  8927  9547  9467  3539  1894  4301  4031  6493 10344 13169  5648
  3991  2933  2699  5586  5894  3823 12733  5354  3575  4633 13425 15693
  7074  8646  8055 14835  4843  6488] [] 1716193238.9250960350
[ 1  1  1  1  1  1  1  1  1  1 -1  1  1  1  1  1  1  1  1  1  1  1 -1  1
  1  1  1  1 -1  1  1] [ 2  3  4  7 10 11 18 19 20 21 23 26 27 28 29 34 35 36 37 42 44 45 46 47
 50 51 53 55 59 60 61] [ 6486  8839  8488  9465  3483  1851  3921  3940  6221 10267 13256  5105
  3944  2768  2655  5326  5679  3522 11301  5038  3507  4249  9931  9697
 15247  6164  8006  7702 14934  4439  5710] [] 1716193238.9681155682
[ 1  1  1  1  1  1 -1  1  1  1  1  1  1  1  1  1  1  1  1  1  1  1  1  1
  1 -1  1  1 -1  1  1  1  1] [ 2  3  4  7 10 11 12 18 19 20 21 23 26 27 28 29 34 35 36 37 42 44 45 46
 47 50 51 53 54 55 59 60 61] [ 6119  8689  8418  9269  3423  1814 15479  3757  3694  5565 10198 13165
  4561  3688  2673  2559  5142  5409  3327 10106  4869  3459  4002  8817
  7514 15479  6079  7637 12970  7083 13299  4301  5653] [] 1716193239.0111136436
[-1  1  1  1  1  1  1  1  1  1  1 -1  1  1  1 -1  1  1  1  1  1  1  1  1
  1 -1 -1  1  1  1  1  1 -1] [ 2  3  4  7 10 11 12 18 19 20 21 23 26 27 28 29 34 35 36 37 42 44 45 46
 47 50 51 53 54 55 59 60 61] [ 6207  8609  8363  9045  3247  1800 15463  3657  3646  5291  9991 13180
  4404  3673  2628  2583  5055  5269  3215  9957  4465  3271  3758  8352
  6273 15525  6089  7565 12361  6741 10317  4124  5703] [] 1716193239.0541265011
[-1 -1  1  1  1 -1  1  1  1  1  1  1  1  1  1  1  1  1 -1  1 -1  1  1  1
  1  1  1  1 -1 -1  1  1  1  1  1] [ 1  2  3  4  7 10 11 12 18 19 20 21 23 26 27 28 29 34 35 36 37 42 44 45
 46 47 50 51 52 53 54 55 59 60 61] [16029  6295  8566  8229  8511  3263  1748 15014  3559  3611  4609  9945
 13128  4261  3608  2555  2489  4960  5309  3095 10112  4148  3167  3567
  7540  5487  9346  5418 12000  7606 11866  6636 10240  4036  5623] [] 1716193239.0971081257
[ 1 -1  1 -1  1  1  1 -1  1  1  1 -1  1  1  1  1  1 -1 -1  1 -1 -1  1  1
  1  1  1 -1  1  1  1  1  1  1  1  1] [ 1  2  3  4  7 10 11 12 18 19 20 21 23 26 27 28 29 34 35 36 37 38 42 44
 45 46 47 50 51 52 53 54 55 59 60 61] [15380  6312  8538  8231  6780  3195  1702 15037  3369  3547  4541 10026
 13121  3855  3348  2459  2461  4996  5311  3023 10170 15551  3960  3117
  3441  7371  5020  9354  5235 11176  6877 11650  6292  7868  3817  5504] [] 1716193239.1402165890
[ 1  1  1  1  1  1  1  1  1  1  1  1  1  1  1  1  1  1  1  1  1  1  1  1
  1  1  1  1  1 -1  1  1  1  1  1  1 -1] [ 1  2  3  4  7 10 11 12 18 19 20 21 23 26 27 28 29 34 35 36 37 38 42 44
 45 46 47 50 51 52 53 54 55 59 60 61 62] [15275  6231  8343  8172  5721  3071  1670 14799  3281  3481  4095  9995
 12968  3408  3248  2400  2422  4845  5159  2859  9730 13361  3682  2986
  3369  7211  4911  9341  5161 11255  6616 10025  6021  6396  3773  5224
 15472] [] 1716193239.1833071709
[ 1  1 -1 -1  1 -1  1  1  1 -1  1 -1 -1  1  1  1  1  1 -1  1 -1  1  1  1
  1  1  1 -1  1 -1  1  1  1  1  1  1  1] [ 1  2  3  4  7 10 11 12 18 19 20 21 23 26 27 28 29 34 35 36 37 38 42 44
 45 46 47 50 51 52 53 54 55 59 60 61 62] [14402  6053  8407  8201  5690  3256  1641 14621  3113  3483  3935 10046
 13074  3325  3152  2309  2385  4605  5248  2768  9814 13349  3590  2844
  3231  7138  4717  9346  5099 11589  6098  9573  5858  6378  3681  5174
 14732] [] 1716193239.2263681889
[ 1 -1  1  1  1  1  1  1  1  1  1 -1  1  1  1  1  1  1  1  1  1  1  1  1
 -1 -1  1  1  1 -1  1  1 -1  1  1  1  1] [ 1  2  3  4  7 10 11 12 18 19 20 21 23 26 27 28 29 34 35 36 37 38 42 44
 45 46 47 50 51 52 53 54 55 59 60 61 62] [14326  6107  7694  8026  5614  3236  1629 13995  3047  3408  3863 10142
 13013  3248  3072  2307  2371  4495  5138  2697  9138 13151  3560  2839
  3239  7153  4642  9281  5083 11707  5987  9525  5872  6297  3661  4871
 14218] [] 1716193239.2693543434
[-1  1  1 -1 -1 -1  1 -1 -1  1  1 -1 -1 -1  1  1  1  1  1  1  1  1  1  1
  1 -1 -1  1  1  1 -1  1 -1  1  1 -1  1] [ 1  2  3  4  7 10 11 12 18 19 20 21 23 26 27 28 29 34 35 36 37 38 42 44
 45 46 47 50 51 52 53 54 55 59 60 61 62] [14357  6046  7467  8049  5631  3237  1622 14063  3071  3385  3679 10248
 13041  3253  3018  2263  2362  4437  5096  2687  9083 12697  3528  2803
  3207  7176  4655  9227  5060 11643  6019  9496  5880  5962  3647  4921
 13832] [] 1716193239.3124022484
[ 1 -1  1  1  1  1  1  1  1 -1  1  1  1  1  1  1  1  1  1  1  1  1  1  1
 -1  1  1  1  1  1  1  1  1  1  1  1 -1] [ 1  2  3  4  7 10 11 12 18 19 20 21 23 26 27 28 29 34 35 36 37 38 42 44
 45 46 47 50 51 52 53 54 55 59 60 61 62] [14351  6050  7408  7975  5630  3222  1621 13983  3055  3402  3643 10136
 12964  3203  2996  2257  2316  4412  5056  2680  8978 12269  3518  2795
  3209  7141  4654  9227  5051 11631  6006  9428  5824  5773  3633  4848
 13952] [] 1716193239.3553304672
[-1  1 -1  1  1  1  1 -1  1  1 -1  1  1  1  1 -1  1 -1 -1  1  1 -1 -1 -1
 -1 -1 -1  1 -1  1 -1 -1 -1 -1 -1 -1 -1] [ 1  2  3  4  7 10 11 12 18 19 20 21 23 26 27 28 29 34 35 36 37 38 42 44
 45 46 47 50 51 52 53 54 55 59 60 61 62] [14385  6027  7411  7967  5535  3210  1621 14079  3011  3343  3671 10130
 12956  3183  2952  2275  2311  4435  5058  2671  8930 13325  3761  2979
  3354  7174  5020  9153  5082 11567  6136 11648  6064  6481  3638  5001
 14800] [] 1716193239.3985166550
[ 1 -1 -1  1 -1 -1 -1  1 -1 -1 -1  1 -1 -1 -1  1 -1 -1 -1 -1  1 -1 -1 -1
 -1 -1 -1  1  1  1 -1  1 -1 -1 -1 -1 -1] [ 1  2  3  4  7 10 11 12 18 19 20 21 23 26 27 28 29 34 35 36 37 38 42 44
 45 46 47 50 51 52 53 54 55 59 60 61 62] [14307  6078  8247  7957  5576  3232  1622 13951  3038  3371  3883 10071
 12960  3230  3050  2258  2327  4459  5148  2763  8864 14881  3886  3059
  3455  7976  5418  9109  5082 10536  6390 11588  6138  7288  3652  5022
 15176] [] 1716193239.4411327839
[-1  1 -1 -1  1  1 -1 -1 -1 -1 -1  1  1 -1  1 -1 -1 -1  1 -1 -1 -1 -1 -1
 -1 -1 -1 -1 -1 -1 -1 -1 -1 -1 -1] [ 1  2  3  4  7 10 11 12 18 19 20 21 23 26 27 28 29 34 35 36 37 42 44 45
 46 47 50 51 52 53 54 55 59 60 61] [14373  6027  8285  8005  5487  3103  1628 14555  3173  3447  3906  9994
 12920  3297  3042  2304  2359  4671  4779  2794  8880  4184  3170  3525
  8035  6449  9185  5828 10816  7518 11992  6977  8064  3718  5640] [] 1716193239.4841821194
[ 1 -1 -1  1 -1 -1 -1 -1 -1  1 -1 -1  1 -1 -1 -1  1 -1 -1 -1 -1 -1 -1 -1
 -1 -1 -1 -1 -1 -1 -1 -1 -1 -1] [ 1  2  3  4  7 10 11 12 18 19 20 21 23 26 27 28 29 34 35 36 37 42 44 45
 46 47 50 51 52 53 55 59 60 61] [14074  6107  8287  7969  5903  3247  1653 14835  3247  3417  3988 10029
 12858  3511  3160  2355  2315  4770  4965  2935  9236  4354  3262  3557
  8116  8931 14655  5879 13264  7522  7543  8604  3818  5697] [] 1716193239.5271294117
[ 1  1 -1 -1 -1  1 -1  1 -1 -1 -1  1 -1 -1 -1 -1 -1 -1 -1 -1 -1 -1 -1  1
  1 -1  1 -1 -1 -1 -1] [ 1  2  3  4  7 10 11 12 18 19 20 21 23 26 27 28 29 34 35 36 37 42 44 45
 50 51 53 55 59 60 61] [14032  6015  8440  7980  7443  3215  1678 14823  3326  3479  4009  9842
 12908  3933  3184  2391  2349  4947  5007  3012  9581  4847  3293  3551
 14587  6015  7511  7803  9386  4008  5760] [] 1716193239.5701653957
[-1  1 -1 -1 -1 -1 -1 -1 -1  1 -1  1 -1 -1 -1 -1 -1 -1 -1 -1 -1 -1 -1 -1
  1 -1 -1 -1 -1 -1 -1] [ 1  2  3  4  7 10 11 12 18 19 20 21 23 26 27 28 29 34 35 36 37 42 44 45
 50 51 53 55 59 60 61] [14192  5974  8448  8041  8569  3247  1702 15015  3405  3443  4598  9805
 12921  4351  3268  2439  2361  4986  5239  3096  9689  5661  3365  4057
 14335  6317  7561 10863 13477  4116  6426] [] 1716193239.6131076813
[-1 -1 -1 -1 -1  1 -1 -1 -1 -1 -1  1 -1 -1 -1 -1 -1 -1 -1 -1 -1 -1 -1 -1
  1 -1 -1 -1 -1  1] [ 1  2  3  4  7 10 11 12 18 19 20 21 23 26 27 28 29 34 35 36 37 42 44 45
 50 51 53 59 60 61] [14258  6038  8537  8073  9312  3239  1767 15335  3539  3471  4696  9726
 12948  4715  3442  2485  2411  5142  5283  3224  9915  6928  3471  4615
 14259  7813  7649 15035  4353  6416] [] 1716193239.6561341286
[-1 -1 -1 -1 -1 -1 -1 -1 -1 -1 -1 -1 -1 -1 -1 -1 -1 -1 -1 -1 -1 -1 -1 -1
 -1 -1 -1] [ 1  2  3  4  7 10 11 18 19 20 21 23 26 27 28 29 34 35 36 37 42 44 45 51
 53 60 61] [14664  6167  8676  9100  9562  3283  1774  3822  3523  6161  9743 13047
  5382  3554  2618  2494  5360  5637  3505 10041  7490  3574  5631 10136
  8761  4466  6428] [] 1716193239.6990680695
[-1 -1 -1 -1 -1 -1 -1 -1 -1 -1 -1 -1 -1 -1 -1 -1 -1 -1 -1 -1 -1  1 -1 -1
 -1 -1] [ 1  2  3  4  7 10 11 18 19 20 21 23 26 27 28 29 34 35 36 37 42 44 45 53
 60 61] [15786  6228  8945  9159 10638  3301  1818  4732  3719  6197  9864 13085
  6343  3577  2777  2559  6331  6012  3682 12376  8328  3551  6567  9109
  4715  6479] [] 1716193239.7420837879
[-1 -1 -1 -1 -1 -1 -1 -1 -1 -1  1 -1  1 -1 -1 -1 -1 -1 -1 -1 -1 -1 -1 -1
 -1  1] [ 1  2  3  4  7 10 11 18 19 20 21 23 26 27 28 29 34 35 36 37 42 44 45 53
 60 61] [16102  6399  9664  9291 13259  3377  1839  4754  3800  7343  9796 13232
  6316  3683  2861  2611  6724  6355  3845 12700  9674  3719  6719 10283
  4901  6369] [] 1716193239.7850604057
[ 1  1 -1 -1 -1 -1 -1 -1  1 -1 -1 -1 -1 -1 -1 -1 -1 -1 -1 -1 -1 -1 -1] [ 2  4 10 11 18 19 20 21 23 26 27 28 29 34 35 36 37 42 44 45 53 60 61] [ 6207  9075  3458  1855  5314  3937  7541  9873 13208  7953  4000  3028
  2778  7662  6663  4154 12914 10023  3873  6885 11730  5029  6517] [] 1716193239.8280880451
[-1  1 -1 -1 -1 -1 -1 -1 -1 -1 -1 -1 -1 -1 -1 -1 -1 -1 -1 -1 -1 -1 -1] [ 2  4 10 11 18 19 20 21 23 26 27 28 29 34 35 36 37 42 44 45 53 60 61] [ 6456  9041  3525  1900  5812  3997  8439  9884 13264  8046  4189  3277
  2974  8765  7240  4544 13491 11130  4111  6990 12403  5260  6672] [] 1716193239.8710856438
[-1 -1 -1 -1 -1 -1 -1 -1 -1 -1 -1 -1 -1 -1 -1 -1  1 -1 -1 -1 -1 -1  1] [ 2  4 10 11 18 19 20 21 23 26 27 28 29 34 35 36 37 42 44 45 53 60 61] [ 6602  9055  3712  1965  5965  4147  9624  9919 13370  8229  4607  3383
  3167  8907  7429  5391 13090 12571  4321  8107 12598  6513  6584] [] 1716193239.9140706062
[-1 -1 -1 -1 -1 -1 -1 -1  1 -1 -1 -1 -1 -1  1 -1 -1 -1 -1 -1 -1 -1 -1] [ 2  4 10 11 18 19 20 21 23 26 27 28 29 34 35 36 37 42 44 45 53 60 61] [ 7013  9258  3795  2031  6792  4402  9736 10126 13328  8435  5363  3545
  3407  9195  7425  5834 13503 12938  4737 10764 12763  6937  6810] [] 1716193239.9570140839
[-1 -1 -1 -1 -1 -1 -1 -1 -1 -1 -1 -1 -1 -1 -1 -1 -1 -1 -1 -1 -1] [ 2  4 10 11 18 19 20 21 23 26 27 28 29 34 35 36 44 45 53 60 61] [ 9642  9515  3893  2091  6905  4507  9852 10151 13770 10442  5908  3740
  3515 11873  7608  7865  5187 12192 12795  7294  6831] [] 1716193239.9999992847
[-1 -1 -1 -1 -1 -1 -1 -1  1 -1 -1 -1 -1 -1 -1 -1  1 -1 -1] [ 2  4 10 11 18 19 20 21 26 27 28 29 35 36 44 45 53 60 61] [10189 10059  4109  2210  7113  4655 10214 10336 10407  6560  4107  3714
  7831  8566  5681 12249 12727  8493  7014] [] 1716193240.0429992676
[-1 -1 -1 -1 -1 -1 -1 -1 -1 -1 -1 -1 -1 -1 -1 -1  1 -1 -1] [ 2  4 10 11 18 19 20 21 26 27 28 29 35 36 44 45 53 60 61] [10465 12726  4227  2268  8848  5065 10245 10414 10560  7306  4236  3865
  8818  9267  6549 12412 12659 11691  7154] [] 1716193240.0859880447
[-1 -1 -1 -1 -1 -1 -1 -1 -1 -1 -1 -1 -1 -1 -1 -1 -1] [ 2 10 11 18 19 20 21 26 27 28 29 35 36 44 53 60 61] [12550  4711  2400 10582  5731 11182 10574 12461  8689  4781  4311 14257
 12475  7549 12715 13345  7299] [] 1716193240.1289553642
[-1 -1 -1 -1 -1 -1 -1 -1 -1 -1 -1 -1  1  1] [ 2 10 11 18 19 20 21 27 28 29 36 44 53 61] [16180  4829  2559 10656  5891 11446 10620  8739  5063  4399 12487 11141
 12519  6878] [] 1716193240.1719572544
[-1  1 -1 -1 -1 -1 -1 -1 -1 -1 -1 -1] [10 11 19 20 21 27 28 29 36 44 53 61] [ 4873  2551  6638 11690 10754  8763  6036  4557 15871 13038 12654  7031] [] 1716193240.2149667740
[-1 -1 -1 -1 -1 -1 -1  1 -1 -1 -1] [10 11 19 20 27 28 29 36 44 53 61] [ 5197  2711  7167 12943  8779  6793  4612 15615 13055 12875  7467] [] 1716193240.2579848766
[-1 -1  1 -1 -1 -1  1  1] [10 11 19 27 28 29 53 61] [ 5582  2858  7158 12603 10343  4946 12747  7395] [] 1716193240.3009636402
[-1 -1 -1 -1 -1 -1 -1 -1] [10 11 19 27 28 29 53 61] [ 6382  3016  9259 12615 10382  5179 12960  7609] [] 1716193240.3439736366
[-1 -1 -1 -1 -1 -1 -1 -1] [10 11 19 27 28 29 53 61] [ 6485  3109  9469 12706 10539  5449 13085  7830] [] 1716193240.3869204521
[-1 -1 -1 -1 -1 -1 -1] [10 11 19 27 28 29 53] [ 7002  3434  9969 13073 10742  6215 13128] [] 1716193240.4299497604
[-1 -1 -1  1  1] [10 11 27 28 29] [ 7269  3478 13167 10725  6015] [] 1716193240.4729402065
[-1 -1 -1 -1 -1] [10 11 27 28 29] [ 8019  3789 13437 10941  6152] [] 1716193240.5159308910
[-1 -1 -1 -1  1 -1] [ 2 10 11 27 28 29] [15905 11529  4483 14062 10757  6546] [] 1716193240.5588612556
[-1 -1 -1] [11 28 29] [ 4915 11198  9135] [] 1716193240.6018939018
[-1 -1 -1] [11 28 29] [ 6149 12070 10421] [] 1716193240.6448793411
[-1 -1] [11 28] [ 6207 12479] [] 1716193240.6879663467
[-1] [11] [9277] [] 1716193240.7309026718
[-1 -1] [11 28] [ 9801 13628] [] 1716193240.7739105225
[-1  1] [11 28] [10133 12046] [] 1716193240.8169002533
[1] [28] [11065] [] 1716193240.8598780632
[-1] [28] [12482] [] 1716193240.9028718472
2 2 2 1716193241.7439661026
