FA TAX ADC PRES TS
[1] [28] [11311] [] 1716192638.6244459152
[-1] [28] [11349] [] 1716192638.6674687862
[1] [28] [11308] [] 1716192638.7105207443
[1] [28] [11153] [] 1716192638.7534677982
[1] [28] [10940] [] 1716192638.7964885235
[1] [28] [10686] [] 1716192638.8394920826
[-1 -1] [11 28] [11621 10766] [] 1716192638.8825392723
[1 1] [11 28] [ 9847 10747] [] 1716192638.9255030155
[1 1] [11 28] [ 9657 10678] [] 1716192638.9684982300
[-1 -1 -1] [11 19 28] [ 9738 13359 10900] [] 1716192639.0114972591
[ 1  1 -1] [11 19 28] [ 9568 10673 11011] [] 1716192639.0544738770
[ 1  1 -1  1] [11 19 20 28] [ 9454 10657 15795 10935] [] 1716192639.0975303650
[ 1  1  1 -1] [11 19 20 28] [ 9352 10527 14768 10985] [] 1716192639.1403484344
[1 1 1 1] [11 19 20 28] [ 9054 10180 13706 10814] [] 1716192639.1834492683
[-1  1  1  1] [11 19 20 28] [ 9071  9902 13394 10754] [] 1716192639.2264895439
[ 1 -1  1  1] [11 19 20 28] [ 8969  9940 13232 10745] [] 1716192639.2694718838
[ 1  1  1 -1] [11 19 20 28] [ 8819  9603 12767 10753] [] 1716192639.3123989105
[1 1 1 1] [11 19 20 28] [ 8753  9483 12154 10678] [] 1716192639.3555049896
[1 1 1 1] [11 19 20 28] [ 8689  9469 11777 10614] [] 1716192639.3984761238
[-1 -1  1  1 -1 -1] [ 3 11 19 20 28 29] [ 9224  8763  9409 11732 10713 11958] [] 1716192639.4415209293
[ 1 -1 -1  1  1  1  1] [ 3 10 11 19 20 28 29] [ 8784 15916  8833  9148 11391 10648 11252] [] 1716192639.4844660759
[ 1 -1  1 -1  1  1  1] [ 3 10 11 19 20 28 29] [ 8501 15956  8748  9234 11257 10495 10907] [] 1716192639.5274717808
[ 1 -1  1  1  1  1  1] [ 3 10 11 19 20 28 29] [ 7394 16290  8697  8295 11171 10321 10618] [] 1716192639.5705187321
[ 1  1 -1  1  1 -1 -1 -1  1] [ 3 10 11 19 20 26 27 28 29] [ 7221 15117  8781  7882 11110 12050 12873 10411 10445] [] 1716192639.6135761738
[-1  1 -1  1  1  1  1 -1  1] [ 3 10 11 19 20 26 27 28 29] [ 7314 14366  8806  7629 10938 10969 12500 10414 10313] [] 1716192639.6565527916
[ 1  1  1 -1  1  1  1 -1  1 -1] [ 3 10 11 19 20 26 27 28 29 44] [ 7207 13773  8695  7721 10765 10787 12354 10436 10279 13531] [] 1716192639.6995193958
[ 1  1 -1  1  1  1  1 -1 -1 -1  1] [ 3 10 11 19 20 26 27 28 29 36 44] [ 5367  9773  8772  7470  8782  8935 12266 10543 10436 14631 12719] [] 1716192639.7425277233
[ 1  1  1  1  1  1  1 -1  1  1  1] [ 3 10 11 19 20 26 27 28 29 36 44] [ 5250  8214  8740  7049  8575  8629 12102 10825 10299 13879 12331] [] 1716192639.7855660915
[-1  1  1  1 -1 -1  1  1  1 -1  1 -1 -1] [ 3 10 11 19 20 21 26 27 28 29 36 44 45] [ 5275  7897  8703  6892  8596 12241  8625 11907 10783 10328 13716 12493
 12276] [] 1716192639.8284766674
[ 1  1 -1  1  1  1  1  1 -1 -1  1 -1 -1  1] [ 3 10 11 19 20 21 26 27 28 29 36 37 44 45] [ 5210  7122  8712  6710  8501 10775  8590 10480 10921 10371 13581 16360
 12611  9147] [] 1716192639.8715515137
[-1  1  1  1  1 -1  1  1  1  1  1  1  1  1  1] [ 2  3 10 11 19 20 21 26 27 28 29 36 37 44 45] [16063  5181  6839  8669  6054  8520 10554  8443  8443 10911  7135 13079
 13505 11403  8900] [] 1716192639.9145882130
[ 1  1  1  1  1  1  1  1 -1  1 -1 -1  1  1  1] [ 3 10 11 19 20 21 26 27 28 29 34 36 37 44 45] [ 4746  6718  8661  5723  7927 10520  8300  7842 10915  6981 11871 13168
 13420  8443  8587] [] 1716192639.9575777054
[ 1  1  1  1  1  1  1  1  1  1  1 -1  1  1  1] [ 3 10 11 19 20 21 26 27 28 29 34 36 37 44 45] [ 4739  6430  8596  5180  7478 10422  8241  7737 10709  6945 11599 13389
 13226  6811  8158] [] 1716192640.0004489422
[ 1  1 -1  1  1  1  1  1  1  1  1  1  1  1  1] [ 3 10 11 19 20 21 26 27 28 29 34 36 37 44 45] [ 4613  6080  8604  4857  7299 10318  8203  7432 10275  6806 11419 11331
 13038  5422  7875] [] 1716192640.0435152054
[ 1  1 -1  1  1 -1  1  1  1  1  1 -1  1  1  1  1] [ 3 10 11 19 20 21 26 27 28 29 34 35 36 37 44 45] [ 4405  5705  8693  4646  7154 10438  8115  7239  8523  6673 11333 15303
 11199 12970  5211  7704] [] 1716192640.0865311623
[ 1  1  1  1  1  1  1  1  1  1  1  1  1  1 -1  1  1] [ 3 10 11 19 20 21 26 27 28 29 34 35 36 37 38 44 45] [ 4376  5569  8633  4607  7078 10403  8070  7200  8426  6612 11279 14816
 11027 12850 14840  4779  7581] [] 1716192640.1295678616
[ 1  1  1  1  1  1  1  1  1  1  1 -1  1 -1  1 -1  1  1] [ 3 10 11 19 20 21 26 27 28 29 34 35 36 37 38 42 44 45] [ 4245  4976  8531  4471  5896 10098  6543  7009  8398  6488 11060 15104
 10785 13077 10290 12959  4714  5978] [] 1716192640.1725649834
[-1 -1  1  1  1  1  1  1  1  1  1 -1 -1  1  1 -1 -1  1  1  1] [ 1  2  3 10 11 19 20 21 26 27 28 29 34 35 36 37 38 42 44 45] [16031 15736  3796  4597  8488  4202  5748 10044  6037  5943  8325  6626
 11388 11148 10690 13720 10405 12453  4541  5845] [] 1716192640.2155637741
[1 1 1 1 1 1 1 1 1 1 1 1 1 1 1 1 1 1 1 1] [ 1  2  3 10 11 19 20 21 26 27 28 29 34 35 36 37 38 42 44 45] [15562 15288  3658  4423  8473  4029  5360  9991  5849  5786  8249  6559
 11282 11093 10457 13496  9236 12063  4341  5635] [] 1716192640.2585289478
[-1  1 -1  1  1  1  1 -1  1  1  1  1 -1  1  1  1 -1  1  1  1 -1] [ 1  2  3 10 11 19 20 21 26 27 28 29 34 35 36 37 38 42 44 45 53] [15589 15072  3671  4145  8447  3981  5292 10152  5509  5759  7654  6536
 11300 10199 10039 13264  9347 11960  4124  5485 11154] [] 1716192640.3016111851
[ 1  1  1  1  1  1  1  1 -1  1  1  1 -1  1  1 -1  1  1  1  1  1  1] [ 1  2  3 10 11 19 20 21 23 26 27 28 29 34 35 36 37 38 42 44 45 53] [15246 13519  3653  4015  8417  3868  4935 10113 16156  5443  5731  7519
  6563  9923  8148 10081 12736  9107 11801  3990  5263 10391] [] 1716192640.3443660736
[-1 -1  1  1  1  1  1 -1  1  1  1  1  1  1  1  1 -1 -1  1  1  1  1] [ 1  2  3 10 11 19 20 21 23 26 27 28 29 34 35 36 37 38 42 44 45 53] [15426 14286  3545  3803  8390  3814  4831 10124 16019  5164  5182  7363
  6511  9073  7421  9995 12960  9186 11711  3842  5095  9603] [] 1716192640.3874564171
[ 1  1  1  1  1 -1  1  1 -1  1  1 -1  1 -1  1  1 -1  1 -1  1  1  1 -1  1] [ 1  2  3 10 11 15 19 20 21 23 26 27 28 29 34 35 36 37 38 42 44 45 50 53] [15040 13720  3541  3781  7574 14162  3745  4643 10172 14926  4694  5183
  7234  6546  8989  7024 10057 12771 10533 11647  3738  4964 15862  7958] [] 1716192640.4306170940
[-1  1 -1  1  1 -1  1  1  1 -1 -1  1 -1  1 -1  1  1  1  1  1  1  1  1  1
  1] [ 1  2  3 10 11 12 15 19 20 21 23 26 27 28 29 34 35 36 37 38 42 44 45 50
 53] [15103 13644  3543  3583  7519 15403 13961  3686  4476 10292 15353  4407
  5213  6605  6554  8974  6958  9160 12580  8855 11548  3618  4687 15172
  7792] [] 1716192640.4735989571
[ 1  1  1  1 -1  1  1  1  1 -1  1  1  1  1  1  1 -1  1 -1  1 -1  1  1 -1
  1] [ 1  2  3 10 11 12 15 19 20 21 23 26 27 28 29 34 35 36 37 38 42 44 45 50
 53] [14739 12606  3472  3419  7547 15275 13464  3588  4299 10376 14375  3858
  5003  6431  6357  7161  7053  8758 12664  7338 11622  3529  4509 15585
  7052] [] 1716192640.5165679455
[ 1  1 -1  1  1  1  1  1  1  1 -1  1  1  1  1  1  1  1  1  1  1  1  1 -1
  1  1] [ 1  2  3 10 11 12 15 19 20 21 23 26 27 28 29 34 35 36 37 38 42 44 45 46
 50 53] [14737 12315  3531  3307  7429 15262 13060  3563  4031 10281 14395  3801
  4954  6367  6301  6212  6955  8565 12492  6339 11465  3414  4434 11388
 14939  6299] [] 1716192640.5595562458
[-1  1  1  1 -1  1  1  1  1  1  1  1  1  1  1  1  1  1  1  1  1  1  1  1
 -1  1] [ 1  2  3 10 11 12 15 19 20 21 23 26 27 28 29 34 35 36 37 38 42 44 45 46
 50 53] [14780 12022  3343  3187  7459 15139 12910  3353  3771 10161 13834  3639
  4509  6364  6139  5674  6786  7936 12378  5761 11451  3375  4111 11028
 15019  6150] [] 1716192640.6025531292
[ 1  1  1  1 -1 -1 -1  1  1  1  1  1  1  1  1  1 -1  1  1  1 -1  1  1  1
 -1  1] [ 1  2  3 10 11 12 15 19 20 21 23 26 27 28 29 34 35 36 37 38 42 44 45 46
 50 53] [14463 11996  3151  3095  8300 15230 13185  3282  3651 10092 13546  3544
  4220  5947  6078  5327  6805  6770 12119  5557 11549  3289  3999 10768
 15144  6046] [] 1716192640.6456162930
[ 1 -1  1  1  1  1  1  1  1  1  1  1  1  1  1  1  1  1  1 -1 -1  1 -1  1
  1 -1 -1] [ 1  2  3 10 11 12 15 19 20 21 23 26 27 28 29 34 35 36 37 38 42 44 45 46
 50 53 61] [14417 12011  3087  3037  8281 14715 12993  3238  3569 10062 13373  3478
  4176  5811  5558  5258  6759  6199 12000  5784 11554  3282  4111  8304
 14831  6281  7395] [] 1716192640.6886477470
[ 1  1 -1 -1  1  1 -1  1  1  1  1  1  1  1  1  1  1  1 -1  1  1  1  1  1
  1  1 -1  1] [ 1  2  3 10 11 12 15 19 20 21 23 26 27 28 29 34 35 36 37 38 42 44 45 46
 50 53 54 61] [14185 11981  3095  3039  7929 13361 13452  3195  3498  9984 13216  3273
  3969  5608  4866  4948  6746  5568 12067  5687 11505  3116  3973  7989
  9061  6145 12578  7268] [] 1716192640.7315502167
[ 1 -1  1  1  1  1  1 -1  1  1 -1 -1  1  1  1  1  1 -1  1  1  1  1  1  1
  1  1  1  1  1] [ 1  2  3 10 11 12 15 18 19 20 21 23 26 27 28 29 34 35 36 37 38 42 44 45
 46 50 53 54 61] [14185 12031  2979  2958  7744 12988 13160 13701  3158  3224 10111 13387
  3111  3755  5495  4501  4472  6911  5083 11650  5548 10847  3047  3711
  7737  9022  5926 12244  7061] [] 1716192640.7745919228
[ 1 -1  1  1  1 -1 -1  1  1  1  1  1  1  1  1  1  1  1  1 -1  1  1  1  1
  1  1  1  1  1] [ 1  2  3 10 11 12 15 18 19 20 21 23 26 27 28 29 34 35 36 37 38 42 44 45
 46 50 53 54 61] [10391 12164  2957  2878  7715 13064 13213 13177  3109  3182  8700 13358
  3059  3677  5161  4395  4345  6807  4912 11829  5330 10187  2976  3591
  7668  7621  5814 12053  6988] [] 1716192640.8176267147
[ 1  1  1  1 -1  1  1 -1  1  1  1 -1  1  1  1  1  1  1  1  1  1  1  1  1
  1  1 -1  1  1  1] [ 1  2  3 10 11 12 15 18 19 20 21 23 26 27 28 29 34 35 36 37 38 42 44 45
 46 50 51 53 54 61] [10314 11993  2895  2783  8215 12101 13020 13218  3094  3134  8647 13528
  2976  3613  4971  4384  4205  6715  4756 11828  5073  8246  2946  3414
  7418  7450 11534  5660 12022  6932] [] 1716192640.8604373932
[-1  1  1  1 -1  1  1  1  1  1  1  1  1  1  1  1  1  1  1 -1  1  1  1  1
 -1 -1  1  1  1  1  1] [ 1  2  3 10 11 12 15 18 19 20 21 23 26 27 28 29 34 35 36 37 38 42 44 45
 46 47 50 51 53 54 61] [10562 11624  2828  2679  8416  9545 12992 12995  2979  2998  8643 13520
  2813  3347  4701  4323  4142  6251  4687 11922  5064  7127  2904  3383
  7537 13789  7343 11022  5564 11846  6836] [] 1716192640.9036142826
[-1  1  1  1 -1  1  1  1  1  1  1 -1  1  1  1 -1  1  1  1 -1  1  1  1  1
  1  1  1  1  1  1  1] [ 1  2  3 10 11 12 15 18 19 20 21 23 26 27 28 29 34 35 36 37 38 42 44 45
 46 47 50 51 53 54 61] [10708 11560  2755  2649  8430  9015 12873 12768  2966  2905  8585 13565
  2775  3263  4601  4346  3911  6207  4521 12096  5036  6622  2892  3375
  7470 13695  7292 10982  5489 11840  6803] [] 1716192640.9465754032
[ 1  1  1 -1  1  1 -1 -1  1  1 -1  1 -1  1  1  1  1  1  1 -1  1  1  1  1
  1 -1  1  1 -1  1 -1] [ 1  2  3 10 11 12 15 18 19 20 21 23 26 27 28 29 34 35 36 37 38 42 44 45
 46 47 50 51 53 54 61] [10621 11434  2751  2675  8416  8974 12892 12800  2939  2891  8587 13495
  2799  3241  4600  4331  3894  6198  4340 12155  4968  6365  2871  3279
  7402 13755  7287 10895  5510 11800  6868] [] 1716192640.9895820618
[-1  1  1  1 -1 -1 -1  1  1 -1  1 -1  1  1 -1  1 -1  1  1  1  1 -1  1  1
 -1 -1  1  1 -1  1 -1] [ 1  2  3 10 11 12 15 18 19 20 21 23 26 27 28 29 34 35 36 37 38 42 44 45
 46 47 50 51 53 54 61] [10664 11352  2671  2623  8490  8991 12932 12680  2921  2913  8508 13504
  2740  3221  4613  4253  3912  6197  4307 12001  4871  6493  2856  3252
  7449 13871  7158 10880  5562 11747  6879] [] 1716192641.0328807831
[ 1  1  1  1  1  1  1 -1  1 -1  1  1  1  1  1  1  1 -1 -1  1  1 -1 -1 -1
  1  1 -1  1 -1  1] [ 1  2  3 10 11 12 15 18 19 20 21 23 26 27 28 29 34 35 36 37 38 42 44 45
 46 50 51 53 54 61] [10664 11263  2642  2597  8404  8990 12922 12690  2910  2915  8475 13442
  2725  3195  4533  4245  3882  6221  4318 11916  4832  7604  2875  3255
  7379  7149 11676  5486 11917  6829] [] 1716192641.0758056641
[-1 -1 -1  1  1 -1  1 -1  1  1 -1  1 -1 -1  1  1 -1  1 -1  1 -1 -1  1 -1
  1  1  1  1 -1] [ 1  2  3 10 11 12 15 18 19 20 21 23 26 27 28 29 34 35 36 37 38 42 44 45
 46 50 53 54 61] [10705 11402  2731  2587  8396  9181 12812 12754  2909  2823  8491 13334
  2783  3235  4533  4218  3899  6157  4426 11904  4844  8315  2859  3301
  7339  7077  5482 11819  6862] [] 1716192641.1188237667
[ 1 -1 -1 -1  1 -1  1 -1  1 -1  1 -1 -1  1  1 -1 -1 -1 -1 -1 -1 -1 -1 -1
 -1 -1 -1 -1 -1] [ 1  2  3 10 11 12 15 18 19 20 21 23 26 27 28 29 34 35 36 37 38 42 44 45
 46 50 53 54 61] [10664 11469  2749  2611  8390  9243 12804 12866  2895  2868  8478 13377
  2785  3207  4533  4293  3914  6186  4492 11958  4989 11444  2914  3499
  7464  8785  5882 12731  7103] [] 1716192641.1618566513
[ 1  1 -1  1  1 -1  1 -1 -1 -1  1  1 -1 -1  1 -1  1 -1  1 -1  1 -1 -1  1
 -1  1 -1] [ 1  2  3 10 11 12 15 19 20 21 23 26 27 28 29 34 35 36 37 38 42 44 45 46
 50 53 61] [10388 11329  2787  2597  8357 11320 12616  2915  2963  8480 13370  2775
  3352  4549  4245  4101  6143  4617 11778  5064 10615  2984  3505  7412
 12363  5848  7228] [] 1716192641.2048027515
[-1  1 -1  1 -1  1 -1  1 -1 -1 -1 -1 -1 -1 -1 -1 -1 -1 -1 -1 -1  1 -1 -1
 -1  1] [ 1  2  3 10 11 12 15 19 20 21 23 26 27 28 29 34 35 36 37 38 42 44 45 46
 50 53] [14353 11292  2798  2589  8398 11203 12864  2905  3005  8487 13396  2839
  3374  4655  4255  4185  6214  4718 11899  5110 11383  2932  3535  8231
 14271  5682] [] 1716192641.2478148937
[ 1 -1 -1 -1  1 -1 -1 -1 -1 -1  1 -1 -1 -1 -1 -1 -1  1  1 -1 -1 -1 -1 -1
  1 -1] [ 1  2  3 10 11 12 15 19 20 21 23 26 27 28 29 34 35 36 37 38 42 44 45 46
 50 53] [14245 11438  2897  2669  8379 11741 12949  2924  3041  8529 13206  3007
  3563  4797  4317  4276  6497  4668 11819  5118 11515  3066  3683 10779
 14233  5839] [] 1716192641.2908177376
[ 1  1  1 -1 -1 -1  1 -1 -1 -1  1 -1 -1 -1 -1 -1 -1 -1 -1 -1 -1 -1 -1  1
 -1] [ 1  2  3 10 11 12 15 19 20 21 23 26 27 28 29 34 35 36 37 38 42 44 45 50
 53] [14245 11433  2891  2723  8410 11806 12870  3029  3177  9770 13096  3144
  3811  5299  4409  4955  6537  4828 11826  5280 11516  3131  3716 13515
  5866] [] 1716192641.3338222504
[-1  1 -1 -1 -1 -1 -1 -1 -1 -1  1 -1 -1 -1 -1 -1 -1 -1 -1 -1  1 -1 -1 -1
 -1] [ 1  2  3 10 11 12 15 19 20 21 23 26 27 28 29 34 35 36 37 38 42 44 45 50
 53] [14320 11413  2921  2803  8437 11953 13392  3081  3334  9845 13006  3310
  3961  5409  5137  5126  6549  5181 11900  5551 11454  3285  3931 13749
  6562] [] 1716192641.3768467903
[ 1 -1 -1 -1  1 -1  1 -1 -1  1 -1 -1 -1 -1 -1 -1 -1 -1 -1 -1 -1 -1 -1 -1
 -1] [ 1  2  3 10 11 12 15 19 20 21 23 26 27 28 29 34 35 36 37 38 42 44 45 50
 53] [14223 11557  2931  2891  8426 12236 13366  3269  3457  9840 13110  3437
  4004  5591  5203  5450  6638  5588 11914  6014 11586  3361  4196 14956
  7826] [] 1716192641.4199039936
[-1  1 -1 -1  1 -1  1 -1 -1  1 -1 -1 -1 -1 -1 -1 -1 -1  1 -1  1 -1 -1 -1] [ 1  2  3 10 11 12 15 19 20 21 23 26 27 28 29 34 35 36 37 38 42 44 45 53] [14252 11454  3053  2923  8387 15227 13279  3359  3605  9633 13248  3500
  4366  6099  5227  5914  6997  6224 11895  6483 11509  3366  4379 13947] [] 1716192641.4627721310
[ 1 -1 -1 -1  1 -1 -1 -1 -1 -1 -1 -1 -1 -1 -1 -1  1 -1  1 -1 -1  1  1] [ 1  2  3 10 11 12 15 19 20 21 23 26 27 28 29 34 35 36 37 38 42 44 45] [14035 11723  3157  3067  8383 15274 16253  3395  3759  9708 13309  3700
  4495  6429  5375  6885  6781  6458 11777  6548 11563  3351  4358] [] 1716192641.5058493614
[-1  1 -1 -1  1 -1 -1 -1  1  1 -1 -1  1 -1 -1  1  1 -1 -1 -1 -1 -1] [ 1  2  3 10 11 12 19 20 21 23 26 27 28 29 34 35 36 37 38 42 44 45] [14060 11641  3253  3091  8370 15418  3449  3810  9569 13239  4183  4646
  6409  5389  8577  6662  6414 11936  7370 11728  3442  4662] [] 1716192641.5486891270
[-1  1 -1 -1 -1  1  1 -1 -1 -1 -1 -1 -1 -1 -1 -1 -1 -1  1 -1 -1 -1] [ 1  2  3 10 11 12 19 20 21 23 26 27 28 29 34 35 36 37 38 42 44 45] [14235 11631  3278  3243  8383 15390  3447  3932  9601 13283  4413  4650
  6721  5442  8878  6698  6446 12212  7341 12207  3800  5071] [] 1716192641.5917868614
[-1  1 -1 -1  1 -1 -1  1 -1 -1 -1 -1 -1 -1  1 -1 -1 -1 -1 -1 -1] [ 1  2  3 10 11 19 20 21 23 26 27 28 29 34 35 36 37 38 42 44 45] [14316 11545  3330  3380  8368  3547  4271  9553 13755  4636  4900  7010
  5688 11565  6674  8091 12425  7646 12441  3959  5347] [] 1716192641.6345584393
[-1 -1 -1 -1 -1 -1 -1 -1 -1 -1 -1  1  1 -1 -1 -1 -1 -1 -1] [ 1  2  3 10 11 19 20 21 26 27 28 29 34 35 36 37 38 44 45] [14376 11663  3391  3515  8396  3619  4405  9594  5111  5139  7157  5686
 11517  6926  8755 12787  8321  4052  5740] [] 1716192641.6775648594
[-1 -1 -1 -1  1 -1 -1 -1 -1 -1 -1 -1  1 -1 -1 -1 -1 -1 -1] [ 1  2  3 10 11 19 20 21 26 27 28 29 34 35 36 37 38 44 45] [14588 11679  3557  3701  8364  3780  4693  9718  6241  5204  7302  5704
 11265  7721  9387 12936 10212  4286  6271] [] 1716192641.7205114365
[-1  1 -1 -1 -1 -1 -1 -1 -1 -1 -1 -1  1 -1  1 -1 -1 -1 -1] [ 1  2  3 10 11 19 20 21 26 27 28 29 34 35 36 37 38 44 45] [14653 11635  3688  4070  8414  3851  5033  9819  7421  5485  7356  5927
 11231  9667  9379 13160 10396  4855  7101] [] 1716192641.7635691166
[-1 -1 -1 -1 -1 -1 -1 -1 -1 -1 -1 -1 -1 -1 -1 -1 -1 -1 -1] [ 1  2  3 10 11 19 20 21 26 27 28 29 34 35 36 37 38 44 45] [15244 11831  3820  4283  8432  3969  5175  9865  7674  5637  8138  6032
 11373 10083  9758 13226 10435  5281  7246] [] 1716192641.8065531254
[-1  1 -1 -1 -1 -1 -1 -1  1 -1 -1 -1 -1 -1 -1 -1 -1 -1 -1] [ 1  2  3 10 11 19 20 21 26 27 28 29 34 35 36 37 38 44 45] [15387 11730  4361  4482  8455  4035  5236  9901  7653  5664  8174  6623
 11396 10975  9881 13247 10805  6788 10043] [] 1716192641.8496251106
[-1 -1 -1 -1 -1 -1 -1 -1 -1 -1 -1 -1 -1 -1 -1 -1 -1 -1 -1] [ 1  2  3 10 11 19 20 21 26 27 28 29 34 35 36 37 38 44 45] [15448 12255  4451  5425  8479  4178  5719  9969  8059  6516 10045  6871
 11816 14536 10055 13613 14416 12058 10048] [] 1716192641.8925416470
[-1 -1 -1 -1 -1 -1 -1 -1  1 -1 -1 -1 -1 -1 -1  1 -1  1] [ 1  2  3 10 11 19 20 21 26 27 28 29 34 35 36 37 44 45] [15784 12527  4489  5797  8498  4278  6809 10181  8028  6577 10406  6896
 11827 15434 10202 13309 12215  9941] [] 1716192641.9356126785
[-1 -1 -1  1 -1 -1 -1  1  1  1  1 -1  1 -1 -1] [ 2  3 10 11 19 20 21 26 27 28 29 36 37 44 45] [12751  4680  5818  8483  4460  6822 10212  7985  6545 10378  6875 10432
 13185 12600 10303] [] 1716192641.9785971642
[-1 -1 -1 -1 -1 -1 -1 -1 -1  1 -1  1 -1 -1 -1] [ 2  3 10 11 19 20 21 26 27 28 29 36 37 44 45] [12995  5155  6391  8485  4717  6946 10480  8158  6895 10350  7551 10227
 13247 12711 11552] [] 1716192642.0215306282
[-1 -1 -1 -1 -1 -1 -1 -1 -1 -1 -1 -1  1] [ 2  3 10 11 19 20 21 26 27 28 29 36 44] [14127  5303  6899  8562  4927  7233 10607  8505  7899 10388 10208 13109
 12671] [] 1716192642.0645766258
[ 1 -1 -1 -1 -1 -1 -1 -1 -1  1  1  1 -1] [ 2  3 10 11 19 20 21 26 27 28 29 36 44] [13960  5334  7193  8587  5075  7636 10863  8518  7951 10384 10160 12931
 12777] [] 1716192642.1075096130
[-1 -1 -1 -1 -1 -1 -1 -1 -1 -1 -1 -1] [ 2  3 10 11 19 20 21 26 27 28 29 36] [14501  7220  7362  8618  6195  8182 11062  8810  8077 10496 10361 13436] [] 1716192642.1505413055
[ 1 -1 -1 -1 -1 -1 -1  1 -1  1  1] [ 2  3 10 11 19 20 26 27 28 29 36] [13614  7491  7994  8654  6915  8298  9222  8043 10543 10302 13295] [] 1716192642.1935408115
[ 1 -1 -1  1 -1 -1  1  1 -1 -1] [ 2  3 10 11 19 20 27 28 29 36] [13194  7784  9011  8641  7430 10286  8004 10388 10367 14203] [] 1716192642.2364397049
[-1 -1 -1 -1 -1 -1 -1  1 -1 -1] [ 2  3 10 11 19 20 27 28 29 36] [13422  9166 10728  8709  7739 10578  8128 10385 10611 14889] [] 1716192642.2795155048
[-1 -1  1 -1 -1 -1 -1 -1] [ 2 10 11 19 20 27 28 29] [13498 12867  8639  8565 10706  8382 10425 11060] [] 1716192642.3224427700
[-1  1 -1 -1 -1 -1  1] [10 11 19 20 27 28 29] [13489  8638  8779 11079  8615 10609 10957] [] 1716192642.3654234409
[-1 -1 -1 -1 -1 -1 -1] [10 11 19 20 27 28 29] [13684  8777  9310 11370 10644 10792 11354] [] 1716192642.4085235596
[-1 -1 -1 -1 -1 -1 -1] [10 11 19 20 27 28 29] [13685  8851  9405 11673 10667 10868 11656] [] 1716192642.4515347481
[-1 -1 -1 -1 -1  1] [10 11 19 20 27 28] [13744  8965  9575 11910 11830 10865] [] 1716192642.4945266247
[ 1 -1  1 -1 -1  1] [10 11 19 20 27 28] [13716  9045  9549 12723 12010 10776] [] 1716192642.5374751091
[-1  1  1  1  1] [10 11 19 20 28] [13792  9004  9428 12510 10715] [] 1716192642.5805575848
[ 1 -1 -1  1] [11 19 20 28] [ 8970  9534 15294 10689] [] 1716192642.6235044003
[-1  1  1] [11 19 28] [ 9142  9440 10611] [] 1716192642.6665441990
[-1 -1 -1] [11 19 28] [ 9426  9629 10975] [] 1716192642.7095031738
[-1 -1 -1] [11 19 28] [13130  9787 11185] [] 1716192642.7523052692
[ 1 -1] [19 28] [ 9774 11375] [] 1716192642.7954621315
[-1  1] [19 28] [ 9775 11333] [] 1716192642.8385148048
[ 1 -1] [19 28] [ 9750 11838] [] 1716192642.8814969063
[-1 -1] [19 28] [10436 12029] [] 1716192642.9243464470
[-1] [19] [12088] [] 1716192642.9674785137
2 2 2 1716192643.1104478836
