FA TAX ADC PRES TS
[1] [11] [10547] [] 1716192317.3589491844
[1] [11] [10396] [] 1716192317.4015984535
[-1] [11] [10469] [] 1716192317.4446394444
[-1 -1] [11 28] [10681 12072] [] 1716192317.4876215458
[1 1] [11 28] [10258 11434] [] 1716192317.5306546688
[1 1] [11 28] [ 9330 10754] [] 1716192317.5736827850
[1 1] [11 28] [ 9210 10699] [] 1716192317.6166105270
[ 1 -1] [11 28] [ 9178 10709] [] 1716192317.6596455574
[-1 -1 -1 -1] [ 2  3 11 28] [15903  9958  9419 10999] [] 1716192317.7026562691
[ 1  1  1 -1] [ 2  3 11 28] [15362  9623  9255 11175] [] 1716192317.7457187176
[-1  1  1 -1  1] [ 2  3 11 20 28] [15823  8255  9220 14985 11053] [] 1716192317.7886598110
[ 1 -1 -1  1 -1 -1] [ 3 11 19 20 28 29] [ 7921  9347 10841 14167 11432 12051] [] 1716192317.8316419125
[-1 -1  1  1  1  1  1] [ 2  3 11 19 20 28 29] [15853  7935  9248 10417 13038 11353 11528] [] 1716192317.8747653961
[ 1  1  1  1  1 -1  1] [ 2  3 11 19 20 28 29] [15031  7855  9225 10150 12646 11380 11305] [] 1716192317.9178071022
[1 1 1 1 1 1 1] [ 2  3 11 19 20 28 29] [14311  6533  9157  9949 12207 11280 11153] [] 1716192317.9608576298
[ 1  1 -1 -1  1 -1 -1 -1  1 -1] [ 2  3 11 19 20 21 27 28 29 44] [13841  5218  9302  9997 12134 11743 12845 11307 11054 14619] [] 1716192318.0038480759
[ 1  1  1  1  1  1  1 -1  1  1] [ 2  3 11 19 20 21 27 28 29 44] [13753  5095  9131  8954 11931 11576 12649 11309 10977 13687] [] 1716192318.0469136238
[-1  1  1  1  1  1  1  1  1  1] [ 2  3 11 19 20 21 27 28 29 44] [13775  4901  9128  7207 11666 11069 12635 11216 10941 12999] [] 1716192318.0899314880
[ 1  1 -1 -1  1  1  1  1  1  1  1] [ 2  3 11 18 19 20 21 27 28 29 44] [13701  4810  9195 11656  6342 11304 10924 12550 11063 10697 12773] [] 1716192318.1330752373
[1 1 1 1 1 1 1 1 1 1 1] [ 2  3 11 18 19 20 21 27 28 29 44] [13612  4700  9100 11111  5861 11105 10719 12225 10941 10597 12615] [] 1716192318.1760706902
[-1  1 -1 -1  1  1 -1 -1 -1 -1  1  1] [ 2  3 11 18 19 20 21 26 27 28 29 44] [13742  4679  9141 11278  5714 10605 10763  9644 12477 11048 10499 12421] [] 1716192318.2188637257
[1 1 1 1 1 1 1 1 1 1 1 1] [ 2  3 11 18 19 20 21 26 27 28 29 44] [13487  4531  9084 10688  5002  8866 10589  8951 12215 10666 10372 11778] [] 1716192318.2618701458
[ 1  1  1  1  1  1  1  1 -1  1  1  1] [ 2  3 11 18 19 20 21 26 27 28 29 44] [13257  4478  9023 10456  4808  8713 10389  8746 12443 10662 10279 10037] [] 1716192318.3048853874
[-1  1  1  1  1  1  1  1  1  1 -1 -1 -1  1] [ 2  3 11 18 19 20 21 26 27 28 29 36 42 44] [13263  4269  8868 10243  4570  7367 10148  8664 10575  9652 10354 14599
 12970  6975] [] 1716192318.3479037285
[ 1  1 -1  1  1  1  1  1  1  1  1  1  1  1 -1] [ 2  3 11 18 19 20 21 26 27 28 29 36 42 44 45] [13036  4130  8989 10190  4423  7355 10106  8535  7835  9515 10341 14389
 12259  6176 13010] [] 1716192318.3908731937
[ 1  1  1  1  1  1 -1  1  1  1 -1 -1 -1  1  1  1  1] [ 2  3 11 18 19 20 21 26 27 28 29 34 35 36 42 44 45] [12872  4051  8937  9223  4287  7149 10194  8530  6908  9120 10409 12615
 14591 13633 10556  5527  9712] [] 1716192318.4338626862
[ 1  1  1  1  1  1 -1  1  1  1 -1  1 -1  1 -1  1  1  1] [ 2  3 11 18 19 20 21 26 27 28 29 34 35 36 37 42 44 45] [12829  4016  8813  7306  4122  7121 10199  8408  6732  7487 10536  9887
 14669 13273 16379  8853  5221  8448] [] 1716192318.4769008160
[ 1  1 -1  1  1  1  1 -1  1  1  1  1  1 -1 -1  1  1  1  1 -1] [ 2  3 10 11 18 19 20 21 26 27 28 29 34 35 36 37 42 44 45 53] [12820  3981 14806  8767  6548  4030  6534 10215  8307  6703  6645  8221
  9351 15098 13412 12590  7333  4928  7939 14851] [] 1716192318.5199844837
[ 1  1  1  1  1  1  1  1  1  1  1  1  1  1  1  1  1  1 -1 -1  1] [ 2  3 10 11 18 19 20 21 26 27 28 29 34 35 36 37 42 44 45 46 53] [12663  3937 12772  8711  6301  3948  6351  9304  8160  6021  5170  7529
  8919 15036 12869 12291  6621  4774  8008 11453 11029] [] 1716192318.5629196167
[-1  1  1  1 -1  1  1  1 -1  1 -1  1  1  1 -1  1 -1  1  1  1  1  1] [ 2  3 10 11 12 18 19 20 21 26 27 28 29 34 35 36 37 42 44 45 46 53] [12963  3894 10098  8685 12840  5169  3759  6243 10140  8131  6037  4855
  7325  8742 15062 12569 12521  6388  4667  7973  9830  9061] [] 1716192318.6059396267
[-1  1  1  1  1  1  1  1 -1  1  1  1  1  1  1  1  1  1  1  1  1 -1  1] [ 2  3 10 11 12 18 19 20 21 26 27 28 29 34 35 36 37 42 44 45 46 52 53] [13040  3869  9013  8645 12800  4933  3705  6090 10317  8057  5996  4483
  6055  7787 14853 11916 12416  5906  4522  7823  9440 13702  8000] [] 1716192318.6489675045
[ 1  1  1  1  1  1  1  1  1  1  1  1  1  1  1  1 -1  1  1  1  1  1  1] [ 2  3 10 11 12 18 19 20 21 26 27 28 29 34 35 36 37 42 44 45 46 52 53] [11682  3766  8106  8635 11852  4873  3663  5679 10274  8007  5987  4185
  5925  7727 13029 11391 13124  5242  4040  7807  8853 12494  7266] [] 1716192318.6919353008
[-1  1  1 -1  1  1  1  1  1 -1  1  1  1 -1  1  1  1  1  1 -1  1  1  1  1
 -1] [ 2  3 10 11 12 18 19 20 21 23 26 27 28 29 34 35 36 37 42 44 45 46 52 53
 61] [11897  3578  7936  8639 11722  4501  3534  5632 10212 15865  7041  5839
  3925  5940  7592 11395 10283 12904  4938  4104  7757  8809 12169  6838
  7785] [] 1716192318.7349386215
[-1  1  1  1  1  1  1  1  1  1  1  1  1  1  1  1  1  1  1 -1  1  1  1  1
  1  1] [ 1  2  3 10 11 12 18 19 20 21 23 26 27 28 29 34 35 36 37 42 44 45 46 52
 53 61] [16264 11415  3501  7773  8635 11315  4250  3461  5575 10204 15711  6710
  5768  3711  5754  7528 10330  8515 12386  5040  4028  7615  7783 11933
  6610  7472] [] 1716192318.7779428959
[-1  1 -1 -1  1  1  1  1  1  1  1  1  1  1  1  1  1 -1 -1  1  1 -1  1  1
  1  1  1  1] [ 1  2  3  4 10 11 12 18 19 20 21 23 26 27 28 29 34 35 36 37 42 43 44 45
 46 52 53 61] [16308 11107  3570 13211  6433  7500 11198  4089  3406  5335  8879 15711
  5992  5669  3583  5311  7485 12086  8679 12254  4896 11887  3754  7414
  6582 11427  5970  7078] [] 1716192318.8209638596
[ 1  1  1  1  1  1  1  1  1  1  1  1  1  1  1  1  1  1  1  1 -1  1  1  1
  1  1  1 -1 -1] [ 1  2  3  4 10 11 12 18 19 20 21 23 26 27 28 29 34 35 36 37 42 43 44 45
 46 52 53 54 61] [15886  9759  3407 12874  5940  5903  9198  3941  3346  5283  8842 15359
  4683  5612  3392  5055  6234  9521  7026  9425  4903 10737  3736  6665
  6170 10578  5672 14048  7079] [] 1716192318.8640074730
[ 1  1  1  1  1  1  1  1  1  1  1  1  1  1  1  1  1  1  1  1 -1  1  1  1
  1  1 -1  1  1  1  1] [ 1  2  3  4 10 11 12 18 19 20 21 23 26 27 28 29 34 35 36 37 38 42 43 44
 45 46 51 52 53 54 61] [15873  9725  3336 12538  5865  5591  8974  3797  3290  5056  8734 15047
  4617  5449  3323  4895  6111  9417  6424  9372 11599  4456  9551  3604
  6375  6020 14988 10248  5406 13588  7018] [] 1716192318.9069159031
[-1 -1  1 -1  1  1  1  1  1  1 -1  1  1  1  1 -1  1  1  1  1  1  1  1  1
  1  1 -1  1  1  1  1  1] [ 1  2  3  4 10 11 12 18 19 20 21 23 26 27 28 29 34 35 36 37 38 42 43 44
 45 46 50 51 52 53 54 61] [15956  9855  3067 12923  5487  5394  8462  3679  3251  4815  8754 14997
  4397  5101  3207  4931  5893  8448  6271  9287 10647  4193  9530  3472
  6262  5886 15512 11409  9160  5040  9472  6949] [] 1716192318.9500296116
[ 1  1  1  1  1  1  1  1  1  1  1 -1  1  1  1  1  1  1  1  1  1  1  1  1
  1  1 -1  1  1  1  1  1] [ 1  2  3  4 10 11 12 18 19 20 21 23 26 27 28 29 34 35 36 37 38 42 43 44
 45 46 50 51 52 53 54 61] [15831  8326  2895 11533  4875  4904  7956  3364  3109  4752  8622 15487
  4089  5092  2943  4799  5493  8189  5783  9016 10453  3779  9523  3352
  6033  5752 15943 11151  9149  4658  7281  6787] [] 1716192318.9929757118
[ 1  1  1  1  1  1  1  1  1  1 -1 -1  1  1  1  1  1  1  1  1  1  1 -1  1
  1 -1 -1  1  1  1  1  1 -1] [ 1  2  3  4 10 11 12 18 19 20 21 23 26 27 28 29 34 35 36 37 38 42 43 44
 45 46 47 50 51 52 53 54 61] [15718  6844  2749 10571  4635  4424  7759  3271  3044  4684  8697 15615
  3960  5041  2804  4727  5259  8038  5547  8934 10261  3544  9891  3186
  6010  5792 14213 15643 10850  9131  4561  6365  6821] [] 1716192319.0360186100
[-1  1  1  1  1  1  1  1  1  1 -1  1  1  1  1  1  1  1  1 -1  1  1  1  1
  1  1  1 -1  1  1  1  1  1] [ 1  2  3  4 10 11 12 18 19 20 21 23 26 27 28 29 34 35 36 37 38 42 43 44
 45 46 47 50 51 52 53 54 61] [15898  6648  2690  9919  4519  4192  7636  3263  2987  4285  8755 14699
  3904  5014  2732  4703  5133  7996  5414  9162 10110  3318  9663  3060
  5945  5755 11329 15843 10654  8916  4402  6197  6696] [] 1716192319.0791399479
[ 1  1  1 -1  1  1  1  1  1  1  1 -1  1  1  1  1  1  1  1 -1  1  1  1  1
  1  1  1  1  1  1  1  1  1] [ 1  2  3  4 10 11 12 18 19 20 21 23 26 27 28 29 34 35 36 37 38 42 43 44
 45 46 47 50 51 52 53 54 61] [15631  6472  2557 10303  4284  3498  7150  3075  2908  4199  8589 14803
  3551  5010  2603  4582  4819  7962  5135  9361 10105  3176  9357  2994
  5907  5482  6935  9540 10582  7987  4332  6095  6514] [] 1716192319.1219420433
[ 1 -1  1  1  1  1  1 -1  1  1  1  1  1  1  1  1  1  1  1  1  1 -1 -1  1
  1  1  1  1  1  1 -1  1  1  1 -1] [ 1  2  3  4 10 11 12 15 18 19 20 21 23 26 27 28 29 34 35 36 37 38 41 42
 43 44 45 46 47 50 51 52 53 54 61] [14730  6519  2516 10087  4084  3263  7053 15419  3013  2879  4051  8589
 13975  3468  4949  2511  4371  4543  7826  4973  9019 10127 15871  3026
  9267  2920  5375  5424  5961  9155 10584  7115  3932  5927  6516] [] 1716192319.1650760174
[ 1  1  1  1  1  1  1  1  1  1  1  1  1  1  1  1  1 -1  1  1  1  1  1  1
  1 -1  1 -1  1  1  1  1  1  1  1  1] [ 1  2  3  4 10 11 12 15 18 19 20 21 23 26 27 28 29 32 34 35 36 37 38 41
 42 43 44 45 46 47 50 51 52 53 54 61] [14650  6448  2442  9875  3920  3155  6609 14771  2983  2815  3937  8583
 13839  3401  4897  2474  4215 11263  4506  7781  4569  8970  8910 14690
  2902  9395  2852  5421  5376  5417  9074 10562  6818  3816  5727  6347] [] 1716192319.2080104351
[ 1 -1  1  1  1  1  1  1  1  1  1  1  1  1  1  1  1  1  1  1  1 -1  1  1
  1  1  1  1  1  1  1 -1  1  1  1  1] [ 1  2  3  4 10 11 12 15 18 19 20 21 23 26 27 28 29 32 34 35 36 37 38 41
 42 43 44 45 46 47 50 51 52 53 54 61] [14645  6468  2437  9857  3840  3007  6435 14367  2941  2800  3869  8573
 13703  3299  4799  2473  4107 10606  4148  7655  4430  9325  8780 12661
  2801  9329  2804  5331  5064  5086  8942 10582  6628  3750  5639  6330] [] 1716192319.2510166168
[ 1  1  1 -1  1  1  1  1  1  1  1  1 -1  1  1  1  1  1  1 -1  1  1  1  1
  1 -1  1  1 -1  1  1  1  1  1  1  1] [ 1  2  3  4 10 11 12 15 18 19 20 21 23 26 27 28 29 32 34 35 36 37 38 41
 42 43 44 45 46 47 50 51 52 53 54 61] [14488  6348  2397  9993  3748  2879  5919 14171  2887  2765  3816  8563
 13755  3231  4784  2406  4046  9731  4092  7657  4345  9024  8383 12637
  2776  9556  2796  5315  5103  5066  8866 10545  6608  3736  5527  6246] [] 1716192319.2939956188
[ 1 -1 -1  1  1  1  1  1 -1  1 -1  1  1  1 -1 -1  1 -1 -1  1  1  1  1 -1
  1  1 -1 -1  1 -1  1  1 -1  1  1  1] [ 1  2  3  4 10 11 12 15 18 19 20 21 23 26 27 28 29 32 34 35 36 37 38 41
 42 43 44 45 46 47 50 51 52 53 54 61] [14275  6369  2407  9804  3700  2863  5894 14118  2889  2726  3821  8530
 13735  3227  4850  2412  4015  9929  4102  7558  4278  8923  7641 12652
  2768  9285  2824  5321  5046  5110  8813 10523  6616  3715  5471  6230] [] 1716192319.3371145725
[ 1  1  1  1  1 -1  1 -1  1 -1  1  1  1  1  1  1 -1  1  1 -1 -1  1 -1  1
  1  1  1  1 -1 -1 -1 -1  1 -1 -1 -1] [ 1  2  3  4 10 11 12 15 18 19 20 21 23 26 27 28 29 32 34 35 36 37 38 41
 42 43 44 45 46 47 50 51 52 53 54 61] [14166  6346  2389  9781  3696  2887  5857 14175  2874  2753  3752  8515
 13694  3209  4726  2396  4058  9621  4055  7610  4359  8858  7666 12616
  2754  9155  2768  5279  5058  5422  8905 10618  6608  3746  5477  6233] [] 1716192319.3800456524
[-1  1  1  1  1  1 -1 -1 -1  1  1 -1 -1  1 -1  1  1  1 -1  1  1 -1 -1 -1
 -1 -1 -1 -1 -1 -1 -1  1 -1 -1 -1 -1] [ 1  2  3  4 10 11 12 15 18 19 20 21 23 26 27 28 29 32 34 35 36 37 38 41
 42 43 44 45 46 47 50 51 52 53 54 61] [14411  6306  2386  9704  3688  2847  5911 14223  2915  2706  3675  8558
 13703  3191  4730  2365  4007  9510  4077  7592  4284  8859  8940 14665
  2852  9220  2808  5318  5435  6097  8922 10554  6696  3864  5983  6352] [] 1716192319.4230203629
[ 1 -1 -1  1 -1 -1 -1 -1  1 -1 -1  1  1 -1  1 -1  1 -1 -1 -1 -1 -1 -1 -1
 -1  1 -1 -1  1 -1 -1 -1 -1 -1 -1 -1] [ 1  2  3  4 10 11 12 15 18 19 20 21 23 26 27 28 29 32 34 35 36 37 38 41
 42 43 44 45 46 47 50 51 52 53 54 61] [14292  6337  2403  9595  3782  2987  6422 14679  2902  2718  3747  8534
 13670  3261  4703  2416  4003 10148  4090  7676  4388  8928 10049 14779
  2953  9214  2832  5430  5391  7060 14156 10560  6820  3900  6020  6394] [] 1716192319.4660699368
[ 1 -1  1 -1 -1 -1  1 -1 -1 -1  1 -1 -1  1  1 -1  1 -1 -1  1 -1 -1  1 -1
 -1 -1 -1  1  1 -1 -1 -1  1 -1] [ 1  2  3  4 10 11 12 15 18 19 20 21 23 26 27 28 29 32 34 35 36 37 38 42
 43 44 45 46 50 51 52 53 54 61] [14242  6355  2403  9635  3852  3073  6371 14941  2941  2730  3705  8558
 13711  3223  4685  2421  3993 14607  4165  7616  4487  9019  9910  3127
  9267  2944  5775  5233 13858 10688  7230  4362  6003  6517] [] 1716192319.5091047287
[-1 -1 -1  1 -1 -1 -1 -1 -1 -1  1  1 -1 -1 -1 -1 -1  1 -1  1 -1 -1  1 -1
 -1 -1 -1  1 -1  1 -1 -1] [ 1  2  3  4 10 11 12 18 19 20 21 23 26 27 28 29 34 35 36 37 38 42 43 44
 45 46 50 51 52 53 54 61] [14522  6439  2475  9383  4063  3546  6789  2962  2796  3845  8546 13487
  3340  4749  2474  4031  4311  7469  4710  8828  9955  3352  9030  3010
  5795  5558 15116 10626  7919  4353  8484  6672] [] 1716192319.5520076752
[ 1 -1 -1  1 -1 -1 -1 -1 -1 -1  1 -1 -1 -1 -1 -1 -1 -1 -1  1 -1 -1 -1 -1
 -1 -1 -1 -1 -1 -1 -1] [ 1  2  3  4 10 11 12 18 19 20 21 23 26 27 28 29 34 35 36 37 38 42 43 44
 45 46 51 52 53 54 61] [14343  6446  2575  9337  4351  3782  7062  3039  2859  3867  8449 13595
  3579  4852  2510  4431  4843  7797  4975  8658  9970  3510  9349  3168
  5946  5604 10774  8760  4545 13184  6729] [] 1716192319.5949559212
[-1 -1 -1  1 -1 -1 -1 -1 -1 -1 -1  1 -1  1 -1 -1 -1 -1 -1 -1 -1 -1  1 -1
  1 -1 -1 -1 -1 -1] [ 1  2  3  4 10 11 12 18 19 20 21 23 26 27 28 29 34 35 36 37 38 42 43 44
 45 46 51 52 53 61] [14661  6536  2615  9257  4492  4504  7357  3171  2886  4039  8479 13503
  3767  4797  2590  4454  5032  7853  5124  8676 10007  3959  9165  3234
  5867  5664 11083  9043  4642  6879] [] 1716192319.6380155087
[ 1 -1 -1 -1 -1 -1  1 -1 -1 -1 -1  1 -1 -1 -1  1 -1 -1 -1 -1 -1 -1 -1 -1
 -1 -1 -1 -1 -1] [ 1  2  3  4 10 11 12 18 19 20 21 23 26 27 28 29 34 35 36 37 38 42 43 44
 45 46 52 53 61] [14282  8199  2808  9258  4912  5069  7301  3349  2995  4057  8508 13479
  3876  4823  2669  4423  5513  8931  5301  9019 10436  4184 10057  3384
  6071  6575  9102  5072  7234] [] 1716192319.6809840202
[-1  1 -1  1 -1 -1 -1 -1 -1 -1 -1  1 -1 -1 -1 -1 -1 -1 -1 -1 -1 -1 -1 -1
 -1 -1 -1] [ 1  2  3  4 10 11 12 18 19 20 21 23 26 27 28 29 34 35 36 37 42 43 44 45
 46 52 53] [14521  8177  3128  9187  5509  5580  7468  3484  3065  4467  8521 13451
  4164  4838  2819  4590  6349  9020  5534  9099  4488 10223  3512  7045
  8013  9322  5154] [] 1716192319.7239801884
[-1 -1 -1 -1 -1 -1 -1 -1 -1 -1 -1 -1 -1 -1 -1 -1 -1 -1 -1 -1 -1 -1 -1 -1
 -1 -1 -1] [ 1  2  3  4 10 11 12 18 19 20 21 23 26 27 28 29 34 35 36 37 42 43 44 45
 46 52 53] [14916  9561  3221  9198  5610  6509  7742  3640  3123  4673  8535 13557
  4383  4885  3023  4619  7268  9105  5825 10313  4684 14783  3602  7245
  8015 11372  5544] [] 1716192319.7669780254
[ 1  1 -1 -1 -1 -1 -1 -1 -1  1 -1 -1 -1 -1 -1 -1  1 -1 -1 -1 -1 -1 -1 -1
 -1 -1] [ 1  2  3  4 10 11 12 18 19 20 21 23 26 27 28 29 34 35 36 37 42 44 45 46
 52 53] [14866  9534  3369  9244  5712  7412  8620  3773  3196  4615  8619 13607
  5335  4965  3074  4725  7213  9331  6015 10338  5245  3962  7473  8510
 12199  7900] [] 1716192319.8099746704
[ 1 -1 -1 -1 -1 -1 -1 -1 -1 -1 -1 -1 -1 -1 -1 -1 -1 -1 -1 -1 -1 -1  1 -1
 -1] [ 1  2  3  4 10 11 12 18 19 20 21 23 26 27 28 29 34 35 36 37 42 44 45 46
 53] [14760  9707  3451  9287  7149  8498 10402  4220  3335  4705  9875 13693
  6795  5484  3283  5382  7512  9418  7682 11592  5538  4096  7465 11341
  9744] [] 1716192319.8529055119
[ 1 -1 -1  1 -1 -1 -1 -1 -1 -1  1 -1 -1 -1 -1 -1 -1  1 -1 -1 -1  1  1 -1] [ 1  2  3  4 10 11 12 18 19 20 21 23 26 27 28 29 34 35 36 37 42 44 45 53] [13647  9721  3553  9279  7193  8526 11170  4673  3385  4848  9821 13927
  7655  5511  3619  5695  7665  9352 11657 11748  6730  4016  7272 15807] [] 1716192319.8959786892
[-1 -1 -1 -1 -1 -1 -1 -1 -1 -1 -1 -1 -1 -1 -1 -1 -1  1 -1  1 -1 -1 -1] [ 1  2  3  4 10 11 12 18 19 20 21 23 26 27 28 29 34 35 36 37 42 44 45] [13936  9727  3603  9366  7702  8534 12607  4833  3478  4966  9870 14047
  7686  5651  3806  5713  8823  9311 11663 11515  8091  4480  7539] [] 1716192319.9390089512
[-1 -1 -1 -1 -1 -1 -1 -1 -1 -1  1  1 -1 -1 -1 -1 -1 -1 -1 -1 -1 -1 -1] [ 1  2  3  4 10 11 12 18 19 20 21 23 26 27 28 29 34 35 36 37 42 44 45] [14146 12143  3777  9452  9954  8575 13926  5777  3630  5218  9776 13621
  7850  5742  4295  5879  9083  9843 11717 11547  9998  4626  8141] [] 1716192319.9819507599
[-1  1 -1  1 -1 -1 -1 -1 -1 -1 -1  1 -1 -1 -1 -1 -1 -1 -1 -1 -1 -1] [ 1  2  3  4 10 11 12 18 19 20 21 23 26 27 28 29 34 35 36 37 42 44] [15504 11988  3965  9397 12238  8627 15755  6173  3718  5869  9820 13515
  7955  5830  4711  7508  9194 13777 12218 11866 13931  4960] [] 1716192320.0249042511
[-1 -1 -1 -1 -1 -1 -1 -1 -1 -1 -1 -1  1 -1 -1 -1 -1 -1 -1 -1] [ 1  2  3  4 10 11 18 19 20 21 23 26 27 28 29 34 35 36 37 44] [16358 12219  3989  9771 14954  8628  7435  3832  6127  9860 14372  8094
  5804  5059 10278  9267 13951 12381 14463  5366] [] 1716192320.0679395199
[ 1  1  1 -1  1 -1 -1 -1 -1 -1  1 -1 -1  1  1  1 -1] [ 1  2  3  4 11 18 19 20 21 23 26 27 28 29 35 36 44] [16282 11907  3943 14183  8579  7479  3897  6526  9933 16338  8041  5890
  5425 10197 13833 12317  9788] [] 1716192320.1109032631
[ 1 -1 -1 -1 -1 -1 -1 -1  1 -1 -1 -1 -1] [ 2  3 11 18 19 20 21 26 27 28 29 36 44] [11670  3979  8673  9990  3999  6663  9981  8362  5865  8160 10250 13111
 12009] [] 1716192320.1538980007
[-1 -1 -1 -1 -1 -1 -1 -1 -1 -1  1 -1 -1] [ 2  3 11 18 19 20 21 26 27 28 29 36 44] [12335  3989  8736 10170  4127  6853 10108  8517  5927  9589 10205 13124
 12223] [] 1716192320.1968905926
[-1 -1  1 -1 -1 -1 -1 -1 -1 -1 -1 -1] [ 2  3 11 18 19 20 21 26 27 28 29 44] [14311  4095  8708 10499  4362  7039 10194 12850  6812  9824 10231 12844] [] 1716192320.2398889065
[ 1 -1 -1 -1 -1 -1 -1 -1 -1  1 -1] [ 2  3 11 18 19 20 21 27 28 29 44] [12620  4307  8777 11008  4601  8678 10252  8363 10939 10143 13794] [] 1716192320.2828683853
[-1 -1 -1 -1 -1 -1 -1 -1  1 -1] [ 2  3 11 18 19 20 21 27 28 29] [12668  4439  8833 11372  5030 10459 10780  8457 10664 10505] [] 1716192320.3258805275
[-1 -1 -1 -1 -1 -1  1 -1 -1] [ 2  3 11 19 20 21 27 28 29] [12723  4634  8906  6115 10576 10874  8314 10739 10696] [] 1716192320.3688766956
[-1 -1 -1 -1 -1 -1 -1 -1 -1] [ 2  3 11 19 20 21 27 28 29] [12815  4943  9004  7085 11003 11433  8697 11069 10900] [] 1716192320.4119513035
[-1 -1 -1 -1 -1 -1 -1 -1] [ 2  3 11 19 20 27 28 29] [13004  5071  9162  9984 11701 10962 11357 11508] [] 1716192320.4549326897
[ 1 -1  1 -1 -1 -1  1  1] [ 2  3 11 19 20 27 28 29] [12923  7481  9121 10099 11842 11285 11354 11312] [] 1716192320.4979536533
[-1 -1 -1 -1 -1 -1 -1 -1] [ 2  3 11 19 20 27 28 29] [13096  7610  9207 10507 12628 11813 11433 12136] [] 1716192320.5407850742
[-1 -1  1 -1  1] [ 2  3 11 20 28] [13534  9238  9062 14969 10686] [] 1716192320.5839309692
[ 1  1 -1] [ 2 11 28] [13321  8837 10732] [] 1716192320.6269278526
[-1 -1 -1] [ 2 11 28] [13759  8889 10947] [] 1716192320.6699094772
[-1 -1] [11 28] [ 9126 10998] [] 1716192320.7127983570
[-1 -1] [11 28] [10271 12419] [] 1716192320.7559421062
[1] [11] [9911] [] 1716192320.7988929749
[1] [11] [9866] [] 1716192320.8419275284
[-1] [11] [10821] [] 1716192320.8847441673
[-1] [11] [14110] [] 1716192320.9278125763
2 2 2 1716192320.9280431271
