FA TAX ADC PRES TS
[-1] [11] [10080] [] 1716195594.2219436169
[1] [11] [9925] [] 1716195594.2649159431
[-1] [11] [11244] [] 1716195594.3079035282
[1] [11] [10531] [] 1716195594.3508815765
[1] [11] [9719] [] 1716195594.3938691616
[-1 -1] [11 28] [ 9752 12143] [] 1716195594.4369242191
[1 1] [11 28] [ 9529 11209] [] 1716195594.4798905849
[1 1] [11 28] [ 9012 10756] [] 1716195594.5229365826
[ 1 -1] [11 28] [ 8698 10772] [] 1716195594.5658977032
[-1 -1  1] [11 19 28] [ 8722 10963 10743] [] 1716195594.6090447903
[ 1  1 -1] [11 19 28] [ 8656  9820 10798] [] 1716195594.6519372463
[1 1 1] [11 19 28] [ 8578  9507 10695] [] 1716195594.6948070526
[ 1  1 -1 -1] [11 19 28 44] [ 8073  8931 10763 12860] [] 1716195594.7378382683
[-1 -1  1 -1 -1 -1  1] [ 3 11 19 20 21 28 44] [12716  8448  7652 16180 11555 11042 12857] [] 1716195594.7808473110
[ 1 -1  1  1  1  1  1] [ 3 11 19 20 21 28 44] [ 9025  8554  6683 15068 11204 10941 12642] [] 1716195594.8239178658
[ 1  1  1  1  1 -1  1 -1 -1  1] [ 3 11 19 20 21 27 28 29 42 44] [ 7525  8409  6087 13506 11045 13141 10244 12253 12707 12636] [] 1716195594.8668920994
[ 1 -1  1  1 -1 -1  1  1  1  1  1] [ 3 11 19 20 21 26 27 28 29 42 44] [ 7380  8434  5741 13207 11117 11076 12849  7807 11836 12103 12379] [] 1716195594.9098880291
[ 1 -1  1  1  1  1  1  1  1  1 -1] [ 3 11 19 20 21 26 27 28 29 42 44] [ 7215  8522  5486 13096 10974 10974 12753  7291 11683 11766 12497] [] 1716195594.9526767731
[1 1 1 1 1 1 1 1 1 1 1] [ 3 11 19 20 21 26 27 28 29 42 44] [ 5358  8345  5091 13045 10762 10651 12499  6095 11164 11347 10327] [] 1716195594.9958755970
[ 1  1  1  1 -1  1  1  1  1  1  1] [ 3 11 19 20 21 26 27 28 29 42 44] [ 5065  8012  4718 12748 10862 10486 12457  5138 10940 11192  9484] [] 1716195595.0389356613
[ 1  1  1  1  1  1  1  1  1 -1  1  1] [ 3 11 19 20 21 26 27 28 29 35 42 44] [ 5027  7958  4491 12131 10740 10077 12327  4825 10879 16226 10494  8512] [] 1716195595.0819818974
[ 1  1 -1  1  1  1  1 -1  1  1  1 -1  1  1] [ 3 11 18 19 20 21 26 27 28 29 35 36 42 44] [ 4962  6807 13682  4190 11984 10382  8678 12625  4317 10829 15583 13283
  9479  6641] [] 1716195595.1250333786
[ 1  1  1  1  1  1 -1  1 -1  1  1  1  1  1  1] [ 3 11 18 19 20 21 23 26 27 28 29 35 36 42 44] [ 4851  6506 12475  4052 11347 10324 13975  8559 12836  4100 10682 14445
 12597  9050  6257] [] 1716195595.1680667400
[ 1 -1  1  1 -1  1  1  1  1  1  1  1  1  1  1  1] [ 3 10 11 18 19 20 21 23 26 27 28 29 35 36 42 44] [ 4846 14412  6158  7379  4057 11263 10182 13424  8426 12751  3930 10593
 14440 12086  7814  5473] [] 1716195595.2109501362
[1 1 1 1 1 1 1 1 1 1 1 1 1 1 1 1] [ 3 10 11 18 19 20 21 23 26 27 28 29 35 36 42 44] [ 4789 13544  6023  5799  3964 11159 10093 13019  8189 12091  3696 10461
 14287  9778  7173  4891] [] 1716195595.2539410591
[ 1  1  1  1  1  1  1  1  1  1  1  1  1  1 -1  1  1 -1] [ 3 10 11 18 19 20 21 23 26 27 28 29 35 36 37 42 44 45] [ 4735 11424  5382  5069  3800 10935  9933 12699  7997 11919  3497 10238
 14284  8011 16355  6966  4790  9220] [] 1716195595.2969138622
[-1  1  1  1  1  1  1 -1 -1  1  1 -1  1 -1  1  1  1  1] [ 3 10 11 18 19 20 21 23 26 27 28 29 35 36 37 42 44 45] [ 4767 10012  5108  4861  3747 10768  9850 12894  8044 11549  3342 10305
 12586  8044 12966  6335  4655  7847] [] 1716195595.3400857449
[ 1  1  1  1  1  1  1 -1  1  1  1  1  1  1  1  1  1  1] [ 3 10 11 18 19 20 21 23 26 27 28 29 35 36 37 42 44 45] [ 4234  9751  4995  4591  3602  9738  9800 13024  7862 11268  3189 10104
 11255  7967 12855  5602  4437  7541] [] 1716195595.3829462528
[ 1  1  1  1  1  1 -1  1  1  1  1  1 -1  1  1  1  1  1 -1] [ 3 10 11 18 19 20 21 23 26 27 28 29 35 36 37 42 44 45 53] [ 3987  9453  4705  4250  3434  7506  9973 12733  7730 11076  3001 10040
 13180  7711 12668  4834  4234  7508 11054] [] 1716195595.4259550571
[ 1  1  1  1  1  1  1  1  1 -1  1  1  1  1 -1  1  1 -1 -1 -1  1] [ 3 10 11 18 19 20 21 23 26 27 28 29 35 36 37 42 44 45 50 52 53] [ 3638  9163  4424  4159  3384  7371  9806 12644  6627 11098  2899  8334
 12183  7544 12891  4775  4200  7615  9755 14185 10288] [] 1716195595.4689805508
[ 1 -1  1  1  1  1 -1 -1  1  1  1  1  1  1 -1  1  1  1  1  1  1] [ 3 10 11 18 19 20 21 23 26 27 28 29 35 36 37 42 44 45 50 52 53] [ 3530  9190  4254  4095  3326  7257  9893 12740  5827  8452  2850  8219
 11365  7020 12954  4366  4155  7591  9675 13269  8792] [] 1716195595.5120503902
[-1 -1  1  1  1  1  1 -1 -1  1  1  1  1 -1  1  1 -1  1  1  1 -1  1  1  1] [ 3  4 10 11 18 19 20 21 23 26 27 28 29 34 35 36 37 42 44 45 46 50 52 53] [ 3576 10589  8168  3918  3596  3261  7055  9982 12969  4509  8407  2767
  8203 11741 10437  5874 13328  4002  4094  6993 14651  7293 12905  7841] [] 1716195595.5549135208
[ 1  1  1  1  1  1  1  1 -1  1  1  1  1  1  1  1  1  1  1  1  1  1 -1  1
  1] [ 3  4 10 11 18 19 20 21 23 26 27 28 29 34 35 36 37 42 44 45 46 50 51 52
 53] [ 3423 10487  7900  3810  3520  3211  6707  8501 13064  4130  7340  2634
  7081  8721 10077  5322 12492  3628  3895  6973 11069  6786 11931 10548
  6536] [] 1716195595.5979540348
[ 1  1  1  1  1  1  1  1  1  1  1  1 -1  1  1  1 -1  1  1  1  1  1  1  1
 -1 -1] [ 3  4 10 11 18 19 20 21 23 26 27 28 29 34 35 36 37 42 44 45 46 50 51 52
 53 54] [ 3365  9875  7727  3678  3519  3116  6563  8471 12974  3945  7165  2562
  7114  8650  9985  4840 12776  3562  3855  6879 10936  6706 11863  8997
  7694 12351] [] 1716195595.6410062313
[ 1  1  1  1  1  1  1  1 -1  1  1  1  1  1 -1  1 -1  1  1 -1 -1  1  1  1
 -1  1 -1] [ 3  4 10 11 18 19 20 21 23 26 27 28 29 34 35 36 37 42 44 45 46 50 51 52
 53 54 61] [ 3305  9506  7334  3604  3459  3064  6433  8424 12985  3749  6928  2487
  6449  8544 10187  4574 12808  3313  3855  6919 10945  6234 11816  8218
  7995 12130  7830] [] 1716195595.6839203835
[-1  1  1  1  1  1  1  1 -1 -1  1  1  1  1  1  1  1  1  1  1  1  1  1  1
  1  1 -1  1] [ 2  3  4 10 11 18 19 20 21 23 26 27 28 29 34 35 36 37 42 44 45 46 50 51
 52 53 54 61] [14182  3189  9339  7133  3326  3331  3017  6371  8485 13326  3436  6567
  2455  6187  8383  8896  4343 11478  3096  3705  6705 10707  5775 11713
  7805  6520 12134  7495] [] 1716195595.7269725800
[1 1 1 1 1 1 1 1 1 1 1 1 1 1 1 1 1 1 1 1 1 1 1 1 1 1 1 1] [ 2  3  4 10 11 18 19 20 21 23 26 27 28 29 34 35 36 37 42 44 45 46 50 51
 52 53 54 61] [13682  3032  9192  7003  3263  3191  2965  6191  8432 13288  3265  6497
  2343  5257  8344  8698  4075  9446  2955  3593  6607  9329  5532  8757
  7744  6287  9802  7339] [] 1716195595.7699365616
[ 1  1  1  1  1  1  1  1  1  1  1  1  1  1 -1  1  1  1  1  1  1  1  1  1
  1  1  1  1] [ 2  3  4 10 11 18 19 20 21 23 26 27 28 29 34 35 36 37 42 44 45 46 50 51
 52 53 54 61] [13354  2947  8976  6779  3138  3095  2899  6057  8393 13236  3190  6423
  2279  4827  8353  8682  3750  8651  2740  3211  6474  7427  5054  8441
  6843  5956  7752  7087] [] 1716195595.8130156994
[-1  1  1  1  1  1 -1  1  1 -1  1  1  1  1  1  1  1  1  1  1  1  1  1  1
  1  1  1  1  1] [ 1  2  3  4 10 11 18 19 20 21 23 26 27 28 29 34 35 36 37 42 44 45 46 50
 51 52 53 54 61] [16344  8679  2879  8955  6647  3057  3099  2836  5785  8433 13192  3175
  5705  2180  4685  8193  7594  3414  8516  2624  3165  6156  7283  4886
  8291  6455  5761  6819  6972] [] 1716195595.8560180664
[ 1  1  1  1  1  1  1  1  1  1  1  1  1  1  1  1  1  1  1  1  1  1 -1  1
  1  1  1  1  1] [ 1  2  3  4 10 11 18 19 20 21 23 26 27 28 29 34 35 36 37 42 44 45 46 50
 51 52 53 54 61] [15936  8657  2651  8954  6384  2986  3027  2770  5678  8361 13010  3014
  5606  2110  4399  8148  6642  3169  8439  2484  3071  6024  7303  4702
  8149  6201  5410  6587  6790] [] 1716195595.8989572525
[-1 -1 -1  1  1  1  1  1  1  1 -1  1  1  1  1  1 -1  1  1  1  1  1  1 -1
  1  1  1  1 -1  1] [ 1  2  3  4 10 11 18 19 20 21 23 26 27 28 29 34 35 36 37 42 44 45 46 50
 51 52 53 54 60 61] [16132  8675  2659  8935  6372  2906  3027  2717  5518  8327 13024  2981
  5543  2070  4161  8063  6731  3047  8346  2388  2999  5820  7141  4728
  8060  5740  4809  6277 14401  6601] [] 1716195595.9418089390
[-1  1  1  1  1  1  1  1  1 -1  1  1 -1  1  1  1  1  1  1 -1  1  1  1 -1
 -1  1  1  1 -1  1  1  1] [ 1  2  3  4 10 11 18 19 20 21 23 26 27 28 29 34 35 36 37 38 42 44 45 46
 47 50 51 52 53 54 60 61] [16198  8522  2583  8922  6316  2776  2992  2663  5038  8356 12782  2933
  5548  2019  4123  7953  6473  2892  7266 10725  2320  2846  5631  7231
 10503  4434  8005  5659  4813  6101 12782  6572] [] 1716195595.9849896431
[ 1  1  1  1  1  1 -1  1  1  1 -1 -1  1  1  1 -1 -1 -1 -1  1 -1  1  1  1
  1  1  1 -1  1  1  1  1  1  1] [ 1  2  3  4 10 11 15 18 19 20 21 23 26 27 28 29 32 34 35 36 37 38 42 44
 45 46 47 50 51 52 53 54 60 61] [15558  8492  2423  8885  5992  2655 15989  2990  2625  4798  8528 12892
  2881  5495  1981  4127 12902  8047  6544  2747  7774 10505  2179  2783
  4991  7156  8320  4714  7698  5360  4446  5607  9244  6496] [] 1716195596.0280406475
[ 1 -1  1 -1  1  1 -1  1 -1  1  1  1 -1  1 -1  1  1  1  1 -1  1  1  1 -1
  1  1  1  1  1  1  1  1  1  1 -1  1] [ 1  2  3  4 10 11 12 15 18 19 20 21 23 26 27 28 29 32 34 35 36 37 38 41
 42 44 45 46 47 50 51 52 53 54 60 61] [15538  8503  2357  8890  5027  2603 16120 15335  3007  2538  4729  8523
 12940  2879  5559  1953  4101 11469  7839  6572  2671  7117 10373 13635
  2140  2751  4613  6522  7855  4612  7674  5090  4360  5439  9275  6434] [] 1716195596.0709898472
[ 1  1  1  1  1  1  1  1  1  1  1  1  1  1  1 -1  1  1  1  1  1  1  1  1
  1  1  1  1  1  1  1 -1  1  1 -1  1  1] [ 1  2  3  4 10 11 12 15 18 19 20 21 23 26 27 28 29 32 34 35 36 37 38 41
 42 44 45 46 47 50 51 52 53 54 55 60 61] [15463  8336  2335  8849  4872  2505 15739 14859  2945  2432  4717  8450
 12873  2845  5383  1965  4055 11163  7046  6346  2622  6883 10341 11120
  2102  2687  4155  6178  7420  4596  6717  5456  4084  5349 13383  7339
  6398] [] 1716195596.1140632629
[-1 -1  1  1 -1  1 -1 -1  1  1  1  1  1  1  1  1 -1  1 -1 -1  1 -1  1  1
  1  1  1  1  1  1  1  1 -1  1  1  1  1] [ 1  2  3  4 10 11 12 15 18 19 20 21 23 26 27 28 29 32 34 35 36 37 38 41
 42 44 45 46 47 50 51 52 53 54 55 60 61] [15567  8434  2220  8822  4940  2438 15799 15789  2935  2393  4519  8372
 12712  2717  5217  1899  4210 10468  7110  6893  2542  7042 10246 11078
  2086  2651  4069  6149  7114  4210  6698  5424  4117  5179 11763  7146
  6344] [] 1716195596.1569616795
[ 1  1  1  1  1  1 -1  1  1  1 -1  1  1  1  1  1 -1 -1  1 -1  1 -1  1  1
  1  1  1  1  1  1  1  1  1 -1  1 -1  1] [ 1  2  3  4 10 11 12 15 18 19 20 21 23 26 27 28 29 32 34 35 36 37 38 41
 42 44 45 46 47 50 51 52 53 54 55 60 61] [15522  8291  2205  8813  4896  2425 15871 15775  2909  2385  4555  8316
 12656  2694  5120  1883  4235 10577  6975  6928  2530  7063  9053 10903
  2074  2647  4051  6098  7003  4188  6673  5314  4028  5227 11365  7163
  6325] [] 1716195596.2000303268
[ 1 -1  1  1  1  1  1  1 -1  1  1 -1 -1  1 -1  1  1  1 -1  1 -1  1 -1 -1
  1 -1  1  1  1  1  1  1  1  1  1  1  1] [ 1  2  3  4 10 11 12 15 18 19 20 21 23 26 27 28 29 32 34 35 36 37 38 41
 42 44 45 46 47 50 51 52 53 54 55 60 61] [15480  8323  2171  8813  4880  2415 15839 15639  2917  2370  4511  8345
 12668  2681  5152  1847  4184 10398  7015  6830  2533  7060  9925 10965
  2066  2650  4029  6073  7002  4176  6673  5172  3990  5209 11335  7122
  6321] [] 1716195596.2430257797
[ 1 -1 -1  1  1  1 -1  1  1  1  1 -1 -1 -1  1  1  1  1  1  1 -1  1  1 -1
 -1 -1 -1  1 -1  1 -1  1 -1  1 -1  1] [ 1  2  3  4 10 11 12 15 18 19 20 21 23 26 27 28 29 32 34 35 36 37 38 41
 42 44 45 46 47 50 51 52 53 54 60 61] [15335  8347  2182  8800  4864  2402 15923 15615  2881  2357  4475  8348
 12712  2719  5128  1836  4039 10332  6927  6788  2558  6982  9121 11029
  2092  2653  4462  6057  7211  4124  7777  4960  4147  5119  7801  6242] [] 1716195596.2859578133
[-1  1 -1  1  1 -1  1  1  1 -1  1  1  1  1  1 -1  1  1 -1  1  1 -1 -1 -1
 -1 -1 -1 -1 -1 -1 -1 -1 -1 -1 -1 -1] [ 1  2  3  4 10 11 12 15 18 19 20 21 23 26 27 28 29 32 34 35 36 37 38 41
 42 44 45 46 47 50 51 52 53 54 60 61] [15403  8227  2192  8785  4492  2419 15677 14335  2875  2393  4470  8313
 12709  2693  5044  1841  4039 10287  6929  6144  2529  7060 10487 12307
  2142  2693  4666  6954  7609  4137  7924  5084  4303  5435  8243  6447] [] 1716195596.3290061951
[ 1 -1 -1 -1 -1  1 -1 -1 -1 -1 -1 -1 -1 -1  1 -1 -1 -1 -1 -1 -1  1  1 -1
 -1 -1 -1 -1  1  1 -1 -1 -1 -1  1] [ 1  2  3  4 10 11 12 15 18 19 20 21 23 26 27 28 29 32 34 35 36 37 38 41
 42 44 45 46 50 51 52 53 54 60 61] [15399  8269  2247  8788  4644  2413 15906 14735  2919  2429  4605  8318
 12788  2759  5009  1876  4068 10559  7974  6177  2566  6943 10361 14063
  2204  2751  5247  7025  4068  7895  5356  4366  5503 11704  6412] [] 1716195596.3720433712
[-1  1 -1 -1 -1 -1 -1  1 -1 -1  1  1 -1  1 -1  1 -1  1  1 -1  1 -1  1 -1
 -1 -1 -1  1  1  1 -1  1] [ 1  2  3  4 10 11 15 18 19 20 21 23 26 27 28 29 32 34 35 36 37 38 42 44
 45 46 50 51 52 53 54 61] [15480  8232  2283  8796  4784  2445 15159  2907  2465  4665  8234 12745
  2783  4870  1904  4035 13810  7898  6040  2610  6916 10483  2158  2822
  5375  7071  4079  7852  5248  4362  5799  6328] [] 1716195596.4149880409
[ 1  1 -1  1 -1 -1  1 -1 -1  1  1 -1 -1 -1  1 -1  1 -1 -1 -1 -1 -1  1 -1
 -1 -1 -1 -1 -1] [ 1  2  3  4 10 11 18 19 20 21 23 26 27 28 29 34 35 36 37 42 44 45 46 50
 51 52 53 54 61] [15266  8225  2414  8745  5605  2522  2851  2545  4695  8230 12590  2809
  5006  1917  4034  7914  6017  2735  6925  2272  2949  5452  7002  4515
  7966  5654  4657  7271  6608] [] 1716195596.4580497742
[-1  1 -1 -1 -1 -1  1 -1 -1 -1 -1 -1 -1 -1 -1  1 -1 -1 -1 -1  1 -1 -1 -1
 -1 -1 -1 -1 -1] [ 1  2  3  4 10 11 18 19 20 21 23 26 27 28 29 34 35 36 37 42 44 45 46 50
 51 52 53 54 61] [15310  7855  2496  8780  6393  2617  2849  2633  4807  8244 12688  2828
  5049  1936  4107  7852  6051  2857  7153  2340  2943  5655  7176  4607
  8062  5661  5214  8293  6871] [] 1716195596.5009789467
[ 1 -1 -1  1  1 -1 -1  1 -1 -1  1 -1 -1 -1  1 -1 -1 -1  1 -1 -1 -1 -1 -1
 -1 -1 -1 -1 -1] [ 1  2  3  4 10 11 18 19 20 21 23 26 27 28 29 34 35 36 37 42 44 45 46 50
 51 52 53 54 61] [15305  7906  2523  8746  6325  2653  2894  2625  5011  8282 12619  2905
  5079  1953  4045  7874  6112  2930  7117  2550  3273  5925  8075  4741
  8186  6220  5723 11738  7060] [] 1716195596.5438399315
[ 1 -1 -1 -1 -1 -1 -1 -1 -1 -1 -1 -1 -1 -1 -1 -1 -1 -1 -1 -1 -1 -1 -1 -1
 -1 -1 -1 -1 -1] [ 1  2  3  4 10 11 18 19 20 21 23 26 27 28 29 34 35 36 37 42 44 45 46 50
 51 52 53 54 61] [15218  8209  2622  8776  6516  2767  2959  2705  5503  8362 12628  2953
  5256  2045  4266  7998  6222  3122  7413  2766  3413  6385  8890  5107
  9050  6836  5968 12194  7557] [] 1716195596.5869686604
[ 1 -1 -1 -1 -1 -1 -1 -1 -1 -1  1 -1 -1 -1  1 -1 -1 -1 -1 -1 -1  1 -1 -1
 -1 -1  1] [ 1  2  3  4 10 11 18 19 20 21 23 26 27 28 29 34 35 36 37 42 44 45 46 50
 51 52 53] [15089  8517  2823  8783  6545  2927  2987  2773  5728  8407 12624  3049
  5527  2073  4151  8165  6996  3568  8190  2896  3469  6243 10414  6077
 11624  7044  5527] [] 1716195596.6299338341
[ 1 -1 -1 -1  1 -1 -1 -1 -1  1  1 -1 -1 -1 -1 -1 -1 -1 -1 -1 -1 -1 -1 -1
 -1 -1 -1] [ 1  2  3  4 10 11 18 19 20 21 23 26 27 28 29 34 35 36 37 42 44 45 46 50
 51 52 53] [14922 12824  2943  8817  6503  2989  3019  2826  5947  8365 12568  3148
  5693  2121  4759  8202  7716  3950  8362  3170  3666  6554 10982  6663
 11854  8123  6014] [] 1716195596.6729376316
[-1  1 -1 -1 -1 -1 -1 -1 -1 -1 -1 -1 -1 -1 -1 -1 -1 -1 -1 -1 -1  1 -1 -1
 -1 -1] [ 1  2  3  4 10 11 18 19 20 21 23 26 27 28 29 34 35 36 37 42 44 45 50 51
 52 53] [15668 12405  3063  8863  6870  3055  3127  2875  5988  8369 12607  3435
  5891  2222  5538  8331  7820  4234  8707  3462  3739  6538  7944 14000
 12175  7190] [] 1716195596.7159123421
[ 1 -1 -1 -1 -1 -1 -1 -1 -1 -1 -1 -1 -1 -1 -1 -1 -1 -1  1 -1 -1 -1 -1] [ 2  3  4 10 11 18 19 20 21 23 26 27 28 29 34 35 36 37 42 44 45 52 53] [12186  3199  8877  7002  3276  3171  3034  6135  8450 12666  3765  6613
  2309  5603  8498  8179  4621  9225  3462  3857  7391 12942 10600] [] 1716195596.7589719296
[-1 -1 -1 -1 -1 -1 -1 -1  1 -1 -1 -1 -1 -1 -1 -1 -1 -1 -1  1  1] [ 2  3  4 10 11 18 19 20 21 23 26 27 28 29 34 35 36 37 42 44 45] [14314  3416  8998  7093  3431  3291  3067  6259  8368 12852  3981  6708
  2443  5692  8579  9131  5285 10164  3955  3693  6868] [] 1716195596.8019666672
[-1  1 -1 -1 -1 -1 -1 -1  1 -1 -1 -1 -1 -1 -1 -1 -1 -1 -1 -1] [ 3  4 10 11 18 19 20 21 23 26 27 28 29 34 35 36 37 42 44 45] [ 3440  8967  7303  3594  3371  3108  6419  8634 12662  4905  7727  2500
  6447 12025  9364  5627 12769  4579  3895  7338] [] 1716195596.8449268341
[-1 -1 -1 -1 -1 -1 -1 -1 -1 -1 -1 -1 -1 -1 -1 -1 -1 -1 -1] [ 3  4 10 11 18 19 20 21 23 26 27 28 29 35 36 37 42 44 45] [ 3498  9099  7927  3879  3511  3178  6863  9799 12688  6409  9996  2591
  9004  9930  6305 13018  4874  4175 11253] [] 1716195596.8878860474
[-1 -1 -1 -1 -1 -1 -1 -1 -1 -1 -1 -1  1  1 -1 -1 -1  1] [ 3  4 10 11 18 19 20 21 23 26 27 28 29 35 36 37 42 44] [ 3533  9291  8324  3945  3791  3207  6935  9827 12806  7549 10157  2669
  8998  9579  7050 13095  5055  4117] [] 1716195596.9309172630
[ 1 -1 -1 -1 -1 -1  1  1 -1 -1 -1 -1 -1 -1  1 -1 -1] [ 3 10 11 18 19 20 21 23 26 27 28 29 35 36 37 42 44] [ 3443  8716  4457  3877  3261  7613  9644 12672  7697 10252  2768  9793
  9684  7399 12710  5346  4402] [] 1716195596.9739277363
[-1 -1 -1 -1 -1 -1 -1 -1 -1 -1 -1  1 -1 -1 -1 -1 -1] [ 3 10 11 18 19 20 21 23 26 27 28 29 35 36 37 42 44] [ 3711  9078  4876  4193  3407 10021  9712 12965  7840 10300  2964  9759
 10085  8035 13119  6238  5113] [] 1716195597.0168020725
[-1 -1 -1 -1 -1 -1 -1 -1 -1 -1 -1 -1 -1 -1 -1 -1] [ 3 10 11 18 19 20 21 23 26 27 28 29 35 36 42 44] [ 3926  9754  5063  4527  3575 10022  9745 13119  8095 10417  3137 10129
 10939  8315  7164  6262] [] 1716195597.0599336624
[-1 -1 -1 -1 -1 -1 -1 -1 -1 -1 -1 -1 -1 -1 -1 -1] [ 3 10 11 18 19 20 21 23 26 27 28 29 35 36 42 44] [ 4743 11810  5499  4928  3732 10272 10034 13467  8369 10683  3452 10308
 11691 10177  9243  6719] [] 1716195597.1029255390
[-1 -1 -1 -1 -1 -1 -1 -1 -1 -1 -1 -1 -1 -1 -1] [ 3 10 11 18 19 20 21 26 27 28 29 35 36 42 44] [ 4805 13265  5938  5789  3859 10482 10153  8419 11936  3719 10491 11725
 12226 10758 11729] [] 1716195597.1459035873
[-1 -1 -1 -1 -1  1 -1  1 -1 -1 -1 -1 -1 -1] [ 3 11 18 19 20 21 26 27 28 29 35 36 42 44] [ 4910  6098  7836  4121 10830 10127  8723 11451  4027 10705 15531 13804
 11463 11799] [] 1716195597.1886174679
[-1 -1 -1  1 -1 -1 -1 -1 -1 -1  1 -1] [ 3 11 18 19 20 21 26 27 28 29 35 44] [ 4965  6309 12484  4120 10866 10238 10466 11706  4188 10845 15531 12242] [] 1716195597.2317976952
[-1 -1 -1 -1 -1 -1 -1 -1 -1] [ 3 11 19 20 21 27 28 29 44] [ 5173  7309  4360 11388 10624 12702  5310 11327 12533] [] 1716195597.2747781277
[-1 -1 -1 -1 -1  1 -1 -1 -1] [ 3 11 19 20 21 27 28 29 44] [ 6925  7520  4888 11748 10869 12517  7013 11496 12589] [] 1716195597.3178088665
[-1 -1 -1 -1  1  1 -1 -1] [ 3 11 19 20 21 27 28 44] [ 7071  7939  5202 12077 10753 12425  9633 12965] [] 1716195597.3605649471
[-1  1 -1 -1 -1 -1 -1 -1] [ 3 11 19 20 21 27 28 44] [ 7379  7885  6571 12918 10952 12676 10557 13973] [] 1716195597.4037680626
[-1 -1 -1 -1 -1  1] [ 3 11 19 20 21 28] [13985  7886  9113 15634 11060 10390] [] 1716195597.4467256069
[-1 -1 -1] [11 19 28] [ 8482  9279 10429] [] 1716195597.4896965027
[-1 -1 -1] [11 19 28] [ 8526 10029 10483] [] 1716195597.5326545238
[1 1] [11 28] [ 8506 10261] [] 1716195597.5756762028
[-1 -1] [11 28] [ 8823 10638] [] 1716195597.6187465191
[-1 -1] [11 28] [ 8934 11124] [] 1716195597.6616652012
[-1] [11] [9465] [] 1716195597.7045276165
2 2 2 1716195597.8421115875
