FA TAX ADC PRES TS
[-1] [28] [12203] [] 1716176607.7247922421
[1] [28] [11982] [] 1716176607.7678391933
[1] [28] [11896] [] 1716176607.8108501434
[-1 -1] [26 28] [11117 12190] [] 1716176607.8538691998
[ 1 -1] [26 28] [11113 12223] [] 1716176607.8968117237
[1 1] [26 28] [11058 12036] [] 1716176607.9398472309
[1 1] [26 28] [10766 11863] [] 1716176607.9828398228
[ 1  1 -1] [26 28 42] [10609 11775 13194] [] 1716176608.0258848667
[-1 -1 -1] [26 28 42] [10882 11923 13286] [] 1716176608.0688350201
[ 1 -1  1] [26 28 42] [10795 11956 13247] [] 1716176608.1118683815
[1 1 1] [26 28 42] [10768 11819 12727] [] 1716176608.1548378468
[-1 -1  1] [26 28 42] [10801 11861 12639] [] 1716176608.1977965832
[1 1 1] [26 28 42] [10796 11831 12638] [] 1716176608.2407722473
[1 1 1] [26 28 42] [10748 11821 12522] [] 1716176608.2837707996
[-1  1 -1] [26 28 42] [10755 11779 12615] [] 1716176608.3268733025
[-1 -1 -1  1] [11 26 28 42] [12262 11002 11874 12451] [] 1716176608.3697912693
[ 1 -1 -1  1] [11 26 28 42] [10703 11062 11916 11893] [] 1716176608.4128954411
[1 1 1 1] [11 26 28 42] [10151 10787 11716 11602] [] 1716176608.4557766914
[ 1 -1  1  1 -1 -1] [11 20 26 28 42 45] [10018 16329 10739 11650 11675 11866] [] 1716176608.4988799095
[ 1  1 -1 -1  1  1] [11 20 26 28 42 45] [ 9808 16264 10745 11711 11583 11573] [] 1716176608.5418524742
[ 1  1  1 -1 -1  1] [11 20 26 28 42 45] [ 9796 15608 10623 11727 11596 11430] [] 1716176608.5848054886
[ 1  1 -1  1  1  1] [11 20 26 28 42 45] [ 9608 15039 10647 11583 11536 11262] [] 1716176608.6277978420
[ 1  1  1 -1  1 -1 -1] [11 20 26 28 42 44 45] [ 9491 14847 10464 11606 11523 14221 11331] [] 1716176608.6707878113
[ 1 -1 -1  1  1  1  1] [11 20 26 28 42 44 45] [ 9463 14883 10510 11468 11455 13009 11284] [] 1716176608.7138907909
[ 1 -1 -1  1 -1  1  1  1] [11 19 20 26 28 42 44 45] [ 9445  9765 14942 10506 11520 11440 12849 11199] [] 1716176608.7568006516
[ 1 -1  1  1  1 -1  1 -1] [11 19 20 26 28 42 44 45] [ 9416  9958 14763 10391 11398 11445 12703 11243] [] 1716176608.7998034954
[ 1  1  1  1 -1  1 -1  1] [11 19 20 26 28 42 44 45] [ 9358  9850 14520 10382 11473 11386 12839 11132] [] 1716176608.8428456783
[-1  1  1 -1  1 -1  1 -1 -1 -1] [11 19 20 26 28 42 44 45 50 53] [ 9486  9711 13374 10487 11416 11707 12664 11417 10853 12878] [] 1716176608.8860445023
[ 1 -1  1 -1  1 -1  1 -1 -1  1] [11 19 20 26 28 42 44 45 50 53] [ 9396  9789 13294 10658 11391 11749 12412 11461 10899 12623] [] 1716176608.9290049076
[-1 -1 -1  1 -1  1  1  1  1  1  1] [ 3 11 19 20 26 28 42 44 45 50 53] [13621  9475  9833 13150 10725 11310 11675 10402 11422 10831 12523] [] 1716176608.9718358517
[ 1 -1 -1  1  1  1  1  1 -1  1  1] [ 3 11 19 20 26 28 42 44 45 50 53] [13344  9493  9905 13098 10575 11229 11629 10394 11434 10804 12429] [] 1716176609.0149145126
[ 1  1  1  1  1 -1 -1  1  1  1 -1 -1] [ 3 11 19 20 26 28 29 42 44 45 50 53] [13114  9421  9905 12836 10543 11285 13362 11609 10248 11324 10850 12579] [] 1716176609.0578067303
[ 1  1 -1  1 -1 -1  1  1 -1  1 -1  1  1] [ 3 11 19 20 26 27 28 29 42 44 45 50 53] [12689  9401  9909 12790 10603 15684 11156 12576 11677 10165 11422 10796
 10274] [] 1716176609.1008124352
[ 1  1  1  1 -1  1  1  1 -1  1 -1  1  1  1] [ 3 11 19 20 26 27 28 29 34 42 44 45 50 53] [ 7808  9306  9797 12647 10618 13823 11074 12176 13286 11547 10185 11372
 10515 10018] [] 1716176609.1438307762
[ 1  1  1  1  1 -1  1  1  1  1  1  1  1  1] [ 3 11 19 20 26 27 28 29 34 42 44 45 50 53] [ 7727  9198  7939 12372 10497 15579 10967 11883 12996 11439 10099 11323
 10458  9926] [] 1716176609.1868426800
[-1  1  1 -1  1  1 -1  1 -1 -1  1 -1  1  1] [ 3 11 19 20 26 27 28 29 34 42 44 45 50 53] [ 7892  9189  7729 12540 10392 13509 11008 11841 13118 11503  9862 11527
 10408  8494] [] 1716176609.2298386097
[ 1  1  1  1  1 -1 -1 -1  1 -1  1  1  1  1] [ 3 11 19 20 26 27 28 29 34 42 44 45 50 53] [ 7678  9109  7306 12308 10364 13533 11024 11862 13087 11521  9430 11426
 10369  8405] [] 1716176609.2728507519
[ 1  1  1  1  1  1  1  1  1 -1  1 -1 -1 -1 -1] [ 3 11 19 20 26 27 28 29 34 42 44 45 50 53 61] [ 6586  9108  7219 12154  8630 13302 10991 11651 10214 11741  8784 11681
 10498  8771  7758] [] 1716176609.3158466816
[ 1  1 -1 -1  1  1  1 -1  1 -1  1 -1  1  1  1] [ 3 11 19 20 26 27 28 29 34 42 44 45 50 53 61] [ 5986  9049  7233 12233  8452 13193 10946 11785 10210 11779  8341 11755
 10367  8675  7619] [] 1716176609.3588862419
[ 1  1  1  1 -1  1  1  1  1 -1  1 -1 -1 -1 -1 -1] [ 3 11 19 20 26 27 28 29 34 42 44 45 47 50 53 61] [ 5768  8998  6650 11978  8459 12937 10831 11522 10127 11994  8101 11879
 14847 10404  8751  7641] [] 1716176609.4019508362
[ 1 -1  1 -1  1  1  1 -1  1  1  1  1  1 -1 -1  1] [ 3 11 19 20 26 27 28 29 34 42 44 45 47 50 53 61] [ 5590  9044  6512 12078  8430 12909 10754 11598 10017 11809  6947 11776
 14743 10420  8773  7538] [] 1716176609.4448878765
[ 1  1  1  1 -1  1  1  1  1  1  1  1  1  1  1  1] [ 3 11 19 20 26 27 28 29 34 42 44 45 47 50 53 61] [ 5514  8993  6077 11965  8463 12835 10710 11523 10001 11798  6522 11729
 13938 10185  8607  7366] [] 1716176609.4878687859
[ 1  1  1  1  1  1  1  1 -1  1  1  1  1  1  1  1] [ 3 11 19 20 26 27 28 29 34 42 44 45 47 50 53 61] [ 5474  8955  5975 11865  8394 12612 10623 11457 10005 11668  6263 11699
 13916 10069  8505  7225] [] 1716176609.5309169292
[ 1  1  1  1  1 -1 -1  1  1  1  1  1  1 -1  1  1] [ 3 11 19 20 26 27 28 29 34 42 44 45 47 50 53 61] [ 5341  8904  5325 11745  8247 12644 10641 11173  9781  9551  5748 11656
 13060 10161  8076  7139] [] 1716176609.5739216805
[ 1  1  1  1 -1  1  1  1  1 -1  1  1  1  1  1  1  1] [ 3 11 19 20 26 27 28 29 34 35 42 44 45 47 50 53 61] [ 5229  8793  5139 11587  8283 11830 10568 11070  9711 14373  9387  5471
 11479 12784 10150  7975  6921] [] 1716176609.6169395447
[ 1  1  1  1  1  1 -1  1 -1 -1  1  1  1 -1  1  1 -1] [ 3 11 19 20 26 27 28 29 34 35 42 44 45 47 50 53 61] [ 5189  8781  5009 11523  8129 11652 10664 11019  9781 14440  9207  5310
 11473 13423  9985  7934  6933] [] 1716176609.6601741314
[ 1 -1  1 -1  1 -1 -1  1  1  1  1  1  1  1  1  1  1] [ 3 11 19 20 26 27 28 29 34 35 42 44 45 47 50 53 61] [ 5093  8821  4758 11534  8085 11730 10682 10874  9651 14421  8898  5079
  9879 13355  9967  7576  6852] [] 1716176609.7031626701
[ 1  1  1  1  1  1 -1  1  1  1  1  1  1  1  1 -1 -1 -1 -1] [ 3 11 19 20 26 27 28 29 34 35 42 44 45 47 50 53 54 55 61] [ 5001  8748  4636 11453  8006 11719 10767 10806  9576 14017  7964  4826
  8294 13197  9961  7765 12573  9406  7104] [] 1716176609.7462062836
[ 1  1  1  1  1  1  1 -1  1  1  1  1  1 -1 -1  1  1  1  1] [ 3 11 19 20 26 27 28 29 34 35 42 44 45 47 50 53 54 55 61] [ 4966  8662  4603 11385  7747 11703 10705 10876  9483 13992  7845  4602
  8285 13295  9970  7764 12498  8303  7010] [] 1716176609.7891371250
[ 1 -1  1 -1  1  1  1  1  1  1 -1  1  1  1 -1  1  1  1  1  1] [ 3 11 19 20 26 27 28 29 34 35 36 42 44 45 47 50 53 54 55 61] [ 4409  8663  4550 11411  7581 11684 10670 10778  8684 13913 16021  7788
  4530  8039 13738  9893  7689 12175  7573  6927] [] 1716176609.8321602345
[ 1  1 -1  1 -1  1 -1  1  1  1 -1  1  1  1  1  1  1  1  1  1  1] [ 3 11 18 19 20 26 27 28 29 34 35 36 42 44 45 47 50 53 54 55 61] [ 4407  8631 12716  4531 11468  6537 11744 10628  9049  7847 13923 15143
  7525  4255  7984 10478  9813  7598 12037  6965  6845] [] 1716176609.8751742840
[ 1  1 -1  1  1  1 -1 -1  1  1  1  1  1 -1 -1  1 -1 -1  1  1  1 -1] [ 3 11 18 19 20 26 27 28 29 34 35 36 42 44 45 47 50 51 53 54 55 61] [ 4225  8028 13912  4398 11316  6014 11753 10812  8986  7575 11182 14913
  7481  4288  7997  9869  9900 11728  7261 11931  6410  6886] [] 1716176609.9181888103
[-1  1 -1  1  1  1  1  1  1 -1  1 -1 -1  1  1  1  1  1  1 -1  1  1  1  1] [ 3 11 18 19 20 26 27 28 29 34 35 36 41 42 44 45 47 50 51 52 53 54 55 61] [ 4251  7916 14493  4316 11180  5430 11659 10760  8933  7894 10776 14992
 14183  6957  4220  7938  9225  9792 11454 15228  6945 11909  5983  6884] [] 1716176609.9612252712
[ 1  1  1  1 -1  1 -1  1  1  1 -1 -1 -1  1  1  1  1  1  1  1  1  1 -1  1] [ 3 11 18 19 20 26 27 28 29 34 35 36 41 42 44 45 47 50 51 52 53 54 55 61] [ 4141  7487 11286  4194 11218  4847 11709  9474  8874  6775 10960 15028
 14216  6648  4104  7777  8316  9739 11353 13956  6730 11734  6481  6836] [] 1716176610.0042901039
[ 1  1  1  1  1  1  1  1  1 -1  1  1 -1  1  1  1  1 -1  1  1  1  1  1  1] [ 3 11 18 19 20 26 27 28 29 34 35 36 41 42 44 45 47 50 51 52 53 54 55 61] [ 3894  7171 10676  4165 10210  4566 11700  9047  8822  6991 10128 14693
 14223  5898  4076  7734  7946  9756 11259 12873  6436 11689  6136  6746] [] 1716176610.0471704006
[ 1 -1  1  1  1  1  1  1  1  1  1 -1  1 -1  1  1  1  1  1  1  1  1  1  1
  1] [ 3 10 11 18 19 20 26 27 28 29 34 35 36 41 42 44 45 47 50 51 52 53 54 55
 61] [ 3747 16159  7123 10482  4125  9837  4413  9458  7029  6529  6694 10401
 14242 14296  5653  3950  6865  7570  9650 11166 12099  6326 11608  5485
  6684] [] 1716176610.0901887417
[ 1  1  1  1  1  1  1  1  1  1 -1  1  1  1  1  1  1  1  1  1  1 -1  1  1
  1] [ 3 10 11 18 19 20 26 27 28 29 34 35 36 41 42 44 45 47 50 51 52 53 54 55
 61] [ 3731 15141  6568 10434  3955  9560  4329  9421  6264  6441  6745 10222
 14048 14081  5567  3771  6556  6925  9649 11132 12045  6413 11476  5038
  6620] [] 1716176610.1331715584
[ 1  1  1  1  1  1  1  1  1  1 -1  1 -1  1  1  1  1  1  1  1  1  1  1  1
  1] [ 3 10 11 18 19 20 26 27 28 29 34 35 36 41 42 44 45 47 50 51 52 53 54 55
 61] [ 3667 15122  5998  8697  3819  9529  4215  9378  5354  6350  6770 10058
 14231 13693  5062  3522  6353  6541  9591 10894 11517  6078 10567  4441
  6448] [] 1716176610.1761856079
[ 1  1  1 -1  1 -1  1  1  1  1  1  1  1  1  1 -1  1  1 -1 -1  1  1 -1 -1
 -1] [ 3 10 11 18 19 20 26 27 28 29 34 35 36 41 42 44 45 47 50 51 52 53 54 55
 61] [ 3621 14909  5660  8843  3783  9538  4111  7428  5332  6088  6688  9714
 13954 13623  4886  3532  6332  6463  9644 11153 11355  5831 10605  4463
  6499] [] 1716176610.2191910744
[ 1  1  1  1  1  1  1  1  1  1 -1  1 -1 -1 -1 -1 -1 -1  1  1 -1 -1 -1 -1
  1  1] [ 3 10 11 18 19 20 26 27 28 29 34 35 36 41 42 44 45 46 47 50 51 52 53 54
 55 61] [ 3604 14860  5267  8766  3707  9348  3977  7132  5212  6010  6703  9551
 14152 13649  4951  3533  6335 11057  6334  9594 11430 11488  5861 11225
  4408  6420] [] 1716176610.2621796131
[ 1  1  1 -1 -1  1  1 -1 -1  1 -1 -1  1  1  1  1 -1 -1  1 -1 -1  1  1  1
  1  1] [ 3 10 11 18 19 20 26 27 28 29 34 35 36 41 42 44 45 46 47 50 51 52 53 54
 55 61] [ 3543 14764  5090  8849  3714  9213  3949  7300  5215  5969  6713  9867
 13361 13601  4764  3508  6353 11071  6168  9597 11961 11355  5774 11220
  4373  6386] [] 1716176610.3051681519
[ 1  1  1 -1  1 -1 -1 -1  1  1 -1  1  1  1 -1  1 -1  1 -1  1 -1  1  1 -1
 -1  1] [ 3 10 11 18 19 20 26 27 28 29 34 35 36 41 42 44 45 46 47 50 51 52 53 54
 55 61] [ 3543 14699  5071  8854  3690  9215  3955  7950  5052  5951  6775  9816
 13330 13539  4895  3496  6559 11055  6200  9538 14465 11293  5596 11267
  4400  6353] [] 1716176610.3483068943
[ 1  1 -1  1 -1  1 -1  1  1 -1  1  1 -1 -1 -1 -1 -1 -1 -1  1  1 -1 -1 -1
 -1 -1] [ 3 10 11 18 19 20 26 27 28 29 34 35 36 41 42 44 45 46 47 50 51 52 53 54
 55 61] [ 3480 14405  5132  8624  3696  9137  4079  7557  5031  6011  6717  9699
 13623 13543  5074  3519  7755 11813  6721  9502 12653 11699  5686 11304
  4532  6439] [] 1716176610.3911666870
[-1  1 -1  1 -1 -1 -1  1 -1 -1  1 -1 -1  1 -1 -1 -1 -1 -1 -1 -1 -1 -1 -1
 -1] [ 3 10 11 18 19 20 26 27 28 29 34 35 36 41 42 44 45 47 50 51 52 53 54 55
 61] [ 3519 14134  5943  8552  3702  9480  4095  7308  5338  6194  6637  9731
 14229 13533  5214  3624  8214  6950  9542 14261 11830  6005 11420  4957
  6509] [] 1716176610.4341795444
[-1 -1 -1 -1 -1 -1 -1  1 -1 -1 -1  1 -1 -1 -1 -1 -1 -1 -1  1 -1 -1 -1 -1
 -1] [ 3 10 11 18 19 20 26 27 28 29 34 35 36 41 42 44 45 47 50 51 52 53 54 55
 61] [ 3555 15010  6532 10122  3727 10429  4303  7171  6256  6267  6703  9537
 14406 13545  5615  3733  8321  7115  9603 13895 12971  6101 11455  5325
  6648] [] 1716176610.4771938324
[ 1 -1 -1  1 -1 -1 -1 -1  1 -1  1  1  1 -1 -1 -1 -1 -1 -1 -1 -1 -1  1 -1
 -1] [ 3 10 11 18 19 20 26 27 28 29 34 35 36 41 42 44 45 47 50 51 52 53 54 55
 61] [ 3524 15792  6574 10085  3741 10501  4484  7295  6216  6419  6599  9441
 13882 13703  5768  3756 10901  7807  9607 14738 14328  6178 11423  5616
  6667] [] 1716176610.5202612877
[-1 -1 -1 -1  1 -1 -1 -1 -1 -1  1 -1 -1 -1 -1  1 -1 -1 -1 -1  1 -1 -1] [ 3 11 18 19 20 26 27 28 29 34 35 36 41 42 44 45 47 50 51 53 54 55 61] [ 3551  6690 10271  3800 10442  4839  7352  7994  6550  6610  9430 13989
 14163  6187  3886  9834  8459  9706 15022  6280 11325  6128  6707] [] 1716176610.5631477833
[ 1 -1 -1 -1  1 -1 -1 -1 -1 -1  1 -1 -1 -1 -1 -1 -1 -1  1  1 -1 -1] [ 3 11 18 19 20 26 27 28 29 34 35 36 41 42 44 45 47 50 53 54 55 61] [ 3523  7263 10363  3869 10364  5643  8515 10151  8718  7343  9278 14299
 14182  7089  4058 10887  8767  9729  6195 10700  6594  6742] [] 1716176610.6060950756
[ 1 -1 -1 -1  1 -1 -1 -1 -1 -1 -1 -1 -1 -1 -1  1 -1  1 -1 -1 -1 -1] [ 3 11 18 19 20 26 27 28 29 34 35 36 41 42 44 45 47 50 53 54 55 61] [ 3480  7381 10376  3996 10321  6010  8639 10708 10236  7379  9537 15516
 14335  7606  4218  9548  9881  9722  6345 11845  7687  6785] [] 1716176610.6491792202
[-1 -1 -1 -1 -1 -1 -1 -1 -1 -1 -1 -1 -1 -1 -1 -1  1 -1 -1 -1 -1] [ 3 11 18 19 20 26 27 28 29 34 35 36 42 44 45 47 50 53 54 55 61] [ 3543  8682 10500  4082 10479  6367  8658 10722 10289  7606  9583 15539
  7647  4404 10023 11205  9575  6739 12003 10958  6799] [] 1716176610.6922047138
[-1  1 -1 -1 -1 -1 -1  1  1  1 -1  1 -1 -1  1 -1 -1 -1 -1 -1  1] [ 3 11 18 19 20 26 27 28 29 34 35 36 42 44 45 47 50 53 54 55 61] [ 3594  8529 10578  4166 10827  7495  8778 10504 10137  7468  9677 15459
  7759  4583  9834 13235  9640  6830 12046 15525  6786] [] 1716176610.7351818085
[-1 -1 -1 -1  1 -1 -1 -1 -1  1 -1  1 -1 -1  1  1 -1  1] [ 3 11 18 19 20 26 27 28 29 34 35 42 44 45 47 50 53 61] [ 4038  8586 10622  4307 10813  7895  9494 10562 10220  7412  9764  7738
  4647 10758 12803  9608  6844  6617] [] 1716176610.7781279087
[-1  1 -1 -1 -1 -1  1  1  1 -1 -1 -1 -1  1 -1 -1 -1 -1] [ 3 11 18 19 20 26 27 28 29 34 35 42 44 45 47 50 53 61] [ 4539  8576 10744  4368 10980  8069  9148 10437 10176  8163  9816  8601
  4985 10753 13134  9624  7230  6727] [] 1716176610.8211150169
[-1 -1 -1 -1  1  1 -1  1 -1 -1  1 -1 -1 -1 -1 -1 -1 -1 -1] [ 3 11 18 19 20 26 27 28 29 34 35 36 42 44 45 47 50 53 61] [ 4555  8632 11018  4565 10895  8052 11601 10394 10305  9261  9775 15725
 11037  5199 10767 13677  9766  7486  6946] [] 1716176610.8641707897
[-1 -1 -1 -1 -1 -1 -1 -1 -1 -1 -1 -1 -1 -1 -1 -1  1 -1 -1] [ 3 11 18 19 20 26 27 28 29 34 35 36 42 44 45 47 50 53 61] [ 4686  8665 11214  4762 11067  8258 11732 10398 10504  9516 11233 15851
 11281  5372 10876 14435  9715  8658  7030] [] 1716176610.9070904255
[ 1  1  1 -1  1 -1 -1 -1  1 -1 -1 -1 -1 -1 -1  1 -1] [ 3 11 19 20 26 27 28 29 34 35 36 42 44 45 50 53 61] [ 4649  8651  4757 11120  8166 11740 10472 10622  9401 13313 16109 11311
  5650 10880  9797  7804  7091] [] 1716176610.9501039982
[-1 -1 -1 -1 -1 -1  1 -1 -1 -1 -1 -1 -1 -1 -1 -1] [ 3 11 19 20 26 27 28 29 34 35 42 44 45 50 53 61] [ 4878  8658  4799 11255  8310 11750 10327 10720  9514 13397 11401  5958
 10925  9870  9085  7151] [] 1716176610.9930946827
[-1 -1 -1 -1 -1  1 -1 -1 -1 -1  1 -1  1 -1  1] [ 3 11 19 20 26 27 28 29 34 35 42 44 45 50 53] [ 5127  8746  5179 11307  8410 11601 10463 10727  9582 13636 11329  6285
 10784  9955  8772] [] 1716176611.0360825062
[-1 -1 -1 -1  1 -1 -1 -1 -1 -1 -1 -1 -1 -1 -1] [ 3 11 19 20 26 27 28 29 34 35 42 44 45 50 53] [ 5244  8752  5399 11456  8403 11785 10538 10856  9662 13887 11461  6769
 10861  9969  8851] [] 1716176611.0791411400
[-1  1 -1 -1 -1  1 -1 -1 -1 -1 -1 -1 -1 -1 -1] [ 3 11 19 20 26 27 28 29 34 35 42 44 45 50 53] [ 6341  8748  5507 11574  8482 11701 10587 11044  9755 14052 11463  8078
 10972 10138  8917] [] 1716176611.1221671104
[-1 -1 -1 -1 -1 -1 -1 -1 -1  1 -1 -1 -1 -1 -1] [ 3 11 19 20 26 27 28 29 34 35 42 44 45 50 53] [ 6883  8813  5895 11699  8505 11768 10677 11085  9887 13921 11625  8208
 11208 10305  9818] [] 1716176611.1651394367
[-1 -1 -1 -1 -1  1 -1 -1 -1 -1  1 -1  1 -1 -1] [ 3 11 19 20 26 27 28 29 34 35 42 44 45 50 53] [ 7137  8906  6129 11866  9010 11757 10689 11288 10047 14102 11557  8737
 11129 10442  9860] [] 1716176611.2081129551
[-1  1 -1 -1 -1 -1 -1 -1 -1 -1 -1 -1 -1 -1 -1] [ 3 11 19 20 26 27 28 29 34 35 42 44 45 50 53] [ 7212  8892  6305 12008 10338 11856 10722 11428 10109 14320 11639 10301
 11267 10892  9962] [] 1716176611.2511370182
[-1 -1 -1 -1 -1 -1  1 -1 -1 -1 -1  1 -1] [ 3 11 19 20 26 27 28 29 34 42 44 45 53] [11869  8921  7423 12134 10562 11913 10718 11780 10274 11655 10479 11191
 10085] [] 1716176611.2939281464
[-1 -1 -1 -1  1 -1  1 -1 -1 -1 -1  1 -1] [ 3 11 19 20 26 27 28 29 34 42 44 45 53] [12007  8995  7452 12338 10480 12327 10697 11996 10306 11675 10608 11187
 12907] [] 1716176611.3369138241
[-1 -1 -1 -1  1 -1 -1 -1 -1 -1  1  1] [ 3 11 19 20 26 27 28 29 34 42 44 45] [12544  9166  7509 12528 10457 13355 10727 12071 12394 11678 10225 10932] [] 1716176611.3799066544
[-1  1 -1 -1 -1  1 -1  1 -1 -1] [ 3 11 19 20 26 28 34 42 44 45] [13146  9158  7587 12867 10461 10605 12423 11651 10411 10976] [] 1716176611.4228816032
[ 1 -1 -1 -1 -1 -1 -1  1 -1 -1] [ 3 11 19 20 26 28 34 42 44 45] [13053  9211  8694 12933 10471 10716 12655 11601 10801 11009] [] 1716176611.4658920765
[-1 -1 -1 -1  1  1 -1 -1 -1] [ 3 11 19 20 26 28 42 44 45] [14023  9317 11216 13146 10327 10447 11684 12145 11107] [] 1716176611.5088672638
[ 1 -1 -1  1 -1 -1 -1 -1] [11 19 20 26 28 42 44 45] [ 9119 11426 13159 10289 10475 11685 12300 11281] [] 1716176611.5518596172
[-1 -1 -1 -1 -1  1 -1 -1] [11 19 20 26 28 42 44 45] [ 9249 11754 13243 10361 10599 11685 12377 11576] [] 1716176611.5948753357
[-1 -1 -1 -1 -1  1 -1 -1] [11 19 20 26 28 42 44 45] [ 9327 11845 13462 10372 10655 11663 12530 11905] [] 1716176611.6378812790
[-1 -1 -1 -1 -1  1  1] [11 19 20 26 28 42 44] [ 9391 11923 13679 10473 10820 11545 12255] [] 1716176611.6808688641
[ 1  1  1  1  1 -1] [11 20 26 28 42 44] [ 9293 13510 10447 10679 11505 12589] [] 1716176611.7238364220
[-1 -1 -1 -1 -1 -1] [11 20 26 28 42 44] [ 9469 13659 10500 10850 11605 12631] [] 1716176611.7669498920
[ 1 -1 -1 -1 -1 -1] [11 20 26 28 42 44] [ 9442 14018 10517 10969 11663 12901] [] 1716176611.8098597527
[-1 -1 -1 -1 -1 -1] [11 20 26 28 42 44] [ 9557 14062 10708 11042 11848 16314] [] 1716176611.8528449535
[-1 -1  1 -1  1] [11 20 26 28 42] [ 9594 14184 10673 11093 11635] [] 1716176611.8958370686
[-1  1 -1  1 -1] [11 20 26 28 42] [ 9613 14069 10766 11036 11804] [] 1716176611.9388523102
[-1 -1 -1  1 -1] [11 20 26 28 42] [ 9713 14278 10776 11001 12251] [] 1716176611.9818813801
[-1 -1 -1 -1 -1] [11 20 26 28 42] [ 9850 14473 11022 11240 12497] [] 1716176612.0249147415
[ 1 -1 -1  1 -1] [11 20 26 28 42] [ 9801 14522 11068 11185 12803] [] 1716176612.0681254864
[-1 -1 -1  1] [11 26 28 42] [10002 11153 11240 12727] [] 1716176612.1109938622
[-1 -1  1 -1] [11 26 28 42] [10334 11289 11222 14045] [] 1716176612.1538805962
[-1  1  1] [11 28 42] [12298 11131 13246] [] 1716176612.1968231201
[-1  1] [28 42] [11162 13212] [] 1716176612.2398297787
[-1 -1] [28 42] [11319 13245] [] 1716176612.2828104496
[-1] [28] [11513] [] 1716176612.3258001804
[-1] [28] [11542] [] 1716176612.3688030243
[-1] [28] [11570] [] 1716176612.4119102955
[-1] [28] [11765] [] 1716176612.4550535679
2 2 2 1716176613.4443173409
