FA TAX ADC PRES TS
[-1] [42] [12468] [] 1716431630.5120842457
[1] [42] [12142] [] 1716431630.5550813675
[1] [42] [10704] [] 1716431630.5981206894
[ 1 -1] [42 50] [10349 10409] [] 1716431630.6409924030
[1 1] [42 50] [10100 10044] [] 1716431630.6840810776
[-1 -1  1] [42 44 50] [10225 12837  9806] [] 1716431630.7271950245
[1 1 1] [42 44 50] [10135 12747  9695] [] 1716431630.7701885700
[1 1 1] [42 44 50] [ 9829 12406  9478] [] 1716431630.8131525517
[1 1 1] [42 44 50] [ 9818 12105  9394] [] 1716431630.8561632633
[1 1 1] [42 44 50] [9519 9818 9305] [] 1716431630.8991646767
[-1  1  1] [42 44 50] [9635 9588 7308] [] 1716431630.9421823025
[-1  1  1  1 -1] [34 42 44 50 51] [11959  9575  9497  7209 11592] [] 1716431630.9851224422
[ 1  1  1 -1  1  1] [34 42 44 45 50 51] [11799  8250  6591 12222  6921  8846] [] 1716431631.0280792713
[-1 -1 -1  1  1  1  1  1 -1] [27 28 34 42 44 45 50 51 53] [14511 13374 11839  6739  6459 12055  6739  8685 11663] [] 1716431631.0711746216
[-1 -1  1  1  1 -1  1  1  1 -1  1  1] [19 26 27 28 34 41 42 44 45 50 51 53] [12018 13764 13287 12652  9341 12901  5964  5695 12030  6830  7474  7727] [] 1716431631.1139788628
[ 1  1 -1  1  1  1  1  1 -1  1  1 -1  1] [19 26 27 28 34 41 42 44 45 50 51 52 53] [10690 12187 13349 12159  8876 12463  5220  5288 12078  6709  7311 13220
  7344] [] 1716431631.1569859982
[ 1  1  1  1  1 -1  1  1  1  1  1  1  1  1] [19 26 27 28 34 35 41 42 44 45 50 51 52 53] [10330 11356 12996 12020  8045 14867 12327  4707  5081 11651  6335  7136
 12497  6700] [] 1716431631.2000617981
[ 1  1  1  1  1  1  1  1  1  1  1  1  1  1 -1] [19 26 27 28 34 35 41 42 44 45 50 51 52 53 61] [10021 11000 12205 11752  7314 13966 11937  4255  4552 11463  5031  7022
 10223  5890  8047] [] 1716431631.2430346012
[1 1 1 1 1 1 1 1 1 1 1 1 1 1 1] [19 26 27 28 34 35 41 42 44 45 50 51 52 53 61] [ 8220 10705 11694 11378  7043 13877 11731  3762  4125 11230  4678  6255
  9677  5344  7657] [] 1716431631.2860100269
[ 1  1  1 -1  1  1  1  1  1  1  1  1  1  1  1] [19 26 27 28 34 35 41 42 44 45 50 51 52 53 61] [ 7185  8832 10396 11435  6085 12758 11627  3497  3770  8939  4421  6173
  7821  5016  7357] [] 1716431631.3289904594
[-1  1  1  1 -1 -1  1  1  1  1  1  1  1  1  1  1 -1  1] [11 19 26 27 28 29 34 35 41 42 44 45 50 51 52 53 60 61] [10377  6268  8722  7563 11443 13166  5319 11864 11342  3012  3524  6869
  4248  5648  7355  4681  9796  7211] [] 1716431631.3720786572
[ 1  1  1  1  1  1  1  1 -1  1  1  1  1  1  1  1  1  1  1] [11 19 26 27 28 29 34 35 36 41 42 44 45 50 51 52 53 60 61] [ 9772  5135  8311  7114 11086 11660  4584  8586 16125 10473  2816  3271
  6352  4168  5509  6434  4432  7526  6993] [] 1716431631.4149777889
[1 1 1 1 1 1 1 1 1 1 1 1 1 1 1 1 1 1 1] [11 19 26 27 28 29 34 35 36 41 42 44 45 50 51 52 53 60 61] [ 9602  4494  8149  6963 10968 10916  4433  8247 16013  9808  2634  3039
  6164  3783  5269  6010  3920  6271  6649] [] 1716431631.4580178261
[ 1  1  1 -1  1  1  1  1  1  1  1  1  1  1  1  1  1 -1  1  1] [11 19 26 27 28 29 34 35 36 41 42 44 45 50 51 52 53 54 60 61] [ 9401  4250  8080  7068 10942 10786  4311  8025 11125  7684  2468  2927
  6038  3613  4335  5126  3596 12325  5551  6631] [] 1716431631.5010070801
[ 1  1 -1  1  1 -1  1  1  1  1  1  1  1  1  1  1  1  1  1  1  1] [11 19 20 26 27 28 29 34 35 36 41 42 44 45 50 51 52 53 54 60 61] [ 9128  3937 15009  8005  6603 11175  8679  4223  7806  7433  7221  2356
  2887  5973  3561  4227  5086  3482 11599  5482  6459] [] 1716431631.5441319942
[-1 -1 -1  1 -1  1  1 -1  1  1  1  1  1  1  1  1 -1  1  1  1  1  1 -1  1
  1] [11 18 19 20 21 26 27 28 29 34 35 36 41 42 44 45 46 50 51 52 53 54 57 60
 61] [ 9158 12138  3950 14541 11356  6873  6595 11372  8341  4159  6974  6631
  5589  2214  2732  5972 12480  3486  4159  4632  3371  6774 13235  5046
  6385] [] 1716431631.5870909691
[-1 -1  1  1  1  1  1  1  1  1  1  1  1  1  1  1 -1  1  1  1  1  1  1  1
 -1  1  1] [10 11 18 19 20 21 26 27 28 29 34 35 36 41 42 44 45 46 50 51 52 53 54 57
 59 60 61] [14466  9164 11208  3796 12894 11019  5807  6360 10707  7971  3920  6914
  5811  5439  2198  2655  5983  8869  3242  4149  4445  3316  6543 10231
 13532  4807  6367] [] 1716431631.6300439835
[ 1  1  1  1  1  1  1  1  1  1  1  1  1  1  1  1  1  1  1  1 -1  1  1  1
  1  1  1] [10 11 18 19 20 21 26 27 28 29 34 35 36 41 42 44 45 46 50 51 52 53 54 57
 59 60 61] [13794  9003 10623  3622 12508 10914  5191  6333  8328  7739  3624  6160
  5194  4831  2042  2531  5848  8211  2987  3972  4748  3175  6381  7560
  9833  4797  6340] [] 1716431631.6730494499
[ 1  1  1  1  1  1  1  1  1  1  1 -1  1 -1  1  1 -1  1  1  1  1 -1  1  1
  1  1  1  1  1] [10 11 18 19 20 21 26 27 28 29 34 35 36 37 41 42 43 44 45 46 50 51 52 53
 54 57 59 60 61] [13276  8947  9194  3565 12018 10632  4785  6270  8041  6277  3445  6174
  4914 16341  4350  2000 13912  2511  5805  8122  2831  4009  4733  3020
  6074  6212  9604  4387  6235] [] 1716431631.7161662579
[ 1  1  1  1  1  1  1  1  1  1  1  1  1  1  1  1  1 -1  1  1  1  1  1  1
  1  1  1  1  1] [10 11 18 19 20 21 26 27 28 29 34 35 36 37 41 42 43 44 45 46 50 51 52 53
 54 57 59 60 61] [13241  8943  8854  3479 11591 10505  4357  6252  6969  6226  3309  6160
  4600 10750  4196  1956 12090  2514  5783  8012  2649  3861  4460  2937
  5615  5117  9402  4345  6137] [] 1716431631.7590823174
[-1  1 -1  1  1  1 -1  1  1  1  1  1  1  1  1  1  1  1  1  1  1  1  1  1
  1  1  1  1  1  1] [ 3 10 11 18 19 20 21 26 27 28 29 34 35 36 37 41 42 43 44 45 46 50 51 52
 53 54 57 59 60 61] [10673 13002  8998  8602  3408 11469 10752  3845  6214  6471  5205  3189
  6010  4319  9620  3897  1825 11696  2378  5694  6998  2443  3590  3890
  2768  5285  4234  7451  4185  6132] [] 1716431631.8020608425
[ 1  1  1  1  1  1  1  1  1  1  1  1  1  1  1  1  1  1  1  1  1  1  1  1
  1  1  1  1  1 -1] [ 3 10 11 18 19 20 21 26 27 28 29 34 35 36 37 41 42 43 44 45 46 50 51 52
 53 54 57 59 60 61] [ 5753 12804  8645  7351  3339  8554 10516  3545  6127  4565  5075  2870
  5560  4064  8867  3678  1775 11599  2322  5665  6911  2348  3466  3796
  2682  5077  3875  6538  4010  6133] [] 1716431631.8450629711
[ 1  1  1  1  1  1  1  1  1  1 -1  1  1  1  1  1  1  1  1  1  1  1  1  1
  1  1 -1  1  1  1  1] [ 3 10 11 18 19 20 21 26 27 28 29 34 35 36 37 41 42 43 44 45 46 50 51 52
 53 54 55 57 59 60 61] [ 5605 12132  8447  5870  3298  7437 10489  3327  6109  3949  5104  2747
  5544  3848  8362  3392  1686 11537  2298  5423  6295  2180  3264  3742
  2534  4930 14383  3618  5523  3799  6119] [] 1716431631.8880617619
[ 1  1  1  1  1  1  1  1  1  1  1  1  1  1  1  1  1  1  1  1  1  1  1  1
  1  1  1  1  1  1 -1] [ 3 10 11 18 19 20 21 26 27 28 29 34 35 36 37 41 42 43 44 45 46 50 51 52
 53 54 55 57 59 60 61] [ 5285 10828  7665  5384  3227  7194 10286  3151  6000  3435  4903  2654
  5301  3694  8078  3290  1634 11460  2226  5306  5492  2146  3054  3701
  2489  4554 10101  3444  5110  3739  6180] [] 1716431631.9310665131
[ 1  1  1  1  1 -1  1  1  1  1  1  1 -1  1  1  1  1  1  1  1  1  1  1  1
 -1  1  1  1  1  1  1] [ 3 10 11 18 19 20 21 26 27 28 29 34 35 36 37 41 42 43 44 45 46 50 51 52
 53 54 55 57 59 60 61] [ 4331 10445  6987  4603  3133  7245 10140  3015  5948  3271  4498  2526
  5391  3511  7940  3190  1611 11347  2168  5294  5443  2074  2926  3627
  2500  4458  8095  3391  4981  3592  6069] [] 1716431631.9740657806
[ 1  1  1  1  1  1 -1  1  1  1  1  1  1  1 -1  1  1  1 -1  1 -1 -1  1  1
  1  1  1  1  1  1  1] [ 3 10 11 18 19 20 21 26 27 28 29 34 35 36 37 41 42 43 44 45 46 50 51 52
 53 54 55 57 59 60 61] [ 4181 10068  6143  4154  3069  6877 10298  2934  5898  3128  4386  2488
  5288  3392  9189  3174  1563 11340  2186  5250  5631  2100  2886  3609
  2483  4243  7851  3339  4810  3534  6053] [] 1716431632.0170955658
[ 1  1  1  1  1  1  1  1  1  1  1  1  1  1  1  1  1  1  1  1 -1  1  1  1
 -1  1  1  1  1  1 -1] [ 3 10 11 18 19 20 21 26 27 28 29 34 35 36 37 41 42 43 44 45 46 50 51 52
 53 54 55 57 59 60 61] [ 4137  9887  6071  4113  3042  6398 10154  2902  5865  3074  4312  2443
  5254  3354  8849  3152  1550 10676  2144  5215  6058  2046  2863  3608
  2486  4222  7679  3323  4742  3520  6059] [] 1716431632.0600790977
[ 1  1  1  1  1 -1  1  1 -1  1  1  1  1 -1  1  1 -1  1  1  1  1  1  1  1
  1  1  1 -1  1  1 -1] [ 3 10 11 18 19 20 21 26 27 28 29 34 35 36 37 41 42 43 44 45 46 50 51 52
 53 54 55 57 59 60 61] [ 4113  9817  5980  4051  3018  6423 10150  2887  5867  3039  4246  2416
  5232  3390  7910  3124  1573 10445  2136  5183  5990  2014  2808  3608
  2484  4172  7659  3335  4735  3520  6082] [] 1716431632.1030082703
[-1  1  1  1  1 -1  1  1 -1  1  1  1 -1  1  1 -1  1 -1 -1 -1 -1 -1 -1 -1
 -1 -1 -1  1 -1 -1  1] [ 3 10 11 18 19 20 21 26 27 28 29 34 35 36 37 41 42 43 44 45 46 50 51 52
 53 54 55 57 59 60 61] [ 4123  9756  5953  4033  3013  6501 10136  2879  5873  3020  4244  2400
  5256  3343  7907  3184  1547 11253  2142  5215  6013  2028  2906  3618
  2492  4182 12486  3289  4812  3525  6022] [] 1716431632.1460382938
[ 1  1 -1 -1 -1 -1  1 -1  1 -1 -1 -1 -1  1  1 -1 -1 -1 -1  1  1 -1 -1  1
 -1 -1 -1 -1 -1 -1] [ 3 10 11 18 19 20 21 26 27 28 29 34 35 36 37 41 42 43 44 45 46 50 51 52
 53 54 57 59 60 61] [ 4115  9635  6013  4150  3022  6515 10032  2891  5785  3069  4301  2438
  5279  3336  7853  3218  1586 11285  2194  5193  5428  2056  2989  3608
  2532  4357  3421  5414  3561  6040] [] 1716431632.1890676022
[-1 -1 -1 -1 -1 -1 -1 -1 -1 -1 -1 -1  1 -1 -1 -1 -1 -1 -1 -1 -1 -1 -1 -1
 -1  1 -1 -1 -1  1] [ 3 10 11 18 19 20 21 26 27 28 29 34 35 36 37 41 42 43 44 45 46 50 51 52
 53 54 57 59 60 61] [ 5033  9733  7231  4600  3062  7149 10051  2916  5863  3252  4314  2469
  5210  3551  7883  3432  1616 11343  2221  5199  6816  2101  3154  3649
  2553  4333  3683  5873  3658  6015] [] 1716431632.2320709229
[-1 -1 -1 -1 -1 -1 -1 -1 -1 -1 -1 -1 -1 -1 -1 -1 -1 -1 -1 -1 -1 -1 -1 -1
 -1 -1 -1 -1 -1  1] [ 3 10 11 18 19 20 21 26 27 28 29 34 35 36 37 41 42 43 44 45 46 50 51 52
 53 54 57 59 60 61] [ 5086 10437  8340  5131  3150  7430 10136  3057  5963  3543  4818  2558
  5239  3707  8157  3630  1668 11474  2257  5294  7756  2238  3385  3690
  2642  4945  3908  7186  3771  5974] [] 1716431632.2750337124
[-1 -1 -1 -1 -1 -1  1 -1  1 -1 -1 -1 -1 -1 -1 -1 -1  1 -1 -1 -1 -1 -1 -1
 -1 -1 -1 -1 -1 -1] [ 3 10 11 18 19 20 21 26 27 28 29 34 35 36 37 41 42 43 44 45 46 50 51 52
 53 54 57 59 60 61] [ 5327 10902  8472  6874  3211  7971 10130  3218  5926  4087  4913  2671
  5280  3770  8693  3703  1717 11394  2270  5469  7782  2262  3406  3754
  2692  5130  4113  7960  3830  6034] [] 1716431632.3180561066
[-1 -1  1 -1 -1 -1 -1 -1 -1 -1 -1 -1 -1 -1  1 -1 -1 -1 -1 -1 -1 -1 -1 -1
 -1 -1 -1 -1 -1 -1] [ 3 10 11 18 19 20 21 26 27 28 29 34 35 36 37 41 42 43 44 45 46 50 51 52
 53 54 57 59 60 61] [ 8180 12700  8318  7220  3239  8459 10244  3319  6007  4505  5037  2732
  5338  3847  8610  3907  1827 11597  2358  5640  8057  2458  3665  3842
  2783  6226  5132  9250  4058  6043] [] 1716431632.3610665798
[-1 -1 -1 -1 -1 -1 -1 -1 -1 -1 -1 -1 -1 -1 -1 -1 -1 -1 -1 -1 -1 -1 -1 -1
 -1 -1 -1 -1 -1] [10 11 18 19 20 21 26 27 28 29 34 35 36 37 41 42 43 44 45 46 50 51 52 53
 54 57 59 60 61] [13082  8762  8541  3355 10710 10396  3541  6057  5959  6081  2989  5989
  4186  8743  4195  1908 11999  2447  5683  8332  2581  3740  3920  2898
  6475  6932  9353  4479  6153] [] 1716431632.4040982723
[-1 -1 -1 -1 -1 -1 -1 -1 -1 -1 -1 -1 -1 -1 -1 -1  1 -1 -1 -1 -1 -1 -1 -1
 -1 -1 -1 -1] [10 11 18 19 20 21 26 27 28 29 34 35 36 37 41 42 44 45 46 50 51 52 53 54
 57 59 60 61] [13122  8807  8630  3371 10798 10576  4019  6078  7265  6181  3145  6001
  4624 10368  4673  1929  2432  5723 11609  2675  3823  3983  2948  8675
  8159  9529  4608  6173] [] 1716431632.4470956326
[-1 -1 -1 -1 -1 -1 -1 -1 -1 -1 -1  1 -1 -1 -1 -1 -1  1 -1 -1 -1 -1 -1 -1
 -1] [10 11 18 19 20 21 26 27 28 29 34 35 36 37 41 42 44 45 50 51 52 53 54 60
 61] [13218  8922 10256  3422 11178 10656  4517  6103  7994  6812  3211  5896
  4690 13247  5236  2051  2594  5682  2907  3843  4080  3088 12115  4745
  6241] [] 1716431632.4900255203
[-1  1 -1 -1 -1 -1 -1 -1 -1 -1 -1 -1 -1 -1 -1 -1 -1 -1 -1 -1 -1 -1 -1] [10 11 18 19 20 21 26 27 28 29 34 35 36 41 42 44 45 50 51 52 53 60 61] [13494  8901 10870  3593 11601 11216  5838  6198 10449  7486  3446  6082
  5101  6431  2163  2646  5809  3046  4050  4306  3370  5008  6358] [] 1716431632.5329947472
[-1 -1 -1 -1 -1 -1 -1 -1 -1 -1 -1 -1 -1 -1 -1 -1 -1 -1 -1 -1 -1 -1] [10 11 18 19 20 26 27 28 29 34 35 36 41 42 44 45 50 51 52 53 60 61] [13750  9079 11448  3773 12090  6642  6270 10558  8114  3683  6469  5975
  8364  2236  2806  5871  3218  4595  4418  3502  5535  6548] [] 1716431632.5760664940
[ 1  1 -1 -1  1 -1 -1 -1  1 -1 -1 -1 -1 -1 -1 -1 -1 -1 -1 -1] [11 19 20 26 27 28 29 34 35 36 41 42 44 45 50 51 52 53 60 61] [ 8965  3765 12933  7564  6207 10619 10801  4015  6377  6172  9451  2419
  3098  6063  3567  4797  4597  4041  6553  6769] [] 1716431632.6191964149
[-1 -1 -1 -1 -1  1 -1 -1 -1 -1 -1 -1 -1 -1 -1 -1 -1 -1 -1 -1] [11 19 20 26 27 28 29 34 35 36 41 42 44 45 50 51 52 53 60 61] [ 9194  4009 14814  7861  6380 10413 11070  4094  7217  7293 11295  2666
  3414  6556  3922  5013  5259  4477 10127  7221] [] 1716431632.6620147228
[-1 -1 -1 -1 -1 -1 -1 -1 -1 -1 -1 -1 -1 -1 -1 -1 -1] [11 19 26 27 28 34 35 36 41 42 44 45 50 51 52 53 61] [10005  4576  8092  6778 10681  4335  7442  8685 11666  2897  3608  7827
  4090  5807  5560  4900  7309] [] 1716431632.7049956322
[-1 -1  1  1 -1 -1 -1  1 -1 -1 -1 -1 -1 -1 -1] [19 26 27 28 34 35 36 41 42 44 45 50 51 52 53] [ 5170  8143  6713 10583  4664  7883 11363 11452  3226  3719 10582  4371
  5922  5860  4991] [] 1716431632.7479472160
[-1 -1 -1 -1 -1 -1 -1 -1 -1 -1 -1 -1 -1 -1 -1] [19 26 27 28 34 35 36 41 42 44 45 50 51 52 53] [ 6182  8501  6932 10712  5695 10379 12936 11917  3722  4063 10871  4990
  6893  6923  7186] [] 1716431632.7909524441
[-1 -1 -1 -1 -1 -1 -1 -1 -1 -1 -1 -1 -1 -1 -1] [19 26 27 28 34 35 36 41 42 44 45 50 51 52 53] [ 9766 10586  7530 10997  6002 11283 13354 12047  4020  4260 11169  5051
  7004  7388  8997] [] 1716431632.8339517117
[-1 -1 -1 -1 -1 -1 -1 -1 -1 -1 -1 -1 -1] [19 26 27 28 34 35 36 41 42 44 50 51 52] [ 9937 10604  8400 11576  6994 11814 14551 12642  4779  4508  6411  7293
  9114] [] 1716431632.8769495487
[-1 -1 -1 -1 -1 -1 -1 -1  1 -1] [19 26 27 28 34 42 44 50 51 52] [10168 10894 13173 12639  7171  4967  4540  6548  7230  9854] [] 1716431632.9199209213
[-1 -1 -1 -1 -1 -1  1 -1] [19 26 27 34 42 44 50 51] [10517 11162 13309  8146  6271  5078  6389  8085] [] 1716431632.9629273415
[ 1 -1 -1 -1 -1 -1] [26 34 42 44 50 51] [10838 12243  9786  8065  6631 11163] [] 1716431633.0059025288
[-1 -1  1 -1 -1] [26 34 42 44 50] [11535 12378  9429  9178  6967] [] 1716431633.0488886833
[-1 -1 -1] [42 44 50] [10662 11988  7095] [] 1716431633.0919094086
[ 1 -1 -1] [42 44 50] [ 9914 12350  7696] [] 1716431633.1351654530
[ 1 -1] [42 50] [9655 9565] [] 1716431633.1779663563
[-1 -1] [42 50] [ 9939 10179] [] 1716431633.2211823463
[-1 -1] [42 50] [10357 10832] [] 1716431633.2640941143
[1] [42] [10008] [] 1716431633.3070685863
[-1] [42] [10847] [] 1716431633.3500282764
2 2 2 1716431633.6942710876
