FA TAX ADC PRES TS
[-1] [42] [12820] [] 1716432111.2583508492
[1] [42] [12454] [] 1716432111.3013489246
[1] [42] [11819] [] 1716432111.3443315029
[1] [42] [11656] [] 1716432111.3873748779
[1] [42] [11598] [] 1716432111.4303474426
[-1 -1] [42 50] [11983 10455] [] 1716432111.4733834267
[ 1 -1  1] [42 44 50] [11965 15309 10415] [] 1716432111.5163877010
[1 1 1] [42 44 50] [11846 13541 10132] [] 1716432111.5594830513
[1 1 1] [42 44 50] [11803 13184 10045] [] 1716432111.6025059223
[1 1 1] [42 44 50] [11709 12885  9986] [] 1716432111.6453909874
[ 1 -1  1] [42 44 50] [11598 12921  9793] [] 1716432111.6884424686
[-1  1  1] [42 44 50] [11799 10461  6892] [] 1716432111.7314589024
[-1 -1  1  1  1] [34 35 42 44 50] [12780 15791 11729 10205  6781] [] 1716432111.7744541168
[-1  1 -1 -1 -1 -1  1] [27 34 35 42 44 45 50] [13629 12233 15914 11883 10456 12597  6454] [] 1716432111.8174533844
[ 1  1  1 -1  1  1  1] [27 34 35 42 44 45 50] [13424 10432 15133 12006 10363 12064  6265] [] 1716432111.8606054783
[-1 -1 -1  1  1  1  1  1 -1] [27 28 34 35 42 44 45 50 53] [13431 13456 10491 12395 11911  9330 11905  6161 14829] [] 1716432111.9035146236
[ 1  1  1  1  1  1 -1  1  1] [27 28 34 35 42 44 45 50 53] [13124 12511 10450 10803 11412  8198 11984  6067  9259] [] 1716432111.9465129375
[-1  1  1  1  1  1  1  1 -1  1] [27 28 34 35 42 44 45 50 51 53] [13548 12130  9104 10208 10877  6235 11825  5998 12111  7108] [] 1716432111.9895119667
[-1  1  1  1  1  1  1  1  1  1  1] [19 27 28 34 35 42 44 45 50 51 53] [10570 12333 11927  8769  9311  9148  5593 11584  5852 11610  6805] [] 1716432112.0325877666
[ 1  1 -1  1  1  1  1  1  1  1 -1 -1] [19 27 28 34 35 42 44 45 50 51 53 61] [10308 11719 11971  8615  9170  6971  5247 11498  5527 11342  6908  7892] [] 1716432112.0755126476
[ 1  1  1  1  1  1  1  1  1  1 -1  1  1] [19 27 28 34 35 42 44 45 50 51 52 53 61] [10025 11448 11554  8298  8934  5482  4898 11366  4751 10975 14473  6730
  7636] [] 1716432112.1186239719
[1 1 1 1 1 1 1 1 1 1 1 1 1] [19 27 28 34 35 42 44 45 50 51 52 53 61] [ 8057 11208 11430  7447  8871  5098  4666 11155  4602 10843 12683  6141
  7487] [] 1716432112.1615927219
[-1  1  1  1  1  1 -1  1  1  1  1  1  1  1 -1  1] [18 19 27 28 34 35 41 42 44 45 50 51 52 53 60 61] [11374  8008  8989 11299  7410  8829 12725  4727  4257 11018  4450 10832
 10970  5866 13754  7303] [] 1716432112.2046904564
[1 1 1 1 1 1 1 1 1 1 1 1 1 1 1 1] [18 19 27 28 34 35 41 42 44 45 50 51 52 53 60 61] [11205  7687  8620 11123  7329  8527 12485  3941  3957 10934  4034 10707
  9032  5323  9275  7080] [] 1716432112.2475211620
[ 1  1 -1  1 -1  1  1  1  1  1  1  1  1  1  1  1  1] [18 19 26 27 28 34 35 41 42 44 45 50 51 52 53 60 61] [11166  6342 11156  8433 11167  6139  8325 12383  3721  3786 10684  3827
 10583  8709  5112  8175  6917] [] 1716432112.2905323505
[ 1  1  1  1 -1  1 -1  1  1  1  1  1  1  1  1  1  1] [18 19 26 27 28 34 35 41 42 44 45 50 51 52 53 60 61] [10913  5777 10016  8400 11241  5837  8473 12169  3355  3564 10634  3506
  9765  8269  4476  7239  6732] [] 1716432112.3335342407
[1 1 1 1 1 1 1 1 1 1 1 1 1 1 1 1 1] [18 19 26 27 28 34 35 41 42 44 45 50 51 52 53 60 61] [10905  5119  9346  8187 11006  5481  8375 11905  3088  3502  6603  3387
  8172  8007  4251  6153  6574] [] 1716432112.3765707016
[-1  1  1  1  1  1  1  1  1  1  1 -1  1  1  1  1 -1  1  1] [11 18 19 26 27 28 34 35 41 42 44 45 50 51 52 53 57 60 61] [11982  8845  4723  9079  8053  9340  5327  8295 11791  2932  3402  6630
  3191  6881  7944  4149 15168  5860  6463] [] 1716432112.4195330143
[ 1  1  1  1  1  1  1  1  1  1  1  1 -1  1  1  1 -1 -1  1  1 -1] [11 18 19 26 27 28 34 35 41 42 44 45 46 50 51 52 53 54 57 60 61] [10309  7875  4527  9003  8034  8651  5077  8178 11545  2733  3254  6319
 11738  3011  6732  7835  4156 12437 13441  5712  6537] [] 1716432112.4625446796
[ 1  1  1 -1  1 -1  1 -1  1  1 -1  1  1  1  1  1  1  1  1  1  1  1  1  1] [11 18 19 20 26 27 28 29 34 35 36 41 42 44 45 46 50 51 52 53 54 57 60 61] [ 9569  6263  4323 16040  8614  8119  6823 11189  4569  8127 15931  9791
  2567  3167  6189 11288  2898  6284  6828  4052 11921 11134  5551  6449] [] 1716432112.5055904388
[-1  1  1  1 -1  1  1  1  1  1  1  1  1  1  1  1  1  1  1  1  1  1  1  1
  1] [11 18 19 20 21 26 27 28 29 34 35 36 41 42 44 45 46 50 51 52 53 54 57 60
 61] [ 9588  5713  4163 15659 13236  8559  8044  6242 11055  4435  7513 15021
  8223  2425  2977  6113 11087  2779  6156  6634  3900 11599  9920  5394
  6319] [] 1716432112.5486297607
[ 1  1  1  1  1  1  1  1  1  1  1  1  1  1  1  1  1  1 -1  1  1  1  1 -1
  1  1] [11 18 19 20 21 26 27 28 29 34 35 36 41 42 44 45 46 50 51 52 53 54 57 59
 60 61] [ 9523  5128  4021 14633 11832  8413  7979  5738 10907  4325  7386 11075
  7887  2339  2743  5987  8930  2718  6577  6341  3638  9433  8022  9475
  5275  6303] [] 1716432112.5915870667
[1 1 1 1 1 1 1 1 1 1 1 1 1 1 1 1 1 1 1 1 1 1 1 1 1 1] [11 18 19 20 21 26 27 28 29 34 35 36 41 42 44 45 46 50 51 52 53 54 57 59
 60 61] [ 9233  4777  3832 14378 10909  8291  7902  5361 10705  4195  7181 10380
  7541  2185  2597  5840  8241  2563  4918  6129  3394  9067  6475  9128
  4913  6249] [] 1716432112.6346268654
[ 1  1  1  1  1  1  1  1  1  1  1  1 -1  1  1 -1  1 -1  1  1  1 -1  1  1
  1 -1  1 -1] [11 18 19 20 21 26 27 28 29 34 35 36 37 41 42 43 44 45 46 50 51 52 53 54
 57 59 60 61] [ 9097  4468  3697 13827 10802  7638  7755  4428 10630  4007  7110  9124
 16376  7531  2167 12999  2590  5925  8117  2452  4896  6412  3391  7403
  5786  9225  4799  6296] [] 1716432112.6776015759
[-1 -1  1  1  1 -1  1  1  1 -1  1 -1  1  1  1  1  1  1  1  1  1  1  1  1
  1  1  1  1  1] [10 11 18 19 20 21 26 27 28 29 34 35 36 37 41 42 43 44 45 46 50 51 52 53
 54 57 59 60 61] [13689  9149  4401  3665 13333 10829  6759  7743  4349 10785  3924  7430
  8637 12380  7236  2047 12145  2562  5823  7962  2327  4788  6286  3255
  7401  5087  7881  4607  6194] [] 1716432112.7207002640
[-1 -1  1  1  1  1  1  1  1  1  1  1  1  1  1  1  1  1  1  1  1  1  1  1
  1  1  1  1  1  1  1] [ 2  3 10 11 18 19 20 21 26 27 28 29 34 35 36 37 41 42 43 44 45 46 50 51
 52 53 54 57 59 60 61] [16075 14090 11867  9125  4029  3572 12868 10502  5455  7659  3915 10308
  3725  6729  7614 11536  6052  1958 11963  2527  5774  6770  2239  4477
  5658  3138  7331  4321  7204  4466  6148] [] 1716432112.7637724876
[ 1  1  1  1  1  1  1 -1  1  1  1  1  1  1  1 -1  1  1  1  1 -1  1  1 -1
 -1 -1 -1 -1  1 -1  1 -1] [ 2  3 10 11 18 19 20 21 26 27 28 29 34 35 36 37 41 42 43 44 45 46 50 51
 52 53 54 55 57 59 60 61] [15243  7418 10249  9074  3790  3407 12486 10516  4887  7517  3641 10179
  3559  6434  7126 11543  5650  1919 11811  2466  5781  6508  2172  4479
  5682  3159  7347 12585  3886  7254  4331  6243] [] 1716432112.8067026138
[ 1  1  1  1  1  1  1  1 -1  1 -1  1  1  1  1  1  1  1  1  1  1  1  1  1
  1  1  1  1  1 -1  1] [ 3 10 11 18 19 20 21 26 27 28 29 34 35 36 37 41 42 43 44 45 46 50 51 52
 53 54 55 57 59 60 61] [ 5977  9888  9034  3540  3337 12376 10381  4541  7523  3496 10214  3478
  6248  6131 11148  4748  1853 11397  2412  5769  6181  2052  4349  5192
  2959  6255  7402  3404  6564  4423  6194] [] 1716432112.8496389389
[ 1  1 -1  1  1  1 -1  1 -1  1 -1  1  1  1 -1  1  1  1  1  1 -1  1  1  1
  1  1  1  1  1  1  1] [ 3 10 11 18 19 20 21 26 27 28 29 34 35 36 37 41 42 43 44 45 46 50 51 52
 53 54 55 57 59 60 61] [ 5524  9075  9072  3413  3211 10164 10517  3871  7547  3245 10458  3216
  5681  5606 11874  4668  1775 10937  2394  4910  6239  2010  4157  5020
  2922  5986  6906  3272  5802  4305  6187] [] 1716432112.8926768303
[ 1  1  1  1  1  1  1  1  1  1  1  1  1  1  1  1  1  1  1  1  1  1  1  1
  1 -1  1  1  1  1  1] [ 3 10 11 18 19 20 21 26 27 28 29 34 35 36 37 41 42 43 44 45 46 50 51 52
 53 54 55 57 59 60 61] [ 5153  8811  9009  3260  3175  9525 10368  3695  6920  3079  8186  3130
  5429  4897  9436  4338  1720 10666  2353  4897  6138  1946  4090  4909
  2858  6036  5867  3138  5271  4035  6137] [] 1716432112.9356205463
[ 1  1  1  1  1  1 -1  1  1  1  1  1  1  1  1  1  1 -1  1  1  1  1  1  1
  1  1  1  1  1  1  1 -1] [ 3 10 11 18 19 20 21 26 27 28 29 34 35 36 37 41 42 43 44 45 46 50 51 52
 53 54 55 57 59 60 61 62] [ 4418  8544  8971  3150  3135  9256 10419  3539  6755  3013  6806  3091
  5176  4610  8884  4316  1672 10772  2257  4844  6014  1861  4025  4428
  2796  5910  5072  2975  4234  4034  6110 14261] [] 1716432112.9786317348
[ 1  1  1  1  1  1 -1  1  1  1  1 -1  1  1  1 -1  1  1  1  1 -1  1 -1  1
  1  1  1 -1  1  1  1  1 -1  1] [ 3 10 11 18 19 20 21 26 27 28 29 33 34 35 36 37 41 42 43 44 45 46 47 50
 51 52 53 54 55 57 59 60 61 62] [ 4288  7636  8953  2943  3027  8230 10643  3274  6316  2865  5953 12765
  2894  4663  4288  9019  4260  1648 10596  2220  4855  5581 15656  1803
  3788  4414  2780  5944  5042  2929  3916  3994  6115 13802] [] 1716432113.0216732025
[ 1  1  1  1  1  1  1  1  1  1  1  1 -1  1  1  1  1  1  1  1  1  1  1  1
  1 -1  1 -1  1  1  1  1 -1  1] [ 3 10 11 18 19 20 21 26 27 28 29 33 34 35 36 37 41 42 43 44 45 46 47 50
 51 52 53 54 55 57 59 60 61 62] [ 4273  7541  8122  2922  3026  8173 10592  3207  6227  2784  5686 12740
  2899  4594  4197  8586  4200  1632 10561  2204  4830  5482 15434  1792
  3761  4417  2742  5985  5012  2906  3873  3709  6173  9977] [] 1716432113.0646669865
[ 1  1  1  1  1  1 -1  1  1  1  1  1  1  1  1 -1  1 -1  1  1  1  1 -1  1
  1  1 -1  1 -1  1  1  1  1  1] [ 3 10 11 18 19 20 21 26 27 28 29 33 34 35 36 37 41 42 43 44 45 46 47 50
 51 52 53 54 55 57 59 60 61 62] [ 4211  7181  7526  2909  3009  7310 10696  3181  6212  2741  5517 12611
  2851  4482  3984  8620  4146  1651 10485  2201  4749  5422 15532  1759
  3696  4396  2765  5946  5032  2902  3829  3621  6160  9973] [] 1716432113.1076483727
[ 1  1  1  1  1  1 -1  1 -1  1  1  1  1  1  1  1  1  1  1 -1  1  1  1  1
  1  1  1 -1 -1  1 -1  1 -1  1] [ 3 10 11 18 19 20 21 26 27 28 29 33 34 35 36 37 41 42 43 44 45 46 47 50
 51 52 53 54 55 57 59 60 61 62] [ 4067  6626  7382  2863  2993  6767 10715  3154  6251  2727  5359 12583
  2805  4444  3920  8527  4076  1647 10437  2204  4735  5391 15293  1754
  3672  4338  2751  5993  5054  2891  3838  3595  6196  9915] [] 1716432113.1506066322
[-1  1  1  1 -1  1  1 -1  1  1  1 -1  1  1  1  1 -1  1 -1 -1 -1  1 -1 -1
 -1  1  1 -1 -1 -1  1  1] [ 3 10 11 18 19 20 21 26 27 28 29 33 34 35 36 37 41 42 43 44 45 46 50 51
 52 53 54 55 57 59 60 61] [ 4095  6404  7279  2853  3023  6730 10590  3173  6177  2697  5359 12696
  2794  4416  3911  8509  4162  1630 10545  2226  4754  5286  1767  3798
  4368  2747  5833  5802  2924  4027  3583  6019] [] 1716432113.1936483383
[-1 -1 -1 -1  1 -1  1 -1  1 -1 -1  1 -1 -1 -1  1 -1 -1  1 -1 -1 -1 -1 -1
 -1 -1 -1 -1 -1 -1 -1 -1] [ 3 10 11 18 19 20 21 26 27 28 29 33 34 35 36 37 41 42 43 44 45 46 50 51
 52 53 54 55 57 59 60 61] [ 4201  6590  8543  2895  2989  6866 10416  3199  6170  2728  5486 12580
  2855  4455  4063  8337  4289  1647 10539  2244  4775  5372  1782  3914
  4420  2783  5867  6875  3039  4604  3960  6057] [] 1716432113.2366535664
[-1 -1 -1 -1  1 -1  1 -1 -1 -1 -1 -1 -1 -1 -1 -1 -1 -1 -1 -1 -1 -1 -1 -1
 -1 -1  1 -1 -1 -1  1] [ 3 10 11 18 19 20 21 26 27 28 29 33 34 35 36 37 41 42 43 44 45 46 50 51
 52 53 54 57 59 60 61] [ 4285  8053  8847  3019  2972  8154 10261  3255  6216  2854  5563 12673
  2956  4518  4266  8431  4434  1681 10675  2270  4801  5403  1845  3994
  4456  2799  5770  3135  5394  4051  5948] [] 1716432113.2796196938
[-1 -1 -1 -1 -1 -1  1 -1  1 -1 -1  1 -1 -1 -1 -1 -1 -1  1 -1 -1 -1 -1 -1
 -1 -1 -1 -1 -1  1 -1] [ 3 10 11 18 19 20 21 26 27 28 29 33 34 35 36 37 41 42 43 44 45 46 50 51
 52 53 54 57 59 60 61] [ 5041  8487  8924  3094  3017  9189 10072  3437  6191  2965  7775 12617
  3006  4720  4351  8464  4580  1708 10619  2276  5557  5901  1886  4247
  4477  2803  5830  3251  6523  4015  5992] [] 1716432113.3226375580
[-1 -1  1 -1 -1 -1 -1 -1 -1 -1 -1  1 -1 -1 -1 -1 -1 -1 -1 -1 -1 -1 -1 -1
 -1 -1 -1 -1 -1 -1 -1] [ 3 10 11 18 19 20 21 26 27 28 29 33 34 35 36 37 41 42 43 44 45 46 50 51
 52 53 54 57 59 60 61] [ 5361  9140  8879  3168  3083  9549 10081  3739  6254  3100  7822 12578
  3040  5292  4686  9809  5158  1779 10812  2328  5581  6756  1947  4313
  4575  2859  7084  3758  7064  4168  6023] [] 1716432113.3656344414
[-1 -1  1 -1 -1 -1  1 -1 -1 -1 -1 -1 -1 -1  1 -1 -1 -1 -1  1 -1 -1 -1 -1
  1 -1 -1 -1 -1  1] [ 3 10 11 18 19 20 21 26 27 28 29 34 35 36 37 41 42 43 44 45 46 50 51 52
 53 54 57 59 60 61] [12614  9509  8871  3254  3143 11842  9976  4255  6395  3240  7864  3110
  5759  4834  9801  5648  1806 11387  2366  5545  7889  2011  4360  4579
  2842  7140  4171  7547  4319  5966] [] 1716432113.4087300301
[-1 -1  1 -1 -1  1 -1 -1 -1 -1 -1 -1 -1 -1  1 -1 -1 -1 -1 -1 -1 -1 -1 -1
 -1 -1 -1 -1 -1 -1] [ 3 10 11 18 19 20 21 26 27 28 29 34 35 36 37 41 42 43 44 45 46 50 51 52
 53 54 57 59 60 61] [15476  9606  8835  3375  3198 11793 10107  4348  6503  3389  9201  3198
  6016  5247  8693  5941  1879 11807  2416  5590  8033  2079  4474  4806
  2914  8945  4772  8826  4402  6018] [] 1716432113.4515824318
[-1 -1 -1 -1 -1 -1 -1 -1 -1 -1 -1 -1 -1 -1 -1 -1 -1 -1 -1 -1 -1 -1 -1 -1
 -1 -1 -1 -1 -1] [10 11 18 19 20 21 26 27 28 29 34 35 36 37 41 42 43 44 45 46 50 51 52 53
 54 57 59 60 61] [13064  8900  3452  3302 12128 10278  4871  6559  3597 10225  3317  6056
  6329  9953  5988  2024 11902  2458  5678  8493  2203  4514  5259  3031
 11575  6282  9325  4701  6076] [] 1716432113.4946448803
[-1 -1 -1 -1 -1 -1 -1 -1 -1 -1 -1 -1 -1 -1 -1 -1 -1 -1 -1 -1 -1 -1 -1 -1
 -1 -1 -1] [11 18 19 20 21 26 27 28 29 34 35 36 37 41 42 44 45 46 50 51 52 53 54 57
 59 60 61] [ 8928  3801  3399 12528 10518  6093  7393  4029 10446  3412  6603  7523
 11967  6223  2111  2564  5705 11294  2318  5398  5402  3295 12065  8166
 12025  5074  6253] [] 1716432113.5375738144
[-1 -1 -1 -1 -1 -1 -1 -1 -1 -1 -1 -1 -1 -1 -1  1 -1 -1 -1 -1 -1 -1  1] [11 18 19 20 21 26 27 28 29 34 35 36 41 42 44 45 50 51 52 53 57 60 61] [ 9111  4328  3598 13151 10922  7865  7477  4614 10808  3686  6645  7716
  6782  2233  2687  5661  2428  5432  5703  3334  9513  5110  6170] [] 1716432113.5805785656
[-1 -1 -1 -1 -1 -1 -1 -1 -1 -1 -1 -1 -1 -1 -1 -1 -1 -1 -1 -1 -1 -1 -1] [11 18 19 20 21 26 27 28 29 34 35 36 41 42 44 45 50 51 52 53 57 60 61] [ 9471  4853  3711 13921 11326  7997  7547  5264 11012  3774  6725  8983
  9161  2334  2811  5700  2543  5539  6486  3447 13840  5138  6309] [] 1716432113.6236119270
[-1 -1 -1 -1 -1 -1 -1 -1  1 -1 -1 -1 -1 -1 -1 -1 -1 -1 -1 -1] [11 18 19 20 26 27 28 34 35 36 41 42 44 45 50 51 52 53 60 61] [10226  5353  3800 14739  8187  7694  5785  4061  6638 10770  9535  2615
  3218  5965  2659  5949  6896  3768  5745  6534] [] 1716432113.6665189266
[-1 -1 -1 -1 -1 -1 -1 -1 -1 -1 -1 -1 -1 -1 -1 -1 -1 -1 -1] [18 19 26 27 28 34 35 36 41 42 44 45 50 51 52 53 57 60 61] [ 6921  3964  8609  7741  7797  4387  7202 14689 11650  2768  3369  6235
  2799  6725  8053  4152 11617  5984  6750] [] 1716432113.7095351219
[-1 -1  1 -1 -1 -1 -1 -1 -1 -1 -1 -1 -1 -1 -1 -1 -1 -1] [18 19 26 27 28 34 35 36 41 42 44 45 50 51 52 53 60 61] [ 7449  4170  8595  7962  8769  4699  7375 14821 11850  2947  3492  7269
  3003  7061  8284  4702  6424  6928] [] 1716432113.7525093555
[-1 -1 -1 -1 -1 -1 -1 -1 -1 -1 -1 -1 -1 -1 -1 -1 -1] [18 19 26 27 28 34 35 41 42 44 45 50 51 52 53 60 61] [10666  4569 10960  8008 10616  5011  7398 12139  3414  3942  7763  3727
  7760  8921  5393  8898  7420] [] 1716432113.7954781055
[-1 -1 -1  1 -1 -1 -1 -1 -1 -1 -1 -1 -1 -1  1] [18 19 27 28 34 35 41 42 44 45 50 51 52 53 61] [11064  4939  8105 10553  5641  7587 12406  4182  4229  8256  3890  9344
  9392  5635  7388] [] 1716432113.8385117054
[-1 -1 -1 -1 -1 -1 -1 -1 -1 -1 -1 -1 -1 -1] [18 19 27 28 34 35 42 44 45 50 51 52 53 61] [11281  6963  8264 10625  6415  8118  4862  4439 10784  4218 10761 10902
  6299  7565] [] 1716432113.8815162182
[-1 -1 -1 -1 -1 -1 -1 -1 -1 -1 -1 -1] [18 19 27 28 34 35 42 44 45 50 51 53] [11536  7475  8498 10888  6423  8536  6514  4743 10985  4982 11017  6476] [] 1716432113.9244906902
[-1 -1 -1 -1 -1 -1 -1 -1 -1 -1 -1] [19 27 28 34 35 42 44 45 50 51 53] [ 9791  9140 11300  8131  8981  8579  7190 11477  6058 12059 11072] [] 1716432113.9674763680
[-1 -1 -1 -1 -1 -1 -1  1 -1] [19 27 28 34 35 42 44 45 50] [10665 12836 12622  9180  9666 10711  8283 11464  8165] [] 1716432114.0105307102
[ 1 -1 -1 -1  1 -1 -1] [19 27 34 35 42 44 50] [10505 13551 12753 13590 10076  9410  8235] [] 1716432114.0535104275
[ 1 -1 -1  1 -1] [27 35 42 44 50] [12850 14976 10169  9367  8603] [] 1716432114.0965135098
[-1 -1  1] [42 44 50] [10210 11634  8594] [] 1716432114.1394712925
[-1 -1 -1] [42 44 50] [10495 12511  8824] [] 1716432114.1824502945
[-1 -1] [42 50] [10655  9341] [] 1716432114.2255132198
[-1 -1] [42 50] [10834 10243] [] 1716432114.2685213089
[-1 -1] [42 50] [10957 11389] [] 1716432114.3114755154
[-1] [42] [15131] [] 1716432114.3544423580
2 2 2 1716432114.6126599312
