FA TAX ADC PRES TS
[-1] [42] [13645] [] 1716432404.2790379524
[1] [42] [12120] [] 1716432404.3220405579
[1] [42] [11645] [] 1716432404.3649568558
[1] [42] [10513] [] 1716432404.4079697132
[-1 -1] [42 50] [11555 10154] [] 1716432404.4509530067
[1 1] [42 50] [11377 10003] [] 1716432404.4939494133
[1 1] [42 50] [11322  9865] [] 1716432404.5368647575
[-1 -1 -1] [42 50 51] [11490  9927 11507] [] 1716432404.5798869133
[1 1 1] [42 50 51] [11384  9788 11171] [] 1716432404.6229839325
[1 1 1] [42 50 51] [11334  9641 11111] [] 1716432404.6658551693
[ 1 -1 -1  1] [42 44 50 51] [ 9296 13067  9765 10855] [] 1716432404.7089650631
[1 1 1 1] [42 44 50 51] [ 8829 13035  9765  8470] [] 1716432404.7518506050
[ 1  1  1 -1] [42 44 50 51] [ 7620 12687  9748  8520] [] 1716432404.7949843407
[-1  1 -1 -1 -1] [27 42 44 50 51] [12964  7122 12749  9835  8590] [] 1716432404.8379678726
[-1 -1  1 -1  1 -1] [27 34 42 44 50 51] [13020 12498  6273 12920  8899  8705] [] 1716432404.8809907436
[-1 -1 -1 -1 -1  1 -1 -1  1 -1] [18 27 28 34 35 42 44 45 50 51] [12442 13359 12495 12653 15106  5816 13023 13064  8799  8803] [] 1716432404.9239478111
[ 1 -1 -1  1 -1  1  1  1  1  1  1] [18 19 27 28 34 35 42 44 45 50 51] [12139 12282 13392 12469 12734 13702  5553 12590 12392  8622  8546] [] 1716432404.9670400620
[ 1  1  1  1  1  1 -1  1  1  1  1  1 -1] [18 19 27 28 34 35 41 42 44 45 50 51 53] [11800 10940 13108 12063 12590 12809 13053  5282  9405 12044  8369  7279
 12024] [] 1716432405.0100476742
[ 1  1 -1 -1  1  1  1  1 -1  1  1  1  1  1] [18 19 27 28 34 35 41 42 43 44 45 50 51 53] [11762 10798 13568 12203 10385 11847 12559  4658 14835  7396 11821  8257
  7140  9656] [] 1716432405.0529730320
[ 1  1  1  1  1  1  1  1  1  1  1  1 -1  1 -1] [18 19 27 28 34 35 41 42 43 44 45 50 51 53 61] [11412 10305 13326 11439  8991 11143 12409  4477 14586  7164 11723  8231
  7306  8307  9821] [] 1716432405.0960097313
[ 1 -1 -1 -1  1 -1 -1  1  1  1  1  1  1  1  1] [18 19 27 28 34 35 36 41 42 44 45 50 51 53 61] [11378 10314 13379 11643  8867 11328 15121 12006  3904  5733 11592  7703
  6395  7768  7925] [] 1716432405.1390922070
[ 1  1  1  1  1  1  1  1  1 -1  1  1  1  1  1  1] [18 19 27 28 34 35 36 41 42 43 44 45 50 51 53 61] [11158 10187  9176 11523  8053 10172 14637 11655  3612 16036  5297  7946
  7309  5990  7465  7727] [] 1716432405.1820831299
[ 1  1  1 -1  1  1  1 -1  1  1  1  1  1  1  1 -1  1] [18 19 27 28 34 35 36 41 42 43 44 45 50 51 53 60 61] [10882 10053  8872 11713  7239  9210 12253 11710  3436 15970  5066  7407
  7121  5576  7078 15229  7424] [] 1716432405.2249989510
[ 1  1  1  1  1  1  1 -1  1  1  1 -1  1 -1 -1  1  1  1] [18 19 27 28 34 35 36 41 42 43 44 45 50 51 52 53 60 61] [10696  9912  8618 11358  6070  8577 11938 11777  3336 15063  4624  7479
  5554  5577 15186  6192  9879  7266] [] 1716432405.2680685520
[-1 -1  1  1 -1 -1  1  1  1 -1  1 -1  1 -1  1  1  1  1  1  1] [11 18 19 27 28 29 34 35 36 41 42 43 44 45 50 51 52 53 60 61] [10003 10714  8109  8511 11383 12190  5775  8282 10143 11856  3160 16153
  4601  8351  5119  5448 13277  5983  9013  7108] [] 1716432405.3110907078
[ 1  1 -1 -1 -1 -1  1  1  1  1 -1  1  1  1 -1  1 -1  1  1 -1  1  1] [11 18 19 26 27 28 29 34 35 36 41 42 43 44 45 50 51 52 53 54 60 61] [ 9971 10708  8215 14656  8516 11587 11764  5665  8086  9535 11932  3012
 15215  4277  8363  4756  5471  9105  5535 14155  7414  6915] [] 1716432405.3540558815
[ 1  1  1  1  1  1  1  1  1  1  1  1 -1  1  1  1  1  1  1  1  1  1] [11 18 19 26 27 28 29 34 35 36 41 42 43 44 45 50 51 52 53 54 60 61] [ 9768  8800  7993  9613  8371 11338 11296  5431  7586  8181 11843  2877
 15811  4031  7085  4586  5361  8514  5384 12070  6855  6751] [] 1716432405.3970525265
[ 1  1  1 -1  1  1  1  1  1  1  1  1  1  1  1  1  1  1  1  1  1 -1  1  1] [11 18 19 20 26 27 28 29 34 35 36 41 42 43 44 45 50 51 52 53 54 57 60 61] [ 9733  7491  7686 16010  9244  8316 11294 11040  5267  7228  7793 11452
  2685 14935  3818  6745  4238  5255  7351  5194 11780 12950  5699  6580] [] 1716432405.4402248859
[ 1  1  1  1  1  1  1  1  1  1  1  1  1  1  1 -1  1  1  1  1  1  1  1  1] [11 18 19 20 26 27 28 29 34 35 36 41 42 43 44 45 50 51 52 53 54 57 60 61] [ 9558  7352  7129 15921  8943  8124 10854 10942  5083  6828  6333  9657
  2534 14520  3818  6878  3876  5035  6974  5076  7582 12203  5214  6499] [] 1716432405.4829113483
[ 1  1  1  1 -1  1  1  1  1  1  1  1  1  1  1  1  1 -1  1  1  1  1  1  1
  1  1] [11 18 19 20 21 26 27 28 29 34 35 36 41 42 43 44 45 46 50 51 52 53 54 57
 60 61] [ 9409  6537  6363 15401 11480  8806  8119  8511 10894  4981  6661  5983
  8194  2445 14249  3482  6304 11765  3611  4382  6527  4904  7570 11362
  4705  6404] [] 1716432405.5258314610
[ 1  1  1  1  1  1  1  1  1  1  1  1 -1  1  1 -1  1  1  1  1  1  1  1 -1
  1  1  1] [11 18 19 20 21 26 27 28 29 34 35 36 37 41 42 43 44 45 46 50 51 52 53 54
 57 60 61] [ 9205  6251  5791 14370 11296  8454  7688  7784 10411  4896  6442  5791
 16377  6913  2333 14389  3395  6235  8901  3436  4292  6413  4730  7624
  9359  4565  6326] [] 1716432405.5688433647
[-1  1  1 -1  1  1  1  1  1  1 -1  1  1  1  1  1  1 -1  1  1  1  1  1  1
  1  1  1] [11 18 19 20 21 26 27 28 29 34 35 36 37 41 42 43 44 45 46 50 51 52 53 54
 57 60 61] [ 9209  4746  5519 14426 11150  7410  7516  7248 10300  4703  6461  5332
 14611  6307  2259 11945  3314  6277  8579  3293  4255  5999  4420  7439
  7295  4453  6281] [] 1716432405.6117842197
[-1  1  1  1  1  1  1  1  1  1  1 -1  1 -1  1  1  1  1  1  1  1  1  1  1
  1  1  1  1] [ 3 11 18 19 20 21 26 27 28 29 34 35 36 37 41 42 43 44 45 46 50 51 52 53
 54 57 60 61] [13590  9128  4461  5139 14400 11102  7027  7439  6209  7613  4543  6475
  5039 14650  5798  2151 10549  3182  6188  7616  3077  3911  5644  4260
  6289  5986  4157  6271] [] 1716432405.6548745632
[ 1  1  1  1  1  1  1  1  1  1 -1  1  1  1  1  1  1 -1  1 -1  1  1  1  1
  1  1  1  1  1] [ 3 11 18 19 20 21 26 27 28 29 33 34 35 36 37 41 42 43 44 45 46 50 51 52
 53 54 57 60 61] [ 7125  9087  4264  4599 13415 10853  6634  7396  4837  6484 15165  4222
  6186  4894 10660  5050  2052 10940  3140  6284  7331  2998  3708  5531
  4080  6124  5463  3923  6195] [] 1716432405.6979019642
[ 1  1  1  1  1 -1  1  1  1  1  1  1 -1  1  1  1  1 -1  1  1  1  1  1  1
  1  1  1  1  1] [ 3 11 18 19 20 21 26 27 28 29 33 34 35 36 37 41 42 43 44 45 46 50 51 52
 53 54 57 60 61] [ 4809  9046  4061  4385 11886 11181  5788  6633  4244  6436 15078  4020
  6204  4727 10603  4729  1933 11329  2950  5744  7069  2914  3498  5266
  3985  5836  4563  3800  6134] [] 1716432405.7408182621
[ 1 -1 -1  1  1  1  1  1  1  1  1  1  1  1  1  1  1  1  1  1  1  1  1  1
  1 -1 -1 -1  1 -1 -1 -1] [ 3 10 11 18 19 20 21 26 27 28 29 33 34 35 36 37 41 42 43 44 45 46 50 51
 52 53 54 55 57 59 60 61] [ 4585 16282  9059  3913  4122 10520 11117  5383  6465  3886  6188 14758
  3840  6053  4211 10311  4506  1901 10853  2866  5225  6315  2898  3381
  4827  4035  5946 11592  4357 12418  3805  6223] [] 1716432405.7838134766
[ 1  1  1  1  1  1  1  1  1  1  1  1  1  1  1 -1  1  1 -1  1  1  1  1  1
  1  1  1  1  1  1 -1  1] [ 3 10 11 18 19 20 21 26 27 28 29 33 34 35 36 37 41 42 43 44 45 46 50 51
 52 53 54 55 57 59 60 61] [ 4481 15536  8573  3692  3999 10290 10918  4973  6428  3703  6048 13530
  3693  5905  4089 10743  4366  1822 11542  2803  5167  6305  2815  3273
  4586  3863  5607  8874  3877 11774  3907  6109] [] 1716432405.8268196583
[ 1  1  1  1  1  1  1  1  1  1  1  1  1  1  1  1  1  1  1  1  1  1  1  1
 -1  1  1  1  1  1  1  1] [ 3 10 11 18 19 20 21 26 27 28 29 33 34 35 36 37 41 42 43 44 45 46 50 51
 52 53 54 55 57 59 60 61] [ 4410 14373  8350  3575  3938  9626 10894  4580  6340  3404  5116 12838
  3642  5779  3764 10498  3976  1776 10341  2517  5138  6271  2635  3080
  5125  3616  5432  6756  3583 11563  3654  6042] [] 1716432405.8698444366
[ 1  1  1  1  1 -1  1  1  1  1  1  1  1  1  1 -1  1  1 -1  1  1  1 -1  1
  1  1  1  1  1  1  1 -1 -1] [ 3 10 11 18 19 20 21 26 27 28 29 33 34 35 36 37 41 42 43 44 45 46 47 50
 51 52 53 54 55 57 59 60 61] [ 4395 11647  7926  3413  3779  9771 10459  4342  6002  3074  5005 12682
  3402  5390  3507 10531  3814  1759 10447  2401  4561  5855 12319  2494
  2976  4820  3190  5295  6425  3455  9278  3729  6127] [] 1716432405.9128458500
[ 1  1  1  1  1  1 -1  1 -1  1  1  1  1  1  1  1  1  1  1  1  1  1  1  1
  1  1  1  1  1  1  1 -1 -1 -1] [ 3 10 11 18 19 20 21 26 27 28 29 33 34 35 36 37 41 42 43 44 45 46 47 50
 51 52 53 54 55 57 59 60 61 62] [ 4303 10211  6949  3311  3717  7673 10570  4235  6235  2985  4850 12621
  3183  5336  3449 10270  3666  1694 10227  2362  4500  5846  6822  2268
  2848  4442  3184  5170  5299  3230  8553  3731  6136 10400] [] 1716432405.9559905529
[ 1  1  1  1  1  1 -1  1  1  1  1  1  1 -1  1 -1  1  1  1  1  1  1  1  1
  1  1  1  1  1  1  1  1  1  1] [ 3 10 11 18 19 20 21 26 27 28 29 33 34 35 36 37 41 42 43 44 45 46 47 50
 51 52 53 54 55 57 59 60 61 62] [ 4221  8960  6731  3207  3703  6557 10594  3747  6124  2939  4588 11986
  2981  5393  3394 10434  3465  1638  9073  2318  4211  5630  5356  2133
  2768  4201  3044  4762  4720  3101  6062  3515  6114  9936] [] 1716432405.9990115166
[-1  1  1  1  1  1  1  1  1  1  1  1  1  1  1  1  1  1  1  1  1 -1  1  1
  1  1 -1  1  1  1  1 -1  1  1] [ 3 10 11 18 19 20 21 26 27 28 29 33 34 35 36 37 41 42 43 44 45 46 47 50
 51 52 53 54 55 57 59 60 61 62] [ 4239  8423  5605  3095  3594  6457 10457  3511  5772  2779  4099  9535
  2798  5303  3323 10360  3413  1604  8523  2279  3970  5691  4756  2104
  2670  4198  3066  4622  4425  2958  5231  3538  6028  9280] [] 1716432406.0420637131
[ 1  1  1  1  1  1  1  1  1  1 -1  1  1  1  1 -1  1  1  1  1  1 -1 -1  1
  1  1  1  1  1 -1  1  1  1  1] [ 3 10 11 18 19 20 21 26 27 28 29 33 34 35 36 37 41 42 43 44 45 46 47 50
 51 52 53 54 55 57 59 60 61 62] [ 4191  6930  4664  2907  3575  5901 10388  3419  5411  2732  4260  8651
  2646  5003  3094 10473  3396  1592  8208  2242  3910  6070  4765  2090
  2646  4153  3020  4542  4317  2987  5197  3411  6010  9090] [] 1716432406.0849833488
[ 1  1  1  1  1  1  1  1  1  1  1  1  1  1  1  1  1  1  1 -1  1 -1  1  1
  1  1  1 -1  1  1  1  1  1  1] [ 3 10 11 18 19 20 21 26 27 28 29 33 34 35 36 37 41 42 43 44 45 46 47 50
 51 52 53 54 55 57 59 60 61 62] [ 4154  6802  4488  2887  3549  5866 10340  3351  5336  2692  4032  8543
  2621  4957  2957  9452  3370  1582  8114  2249  3897  6153  4684  2066
  2624  4061  2953  4605  4302  2959  5087  3381  6003  9030] [] 1716432406.1280422211
[ 1  1  1  1  1  1 -1 -1  1  1  1  1  1  1  1 -1  1  1  1  1 -1  1  1  1
  1  1  1  1  1  1  1  1  1  1] [ 3 10 11 18 19 20 21 26 27 28 29 33 34 35 36 37 41 42 43 44 45 46 47 50
 51 52 53 54 55 57 59 60 61 62] [ 4147  6717  4309  2867  3515  5806 10368  3359  5312  2672  4006  8522
  2594  4939  2902  9877  3370  1568  7872  2228  3941  6111  4647  2026
  2602  4021  2940  4551  4238  2877  4961  3327  5996  9009] [] 1716432406.1710093021
[ 1  1  1  1  1  1 -1  1  1  1 -1  1 -1  1  1  1 -1 -1  1  1  1  1 -1  1
 -1  1 -1  1 -1 -1  1 -1 -1  1] [ 3 10 11 18 19 20 21 26 27 28 29 33 34 35 36 37 41 42 43 44 45 46 47 50
 51 52 53 54 55 57 59 60 61 62] [ 4133  6708  4284  2837  3463  5783 10373  3299  5264  2662  4038  8399
  2615  4859  2823  9193  3398  1597  7837  2228  3884  6046  4695  2014
  2619  3962  2944  4546  4358  2879  4935  3375  6058  8983] [] 1716432406.2140500546
[ 1 -1 -1 -1  1  1  1  1  1 -1  1 -1  1  1 -1  1  1 -1 -1 -1 -1  1 -1 -1
 -1  1  1 -1 -1 -1 -1 -1  1 -1] [ 3 10 11 18 19 20 21 26 27 28 29 33 34 35 36 37 41 42 43 44 45 46 47 50
 51 52 53 54 55 57 59 60 61 62] [ 4118  6743  4299  2853  3455  5717 10346  3287  5254  2687  4025  8430
  2574  4783  2852  9169  3380  1608  7910  2238  3900  6025  5141  2035
  2631  3955  2939  4607  4720  2949  5293  3391  6047  9389] [] 1716432406.2570841312
[-1 -1 -1 -1  1 -1 -1 -1 -1 -1 -1 -1 -1 -1 -1 -1 -1  1 -1 -1 -1 -1 -1 -1
 -1 -1 -1 -1 -1 -1 -1 -1  1 -1] [ 3 10 11 18 19 20 21 26 27 28 29 33 34 35 36 37 41 42 43 44 45 46 47 50
 51 52 53 54 55 57 59 60 61 62] [ 4124  7846  4787  2903  3455  6005 10372  3301  5280  2709  4040  8753
  2621  4957  2855  9235  3452  1595  8093  2266  4077  6038  8658  2064
  2684  4005  2984  4879  5915  3031  7157  3525  5991 10296] [] 1716432406.2999503613
[-1 -1 -1 -1 -1 -1  1 -1  1 -1 -1 -1 -1 -1 -1 -1 -1 -1 -1 -1 -1  1 -1 -1
 -1 -1  1 -1 -1 -1  1  1] [ 3 10 11 18 19 20 21 26 27 28 29 33 34 35 36 37 41 42 43 44 45 46 50 51
 52 53 54 55 57 59 60 61] [ 4147  8000  6263  3014  3505  6223 10304  3387  5278  2753  4477  9476
  2712  5084  3156 10085  3539  1660  8632  2318  4366  5885  2165  2730
  4031  3133  4637  7635  3160  8015  3462  5950] [] 1716432406.3429727554
[-1 -1 -1 -1  1 -1  1 -1 -1 -1 -1 -1 -1  1 -1  1 -1 -1 -1 -1 -1 -1 -1 -1
 -1 -1 -1 -1 -1 -1 -1  1] [ 3 10 11 18 19 20 21 26 27 28 29 33 34 35 36 37 41 42 43 44 45 46 50 51
 52 53 54 55 57 59 60 61] [ 4187  8374  7037  3075  3463  6575 10155  3727  5282  2806  4793 11837
  2904  4987  3306 10004  3612  1675  9518  2487  5021  6243  2317  2864
  4042  3207  5048 11186  3465 10350  3492  5906] [] 1716432406.3858850002
[ 1 -1 -1 -1 -1 -1 -1 -1 -1 -1 -1 -1 -1 -1 -1 -1 -1 -1  1  1 -1  1 -1 -1
 -1 -1 -1 -1 -1 -1  1] [ 3 10 11 18 19 20 21 26 27 28 29 33 34 35 36 37 41 42 43 44 45 46 50 51
 52 53 54 57 59 60 61] [ 4183  8596  7907  3259  3545  9803 10235  3985  5339  2963  4858 12417
  3131  5039  3363 10157  3907  1725  9515  2484  5061  6097  2416  3008
  4214  3459  5278  3639 11626  3508  5892] [] 1716432406.4289827347
[-1 -1 -1 -1 -1 -1  1 -1  1 -1 -1  1 -1 -1 -1 -1 -1 -1 -1 -1 -1 -1 -1 -1
  1 -1 -1 -1 -1 -1 -1] [ 3 10 11 18 19 20 21 26 27 28 29 33 34 35 36 37 41 42 43 44 45 46 50 51
 52 53 54 57 59 60 61] [ 4324 11212  7912  3330  3595 10501 10192  4055  5333  3186  5842 12370
  3308  5065  3453 10483  4182  1786  9601  2781  5229  7096  2570  3165
  4209  3551  5380  4006 11913  3570  5934] [] 1716432406.4718954563
[-1 -1 -1 -1 -1  1 -1 -1 -1 -1 -1 -1 -1  1 -1 -1 -1 -1 -1 -1  1 -1 -1 -1
  1 -1 -1 -1  1 -1] [ 3 10 11 18 19 20 21 26 27 28 29 33 34 35 36 37 41 42 43 44 45 46 50 51
 52 53 54 57 60 61] [ 4366 12435  8155  3452  3678 10395 10289  4383  5367  3324  6086 12464
  3420  5061  3740 10558  4415  1834  9703  2865  5201  7178  2662  3320
  4175  3741  5522  4498  3540  5973] [] 1716432406.5147752762
[-1 -1 -1 -1 -1 -1 -1 -1 -1 -1 -1 -1  1 -1 -1 -1 -1 -1 -1 -1 -1 -1 -1 -1
 -1 -1 -1 -1 -1] [ 3 11 18 19 20 21 26 27 28 29 33 34 35 36 37 41 42 43 44 45 46 50 51 52
 53 54 57 60 61] [ 5487  8377  3698  3852 10757 10571  4831  5454  3590  6161 12536  3532
  5052  4085 10632  4831  1912  9842  3015  5264  8249  2787  3508  4282
  3906  5956  5234  3699  6001] [] 1716432406.5578022003
[-1 -1 -1 -1 -1 -1 -1 -1 -1 -1 -1 -1 -1 -1 -1 -1 -1 -1 -1 -1 -1 -1 -1 -1
 -1 -1 -1 -1] [11 18 19 20 21 26 27 28 29 33 34 35 36 37 41 42 43 44 45 46 50 51 52 53
 54 57 60 61] [ 8868  3981  4080 11807 10626  5619  5962  4254  6588 12544  3632  5092
  4570 10918  5640  2047 10078  3064  5510  8882  2794  3879  4531  4080
  6231  6528  3748  6045] [] 1716432406.6007452011
[-1 -1 -1  1 -1 -1 -1 -1 -1 -1 -1 -1  1 -1 -1 -1 -1 -1 -1 -1 -1 -1 -1 -1
 -1 -1 -1 -1] [11 18 19 20 21 26 27 28 29 33 34 35 36 37 41 42 43 44 45 46 50 51 52 53
 54 57 60 61] [ 9000  4164  4170 11802 10767  5981  5999  4686  6851 12772  3758  5228
  4528 15087  6140  2140 11607  3164  5821 11268  2939  4010  4735  4305
  7568  7903  3924  6140] [] 1716432406.6437332630
[-1 -1 -1 -1 -1 -1 -1 -1 -1 -1 -1 -1 -1 -1 -1 -1 -1 -1 -1 -1 -1 -1 -1 -1
 -1 -1 -1] [11 18 19 20 21 26 27 28 29 33 34 35 36 37 41 42 43 44 45 50 51 52 53 54
 57 60 61] [ 9075  4482  4502 12682 10932  6739  6108  5512  9082 13761  3942  5423
  4785 15114  7696  2244 14793  3334  5841  3283  4304  5282  4819 11918
  8267  4228  6184] [] 1716432406.6867511272
[-1 -1 -1 -1 -1 -1 -1 -1 -1 -1 -1 -1  1 -1 -1  1 -1 -1 -1 -1 -1 -1 -1 -1
 -1 -1] [11 18 19 20 21 26 27 28 29 34 35 36 37 41 42 43 44 45 50 51 52 53 54 57
 60 61] [ 9239  6039  5172 13044 11508  8263  6228  7335 10553  4622  5444  5486
 15039  8067  2442 14572  3577  5966  3415  4874  5623  5128 12383 13785
  4747  6396] [] 1716432406.7297616005
[-1 -1 -1 -1 -1 -1 -1 -1 -1 -1 -1 -1 -1  1 -1 -1 -1 -1 -1 -1 -1 -1] [11 18 19 20 26 27 28 29 34 35 36 41 42 43 44 45 50 51 52 53 60 61] [ 9386  7034  5645 13369  8456  6318  8212 10994  4870  5571  6113 10155
  2622 14521  3823  6201  3668  5030  6090  5176  5257  6634] [] 1716432406.7727541924
[-1 -1 -1 -1 -1 -1 -1 -1 -1 -1  1  1 -1 -1 -1 -1 -1 -1 -1 -1 -1 -1] [11 18 19 20 26 27 28 29 34 35 36 41 42 43 44 45 50 51 52 53 60 61] [ 9644  9760  6635 15231  8651  6467 11235 11348  4906  5807  6086 10050
  2722 14536  3962  6230  3980  5162  6837  5297  5714  6770] [] 1716432406.8159594536
[-1 -1 -1 -1 -1 -1  1 -1 -1 -1 -1 -1  1 -1 -1 -1 -1 -1 -1 -1 -1] [11 18 19 20 26 27 28 34 35 36 41 42 43 44 45 50 51 52 53 60 61] [ 9782 10676  7065 16381  8939  6737 11097  4986  5896  6551 11427  2877
 14434  4286  6793  4500  5228 10879  5701  7420  7045] [] 1716432406.8587930202
[ 1 -1 -1 -1 -1 -1 -1 -1  1 -1  1 -1 -1 -1 -1 -1 -1 -1 -1] [18 19 26 27 28 34 35 36 41 42 43 44 45 50 51 52 53 60 61] [10555  7481 12735  6741 11101  5106  6378  7960 11400  3071 14402  4798
  7674  4786  5317 14995  5956 14149  7236] [] 1716432406.9019651413
[-1 -1 -1  1 -1 -1 -1 -1 -1 -1 -1 -1 -1 -1 -1 -1 -1] [18 19 27 28 34 35 36 41 42 43 44 45 50 51 52 53 61] [10743  9325  6899 11047  5313  7481  8877 11773  3298 14578  5175  8993
  5073  5450 15107  7023  7653] [] 1716432406.9447641373
[-1 -1 -1 -1 -1 -1 -1 -1 -1 -1 -1 -1 -1 -1] [18 19 27 28 34 35 36 41 42 44 45 50 51 53] [10995  9937  7253 11249  7177  8542 10249 12222  3729  5637 10874  6728
  6652 11660] [] 1716432406.9877071381
[-1 -1 -1  1 -1 -1 -1 -1 -1 -1 -1 -1 -1 -1] [18 19 27 28 34 35 36 41 42 43 44 45 50 51] [11311 10025 10745 10986  8519  9043 14206 12509  4316 15744  7657 11547
  7600  6972] [] 1716432407.0307102203
[-1 -1 -1 -1 -1 -1 -1 -1 -1 -1 -1] [18 19 27 28 34 35 36 42 44 50 51] [11629 10476 12529 11605  8823 11586 14717  4639  9227  8346  7133] [] 1716432407.0736434460
[-1 -1 -1 -1 -1 -1 -1 -1 -1 -1] [18 19 27 28 34 35 42 44 50 51] [11820 10715 13525 11945 10071 11888  4862 10639  8597  8585] [] 1716432407.1166577339
[-1 -1 -1 -1 -1  1 -1 -1 -1  1] [18 19 27 28 34 35 42 44 50 51] [11948 10879 13755 12596 10448 11699  5418 12253  8731  8461] [] 1716432407.1596715450
[ 1 -1 -1 -1 -1 -1  1] [27 34 35 42 44 50 51] [13176 13256 13178  5922 12417  8765  8335] [] 1716432407.2026519775
[ 1 -1 -1 -1  1] [27 35 42 50 51] [13123 15896  6401  8798  8200] [] 1716432407.2456531525
[ 1 -1 -1] [27 42 50] [12931  9408  9514] [] 1716432407.2886419296
[ 1 -1 -1] [27 42 50] [12685 10372  9860] [] 1716432407.3316378593
[ 1 -1] [42 50] [10323 10246] [] 1716432407.3746116161
[1] [42] [9945] [] 1716432407.4175925255
[-1] [42] [10804] [] 1716432407.4605696201
[-1] [42] [11135] [] 1716432407.5036637783
[-1] [42] [11231] [] 1716432407.5466949940
[-1] [44] [13855] [] 1716432407.6316180229
[1] [44] [12793] [] 1716432407.6745913029
2 2 2 1716432407.7677435875
