FA TAX ADC PRES TS
[-1] [42] [13141] [] 1716432703.4089715481
[1] [42] [12340] [] 1716432703.4519524574
[1] [42] [11955] [] 1716432703.4950058460
[1] [42] [11744] [] 1716432703.5381386280
[1] [42] [8453] [] 1716432703.5811054707
[1] [42] [7689] [] 1716432703.6239409447
[-1 -1 -1] [42 44 50] [ 8852 13468 10744] [] 1716432703.6669657230
[1 1 1] [42 44 50] [ 8323 13021  9631] [] 1716432703.7099833488
[-1  1  1  1] [35 42 44 50] [16165  8201 12529  9131] [] 1716432703.7529561520
[1 1 1 1] [35 42 44 50] [15640  7649 10349  8781] [] 1716432703.7960381508
[-1 -1  1  1 -1] [19 35 42 44 50] [11185 15990  6748 10031  8956] [] 1716432703.8390638828
[ 1  1  1 -1 -1] [19 35 42 44 50] [10902 15112  6591 10368  9278] [] 1716432703.8820664883
[-1 -1 -1 -1 -1  1  1  1] [19 27 28 34 35 42 44 50] [11367 15468 13214 11910 15442  5633  9465  8131] [] 1716432703.9251201153
[-1  1  1  1  1  1  1  1] [19 27 28 34 35 42 44 50] [11458 12849 12546 11475 14872  5185  8487  6443] [] 1716432703.9681251049
[ 1 -1  1  1  1  1  1 -1 -1] [19 27 28 34 35 42 44 45 50] [11065 13533 12157  9338 13929  4742  7110 12663  6451] [] 1716432704.0111074448
[-1  1  1  1  1  1  1  1  1] [19 27 28 34 35 42 44 45 50] [11071 13316 12130  8287  9914  4591  6638 11880  5976] [] 1716432704.0540294647
[-1 -1 -1  1  1  1  1  1  1  1] [18 19 27 28 34 35 42 44 45 50] [12453 11104 13632 11932  7976  9802  4477  6228 11868  5737] [] 1716432704.0970327854
[ 1  1 -1  1  1  1  1  1  1  1  1 -1 -1] [18 19 26 27 28 34 35 42 44 45 50 52 53] [12288 11031 14280 13469 11900  7399  9594  4124  5833 11848  5487 15183
 10314] [] 1716432704.1400446892
[ 1  1  1  1  1  1  1  1 -1  1  1 -1  1  1 -1] [18 19 26 27 28 34 35 42 44 45 50 51 52 53 60] [12130 10647 12234 12421 11702  6988  9447  4004  5953 11612  5401 11810
 13425  9444 11650] [] 1716432704.1832253933
[-1 -1  1  1 -1  1  1  1  1  1  1  1  1  1  1 -1] [18 19 26 27 28 34 35 42 44 45 50 51 52 53 60 61] [12207 10711 11794 11058 11800  6878  9418  3862  5716 11593  5243 11623
 12206  9028  9351  8746] [] 1716432704.2262272835
[1 1 1 1 1 1 1 1 1 1 1 1 1 1 1 1] [18 19 26 27 28 34 35 42 44 45 50 51 52 53 60 61] [12090 10659 10078 10643 11559  6561  9248  3528  5213 11295  4746  9146
  9065  7832  8599  8112] [] 1716432704.2692341805
[1 1 1 1 1 1 1 1 1 1 1 1 1 1 1 1] [18 19 26 27 28 34 35 42 44 45 50 51 52 53 60 61] [11842  8730  9625 10197 11402  6239  9067  3330  4754 11093  4158  8676
  8626  7620  8168  7353] [] 1716432704.3122978210
[ 1  1  1  1  1  1 -1 -1  1  1  1  1  1  1  1  1  1] [18 19 26 27 28 34 35 41 42 44 45 50 51 52 53 60 61] [11713  8332  9223  7657 11355  6057  9128 14463  3250  4598  8691  3940
  7691  8175  6918  7790  7079] [] 1716432704.3551669121
[ 1 -1  1  1  1  1  1  1  1  1 -1  1  1  1  1  1  1] [18 19 26 27 28 34 35 41 42 44 45 50 51 52 53 60 61] [11612  8381  9007  7477 11277  5769  8983 12495  3127  4190  9117  3735
  7313  6734  6536  6823  6721] [] 1716432704.3982577324
[ 1  1  1  1  1  1  1  1  1  1 -1  1  1 -1  1  1  1] [18 19 26 27 28 34 35 41 42 44 45 50 51 52 53 60 61] [11319  8060  8671  7107 11071  5239  8565 12395  2958  4043  9341  3708
  7243  6742  6165  6355  6562] [] 1716432704.4412446022
[-1 -1  1  1  1  1  1  1  1  1  1  1  1  1  1  1  1  1] [11 18 19 26 27 28 34 35 41 42 44 45 50 51 52 53 60 61] [11047 11355  7807  7950  7018 11065  4786  7275 12155  2765  3862  6670
  3515  7058  5881  5953  6096  6381] [] 1716432704.4842259884
[ 1  1  1 -1  1  1  1 -1  1  1 -1  1  1 -1  1  1  1  1  1 -1 -1  1 -1] [11 18 19 20 26 27 28 29 34 35 36 41 42 44 45 50 51 52 53 54 59 60 61] [10312 11018  7195 16217  6713  6851 11037 11370  4575  6984 15533 12005
  2621  3898  6631  3438  7002  5761  5285 12711 14301  5982  6501] [] 1716432704.5272283554
[ 1  1  1  1  1  1 -1  1  1 -1  1  1  1 -1  1 -1  1 -1 -1  1  1  1  1  1] [11 18 19 20 26 27 28 29 34 35 36 41 42 43 44 45 50 51 52 53 54 59 60 61] [ 9963  9404  6217 15607  6341  6753 11243 11004  4288  7114 10906 11926
  2567 14282  3718  7625  3258  7010  5818  5200 12030 10472  5634  6329] [] 1716432704.5702192783
[ 1  1  1  1  1  1  1  1  1 -1  1  1  1  1  1  1  1  1  1  1  1  1  1  1] [11 18 19 20 26 27 28 29 34 35 36 41 42 43 44 45 50 51 52 53 54 59 60 61] [ 9795  9337  5890 14012  5978  6621 11163 10651  3902  7756  9697 10643
  2435 13287  3538  6343  3199  6941  5746  5048  7666  9444  5475  6213] [] 1716432704.6131906509
[ 1  1  1  1 -1  1  1  1  1  1  1  1  1  1  1  1  1  1  1  1  1  1  1  1
  1] [11 18 19 20 21 26 27 28 29 34 35 36 41 42 43 44 45 50 51 52 53 54 59 60
 61] [ 9712  9041  5495 13303 12739  5299  6554 10990 10646  3617  7216  8523
 10270  2314 12111  3294  5957  3115  6884  5264  4817  7436  8108  4898
  6117] [] 1716432704.6562273502
[1 1 1 1 1 1 1 1 1 1 1 1 1 1 1 1 1 1 1 1 1 1 1 1 1] [11 18 19 20 21 26 27 28 29 34 35 36 41 42 43 44 45 50 51 52 53 54 59 60
 61] [ 9491  7309  5155 12830 11522  4901  6219 10907 10620  3469  6911  8147
 10206  2246 12039  3236  5885  2957  6611  5115  4783  6360  7575  4534
  6113] [] 1716432704.6992275715
[ 1  1  1  1  1  1  1  1 -1  1  1  1  1  1  1  1  1 -1  1  1 -1  1  1  1
  1 -1] [11 18 19 20 21 26 27 28 29 34 35 36 41 42 43 44 45 46 50 51 52 53 54 59
 60 61] [ 9345  6105  4895 12709 11106  4743  6106  8887 10724  3269  6851  7732
  9994  2127 11672  3112  5874 11977  2806  6171  5207  4655  6211  7085
  4262  6122] [] 1716432704.7422335148
[ 1  1  1  1  1  1  1  1  1  1  1  1 -1  1  1  1  1  1  1  1  1  1  1  1
  1  1 -1] [11 18 19 20 21 26 27 28 29 34 35 36 37 41 42 43 44 45 46 50 51 52 53 54
 59 60 61] [ 9323  5636  4547 12648 11011  4419  6031  7466 10623  3167  6338  6948
 16341  9787  2111 10627  2970  5801  9275  2556  5505  4961  4503  5464
  6452  4180  6128] [] 1716432704.7851994038
[-1  1  1  1  1  1  1  1  1  1  1  1  1  1  1  1  1 -1  1  1  1 -1 -1  1
  1  1  1  1] [10 11 18 19 20 21 26 27 28 29 34 35 36 37 41 42 43 44 45 46 50 51 52 53
 54 59 60 61] [12296  9261  5098  4318 12557 10956  4167  5966  6865 10265  2962  5872
  6039 15288  9556  2037 10413  2971  5671  9213  2495  5521  5077  4208
  5242  6143  4050  6066] [] 1716432704.8281791210
[ 1  1  1  1  1  1  1  1  1  1  1  1  1  1  1  1  1  1  1  1  1  1  1  1
  1  1  1 -1] [10 11 18 19 20 21 26 27 28 29 34 35 36 37 41 42 43 44 45 46 50 51 52 53
 54 59 60 61] [11022  9170  5004  4179 12533 10680  4007  5867  6174 10124  2915  5863
  5794 14889  8663  1914 10140  2809  5452  8607  2351  4925  4746  3924
  4916  5268  3920  6068] [] 1716432704.8712120056
[-1  1 -1  1  1  1  1  1  1  1  1  1  1  1 -1  1  1  1  1  1  1  1  1  1
  1 -1 -1 -1  1  1 -1] [ 3 10 11 18 19 20 21 26 27 28 29 34 35 36 37 41 42 43 44 45 46 50 51 52
 53 54 55 57 59 60 61] [ 8041  9511  9215  4745  4078 12229 10617  3791  5667  4703  9988  2712
  5579  5354 15152  7284  1836  9923  2703  5334  7373  2158  4288  4616
  3770  4966  8675 11965  5001  3858  6156] [] 1716432704.9141242504
[ 1  1  1  1  1  1  1  1  1  1  1  1  1  1  1  1  1  1  1  1 -1  1  1 -1
 -1  1  1  1  1  1  1] [ 3 10 11 18 19 20 21 26 27 28 29 34 35 36 37 41 42 43 44 45 46 50 51 52
 53 54 55 57 59 60 61] [ 7080  9011  9171  4523  3951 12002 10571  3447  5665  4216  9564  2608
  5443  5325 14733  5992  1826  8865  2480  5302  8423  2093  4209  4761
  3826  4843  7281 10763  4626  3744  6152] [] 1716432704.9572279453
[ 1  1  1  1  1  1  1  1  1  1  1  1  1  1  1  1  1 -1  1  1  1  1  1  1
  1  1  1  1  1  1  1] [ 3 10 11 18 19 20 21 26 27 28 29 34 35 36 37 41 42 43 44 45 46 50 51 52
 53 54 55 57 59 60 61] [ 5862  8730  9132  4013  3817 11918 10527  3391  5590  3952  8009  2504
  5103  4716 14640  5660  1763  8910  2446  5214  7067  1986  4071  4593
  3583  4778  6191  8983  4450  3477  6147] [] 1716432705.0002059937
[ 1  1  1  1  1  1 -1  1  1  1  1  1  1  1  1  1  1 -1  1 -1  1  1  1  1
  1  1  1  1  1  1  1] [ 3 10 11 18 19 20 21 26 27 28 29 34 35 36 37 41 42 43 44 45 46 50 51 52
 53 54 55 57 59 60 61] [ 4781  8594  8406  3723  3650 11231 10699  3167  5513  3604  6300  2376
  4789  4650 14242  5256  1698  9553  2326  5273  7058  1922  4061  4340
  3304  4722  5513  7263  4154  3392  6074] [] 1716432705.0431923866
[ 1  1  1  1  1  1  1  1  1  1  1  1  1  1 -1  1  1  1  1  1  1  1  1  1
  1  1  1  1  1  1  1 -1] [ 3 10 11 18 19 20 21 26 27 28 29 34 35 36 37 41 42 43 44 45 46 50 51 52
 53 54 55 57 59 60 61 62] [ 4490  7838  8310  3570  3559 11202 10573  3023  5418  3356  5726  2262
  4546  4192 14370  4567  1640  8624  2249  4821  6900  1883  3963  4049
  2993  4474  4831  5586  3785  3372  6069 14984] [] 1716432705.0862753391
[ 1  1  1  1  1 -1 -1  1  1  1  1  1  1  1  1  1  1  1  1  1 -1 -1  1  1
 -1  1 -1  1  1  1 -1 -1  1] [ 3 10 11 18 19 20 21 26 27 28 29 34 35 36 37 41 42 43 44 45 46 47 50 51
 52 53 54 55 57 59 60 61 62] [ 4403  7733  8133  3500  3473 11218 10712  2931  5189  3200  5358  2199
  4401  4186 14112  4458  1608  8179  2187  4719  6927 15576  1802  3922
  4086  2840  4625  4830  4932  3591  3446  6110 14524] [] 1716432705.1292355061
[-1  1  1  1 -1  1  1  1  1  1  1  1  1  1  1  1  1 -1 -1  1  1  1  1 -1
  1 -1  1  1  1  1  1  1 -1] [ 3 10 11 18 19 20 21 26 27 28 29 34 35 36 37 41 42 43 44 45 46 47 50 51
 52 53 54 55 57 59 60 61 62] [ 4419  7305  8034  3443  3479 10968 10608  2887  5109  3125  5348  2146
  4284  4078 13510  4380  1586  8374  2195  4360  6815 15322  1778  3940
  3946  2888  4437  4800  4651  3472  3407  6096 14529] [] 1716432705.1722607613
[ 1  1  1  1  1  1  1  1  1  1  1  1 -1  1  1  1  1  1 -1  1  1  1  1  1
  1 -1 -1  1  1 -1  1 -1  1] [ 3 10 11 18 19 20 21 26 27 28 29 34 35 36 37 41 42 43 44 45 46 47 50 51
 52 53 54 55 57 59 60 61 62] [ 4343  7286  7359  3367  3423 10721 10518  2815  5098  3052  5231  2140
  4296  3990 12816  4355  1576  8196  2201  3990  6759 15237  1768  3888
  3914  2892  4469  4714  4581  3478  3403  6099 14264] [] 1716432705.2151918411
[-1 -1  1  1  1  1 -1  1  1  1  1  1  1 -1  1  1  1 -1  1  1 -1  1 -1 -1
  1  1  1 -1  1  1  1  1 -1] [ 3 10 11 18 19 20 21 26 27 28 29 34 35 36 37 41 42 43 44 45 46 47 50 51
 52 53 54 55 57 59 60 61 62] [ 4370  7355  7242  3365  3351 10703 10556  2791  5089  3048  5128  2120
  4278  4060 11634  4352  1570  8252  2191  3917  6763 15226  1783  3917
  3848  2874  4384  4752  4499  3393  3346  6078 14378] [] 1716432705.2582433224
[ 1  1 -1  1  1  1  1  1  1  1 -1 -1  1  1  1 -1 -1  1  1 -1  1 -1  1 -1
  1  1 -1 -1 -1 -1  1] [ 3 10 11 18 19 20 21 26 27 28 29 34 35 36 37 41 42 43 44 45 46 50 51 52
 53 54 55 57 59 60 61] [ 4286  7214  7320  3359  3349 10641 10453  2751  5058  3039  5136  2121
  4261  4006 11571  4454  1595  8206  2154  4604  6739  1791  3881  3851
  2839  4299  4851  4743  3605  3348  6011] [] 1716432705.3010725975
[-1 -1 -1 -1  1  1  1 -1 -1 -1  1 -1  1  1  1 -1 -1 -1 -1 -1 -1 -1 -1 -1
 -1 -1 -1 -1 -1 -1 -1] [ 3 10 11 18 19 20 21 26 27 28 29 34 35 36 37 41 42 43 44 45 46 50 51 52
 53 54 55 57 59 60 61] [ 4314  7296  8017  3407  3322 10485 10376  2773  5129  3105  5128  2137
  4246  3986 11374  5060  1669  8214  2187  4987  6859  1849  3906  4049
  3182  4686  6563  6207  4091  3394  6073] [] 1716432705.3440694809
[-1 -1  1 -1 -1 -1  1 -1 -1 -1 -1 -1 -1 -1  1 -1  1 -1 -1 -1 -1 -1 -1 -1
 -1 -1 -1 -1 -1 -1  1] [ 3 10 11 18 19 20 21 26 27 28 29 34 35 36 37 41 42 43 44 45 46 50 51 52
 53 54 55 57 59 60 61] [ 4437  7413  7964  3453  3402 10620 10334  2871  5149  3186  5269  2202
  4372  4111 11324  5078  1656  8337  2233  5008  6983  1869  3974  4055
  3236  4711  8088  7010  4255  3416  6009] [] 1716432705.3870348930
[ 1 -1 -1 -1 -1  1 -1 -1 -1 -1 -1 -1 -1 -1 -1 -1 -1 -1 -1 -1 -1 -1 -1 -1
 -1  1 -1 -1 -1  1] [ 3 10 11 18 19 20 21 26 27 28 29 34 35 36 37 41 42 43 44 45 46 50 51 52
 53 54 57 59 60 61] [ 4417  7700  8009  3493  3477 10496 10350  2975  5353  3286  5380  2267
  4400  4156 11527  5397  1721  8428  2326  5112  6995  1956  4027  4196
  3352  4547  8042  4600  3519  5934] [] 1716432705.4300508499
[-1 -1 -1 -1 -1 -1  1 -1  1 -1 -1 -1 -1 -1 -1 -1 -1 -1 -1 -1 -1 -1 -1 -1
 -1 -1 -1 -1 -1 -1] [ 3 10 11 18 19 20 21 26 27 28 29 34 35 36 37 41 42 43 44 45 46 50 51 52
 53 54 57 59 60 61] [ 5517  8141  8349  3759  3526 11041 10297  3035  5346  3484  8116  2322
  4507  4376 12152  5933  1760  8639  2357  5200  7065  2027  4170  4441
  3486  4861  8882  5044  3801  6002] [] 1716432705.4730312824
[-1 -1 -1 -1 -1 -1  1 -1 -1 -1 -1 -1 -1 -1 -1 -1 -1 -1 -1 -1 -1 -1 -1 -1
 -1 -1 -1 -1 -1  1] [ 3 10 11 18 19 20 21 26 27 28 29 34 35 36 37 41 42 43 44 45 46 50 51 52
 53 54 57 59 60 61] [ 7456  8457  9141  4505  3715 11216 10264  3316  5407  3680  9416  2491
  4692  4465 14730  7180  1856  8686  2501  5308  9381  2340  4863  4606
  3696  5076 12105  5580  3862  5979] [] 1716432705.5160944462
[-1  1 -1 -1 -1 -1 -1 -1 -1 -1 -1 -1 -1 -1 -1 -1 -1 -1 -1 -1 -1  1 -1 -1
 -1 -1 -1 -1] [10 11 18 19 20 21 26 27 28 29 34 35 36 37 41 42 43 44 45 50 51 52 53 54
 57 59 60 61] [ 9606  9083  4829  3815 11446 10404  3526  5458  4134  9701  2639  4960
  4676 14756  8781  1949 10481  2516  5545  2451  4883  4292  3823  5273
 16112  6837  4047  5990] [] 1716432705.5592343807
[-1 -1 -1 -1 -1 -1 -1 -1 -1 -1 -1 -1 -1 -1 -1 -1 -1 -1 -1 -1 -1 -1 -1 -1
 -1 -1 -1] [10 11 18 19 20 21 26 27 28 29 34 35 36 37 41 42 43 44 45 50 51 52 53 54
 59 60 61] [12523  9093  4965  3926 11554 10474  3737  5544  5012  9918  2810  5292
  5163 14827  8867  1960 11600  2568  5605  2543  4909  4362  3875  7159
  6890  4087  6078] [] 1716432705.6021568775
[ 1 -1 -1 -1 -1 -1 -1 -1 -1 -1 -1 -1  1 -1 -1 -1 -1 -1 -1 -1 -1 -1 -1 -1
 -1  1] [11 18 19 20 21 26 27 28 29 34 35 36 37 41 42 43 44 45 50 51 52 53 54 59
 60 61] [ 9001  5389  3951 11773 10543  3803  5703  5757 10033  2893  5393  5655
 14732  9770  2104 11738  2867  5738  2960  5070  4957  4104 12388  7870
  4359  6037] [] 1716432705.6451797485
[-1 -1 -1 -1 -1 -1 -1 -1 -1 -1 -1 -1 -1 -1 -1 -1 -1 -1 -1 -1 -1 -1 -1 -1
 -1 -1] [11 18 19 20 21 26 27 28 29 34 35 36 37 41 42 43 44 45 50 51 52 53 54 59
 60 61] [ 9276  5951  4192 12288 10963  4409  5796  7538 10594  3104  5464  6132
 15231  9847  2203 11825  2970  5884  3050  5465  5007  4650 12611  9015
  4444  6134] [] 1716432705.6880102158
[-1 -1 -1 -1 -1 -1 -1 -1 -1 -1  1 -1 -1 -1 -1 -1 -1 -1 -1  1  1 -1 -1  1] [11 18 19 20 21 26 27 28 29 34 35 36 41 42 43 44 45 50 51 52 53 59 60 61] [ 9384  7145  4338 12525 11866  4825  5899  9865 10735  3223  5447  6310
 10099  2304 12016  3199  5904  3105  6534  4785  4424  9644  4594  6120] [] 1716432705.7309727669
[-1 -1 -1 -1 -1 -1 -1  1 -1 -1 -1 -1 -1 -1 -1 -1 -1 -1 -1 -1 -1 -1] [11 18 19 20 26 27 28 29 34 35 36 41 42 44 45 50 51 52 53 59 60 61] [ 9514 10471  4796 12977  5509  6009 10676 10668  3477  5474  6922 11043
  2439  3422  6211  3279  6686  5838  4783 13155  5178  6424] [] 1716432705.7739913464
[-1 -1 -1 -1 -1 -1  1 -1 -1 -1 -1 -1 -1 -1 -1 -1 -1 -1 -1 -1 -1] [11 18 19 20 26 27 28 29 34 35 36 41 42 44 45 50 51 52 53 60 61] [10095 10800  5351 13888  6299  6349 10665 11250  3704  5717  8777 11850
  2585  3587 10157  3765  7482  6767  5410  5491  6584] [] 1716432705.8169739246
[-1 -1 -1 -1 -1  1 -1 -1 -1 -1 -1 -1 -1 -1 -1  1 -1 -1 -1] [18 19 20 26 27 28 34 35 36 41 42 44 45 50 51 52 53 60 61] [11012  6060 15282  8298  6387 10545  4085  6077 12734 12007  2855  3887
 10350  3935  7575  6679  5673  6281  6956] [] 1716432705.8599903584
[-1 -1 -1 -1 -1 -1 -1 -1 -1 -1 -1 -1  1 -1 -1 -1 -1 -1 -1] [18 19 20 26 27 28 34 35 36 41 42 44 45 50 51 52 53 60 61] [11237  7851 16116  8633  6754 10799  4461  6261 14373 12416  3326  4548
  8420  4598  8341 10952  6306  7070  7501] [] 1716432705.9029974937
[-1 -1 -1 -1 -1 -1 -1 -1 -1 -1 -1 -1 -1 -1 -1] [18 19 26 27 28 34 35 42 44 45 50 51 52 53 60] [11911  8279  9109  8529 10860  5385  7366  3847  5190 10988  5262  8793
 12183  8587  8372] [] 1716432705.9460613728
[-1 -1 -1  1 -1  1 -1 -1 -1 -1 -1 -1 -1 -1] [19 26 27 28 34 35 42 44 45 50 51 52 53 60] [10083  9280 11129 10831  5900  6661  4207  5516 11364  5920 12036 12485
 12013  9567] [] 1716432705.9890425205
[-1 -1 -1 -1 -1 -1 -1  1  1  1 -1] [19 26 27 28 34 35 42 44 45 50 52] [10512 11270 12866 11043  6082  7373  4552  5306 11320  5460 14888] [] 1716432706.0320608616
[-1 -1  1 -1 -1 -1 -1 -1] [26 27 28 34 35 42 44 50] [11519 13074 10859  6241  8133  5004  5422  6126] [] 1716432706.0749468803
[-1 -1 -1 -1 -1 -1 -1 -1] [26 27 28 34 35 42 44 50] [11691 13331 11114  6575  8327  5966  6240  6155] [] 1716432706.1178972721
[-1 -1 -1 -1 -1 -1 -1 -1] [26 27 28 34 35 42 44 50] [12799 13451 11304  6808  9207  7421  8947  6340] [] 1716432706.1609034538
[-1 -1 -1 -1 -1 -1] [28 34 35 42 44 50] [11644  9005  9427  7477  9555  7297] [] 1716432706.2039477825
[-1 -1 -1 -1  1 -1] [28 34 35 42 44 50] [12005 15703 13089  7496  9364  8693] [] 1716432706.2468984127
[-1 -1  1] [42 44 50] [ 8479 11830  8214] [] 1716432706.2898530960
[-1 -1 -1] [42 44 50] [10025 12990  9066] [] 1716432706.3328459263
[-1 -1] [42 50] [11385  9547] [] 1716432706.3758385181
[1] [42] [11227] [] 1716432706.4188492298
[-1] [42] [11897] [] 1716432706.4618401527
2 2 2 1716432706.7340667248
