FA TAX ADC PRES TS
[1 1] [42 50] [10101 10055] [] 1716432827.2004210949
[ 1 -1] [42 50] [ 9995 10098] [] 1716432827.2434909344
[-1 -1  1] [42 44 50] [ 9999 13183 10040] [] 1716432827.2865254879
[1 1 1] [42 44 50] [ 9723 12811 10011] [] 1716432827.3294870853
[1 1 1] [42 44 50] [ 9573 12689  9737] [] 1716432827.3723943233
[1 1 1] [42 44 50] [ 9466 12290  9677] [] 1716432827.4155113697
[ 1  1 -1 -1] [42 44 50 51] [ 8541 12287  9803 11187] [] 1716432827.4583210945
[1 1 1 1] [42 44 50 51] [ 8291 12261  9756  9347] [] 1716432827.5014472008
[1 1 1 1] [42 44 50 51] [ 8069 10040  7410  8713] [] 1716432827.5443828106
[ 1  1  1 -1] [42 44 50 51] [7861 9776 7291 8756] [] 1716432827.5873756409
[-1 -1  1  1 -1  1  1] [27 34 42 44 45 50 51] [14167 12831  7751  9773 12428  7135  8707] [] 1716432827.6304392815
[ 1  1  1  1  1 -1  1] [27 34 42 44 45 50 51] [12010  9526  6271  8620 11521  7226  8560] [] 1716432827.6735165119
[ 1  1  1 -1 -1 -1 -1 -1] [27 34 42 44 45 50 51 53] [10764  9054  6105  8643 11771  7233  8563 13463] [] 1716432827.7164897919
[ 1 -1  1  1  1  1  1  1  1] [27 28 34 42 44 45 50 51 53] [ 9838 13546  7759  5853  7559  8696  6774  7980  9373] [] 1716432827.7593507767
[1 1 1 1 1 1 1 1 1] [27 28 34 42 44 45 50 51 53] [ 9791 12657  7064  5480  7056  7577  6203  7333  7604] [] 1716432827.8022823334
[1 1 1 1 1 1 1 1 1] [27 28 34 42 44 45 50 51 53] [ 9160 12079  6905  4891  6136  7411  6054  7006  6264] [] 1716432827.8452167511
[-1 -1  1  1  1  1  1  1  1 -1  1] [18 27 28 34 42 44 45 50 51 52 53] [11804  9245 11785  6903  4540  5599  7398  5707  6866 16184  5739] [] 1716432827.8883330822
[ 1 -1  1 -1  1  1  1  1  1  1  1  1] [18 19 27 28 34 42 44 45 50 51 52 53] [11691 11091  8695 11862  6857  4316  5191  7386  5104  6728 15513  5434] [] 1716432827.9312405586
[ 1  1  1  1  1  1  1 -1  1  1  1  1 -1 -1] [18 19 27 28 34 42 44 45 50 51 52 53 60 61] [11524 10800  8470 11661  6597  4067  5005  7473  4933  6206 13996  5321
 11069  8379] [] 1716432827.9742660522
[ 1  1  1 -1  1 -1 -1  1  1  1  1  1  1  1  1  1] [18 19 27 28 34 36 41 42 44 45 50 51 52 53 60 61] [11279 10760  8387 11672  6545 16327 12717  3690  4475  6847  4405  5514
 12329  4871  7964  7672] [] 1716432828.0172190666
[ 1  1  1  1  1 -1  1  1  1  1  1  1  1  1  1  1  1] [18 19 27 28 34 35 36 41 42 44 45 50 51 52 53 60 61] [ 9709 10482  7701 11661  6326 15372 16252 12663  3510  4264  6645  4354
  5424 11340  4749  6965  7602] [] 1716432828.0602185726
[-1  1 -1  1  1  1  1  1  1  1 -1  1  1  1  1  1  1  1  1] [18 19 26 27 28 34 35 36 41 42 43 44 45 50 51 52 53 60 61] [10733 10422 13856  7601 11522  6154 15087 16101 12495  3258 15474  3987
  6343  4082  5066 10379  4469  6293  7231] [] 1716432828.1033775806
[-1  1 -1  1  1  1  1  1  1  1  1  1  1  1  1  1  1  1  1  1] [18 19 20 26 27 28 34 35 36 41 42 43 44 45 50 51 52 53 60 61] [10755 10186 15197 13144  7203 11309  4954 13467 15767 12381  3088 14465
  3766  5861  3897  4607  9687  3992  5638  6851] [] 1716432828.1463692188
[-1  1  1  1 -1  1 -1  1  1  1 -1 -1  1 -1  1  1 -1  1  1  1  1  1] [11 18 19 20 21 26 27 28 34 35 36 41 42 43 44 45 50 51 52 53 60 61] [12787  8328 10138 14393 11788 12800  7951 11287  4415 11097 15771 12395
  2995 14654  3688  5751  3970  4492  9566  3875  5023  6748] [] 1716432828.1892983913
[ 1 -1 -1 -1  1  1  1 -1 -1  1 -1  1  1  1 -1  1  1  1  1  1  1  1  1] [11 18 19 20 21 26 27 28 29 34 35 36 41 42 43 44 45 50 51 52 53 60 61] [10731  8354 10178 14634 11621 12612  7941 11356 12071  4198 11188 15659
  9634  2716 15235  3421  5505  3582  4072  9306  3526  4715  6584] [] 1716432828.2322344780
[ 1  1  1  1  1  1  1  1  1  1  1 -1  1  1  1  1  1  1  1 -1  1 -1  1  1] [11 18 19 20 21 26 27 28 29 34 35 36 41 42 43 44 45 50 51 52 53 54 60 61] [ 9865  8039  9873 13700 11164 10073  7125 11147 11539  3769 10470 15712
  9307  2609 15021  3342  5245  3406  3794  9380  3519 12289  4491  6485] [] 1716432828.2753458023
[ 1  1  1  1  1  1  1  1  1  1  1  1 -1  1 -1  1  1  1  1  1  1  1  1  1] [11 18 19 20 21 26 27 28 29 34 35 36 41 42 43 44 45 50 51 52 53 54 60 61] [ 9666  7892  9733 13375 10879  8151  7091 10931  9508  3583  8885 15579
  9365  2548 15398  3259  5014  3323  3708  8944  3381 12245  4312  6409] [] 1716432828.3182780743
[ 1 -1  1  1  1  1  1  1  1  1  1  1  1  1  1  1  1  1  1  1  1  1  1  1] [11 18 19 20 21 26 27 28 29 34 35 36 41 42 43 44 45 50 51 52 53 54 60 61] [ 9532  7926  7946 12817 10860  6370  7050 10862  9344  3444  8612 15425
  6684  2388 12591  3101  4999  3195  3572  8876  3120 10519  3884  6333] [] 1716432828.3612966537
[1 1 1 1 1 1 1 1 1 1 1 1 1 1 1 1 1 1 1 1 1 1 1 1] [11 18 19 20 21 26 27 28 29 34 35 36 41 42 43 44 45 50 51 52 53 54 60 61] [ 9330  6721  7395 10584 10812  5709  6862 10826  9039  3103  8149 11449
  6012  2287 10602  2823  4502  2963  3531  8733  3021  9163  3771  6247] [] 1716432828.4043385983
[ 1  1  1  1  1  1  1 -1 -1  1  1 -1  1  1 -1  1  1  1  1  1  1 -1  1  1] [11 18 19 20 21 26 27 28 29 34 35 36 41 42 43 44 45 50 51 52 53 54 60 61] [ 8378  6457  6867 10127 10798  4956  6632 10857  9087  2915  8059 11967
  5641  2190 10814  2823  4348  2843  3380  8628  2920  9213  3721  6186] [] 1716432828.4473910332
[ 1  1  1  1  1  1 -1  1  1  1  1  1 -1  1  1  1  1  1  1  1  1  1  1 -1
  1  1] [11 18 19 20 21 26 27 28 29 34 35 36 37 41 42 43 44 45 50 51 52 53 54 57
 60 61] [ 8242  6319  6345  7639 10730  4741  6683  8536  8991  2796  8023 11116
 16351  4620  2120  9814  2696  3979  2701  3111  8579  2704  9152 12301
  3445  6122] [] 1716432828.4905514717
[-1  1  1  1  1  1  1  1  1 -1  1  1  1  1  1  1 -1  1  1  1  1  1  1  1
 -1  1  1] [ 3 11 18 19 20 21 26 27 28 29 34 35 36 37 41 42 43 44 45 50 51 52 53 54
 57 60 61] [ 7687  7030  5783  6050  7184 10636  4411  6237  6734  9115  2676  7359
  9331 13193  4316  2056  9890  2606  3821  2589  2930  8498  2669  8931
 12672  3311  6090] [] 1716432828.5334877968
[ 1  1  1  1  1  1  1  1  1  1  1  1  1  1  1  1 -1  1  1  1  1  1  1  1
  1  1  1] [ 3 11 18 19 20 21 26 27 28 29 34 35 36 37 41 42 43 44 45 50 51 52 53 54
 57 60 61] [ 5964  6417  5452  5574  6579 10485  4086  5816  5659  9002  2586  6891
  9128 13112  4076  1988  9919  2504  3646  2543  2853  8464  2570  8757
 10633  3276  6060] [] 1716432828.5766417980
[ 1  1  1  1  1 -1  1  1  1  1  1  1  1  1 -1  1  1 -1  1  1  1  1  1  1
  1 -1 -1  1 -1] [ 3 11 18 19 20 21 26 27 28 29 34 35 36 37 38 41 42 43 44 45 50 51 52 53
 54 55 57 60 61] [ 5802  6179  5355  4965  6448 10603  3951  5772  5229  8914  2547  6578
  8894 12974 11255  3797  1894  9974  2457  3357  2376  2719  8458  2504
  7710 10591 11709  3221  6078] [] 1716432828.6196339130
[ 1  1  1  1  1  1  1  1  1 -1  1  1  1  1  1  1  1  1  1  1  1  1  1  1
  1  1  1  1  1] [ 3 11 18 19 20 21 26 27 28 29 34 35 36 37 38 41 42 43 44 45 50 51 52 53
 54 55 57 60 61] [ 4705  5243  4813  4553  6246 10538  3679  5719  4943  8992  2408  6164
  7759 12946 10488  3678  1848  9781  2428  3125  2250  2622  8177  2480
  7301  8491  8894  3087  6078] [] 1716432828.6633586884
[ 1  1  1  1  1  1  1  1  1 -1  1  1  1 -1  1  1  1  1  1  1 -1  1  1 -1
 -1  1  1  1  1 -1 -1] [ 3 11 18 19 20 21 26 27 28 29 34 35 36 37 38 41 42 43 44 45 46 50 51 52
 53 54 55 57 60 61 62] [ 3951  4561  4405  4268  5319  9640  3549  5483  4533  9047  2309  6091
  6583 13082  9458  3544  1797  9691  2376  3030 11199  2142  2580  8444
  2491  7133  7981  8065  3060  6141 12801] [] 1716432828.7063195705
[ 1  1  1  1  1  1  1  1  1  1  1  1  1  1  1  1  1 -1  1  1  1 -1  1  1
 -1  1  1  1  1  1 -1  1] [ 3 11 18 19 20 21 26 27 28 29 34 35 36 37 38 41 42 43 44 45 46 47 50 51
 52 53 54 55 57 60 61 62] [ 3547  4404  4230  4063  4890  9345  3423  5378  4349  8890  2230  5984
  5821 12928  9316  3371  1757 10394  2338  2879 10934 12761  1984  2481
  8539  2420  6691  6442  7182  2999  6217  8737] [] 1716432828.7493731976
[ 1 -1  1  1  1 -1  1  1  1  1  1  1 -1  1 -1  1  1  1  1  1  1  1 -1  1
  1 -1  1  1  1  1  1  1  1] [ 3 10 11 18 19 20 21 26 27 28 29 34 35 36 37 38 41 42 43 44 45 46 47 50
 51 52 53 54 55 57 60 61 62] [ 3307 15421  3893  4125  3919  4933  8081  3315  5327  4075  7575  2144
  6021  5588 13128  8257  3268  1682  9428  2307  2719  9252 12874  1894
  2431  8583  2394  6006  5542  6279  2934  6136  8263] [] 1716432828.7922356129
[ 1  1  1  1  1  1  1  1  1  1  1  1  1  1  1  1  1  1  1  1  1 -1  1 -1
 -1  1  1  1  1  1 -1 -1 -1 -1  1] [ 3 10 11 18 19 20 21 26 27 28 29 34 35 36 37 38 41 42 43 44 45 46 47 50
 51 52 53 54 55 57 58 59 60 61 62] [ 3033 14254  3734  3975  3717  4775  8005  3163  5148  3777  7168  2123
  5968  4902 13049  7944  3228  1644  8259  2264  2559 10899  8128  1918
  2444  8391  2332  5557  5084  5161 12495  9355  3039  6169  7940] [] 1716432828.8353786469
[ 1  1  1  1  1  1  1  1  1  1  1  1  1  1 -1  1  1  1 -1 -1  1  1  1  1
  1  1  1  1  1  1 -1  1  1  1  1] [ 3 10 11 18 19 20 21 26 27 28 29 34 35 36 37 38 41 42 43 44 45 46 47 50
 51 52 53 54 55 57 58 59 60 61 62] [ 2831 13320  3402  3887  3600  4768  7758  3059  5010  3460  5951  2071
  5955  4502 13164  7849  3225  1627  8501  2312  2543  8464  7480  1855
  2428  8349  2274  5325  5017  4817 12511  9258  3015  6128  7777] [] 1716432828.8783361912
[ 1  1  1  1  1  1  1  1  1  1  1 -1  1  1  1 -1  1  1  1  1  1  1  1 -1
  1 -1  1  1  1  1  1  1  1  1  1] [ 3 10 11 18 19 20 21 26 27 28 29 34 35 36 37 38 41 42 43 44 45 46 47 50
 51 52 53 54 55 57 58 59 60 61 62] [ 2764 13192  3325  3647  3522  4584  7754  2995  4964  3343  5167  2079
  5898  4433 13126  7934  3197  1610  8127  2284  2474  8239  6816  1874
  2383  8450  2230  5159  5014  4742 11987  9185  2999  6112  7717] [] 1716432828.9213399887
[ 1  1  1  1  1  1 -1  1  1  1  1  1  1  1 -1 -1  1  1  1  1 -1  1  1  1
 -1  1  1  1 -1  1  1  1  1 -1  1] [ 3 10 11 18 19 20 21 26 27 28 29 34 35 36 37 38 41 42 43 44 45 46 47 50
 51 52 53 54 55 57 58 59 60 61 62] [ 2735 13191  3197  3583  3468  4528  7825  2963  4963  3294  4666  2032
  5844  4195 13316  8011  3144  1596  7525  2254  2483  8209  6741  1867
  2390  8296  2211  5054  5163  4621 11379  9184  2999  6125  7692] [] 1716432828.9642579556
[-1  1  1  1  1 -1  1 -1  1  1  1  1  1  1  1  1  1  1  1 -1 -1  1 -1 -1
  1  1  1 -1 -1 -1  1 -1  1 -1 -1  1] [ 2  3 10 11 18 19 20 21 26 27 28 29 34 35 36 37 38 41 42 43 44 45 46 47
 50 51 52 53 54 55 57 58 59 60 61 62] [15869  2723 13095  3183  3547  3492  4480  7836  2949  4942  3265  4627
  2016  5832  4153 13250  7928  3140  1592  7760  2258  2481  8287  6940
  1836  2376  8290  2212  5191  5229  4591 11727  9139  3003  6141  7683] [] 1716432829.0073530674
[ 1 -1 -1 -1 -1 -1  1  1  1  1  1 -1  1  1  1 -1  1 -1 -1  1  1 -1 -1 -1
  1 -1 -1 -1 -1 -1 -1  1 -1 -1  1 -1] [ 2  3 10 11 18 19 20 21 26 27 28 29 34 35 36 37 38 41 42 43 44 45 46 47
 50 51 52 53 54 55 57 58 59 60 61 62] [15308  2735 13102  3199  3551  3498  4468  7823  2943  4922  3265  4643
  2009  5813  4116 13266  7898  3220  1598  7741  2214  2567  8411  9855
  1836  2391  8389  2269  5418  6135  4899 11045  9250  3045  6120  7825] [] 1716432829.0503273010
[-1 -1 -1 -1  1 -1  1 -1  1 -1 -1 -1  1 -1  1 -1 -1 -1 -1 -1 -1 -1 -1  1
  1  1 -1 -1 -1 -1  1  1 -1] [ 3 10 11 18 19 20 21 26 27 28 29 34 35 36 37 38 41 42 43 44 45 46 50 51
 52 53 54 55 57 58 60 61 62] [ 2799 13136  3327  3575  3445  4628  7803  2965  4885  3338  5466  2068
  5797  4284 13246  8726  3240  1622  8380  2236  2607 10747  1853  2317
  8357  2268  6113  7655  5651 14859  2818  6098 10074] [] 1716432829.0933580399
[-1 -1 -1 -1 -1  1  1 -1 -1 -1 -1  1 -1 -1  1 -1 -1 -1 -1 -1 -1 -1 -1 -1
  1  1 -1 -1 -1  1  1 -1] [ 3 10 11 18 19 20 21 26 27 28 29 34 35 36 37 38 41 42 43 44 45 46 50 51
 52 53 54 55 57 60 61 62] [ 3021 13372  3652  3717  3535  4595  7752  3103  4943  3506  6681  2059
  5857  4617 13136  8919  3336  1634  9545  2296  2641 10787  1888  2360
  8345  2266  6742  9460  6397  2813  6042 10989] [] 1716432829.1363837719
[-1 -1 -1 -1 -1 -1  1 -1 -1 -1 -1 -1  1 -1 -1 -1 -1 -1  1 -1 -1 -1 -1  1
  1 -1 -1 -1  1 -1] [ 3 10 11 18 19 20 21 26 27 28 29 34 35 36 37 38 41 42 43 44 45 50 51 52
 53 54 57 60 61 62] [ 3274 13549  3825  3803  3583  4635  7745  3115  5006  3658  6910  2083
  5823  4921 13155 10292  3492  1708  9183  2376  2803  1996  2432  8200
  2228  7191  7586  2836  5891 15499] [] 1716432829.1793851852
[-1 -1 -1 -1 -1 -1 -1 -1 -1 -1 -1  1 -1  1 -1 -1 -1 -1 -1 -1 -1 -1 -1 -1
 -1 -1  1] [ 3 11 18 19 20 21 26 27 28 29 34 35 36 37 41 42 43 44 45 50 51 52 53 54
 57 60 61] [ 4157  4358  3954  3638  4919  7766  3143  5202  3989  7001  2128  5691
  5321 13010  3669  1726  9419  2448  2895  2130  2581  8272  2268  8325
  8903  2974  5885] [] 1716432829.2223255634
[-1 -1 -1 -1 -1 -1 -1 -1 -1 -1 -1 -1 -1  1 -1 -1 -1 -1 -1 -1 -1 -1 -1 -1
  1 -1 -1] [ 3 11 18 19 20 21 26 27 28 29 34 35 36 37 41 42 43 44 45 50 51 52 53 54
 57 60 61] [ 4610  5034  4091  3923  5600  8659  3295  5301  4287  8825  2246  5726
  5946 12908  3909  1806  9937  2492  3183  2199  2677  8372  2317  8561
  7753  3061  5935] [] 1716432829.2653672695
[-1 -1 -1 -1 -1 -1 -1 -1 -1 -1 -1 -1 -1  1 -1 -1 -1 -1 -1 -1 -1  1 -1 -1
 -1 -1 -1] [ 3 11 18 19 20 21 26 27 28 29 34 35 36 37 41 42 43 44 45 50 51 52 53 54
 57 60 61] [ 5871  5413  4352  4151  6038  9959  3399  5306  4550  8877  2314  5810
  6365 12800  4113  1877 10174  2657  3583  2332  2963  8353  2448  8703
 10514  3222  5951] [] 1716432829.3083148003
[-1 -1 -1 -1 -1 -1 -1 -1 -1 -1 -1  1 -1 -1 -1 -1 -1 -1 -1 -1 -1 -1 -1 -1
 -1 -1 -1] [ 3 11 18 19 20 21 26 27 28 29 34 35 36 37 41 42 43 44 45 50 51 52 53 54
 57 60 61] [ 9007  6548  5297  4735  6630 10226  3703  6035  5070  8966  2450  5810
  7451 12876  4188  1936 10420  2688  3655  2405  3001  8440  2470  8937
 10609  3326  5992] [] 1716432829.3513526917
[-1 -1 -1  1  1 -1 -1 -1  1 -1 -1 -1 -1 -1 -1 -1 -1 -1 -1 -1 -1 -1 -1 -1
 -1] [11 18 19 20 21 26 27 28 29 34 35 36 41 42 43 44 45 50 51 52 53 54 57 60
 61] [ 8253  5448  5464  6506 10218  4135  6102  6018  8934  2550  5821  8651
  4977  2008 10554  2751  3964  2623  3253  8456  2622 11635 13230  3533
  6040] [] 1716432829.3943948746
[-1 -1 -1 -1 -1 -1 -1 -1 -1 -1 -1 -1 -1 -1  1 -1 -1 -1 -1 -1 -1 -1 -1 -1] [11 18 19 20 21 26 27 28 29 34 35 36 41 42 43 44 45 50 51 52 53 54 60 61] [ 8301  6172  5690 10176 10404  4291  6429  7925  9042  2678  6332  8949
  5869  2126 10421  2846  4409  2784  3438  8558  2861 12321  3656  6143] [] 1716432829.4373235703
[-1 -1 -1 -1 -1 -1 -1 -1 -1 -1 -1 -1 -1 -1 -1 -1 -1 -1 -1 -1 -1 -1 -1] [11 18 19 20 21 26 27 28 29 34 35 36 41 42 43 44 45 50 51 52 53 60 61] [ 9166  6613  6497 10937 10631  4918  6484 10141  9128  2887  6506 11670
  6422  2252 10496  2975  4577  3007  3623  8627  3048  3796  6219] [] 1716432829.4802198410
[-1 -1 -1 -1 -1 -1 -1 -1 -1 -1 -1 -1 -1 -1 -1 -1 -1 -1 -1 -1 -1 -1 -1] [11 18 19 20 21 26 27 28 29 34 35 36 41 42 43 44 45 50 51 52 53 60 61] [ 9431  7062  7188 11593 11008  6564  6742 10913  9420  3146  6534 11919
  8401  2459 15068  3178  5275  3382  3872  8875  3400  4191  6543] [] 1716432829.5234363079
[-1 -1 -1 -1 -1 -1 -1  1 -1 -1 -1 -1 -1 -1 -1 -1 -1 -1 -1 -1 -1 -1 -1] [11 18 19 20 21 26 27 28 29 34 35 36 41 42 43 44 45 50 51 52 53 60 61] [10203  8063  8004 12863 11534 12146  6947 10769 11808  3597  6971 12179
  8787  2654 15123  3240  6077  3624  4140  9047  3521  4451  6721] [] 1716432829.5663228035
[ 1 -1 -1 -1  1 -1  1 -1 -1  1 -1 -1  1 -1 -1 -1 -1 -1 -1 -1 -1] [18 19 20 21 26 27 28 34 35 36 41 42 43 44 45 50 51 52 53 60 61] [ 7989  9495 13367 15395  8887  7095 10524  3820  7978 12096 12253  3028
 14857  3568  6215  3916  4679  9487  3902  5234  7011] [] 1716432829.6092748642
[-1 -1 -1 -1 -1 -1 -1 -1 -1 -1 -1  1 -1 -1 -1 -1 -1 -1 -1 -1] [18 19 20 26 27 28 34 35 36 41 42 43 44 45 50 51 52 53 60 61] [ 8545 10182 14838 12776  7844 10713  4394 10187 12897 12315  3238 14697
  3827  6762  4063  4694 10002  4259  6466  7227] [] 1716432829.6522610188
[-1 -1 -1 -1 -1 -1 -1 -1 -1 -1 -1  1 -1 -1 -1 -1 -1 -1 -1] [18 19 20 26 27 28 34 35 36 41 42 43 44 45 50 51 52 53 60] [ 9366 10238 16029 12784  8031 11088  5198 10430 16130 12763  4034 14675
  4423  7227  4657  5675 11338  5348  9828] [] 1716432829.6953549385
[-1 -1 -1 -1 -1 -1  1 -1 -1  1 -1 -1 -1  1 -1 -1] [18 19 27 28 34 35 36 41 42 43 44 45 50 51 52 53] [11238 10455  8408 11579  5954 12155 16109 14637  4500 14527  4683  7263
  4792  5649 13451  5552] [] 1716432829.7382848263
[-1 -1 -1 -1 -1 -1 -1  1 -1 -1 -1 -1 -1 -1 -1 -1] [18 19 27 28 34 35 36 41 42 43 44 45 50 51 52 53] [11901 10844  8897 11957  6309 12723 16164 13579  4783 15803  4880  7336
  5125  5832 16355  6158] [] 1716432829.7812871933
[ 1 -1 -1 -1 -1 -1 -1 -1 -1 -1] [27 28 34 36 42 44 45 50 51 53] [ 8293 11995  6805 16193  5063  5428 10830  6395  6021 13631] [] 1716432829.8242750168
[-1 -1 -1 -1 -1 -1 -1] [27 34 42 44 45 50 51] [ 8881  8864  5643  5852 10946  7067  6182] [] 1716432829.8673090935
[-1 -1 -1 -1 -1 -1] [27 34 42 44 50 51] [ 9785 11994  7001  7093  7150  6314] [] 1716432829.9102802277
[-1  1  1 -1  1 -1] [27 34 42 44 50 51] [ 9841 11957  6963  8237  7106  8530] [] 1716432829.9532675743
[-1 -1 -1 -1 -1] [27 42 44 50 51] [12001  8368  9362  9411 10446] [] 1716432829.9962403774
[-1 -1  1] [42 44 50] [10071 11481  9339] [] 1716432830.0392415524
[-1 -1 -1] [42 44 50] [10794 12503  9505] [] 1716432830.0823071003
[ 1 -1] [42 50] [9601 9889] [] 1716432830.1251845360
[-1 -1] [42 50] [ 9935 10175] [] 1716432830.1682264805
[-1 -1] [42 50] [11381 10815] [] 1716432830.2112255096
[-1] [42] [12114] [] 1716432830.2542474270
2 2 2 1716432830.3405342102
