FA TAX ADC PRES TS
[1] [42] [11353] [] 1716432945.1143426895
[-1] [42] [11417] [] 1716432945.1573586464
[-1] [42] [11540] [] 1716432945.2003347874
[1] [42] [10337] [] 1716432945.2433006763
[1] [42] [9460] [] 1716432945.2862982750
[-1 -1] [42 50] [10666 10889] [] 1716432945.3292896748
[-1  1] [42 50] [11466 10366] [] 1716432945.3722798824
[-1 -1  1] [28 42 50] [12538 11909 10332] [] 1716432945.4152932167
[1 1 1] [28 42 50] [12027 11752 10099] [] 1716432945.4582996368
[ 1  1 -1 -1] [28 42 45 50] [11737 10806 12139 10211] [] 1716432945.5013744831
[ 1 -1  1 -1] [28 42 45 50] [11609 10808 11987 10266] [] 1716432945.5445361137
[-1 -1  1  1  1] [26 28 42 45 50] [11425 11679 10684 11679 10003] [] 1716432945.5872929096
[ 1  1 -1 -1 -1  1] [26 28 42 44 45 50] [11135 11494 11408 13337 11719  9970] [] 1716432945.6303298473
[ 1  1  1 -1 -1  1 -1 -1] [26 28 42 44 45 50 53 61] [11113 11481 11367 13431 12366  7769 13716  8595] [] 1716432945.6733286381
[-1 -1 -1  1  1 -1  1  1] [26 28 42 44 45 50 53 61] [11172 11640 11372 13328 12263  7932 12177  8388] [] 1716432945.7163419724
[-1  1 -1  1  1 -1  1  1] [26 28 42 44 45 50 53 61] [11174 11437 11816 11023 12103 10055 11728  8023] [] 1716432945.7593233585
[-1 -1 -1  1  1  1  1  1  1] [26 28 34 42 44 45 50 53 61] [11239 11480 13511 11689 10749 11983  9890 11645  7776] [] 1716432945.8023416996
[ 1  1  1 -1 -1  1  1  1  1  1] [26 28 34 41 42 44 45 50 53 61] [10875 11151 13015 12995 11790 10470 11788  9218 11352  7524] [] 1716432945.8453357220
[-1 -1 -1  1 -1  1 -1 -1  1  1  1] [26 27 28 34 41 42 44 45 50 53 61] [11024 15792 11275 12585 12997 11775 10562 11828  9014 11175  7419] [] 1716432945.8883612156
[ 1  1 -1 -1  1  1  1  1  1  1  1] [26 27 28 34 41 42 44 45 50 53 61] [10908 15483 11298 12589 12757 11431 10560 11630  8765 11042  7363] [] 1716432945.9313516617
[-1 -1  1 -1  1  1  1  1  1  1  1  1] [19 26 27 28 34 41 42 44 45 50 53 61] [10607 10965 10070 11432 12403 12732  9282 10131 11362  7882 10735  7111] [] 1716432945.9743721485
[ 1  1  1 -1  1 -1  1  1  1  1  1  1  1] [19 26 27 28 34 35 41 42 44 45 50 53 61] [10412 10946  8927 11489 10343 16117 12396  9037  8745 11240  6758 10467
  6749] [] 1716432946.0173621178
[ 1 -1  1 -1  1  1  1 -1  1 -1  1  1  1  1] [19 20 26 27 28 34 35 41 42 44 45 50 53 61] [10154 16272 10802 10399 11296 10103 15947 12428  8963  8883 11219  5688
 10153  6558] [] 1716432946.0604374409
[-1 -1  1 -1  1  1 -1  1  1  1  1 -1  1  1 -1  1] [11 19 20 26 27 28 34 35 41 42 44 45 50 53 54 61] [10619 10328 15378 10890  8838 11290 10127 13142 12251  7099  7073 11243
  5346 10011 12131  6539] [] 1716432946.1033957005
[ 1  1  1  1  1  1  1  1  1  1  1 -1  1 -1 -1 -1  1  1] [11 19 20 26 27 28 34 35 41 42 44 45 50 51 52 53 54 61] [10305 10129 14631 10890  8663 11158 10001 11136 12218  6259  6777 11247
  5264 11968 13316 10602 11924  6456] [] 1716432946.1463699341
[ 1  1 -1 -1  1 -1 -1  1  1  1  1  1  1  1  1  1  1  1] [11 19 20 26 27 28 34 35 41 42 44 45 50 51 52 53 54 61] [10230  9153 14760 10927  7542 11173 10083  9932 12201  5883  6415 11147
  5210 11307 13222 10229 11866  6411] [] 1716432946.1893374920
[ 1  1  1  1  1  1  1  1  1  1  1  1  1  1  1  1 -1 -1] [11 19 20 26 27 28 34 35 41 42 44 45 50 51 52 53 54 61] [10068  8233 14511  9387  7525 11047  9881  9716 12116  5458  5927 11103
  4822 11139 11434  9077 11893  6424] [] 1716432946.2324187756
[-1 -1  1  1  1  1  1  1  1  1  1  1  1  1  1  1  1  1 -1] [11 18 19 20 26 27 28 34 35 41 42 44 45 50 51 52 53 54 61] [10257 11761  7986 14464  9259  7503 11023  9781  9638  8839  4675  5550
  8704  4496 10815  9689  6863  9465  6427] [] 1716432946.2753572464
[ 1  1  1  1 -1  1  1  1 -1  1  1  1  1  1  1  1 -1  1  1  1] [11 18 19 20 21 26 27 28 34 35 41 42 44 45 50 51 52 53 54 61] [ 9940 11564  7506 14266 12668  9013  7347 10993  9805  9605  8438  4245
  5410  8561  4453 10788  9808  6751  9106  6350] [] 1716432946.3183403015
[ 1  1  1  1  1  1  1 -1  1 -1  1  1  1  1  1 -1  1  1  1 -1 -1] [11 18 19 20 21 26 27 28 34 35 41 42 44 45 50 51 52 53 54 60 61] [ 9887 11316  7114 14061 12140  8906  7246 11003  9705  9693  8179  3988
  5147  8495  4257 10854  8729  6346  8911 10585  6358] [] 1716432946.3613815308
[-1  1  1  1  1  1  1  1  1  1  1  1  1  1 -1  1  1  1  1 -1  1 -1] [11 18 19 20 21 26 27 28 34 35 41 42 44 45 46 50 51 52 53 54 60 61] [ 9944 11110  6230 13661 11417  8647  7126 10379  9600  9522  7563  3778
  4927  8374 11992  4123 10670  8439  5967  9051  8359  6373] [] 1716432946.4043650627
[-1  1  1  1  1 -1  1  1  1 -1  1  1  1  1  1  1  1  1  1  1  1 -1  1 -1] [ 2 11 18 19 20 21 26 27 28 29 34 35 41 42 44 45 46 50 51 52 53 54 60 61] [14922  9718 10920  5895 13295 11521  8439  6975 10358 13016  9549  9023
  7311  3668  4713  8374 11133  3786 10611  7848  5738  9091  6199  6452] [] 1716432946.4473917484
[ 1  1  1  1  1  1  1  1 -1  1  1  1  1  1  1  1  1  1  1  1  1  1 -1  1] [ 2 11 18 19 20 21 26 27 28 29 34 35 41 42 44 45 46 50 51 52 53 54 60 61] [14898  9648 10663  5743 13211 11438  8425  6951 10410 11860  9393  8661
  6490  3350  4550  6583  9638  3523 10491  7041  5530  9039  6426  6310] [] 1716432946.4904286861
[1 1 1 1 1 1 1 1 1 1 1 1 1 1 1 1 1 1 1 1 1 1 1 1] [ 2 11 18 19 20 21 26 27 28 29 34 35 41 42 44 45 46 50 51 52 53 54 60 61] [14014  9461 10609  4991 12798 11266  8277  6670  8917 11498  9358  8519
  6361  3191  4495  6561  9401  3454 10431  6868  5210  8870  5590  6279] [] 1716432946.5335457325
[1 1 1 1 1 1 1 1 1 1 1 1 1 1 1 1 1 1 1 1 1 1 1 1] [ 2 11 18 19 20 21 26 27 28 29 34 35 41 42 44 45 46 50 51 52 53 54 60 61] [13757  9411 10431  4897 12322 11145  8205  6575  7934 11328  9316  8460
  6274  3037  4274  6527  8463  3317  7793  6650  4887  8554  5313  6253] [] 1716432946.5762400627
[ 1  1  1  1  1  1  1  1  1  1  1  1 -1 -1  1  1  1  1  1 -1 -1  1  1  1
  1] [ 2 11 18 19 20 21 26 27 28 29 34 35 36 41 42 44 45 46 50 51 52 53 54 60
 61] [13493  9374 10300  4633 12233 10965  8143  6498  6919 11229  7784  8355
 15679  6352  2971  4116  6467  8351  3224  7818  6679  4743  8299  4967
  6195] [] 1716432946.6194231510
[ 1 -1  1  1  1  1  1  1  1  1  1  1  1  1  1  1  1  1  1  1  1  1  1  1
 -1 -1  1 -1] [ 2  3 11 18 19 20 21 26 27 28 29 34 35 36 41 42 44 45 46 50 51 52 53 54
 55 57 60 61] [13439 16249  9369  8889  4527 12175 10768  7690  6303  6478 11032  7033
  8341 15101  6308  2827  3988  6359  8345  3199  7719  6678  4710  7788
 12909 11063  4556  6258] [] 1716432946.6623830795
[-1  1 -1 -1  1  1 -1  1  1  1  1  1 -1  1  1  1  1  1 -1 -1  1  1  1  1
  1  1  1  1 -1] [ 2  3 11 18 19 20 21 26 27 28 29 34 35 36 41 42 44 45 46 47 50 51 52 53
 54 55 57 60 61] [13486  8124  9485  8891  4479 12144 10860  6262  6266  6351 10968  6905
  8381 14361  6152  2631  3722  6294  8412 15671  3058  7647  6540  4384
  7657 10688 10349  4479  6271] [] 1716432946.7053549290
[-1  1 -1  1 -1  1 -1  1  1  1  1  1  1  1 -1 -1  1  1  1  1  1  1  1  1
  1 -1  1 -1  1  1] [ 2  3 10 11 18 19 20 21 26 27 28 29 34 35 36 41 42 44 45 46 47 50 51 52
 53 54 55 57 60 61] [13599  7885 15746  8502  8932  4389 12259 10693  5663  6202  5993 10950
  6755  8293 14749  6180  2502  3520  5983  8403 15061  2911  7045  6367
  4230  7662  8023 11896  4360  6227] [] 1716432946.7483739853
[ 1  1  1  1  1  1  1  1  1  1  1  1  1  1  1  1  1  1 -1  1  1  1  1  1
  1  1  1  1  1  1] [ 2  3 10 11 18 19 20 21 26 27 28 29 34 35 36 41 42 44 45 46 47 50 51 52
 53 54 55 57 60 61] [13596  7787 14144  7226  8795  4281 12135 10622  5183  6102  5032 10869
  6457  8172 13321  5474  2416  3329  6103  8350 12849  2756  6230  6127
  4140  7303  6699  9318  4016  6198] [] 1716432946.7913553715
[-1  1  1  1  1  1  1  1  1  1  1  1  1  1  1  1  1  1  1  1  1  1  1  1
  1  1  1  1  1  1] [ 2  3 10 11 18 19 20 21 26 27 28 29 34 35 36 41 42 44 45 46 47 50 51 52
 53 54 55 57 60 61] [13631  7754 12444  6834  7138  4130 11912 10611  4783  6098  4427  9025
  5903  7869 12920  5216  2343  3189  6093  7563 12105  2645  6067  5230
  4070  6962  6121  7743  3953  6157] [] 1716432946.8343620300
[ 1  1  1  1  1  1 -1 -1  1 -1  1  1  1  1  1  1  1 -1  1  1  1  1  1  1
  1  1  1  1  1  1  1 -1] [ 2  3 10 11 18 19 20 21 26 27 28 29 34 35 36 41 42 43 44 45 46 47 50 51
 52 53 54 55 57 60 61 62] [13583  7699 11952  6233  6995  4063 12022 10832  4469  6151  4084  8956
  5534  7853 12805  5146  2284 15103  3104  5987  7141 11458  2582  5431
  5123  3950  6276  5666  6707  3807  6133 13189] [] 1716432946.8773870468
[-1 -1  1  1  1  1  1  1  1  1  1  1  1  1  1  1  1  1  1 -1  1  1  1  1
  1  1  1  1  1  1  1  1] [ 2  3 10 11 18 19 20 21 26 27 28 29 34 35 36 41 42 43 44 45 46 47 50 51
 52 53 54 55 57 60 61 62] [13607  7816 11549  5686  6504  3932 11898 10752  4089  6009  3797  8805
  4985  7471 11757  4808  2231 13493  2976  6038  5822  8746  2487  5324
  5008  3913  5943  5357  5720  3669  6116 12389] [] 1716432946.9204010963
[ 1  1  1  1  1  1  1  1  1  1  1  1  1 -1  1  1  1  1  1 -1  1  1  1  1
  1  1  1  1  1  1  1  1] [ 2  3 10 11 18 19 20 21 26 27 28 29 34 35 36 41 42 43 44 45 46 47 50 51
 52 53 54 55 57 60 61 62] [13554  6751 11213  5444  5407  3863 11573 10722  3782  5935  3584  8776
  4754  7541 11140  4669  2158 12884  2926  6073  5722  7621  2384  5223
  4967  3811  5801  5257  5675  3613  6099 12309] [] 1716432946.9634196758
[1 1 1 1 1 1 1 1 1 1 1 1 1 1 1 1 1 1 1 1 1 1 1 1 1 1 1 1 1 1 1 1] [ 2  3 10 11 18 19 20 21 26 27 28 29 34 35 36 41 42 43 44 45 46 47 50 51
 52 53 54 55 57 60 61 62] [13471  6581 11155  5397  5172  3839 11498 10602  3639  5904  3517  7442
  4707  7519 10859  4529  2120 12683  2860  5407  5669  6323  2330  5128
  4904  3687  5630  5174  5522  3588  6068 12099] [] 1716432947.0063555241
[ 1  1  1  1  1  1  1  1  1 -1  1  1  1  1  1  1  1  1  1  1  1  1  1  1
  1  1  1  1  1  1  1  1] [ 2  3 10 11 18 19 20 21 26 27 28 29 34 35 36 41 42 43 44 45 46 47 50 51
 52 53 54 55 57 60 61 62] [13412  6285 10941  5140  5060  3787 11324 10480  3615  5918  3387  6946
  4638  7375 10384  3989  2030 12523  2797  4751  5510  5402  2254  5009
  4794  3506  5206  5013  5085  3271  6038 11825] [] 1716432947.0493924618
[-1  1  1  1  1  1 -1 -1  1  1  1  1  1 -1  1  1  1 -1  1 -1  1  1  1  1
  1  1  1  1  1  1  1  1] [ 2  3 10 11 18 19 20 21 26 27 28 29 34 35 36 41 42 43 44 45 46 47 50 51
 52 53 54 55 57 60 61 62] [13493  5419 10745  4671  4657  3731 11627 10785  3459  5909  3153  6591
  4362  7404 10259  3728  1962 13987  2646  5013  5407  5100  2170  4772
  4616  3263  4467  4870  4630  3043  6010 11725] [] 1716432947.0924458504
[ 1  1  1  1  1  1  1  1  1  1  1  1  1  1  1 -1  1  1 -1  1  1 -1  1  1
  1  1  1  1  1  1  1  1  1] [ 2  3 10 11 18 19 20 21 26 27 28 29 34 35 36 38 41 42 43 44 45 46 47 50
 51 52 53 54 55 57 60 61 62] [13341  4948 10152  4359  4450  3615 11244 10530  3391  5890  2987  6497
  4339  6625  7730 13305  3721  1957 14143  2580  4572  5412  4883  2152
  4634  4218  3187  4351  4821  4429  3014  6009  9062] [] 1716432947.1354448795
[-1  1  1  1  1  1  1 -1  1  1  1  1 -1  1  1  1  1  1  1  1  1  1  1  1
  1  1 -1  1  1  1  1 -1  1  1] [ 2  3 10 11 18 19 20 21 26 27 28 29 33 34 35 36 38 41 42 43 44 45 46 47
 50 51 52 53 54 55 57 60 61 62] [13435  4587  9865  3995  4209  3527  9886 10636  3373  5867  2922  6491
 12673  4338  6369  7480 11665  3698  1935 14103  2542  4326  5320  4625
  2118  4288  4354  3165  4215  4707  4360  3059  6005  8774] [] 1716432947.1785047054
[-1  1  1  1  1  1 -1 -1  1  1  1  1  1 -1 -1  1  1 -1  1  1  1  1  1  1
  1  1  1 -1  1  1  1  1  1  1] [ 2  3 10 11 18 19 20 21 26 27 28 29 33 34 35 36 38 41 42 43 44 45 46 47
 50 51 52 53 54 55 57 60 61 62] [13649  4193  9497  3985  4163  3467 10081 10689  3335  5783  2889  6490
 12673  4348  6379  7425 11531  3741  1924 13295  2538  4107  5270  4536
  2112  4204  4246  3167  4165  4701  4359  3059  5986  8699] [] 1716432947.2215287685
[ 1  1  1  1  1  1  1 -1  1 -1 -1  1  1  1  1  1  1  1  1  1 -1  1 -1  1
  1  1 -1  1  1  1  1  1  1  1] [ 2  3 10 11 18 19 20 21 26 27 28 29 33 34 35 36 38 41 42 43 44 45 46 47
 50 51 52 53 54 55 57 60 61 62] [13367  4146  9223  3943  4054  3447  9904 10741  3295  5863  2898  6361
 12596  4288  6313  6981 11110  3690  1918 13089  2570  4075  5283  4515
  2081  4188  4269  3144  4083  4679  4334  3023  5970  8691] [] 1716432947.2643380165
[ 1  1  1 -1  1  1  1  1 -1  1 -1 -1 -1  1 -1  1  1  1 -1 -1  1 -1 -1 -1
 -1  1  1  1 -1 -1 -1  1 -1  1] [ 2  3 10 11 18 19 20 21 26 27 28 29 33 34 35 36 38 41 42 43 44 45 46 47
 50 51 52 53 54 55 57 60 61 62] [13317  4129  9213  3979  4014  3423  9772 10669  3297  5823  2916  6399
 12623  4268  6379  6947 11062  3680  1943 13113  2532  4092  5305  4627
  2119  4182  4252  3136  4103  4780  4370  3019  6014  8654] [] 1716432947.3073651791
[ 1 -1 -1  1 -1 -1  1  1  1 -1  1  1 -1  1  1 -1 -1  1 -1 -1 -1 -1 -1 -1
  1 -1 -1 -1 -1 -1  1 -1 -1  1] [ 2  3 10 11 18 19 20 21 26 27 28 29 33 34 35 36 38 41 42 43 44 45 46 47
 50 51 52 53 54 55 57 60 61 62] [13279  4204  9308  3934  4023  3455  9634 10648  3293  5828  2874  6375
 12661  4266  6307  7255 11914  3678  1951 13755  2576  4238  5363  5011
  2097  4237  4322  3183  4499  4928  4361  3053  6081  8638] [] 1716432947.3504822254
[-1 -1 -1  1 -1 -1 -1  1 -1 -1 -1 -1 -1  1 -1 -1 -1 -1 -1 -1 -1 -1 -1 -1
 -1 -1  1 -1 -1 -1 -1  1 -1] [ 2  3 10 11 18 19 20 21 26 27 28 29 33 34 35 36 41 42 43 44 45 46 47 50
 51 52 53 54 55 57 60 61 62] [13328  4471  9716  3926  4267  3459  9800 10597  3335  5851  2877  6401
 12672  4255  6377  7306  3827  1956 14042  2652  4355  5372  5375  2147
  4483  4522  3161  4613  5065  4451  3193  6002  9096] [] 1716432947.3933792114
[ 1  1 -1 -1 -1 -1 -1  1  1 -1 -1  1  1 -1 -1 -1 -1 -1  1 -1 -1 -1 -1 -1
 -1 -1 -1 -1  1 -1 -1  1 -1] [ 2  3 10 11 18 19 20 21 26 27 28 29 33 34 35 36 41 42 43 44 45 46 47 50
 51 52 53 54 55 57 60 61 62] [13110  4440  9947  4153  4562  3586 10944 10446  3317  5883  2901  6394
 12634  4258  6404  7440  4181  2004 13967  2784  4559  5487  6005  2163
  4564  4556  3179  4938  5037  4698  3399  5977 11761] [] 1716432947.4363582134
[ 1 -1 -1 -1 -1 -1  1  1 -1 -1 -1 -1 -1 -1 -1 -1 -1 -1  1 -1 -1 -1 -1 -1
 -1 -1 -1 -1 -1 -1 -1 -1 -1] [ 2  3 10 11 18 19 20 21 26 27 28 29 33 34 35 36 41 42 43 44 45 46 47 50
 51 52 53 54 55 57 60 61 62] [13077  4838 10306  4619  4619  3659 10530 10336  3374  5892  2951  6522
 12650  4342  6415  7558  4436  2080 12763  2806  4811  5927  8910  2238
  4676  4713  3250  5170  5575  5238  3654  6015 12440] [] 1716432947.4793615341
[-1 -1 -1 -1 -1 -1 -1  1 -1 -1 -1 -1 -1 -1 -1 -1 -1 -1  1 -1 -1 -1 -1 -1
 -1 -1 -1 -1 -1 -1  1 -1 -1] [ 2  3 10 11 18 19 20 21 26 27 28 29 33 34 35 36 41 42 43 44 45 46 47 50
 51 52 53 54 55 57 60 61 62] [13268  6079 10575  4931  4964  3669 10560 10217  3471  5961  3143  6670
 12771  4534  7073  8910  4553  2107 12547  2858  5039  6232 10921  2319
  4902  4763  3317  5583  5982  5746  3579  6020 13410] [] 1716432947.5223479271
[ 1 -1 -1 -1 -1 -1  1  1 -1 -1 -1 -1  1 -1 -1 -1 -1  1 -1 -1 -1 -1 -1  1
 -1 -1 -1 -1 -1 -1  1] [ 2  3 10 11 18 19 20 21 26 27 28 29 34 35 36 41 42 43 44 45 46 47 50 51
 52 53 54 55 57 60 61] [13206  7151 10691  4955  5207  3731 10445 10204  3581  5962  3204  6802
  4533  7139  9011  4774  2168 12499  2916  5105  6613 12257  2357  4871
  4800  3395  5823  6447  6719  3605  5956] [] 1716432947.5653457642
[-1 -1 -1 -1 -1 -1  1  1 -1  1 -1 -1 -1  1  1 -1 -1 -1 -1 -1 -1 -1 -1 -1
 -1 -1 -1 -1 -1 -1 -1] [ 2  3 10 11 18 19 20 21 26 27 28 29 34 35 36 41 42 43 44 45 46 47 50 51
 52 53 54 55 57 60 61] [13392  7462 10953  5283  6075  3793 10091 10158  3711  5962  3391  8672
  4640  7079  8970  4836  2198 12933  3003  5218  7218 12442  2435  4930
  5016  3491  6456  6878  7807  3693  5976] [] 1716432947.6083569527
[ 1  1 -1 -1 -1 -1 -1 -1 -1 -1 -1 -1 -1 -1 -1 -1 -1 -1 -1 -1 -1 -1 -1 -1
 -1 -1 -1 -1 -1 -1  1] [ 2  3 10 11 18 19 20 21 26 27 28 29 34 35 36 41 42 43 44 45 46 47 50 51
 52 53 54 55 57 60 61] [13334  6997 11116  5901  6631  3846 10148 10362  3871  5987  3618  8868
  4758  7103  9097  5139  2260 15315  3098  5683  7226 15525  2519  5178
  5216  3650  6469 10507 14560  3887  5974] [] 1716432947.6513590813
[-1 -1 -1 -1 -1 -1 -1 -1 -1 -1 -1 -1 -1 -1 -1 -1 -1  1 -1 -1 -1 -1 -1 -1
 -1 -1  1 -1  1] [ 2  3 10 11 18 19 20 21 26 27 28 29 34 35 36 41 42 43 44 45 46 50 51 52
 53 54 57 60 61] [13432  7700 11677  6717  7994  3903 11189 10430  4234  6164  3901 10487
  4786  7129  9303  5362  2375 15145  3188  5751  8012  2606  5426  5671
  3772  6565 10723  3920  5956] [] 1716432947.6943678856
[ 1 -1 -1 -1 -1 -1 -1  1 -1 -1 -1 -1 -1 -1 -1 -1 -1 -1 -1 -1 -1 -1 -1 -1
 -1 -1 -1 -1 -1] [ 2  3 10 11 18 19 20 21 26 27 28 29 34 35 36 41 42 43 44 45 46 50 51 52
 53 54 57 60 61] [13311  8332 13900  8294  8109  3966 11516 10351  4651  6168  4188 10545
  5339  7495  9526  5551  2435 15191  3298  6255  8070  2723  5745  6148
  3971  6809 12282  4054  6001] [] 1716432947.7373344898
[-1 -1  1  1 -1  1 -1 -1  1 -1 -1  1  1 -1 -1 -1 -1 -1 -1 -1 -1  1 -1 -1
 -1 -1] [ 2 10 11 18 19 20 21 26 27 28 29 34 35 36 41 42 44 45 46 50 51 52 53 54
 60 61] [13343 16086  8086  7288  4024 11408 10557  5291  6159  4689 10638  5188
  7473  9996  5722  2620  3541  6364  8247  2847  7509  6110  4087  8137
  4635  6039] [] 1716432947.7802813053
[-1 -1 -1 -1 -1 -1 -1 -1 -1 -1 -1  1 -1 -1 -1 -1 -1 -1 -1 -1 -1 -1 -1 -1
 -1] [ 2 11 18 19 20 21 26 27 28 29 34 35 36 41 42 44 45 46 50 51 52 53 54 60
 61] [13496  8954  8692  4143 11590 10685  7831  6169  5404 10794  5347  7426
 12003  5926  2716  3644  6421  8352  2935  7793  6214  4141  8583  4870
  6056] [] 1716432947.8234524727
[-1 -1 -1 -1 -1 -1  1 -1 -1 -1 -1 -1 -1  1 -1 -1 -1 -1 -1 -1 -1 -1 -1 -1
 -1] [ 2 11 18 19 20 21 26 27 28 29 34 35 36 41 42 44 45 46 50 51 52 53 54 60
 61] [13806  9144 10152  4289 11661 10788  7780  6254  5812 10974  5833  7528
 12337  5879  2897  3910  6488  8720  3175  8106  6440  4271  8681  5163
  6155] [] 1716432947.8664097786
[-1  1 -1 -1 -1 -1 -1 -1 -1 -1 -1 -1 -1 -1 -1 -1  1 -1 -1 -1 -1 -1 -1  1] [ 2 11 18 19 20 21 26 27 28 29 34 35 36 41 42 44 45 50 51 52 53 54 60 61] [14691  9098 10474  4434 11842 10857  7900  6346  6653 11076  6005  7658
 12362  6416  3092  4036  6433  3254 10450  6636  4348  8682  5453  6132] [] 1716432947.9094414711
[-1 -1 -1 -1 -1 -1 -1 -1 -1 -1 -1 -1 -1 -1 -1 -1  1 -1  1 -1 -1  1 -1 -1] [ 2 11 18 19 20 21 26 27 28 29 34 35 36 41 42 44 45 50 51 52 53 54 60 61] [16073  9132 10661  4653 12021 11166  8054  6497  8577 11435  6643  7740
 12935  6700  3189  4133  6378  3339 10431  6873  4483  8658  8839  6175] [] 1716432947.9522697926
[-1 -1 -1 -1 -1  1 -1 -1 -1  1 -1 -1 -1 -1 -1 -1 -1 -1 -1 -1 -1 -1] [11 18 19 20 21 26 27 28 34 35 36 41 42 44 45 50 51 52 53 54 60 61] [ 9337 10833  5100 12055 11220  8051  6530 10487  8396  7718 14960  6973
  3414  4267  6728  3468 10495  7441  4755  8871  9249  6213] [] 1716432947.9954845905
[-1 -1 -1 -1 -1 -1 -1 -1 -1 -1 -1 -1 -1 -1 -1 -1 -1 -1 -1 -1 -1 -1] [11 18 19 20 21 26 27 28 34 35 36 41 42 44 45 50 51 52 53 54 60 61] [ 9428 11146  5436 12466 11388  8208  6577 10523  9201  7960 16301  7393
  3654  4535  7185  3698 10569  8590  5266  9010 10828  6230] [] 1716432948.0383856297
[-1 -1 -1 -1 -1 -1 -1 -1 -1 -1 -1 -1 -1  1 -1 -1 -1 -1 -1  1] [11 18 19 20 21 26 27 28 34 35 41 42 44 45 50 51 52 53 54 61] [ 9557 11713  5717 12839 11667  8461  6714 10662  9378  8148  8953  4205
  4687  6667  3854 10674 13157  6061 12131  6213] [] 1716432948.0813121796
[-1 -1 -1 -1 -1 -1 -1 -1 -1 -1 -1 -1  1 -1 -1 -1 -1 -1 -1] [11 18 19 20 26 27 28 34 35 41 42 44 45 50 51 52 53 54 61] [ 9743 11915  6645 13320  8754  6899 10691  9577  8619  9072  4420  4851
  6597  3976 10747 13212  6251 12299  6265] [] 1716432948.1242334843
[ 1 -1 -1  1 -1 -1  1 -1 -1 -1 -1  1 -1 -1 -1 -1  1] [11 19 20 26 27 28 34 35 41 42 44 45 50 51 52 53 61] [ 9672  6974 13695  8709  6975 10753  9572  8862 10475  5173  5474  6428
  4250 10848 15983  8050  6218] [] 1716432948.1674053669
[-1 -1 -1 -1 -1  1 -1 -1 -1 -1 -1 -1 -1 -1 -1 -1] [11 19 20 26 27 28 34 35 41 42 44 45 50 51 53 61] [ 9820  7716 14204 10481  7151 10739  9651  9039 11951  5979  5995  6603
  4506 15285  8301  6436] [] 1716432948.2103571892
[-1 -1 -1 -1 -1 -1 -1 -1 -1 -1 -1 -1 -1 -1 -1] [11 19 20 26 27 28 34 35 41 42 44 45 50 53 61] [10014  9794 14831 10612  8452 10768  9799  9525 12133  8406  7246  7667
  5322 10763  6753] [] 1716432948.2533349991
[-1 -1  1  1 -1 -1 -1 -1 -1 -1 -1 -1 -1] [19 26 27 28 34 35 41 42 44 45 50 53 61] [ 9830 10715  8412 10760 10324 11877 12413  8830  8538  7843  6013 10983
  7113] [] 1716432948.2963066101
[-1 -1 -1 -1 -1 -1  1 -1 -1 -1 -1 -1 -1] [19 26 27 28 34 35 41 42 44 45 50 53 61] [10008 10816  8478 10767 10479 12349 12361  9135  9926  8082  6865 11180
  7422] [] 1716432948.3394093513
[-1 -1 -1 -1 -1 -1 -1 -1 -1 -1 -1  1  1] [19 26 27 28 34 35 41 42 44 45 50 53 61] [10554 10946  8679 10955 12743 12784 12511 10523 10028  8231  8718 11044
  7354] [] 1716432948.3824040890
[ 1 -1  1  1 -1 -1 -1 -1 -1] [26 27 28 42 44 45 50 53 61] [10656 15198 10721 10423 10379  8454  9871 11224  7652] [] 1716432948.4253563881
[-1  1 -1 -1 -1 -1 -1 -1 -1] [26 27 28 42 44 45 50 53 61] [10690 10842 10877 11319 10627  8773  9874 11228  7907] [] 1716432948.4682977200
[-1 -1 -1  1 -1  1  1  1] [26 27 28 42 44 45 50 53] [11152 10909 11316 10841 13012  8199  9849  8535] [] 1716432948.5112755299
[-1 -1 -1 -1  1  1] [27 28 42 45 50 53] [15638 11494 11625  8709  9805  7648] [] 1716432948.5543861389
[-1 -1  1 -1 -1 -1] [19 28 42 44 45 50] [10659 12010 11475 10713 11117 10077] [] 1716432948.5973956585
[-1  1  1 -1 -1] [28 42 44 45 50] [12018 11303 10357 11597 10465] [] 1716432948.6403555870
[-1  1 -1 -1] [28 42 44 50] [12255 11156 10565 10958] [] 1716432948.6833949089
[1 1] [28 42] [11937 10640] [] 1716432948.7263407707
[ 1 -1] [42 44] [ 8204 10504] [] 1716432948.7692778111
[1 1] [42 44] [ 7805 10308] [] 1716432948.8123738766
[-1 -1] [42 44] [11089 12809] [] 1716432948.8553545475
[1] [42] [10993] [] 1716432948.8983187675
[-1 -1] [42 44] [11574 13038] [] 1716432948.9413130283
[-1 -1] [42 44] [11618 13685] [] 1716432948.9974474907
2 2 2 1716432948.9976985455
