FA TAX ADC PRES TS
[-1] [42] [12405] [] 1716434715.6245770454
[1] [42] [11710] [] 1716434715.6675341129
[1] [42] [10439] [] 1716434715.7105731964
[-1 -1] [42 50] [11563 10137] [] 1716434715.7536056042
[ 1 -1  1] [42 44 50] [10249 13807  7739] [] 1716434715.7966189384
[1 1 1] [42 44 50] [10143 10139  6558] [] 1716434715.8395602703
[-1 -1 -1] [42 44 50] [11377 12254  9523] [] 1716434715.8825623989
[1 1 1] [42 44 50] [10587 11968  8392] [] 1716434715.9255704880
[ 1 -1  1] [42 44 50] [ 7844 12073  7953] [] 1716434715.9685907364
[-1 -1 -1  1 -1] [19 34 42 44 50] [11065 11703  8881 11968  8500] [] 1716434716.0116121769
[1 1 1 1 1] [19 34 42 44 50] [10286  9473  7693 10932  6406] [] 1716434716.0545716286
[-1 -1 -1  1  1 -1 -1 -1] [19 28 34 42 44 45 50 52] [10371 11937 12023  7404  9652 12415  6660 12232] [] 1716434716.0976276398
[-1 -1  1  1  1  1  1 -1  1] [19 27 28 34 42 44 45 50 52] [10689 13557 11867  8198  5983  8347 11705  7113 10093] [] 1716434716.1406335831
[ 1  1 -1  1  1  1 -1  1 -1] [19 27 28 34 42 44 45 50 53] [10523 13333 11945  8095  5424  5503 12057  6834  8316] [] 1716434716.1836104393
[ 1  1  1  1  1 -1  1  1 -1 -1  1] [19 27 28 34 42 44 45 50 51 52 53] [10203 13077 11766  7810  5059  6279  9184  6169  8525 14737  6026] [] 1716434716.2266135216
[ 1  1 -1 -1 -1 -1  1  1  1  1 -1  1  1 -1] [19 27 28 34 35 41 42 44 45 50 51 52 53 61] [ 8049  9750 12165  7851 13377 12791  4325  5456  9121  5545  8539 12969
  5600 10563] [] 1716434716.2696516514
[ 1 -1 -1  1  1  1  1  1  1  1  1  1  1  1  1] [19 26 27 28 34 35 41 42 44 45 50 51 52 53 61] [ 7530 11514 13714 11967  6063  9641 12531  3789  5104  8674  5529  8335
 11288  5226  7746] [] 1716434716.3126518726
[ 1  1  1  1  1  1  1  1  1  1  1  1  1  1 -1  1] [19 26 27 28 34 35 41 42 44 45 50 51 52 53 60 61] [ 6894  9616  8833 11819  5822  8421 12244  3366  4407  8268  4542  8269
  9372  4774  8980  7230] [] 1716434716.3556313515
[ 1  1  1  1  1  1 -1  1  1  1  1  1  1  1  1  1  1] [19 26 27 28 34 35 36 41 42 44 45 50 51 52 53 60 61] [ 5347  9119  7658 11643  5352  7892 15353 12037  3241  4100  8169  4300
  8222  7634  4467  7611  6945] [] 1716434716.3986587524
[-1  1 -1  1  1  1  1  1  1  1  1  1  1  1  1  1  1  1  1] [11 19 20 26 27 28 34 35 36 41 42 44 45 50 51 52 53 60 61] [10375  5223 16378  8946  6637 11234  5165  7721 13138 11931  3037  4009
  7990  4028  8121  7218  4159  7272  6742] [] 1716434716.4417340755
[ 1  1  1  1 -1  1 -1  1  1  1  1  1  1  1  1  1  1  1  1  1] [11 19 20 26 27 28 29 34 35 36 41 42 44 45 50 51 52 53 60 61] [ 9937  4875 15998  8598  6639 11229 11809  5115  7538 10286 11705  2825
  3871  7331  3861  7019  6915  4052  6234  6651] [] 1716434716.4846901894
[ 1  1  1  1  1  1  1  1 -1  1  1  1 -1  1  1  1  1  1  1  1  1] [11 19 20 26 27 28 29 34 35 36 41 42 43 44 45 50 51 52 53 60 61] [ 9529  4409 15226  8314  6343 11084 10843  4880  7543  8890 11564  2561
 12663  3646  7009  3738  6903  5959  3817  5235  6391] [] 1716434716.5277676582
[ 1  1  1 -1  1  1  1 -1  1  1  1  1  1  1  1  1 -1  1  1  1  1  1  1] [11 19 20 21 26 27 28 29 34 35 36 41 42 43 44 45 46 50 51 52 53 60 61] [ 9372  4192 14566 11372  8218  6126 11018 10846  4616  7365  6847 11487
  2458 12221  3469  6760 11630  3515  6709  5727  3708  4789  6367] [] 1716434716.5706961155
[ 1  1  1  1  1  1  1  1  1  1  1 -1  1  1  1  1  1  1  1  1  1 -1  1  1] [11 19 20 21 26 27 28 29 34 35 36 41 42 43 44 45 46 50 51 52 53 54 60 61] [ 9252  4013 14103 11156  8101  6077 10572 10590  4532  6719  6493 11571
  2372 12160  3354  6741  8976  3306  6657  5720  3590 12125  4435  6329] [] 1716434716.6136915684
[ 1 -1  1  1  1  1  1  1  1  1  1  1 -1  1  1  1  1  1  1  1  1  1  1  1
  1] [11 18 19 20 21 26 27 28 29 34 35 36 41 42 43 44 45 46 50 51 52 53 54 60
 61] [ 9219 13333  3945 13768 10999  7143  5948  8431  8469  4380  6621  6041
 11629  2228 12102  3232  6284  8303  2962  6276  5528  3496  7902  4154
  6247] [] 1716434716.6566784382
[-1  1  1  1  1  1  1  1  1  1  1  1  1  1  1 -1  1  1  1  1  1  1  1  1
  1  1] [ 2 11 18 19 20 21 26 27 28 29 34 35 36 41 42 43 44 45 46 50 51 52 53 54
 60 61] [15403  9160 11096  3816 13680 10857  5803  5789  7085  8254  3948  6593
  5199  7697  2115 12252  3057  5961  8057  2859  5098  5245  3254  6342
  3932  6194] [] 1716434716.6998031139
[ 1  1  1  1 -1  1  1  1  1  1  1  1 -1  1  1  1  1 -1  1  1 -1  1  1  1
  1  1] [11 18 19 20 21 26 27 28 29 34 35 36 37 41 42 43 44 45 46 50 51 52 53 54
 60 61] [ 9030 10688  3689 13000 10893  5164  5607  6273  8055  3697  6382  4777
 16341  6994  2042 12146  2923  5981  7183  2782  5186  4988  3216  6188
  3744  6156] [] 1716434716.7426996231
[-1 -1 -1  1  1  1  1  1  1  1  1  1  1  1  1  1  1  1  1  1  1  1  1 -1
  1  1 -1 -1  1  1] [ 2  3 11 18 19 20 21 26 27 28 29 34 35 36 37 41 42 43 44 45 46 50 51 52
 53 54 57 59 60 61] [15341 14325  9148  8836  3625 12718 10888  4974  5541  5353  7893  3506
  6290  4595 15226  6808  1990 11866  2744  5823  6898  2591  4850  5111
  3149  5938 14977 14008  3663  6135] [] 1716434716.7858262062
[ 1  1 -1  1  1  1  1  1  1  1  1  1  1 -1  1  1  1  1  1  1  1 -1  1  1
  1  1 -1  1  1  1 -1] [ 2  3 10 11 18 19 20 21 26 27 28 29 34 35 36 37 41 42 43 44 45 46 50 51
 52 53 54 57 59 60 61] [14291  6031 13608  8286  8543  3437 12566 10778  4305  5477  4006  6709
  3258  6298  4351 14826  6220  1927 11093  2624  5614  6900  2514  4494
  4281  3034  5976 12676  9599  3652  6153] [] 1716434716.8286991119
[1 1 1 1 1 1 1 1 1 1 1 1 1 1 1 1 1 1 1 1 1 1 1 1 1 1 1 1 1 1 1] [ 2  3 10 11 18 19 20 21 26 27 28 29 34 35 36 37 41 42 43 44 45 46 50 51
 52 53 54 57 59 60 61] [13967  5642 13482  8176  7029  3372 12380 10498  3871  5452  3809  5922
  3095  6011  4257 10964  5672  1850 10719  2554  5178  6456  2465  4450
  3986  2866  5279  7979  9429  3502  6034] [] 1716434716.8717362881
[1 1 1 1 1 1 1 1 1 1 1 1 1 1 1 1 1 1 1 1 1 1 1 1 1 1 1 1 1 1 1] [ 2  3 10 11 18 19 20 21 26 27 28 29 34 35 36 37 41 42 43 44 45 46 50 51
 52 53 54 57 59 60 61] [13357  4583 13352  6811  5349  3294 12050 10448  3503  5429  3481  5908
  2952  5671  4051 10923  4828  1790 10644  2517  4799  5982  2398  4277
  3792  2714  4675  6018  9175  3401  5984] [] 1716434716.9146990776
[ 1  1  1  1  1  1  1  1  1 -1  1  1  1  1  1  1  1  1  1  1 -1 -1  1  1
  1  1 -1 -1  1  1  1 -1] [ 2  3 10 11 18 19 20 21 26 27 28 29 34 35 36 37 41 42 43 44 45 46 50 51
 52 53 54 55 57 59 60 61] [12084  4453 12111  6548  4974  3201 10005 10305  3375  5689  3275  5845
  2778  5557  3880 10884  4501  1698 10451  2452  4901  6058  2343  4037
  3700  2634  4777 10302  4887  9004  3282  6038] [] 1716434716.9577126503
[ 1  1  1  1  1  1  1  1  1  1  1  1  1  1  1  1  1  1  1  1  1  1  1  1
 -1  1  1  1  1  1  1  1] [ 2  3 10 11 18 19 20 21 26 27 28 29 34 35 36 37 41 42 43 44 45 46 50 51
 52 53 54 55 57 59 60 61] [11959  4330 11147  6158  4277  3101  8090 10162  3197  5657  3058  5827
  2623  5008  3523 10800  4197  1636 10276  2400  4466  5962  2264  3993
  3791  2558  4666  8730  4583  8167  3254  6022] [] 1716434717.0007555485
[ 1  1  1  1  1  1  1 -1  1 -1  1  1  1  1  1 -1  1  1  1  1  1  1  1  1
  1  1  1  1  1  1  1  1] [ 2  3 10 11 18 19 20 21 26 27 28 29 34 35 36 37 41 42 43 44 45 46 50 51
 52 53 54 55 57 59 60 61] [11814  4165 10361  6060  4153  3062  7847 10192  3087  5896  2923  5087
  2519  4935  3422 10828  3842  1561  9377  2370  4055  5915  2072  3954
  3775  2496  4557  7303  4007  7252  3253  5981] [] 1716434717.0437407494
[-1  1  1  1  1  1  1 -1  1  1  1  1  1  1  1  1  1  1  1  1  1  1 -1  1
  1  1  1  1  1  1  1  1  1] [ 2  3 10 11 18 19 20 21 26 27 28 29 34 35 36 37 41 42 43 44 45 46 47 50
 51 52 53 54 55 57 59 60 61] [12083  4164  8925  5027  3795  3050  7075 10196  2987  5882  2815  4835
  2339  4863  3280 10086  3588  1514  9019  2318  3885  5877 15266  2016
  3894  3679  2477  4314  6184  3508  6467  3187  5947] [] 1716434717.0867290497
[ 1  1  1  1  1  1  1  1  1  1  1  1  1  1  1  1 -1  1  1  1  1  1  1  1
  1  1  1  1  1  1  1  1  1  1] [ 2  3 10 11 18 19 20 21 26 27 28 29 34 35 36 37 38 41 42 43 44 45 46 47
 50 51 52 53 54 55 57 59 60 61] [11928  4036  8811  4571  3495  2945  6505 10172  2870  5818  2677  4546
  2247  4666  3155  9008 14933  3484  1505  8990  2304  3622  5594 15091
  1956  3818  3647  2434  4173  5956  3418  6164  3135  5937] [] 1716434717.1298260689
[-1 -1  1  1  1  1  1  1  1  1  1  1  1  1  1 -1  1 -1  1 -1 -1 -1  1  1
  1 -1  1  1 -1  1  1  1  1  1] [ 2  3 10 11 18 19 20 21 26 27 28 29 34 35 36 37 38 41 42 43 44 45 46 47
 50 51 52 53 54 55 57 59 60 61] [12351  4211  8762  4236  3455  2899  6423 10069  2867  5426  2650  4363
  2208  4591  3116  9033 14589  3501  1480  9101  2322  3623  5501 14567
  1938  3853  3637  2430  4203  5876  3389  6040  3122  5932] [] 1716434717.1727421284
[-1  1 -1  1 -1  1 -1 -1  1  1  1  1 -1  1  1  1 -1  1  1  1  1  1  1 -1
  1  1 -1  1  1  1  1  1  1  1] [ 2  3 10 11 18 19 20 21 26 27 28 29 34 35 36 37 38 41 42 43 44 45 46 47
 50 51 52 53 54 55 57 59 60 61] [12458  4086  8817  4232  3457  2884  6469 10210  2795  5370  2640  4351
  2235  4559  3094  9031 15749  3444  1474  9069  2320  3575  5474 14625
  1922  3845  3679  2422  4147  5778  3375  5706  3111  5922] [] 1716434717.2157907486
[ 1  1 -1 -1  1  1 -1  1 -1 -1 -1  1  1  1  1  1  1 -1 -1  1  1 -1  1 -1
 -1  1 -1 -1 -1 -1 -1  1  1] [ 2  3 10 11 18 19 20 21 26 27 28 29 34 35 36 37 38 41 42 43 44 45 46 50
 51 52 53 54 55 57 59 60 61] [12439  4021  9064  4283  3407  2882  6472 10148  2797  5477  2651  4335
  2207  4539  3068  8847 15207  3486  1487  9055  2320  3671  5427  1932
  3892  3615  2431  4183  6937  3431  6666  3092  5903] [] 1716434717.2589206696
[ 1  1 -1 -1 -1 -1  1  1 -1  1  1 -1 -1 -1 -1 -1 -1 -1  1  1 -1  1 -1  1
 -1 -1  1 -1 -1 -1 -1 -1] [ 2  3 10 11 18 19 20 21 26 27 28 29 34 35 36 37 41 42 43 44 45 46 50 51
 52 53 54 55 57 59 60 61] [12411  4011  9108  4323  3415  2911  6174 10006  2821  5433  2635  4359
  2210  4549  3095  8922  3630  1500  9052  2290  3681  5319  1970  3877
  3655  2436  4170  7703  3491  6794  3124  5931] [] 1716434717.3018491268
[ 1  1  1 -1 -1 -1 -1  1 -1 -1 -1 -1 -1 -1 -1  1 -1 -1 -1 -1 -1 -1 -1  1
  1 -1 -1 -1 -1 -1  1 -1] [ 2  3 10 11 18 19 20 21 26 27 28 29 34 35 36 37 41 42 43 44 45 46 50 51
 52 53 54 55 57 59 60 61] [12079  3994  8887  4585  3450  2917  6599  9962  2855  5472  2684  4451
  2228  4605  3142  8868  3960  1535  9110  2306  3895  5769  2020  3877
  3639  2491  4239 11503  3883  7405  3124  5946] [] 1716434717.3448808193
[-1 -1  1 -1 -1 -1 -1  1 -1  1 -1 -1 -1  1 -1 -1 -1 -1 -1 -1 -1 -1 -1 -1
  1 -1 -1 -1 -1 -1  1] [ 2  3 10 11 18 19 20 21 26 27 28 29 34 35 36 37 41 42 43 44 45 46 50 51
 52 53 54 57 59 60 61] [12120  4063  8575  5707  3778  2990  7444  9820  2923  5102  2802  4911
  2332  4569  3251 10708  4018  1626  9792  2346  4145  5878  2167  3922
  3590  2506  4251  4550  8744  3171  5871] [] 1716434717.3879642487
[ 1 -1 -1 -1 -1 -1 -1  1 -1  1 -1 -1 -1 -1 -1 -1 -1 -1 -1 -1 -1 -1 -1 -1
 -1 -1 -1 -1 -1 -1  1] [ 2  3 10 11 18 19 20 21 26 27 28 29 34 35 36 37 41 42 43 44 45 46 50 51
 52 53 54 57 59 60 61] [12077  4112  9193  6163  3956  3039  7632  9800  2951  5094  2919  5771
  2451  4589  3414 10728  4241  1642  9965  2406  4347  5952  2247  3958
  3618  2550  4629  5117  9070  3232  5861] [] 1716434717.4309232235
[-1 -1 -1 -1 -1 -1 -1 -1 -1 -1 -1 -1 -1 -1 -1  1 -1 -1 -1 -1 -1 -1 -1 -1
 -1 -1 -1 -1 -1 -1 -1] [ 2  3 10 11 18 19 20 21 26 27 28 29 34 35 36 37 41 42 43 44 45 46 50 51
 52 53 54 57 59 60 61] [12283  4269 11007  6513  4109  3087  8030  9802  2999  5152  3057  5849
  2528  4676  3535 10722  4752  1710 10118  2500  5055  6956  2312  4199
  3710  2630  5759  7471  9292  3385  5881] [] 1716434717.4738876820
[-1 -1 -1 -1 -1 -1 -1 -1 -1 -1 -1 -1 -1 -1 -1 -1 -1 -1  1 -1 -1 -1 -1 -1
 -1 -1 -1 -1 -1 -1 -1] [ 2  3 10 11 18 19 20 21 26 27 28 29 34 35 36 37 41 42 43 44 45 46 50 51
 52 53 54 57 59 60 61] [12298  5400 13252  7886  5346  3189 11303  9984  3455  5608  3402  5963
  2776  5131  3834 10885  5317  1810  9208  2538  5401  6962  2414  4300
  3782  2886  5961 13376 11954  3453  5919] [] 1716434717.5167002678
[-1 -1 -1 -1 -1 -1  1 -1 -1 -1 -1 -1 -1 -1 -1 -1 -1 -1 -1 -1 -1 -1 -1 -1
 -1 -1 -1 -1 -1] [ 2  3 10 11 18 19 20 21 26 27 28 29 34 35 36 37 41 42 43 44 45 46 50 51
 52 53 54 60 61] [12543  5879 13442  8256  6612  3308 10528 10142  3751  5707  3687  6083
  3006  5573  4028 11001  5834  1849 10003  2618  5437  7947  2522  4386
  3872  2974  6327  3471  5960] [] 1716434717.5599308014
[-1 -1 -1 -1 -1 -1 -1 -1 -1 -1 -1 -1 -1 -1 -1  1 -1 -1 -1 -1 -1 -1 -1 -1
 -1 -1 -1 -1 -1] [ 2  3 10 11 18 19 20 21 26 27 28 29 34 35 36 37 41 42 43 44 45 46 50 51
 52 53 54 60 61] [12639 15288 13569  8895  8513  3395 11920 10218  3988  6072  4481  6827
  3135  5646  4122 10991  6254  1904 11754  2788  5665  8166  2558  4767
  3986  3135  9187  3628  6017] [] 1716434717.6029117107
[-1 -1 -1 -1 -1 -1 -1 -1 -1 -1 -1 -1 -1 -1 -1 -1  1 -1 -1 -1 -1 -1 -1 -1
 -1 -1] [ 2 11 18 19 20 21 26 27 28 29 34 35 36 37 41 42 43 44 45 46 50 51 52 53
 60 61] [12958  8901 10195  3424 12252 10320  4458  6103  5403  7797  3458  5679
  4365 11259  7758  2068 11691  2910  5789 11356  2736  6560  4045  3226
  3871  6050] [] 1716434717.6458797455
[-1 -1 -1 -1 -1 -1 -1 -1 -1 -1 -1 -1 -1 -1 -1 -1 -1  1 -1  1 -1 -1 -1 -1] [11 18 19 20 21 26 27 28 29 34 35 36 37 41 42 43 44 45 50 51 52 53 60 61] [ 8905 10701  3586 12602 10794  5159  6221  7091  8031  3892  6023  4540
 15103  8391  2110 11867  2998  5674  2918  6550  4191  3231  4192  6129] [] 1716434717.6887466908
[-1 -1 -1  1 -1 -1 -1 -1 -1 -1 -1 -1 -1 -1 -1 -1 -1 -1 -1 -1 -1 -1 -1] [11 18 19 20 21 26 27 28 29 34 35 36 41 42 43 44 45 50 51 52 53 60 61] [ 8993 10940  3753 12509 10815  6415  6284  8179  8042  3978  6300  5071
 11409  2282 12424  3291  5737  3379  6612  4679  3536  4921  6334] [] 1716434717.7318730354
[-1 -1 -1 -1 -1 -1 -1 -1 -1 -1 -1 -1 -1 -1 -1 -1 -1 -1 -1 -1] [11 19 20 26 27 28 29 34 35 36 41 42 44 45 50 51 52 53 60 61] [ 9130  3835 13729  7881  6403 10659 10675  4328  6682  5702 11515  2417
  3817  6022  3562  6670  4986  3920  5820  6541] [] 1716434717.7748541832
[-1 -1 -1 -1 -1 -1 -1 -1 -1 -1 -1 -1 -1 -1 -1 -1 -1 -1 -1 -1] [11 19 20 26 27 28 29 34 35 36 41 42 44 45 50 51 52 53 60 61] [ 9501  4251 13843  8135  6701 10971 11180  4580  7013  6740 11607  2715
  4076  6423  3746  7706  5317  4362  7030  6738] [] 1716434717.8177127838
[ 1 -1 -1 -1  1 -1 -1 -1 -1 -1 -1 -1 -1 -1 -1 -1 -1 -1] [19 20 26 27 28 34 35 36 41 42 44 45 50 51 52 53 60 61] [ 4167 14169  8314  6738 10839  4792  7877  8100 11964  2965  4310  7959
  4098  8126  7683  4935  9099  7092] [] 1716434717.8607683182
[-1 -1  1 -1 -1  1 -1 -1 -1 -1  1 -1 -1  1 -1 -1 -1] [19 26 27 28 34 35 36 41 42 44 45 50 51 52 53 60 61] [ 4899  8602  6315 10868  5167  7364  8973 12141  3231  4508  6981  4494
  8184  7345  5405 13036  7736] [] 1716434717.9038720131
[-1 -1 -1  1 -1 -1 -1 -1 -1 -1 -1 -1 -1 -1] [19 26 27 28 34 35 41 42 44 45 50 51 52 53] [ 5897  9055  6614 10846  5631  7816 12469  3896  5197 10237  5042  8358
 10049  6885] [] 1716434717.9468379021
[-1 -1 -1 -1 -1 -1 -1 -1 -1 -1 -1 -1] [19 26 27 28 34 35 42 44 45 50 51 52] [ 8083 11160 10226 11163  6677  8958  4524  5806 10791  5837  8698 13464] [] 1716434717.9897685051
[-1 -1  1 -1 -1 -1 -1 -1 -1  1] [19 26 27 28 34 35 42 44 45 50] [10453 11518  9632 11323  7113  9726  5043  6369 11336  5828] [] 1716434718.0327205658
[-1 -1 -1 -1 -1 -1 -1 -1 -1] [19 26 27 28 34 35 42 44 50] [10642 11778 10024 11635  8143 12203  5809  7772  6081] [] 1716434718.0758507252
[-1 -1 -1 -1 -1 -1  1  1 -1] [19 26 27 28 34 35 42 44 50] [11003 12220 10561 12597 10215 13644  5569  7736  6540] [] 1716434718.1188094616
[-1 -1 -1 -1] [34 42 44 50] [11863  6825 11175  8311] [] 1716434718.1617412567
[-1 -1  1] [42 44 50] [ 7674 11605  7911] [] 1716434718.2047226429
[-1 -1] [42 50] [10762  9375] [] 1716434718.2477476597
[ 1 -1] [42 50] [10467  9716] [] 1716434718.2907755375
[-1 -1] [42 50] [10740 10812] [] 1716434718.3337311745
[-1] [42] [15308] [] 1716434718.3767640591
[1] [42] [12779] [] 1716434718.4197680950
[-1] [42] [12895] [] 1716434718.4626691341
2 2 2 1716434718.5488178730
