FA TAX ADC PRES TS
[-1] [42] [12555] [] 1716435142.0310518742
[1] [42] [12491] [] 1716435142.0740771294
[1] [42] [12131] [] 1716435142.1170635223
[1] [42] [11742] [] 1716435142.1601006985
[-1 -1] [42 50] [11847 10685] [] 1716435142.2030718327
[1 1] [42 50] [10257 10021] [] 1716435142.2461128235
[1 1] [42 50] [10157  9789] [] 1716435142.2890834808
[ 1 -1  1] [42 44 50] [ 9913 13292  9625] [] 1716435142.3321399689
[1 1 1] [42 44 50] [ 8893 12723  9394] [] 1716435142.3750247955
[-1  1  1] [42 44 50] [ 9181 12293  9373] [] 1716435142.4181189537
[1 1 1] [42 44 50] [8275 9740 9245] [] 1716435142.4610102177
[ 1  1 -1] [42 44 50] [7705 9407 9269] [] 1716435142.5040650368
[-1  1 -1] [42 44 50] [7976 9273 9290] [] 1716435142.5471096039
[-1  1  1 -1] [35 42 44 50] [15045  6955  8655  9373] [] 1716435142.5900580883
[-1 -1  1  1 -1 -1  1] [28 34 35 42 44 45 50] [12163 14757 14159  6052  8903 12798  8705] [] 1716435142.6330480576
[-1 -1  1 -1  1  1  1  1  1 -1] [19 27 28 34 35 42 44 45 50 51] [10999 14070 12068 16211 13614  5748  7823 11978  7517  9060] [] 1716435142.6761782169
[ 1 -1  1  1  1  1  1  1  1  1  1] [19 26 27 28 34 35 42 44 45 50 51] [10973 12289 13581 12064 12651 12002  5497  6991 11595  7447  8778] [] 1716435142.7190535069
[ 1  1  1  1  1  1  1  1 -1  1  1 -1 -1] [19 26 27 28 34 35 42 44 45 50 51 52 53] [10789 12280 13556 12015  9275 11477  4984  6084 12000  6129  8647 15667
  7919] [] 1716435142.7621433735
[ 1  1  1  1  1  1  1  1  1  1  1  1  1 -1] [19 26 27 28 34 35 42 44 45 50 51 52 53 61] [10543 12117 13407 11498  8005 11389  4549  5751 11949  5240  8534 10312
  7332  8356] [] 1716435142.8052456379
[ 1  1  1 -1  1  1 -1  1  1  1  1  1  1  1  1] [19 26 27 28 34 35 41 42 44 45 50 51 52 53 61] [ 7868 11651  9616 11682  7532  8908 12757  4232  5496  9491  4819  8385
  9187  7008  7839] [] 1716435142.8481576443
[1 1 1 1 1 1 1 1 1 1 1 1 1 1 1] [19 26 27 28 34 35 41 42 44 45 50 51 52 53 61] [ 6585 11562  8456 11350  6587  8536 12338  3880  5056  8953  4676  7805
  7921  6443  7341] [] 1716435142.8911137581
[ 1  1  1  1  1  1  1  1  1  1  1  1  1  1 -1  1] [19 26 27 28 34 35 41 42 44 45 50 51 52 53 60 61] [ 5548 11148  8260 11171  6296  8299 12253  3470  4583  8543  4385  7066
  6927  6013 15049  6961] [] 1716435142.9341850281
[1 1 1 1 1 1 1 1 1 1 1 1 1 1 1 1] [19 26 27 28 34 35 41 42 44 45 50 51 52 53 60 61] [ 5028  9120  8025 11022  5906  7356 12037  3275  4353  8346  4255  6966
  6161  5948  9871  6938] [] 1716435142.9771533012
[1 1 1 1 1 1 1 1 1 1 1 1 1 1 1 1] [19 26 27 28 34 35 41 42 44 45 50 51 52 53 60 61] [ 4630  8908  7929 10950  5783  7321 11911  3069  4201  8113  4113  6951
  5932  5610  7986  6732] [] 1716435143.0201878548
[ 1  1  1 -1 -1  1  1 -1  1  1  1  1  1  1  1  1  1  1] [19 26 27 28 29 34 35 36 41 42 44 45 50 51 52 53 60 61] [ 4547  8525  7143 11215 12712  5309  7172 16315 11783  2796  3860  7987
  3818  6833  5735  5223  6484  6639] [] 1716435143.0631802082
[-1  1  1  1 -1  1  1 -1  1  1  1  1  1  1  1  1  1  1  1] [11 19 26 27 28 29 34 35 36 41 42 44 45 50 51 52 53 60 61] [ 9812  4376  8286  6656 11243 11115  4865  7189 14868 11489  2602  3670
  7875  3582  6707  5601  4846  5804  6355] [] 1716435143.1060144901
[ 1 -1  1 -1  1  1  1  1  1  1 -1  1  1  1  1  1  1  1  1  1] [11 18 19 26 27 28 29 34 35 36 41 42 44 45 50 51 52 53 60 61] [ 9732 11638  4253  8330  6564 10282 10810  4668  6845 14467 11495  2454
  3597  7754  3360  5661  5468  4499  5407  6224] [] 1716435143.1491165161
[ 1  1  1 -1  1  1  1  1  1  1  1 -1  1  1  1  1  1  1  1  1  1] [11 18 19 20 26 27 28 29 34 35 36 41 42 44 45 50 51 52 53 60 61] [ 9517 11272  4067 16182  8098  6436  9767 10768  4382  6636 10964 11623
  2329  3487  7662  3221  5500  5210  4207  4761  6083] [] 1716435143.1921055317
[ 1  1  1  1 -1  1  1  1 -1  1  1  1  1  1  1  1  1  1  1  1 -1  1 -1] [11 18 19 20 21 26 27 28 29 34 35 36 41 42 44 45 50 51 52 53 54 60 61] [ 9382 10634  3907 15594 11844  6963  6407  7996 10780  4265  6552  8658
 11609  2245  3322  6314  3119  5419  5057  4139 11859  4381  6174] [] 1716435143.2351303101
[ 1  1  1  1  1  1  1  1  1  1  1  1  1  1  1 -1 -1  1  1 -1  1  1  1  1] [11 18 19 20 21 26 27 28 29 34 35 36 41 42 44 45 46 50 51 52 53 54 60 61] [ 9295  8932  3828 14449 11122  6391  5576  7613  8217  4203  6537  7800
  7663  2196  3007  7020 11676  3034  5413  5134  4068 11573  4122  6113] [] 1716435143.2781488895
[ 1  1  1  1  1  1  1  1  1  1 -1  1  1  1 -1  1  1  1  1  1  1  1  1  1
 -1] [11 18 19 20 21 26 27 28 29 34 35 36 41 42 43 44 45 46 50 51 52 53 54 60
 61] [ 9221  8779  3770 14234 11008  5779  5468  6817  8131  4075  6663  7379
  7360  2165 15281  2734  5752 10863  2971  5339  4908  3748  7513  4086
  6121] [] 1716435143.3210644722
[-1 -1  1  1  1  1  1  1  1  1  1  1  1 -1  1  1  1  1  1  1  1  1  1  1
  1 -1  1  1] [10 11 18 19 20 21 26 27 28 29 34 35 36 37 41 42 43 44 45 46 50 51 52 53
 54 59 60 61] [14634  9239  8581  3609 13742 10792  4725  5375  5882  6971  3934  6574
  7043 16368  7051  2095 14376  2686  5700  8179  2802  5178  4827  3547
  6191  9529  3880  6100] [] 1716435143.3640010357
[-1  1  1  1  1 -1  1  1  1  1  1  1  1  1  1  1  1  1  1 -1  1  1  1  1
  1  1 -1  1  1] [ 3 10 11 18 19 20 21 26 27 28 29 34 35 36 37 41 42 43 44 45 46 50 51 52
 53 54 59 60 61] [12822 13906  9212  6581  3583 13789 10792  4407  5306  4873  6939  3662
  6508  5662 15120  6552  2063 14279  2656  5705  7081  2744  4307  4528
  3431  6143  9569  3824  6056] [] 1716435143.4070351124
[ 1 -1  1  1  1  1 -1  1  1  1  1  1 -1  1  1  1  1 -1  1  1  1  1  1  1
  1  1  1  1 -1] [ 3 10 11 18 19 20 21 26 27 28 29 34 35 36 37 41 42 43 44 45 46 50 51 52
 53 54 59 60 61] [ 8775 13944  9122  5118  3514 13270 10817  4039  5192  4498  6687  3467
  6510  5236 15031  5901  1983 14447  2624  5597  7003  2504  4255  3829
  3324  6047  9421  3742  6061] [] 1716435143.4500081539
[ 1  1  1  1  1  1  1  1  1  1  1  1  1  1  1  1  1  1  1  1  1  1  1  1
  1  1 -1  1  1 -1] [ 3 10 11 18 19 20 21 26 27 28 29 34 35 36 37 41 42 43 44 45 46 50 51 52
 53 54 57 59 60 61] [ 5723 11567  8470  4761  3455 12786 10718  3831  5179  3949  6003  3190
  6283  4847 10766  5634  1929 10981  2505  5538  6922  2372  4082  3788
  3257  5371 11592  7925  3587  6111] [] 1716435143.4930138588
[ 1  1  1  1  1  1  1  1  1  1  1  1  1  1  1  1  1 -1  1  1  1  1  1  1
  1  1  1  1  1  1] [ 3 10 11 18 19 20 21 26 27 28 29 34 35 36 37 41 42 43 44 45 46 50 51 52
 53 54 57 59 60 61] [ 5490 10171  8366  4446  3323 12616 10465  3713  5055  3710  5752  2996
  6238  4626 10627  4982  1850 11144  2452  5461  6902  2272  4016  3702
  3089  5151 10777  7322  3561  6041] [] 1716435143.5360977650
[ 1  1  1 -1  1  1 -1  1  1  1 -1  1  1  1  1  1  1  1  1  1  1  1  1  1
  1  1  1  1  1  1] [ 3 10 11 18 19 20 21 26 27 28 29 34 35 36 37 41 42 43 44 45 46 50 51 52
 53 54 57 59 60 61] [ 5401  9492  8303  4451  3295 12174 10480  3623  4997  3551  5801  2904
  6033  4484 10616  4586  1776 10887  2416  5354  6629  2253  3901  3579
  2904  4686  8823  7007  3443  5967] [] 1716435143.5790987015
[-1  1  1  1  1  1  1  1  1  1  1  1  1  1  1 -1  1  1  1  1  1  1  1  1
  1  1  1 -1  1  1  1 -1] [ 2  3 10 11 18 19 20 21 26 27 28 29 34 35 36 37 41 42 43 44 45 46 50 51
 52 53 54 55 57 59 60 61] [15780  4543  8810  8193  4094  3130 12151 10368  3455  4917  3315  4897
  2784  5524  4246 10706  4070  1705 10005  2386  5211  5841  2175  3852
  3548  2815  4630 11175  7065  6587  3382  6020] [] 1716435143.6220746040
[ 1  1  1  1  1  1  1  1  1  1  1  1  1  1  1 -1 -1  1  1 -1  1  1 -1  1
  1 -1  1  1  1  1  1  1  1] [ 2  3 10 11 18 19 20 21 26 27 28 29 34 35 36 37 38 41 42 43 44 45 46 50
 51 52 53 54 55 57 59 60 61] [15459  4129  8362  7502  3911  3087  9029 10153  3279  4590  3136  4857
  2672  5284  3910 10733 16365  3770  1640 10167  2306  4997  5844  2051
  3844  3569  2745  4505  7635  5489  6202  3336  6014] [] 1716435143.6650192738
[ 1  1  1 -1  1  1  1 -1  1  1  1 -1  1  1  1  1  1  1  1  1  1  1  1  1
  1  1  1  1  1  1  1  1  1] [ 2  3 10 11 18 19 20 21 26 27 28 29 34 35 36 37 38 41 42 43 44 45 46 50
 51 52 53 54 55 57 59 60 61] [15106  3863  7944  7515  3467  2998  8257 10157  3059  4510  3054  4955
  2605  5181  3692 10526 14981  3758  1603  9219  2245  4746  5762  1970
  3628  3491  2715  4319  6720  4724  4859  3300  6003] [] 1716435143.7080211639
[-1  1  1  1  1  1  1 -1  1 -1  1  1  1  1  1  1  1  1  1  1  1  1 -1  1
  1  1  1  1  1  1  1  1  1 -1] [ 2  3 10 11 18 19 20 21 26 27 28 29 34 35 36 37 38 41 42 43 44 45 46 50
 51 52 53 54 55 57 59 60 61 62] [15155  3711  7790  6477  3300  2922  8135 10213  2979  4718  2914  4846
  2467  4919  3604  9589 14587  3648  1562  8803  2240  4381  5781  1893
  3527  3422  2644  4203  6379  4385  4592  3189  6002 15480] [] 1716435143.7511241436
[-1  1  1  1  1  1  1  1  1  1  1  1  1  1  1 -1  1  1  1 -1 -1  1  1  1
  1  1  1  1  1  1  1 -1 -1  1] [ 2  3 10 11 18 19 20 21 26 27 28 29 34 35 36 37 38 41 42 43 44 45 46 50
 51 52 53 54 55 57 59 60 61 62] [15259  3591  7359  6137  3033  2877  8028 10160  2899  4655  2723  4755
  2396  4853  3474  9652 14381  3627  1546  8815  2242  4381  5764  1868
  3448  3414  2644  4099  6159  4149  4502  3206  6017 14488] [] 1716435143.7941033840
[-1  1  1  1  1  1 -1  1  1  1  1  1  1 -1 -1  1 -1  1  1  1  1  1 -1  1
 -1 -1  1  1 -1  1  1  1 -1  1] [ 2  3 10 11 18 19 20 21 26 27 28 29 34 35 36 37 38 41 42 43 44 45 46 50
 51 52 53 54 55 57 59 60 61 62] [15863  3537  7287  6049  2993  2859  8080 10089  2857  4585  2676  4735
  2354  4909  3514  9458 14676  3598  1536  8711  2232  4360  5847  1858
  3494  3458  2616  4085  6162  4117  4485  3185  6018 13792] [] 1716435143.8370385170
[ 1  1  1  1  1 -1 -1 -1  1  1  1  1 -1 -1  1  1  1  1  1  1  1  1  1  1
  1  1  1 -1 -1  1  1 -1  1  1] [ 2  3 10 11 18 19 20 21 26 27 28 29 34 35 36 37 38 41 42 43 44 45 46 50
 51 52 53 54 55 57 59 60 61 62] [15823  3517  7285  6018  2988  2871  8097 10128  2843  4573  2627  4722
  2382  4952  3450  9388 13453  3564  1530  8693  2232  4305  5803  1858
  3426  3445  2598  4161  6292  4062  4437  3219  6008 13204] [] 1716435143.8799877167
[ 1 -1  1  1  1 -1  1 -1 -1  1  1 -1  1  1  1  1  1 -1 -1 -1  1  1  1 -1
 -1 -1 -1  1 -1 -1 -1  1  1] [ 2  3 10 11 18 19 20 21 26 27 28 29 34 35 36 37 38 41 42 43 44 45 46 50
 51 52 53 54 55 57 59 60 61] [15002  3535  7267  5969  2983  2874  7993 10203  2869  4524  2616  4727
  2336  4874  3432  9281 12922  3747  1551  8799  2222  4303  5801  1892
  3472  3469  2602  4154  7251  4460  4580  3160  5922] [] 1716435143.9231114388
[-1  1 -1 -1 -1  1  1  1 -1 -1 -1 -1 -1 -1 -1  1 -1 -1 -1 -1 -1 -1  1 -1
 -1  1 -1 -1 -1 -1 -1 -1  1] [ 2  3 10 11 18 19 20 21 26 27 28 29 34 35 36 37 38 41 42 43 44 45 46 50
 51 52 53 54 55 57 59 60 61] [15218  3513  7317  6391  3081  2858  7895  9965  2876  4564  2679  4749
  2402  4888  3446  9228 13564  3833  1559  9743  2252  4678  5774  1925
  3689  3434  2640  4275 10908  4833  5392  3215  5908] [] 1716435143.9660935402
[ 1 -1 -1 -1 -1 -1 -1  1 -1 -1 -1  1 -1 -1 -1 -1 -1 -1 -1 -1 -1  1 -1 -1
 -1 -1  1 -1 -1 -1  1] [ 2  3 10 11 18 19 20 21 26 27 28 29 34 35 36 37 41 42 43 44 45 46 50 51
 52 53 54 57 59 60 61] [15038  3583  7574  7231  3229  2895  8411  9948  2889  4610  2842  4693
  2435  4938  3533 10122  3874  1621  9755  2254  4918  5642  1971  3692
  3468  2698  4175  5933  6436  3265  5870] [] 1716435144.0090467930
[-1 -1 -1 -1 -1 -1 -1  1 -1 -1 -1 -1 -1 -1 -1 -1 -1 -1 -1 -1 -1 -1 -1 -1
 -1 -1 -1 -1 -1 -1  1] [ 2  3 10 11 18 19 20 21 26 27 28 29 34 35 36 37 41 42 43 44 45 46 50 51
 52 53 54 57 59 60 61] [15071  3827  7820  7357  3717  2999  8740  9904  3027  4739  2972  4746
  2530  5082  3826 10129  4252  1667  9825  2304  5162  6723  2020  3735
  3496  2767  4671  7082  6805  3298  5863] [] 1716435144.0520443916
[-1 -1 -1 -1 -1 -1 -1 -1 -1 -1 -1 -1 -1 -1 -1 -1 -1 -1 -1 -1 -1 -1 -1 -1
 -1 -1 -1 -1 -1 -1 -1] [ 2  3 10 11 18 19 20 21 26 27 28 29 34 35 36 37 41 42 43 44 45 46 50 51
 52 53 54 57 59 60 61] [15263  4158  8037  7956  3965  3064  8817  9920  3259  4767  3114  4831
  2613  5133  3988 10279  4764  1763  9862  2356  5423  6839  2136  3814
  3546  2989  5629  9786  7450  3400  5931] [] 1716435144.0950963497
[-1 -1 -1 -1 -1 -1 -1 -1 -1 -1 -1 -1 -1 -1 -1 -1 -1 -1 -1 -1  1  1 -1 -1
 -1 -1 -1 -1 -1 -1 -1] [ 2  3 10 11 18 19 20 21 26 27 28 29 34 35 36 37 41 42 43 44 45 46 50 51
 52 53 54 57 59 60 61] [15413  5107  8611  8095  4439  3152 11413 10034  3363  4833  3298  5833
  2740  5522  4276 10487  5142  1810 10358  2394  5383  6832  2210  3875
  3604  3013  5912 10857  8102  3506  5946] [] 1716435144.1380045414
[-1 -1 -1 -1 -1 -1 -1 -1 -1 -1 -1 -1 -1 -1 -1 -1 -1 -1 -1 -1 -1 -1 -1 -1
 -1 -1 -1 -1 -1  1] [ 2  3 10 11 18 19 20 21 26 27 28 29 34 35 36 37 41 42 43 44 45 46 50 51
 52 53 54 59 60 61] [15706  5467  9314  8179  4650  3225 11664 10035  3655  4870  3485  5934
  2808  5535  4430 10621  5723  1891 13907  2484  5606  7930  2362  3966
  3633  3143  6119  9353  3592  5920] [] 1716435144.1810412407
[-1 -1 -1 -1 -1 -1 -1 -1 -1 -1 -1 -1 -1 -1 -1 -1 -1 -1 -1  1 -1 -1 -1 -1
 -1 -1 -1 -1 -1] [ 3 10 11 18 19 20 21 26 27 28 29 34 35 36 37 41 42 43 44 45 46 50 51 52
 53 54 59 60 61] [ 8214 11211  8615  5315  3376 11864 10214  3915  4977  3939  6039  3076
  5537  4622 10954  6287  1960 13963  2581  5560 10820  2527  4102  3692
  3432  8710  9421  3727  5942] [] 1716435144.2239744663
[-1 -1 -1 -1 -1 -1 -1 -1 -1 -1 -1 -1 -1 -1 -1 -1  1 -1  1 -1 -1 -1 -1 -1
 -1 -1  1] [10 11 18 19 20 21 26 27 28 29 34 35 36 37 41 42 43 44 45 50 51 52 53 54
 59 60 61] [13373  8970  6395  3469 12100 10511  4211  5199  4513  6652  3478  5734
  4762 15046  6532  2016 13619  2764  5456  2697  4914  3736  3510 11886
 12539  3815  5921] [] 1716435144.2670109272
[-1 -1 -1 -1 -1 -1 -1 -1 -1 -1 -1 -1 -1 -1 -1 -1 -1 -1  1 -1 -1 -1 -1 -1
  1] [10 11 18 19 20 21 26 27 28 29 34 35 36 37 41 42 43 44 45 50 51 52 53 60
 61] [13717  9079  7073  3599 12395 10723  4485  5461  5444  6802  3635  5745
  5315 15167  6876  2094 13785  2967  5409  2873  5155  3846  3680  3903
  5892] [] 1716435144.3099682331
[-1 -1 -1 -1 -1 -1 -1 -1 -1 -1 -1 -1 -1 -1 -1 -1 -1 -1 -1 -1 -1 -1] [11 18 19 20 26 27 28 29 34 35 36 41 42 43 44 45 50 51 52 53 60 61] [ 9102 10504  3638 13255  6651  5598  6779  6923  3970  5800  5883 11296
  2235 14485  3048  5541  2946  5661  4070  3895  4378  6065] [] 1716435144.3529732227
[-1 -1 -1 -1 -1 -1 -1 -1 -1 -1 -1 -1 -1 -1 -1 -1 -1 -1 -1 -1 -1] [11 18 19 20 26 27 28 29 34 35 36 41 42 44 45 50 51 52 53 60 61] [ 9211 10822  3707 13574  7453  6403  7195  8782  4136  5930  6802 11535
  2390  3246  5709  3366  6527  4286  4457  5215  6414] [] 1716435144.3961341381
[-1 -1 -1 -1 -1 -1 -1 -1 -1 -1 -1  1 -1 -1 -1 -1 -1 -1 -1 -1 -1] [11 18 19 20 26 27 28 29 34 35 36 41 42 44 45 50 51 52 53 60 61] [ 9787 11372  4066 15226  8063  6844  9838 11029  4334  6197  7808 11369
  2522  3395  5815  3639  6832  4635  4616  5558  6556] [] 1716435144.4391064644
[ 1 -1 -1  1 -1 -1 -1 -1 -1 -1 -1 -1 -1  1 -1 -1 -1 -1] [19 20 26 27 28 34 35 36 41 42 44 45 50 51 52 53 60 61] [ 3844 16263  8157  6798 10735  4452  6207 11719 11655  2798  3792  6172
  3891  6804  5128  5086  7076  6836] [] 1716435144.4819300175
[-1 -1 -1 -1 -1 -1 -1 -1 -1 -1 -1 -1 -1 -1 -1 -1] [19 26 27 28 34 35 36 41 42 44 45 50 51 52 53 61] [ 4186  8416  7085 10855  4965  6293 12478 11883  3108  4546  7068  4165
  6900  5657  5978  7311] [] 1716435144.5249671936
[-1 -1 -1 -1 -1 -1 -1 -1 -1 -1 -1 -1 -1 -1 -1 -1] [19 26 27 28 34 35 36 41 42 44 45 50 51 52 53 61] [ 4695 10574  7467 10934  6006  6756 16353 12156  3442  4707  9238  4364
  6981  6473  6774  7823] [] 1716435144.5679495335
[-1 -1 -1 -1 -1 -1 -1 -1 -1 -1 -1 -1] [19 26 27 28 34 35 42 44 45 50 51 52] [ 5567 10754  7985 11064  6283  6926  3902  5060 11256  4856  8333  8997] [] 1716435144.6109662056
[-1 -1 -1 -1 -1 -1 -1 -1 -1 -1 -1] [19 26 27 28 34 35 42 44 45 50 51] [ 9979 11084  9646 11089  7790  8541  4569  5346 11403  5436  8337] [] 1716435144.6539595127
[-1 -1 -1 -1 -1 -1 -1 -1 -1 -1] [19 26 27 28 34 35 42 44 50 51] [10542 11345  9944 11399  9078 11041  5423  6879  6513  8457] [] 1716435144.6969783306
[-1 -1 -1 -1 -1 -1 -1 -1 -1 -1] [19 26 27 28 34 35 42 44 50 51] [10935 11735 10316 11814 14404 11336  6052  7798  8493  8980] [] 1716435144.7400028706
[ 1 -1 -1 -1 -1] [19 35 42 44 50] [10189 11530  6773  7979  9048] [] 1716435144.7828485966
[-1 -1 -1 -1] [35 42 44 50] [11907  7369 11315  9153] [] 1716435144.8258688450
[-1 -1 -1] [42 44 50] [ 8075 12166  9188] [] 1716435144.8688731194
[-1 -1] [42 50] [9634 9405] [] 1716435144.9118587971
[-1 -1] [42 50] [9656 9676] [] 1716435144.9549231529
[-1 -1] [42 50] [10046 10985] [] 1716435144.9979035854
[-1] [42] [10664] [] 1716435145.0408515930
[-1] [42] [11890] [] 1716435145.0838186741
2 2 2 1716435145.2119884491
