FA TAX ADC PRES TS
[-1] [42] [11940] [] 1716435209.7522890568
[1] [42] [11079] [] 1716435209.7952058315
[1] [42] [10321] [] 1716435209.8382215500
[-1 -1] [42 50] [10559 10231] [] 1716435209.8812263012
[-1  1] [42 50] [10581 10041] [] 1716435209.9242856503
[-1 -1  1] [42 44 50] [11327 13039  9767] [] 1716435209.9672296047
[1 1 1] [42 44 50] [11221 12401  9671] [] 1716435210.0102264881
[-1  1  1] [42 44 50] [11231 12351  9469] [] 1716435210.0532162189
[-1  1 -1 -1] [42 44 50 51] [11315  9909  9660 11818] [] 1716435210.0962638855
[-1 -1  1  1  1] [35 42 44 50 51] [14940 11463  9256  9590 11575] [] 1716435210.1392276287
[-1  1  1 -1  1  1] [19 35 42 44 50 51] [10393 14822 10953  9335  9548 11308] [] 1716435210.1822237968
[-1 -1 -1 -1  1  1  1  1  1] [19 27 28 34 35 42 44 50 51] [11065 14171 12848 13849 14234 10829  8798  9128 11045] [] 1716435210.2252430916
[ 1 -1  1  1  1  1  1  1 -1  1  1] [19 26 27 28 34 35 42 44 45 50 51] [10954 13586 13719 12211 13793 13457  9452  8679 12126  8965  7756] [] 1716435210.2683351040
[-1  1  1 -1  1  1  1  1  1  1  1] [19 26 27 28 34 35 42 44 45 50 51] [11030 13181 13628 12234 11669 12397  8478  7470 11784  7423  7501] [] 1716435210.3113026619
[ 1  1  1  1  1  1  1  1 -1  1  1 -1] [19 26 27 28 34 35 42 44 45 50 51 52] [10923 11805 13512 12038  9250 12043  7320  6573 11811  6946  7377 15801] [] 1716435210.3542981148
[ 1  1  1  1  1 -1  1  1  1  1  1  1 -1] [19 26 27 28 34 35 42 44 45 50 51 52 53] [ 8942 11603 13323 11755  8929 12101  5698  5721 11547  5239  7194 12875
 10969] [] 1716435210.3973236084
[1 1 1 1 1 1 1 1 1 1 1 1 1] [19 26 27 28 34 35 42 44 45 50 51 52 53] [ 6820 11160 11353 11563  6803 11379  5124  5459  8951  4921  7071  9427
  6912] [] 1716435210.4403231144
[ 1  1  1  1  1  1 -1  1  1  1  1  1  1  1 -1] [19 26 27 28 34 35 41 42 44 45 50 51 52 53 61] [ 5949 10779 10853 11251  6223  8927 12777  4729  5087  8703  4715  7025
  9164  6157 13079] [] 1716435210.4832787514
[ 1  1  1 -1  1  1 -1  1  1  1  1  1  1  1  1  1] [19 26 27 28 34 35 36 41 42 44 45 50 51 52 53 61] [ 5572 10666  8737 11369  6027  8788 13676 12538  4146  4762  7025  4522
  6773  8616  5984  9282] [] 1716435210.5263261795
[ 1  1  1  1  1  1  1  1  1  1  1  1  1  1  1 -1  1] [19 26 27 28 34 35 36 41 42 44 45 50 51 52 53 60 61] [ 5080 10508  7170 11138  5248  8711 10433 12309  3640  4429  6432  4343
  6412  6780  5688 13409  7278] [] 1716435210.5692813396
[-1  1 -1  1  1  1 -1  1  1  1  1  1  1  1  1  1  1  1  1  1] [11 19 20 26 27 28 29 34 35 36 41 42 44 45 50 51 52 53 60 61] [10472  5012 16367  9420  6231 11075 12298  4917  8215  8855 11941  3352
  4342  6299  4069  5614  6611  5108  9968  6786] [] 1716435210.6122984886
[ 1  1  1  1  1  1  1  1  1  1 -1  1 -1  1  1  1  1  1  1  1  1] [11 19 20 26 27 28 29 34 35 36 41 42 43 44 45 50 51 52 53 60 61] [ 9847  4776 15993  8783  5895 10871 11312  4677  8101  7541 11974  3230
 14737  4091  6205  3915  5546  6548  4934  8652  6740] [] 1716435210.6552889347
[ 1  1 -1  1  1  1  1  1  1  1  1  1 -1  1  1  1  1  1  1  1  1] [11 19 20 26 27 28 29 34 35 36 41 42 43 44 45 50 51 52 53 60 61] [ 9647  4506 16014  8361  5738 10779 10852  4490  7939  7226  8961  2902
 15221  3680  5986  3770  5519  6412  4382  6991  6401] [] 1716435210.6983199120
[ 1  1  1  1  1  1  1  1  1  1  1  1  1  1 -1  1  1  1  1  1  1] [11 19 20 26 27 28 29 34 35 36 41 42 44 45 46 50 51 52 53 60 61] [ 9457  4203 15634  8268  5621 10721 10680  4299  7878  6620  7909  2618
  3349  5912 11434  3667  4961  6232  4112  6150  6314] [] 1716435210.7413146496
[ 1  1  1 -1  1  1 -1 -1  1  1  1  1  1 -1  1  1  1  1  1  1  1  1  1] [11 19 20 21 26 27 28 29 34 35 36 41 42 43 44 45 46 50 51 52 53 60 61] [ 9320  4008 14882 11899  8069  5455 10750 10744  4072  7298  5356  7245
  2493 15269  3235  5738 11006  3551  4889  6112  4008  5711  6240] [] 1716435210.7843017578
[-1 -1  1  1  1  1  1  1  1  1  1  1 -1  1  1  1  1 -1  1  1  1  1  1  1
  1] [11 18 19 20 21 26 27 28 29 34 35 36 37 41 42 43 44 45 46 50 51 52 53 60
 61] [ 9362 11199  3969 14570 11280  8021  5436 10088  8884  3851  6680  5268
 16355  6889  2423 15033  3152  5771 10903  3376  4824  5937  3984  5209
  6172] [] 1716435210.8272881508
[ 1  1  1  1  1  1  1  1  1  1  1  1  1  1  1 -1  1  1  1  1  1  1  1 -1
  1  1] [11 18 19 20 21 26 27 28 29 34 35 36 37 41 42 43 44 45 46 50 51 52 53 54
 60 61] [ 9211 10946  3913 13914 10896  7833  5347  9651  8821  3754  6619  5231
 13176  5937  2255 15703  2859  5692  9986  3279  4014  5835  3764 11807
  4974  6122] [] 1716435210.8703522682
[1 1 1 1 1 1 1 1 1 1 1 1 1 1 1 1 1 1 1 1 1 1 1 1 1 1] [11 18 19 20 21 26 27 28 29 34 35 36 37 41 42 43 44 45 46 50 51 52 53 54
 60 61] [ 9155 10574  3762 13595 10702  6295  5244  8645  8633  3694  6214  4873
 12876  5500  2130 14949  2740  5630  8508  2956  3736  5653  3751  7810
  4242  6101] [] 1716435210.9133353233
[-1  1  1  1  1  1  1  1  1  1  1  1  1  1  1  1 -1  1  1  1  1 -1  1  1
  1 -1  1  1] [10 11 18 19 20 21 26 27 28 29 34 35 36 37 41 42 43 44 45 46 50 51 52 53
 54 57 60 61] [13715  8313 10349  3691 12527 10625  5255  5141  6365  7142  3240  5924
  4267 12753  5368  2074 16180  2723  5624  8289  2884  3755  5142  3584
  6670 15369  4060  6025] [] 1716435210.9563691616
[ 1  1  1  1  1  1  1  1  1  1  1 -1  1  1  1  1  1  1  1  1  1  1  1  1
  1  1  1  1] [10 11 18 19 20 21 26 27 28 29 34 35 36 37 41 42 43 44 45 46 50 51 52 53
 54 57 60 61] [13627  8273 10274  3669 12412 10509  4911  5108  5995  7047  3135  6006
  4194 10928  4848  2010 15235  2574  5586  6956  2674  3530  5011  3293
  5995  9789  3860  5998] [] 1716435210.9993155003
[-1 -1  1  1  1  1 -1  1  1  1  1  1 -1  1  1  1  1 -1  1  1  1  1  1  1
  1  1  1  1  1] [ 3 10 11 18 19 20 21 26 27 28 29 34 35 36 37 41 42 43 44 45 46 50 51 52
 53 54 57 60 61] [11766 13656  7012  6922  3603 12124 10620  4289  5066  5251  6763  2998
  6056  4043 10691  4133  1893 15591  2495  5483  6878  2449  3300  4603
  3175  5866  8781  3779  5908] [] 1716435211.0423662663
[ 1  1  1  1  1  1 -1  1  1  1  1  1 -1  1  1  1  1  1  1  1  1  1  1  1
  1  1  1  1 -1] [ 3 10 11 18 19 20 21 26 27 28 29 34 35 36 37 41 42 43 44 45 46 50 51 52
 53 54 57 60 61] [ 7057 10749  6680  6623  3503 11561 10662  4127  4969  5052  6629  2796
  6172  3712 10240  3958  1842 11048  2486  5330  6334  2322  3264  4414
  3166  5711  7860  3677  5961] [] 1716435211.0853507519
[ 1  1  1 -1  1  1  1  1  1  1  1  1  1  1 -1  1  1  1  1  1  1  1  1  1
 -1  1  1 -1 -1  1] [ 3 10 11 18 19 20 21 26 27 28 29 34 35 36 37 41 42 43 44 45 46 50 51 52
 53 54 57 59 60 61] [ 6518  9723  6393  6626  3419 11157 10612  3687  4922  4818  6431  2728
  6122  3625 10414  3842  1794 10963  2443  5240  5961  2227  3156  4371
  3219  5566  7094 12883  3780  5913] [] 1716435211.1283507347
[ 1  1  1  1  1  1  1  1  1  1  1  1  1  1  1  1  1 -1  1  1  1  1  1  1
  1  1  1  1  1  1] [ 3 10 11 18 19 20 21 26 27 28 29 34 35 36 37 41 42 43 44 45 46 50 51 52
 53 54 57 59 60 61] [ 6061  9015  6135  6407  3359  8808 10422  3525  4871  4267  6326  2640
  5935  3569 10032  3626  1718 11408  2328  5133  5867  2132  3120  4328
  2962  5466  5477  9132  3640  5818] [] 1716435211.1713588238
[ 1  1  1  1  1  1  1  1  1  1  1  1  1  1 -1  1  1  1  1  1 -1  1  1  1
  1  1 -1  1  1  1 -1] [ 3 10 11 18 19 20 21 26 27 28 29 34 35 36 37 41 42 43 44 45 46 50 51 52
 53 54 55 57 59 60 61] [ 5802  8964  5665  4508  3199  8542 10357  3357  4706  3688  4955  2530
  5748  3275 10224  3398  1662 10186  2274  4884  5950  2042  2954  4262
  2883  4768 10094  4316  8935  3567  5881] [] 1716435211.2143402100
[ 1  1  1  1  1  1  1  1  1  1  1  1  1  1  1 -1  1  1  1  1  1  1  1  1
  1  1  1  1  1 -1 -1 -1] [ 3 10 11 18 19 20 21 26 27 28 29 34 35 36 37 38 41 42 43 44 45 46 50 51
 52 53 54 55 57 59 60 61] [ 5409  8038  5150  4273  3141  8390 10245  3119  4633  3166  4757  2462
  5147  3065  8593 14843  3204  1604  9225  2236  4799  5751  1974  2860
  4260  2822  4294  6602  3967  8989  3591  5883] [] 1716435211.2573628426
[ 1  1  1  1  1  1 -1  1  1  1  1  1  1  1 -1 -1  1  1 -1  1  1  1  1  1
  1  1  1  1  1  1  1  1] [ 3 10 11 18 19 20 21 26 27 28 29 34 35 36 37 38 41 42 43 44 45 46 50 51
 52 53 54 55 57 59 60 61] [ 5035  7939  4011  3884  3039  6381 10380  3051  4593  2970  4340  2359
  5007  2879  9044 15284  3196  1564  9919  2195  4731  5276  1926  2804
  4074  2620  4258  5688  3631  8516  3492  5856] [] 1716435211.3003809452
[ 1  1  1  1  1  1  1  1  1  1  1  1  1  1  1  1 -1  1  1 -1 -1 -1  1  1
 -1  1  1  1  1  1 -1  1] [ 3 10 11 18 19 20 21 26 27 28 29 34 35 36 37 38 41 42 43 44 45 46 50 51
 52 53 54 55 57 59 60 61] [ 4541  7382  3701  3735  3011  6221 10198  2962  4493  2848  4259  2303
  4518  2790  8836 13677  3225  1550  9334  2237  4768  5421  1902  2725
  4092  2615  4135  5396  3507  8399  3528  5848] [] 1716435211.3433582783
[ 1  1  1  1 -1  1  1  1  1  1  1  1  1  1  1  1  1  1  1  1 -1  1  1 -1
 -1 -1  1  1  1  1  1  1] [ 3 10 11 18 19 20 21 26 27 28 29 34 35 36 37 38 41 42 43 44 45 46 50 51
 52 53 54 55 57 59 60 61] [ 4410  7309  3700  3690  3034  5880 10124  2957  4476  2795  4165  2249
  4501  2786  8729 13259  3160  1534  8635  2206  4819  5343  1878  2748
  4096  2624  4066  5360  3401  8285  3502  5833] [] 1716435211.3863856792
[ 1 -1 -1  1  1 -1  1  1  1  1 -1  1 -1  1 -1  1  1  1  1 -1 -1  1  1  1
 -1  1 -1 -1  1  1  1 -1] [ 3 10 11 18 19 20 21 26 27 28 29 34 35 36 37 38 41 42 43 44 45 46 50 51
 52 53 54 55 57 59 60 61] [ 4307  7335  3725  3665  2985  5941 10040  2943  4438  2734  4211  2235
  4519  2769  9235 13245  3110  1528  8565  2210  4829  5278  1870  2708
  4119  2621  4100  5367  3400  7948  3482  5900] [] 1716435211.4293591976
[ 1  1 -1 -1  1 -1 -1 -1  1  1  1 -1 -1  1 -1  1  1 -1 -1 -1  1  1  1 -1
  1  1 -1 -1 -1 -1 -1  1  1] [ 3 10 11 18 19 20 21 23 26 27 28 29 34 35 36 37 38 41 42 43 44 45 46 50
 51 52 53 54 55 57 59 60 61] [ 4287  7263  3750  3673  2947  5951 10082 15510  2937  4382  2727  4231
  2255  4479  2774  9156 12725  3138  1555  8831  2198  4810  5276  1880
  2706  4068  2626  4291  6490  3426  8273  3460  5856] [] 1716435211.4723851681
[ 1  1 -1  1 -1 -1  1 -1 -1  1  1  1  1 -1  1 -1 -1  1 -1  1 -1  1 -1 -1
  1 -1 -1 -1 -1 -1 -1  1] [ 3 10 11 18 19 20 21 26 27 28 29 34 35 36 37 38 41 42 43 44 45 46 50 51
 52 53 54 55 57 59 60 61] [ 4287  7250  3763  3643  2973  6050  9949  2967  4427  2723  4187  2222
  4464  2823  9147 13788  3146  1554  8903  2196  4822  5206  1888  2751
  4065  2667  4415  8005  3593  8758  3497  5823] [] 1716435211.5153045654
[ 1 -1 -1 -1 -1  1 -1  1 -1 -1  1 -1  1  1  1 -1 -1 -1 -1 -1 -1 -1 -1 -1
 -1 -1 -1 -1  1  1] [ 3 10 11 18 19 20 21 26 27 28 29 34 35 36 37 41 42 43 44 45 46 50 51 52
 53 54 57 59 60 61] [4235 7599 4169 3775 3011 5941 9988 2963 4447 2843 4156 2303 4453 2822
 9053 3252 1586 9747 2288 5073 5495 1925 2859 4124 2768 5119 4259 9024
 3492 5730] [] 1716435211.5583264828
[-1 -1 -1 -1 -1 -1  1 -1  1 -1 -1 -1 -1 -1 -1 -1 -1  1 -1 -1 -1 -1 -1 -1
 -1 -1 -1 -1 -1 -1] [ 3 10 11 18 19 20 21 26 27 28 29 34 35 36 37 41 42 43 44 45 46 50 51 52
 53 54 57 59 60 61] [5138 7670 5084 4129 3071 7124 9971 3022 4420 3077 4159 2358 4929 2899
 9130 3448 1667 9666 2301 5110 5813 1972 2970 4186 2887 5515 5453 9054
 3558 5793] [] 1716435211.6013166904
[-1 -1 -1 -1 -1 -1 -1 -1 -1 -1 -1 -1 -1 -1 -1 -1 -1 -1 -1 -1 -1 -1 -1 -1
 -1 -1 -1 -1 -1  1] [ 3 10 11 18 19 20 21 26 27 28 29 34 35 36 37 41 42 43 44 45 46 50 51 52
 53 54 57 59 60 61] [ 5207  7964  5925  4863  3162  7505 10064  3187  4479  3532  4715  2435
  5162  3185  9932  3600  1698  9733  2328  5189  6613  2072  3037  4204
  2925  5676  6365 11744  3582  5739] [] 1716435211.6443526745
[-1 -1 -1 -1 -1 -1 -1 -1 -1 -1 -1 -1  1 -1 -1 -1 -1 -1 -1 -1 -1 -1 -1 -1
 -1 -1 -1 -1  1] [ 3 10 11 18 19 20 21 26 27 28 29 34 35 36 37 41 42 43 44 45 46 50 51 52
 53 54 57 60 61] [ 5379  8373  6083  6379  3199  8124 10116  3295  4518  3769  6096  2534
  5126  3275 10001  3778  1748 11396  2401  5192  6919  2147  3087  4249
  2981  5737  7980  3627  5735] [] 1716435211.6873595715
[-1 -1 -1 -1 -1 -1  1 -1 -1 -1 -1 -1  1 -1 -1 -1 -1 -1 -1 -1 -1 -1 -1 -1
 -1 -1 -1 -1 -1] [ 3 10 11 18 19 20 21 26 27 28 29 34 35 36 37 41 42 43 44 45 46 50 51 52
 53 54 57 60 61] [ 8350  8572  6586  6455  3303 10538 10115  3445  4752  4161  6192  2656
  5102  3454 10105  4441  1830 14243  2448  5519  6976  2254  3228  4494
  3022  9249  9917  3810  5797] [] 1716435211.7303516865
[-1 -1 -1 -1 -1 -1 -1 -1 -1 -1 -1 -1 -1  1 -1 -1  1 -1 -1 -1 -1 -1  1 -1
 -1 -1 -1] [10 11 18 19 20 21 26 27 28 29 34 35 36 37 41 42 43 44 45 46 50 51 52 53
 54 60 61] [ 9143  8098  6601  3402 10686 10214  3757  4816  4803  6486  2809  5281
  3634 10096  4918  1935 14167  2548  5523  8216  2598  3544  4450  3300
 12414  4021  5942] [] 1716435211.7733194828
[-1 -1 -1 -1 -1 -1 -1 -1 -1 -1 -1 -1 -1 -1 -1 -1 -1 -1  1 -1 -1 -1 -1 -1
 -1  1] [10 11 18 19 20 21 26 27 28 29 34 35 36 37 41 42 43 44 45 46 50 51 52 53
 60 61] [12958  8966  7603  3492 11062 10382  4355  4937  5251  6821  3058  5798
  3831 10352  5373  1990 14249  2747  5502  8263  2669  3775  4731  3341
  4223  5908] [] 1716435211.8163666725
[-1 -1 -1 -1 -1 -1 -1 -1 -1 -1 -1 -1 -1 -1 -1 -1 -1 -1 -1 -1 -1 -1 -1 -1
 -1 -1] [10 11 18 19 20 21 26 27 28 29 34 35 36 37 41 42 43 44 45 46 50 51 52 53
 60 61] [13876  9002  7718  3602 11442 10498  5074  4999  5630  6949  3199  5856
  4079 10541  5570  2079 14281  2778  5503 11113  2806  4333  5034  3489
  4487  6012] [] 1716435211.8592908382
[-1 -1 -1 -1 -1 -1 -1 -1 -1 -1  1 -1 -1 -1 -1  1 -1 -1 -1 -1 -1 -1 -1 -1] [11 18 19 20 21 26 27 28 29 34 35 36 37 41 42 43 44 45 50 51 52 53 60 61] [ 9060 10670  3688 12184 10679  7300  5094  8035  7271  3553  5719  4594
 12697  6814  2238 14250  2967  5554  3163  4462  5123  3990  5159  6165] [] 1716435211.9023051262
[-1 -1 -1 -1 -1 -1 -1 -1 -1 -1 -1 -1 -1 -1  1 -1 -1 -1 -1 -1 -1 -1 -1] [11 18 19 20 26 27 28 29 34 35 36 37 41 42 43 44 45 50 51 52 53 60 61] [ 9097 10918  3735 12529  7876  5175  9383  8722  3832  5807  4996 14015
  6975  2354 14206  3159  5594  3298  4839  5380  4048  5238  6243] [] 1716435211.9453010559
[-1  1 -1  1  1 -1 -1 -1 -1  1 -1 -1 -1 -1 -1 -1 -1 -1 -1 -1 -1] [11 19 20 26 27 28 29 34 35 36 41 42 43 44 45 50 51 52 53 60 61] [ 9114  3687 13062  7827  5119 10686 10464  3947  6272  4799  9683  2649
 15814  3531  5831  3529  5185  5844  4884  7054  6509] [] 1716435211.9882936478
[-1 -1 -1 -1 -1 -1 -1 -1 -1 -1 -1 -1 -1 -1 -1 -1  1 -1 -1 -1] [11 19 20 26 27 28 29 34 35 36 41 42 44 45 50 51 52 53 60 61] [ 9635  4223 14394  8232  5371 10867 11024  4319  6467  5539 11815  2900
  3796  6009  3862  5956  5320  5170  9291  6773] [] 1716435212.0312759876
[ 1 -1 -1 -1  1 -1 -1 -1 -1 -1 -1 -1 -1 -1 -1 -1 -1] [19 20 26 27 28 34 35 36 41 42 44 45 50 51 52 53 61] [ 4141 15840  8309  5567 10751  4511  7093  6918 12016  3259  4068  6404
  3983  6066  6387  5589  7024] [] 1716435212.0742392540
[-1 -1 -1 -1 -1 -1 -1 -1 -1 -1 -1 -1 -1 -1 -1] [19 26 27 28 34 35 36 41 42 44 45 50 51 52 53] [ 4559 10244  6397 10908  5158  7178  7023 12179  3519  4229  6733  4221
  6165  7389  6299] [] 1716435212.1172325611
[-1 -1 -1  1 -1 -1 -1 -1 -1 -1 -1 -1 -1] [19 26 27 28 34 35 36 42 44 45 50 51 52] [ 4836 10616  6825 10852  5483  7913  8853  4098  4795 10503  4601  7039
  9229] [] 1716435212.1602387428
[-1 -1 -1  1 -1 -1 -1 -1 -1 -1 -1  1 -1] [19 26 27 28 34 35 36 42 44 45 50 51 52] [ 6220 10887  7561 10831  6128  8304 14720  5115  5384 11441  5639  6900
 15644] [] 1716435212.2032287121
[-1 -1 -1 -1 -1 -1 -1 -1 -1 -1 -1 -1] [19 26 27 28 34 35 36 42 44 45 50 51] [10168 11244  8761 11423  6919 10692 15160  6759  5638 12704  6517  7070] [] 1716435212.2462360859
[-1 -1 -1 -1 -1 -1 -1 -1 -1 -1] [19 26 27 28 34 35 42 44 50 51] [10589 11623 10022 11902  7732 10917  7637  6675  6682  8114] [] 1716435212.2892279625
[-1 -1 -1 -1 -1 -1 -1 -1 -1] [19 27 28 34 35 42 44 50 51] [10906 13622 13031 10572 11776  8771  8787  9241 11104] [] 1716435212.3321995735
[ 1 -1 -1 -1 -1 -1  1] [19 27 34 35 42 44 50] [10701 15943 11359 12451  9788  9279  9169] [] 1716435212.3751904964
[-1 -1 -1 -1] [35 42 44 50] [14230 10718 11741  9267] [] 1716435212.4181826115
[-1 -1 -1 -1] [35 42 44 50] [14596 10929 12063  9440] [] 1716435212.4612052441
[-1 -1  1] [42 44 50] [10993 12729  7223] [] 1716435212.5041842461
[1] [42] [10801] [] 1716435212.5471615791
[-1] [42] [12456] [] 1716435212.5901660919
2 2 2 1716435212.7824621201
