FA TAX ADC PRES TS
[-1] [42] [12683] [] 1716435187.0585439205
[1] [42] [11889] [] 1716435187.1015462875
[1] [42] [11646] [] 1716435187.1445639133
[1] [42] [11291] [] 1716435187.1875228882
[-1 -1] [42 50] [11451 10084] [] 1716435187.2305583954
[ 1 -1  1] [42 44 50] [11299 13127  9961] [] 1716435187.2736113071
[1 1 1] [42 44 50] [11139 12770  9814] [] 1716435187.3163836002
[1 1 1] [42 44 50] [11082  9927  9527] [] 1716435187.3595626354
[-1 -1 -1] [42 44 50] [11309  9983  9590] [] 1716435187.4025747776
[-1 -1  1  1 -1] [19 35 42 44 50] [10760 16345 11296  9962  9682] [] 1716435187.4455044270
[ 1 -1  1  1  1  1] [19 27 35 42 44 50] [10559 14371 16058 11209  9943  9286] [] 1716435187.4882693291
[-1  1 -1  1  1  1  1] [19 27 34 35 42 44 50] [10791 13526 10593 15057 10673  9598  8638] [] 1716435187.5315647125
[-1  1 -1  1  1  1  1 -1] [19 27 28 34 35 42 44 50] [11090 13436 12602 10431 14322  9937  8796  8669] [] 1716435187.5746464729
[-1 -1 -1  1 -1  1 -1  1  1] [19 26 27 28 34 35 42 44 50] [11286 12396 13733 12275 10983 10239 10860  8506  6502] [] 1716435187.6176722050
[ 1  1  1  1  1 -1  1  1 -1  1 -1] [19 26 27 28 34 35 42 44 45 50 52] [11058 11993 12300 12113  9293 10774  9350  7209 11868  5879 16296] [] 1716435187.6606338024
[ 1  1  1  1 -1 -1  1  1  1  1 -1  1] [19 26 27 28 34 35 42 44 45 50 51 52] [10618 11730 11743 11893  9351 13300  9037  6663 11703  5767 11433 13914] [] 1716435187.7036316395
[1 1 1 1 1 1 1 1 1 1 1 1] [19 26 27 28 34 35 42 44 45 50 51 52] [ 9106 11439 11405 11483  8917 12848  7573  5968  8606  5512 11145 11927] [] 1716435187.7466199398
[ 1  1  1  1  1  1 -1  1  1  1  1  1  1 -1] [19 26 27 28 34 35 41 42 44 45 50 51 52 53] [ 8418 11132  9667 11317  7629 12751 12629  5996  5390  7432  5122  8639
 11289  8372] [] 1716435187.7896528244
[ 1  1  1 -1  1  1 -1  1  1 -1  1  1  1  1  1 -1] [19 26 27 28 34 35 36 41 42 44 45 50 51 52 53 61] [ 7066 10768  8783 11365  7025 11308 16223 12351  4742  5630  7199  4362
  8324 10394  7315  7694] [] 1716435187.8324699402
[1 1 1 1 1 1 1 1 1 1 1 1 1 1 1] [19 26 27 28 34 35 41 42 44 45 50 51 52 53 61] [ 6619  8979  8684 11175  5684  8718 12199  4591  4936  7074  3886  6234
 10077  6846  7295] [] 1716435187.8755908012
[ 1  1 -1  1  1  1 -1  1  1  1  1  1  1  1  1 -1  1] [19 26 27 28 34 35 36 41 42 44 45 50 51 52 53 60 61] [ 6151  8801  8938 11117  5250  8034 14276 12002  4049  4698  6651  3670
  6140  8304  6791 12219  7185] [] 1716435187.9186074734
[ 1 -1  1  1  1  1  1  1  1  1  1  1  1  1  1  1  1  1] [19 20 26 27 28 34 35 36 41 42 44 45 50 51 52 53 60 61] [ 5038 16256  8335  7759 10926  4939  7842 14020 11823  3626  4343  6487
  3578  6114  7518  6652  9625  6951] [] 1716435187.9616496563
[-1 -1  1 -1  1  1 -1  1 -1  1  1  1  1  1  1  1  1  1  1  1] [11 19 20 26 27 28 29 34 35 36 41 42 44 45 50 51 52 53 60 61] [10219  5099 15059  8371  6661 10867 13878  4557  7983 12013 11807  3275
  4178  6477  3498  6017  7426  6370  8780  6825] [] 1716435188.0044934750
[ 1  1  1  1  1 -1  1  1 -1 -1  1  1  1  1  1  1  1  1  1  1] [11 19 20 26 27 28 29 34 35 36 41 42 44 45 50 51 52 53 60 61] [ 9760  4831 14120  8180  6608 10926 11616  4442  7993 12034 11619  3071
  3753  6178  3306  5139  6697  5636  6904  6554] [] 1716435188.0476517677
[ 1 -1  1  1  1  1  1  1  1  1  1  1  1  1  1  1  1  1  1  1  1] [11 18 19 20 26 27 28 29 34 35 36 41 42 44 45 50 51 52 53 60 61] [ 9739 11255  4725 12782  7410  6509  9783 10724  4100  7912  8926 11607
  2860  3570  5917  3198  5043  6421  4964  6363  6390] [] 1716435188.0906002522
[ 1  1  1 -1  1  1  1  1  1 -1  1  1  1  1 -1 -1  1  1  1  1 -1  1  1] [11 18 19 20 26 27 28 29 34 35 36 41 42 44 45 46 50 51 52 53 54 60 61] [ 9544 11042  4576 13254  6270  6237  8405 10596  3919  7927  7748 11505
  2722  3458  5989 11893  3084  4920  6363  4813 12530  5331  6330] [] 1716435188.1336400509
[ 1  1  1  1  1  1  1 -1  1 -1  1  1  1  1  1  1  1  1  1  1  1  1  1] [11 18 19 20 26 27 28 29 34 35 36 41 42 44 45 46 50 51 52 53 54 60 61] [ 9372  9488  4356 12587  5391  6005  7303 10602  3728  7950  6911 11478
  2621  3282  5899 11054  2963  4833  6282  4644 12055  4941  6234] [] 1716435188.1767659187
[ 1  1  1  1 -1  1  1  1 -1  1  1  1 -1  1  1  1  1  1  1  1  1  1  1  1
 -1] [11 18 19 20 21 26 27 28 29 34 35 36 37 41 42 44 45 46 50 51 52 53 54 60
 61] [ 9283  8921  4283 12195 12120  5154  5679  6526 10610  3616  7844  6550
 16350 11295  2502  3208  5884 10892  2857  4823  6193  4518 11878  4846
  6241] [] 1716435188.2196643353
[1 1 1 1 1 1 1 1 1 1 1 1 1 1 1 1 1 1 1 1 1 1 1 1 1] [11 18 19 20 21 26 27 28 29 34 35 36 37 41 42 44 45 46 50 51 52 53 54 60
 61] [ 9104  8612  4074 11930 11456  4874  5280  5689 10575  3410  7730  6228
 12733 10850  2383  3035  5816 10809  2679  4743  5828  4262  9506  4543
  6181] [] 1716435188.2626039982
[ 1  1  1  1  1  1  1  1  1  1  1  1 -1  1  1  1  1  1  1  1  1  1  1  1
  1] [11 18 19 20 21 26 27 28 29 34 35 36 37 41 42 44 45 46 50 51 52 53 54 60
 61] [ 8949  8451  3881 11844 10874  4625  5199  4820 10488  3284  7658  5834
 12832 10781  2251  2927  5696  8895  2478  4660  5359  3731  8912  4267
  5999] [] 1716435188.3055975437
[ 1  1  1  1  1  1  1  1  1  1  1  1  1  1  1 -1  1  1  1  1 -1  1  1  1
 -1 -1  1] [11 18 19 20 21 26 27 28 29 34 35 36 37 41 42 43 44 45 46 50 51 52 53 54
 59 60 61] [ 8945  6048  3804 11710 10622  4367  5138  4530  8909  3224  7536  5317
 12444  9872  2205 15431  2783  5680  8783  2447  4791  5356  3677  8380
 11069  4329  5982] [] 1716435188.3486518860
[-1 -1  1  1  1 -1  1  1  1  1  1 -1  1  1  1  1  1  1 -1  1  1  1  1 -1
  1 -1  1  1  1] [10 11 18 19 20 21 26 27 28 29 34 35 36 37 41 42 43 44 45 46 50 51 52 53
 54 57 59 60 61] [14634  9054  5635  3797  9998 10645  4277  5099  4160  8825  3201  7720
  4539 11178  6894  2083 14990  2649  5694  8243  2363  4620  5164  3680
  7577 15954  9804  4009  5919] [] 1716435188.3917217255
[-1 -1  1 -1  1  1  1 -1  1  1  1  1  1 -1  1  1  1  1  1  1  1  1  1  1
  1  1  1  1  1  1  1] [ 2  3 10 11 18 19 20 21 26 27 28 29 34 35 36 37 41 42 43 44 45 46 50 51
 52 53 54 57 59 60 61] [15879  7452 14019  9161  5125  3690  9001 10779  3909  5042  3593  8663
  3055  7732  4230 11027  6704  2017 10813  2565  5657  6891  2255  4538
  5009  3602  5660 13876  9256  3960  5881] [] 1716435188.4346122742
[ 1  1  1  1  1  1  1  1  1 -1  1  1  1  1  1 -1  1  1  1  1  1  1  1  1
  1  1  1  1  1  1  1] [ 2  3 10 11 18 19 20 21 26 27 28 29 34 35 36 37 41 42 43 44 45 46 50 51
 52 53 54 57 59 60 61] [15754  6060 13538  8203  4855  3613  8252 10613  3724  5057  3242  7256
  2966  7680  4047 11284  5978  1966 10040  2464  5628  6083  2190  4460
  4626  3549  5336 11841  9185  3742  5875] [] 1716435188.4777040482
[ 1  1  1  1  1  1  1  1  1  1  1  1  1  1 -1  1  1  1  1  1  1  1  1 -1
  1  1  1  1 -1  1] [ 3 10 11 18 19 20 21 26 27 28 29 34 35 36 37 41 42 43 44 45 46 50 51 52
 53 54 57 59 60 61] [ 5683 11002  7395  4529  3583  7729 10510  3607  4927  3125  7105  2881
  7438  3941 11320  5338  1897  9521  2329  5464  5933  2117  4232  4989
  3416  4781  8746  8981  3803  5859] [] 1716435188.5204021931
[ 1  1  1  1  1  1  1  1  1  1  1 -1  1  1  1  1  1  1 -1  1 -1  1  1  1
  1 -1  1 -1  1  1  1  1] [ 3 10 11 18 19 20 21 26 27 28 29 33 34 35 36 37 41 42 43 44 45 46 50 51
 52 53 54 55 57 59 60 61] [ 5445 10082  6143  4251  3427  5807 10378  3295  4873  2865  5477 12556
  2776  6286  3783 11262  5094  1812  9900  2288  5542  5780  2041  3948
  4810  3451  4577 11297  8547  8383  3551  5854] [] 1716435188.5636353493
[ 1  1  1  1  1  1  1  1  1  1  1  1  1  1  1  1 -1  1  1  1  1  1  1  1
  1  1  1  1  1  1  1  1 -1] [ 3 10 11 18 19 20 21 26 27 28 29 33 34 35 36 37 38 41 42 43 44 45 46 50
 51 52 53 54 55 57 59 60 61] [ 5297  9693  5737  3897  3296  5456 10337  3229  4800  2743  4932 12401
  2646  5815  3527 10800 12681  4772  1790  9707  2244  5477  5411  1986
  3748  4712  3349  4446  9155  7833  6519  3515  5930] [] 1716435188.6065945625
[ 1  1 -1  1  1  1  1  1  1  1  1 -1  1  1  1  1  1  1  1  1  1 -1 -1  1
  1  1  1  1  1  1  1  1  1] [ 3 10 11 18 19 20 21 26 27 28 29 33 34 35 36 37 38 41 42 43 44 45 46 50
 51 52 53 54 55 57 59 60 61] [ 5263  9272  5749  3805  3215  5301 10159  3018  4763  2644  4717 12414
  2566  5721  3415 10473 11489  4281  1688  9331  2226  5479  5415  1913
  3391  4630  3061  4331  6375  6182  5615  3306  5820] [] 1716435188.6497199535
[ 1  1  1  1  1  1  1  1  1  1 -1 -1  1  1  1  1  1  1  1  1  1 -1  1 -1
  1  1  1  1  1  1  1  1  1 -1 -1] [ 3 10 11 18 19 20 21 26 27 28 29 33 34 35 36 37 38 41 42 43 44 45 46 47
 50 51 52 53 54 55 57 59 60 61 62] [ 4211  8606  5011  3619  3183  5200  8260  2901  4673  2529  4799 12552
  2430  5140  3074  8372  9532  3828  1645  9012  2171  5497  5363 12615
  1894  3357  4526  2860  4298  6181  5412  5151  3301  5904 15232] [] 1716435188.6923749447
[ 1  1  1  1  1  1 -1  1  1  1 -1  1  1  1  1  1  1  1  1 -1 -1  1  1  1
 -1 -1  1  1  1  1  1  1 -1 -1  1] [ 3 10 11 18 19 20 21 26 27 28 29 33 34 35 36 37 38 41 42 43 44 45 46 47
 50 51 52 53 54 55 57 59 60 61 62] [ 4190  8477  4706  3551  3119  4768  8278  2871  4595  2467  4926 12476
  2349  4733  3051  8310  9493  3804  1622  9252  2187  5352  5338 12611
  1908  3396  4479  2832  4183  6067  5375  5060  3378  5930 14572] [] 1716435188.7356309891
[ 1  1  1  1  1  1  1  1  1  1  1 -1  1 -1  1  1 -1  1 -1  1  1 -1  1 -1
 -1  1 -1  1  1  1  1  1  1 -1  1] [ 3 10 11 18 19 20 21 26 27 28 29 33 34 35 36 37 38 41 42 43 44 45 46 47
 50 51 52 53 54 55 57 59 60 61 62] [ 4136  8392  4547  3509  3104  4723  8221  2811  4515  2433  4487 12497
  2328  4762  3050  8239  9513  3780  1639  9247  2152  5356  5316 12630
  1934  3366  4485  2821  4164  6026  5332  4957  3302  5958 14564] [] 1716435188.7787055969
[-1  1  1  1  1  1  1 -1  1  1  1  1  1 -1  1  1 -1  1  1  1  1 -1 -1  1
  1  1  1  1 -1  1  1  1  1  1  1] [ 3 10 11 18 19 20 21 26 27 28 29 33 34 35 36 37 38 41 42 43 44 45 46 47
 50 51 52 53 54 55 57 59 60 61 62] [ 4163  8363  4425  3447  3091  4694  8174  2831  4493  2409  4315 12474
  2313  4802  3001  8232  9665  3723  1600  8850  2136  5381  5356 12412
  1855  3311  4480  2783  4217  5943  5279  4715  3250  5864 14556] [] 1716435188.8217012882
[ 1 -1  1  1  1  1  1  1 -1  1  1  1  1  1  1 -1 -1 -1 -1 -1 -1  1  1 -1
 -1 -1 -1  1 -1 -1 -1  1  1] [ 3 10 11 18 19 20 21 26 27 28 29 33 34 35 36 37 38 41 42 43 44 45 46 50
 51 52 53 54 55 57 59 60 61] [ 4111  8368  4399  3439  3055  4657  8162  2791  4497  2385  4231 12448
  2298  4710  2916  8318 10240  3938  1627  8968  2141  5375  5207  1856
  3369  4505  2834  4212  6628  5577  4922  3226  5851] [] 1716435188.8647437096
[-1  1 -1 -1  1  1  1 -1  1 -1 -1  1 -1 -1 -1  1 -1 -1 -1 -1 -1  1 -1 -1
  1 -1 -1 -1 -1 -1 -1 -1  1] [ 3 10 11 18 19 20 21 26 27 28 29 33 34 35 36 37 38 41 42 43 44 45 46 50
 51 52 53 54 55 57 59 60 61] [ 4123  8322  4706  3497  3031  4629  7996  2813  4452  2416  4400 12427
  2306  4719  3015  8093 10920  4116  1636  9094  2159  5354  5268  1903
  3356  4533  2941  4315  9888  6247  5806  3229  5803] [] 1716435188.9077012539
[-1 -1 -1 -1 -1 -1 -1  1  1 -1 -1 -1 -1 -1 -1 -1  1 -1 -1 -1 -1  1 -1 -1
 -1 -1 -1 -1 -1 -1 -1  1] [ 3 10 11 18 19 20 21 26 27 28 29 33 34 35 36 37 38 41 42 43 44 45 46 50
 51 52 53 54 57 59 60 61] [ 4131  8438  5130  3538  3071  4906  8994  2813  4423  2462  4514 12480
  2368  5021  3154  8856 10570  4530  1703 10052  2198  5335  5691  1941
  3462  4549  3023  4349  6811  6024  3346  5759] [] 1716435188.9507062435
[-1 -1 -1 -1 -1 -1 -1 -1 -1 -1 -1  1 -1 -1 -1 -1 -1 -1 -1 -1 -1 -1 -1 -1
 -1 -1 -1 -1 -1 -1 -1] [ 3 10 11 18 19 20 21 26 27 28 29 33 34 35 36 37 41 42 43 44 45 46 50 51
 52 53 54 57 59 60 61] [ 5077  8524  5736  3666  3149  4987  9955  2865  4677  2579  4734 12449
  2493  5319  3169  8914  4760  1752 10055  2234  5424  5710  1967  3683
  4633  3071  5177  7701  8286  3440  5796] [] 1716435188.9936797619
[-1 -1 -1 -1 -1 -1  1 -1 -1 -1 -1 -1 -1 -1 -1 -1 -1 -1  1 -1 -1 -1 -1 -1
 -1 -1 -1 -1 -1 -1  1] [ 3 10 11 18 19 20 21 26 27 28 29 33 34 35 36 37 41 42 43 44 45 46 50 51
 52 53 54 57 59 60 61] [ 5195  8747  6108  3802  3195  5191  9909  3119  4678  2688  5021 12496
  2596  5548  3311  9153  5058  1833 10007  2258  5427  6667  2015  3842
  4803  3214  6686  9228  8858  3480  5728] [] 1716435189.0366435051
[-1 -1 -1 -1 -1 -1 -1 -1 -1 -1 -1 -1 -1 -1 -1 -1 -1 -1 -1 -1 -1 -1 -1 -1
 -1 -1 -1 -1 -1 -1 -1] [ 3 10 11 18 19 20 21 26 27 28 29 33 34 35 36 37 41 42 43 44 45 46 50 51
 52 53 54 57 59 60 61] [ 5262  9340  7811  4219  3303  5241  9919  3255  4771  2794  5219 12560
  2701  5921  3532  9276  6098  1877 10063  2350  5448  7805  2077  4044
  4835  3228  6829 10054  9269  3717  5749] [] 1716435189.0796337128
[-1 -1 -1 -1 -1 -1 -1 -1 -1 -1 -1 -1 -1 -1 -1 -1 -1 -1 -1 -1 -1 -1 -1 -1
 -1 -1 -1 -1 -1 -1] [ 3 10 11 18 19 20 21 26 27 28 29 34 35 36 37 41 42 43 44 45 46 50 51 52
 53 54 57 59 60 61] [ 8292 13237  8728  4844  3451  6501 10264  3442  4875  3146  6897  2799
  6353  4012 10901  6406  1960 14553  2397  5541  7933  2149  4458  5396
  3308  8698 12856  9450  3770  5827] [] 1716435189.1226789951
[-1  1 -1 -1 -1 -1 -1  1 -1 -1 -1 -1 -1 -1 -1 -1 -1 -1  1 -1 -1 -1 -1 -1
 -1 -1  1] [10 11 18 19 20 21 26 27 28 29 34 35 36 37 41 42 43 44 45 46 50 51 52 53
 54 60 61] [13359  8689  5279  3490  8565 10323  3621  4844  3424  6937  2944  6452
  4134 11296  6738  2026 14809  2581  5509  8432  2239  4475  5517  3376
 11258  3821  5810] [] 1716435189.1656315327
[-1 -1 -1 -1 -1 -1 -1 -1 -1 -1 -1 -1 -1 -1 -1  1 -1 -1 -1 -1 -1 -1 -1 -1
 -1 -1] [11 18 19 20 21 26 27 28 29 34 35 36 37 41 42 43 44 45 46 50 51 52 53 54
 60 61] [ 8721  6183  3568 10065 10330  3781  4878  3803  7355  3071  6533  4342
 11696  8623  2237 14088  2792  5586 10980  2386  4517  5756  3468 12173
  4129  5900] [] 1716435189.2086193562
[ 1 -1 -1 -1 -1 -1 -1 -1 -1 -1 -1 -1 -1 -1 -1  1 -1  1 -1 -1 -1 -1 -1 -1] [11 18 19 20 21 26 27 28 29 34 35 36 37 41 42 43 44 45 50 51 52 53 60 61] [ 8569  7934  3679 10639 10616  4153  4961  4471  8170  3192  6843  4985
 12504 10493  2348 13929  2934  5530  2635  4660  5867  4113  4384  5952] [] 1716435189.2517173290
[-1 -1 -1 -1 -1 -1 -1 -1 -1 -1 -1 -1 -1 -1 -1 -1 -1 -1 -1 -1 -1 -1 -1 -1] [11 18 19 20 21 26 27 28 29 34 35 36 37 41 42 43 44 45 50 51 52 53 60 61] [ 8939  8474  3824 10931 11136  4695  5103  5408 10435  3519  6862  5318
 12991 10718  2526 14971  3027  5607  2924  4727  6001  4156  4672  6083] [] 1716435189.2946295738
[-1 -1 -1 -1 -1  1 -1  1 -1 -1 -1 -1 -1 -1 -1 -1 -1 -1 -1 -1 -1 -1] [11 18 19 20 26 27 28 29 34 35 36 41 42 43 44 45 50 51 52 53 60 61] [ 9028 10387  3884 11429  5124  5095  6450 10307  3634  7376  5708 11421
  2662 15057  3175  5704  3059  4866  6130  4737  5264  6273] [] 1716435189.3375000954
[-1 -1 -1 -1 -1 -1 -1 -1 -1 -1 -1 -1 -1 -1 -1 -1 -1 -1 -1 -1 -1] [11 18 19 20 26 27 28 29 34 35 36 41 42 44 45 50 51 52 53 60 61] [ 9222 10659  4060 12110  6095  5167  8642 10634  3884  7590  6473 11644
  3044  3516  5995  3337  5699  6463  5572  6261  6719] [] 1716435189.3805291653
[-1 -1 -1 -1 -1 -1 -1 -1 -1 -1 -1 -1 -1 -1 -1 -1 -1 -1 -1] [11 19 20 26 27 28 34 35 36 41 42 44 45 50 51 52 53 60 61] [10628  4375 13234  8002  5395 10583  4141  7887  7951 11837  3400  3711
  6113  3463  5714  6535  5836  6876  6852] [] 1716435189.4235744476
[ 1 -1 -1 -1  1 -1 -1 -1 -1 -1 -1 -1 -1 -1 -1 -1 -1 -1] [19 20 26 27 28 34 35 36 41 42 44 45 50 51 52 53 60 61] [ 4332 14820  8059  5494 10526  4287  7975  9381 11899  3895  4038  6720
  3556  5955  8125  6566 11651  7297] [] 1716435189.4666752815
[-1 -1 -1 -1 -1 -1 -1 -1 -1 -1 -1 -1 -1 -1 -1] [19 26 27 28 34 35 36 41 42 44 45 50 51 52 53] [ 4935  8357  5828 10659  4570  8183 11267 12036  4627  4300  6979  4006
  6138  8420  7737] [] 1716435189.5096392632
[-1 -1 -1 -1 -1 -1 -1 -1 -1 -1 -1 -1 -1 -1] [19 26 27 28 34 35 36 41 42 44 45 50 51 52] [ 5785 10386  6287 10695  6500  8600 11719 12423  5673  4965 11283  5352
  7220 11473] [] 1716435189.5526189804
[-1 -1 -1 -1 -1 -1 -1 -1 -1 -1 -1 -1 -1 -1] [19 26 27 28 34 35 36 41 42 44 45 50 51 52] [ 7415 10786  7801 11076  6778  8946 14098 12662  6128  5270 11492  5368
  8403 14385] [] 1716435189.5956282616
[-1 -1  1  1 -1 -1 -1 -1 -1 -1] [19 26 27 28 34 35 42 44 50 51] [10056 11006  7788 10911  7256 11917  8758  5667  5517  8981] [] 1716435189.6385524273
[-1 -1 -1 -1 -1 -1 -1 -1 -1] [19 26 27 28 34 35 42 44 50] [10744 11380 10285 11298  8870 12377  9723  8537  9313] [] 1716435189.6815445423
[-1 -1 -1 -1 -1 -1 -1 -1 -1] [19 26 27 28 34 35 42 44 50] [10889 11912 13835 12551 10805 12489 10657  9489  9350] [] 1716435189.7246026993
[ 1  1 -1 -1 -1 -1 -1] [19 27 34 35 42 44 50] [10618 13536 12474 12651 11114 11401  9516] [] 1716435189.7675714493
[-1  1 -1  1] [34 42 44 50] [12845 10515 12385  9490] [] 1716435189.8105547428
[ 1 -1] [42 50] [10449  9574] [] 1716435189.8535532951
[-1 -1] [42 50] [11102  9975] [] 1716435189.8963830471
[1] [42] [10953] [] 1716435189.9395523071
[-1] [42] [11327] [] 1716435189.9824621677
[-1] [42] [12439] [] 1716435190.0254995823
[-1] [42] [12937] [] 1716435190.0686342716
2 2 2 1716435190.1612865925
