FA TAX ADC PRES TS
[1] [42] [12461] [] 1716435519.2673888206
[-1] [42] [12476] [] 1716435519.3104066849
[1] [42] [12452] [] 1716435519.3533835411
[-1] [42] [12757] [] 1716435519.3963346481
[-1] [42] [12843] [] 1716435519.4393656254
[ 1 -1] [42 45] [12825 12544] [] 1716435519.4824013710
[1 1] [42 45] [12383 11980] [] 1716435519.5254020691
[-1  1] [42 45] [12445 11942] [] 1716435519.5684216022
[-1  1  1] [28 42 45] [11787 12202 11602] [] 1716435519.6114165783
[1 1 1] [28 42 45] [11559 11951  9195] [] 1716435519.6544430256
[ 1  1 -1 -1] [28 42 45 53] [11446 11930  9303 15071] [] 1716435519.6974120140
[-1  1  1 -1] [28 42 45 53] [11447 11872  8980 15211] [] 1716435519.7403337955
[1 1 1 1] [28 42 45 53] [11383 11793  8893 15026] [] 1716435519.7833321095
[ 1 -1  1 -1] [28 42 45 53] [11295 11839  8696 15243] [] 1716435519.8264455795
[-1 -1 -1 -1 -1 -1 -1] [27 28 42 44 45 53 54] [12875 11405 11903 15446  9081 15287 15290] [] 1716435519.8693671227
[ 1 -1  1  1  1  1  1] [27 28 42 44 45 53 54] [12842 11476 11871 15289  8965 14983 12300] [] 1716435519.9124298096
[ 1  1 -1  1  1 -1 -1  1] [27 28 42 44 45 50 53 54] [12716 11379 11924 13621  8946 14907 15537 12257] [] 1716435519.9553873539
[ 1 -1  1  1  1  1  1  1] [27 28 42 44 45 50 53 54] [12695 11462 11871 13417  8734 14580 14455 12185] [] 1716435519.9984002113
[-1  1  1  1 -1 -1 -1  1] [27 28 42 44 45 50 53 54] [12734 11384 11829 13376  8794 14640 14808 12056] [] 1716435520.0413985252
[-1  1 -1  1  1 -1 -1  1] [27 28 42 44 45 50 53 54] [12753 11272 11897 13277  8647 14832 14892 12012] [] 1716435520.0843844414
[ 1  1 -1 -1 -1  1  1 -1 -1] [27 28 42 44 45 50 53 54 61] [12624 11151 11940 13329  8813 14730 14183 12035 10782] [] 1716435520.1273984909
[-1 -1 -1  1  1  1  1 -1  1] [27 28 42 44 45 50 53 54 61] [12793 11187 12171 13125  8633  8229 13531 12089  7825] [] 1716435520.1704387665
[-1 -1 -1 -1  1 -1  1 -1  1  1] [27 28 34 42 44 45 50 53 54 61] [13223 11373 12521 12277 13069  8710  7967 13935 12073  7693] [] 1716435520.2133772373
[-1 -1  1  1  1 -1 -1 -1  1  1 -1 -1] [11 27 28 34 42 44 45 46 50 53 54 61] [11986 13270 11341 12473 12175 13251  8891 13687  7758 13623 12122  7728] [] 1716435520.2564184666
[ 1 -1  1  1  1  1  1  1  1 -1  1  1] [11 27 28 34 42 44 45 46 50 53 54 61] [10883 13464 11307 12383 12091 12903  8516 12838  7408 14433 12015  7539] [] 1716435520.2994465828
[ 1  1  1  1  1 -1  1  1  1  1  1  1] [11 27 28 34 42 44 45 46 50 53 54 61] [10576 13370 11162 12105 12021 12998  8387 10111  7333 14047 11959  7403] [] 1716435520.3425042629
[1 1 1 1 1 1 1 1 1 1 1 1] [11 27 28 34 42 44 45 46 50 53 54 61] [10151 13118 11030 11994 11951 12914  8249  9489  6673 13507 11934  7338] [] 1716435520.3853933811
[ 1 -1  1  1  1  1 -1  1 -1  1 -1 -1 -1] [11 27 28 34 42 44 45 46 50 53 54 55 61] [ 9996 13154 10918 10046 11931 12667  8288  9127  6875 13504 12120 12979
  7392] [] 1716435520.4284627438
[ 1  1 -1  1 -1  1  1  1  1  1  1 -1  1  1] [11 27 28 34 35 42 44 45 46 50 53 54 55 61] [ 9846 13054 10924  9774 15032 11892 12531  8221  8139  6693 13462 12183
  9811  7319] [] 1716435520.4713909626
[ 1 -1  1  1  1  1  1  1  1  1  1 -1  1  1  1] [11 20 27 28 34 35 42 44 45 46 50 53 54 55 61] [ 9711 16021 12868 10844  9677 14401 11839 10149  8121  8040  6654 13574
 12153  9236  7157] [] 1716435520.5143737793
[ 1  1  1 -1  1  1  1  1  1  1  1 -1  1  1  1] [11 20 27 28 34 35 42 44 45 46 50 53 54 55 61] [ 9587 15603 11828 10853  9589 13504 11735  8614  8020  7980  6500 13743
 12037  8835  7086] [] 1716435520.5575153828
[ 1  1  1  1  1  1  1  1  1  1  1  1  1 -1  1] [11 20 27 28 34 35 42 44 45 46 50 53 54 55 61] [ 9540 15282 11181 10798  9414 13468 11691  8087  7842  7721  6422 13467
 11818  9789  6924] [] 1716435520.6004583836
[-1 -1  1  1  1  1  1  1  1  1  1  1  1  1  1] [11 20 27 28 34 35 42 44 45 46 50 53 54 55 61] [ 9554 15326 11070 10685  9278 13161 11625  7436  7747  7551  6369 10588
 11769  7446  6833] [] 1716435520.6434223652
[1 1 1 1 1 1 1 1 1 1 1 1 1 1 1] [11 20 27 28 34 35 42 44 45 46 50 53 54 55 61] [ 9392 15245  9835 10580  9210 13099 11615  7050  7648  7459  6235 10185
 11741  6920  6748] [] 1716435520.6864104271
[-1 -1  1 -1 -1 -1  1  1  1  1 -1  1  1  1 -1  1] [11 18 20 27 28 34 35 42 44 45 46 50 53 54 55 61] [ 9474 12013 14667  9964 10627  9297 12785 11585  6157  7617  7467  6194
  8759 11665  7087  6685] [] 1716435520.7294178009
[-1  1  1 -1 -1  1 -1 -1  1  1 -1 -1 -1  1 -1  1  1 -1] [11 18 20 27 28 34 35 36 42 44 45 46 47 50 53 54 55 61] [ 9489 11438 14321 10006 10655  8236 12800 16063 11503  5916  7619  7519
 16163  5833  8773 11641  6425  6699] [] 1716435520.7723982334
[ 1  1  1  1 -1  1  1  1 -1 -1  1  1  1  1  1 -1  1  1 -1  1] [11 18 20 27 28 34 35 36 41 42 44 45 46 47 50 53 54 55 60 61] [ 9473 11300 14103  9766 10730  7525 12606 16021 12762 11511  5550  7557
  7470 15418  5704  8925 11565  6109 15991  6625] [] 1716435520.8154549599
[ 1  1  1  1 -1  1  1  1  1  1  1  1  1  1  1  1  1  1 -1  1] [11 18 20 27 28 34 35 36 41 42 44 45 46 47 50 53 54 55 60 61] [ 9420 11063 13644  8078 10775  6954 12109 15829 12445 10157  5314  7534
  7345 15007  5544  8327 11481  6031 16047  6543] [] 1716435520.8584177494
[ 1  1  1  1  1  1  1  1  1  1  1  1  1  1  1 -1 -1  1  1  1] [11 18 20 27 28 34 35 36 41 42 44 45 46 47 50 53 54 55 60 61] [ 9383 10909 10244  7941 10739  6896 11878 15754 12425  9977  5174  7493
  7328 11693  5502  8506 11505  5643 15888  6504] [] 1716435520.9014077187
[ 1  1 -1  1  1  1  1  1  1  1  1  1  1  1  1  1  1  1 -1  1] [11 18 20 27 28 34 35 36 41 42 44 45 46 47 50 53 54 55 60 61] [ 9327 10812 10541  7770 10629  6887 11808 14779 12240  9843  5054  6964
  7231 10849  5403  7619 11235  5212 15982  6429] [] 1716435520.9445047379
[ 1  1  1  1 -1  1  1  1  1  1  1  1  1  1  1  1  1  1  1  1] [11 18 20 27 28 34 35 36 41 42 44 45 46 47 50 53 54 55 60 61] [ 9303 10583  9094  6983 10680  6745 11717 13733 12164  9775  4759  6081
  7116 10733  4727  7433 11124  4730 15821  6364] [] 1716435520.9874804020
[ 1  1  1  1 -1  1  1  1  1  1  1  1  1  1  1  1  1  1  1  1] [11 18 20 27 28 34 35 36 41 42 44 45 46 47 50 53 54 55 60 61] [ 9213 10428  8917  6780 10792  6701 11404 12607 12063  9738  4637  5943
  7053 10440  4702  7270 11022  4219 15533  6292] [] 1716435521.0304074287
[-1  1  1  1  1  1  1 -1  1  1  1  1  1  1  1 -1  1  1  1  1] [11 18 20 27 28 34 35 36 41 42 44 45 46 47 50 53 54 55 60 61] [ 9264  8303  8875  6642 10739  6622 11288 13375 12034  9673  4547  5826
  7018  9864  4485  7355 10924  4081 12566  6254] [] 1716435521.0734431744
[ 1  1  1  1  1 -1  1  1  1  1  1  1  1  1  1 -1  1  1  1  1  1] [11 18 20 27 28 34 35 36 41 42 44 45 46 47 50 52 53 54 55 60 61] [ 9140  7896  8734  6595 10596  6675 11272 11207 11973  8502  4499  5145
  6251  9026  4277 14562  7176 10818  3796 12199  6195] [] 1716435521.1164488792
[ 1  1 -1  1  1  1  1  1  1  1  1 -1  1 -1  1  1 -1 -1  1  1  1] [11 18 20 27 28 34 35 36 41 42 44 45 46 47 50 52 53 54 55 60 61] [ 9130  7654  8842  6538  9039  5940 11141 10557 11925  7411  4262  5164
  6054  9215  4114 14456  7194 10846  3671 11701  6123] [] 1716435521.1594345570
[-1 -1 -1 -1 -1 -1 -1  1  1  1  1  1  1  1  1  1  1 -1 -1  1  1  1  1] [11 18 19 20 21 27 28 34 35 36 41 42 44 45 46 47 50 52 53 54 55 60 61] [ 9268  7711 10260  8898 12900  6777  9201  5854 10661 10407 11825  7115
  4174  5015  5998  8297  3912 14566  7269  8589  3541 10086  6090] [] 1716435521.2024521828
[-1  1  1  1  1 -1 -1  1  1  1  1  1  1  1  1  1  1  1  1  1  1  1  1] [11 18 19 20 21 27 28 34 35 36 41 42 44 45 46 47 50 52 53 54 55 60 61] [ 9269  7675 10053  8759 11778  6789  9474  5749 10487 10192 11679  6795
  4086  4680  5886  6931  3530 14493  6317  8472  3402  8966  6054] [] 1716435521.2454435825
[ 1  1  1  1  1 -1  1  1  1  1  1  1  1  1  1  1  1  1  1  1  1  1  1] [11 18 19 20 21 27 28 34 35 36 41 42 44 45 46 47 50 52 53 54 55 60 61] [ 9116  7569  9850  8128 11148  6814  9279  5007 10208  9858 11643  6734
  3963  4558  5862  6471  3334 14464  6147  8354  3315  8217  5997] [] 1716435521.2884714603
[-1  1  1  1  1 -1  1  1  1  1  1  1  1  1  1  1  1  1  1  1  1  1  1  1] [11 18 19 20 21 26 27 28 34 35 36 41 42 44 45 46 47 50 52 53 54 55 60 61] [ 9300  7551  9829  7862 10878 12649  6738  8799  4842 10168  9438 11589
  6325  3854  4388  5859  6196  3234 14335  6086  8277  3246  7401  5949] [] 1716435521.3314816952
[ 1  1  1  1  1  1  1  1  1  1  1  1  1  1  1  1  1  1 -1  1  1  1 -1  1
  1] [11 18 19 20 21 26 27 28 34 35 36 41 42 44 45 46 47 50 52 53 54 55 59 60
 61] [ 9226  7511  9803  7699 10813 11664  6709  7088  4770 10060  9431 11506
  6192  3741  4212  5837  6114  3160 14484  5886  8212  3157 12773  7027
  5937] [] 1716435521.3744752407
[ 1  1  1  1  1  1 -1  1  1  1  1  1  1  1  1 -1  1  1 -1  1  1  1  1 -1
  1 -1] [11 18 19 20 21 26 27 28 34 35 36 41 42 44 45 46 47 50 51 52 53 54 55 59
 60 61] [ 9173  7430  9651  7379 10563 11602  6749  6278  4394 10001  9279 11463
  5771  3666  3998  5858  5133  3111 12959 12114  5478  8158  3111 13043
  6804  5944] [] 1716435521.4175190926
[ 1  1  1  1  1  1  1  1  1  1  1  1  1  1  1  1  1  1  1  1  1 -1  1 -1
  1 -1 -1] [11 18 19 20 21 26 27 28 34 35 36 41 42 44 45 46 47 50 51 52 53 54 55 59
 60 61 62] [ 8294  7418  9554  7032 10410 11412  6627  5760  3988  9778  9051 11400
  5081  3611  3939  5722  5088  3004 11435 11900  5033  8168  3084 13222
  6687  5980 14897] [] 1716435521.4605944157
[ 1  1 -1  1 -1 -1  1  1  1  1  1  1 -1  1  1  1 -1  1  1  1  1  1  1  1
  1  1 -1  1] [11 18 19 20 21 23 26 27 28 34 35 36 41 42 44 45 46 47 50 51 52 53 54 55
 59 60 61 62] [ 8248  6814  9644  6986 10452 15906 11365  6575  5142  3922  9745  8836
 11447  4783  3523  3877  5727  4859  2935 11311 11486  4752  8137  3044
 10356  6363  5981 13290] [] 1716435521.5035033226
[ 1  1  1  1 -1  1  1  1  1  1  1  1 -1  1  1  1  1  1  1  1  1  1 -1  1
 -1  1  1  1  1] [11 18 19 20 21 23 26 27 28 34 35 36 41 42 44 45 46 47 50 51 52 53 54 55
 57 59 60 61 62] [ 7318  6699  9572  6727 10460 15666 11269  6553  4986  3806  9710  8561
 11538  4450  3439  3694  5507  4578  2885 11129 10891  4717  8187  2933
 11249  9226  5173  5968 11522] [] 1716435521.5464453697
[ 1  1  1 -1  1  1  1  1  1 -1  1  1  1  1  1  1  1  1  1  1  1  1  1  1
  1 -1  1  1  1  1] [11 18 19 20 21 23 26 27 28 29 34 35 36 41 42 44 45 46 47 50 51 52 53 54
 55 57 59 60 61 62] [ 6029  6647  9533  6803 10453 14382 11138  6459  4724 15000  3783  9657
  7917 11509  4050  3327  3501  5434  4230  2879 10904  9122  4695  8054
  2907 11332  8946  5048  5896 11373] [] 1716435521.5894768238
[ 1  1  1  1  1  1  1  1  1  1  1  1  1 -1  1  1  1  1  1  1  1  1  1  1
 -1 -1 -1  1  1  1  1] [11 18 19 20 21 23 26 27 28 29 34 35 36 41 42 44 45 46 47 50 51 52 53 54
 55 56 57 59 60 61 62] [ 5346  6622  9456  6572 10444 13685 11038  6442  4368 14664  3713  9551
  7688 11542  3939  3219  3488  5087  4163  2734 10868  9094  4539  8031
  2944 13567 12180  8311  4876  5840 11081] [] 1716435521.6324985027
[-1  1  1  1  1 -1  1  1  1  1  1  1 -1 -1 -1  1  1  1  1  1 -1  1  1  1
  1 -1  1  1  1  1  1 -1] [ 3 11 18 19 20 21 23 26 27 28 29 34 35 36 41 42 44 45 46 47 50 51 52 53
 54 55 56 57 59 60 61 62] [13936  5207  6590  9453  6338 10457 13284 11038  6417  4224 12518  3712
  9681  7798 11625  3744  3199  3229  4927  3841  2808 10770  9017  4376
  7878  3048 11211 10074  6815  4837  5808 11116] [] 1716435521.6754949093
[-1  1  1  1  1  1 -1  1  1  1  1  1 -1  1  1  1  1  1  1  1  1  1  1  1
  1  1  1 -1  1  1  1 -1] [ 3 11 18 19 20 21 23 26 27 28 29 34 35 36 41 42 44 45 46 47 50 51 52 53
 54 55 56 57 59 60 61 62] [14007  4797  6527  9385  5490 10322 13375 10752  6378  4048 11973  3590
  9756  7330 11623  3646  3145  3108  4775  3708  2738 10540  8428  4253
  7855  2948 10925 13184  5804  4708  5764 11173] [] 1716435521.7185747623
[-1  1  1 -1  1 -1  1  1 -1  1  1  1  1  1 -1  1  1  1  1  1  1  1  1  1
  1 -1  1  1  1  1 -1  1] [ 3 11 18 19 20 21 23 26 27 28 29 34 35 36 41 42 44 45 46 47 50 51 52 53
 54 55 56 57 59 60 61 62] [14010  4693  6493  9398  5385 10368 13195 10436  6380  3942 11630  3360
  9685  6645 11707  3567  3066  3013  4657  3583  2656 10410  8425  4194
  7803  3008  8061  9457  5319  4671  5798 10737] [] 1716435521.7615888119
[-1  1  1  1  1 -1  1  1  1  1  1  1 -1  1  1  1  1  1  1  1  1  1  1  1
  1  1  1  1  1  1  1  1] [ 3 11 18 19 20 21 23 26 27 28 29 34 35 36 41 42 44 45 46 47 50 51 52 53
 54 55 56 57 59 60 61 62] [14066  4548  6460  9352  5365 10523 13120  9578  6374  3734 11486  3261
  9702  6462 11699  3510  3051  2948  4483  3447  2644 10276  8419  4121
  7793  2929  7941  9254  4965  4553  5787 10719] [] 1716435521.8045861721
[-1  1  1 -1  1  1 -1 -1  1  1  1  1  1  1  1  1 -1  1  1  1  1  1  1 -1
  1 -1  1  1 -1  1  1  1  1] [ 3 11 18 19 20 21 23 26 27 28 29 34 35 36 41 42 43 44 45 46 47 50 51 52
 53 54 55 56 57 59 60 61 62] [14364  4395  5633  9357  5168 10381 13152  9596  6232  3650 11318  3208
  9686  6138 11569  3348 14363  3023  2881  4199  3359  2592 10209  8961
  4087  7899  2872  7686  9636  4655  4476  5781  8011] [] 1716435521.8475861549
[ 1  1  1  1  1 -1 -1  1  1  1  1  1 -1  1  1  1  1  1  1  1  1  1  1 -1
  1  1  1  1 -1  1 -1  1  1] [ 3 11 18 19 20 21 23 26 27 28 29 34 35 36 41 42 43 44 45 46 47 50 51 52
 53 54 55 56 57 59 60 61 62] [ 8391  4315  5476  9357  4753 10432 13238  9164  6186  3546 11185  3146
  9862  5520 11519  3285 14166  2992  2859  4175  3287  2568 10075  8965
  3977  7884  2856  7297  9683  4563  4477  5747  7946] [] 1716435521.8906035423
[ 1  1  1  1  1 -1 -1  1  1  1  1  1  1  1  1  1 -1 -1  1  1  1 -1  1  1
  1  1  1  1  1 -1  1  1  1] [ 3 11 18 19 20 21 23 26 27 28 29 34 35 36 41 42 43 44 45 46 47 50 51 52
 53 54 55 56 57 59 60 61 62] [ 8246  4287  5457  9258  4691 10461 13289  8795  6144  3534 11145  3089
  9817  5479 11445  3261 14254  3002  2815  4131  3276  2604  9901  8846
  3974  7849  2836  7227  9616  4573  4434  5732  7925] [] 1716435521.9335825443
[ 1 -1  1 -1  1  1 -1  1  1  1  1  1 -1  1 -1  1  1 -1  1 -1  1  1 -1  1
  1  1  1 -1  1 -1 -1  1 -1] [ 3 11 18 19 20 21 23 26 27 28 29 34 35 36 41 42 43 44 45 46 47 50 51 52
 53 54 55 56 57 59 60 61 62] [ 8187  4298  5439  9318  4654 10367 13459  8661  6120  3520 11038  3076
  9822  5423 11554  3258 14063  3021  2804  4175  3269  2540  9942  8744
  3958  7822  2820  7634  9573  4616  4503  5727 10445] [] 1716435521.9765942097
[-1 -1 -1  1 -1  1  1  1 -1 -1  1  1  1 -1 -1 -1 -1  1 -1  1 -1  1  1  1
 -1 -1  1 -1 -1 -1  1 -1  1] [ 3 11 18 19 20 21 23 26 27 28 29 34 35 36 41 42 43 44 45 46 47 50 51 52
 53 54 55 56 57 59 60 61 62] [ 8312  4319  5527  9290  4711 10331 13425  8534  6146  3529 11017  3071
  9763  5449 11590  3335 14485  2989  2879  4111  3311  2536  9855  8731
  4018  7859  2820  7650  9679  4949  4495  5773 10358] [] 1716435522.0195751190
[-1  1 -1  1  1  1  1 -1  1 -1 -1  1 -1  1 -1 -1 -1 -1 -1 -1 -1 -1 -1 -1
  1  1  1 -1 -1 -1 -1  1 -1] [ 3 11 18 19 20 21 23 26 27 28 29 34 35 36 41 42 43 44 45 46 47 50 51 52
 53 54 55 56 57 59 60 61 62] [12188  4307  5534  9263  4699 10261 13333  8584  6082  3545 11037  3031
  9808  5440 11641  3346 15071  3047  2893  4139  3407  2600  9878  8856
  3972  7753  2800 11085 10353  6092  4498  5721 10477] [] 1716435522.0626001358
[-1 -1 -1 -1 -1  1  1  1  1 -1  1 -1  1 -1 -1 -1  1 -1 -1 -1  1  1  1 -1
 -1 -1  1 -1 -1 -1 -1 -1] [ 3 11 18 19 20 21 23 26 27 28 29 34 35 36 41 42 44 45 46 47 50 51 52 53
 54 55 56 57 59 60 61 62] [13985  4395  6351  9338  4987 10238 13277  8497  6012  3676 11030  3082
  9649  6006 11711  3487  3019  2977  4202  3506  2560  9771  8772  4039
  7762  2848 10603 13626  7562  4563  5759 10857] [] 1716435522.1056244373
[ 1 -1 -1  1 -1  1  1 -1 -1 -1 -1 -1  1 -1 -1 -1 -1 -1 -1 -1 -1 -1 -1 -1
 -1 -1 -1 -1 -1 -1  1 -1] [ 3 11 18 19 20 21 23 26 27 28 29 34 35 36 41 42 44 45 46 47 50 51 52 53
 54 55 56 57 59 60 61 62] [13706  4542  6433  9303  5158 10217 13220  8523  6056  3930 11063  3255
  9404  6330 11717  3594  3081  3183  4726  3730  2650  9937  8811  4088
  7763  2884 10785 14845  8525  4746  5725 11080] [] 1716435522.1486110687
[-1 -1  1 -1  1  1  1 -1 -1 -1 -1 -1 -1  1 -1 -1 -1 -1 -1 -1 -1 -1 -1  1
 -1 -1  1  1 -1 -1 -1] [11 18 19 20 21 23 26 27 28 29 34 35 36 41 42 44 45 46 47 50 51 52 53 54
 55 56 57 59 60 61 62] [ 4806  6504  9299  5265 10165 13189  8502  6328  4192 11382  3400  9488
  6554 11663  3735  3122  3287  5126  3895  2704 10031  8962  4404  7763
  2896 13863 12197  8478  5275  5776 11663] [] 1716435522.1915705204
[-1 -1 -1 -1  1 -1 -1  1 -1 -1 -1  1 -1  1  1 -1 -1 -1 -1 -1 -1  1 -1  1
  1 -1  1 -1 -1 -1] [11 18 19 20 21 23 26 27 28 29 34 35 36 41 42 44 45 46 47 50 51 52 53 54
 55 57 59 60 61 62] [ 5347  6506  9320  5977 10132 13201 10530  6298  4390 12582  3642  9286
  6763 11498  3735  3183  3447  5159  4046  2712 10222  8881  4457  7748
  2840 15340  8445  6335  5780 15057] [] 1716435522.2345726490
[-1  1 -1 -1  1 -1  1 -1 -1 -1 -1  1 -1  1 -1 -1 -1 -1 -1 -1 -1 -1 -1 -1
 -1 -1 -1 -1] [11 18 19 20 21 23 26 27 28 29 34 35 36 41 42 44 45 46 47 50 51 52 53 54
 55 59 60 61] [ 5992  6501  9408  6117 10131 13213 10512  6466  4592 13922  3724  8717
  6810 11435  4245  3330  3743  5187  4191  2760 10612  8887  4548  7813
  2898 11764  6749  5804] [] 1716435522.2775657177
[-1 -1  1 -1  1 -1 -1 -1 -1 -1 -1 -1  1 -1 -1 -1 -1 -1 -1 -1  1 -1  1 -1
 -1 -1  1] [11 18 19 20 21 23 26 27 28 34 35 36 41 42 44 45 46 47 50 51 52 53 54 55
 59 60 61] [ 7695  7359  9342  6425 10008 13369 10595  6596  5384  3919  8900  7830
 11410  4613  3420  3798  5273  4441  2794 10922  8882  4563  7758  2928
 11930  7186  5764] [] 1716435522.3206143379
[-1 -1 -1 -1  1 -1 -1  1 -1 -1 -1  1 -1 -1 -1 -1  1 -1 -1 -1 -1 -1 -1  1
  1] [11 18 19 20 21 23 26 27 28 34 35 36 41 42 44 45 46 47 50 52 53 54 55 60
 61] [ 7727  7377  9421  6475 10008 13490 10708  6578  5701  4114  9209  7730
 11411  4859  3522  4042  5271  4836  2808 10377  5229  7863  2978  7081
  5728] [] 1716435522.3633928299
[-1  1 -1 -1 -1 -1 -1 -1 -1 -1  1 -1  1 -1 -1 -1 -1 -1 -1  1 -1 -1 -1 -1
 -1] [11 18 19 20 21 23 26 27 28 34 35 36 41 42 44 45 46 47 50 52 53 54 55 60
 61] [ 8514  7351  9446  6835 10047 13568 11040  6783  8537  4350  8651  7958
 11387  5538  3659  4109  5355  5230  2831  9937  5393  7935  2999  7511
  5781] [] 1716435522.4064543247
[-1 -1 -1 -1 -1 -1 -1  1 -1 -1 -1 -1 -1 -1 -1 -1  1 -1 -1 -1 -1 -1 -1 -1
 -1] [11 18 19 20 21 23 26 27 28 34 35 36 41 42 44 45 46 47 50 52 53 54 55 60
 61] [ 9003  7413  9486  6959 10269 13639 11320  6625  8693  4875  9018  8203
 11419  5698  3783  4305  5333  5632  2919 10050  5679  8009  3093  8067
  5816] [] 1716435522.4493672848
[-1 -1 -1 -1 -1 -1 -1 -1 -1 -1  1  1 -1 -1 -1 -1 -1 -1 -1 -1 -1 -1 -1 -1
 -1] [11 18 19 20 21 23 26 27 28 34 35 36 41 42 44 45 46 47 50 52 53 54 55 60
 61] [ 9038  7472  9513  7121 10443 13756 11338  6674  8927  4958  8105  8197
 11517  6109  3881  4614  5563  6303  3013 10354  6037  8094  3269 10667
  5927] [] 1716435522.4923620224
[-1 -1 -1 -1 -1 -1 -1 -1 -1 -1 -1 -1 -1 -1 -1 -1 -1 -1 -1 -1  1 -1 -1 -1
  1] [11 18 19 20 21 23 26 27 28 34 35 36 41 42 44 45 46 47 50 52 53 54 55 60
 61] [ 9149  7568  9692  7312 10561 14132 11494  6711  9256  5096  8233  8905
 11567  6119  4004  4620  5635  6698  3085 10632  6020  8145  3537 13576
  5889] [] 1716435522.5353744030
[ 1 -1 -1 -1 -1 -1 -1 -1 -1 -1 -1 -1 -1 -1 -1 -1 -1 -1 -1 -1 -1 -1 -1 -1] [11 18 19 20 21 26 27 28 34 35 36 41 42 44 45 46 47 50 52 53 54 55 60 61] [ 9082  7707  9767  7596 10588 11728  6770  9927  5278  8250  9271 11621
  6530  4191  4954  5996  7736  3410 11357  6948  8274  3767 13768  5991] [] 1716435522.5783450603
[ 1 -1  1 -1 -1 -1 -1 -1  1 -1 -1 -1  1 -1 -1 -1 -1 -1 -1 -1 -1  1 -1] [11 18 19 20 21 27 28 34 35 36 41 42 44 45 46 47 50 52 53 54 55 60 61] [ 9057  7720  9731  8177 10989  6785 10307  5389  8235  9356 11711  6771
  4178  5036  6142  8204  3708 14508  7001  8345  4041 13636  6020] [] 1716435522.6213562489
[-1 -1 -1 -1 -1 -1 -1 -1 -1 -1 -1 -1 -1 -1 -1 -1 -1  1 -1 -1 -1 -1 -1] [11 18 19 20 21 27 28 34 35 36 41 42 44 45 46 47 50 52 53 54 55 60 61] [ 9185  7758  9773  8255 11152  6809 10309  5741  8949  9483 11824  7214
  4332  5050  6901  8306  3836 14440  7832  8385  4500 13816  6105] [] 1716435522.6643476486
[-1 -1 -1 -1 -1 -1 -1 -1 -1 -1 -1 -1 -1 -1 -1 -1 -1 -1 -1 -1 -1 -1 -1] [11 18 19 20 21 27 28 34 35 36 41 42 44 45 46 47 50 52 53 54 55 60 61] [ 9203  8025  9870  8441 11492  6821 10415  6058  9071  9630 11878  8564
  4419  6568  6988  9236  4164 14492  7981  8445  4810 14040  6211] [] 1716435522.7073507309
[-1 -1 -1 -1 -1 -1 -1 -1  1 -1 -1 -1 -1 -1 -1 -1 -1 -1 -1 -1 -1 -1] [11 18 19 20 21 27 28 34 35 36 41 42 44 45 46 47 50 53 54 55 60 61] [ 9294 10602 10108  8468 12540  6836 10511  6343  9057  9747 12113  9426
  4610  6979  7147 10137  4274  8026  8585  5584 14103  6220] [] 1716435522.7504043579
[ 1  1 -1 -1  1 -1  1 -1 -1 -1 -1 -1 -1 -1 -1 -1 -1 -1 -1  1] [11 18 20 27 28 34 35 36 41 42 44 45 46 47 50 53 54 55 60 61] [ 9174 10581  9704  6882 10405  6423  9057  9872 12713  9595  4781  7054
  7229 10225  4761  8071 10671  5823 15325  6210] [] 1716435522.7935209274
[ 1 -1 -1 -1 -1  1 -1 -1 -1 -1 -1 -1 -1 -1  1 -1 -1 -1] [11 18 20 27 28 34 35 36 42 44 45 46 47 50 53 54 55 61] [ 9114 10793 11711  9095 10457  6415  9131 10145  9623  5319  7081  7360
 13312  4870  8031 10733  6117  6240] [] 1716435522.8364861012
[-1 -1 -1 -1  1 -1 -1 -1 -1 -1 -1  1 -1 -1 -1 -1 -1] [11 18 20 27 28 34 35 36 42 44 45 46 50 53 54 55 61] [ 9171 10797 12282  9286 10450  6550  9525 10337  9789  5610  7191  7307
  5031  8212 10894  6468  6337] [] 1716435522.8794982433
[-1 -1 -1  1 -1 -1 -1 -1 -1 -1 -1 -1 -1 -1 -1 -1 -1] [11 18 20 27 28 34 35 36 42 44 45 46 50 53 54 55 61] [ 9234 10990 12699  9219 10602  6585  9999 10806 11203  5907  7322  7447
  5230  8351 10932  6686  6486] [] 1716435522.9224636555
[-1 -1 -1 -1  1 -1 -1 -1 -1 -1 -1 -1 -1 -1 -1 -1 -1] [11 18 20 27 28 34 35 36 42 44 45 46 50 53 54 55 61] [ 9247 12424 12923  9451 10589  6650 10118 11083 11309  6069  7466  7583
  5352  8481 11109  6904  6547] [] 1716435522.9654660225
[ 1 -1  1 -1 -1 -1 -1 -1 -1 -1 -1 -1 -1 -1 -1 -1] [11 20 27 28 34 35 36 42 44 45 46 50 53 54 55 61] [ 9198 13271  9395 10602  7178 10462 11095 11328  6634  7591  7679  5691
  8759 11187  7526  6700] [] 1716435523.0084695816
[-1 -1  1 -1 -1 -1  1 -1 -1 -1 -1 -1 -1 -1 -1 -1] [11 20 27 28 34 35 36 42 44 45 46 50 53 54 55 61] [ 9205 13442  9345 10675  7263 10513 11030 11341  7065  7797  7879  5758
  8990 11361  8056  6879] [] 1716435523.0515015125
[-1 -1 -1 -1 -1 -1 -1  1 -1 -1 -1 -1 -1 -1 -1 -1] [11 20 27 28 34 35 36 42 44 45 46 50 53 54 55 61] [ 9347 13602  9472 10771  7491 11468 11189 11299 11243  7855  8038  5967
  9503 11435  9302  7107] [] 1716435523.0945060253
[-1 -1 -1 -1 -1 -1 -1 -1 -1 -1 -1 -1 -1 -1 -1 -1] [11 20 27 28 34 35 36 42 44 45 46 50 53 54 55 61] [ 9655 14020  9597 10814  7714 14697 13970 11327 12452  7948  8975  6090
  9541 11574 11706  7190] [] 1716435523.1375167370
[-1 -1 -1 -1 -1  1 -1 -1 -1 -1 -1 -1 -1 -1 -1] [11 20 27 28 34 35 36 42 44 45 46 50 53 54 61] [ 9788 14430  9849 10952  7855 14460 14247 11440 12586  8066  9226  6349
 11498 11650  7275] [] 1716435523.1805210114
[-1 -1 -1  1 -1 -1 -1 -1  1 -1 -1  1  1 -1] [11 20 27 28 34 35 42 44 45 46 50 53 54 61] [ 9898 15185 10071 10931  9653 14726 11491 12616  8014 13330  6391 11359
 11581  7317] [] 1716435523.2234776020
[-1 -1 -1 -1 -1  1 -1 -1  1 -1 -1  1 -1] [11 20 27 28 34 35 42 44 45 50 53 54 61] [10107 15336 11088 11001  9694 14323 11519 13231  7969  6547 11469 11562
  7331] [] 1716435523.2664806843
[-1 -1 -1  1 -1 -1 -1  1 -1 -1  1 -1 -1] [11 20 27 28 34 35 42 44 45 50 53 54 61] [11579 15530 12156 10950 10346 15081 11529 13108  8038  6635 11453 11708
  7361] [] 1716435523.3094463348
[-1  1  1 -1 -1 -1 -1 -1 -1 -1 -1] [20 27 28 34 42 44 45 50 53 54 61] [15891 11972 10843 12090 11658 13275  8083  7294 11701 11783  7581] [] 1716435523.3524830341
[-1 -1 -1 -1  1 -1  1 -1  1  1] [20 27 28 34 42 44 45 50 53 54] [16202 12171 11057 12428 11520 13693  7841  9245 11656 11714] [] 1716435523.3954348564
[-1 -1 -1  1  1 -1 -1 -1 -1  1] [20 27 28 34 42 44 45 50 53 54] [16219 12609 11099 12282 11337 13698  7909 14696 13073 11645] [] 1716435523.4384725094
[-1 -1 -1  1  1 -1 -1  1] [20 27 28 42 45 50 53 54] [16286 12792 11116 11247  7726 14863 14443 11564] [] 1716435523.4814577103
[ 1  1  1 -1 -1  1 -1] [27 28 42 45 50 53 54] [12572 10880 11223  7819 14917 13755 11661] [] 1716435523.5244553089
[-1  1 -1 -1 -1  1 -1] [27 28 42 45 50 53 54] [12807 10860 11717  8198 15514 13609 11924] [] 1716435523.5672740936
[-1 -1  1 -1  1 -1] [27 28 42 45 53 54] [13060 10952 11435  8294 13339 12345] [] 1716435523.6102466583
[-1 -1 -1 -1] [27 28 42 45] [13422 11027 11506 10884] [] 1716435523.6533052921
[ 1 -1 -1] [28 42 45] [10881 11566 11300] [] 1716435523.6962828636
[-1  1 -1] [28 42 45] [11063 11519 11322] [] 1716435523.7394001484
[-1 -1  1] [28 42 45] [11093 11576 11307] [] 1716435523.7824399471
[-1  1 -1] [28 42 45] [11679 11337 11379] [] 1716435523.8254117966
[-1] [42] [11590] [] 1716435523.8683643341
[-1  1] [28 42] [11413  8119] [] 1716435523.9114363194
[ 1 -1 -1] [28 42 44] [11151  8902 13381] [] 1716435523.9543669224
[-1 -1  1] [28 42 44] [11590 11767 13204] [] 1716435523.9973645210
[-1  1] [19 42] [10173 10751] [] 1716435524.0403571129
[ 1 -1] [19 42] [ 9622 11093] [] 1716435524.0834455490
[-1  1] [28 42] [11228  5175] [] 1716435524.1264827251
[ 1 -1] [28 42] [11030 12653] [] 1716435524.1694900990
[ 1 -1] [42 44] [11055 12831] [] 1716435524.2124276161
[-1 -1 -1] [42 44 45] [11777 13644 13367] [] 1716435524.2554903030
[1] [42] [11709] [] 1716435524.2985122204
[-1  1] [28 42] [11679 10917] [] 1716435524.3544273376
2 2 2 1716435524.3546731472
