FA TAX ADC PRES TS
[-1] [45] [13681] [] 1716435761.1336159706
[-1  1] [42 45] [12809 12029] [] 1716435761.1767439842
[1 1] [42 45] [12525 11677] [] 1716435761.2197811604
[1 1] [42 45] [12073 11434] [] 1716435761.2627227306
[1 1] [42 45] [11874 11320] [] 1716435761.3057606220
[1 1] [42 45] [11687 11168] [] 1716435761.3487541676
[1 1] [42 45] [11492 11100] [] 1716435761.3917508125
[1 1] [42 45] [10544 10821] [] 1716435761.4346621037
[ 1 -1 -1] [42 45 53] [10407 11132 12303] [] 1716435761.4777636528
[1 1 1] [42 45 53] [ 9893 10892 12067] [] 1716435761.5206723213
[-1  1  1] [42 45 53] [ 9955 10811 11866] [] 1716435761.5637490749
[-1 -1 -1 -1] [42 44 45 53] [10093 15083 11020 12188] [] 1716435761.6067328453
[-1 -1  1 -1 -1] [28 42 44 45 53] [14302 10285 14481 11065 12465] [] 1716435761.6497728825
[ 1 -1  1 -1 -1  1] [28 42 44 45 50 53] [12536 10548 13967 11210 10373 12064] [] 1716435761.6926748753
[ 1 -1 -1  1  1  1] [28 42 44 45 50 53] [12218 10588 13992 11202 10370 11869] [] 1716435761.7357437611
[ 1 -1  1 -1 -1  1] [28 42 44 45 50 53] [12002 10670 13409 11255 10403 11775] [] 1716435761.7787950039
[ 1  1 -1  1  1 -1] [28 42 44 45 50 53] [11771 10541 13430 11239 10263 11822] [] 1716435761.8217110634
[ 1  1  1 -1  1 -1] [28 42 44 45 50 53] [11695 10322 13117 11242 10137 11918] [] 1716435761.8646671772
[ 1  1 -1 -1 -1 -1 -1] [28 42 44 45 50 53 61] [11617 10197 13180 11481 10194 12082  8050] [] 1716435761.9077470303
[ 1  1  1 -1  1  1 -1  1] [28 42 44 45 50 53 54 61] [11540 10140 10925 11694 10101 12011 12500  8027] [] 1716435761.9507565498
[ 1  1  1  1  1 -1  1  1] [28 42 44 45 50 53 54 61] [11535 10029 10598 11602 10093 12074 12197  7749] [] 1716435761.9937202930
[ 1  1  1 -1  1  1  1  1] [28 42 44 45 50 53 54 61] [11331  9685 10483 11625 10014 10302 12031  7678] [] 1716435762.0366013050
[ 1  1  1  1 -1 -1  1  1  1] [28 42 44 45 50 51 53 54 61] [11145  9434  9959 11581 10100 12210  8346 11830  7579] [] 1716435762.0797970295
[-1  1 -1  1  1  1  1 -1  1] [28 42 44 45 50 51 53 54 61] [11210  9340 10005 11451  9947 11529  7389 11985  7495] [] 1716435762.1227617264
[ 1 -1  1  1 -1  1 -1  1 -1] [28 42 44 45 50 51 53 54 61] [11019  9376  9951 11427 10022 11489  7517 11877  7517] [] 1716435762.1657485962
[-1 -1 -1  1  1  1 -1  1  1  1  1] [11 28 34 42 44 45 50 51 53 54 61] [11251 11195 13389  7961  8410 11325 10064 11353  7373 11829  7509] [] 1716435762.2087049484
[ 1 -1  1  1  1  1  1  1  1  1  1] [11 28 34 42 44 45 50 51 53 54 61] [10397 11262 11357  7927  7996 11215 10036 11312  7121 11808  7346] [] 1716435762.2518446445
[ 1 -1 -1 -1  1  1  1 -1  1  1  1 -1  1] [11 19 27 28 34 42 44 45 50 51 53 54 61] [10331 11159 15865 11341 10585  7906  7412 11319  9151 11047  6865 11820
  7308] [] 1716435762.2947912216
[-1  1  1 -1 -1  1  1  1  1  1  1  1  1  1] [11 19 27 28 29 34 42 44 45 50 51 53 54 61] [10335 10828 15006 11537 12907 10332  7853  7174 11198  7728 10915  6812
 11727  7261] [] 1716435762.3378026485
[ 1  1 -1  1  1  1  1  1  1  1  1  1  1  1  1] [11 19 26 27 28 29 34 42 44 45 50 51 53 54 61] [10323 10679 13567 14791 11494 12340 10293  7302  6595 11081  7309 10803
  6572 11607  7151] [] 1716435762.3807075024
[1 1 1 1 1 1 1 1 1 1 1 1 1 1 1] [11 19 26 27 28 29 34 42 44 45 50 51 53 54 61] [ 9987 10407 13093 14099 11312 11821 10017  6906  6074 10905  7120 10655
  6134 11443  6976] [] 1716435762.4238173962
[ 1  1 -1  1  1  1  1 -1  1  1  1  1  1  1  1  1] [11 19 26 27 28 29 34 35 42 44 45 50 51 53 54 61] [ 9833 10226 13109 13931 11203 11564  8560 16256  6823  5817 10821  7103
 10615  5839 11189  6898] [] 1716435762.4667742252
[1 1 1 1 1 1 1 1 1 1 1 1 1 1 1 1] [11 19 26 27 28 29 34 35 42 44 45 50 51 53 54 61] [ 9774 10070 11971 13763 11139 11267  8455 16182  6745  5571 10765  6931
 10561  5507 11143  6766] [] 1716435762.5098457336
[ 1 -1  1  1  1  1  1 -1 -1  1 -1  1  1 -1 -1 -1 -1] [11 19 26 27 28 29 34 41 42 44 45 50 51 53 54 55 61] [ 9679 10142 11919 12409 11072 10975  8375 12557  6772  5554 10880  6786
 10537  5558 11216 12087  6836] [] 1716435762.5527195930
[-1  1  1  1 -1 -1  1 -1  1  1  1  1  1  1  1  1  1  1] [11 19 26 27 28 29 34 35 41 42 44 45 50 51 53 54 55 61] [ 9770  9988 11678 11706 11182 11005  6949 16185 12283  6159  5383 10845
  6494 10478  5177 11189 10734  6805] [] 1716435762.5957446098
[ 1 -1  1  1  1  1  1 -1  1  1  1  1  1  1  1  1  1  1] [11 19 26 27 28 29 34 35 41 42 44 45 50 51 53 54 55 61] [ 9717 10009 11412  9374 11091 10863  6430 16244 12105  6084  5001 10183
  6489 10443  5006 11147  8951  6705] [] 1716435762.6387646198
[-1  1  1  1  1  1  1  1  1  1  1  1 -1 -1  1  1  1  1 -1] [11 19 26 27 28 29 34 35 41 42 44 45 46 50 51 53 54 55 61] [ 9731  8435 11306  8665 11011 10727  6329 16040 12077  5825  4814  8555
 13850  6521 10365  4944 10900  7849  6709] [] 1716435762.6818764210
[ 1  1  1  1  1  1  1  1  1  1  1 -1  1 -1  1  1  1  1  1 -1] [11 19 26 27 28 29 34 35 41 42 44 45 46 47 50 51 53 54 55 61] [ 9665  8284 11043  7685 10879 10629  5871 14906 11909  5423  4600  8586
  9727 16283  6503 10347  4909 10331  7496  6731] [] 1716435762.7247738838
[ 1  1 -1  1  1 -1 -1  1  1  1  1  1  1  1  1  1 -1  1  1  1 -1  1] [11 19 21 26 27 28 29 34 35 41 42 44 45 46 47 50 51 53 54 55 60 61] [ 9631  7721 14318 10868  7522 10939 10732  5740 12677 11813  5316  4426
  8524  9199 15317  6133 10379  4778 10157  7180 15797  6533] [] 1716435762.7678372860
[ 1  1 -1  1  1  1 -1 -1  1  1  1  1  1  1  1 -1  1  1  1  1  1  1  1] [11 19 20 21 26 27 28 29 34 35 41 42 44 45 46 47 50 51 53 54 55 60 61] [ 9573  7637 16019 12484 10618  7426 10971 10880  5717 12540 11778  5162
  4353  8441  9000 15641  5844 10347  4721  9949  6549 15537  6490] [] 1716435762.8107933998
[ 1  1  1  1  1  1 -1  1  1 -1  1  1  1  1  1  1  1  1 -1  1  1  1  1  1] [11 19 20 21 26 27 28 29 34 35 41 42 44 45 46 47 50 51 52 53 54 55 60 61] [ 9558  7294 15703 11583 10555  7382 11030 10820  5588 12934 11666  4885
  4254  8317  8791 11585  5262 10341 16328  4519  9852  6199 10236  6458] [] 1716435762.8538143635
[-1 -1  1  1  1  1 -1  1  1  1  1 -1  1  1  1  1  1  1 -1  1  1  1  1  1
  1] [11 18 19 20 21 26 27 28 29 34 35 41 42 44 45 46 47 50 51 52 53 54 55 60
 61] [ 9638 11912  6929 15237 11356  9240  7441 11001 10629  5499 12350 11711
  4507  4173  8281  8667 11499  4933 10354 14203  4404  8859  5823  8948
  6410] [] 1716435762.8967802525
[1 1 1 1 1 1 1 1 1 1 1 1 1 1 1 1 1 1 1 1 1 1 1 1 1] [11 18 19 20 21 26 27 28 29 34 35 41 42 44 45 46 47 50 51 52 53 54 55 60
 61] [ 9413 11396  5990 14806 11202  9044  7359 10915 10444  5412 10987 11679
  4377  4130  7081  8545 11065  4682 10050 13564  4335  7998  5648  8512
  6347] [] 1716435762.9398651123
[-1  1  1  1  1  1  1  1  1  1  1 -1 -1  1 -1  1  1  1  1  1  1  1  1  1
  1 -1] [11 18 19 20 21 26 27 28 29 34 35 36 41 42 44 45 46 47 50 51 52 53 54 55
 60 61] [ 9432 11159  5665 14607 11161  8957  7257 10878 10432  5400 10702 15545
 11819  4223  4159  6649  8544  9315  4245  9721 12523  4285  6948  5621
  8305  6349] [] 1716435762.9828379154
[ 1  1  1  1  1  1  1 -1  1  1  1  1  1  1  1  1  1  1  1  1  1  1  1  1
  1  1] [11 18 19 20 21 26 27 28 29 34 35 36 41 42 44 45 46 47 50 51 52 53 54 55
 60 61] [ 9255 10952  5499 14474 11020  8793  7139 10890 10381  5390  9506 14946
 11771  3826  4031  6580  8396  8582  4039  9383 12229  4181  6871  5382
  7041  6267] [] 1716435763.0257668495
[-1  1  1  1  1  1  1 -1  1  1  1 -1  1  1  1  1  1  1  1  1  1  1  1  1
  1  1] [11 18 19 20 21 26 27 28 29 34 35 36 41 42 44 45 46 47 50 51 52 53 54 55
 60 61] [ 9303 10770  5301 14318 10992  8684  7115 10939 10352  5368  9217 14961
 11755  3642  3796  6383  8244  8296  3898  8137 10661  4072  6531  5057
  6390  6178] [] 1716435763.0686259270
[-1  1 -1  1  1  1  1  1  1  1  1  1  1  1  1  1  1  1  1  1  1  1  1  1
  1  1  1] [10 11 18 19 20 21 26 27 28 29 34 35 36 41 42 44 45 46 47 50 51 52 53 54
 55 60 61] [15843  9187 10840  5194 13947 10888  8544  6939 10917 10301  5217  9063
 14526 11625  3468  3646  6273  8195  7789  3690  8099  9992  3876  5922
  4744  6133  6162] [] 1716435763.1117651463
[1 1 1 1 1 1 1 1 1 1 1 1 1 1 1 1 1 1 1 1 1 1 1 1 1 1 1] [10 11 18 19 20 21 26 27 28 29 34 35 36 41 42 44 45 46 47 50 51 52 53 54
 55 60 61] [14211  9085 10568  5061 13707 10858  8517  6843 10907 10048  4869  8749
 13411 11617  3254  3467  6183  8184  7021  3564  8021  9594  3747  5784
  4505  5651  6045] [] 1716435763.1548264027
[ 1 -1  1  1  1  1  1  1 -1  1  1  1  1  1  1  1  1  1  1  1 -1  1  1  1
  1  1  1] [10 11 18 19 20 21 26 27 28 29 34 35 36 41 42 44 45 46 47 50 51 52 53 54
 55 60 61] [13850  9171 10549  5004 13391 10749  8409  6704 10984 10028  4690  8726
 11336 11575  3098  3416  6172  8176  6949  3450  8268  8911  3654  5664
  4421  5325  5992] [] 1716435763.1979358196
[-1  1  1  1  1  1  1  1  1  1  1  1  1  1  1  1  1  1  1  1 -1  1  1  1
  1  1  1] [10 11 18 19 20 21 26 27 28 29 34 35 36 41 42 44 45 46 47 50 51 52 53 54
 55 60 61] [13860  9086 10344  4827 13336 10709  8367  6688 10943  9990  4652  8546
 10379 11558  2926  3294  5437  8096  6701  3365  8291  8262  3591  5310
  4251  4647  5946] [] 1716435763.2408115864
[ 1  1  1  1  1  1  1  1  1  1  1  1  1  1  1  1  1 -1  1  1  1  1  1  1
  1  1  1] [10 11 18 19 20 21 26 27 28 29 34 35 36 41 42 44 45 46 47 50 51 52 53 54
 55 60 61] [12278  9012  7934  4622 13231 10525  8292  6568 10871  9967  4384  8448
  9700 11497  2798  3221  5274  8139  6533  3268  6840  8209  3519  5140
  4087  4423  5920] [] 1716435763.2838099003
[-1  1 -1  1  1  1  1  1  1  1 -1  1  1  1 -1  1  1  1  1 -1  1  1  1  1
  1  1  1  1] [ 3 10 11 18 19 20 21 26 27 28 29 34 35 36 41 42 44 45 46 47 50 51 52 53
 54 55 60 61] [13694 10815  9049  7767  4601 13015 10449  8271  6412 10673 10229  4294
  8425  8332 11516  2733  3148  5230  7160  6604  3240  6768  8084  3370
  4843  4041  4178  5846] [] 1716435763.3267831802
[-1  1  1  1  1 -1  1  1  1 -1  1  1  1  1 -1  1  1  1  1  1  1  1  1  1
  1 -1 -1  1  1] [ 3 10 11 18 19 20 21 26 27 28 29 34 35 36 41 42 44 45 46 47 50 51 52 53
 54 55 57 60 61] [13922 10449  8997  6390  4513 13100 10435  8205  6225 10792  9465  4240
  8387  7555 11532  2694  3047  5148  6966  6199  3196  6704  7236  3281
  4765  4120 15072  4039  5834] [] 1716435763.3698375225
[-1  1  1  1  1  1  1  1  1  1  1 -1 -1  1 -1 -1  1  1 -1  1 -1  1  1  1
  1  1  1  1  1  1  1  1] [ 3 10 11 18 19 20 21 26 27 28 29 33 34 35 36 38 41 42 43 44 45 46 47 50
 51 52 53 54 55 57 60 61] [14196 10294  8128  6319  4453 13030 10396  7730  6006 10654  8969 13678
  4245  8224  7667 12963 10749  2605 12835  3010  5195  6531  5616  3127
  6532  6261  3160  4705  3989 14310  3807  5826] [] 1716435763.4128398895
[ 1  1  1  1  1  1 -1  1 -1  1  1  1  1  1  1  1  1  1  1  1 -1  1  1  1
  1  1  1  1  1  1  1 -1] [ 3 10 11 18 19 20 21 26 27 28 29 33 34 35 36 38 41 42 43 44 45 46 47 50
 51 52 53 54 55 57 60 61] [ 8607  9810  7240  6132  4329 12475 10560  6465  6030 10616  8731 13006
  4096  8070  6072 12904 10634  2586 12047  2978  5232  6081  5514  2970
  6462  5914  3050  4626  3927 11020  3763  5860] [] 1716435763.4558482170
[ 1  1  1  1  1  1  1  1  1  1  1 -1  1  1  1  1  1  1  1  1 -1  1  1  1
  1  1  1  1  1  1  1  1] [ 3 10 11 18 19 20 21 26 27 28 29 33 34 35 36 38 41 42 43 44 45 46 47 50
 51 52 53 54 55 57 60 61] [ 8374  9733  7163  5670  4254 12125 10557  5524  5972 10494  8673 13024
  3879  7998  5362 10791 10521  2504 11166  2959  5270  6056  5402  2850
  5884  5907  3031  4527  3910  9913  3601  5785] [] 1716435763.4987859726
[ 1  1  1  1 -1  1  1  1  1  1  1 -1  1  1  1  1  1  1  1  1  1  1  1  1
  1 -1  1  1  1  1 -1  1 -1] [ 3 10 11 18 19 20 21 26 27 28 29 33 34 35 36 38 41 42 43 44 45 46 47 50
 51 52 53 54 55 57 59 60 61] [ 5878  8861  6864  5381  4282 11819 10425  5391  5854 10375  7581 13129
  3844  7950  4985 10243  9541  2436  9973  2904  5167  6031  4799  2806
  5065  5998  2993  4483  3833  9194 12774  3468  5837] [] 1716435763.5418803692
[ 1  1  1  1  1  1 -1  1  1  1  1  1  1  1  1  1  1  1  1  1  1  1  1  1
  1  1  1  1  1  1  1  1 -1 -1] [ 3 10 11 18 19 20 21 26 27 28 29 33 34 35 36 38 41 42 43 44 45 46 47 50
 51 52 53 54 55 57 59 60 61 62] [ 5641  8394  6437  5087  4150 11462 10614  5001  5836  9091  7163 12689
  3612  7860  4327  8929  8101  2380  9553  2858  5084  5475  4588  2740
  4903  5914  2970  4293  3726  7301 12376  3419  5856 16049] [] 1716435763.5847537518
[ 1  1  1  1  1  1  1  1  1  1 -1  1  1  1  1  1  1  1  1  1 -1  1  1 -1
  1  1  1  1 -1  1  1  1 -1  1] [ 3 10 11 18 19 20 21 26 27 28 29 33 34 35 36 38 41 42 43 44 45 46 47 50
 51 52 53 54 55 57 59 60 61 62] [ 5508  7809  6149  4933  4055 11313 10468  4626  5766  8175  7319 12553
  3442  7652  4181  8774  7863  2332  9239  2818  5098  5382  4391  2788
  4789  5611  2950  4173  3812  6487 12242  3230  5877 14273] [] 1716435763.6277661324
[ 1 -1  1 -1  1  1  1  1  1 -1  1 -1 -1  1 -1  1 -1  1  1 -1 -1  1  1  1
  1  1  1  1  1  1  1  1  1  1 -1] [ 3 10 11 12 18 19 20 21 26 27 28 29 33 34 35 36 38 41 42 43 44 45 46 47
 50 51 52 53 54 55 57 59 60 61 62] [ 5438  7817  5873 16103  4495  4013 11189 10428  4139  6004  7758  8577
 12592  3329  7767  3939  8829  7709  2289  9277  2830  5033  5330  4319
  2736  4783  5487  2880  4054  3680  5929  9807  3208  5843 14912] [] 1716435763.6707768440
[ 1  1  1 -1  1  1  1  1  1  1 -1  1 -1  1  1  1 -1  1  1  1  1  1 -1  1
  1  1  1  1  1  1  1  1  1 -1  1] [ 3 10 11 12 18 19 20 21 26 27 28 29 33 34 35 36 38 41 42 43 44 45 46 47
 50 51 52 53 54 55 57 59 60 61 62] [ 5398  7667  5613 16119  4303  3927 11106 10373  3740  5920  7863  7296
 12627  3192  7623  3872  8869  7247  2239  9153  2754  4994  5386  4176
  2560  4768  5419  2825  4015  3668  5319  7933  3159  5871 12476] [] 1716435763.7138040066
[ 1  1  1 -1  1  1  1  1  1  1  1  1 -1  1  1  1 -1  1  1  1  1 -1  1  1
  1 -1 -1  1  1  1  1  1  1 -1  1] [ 3 10 11 12 18 19 20 21 26 27 28 29 33 34 35 36 38 41 42 43 44 45 46 47
 50 51 52 53 54 55 57 59 60 61 62] [ 5369  6471  4777 16167  4127  3823 11028 10118  3551  5858  7496  6548
 12681  3112  7320  3639  8963  6658  2170  9050  2636  5030  5335  4070
  2500  4797  5555  2760  3787  3616  4880  6828  3038  5878  9207] [] 1716435763.7568638325
[ 1  1  1  1  1  1  1 -1  1 -1  1  1  1  1  1  1  1  1  1  1  1  1  1  1
 -1  1  1  1  1  1  1  1  1  1  1] [ 3 10 11 12 18 19 20 21 26 27 28 29 33 34 35 36 38 41 42 43 44 45 46 47
 50 51 52 53 54 55 57 59 60 61 62] [ 5287  6187  4437 16047  3999  3775 10906 10289  3451  5884  6028  6379
 12677  3039  7155  3483  8892  6490  2155  9002  2608  4973  5298  4023
  2504  4703  5481  2738  3738  3600  4855  6414  3032  5877  9198] [] 1716435763.7998242378
[-1  1  1  1  1 -1  1  1  1  1  1  1 -1  1  1 -1  1  1  1 -1  1  1  1  1
  1 -1  1  1 -1  1  1  1  1 -1  1] [ 3 10 11 12 18 19 20 21 26 27 28 29 33 34 35 36 38 41 42 43 44 45 46 47
 50 51 52 53 54 55 57 59 60 61 62] [ 5333  6119  4335 15807  3959  3827 10771 10210  3445  5834  5782  6286
 12776  2968  6999  3496  8863  6410  2136  9013  2581  4967  5280  4013
  2500  4704  5351  2708  3817  3552  4845  6038  3029  5892  9076] [] 1716435763.8428299427
[ 1  1  1 -1  1  1  1  1  1 -1  1  1  1  1 -1  1  1  1  1  1  1 -1 -1  1
  1 -1 -1 -1 -1 -1  1  1 -1  1  1] [ 3 10 11 12 18 19 20 21 26 27 28 29 33 34 35 36 38 41 42 43 44 45 46 47
 50 51 52 53 54 55 57 59 60 61 62] [ 5273  6071  4283 15831  3915  3749 10757 10114  3389  5851  5669  6264
 12737  2939  7014  3409  8755  6405  2132  8991  2569  5020  5289  3930
  2468  4762  5375  2718  3854  3560  4798  5734  3054  5880  9002] [] 1716435763.8858387470
[ 1 -1  1  1  1  1  1  1  1 -1 -1  1  1 -1  1  1 -1  1  1 -1 -1  1  1 -1
  1  1  1  1  1 -1 -1 -1  1  1 -1] [ 3 10 11 12 18 19 20 21 26 27 28 29 33 34 35 36 38 41 42 43 44 45 46 47
 50 51 52 53 54 55 57 59 60 61 62] [ 5241  6103  4283 15743  3895  3729 10740 10085  3373  5878  5679  6227
 12614  2951  6981  3313  8761  6350  2128  9072  2602  4941  5263  3940
  2458  4724  5311  2708  3810  3569  4802  6056  3022  5874  9047] [] 1716435763.9289047718
[ 1  1  1 -1  1  1  1  1  1 -1  1 -1 -1  1 -1  1 -1 -1 -1  1  1 -1  1 -1
 -1  1  1 -1 -1 -1 -1 -1 -1  1 -1] [ 3 10 11 12 18 19 20 21 26 27 28 29 33 34 35 36 38 41 42 43 44 45 46 47
 50 51 52 53 54 55 57 59 60 61 62] [ 5235  6062  4214 15855  3871  3724 10720 10072  3363  5892  5620  6247
 12659  2936  7066  3311  8815  6381  2144  9032  2594  4991  5254  4003
  2464  4703  5291  2722  3839  3584  4882  7416  3067  5829 12888] [] 1716435763.9718174934
[-1 -1 -1 -1 -1 -1  1 -1 -1  1 -1 -1  1 -1  1 -1 -1 -1 -1  1 -1  1 -1 -1
 -1 -1  1 -1 -1 -1 -1 -1 -1  1 -1] [ 3 10 11 12 18 19 20 21 26 27 28 29 33 34 35 36 38 41 42 43 44 45 46 47
 50 51 52 53 54 55 57 59 60 61 62] [ 5256  6289  4429 15863  3903  3766 10665 10074  3399  5866  5850  6300
 12628  3007  6915  3427  8839  6897  2166  9008  2617  4982  5259  4167
  2476  4716  5291  2724  3843  3608  5415  8241  3080  5818 13184] [] 1716435764.0148694515
[-1 -1 -1 -1 -1 -1  1 -1 -1 -1 -1 -1 -1 -1  1 -1 -1 -1 -1 -1 -1 -1 -1 -1
 -1 -1 -1 -1 -1 -1 -1 -1 -1  1 -1] [ 3 10 11 12 18 19 20 21 26 27 28 29 33 34 35 36 38 41 42 43 44 45 46 47
 50 51 52 53 54 55 57 59 60 61 62] [ 5269  6827  4491 16247  3963  3797 10660 10100  3459  5890  6500  6461
 12696  3009  6881  3571  8854  7122  2219  9109  2697  4997  5345  4338
  2592  4806  5695  2776  3877  3720  7396  8583  3208  5809 14676] [] 1716435764.0577361584
[-1 -1 -1  1 -1 -1 -1  1 -1  1 -1 -1  1 -1  1 -1  1 -1 -1  1 -1 -1 -1 -1
 -1 -1  1 -1 -1 -1 -1 -1  1  1] [ 3 10 11 12 18 19 20 21 26 27 28 29 33 34 35 36 38 41 42 43 44 45 46 47
 50 51 52 53 54 55 57 59 60 61] [ 5314  7295  5308 16127  4229  3845 10664 10035  3995  5864  7575  8123
 12585  3120  6805  3690  8772  8346  2242  9101  2746  5079  5407  4380
  2596  5472  5695  2789  4023  3760  8338  9195  3205  5740] [] 1716435764.1008262634
[-1 -1 -1  1 -1 -1  1  1 -1 -1 -1 -1 -1 -1  1 -1 -1 -1 -1 -1 -1 -1 -1 -1
 -1 -1  1 -1 -1  1 -1 -1 -1 -1] [ 3 10 11 12 18 19 20 21 26 27 28 29 33 34 35 36 38 41 42 43 44 45 46 47
 50 51 52 53 54 55 57 59 60 61] [ 5375  8039  5403 16109  4325  3880 10619  9992  4139  5882  7724  8130
 12712  3190  6754  3879  9958  8951  2292  9193  2824  5143  5919  4648
  2620  5695  5691  2839  4167  3716  8901 14363  3319  5753] [] 1716435764.1438188553
[-1 -1 -1 -1 -1 -1 -1 -1  1 -1 -1  1 -1  1 -1 -1 -1 -1 -1 -1  1 -1 -1 -1
 -1 -1 -1 -1 -1 -1 -1 -1  1] [ 3 10 11 18 19 20 21 26 27 28 29 33 34 35 36 38 41 42 43 44 45 46 47 50
 51 52 53 54 55 57 59 60 61] [ 5421  8990  6175  4913  3921 10643 10037  4415  5669  9089  8273 12493
  3319  6751  4273 10094  9113  2317  9209  2841  5129  5962  4857  2640
  5774  5714  2908  4221  3736 10384 16365  3399  5750] [] 1716435764.1868107319
[-1 -1 -1 -1 -1 -1 -1 -1 -1 -1 -1 -1 -1 -1 -1 -1 -1 -1 -1 -1 -1 -1 -1 -1
  1 -1 -1 -1 -1 -1  1 -1] [ 3 10 11 18 19 20 21 26 27 28 29 33 34 35 36 38 41 42 43 44 45 46 47 50
 51 52 53 54 55 57 60 61] [ 5782  9125  6393  5083  3977 10737 10065  4705  5672 10197  8308 12565
  3404  6758  4579 10289 10420  2349 10268  2898  5187  6179  5328  2660
  5756  5730  2946  4269  3855 12652  3370  5751] [] 1716435764.2298035622
[-1 -1 -1 -1 -1 -1  1 -1 -1  1 -1 -1 -1 -1 -1 -1 -1 -1 -1  1 -1 -1 -1 -1
 -1 -1 -1 -1 -1  1] [ 3 10 11 18 19 20 21 26 27 28 29 33 34 35 36 41 42 43 44 45 46 47 50 51
 52 53 54 55 60 61] [ 7786  9302  6705  5243  4110 10774 10042  5703  5709 10181  8546 12658
  3434  6768  4862 10684  2447 10900  2964  5151  7564  5651  2752  6395
  6388  3023  4799  4029  3515  5727] [] 1716435764.2728543282
[-1 -1 -1 -1 -1 -1 -1 -1 -1  1  1 -1 -1 -1 -1 -1  1 -1 -1 -1 -1 -1 -1 -1
 -1  1 -1 -1 -1 -1] [ 3 10 11 18 19 20 21 26 27 28 29 33 34 35 36 41 42 43 44 45 46 47 50 51
 52 53 54 55 60 61] [14460 10177  7755  5509  4178 11249 10164  7133  5723 10169  8463 12816
  3550  6812  5528 10951  2417 15627  2985  5197  7959  6169  2864  6491
  7146  3014  5021  4122  3619  5744] [] 1716435764.3158254623
[-1 -1 -1  1 -1 -1  1 -1  1 -1 -1 -1 -1 -1 -1 -1  1 -1 -1 -1 -1 -1 -1 -1
 -1 -1 -1 -1 -1] [ 3 10 11 18 19 20 21 26 27 28 29 34 35 36 41 42 43 44 45 46 47 50 51 52
 53 54 55 60 61] [14989 10260  8883  5503  4248 11380 10118  7688  5715 10224  8563  3667
  7399  6064 11241  2528 15569  3104  5235  8069  6446  3076  6532  7994
  3268  5774  4385  3934  5778] [] 1716435764.3588256836
[-1  1 -1 -1 -1 -1 -1 -1  1 -1 -1 -1 -1  1 -1  1  1 -1  1 -1 -1  1 -1 -1
 -1 -1 -1 -1] [10 11 18 19 20 21 26 27 28 29 34 35 36 41 42 43 44 45 46 47 50 51 52 53
 54 55 60 61] [11261  8881  6583  4404 11974 10280  7756  5773 10214  8715  4083  7508
  6734 11239  2607 15465  3100  5260  8038  6558  3082  6476  8184  3316
  5895  4508  4065  5806] [] 1716435764.4017994404
[-1  1 -1 -1 -1 -1 -1 -1 -1 -1 -1 -1 -1 -1 -1  1 -1 -1 -1 -1 -1 -1 -1 -1
  1 -1 -1 -1] [10 11 18 19 20 21 26 27 28 29 34 35 36 41 42 43 44 45 46 47 50 51 52 53
 54 55 60 61] [12017  8845  8057  4482 12141 10512  7865  5828 10233 10096  4221  7715
  8685 11317  2746 15287  3184  6050  8219  7113  3167  6541  8906  3458
  5853  4740  4879  5913] [] 1716435764.4447400570
[-1 -1 -1 -1 -1 -1 -1 -1 -1 -1 -1  1 -1  1 -1  1  1  1 -1 -1 -1 -1 -1 -1
 -1 -1 -1 -1] [10 11 18 19 20 21 26 27 28 29 34 35 36 41 42 43 44 45 46 47 50 51 52 53
 54 55 60 61] [14402  8883 10288  4584 12147 10566  7956  5873 10315 10268  4328  7698
  9885 11243  2761 15094  3166  6009  8287  7381  3232  7865  9155  3538
  5899  4942  5077  5919] [] 1716435764.4878227711
[-1 -1  1 -1 -1 -1 -1 -1 -1  1 -1 -1 -1 -1 -1  1 -1 -1 -1 -1 -1 -1 -1 -1
 -1 -1 -1 -1] [10 11 18 19 20 21 26 27 28 29 34 35 36 41 42 43 44 45 46 47 50 51 52 53
 54 55 60 61] [15785  8893 10287  4666 12332 10667  8053  5946 10339 10253  4388  7875
 10116 11382  2981 15046  3362  6169  8384  9094  3390  8097  9632  3814
  6311  5342  5721  6095] [] 1716435764.5308279991
[-1  1 -1 -1  1 -1 -1 -1 -1 -1 -1 -1  1 -1 -1 -1 -1  1 -1 -1 -1 -1 -1 -1
 -1 -1  1] [11 18 19 20 21 26 27 28 29 34 35 36 41 42 43 44 45 46 47 50 51 52 53 54
 55 60 61] [ 8930 10204  4908 12789 10632  8263  5999 10357 10475  4780  8135 11073
 11363  3076 15541  3443  6206  8376 12141  3427  9482  9710  3928  7404
  5515  7114  6073] [] 1716435764.5737843513
[-1 -1 -1 -1 -1 -1 -1  1  1 -1  1 -1 -1 -1 -1 -1 -1 -1 -1 -1 -1 -1 -1 -1
 -1 -1] [11 18 19 20 21 26 27 28 29 34 35 36 41 42 44 45 46 47 50 51 52 53 54 55
 60 61] [ 8992 10302  4988 13451 10655  8848  6071 10314 10438  4985  7985 13125
 11463  3203  3550  6260  8415 12979  3519  9581 10146  3988  7672  5606
  7419  6118] [] 1716435764.6167995930
[-1 -1 -1 -1 -1  1 -1 -1 -1 -1 -1 -1 -1 -1 -1 -1 -1 -1 -1 -1 -1 -1 -1 -1
 -1] [11 18 19 20 21 26 27 28 29 34 35 36 41 42 44 45 46 50 51 52 53 54 55 60
 61] [ 9080 10549  5121 13591 10693  8824  6098 10424 10529  5021  8287 13475
 11611  3530  3743  6433  8540  4013  9748 12620  4160  9661  5727  8155
  6221] [] 1716435764.6598932743
[-1 -1 -1 -1 -1 -1 -1  1  1 -1  1 -1 -1 -1 -1 -1 -1 -1 -1 -1 -1 -1 -1 -1] [11 18 19 20 21 26 27 28 29 34 35 36 41 42 44 45 46 50 51 53 54 55 60 61] [ 9236 10679  5531 14466 10773  9234  6830 10347 10419  5182  8006 14906
 11837  3977  3890  6509  8731  4622  9827  4215 10940  5777  8529  6277] [] 1716435764.7027597427
[-1 -1 -1 -1 -1  1 -1 -1 -1 -1 -1 -1 -1 -1 -1 -1 -1 -1 -1 -1 -1 -1 -1 -1] [11 18 19 20 21 26 27 28 29 34 35 36 41 42 44 45 46 50 51 53 54 55 60 61] [ 9453 11021  6784 15005 10879  8613  6990 10540 10600  5436  9290 15112
 11910  4152  3919  7307 11163  4849  9983  4251 10982  6039  9233  6291] [] 1716435764.7457203865
[ 1 -1 -1 -1 -1 -1  1  1 -1 -1  1  1 -1 -1 -1 -1 -1 -1 -1 -1 -1 -1 -1] [11 18 19 20 21 26 27 28 29 34 35 41 42 44 45 46 50 51 53 54 55 60 61] [ 9412 12730  6997 15287 10904  8649  6965 10494 10688  5503  9063 11771
  4343  3982  7402 11374  5232 10441  4395 11080  6618 10020  6418] [] 1716435764.7887926102
[-1 -1 -1 -1 -1 -1 -1 -1 -1 -1  1 -1 -1  1 -1  1 -1  1 -1 -1 -1] [11 19 20 21 26 27 28 29 34 35 41 42 44 45 50 51 53 54 55 60 61] [ 9520  7482 15588 11120 10407  7016 10534 10723  5536  9279 11769  4498
  4101  7268  5543 10399  4434 11039  7033 14143  6423] [] 1716435764.8317737579
[-1 -1 -1 -1 -1 -1 -1 -1 -1 -1 -1 -1 -1 -1 -1  1 -1 -1 -1 -1] [11 19 20 21 26 27 28 29 34 35 41 42 44 45 50 51 53 54 55 61] [ 9545  8087 16099 11296 10546  7143 10662 10763  5620  9917 11883  4831
  4186  7330  6001 10338  4503 11157  7988  6431] [] 1716435764.8746972084
[-1 -1 -1 -1 -1  1 -1 -1 -1 -1 -1 -1 -1 -1 -1 -1 -1 -1 -1] [11 19 21 26 27 28 29 34 35 41 42 44 45 50 51 53 54 55 61] [ 9696  8355 11312 10594  7197 10622 10765  5670 10422 12059  5608  4572
  7445  6349 10369  4755 11363 10135  6655] [] 1716435764.9176878929
[ 1 -1  1 -1 -1  1 -1 -1  1 -1 -1 -1 -1 -1 -1 -1 -1 -1 -1] [11 19 21 26 27 28 29 34 35 41 42 44 45 50 51 53 54 55 61] [ 9541  9823 11295 10660  7270 10581 11022  5790 10106 12341  6558  5006
  7685  6419 10386  5455 11593 11470  6811] [] 1716435764.9608066082
[-1 -1 -1 -1 -1 -1 -1 -1 -1  1 -1 -1 -1 -1 -1 -1  1 -1] [11 19 21 26 27 28 29 34 35 42 44 45 50 51 53 54 55 61] [ 9868 10114 11371 10916  7523 10847 11264  5894 15174  6499  5466  7903
  6813 10527  5570 11757 11153  6915] [] 1716435765.0037541389
[-1 -1 -1 -1 -1  1 -1 -1 -1 -1 -1 -1 -1 -1 -1 -1 -1 -1] [11 19 21 26 27 28 29 34 35 42 44 45 50 51 53 54 55 61] [ 9937 10236 11382 11364  9536 10791 11307  5966 15448  7331  5948  8040
  6853 10675  6062 11758 11495  7054] [] 1716435765.0466849804
[-1 -1 -1 -1 -1 -1 -1 -1  1  1 -1  1 -1 -1 -1  1  1] [11 19 21 26 27 28 29 34 35 42 44 45 50 51 53 54 61] [ 9968 10486 11504 11429 11497 11012 11510  8151 15250  7209  6033  7902
  6901 10772  6098 11543  6987] [] 1716435765.0897901058
[ 1 -1 -1 -1 -1 -1 -1 -1 -1  1 -1  1 -1 -1 -1  1  1] [11 19 21 26 27 28 29 34 35 42 44 45 50 51 53 54 61] [ 9884 10554 11620 11538 11520 11051 11558  9952 15282  7151  6835  7799
  7059 10805  6480 11382  6967] [] 1716435765.1327660084
[ 1 -1  1  1 -1  1 -1 -1 -1 -1 -1 -1 -1 -1] [11 26 27 28 34 35 42 44 45 50 51 53 54 61] [ 9721 11758 11203 10713 10031 15138  7570  7445  7836  7165 10817  6657
 11614  7102] [] 1716435765.1757380962
[-1 -1 -1 -1 -1 -1  1 -1 -1 -1 -1 -1 -1 -1] [11 26 27 28 34 35 42 44 45 50 51 53 54 61] [ 9860 11949 13626 10834 10302 15805  7558  8198  7964  7300 11027  6937
 11739  7390] [] 1716435765.2187695503
[-1  1 -1  1  1 -1 -1  1 -1 -1 -1  1] [11 26 28 34 35 42 44 45 50 53 54 61] [ 9897 11851 10980 10258 15717  9003  9845  7962  7610  6987 11933  7368] [] 1716435765.2616984844
[-1 -1 -1 -1 -1 -1 -1 -1 -1 -1 -1 -1] [11 26 28 34 35 42 44 45 50 53 54 61] [12290 12003 11010 10344 15789  9074  9905  8006  8166  7139 12099  7478] [] 1716435765.3046693802
[-1  1  1 -1 -1 -1 -1 -1 -1 -1 -1] [26 28 34 35 42 44 45 50 53 54 61] [12040 10966 10215 15796  9284 10066  8139  9907  7242 12264  7616] [] 1716435765.3476941586
[-1 -1 -1  1  1 -1  1 -1 -1 -1 -1] [26 28 34 35 42 44 45 50 53 54 61] [13607 11015 13190 15529  9266 10149  8075  9919  7302 12406  7636] [] 1716435765.3906512260
[ 1  1 -1 -1 -1 -1 -1 -1 -1 -1 -1] [26 28 34 35 42 44 45 50 53 54 61] [13518 11006 13249 15668  9337 10234  8099 10042  8939 16139  8593] [] 1716435765.4337182045
[ 1 -1 -1 -1 -1  1  1 -1  1] [26 28 34 35 42 44 45 50 53] [13433 11055 13411 15914  9503 10221  7838 10057  7540] [] 1716435765.4766697884
[ 1  1  1 -1  1 -1  1  1] [26 28 34 42 44 45 50 53] [13385 10995 13299 11235 10142  7844 10031  6861] [] 1716435765.5197567940
[ 1  1  1  1 -1 -1 -1] [28 34 42 44 45 50 53] [10959 13043 11182  9853  7879 10216  8750] [] 1716435765.5626604557
[-1 -1 -1 -1 -1 -1] [28 42 44 45 50 53] [11089 11186  9975  8067 10597 10443] [] 1716435765.6055874825
[-1  1 -1 -1 -1] [28 42 44 45 53] [11098 11060 10085  8281 10590] [] 1716435765.6486258507
[ 1  1 -1 -1 -1] [28 42 44 45 53] [11071 10237 10456  9124 10761] [] 1716435765.6916391850
[-1 -1 -1 -1 -1] [28 42 44 45 53] [11538 10344 13259 10094 11035] [] 1716435765.7347168922
[-1  1  1 -1] [28 42 44 45] [11808 10121 13087 10898] [] 1716435765.7776567936
[1 1] [42 45] [ 9299 10810] [] 1716435765.8205907345
[1 1] [42 45] [ 8561 10808] [] 1716435765.8636603355
[1 1] [42 45] [ 8014 10540] [] 1716435765.9066560268
[-1  1] [42 45] [10436  8475] [] 1716435765.9496402740
[-1 -1] [42 45] [10774  9215] [] 1716435765.9925560951
[-1 -1] [42 45] [11091 11400] [] 1716435766.0357141495
[-1 -1] [42 45] [11957 11791] [] 1716435766.0786476135
[-1] [42] [14143] [] 1716435766.1216197014
[-1] [42] [14862] [] 1716435766.1645793915
[-1] [44] [15517] [] 1716435766.4226360321
[1] [44] [14931] [] 1716435766.4656503201
[-1] [44] [14953] [] 1716435766.5295529366
2 2 2 1716435766.5298926830
