FA TAX ADC PRES TS
[1 1] [42 44] [11458 10123] [] 1716435962.4893672466
[-1 -1] [42 44] [11468 10155] [] 1716435962.5322556496
[-1 -1] [42 44] [11602 12540] [] 1716435962.5753200054
[-1  1] [42 44] [11721 12112] [] 1716435962.6182811260
[-1  1] [42 44] [11722 10010] [] 1716435962.6612036228
[-1 -1 -1] [42 44 50] [11788 12035 10426] [] 1716435962.7042727470
[ 1 -1 -1] [42 44 50] [ 9452 12304 10434] [] 1716435962.7472779751
[-1  1  1  1] [28 42 44 50] [12725  9275 12109 10246] [] 1716435962.7903385162
[ 1 -1  1] [28 42 44] [11698 11653 12005] [] 1716435962.8333392143
[ 1  1 -1] [28 42 44] [11435 10267 12433] [] 1716435962.8762495518
[ 1 -1 -1 -1] [28 42 44 50] [11113 11176 12510 10082] [] 1716435962.9193387032
[ 1  1 -1] [28 42 50] [10965  8431 10106] [] 1716435962.9623000622
[-1  1  1] [28 42 50] [11011  5523  8084] [] 1716435963.0052926540
[ 1  1 -1  1] [28 42 44 50] [10899  5098 12375  7180] [] 1716435963.0482466221
[-1  1  1 -1 -1 -1] [28 42 44 50 51 53] [10979  5017  8460  7354 10909 15007] [] 1716435963.0913357735
[-1  1  1 -1 -1 -1  1] [28 42 44 45 50 51 53] [11125  4582  7934 10586  8613 10956 10325] [] 1716435963.1344006062
[-1 -1 -1  1  1  1  1] [28 36 42 44 45 50 53] [11333 14975  4691  7735  8849  8362  8994] [] 1716435963.1773569584
[ 1  1  1  1  1 -1 -1  1] [28 36 42 44 45 50 51 53] [11139 14656  4537  6906  8766  8458  9536  8179] [] 1716435963.2202794552
[-1 -1  1  1  1  1  1  1  1] [26 28 36 42 44 45 50 51 53] [11558 11231 13817  4459  6592  8740  6664  8629  7799] [] 1716435963.2633497715
[ 1  1  1  1  1 -1 -1  1 -1 -1] [26 28 36 42 44 45 50 51 53 61] [11450 11112 12851  4190  6558  9025  6689  8595  8080  9091] [] 1716435963.3063876629
[ 1 -1  1  1  1  1 -1  1  1  1] [26 28 36 42 44 45 50 51 53 61] [11253 11183 11683  3964  6121  8705  8147  8398  7049  7642] [] 1716435963.3493156433
[ 1 -1 -1  1  1  1  1  1  1 -1  1] [26 27 28 36 42 44 45 50 51 53 61] [11238 12982 11382 10685  3777  5451  8705  8095  8292  7066  7614] [] 1716435963.3922352791
[-1 -1 -1  1 -1 -1 -1  1  1  1  1  1  1  1] [11 20 26 27 28 29 36 42 44 45 50 51 53 61] [14308 15675 11283 12939 11487 11894 10785  3732  4965  8694  6438  8115
  7016  7555] [] 1716435963.4353945255
[ 1 -1 -1 -1 -1  1 -1  1  1  1  1  1  1  1] [11 19 26 27 28 29 36 42 44 45 50 51 53 61] [12305 10681 11313 12949 11623 11854 10860  3524  4549  8441  6322  7962
  6686  7225] [] 1716435963.4783890247
[ 1  1 -1 -1  1  1  1  1 -1  1  1  1  1  1  1] [11 19 20 26 27 28 29 36 42 44 45 50 51 53 61] [11230 10476 15051 11414 12847 11301 11503 10533  3557  4337  8227  6307
  7951  6340  7043] [] 1716435963.5213603973
[ 1 -1  1  1 -1  1  1 -1  1  1  1  1 -1  1  1 -1  1] [11 19 20 26 27 28 29 34 36 42 44 45 46 50 51 53 61] [10419 11167 14293 11383 12919 11269 11430 13795  9901  3432  4222  8105
 15744  6099  7806  6355  6910] [] 1716435963.5642714500
[ 1  1 -1  1  1  1  1  1  1  1 -1  1  1  1  1  1  1 -1  1] [11 19 20 26 27 28 29 34 36 42 43 44 45 46 50 51 53 60 61] [10227 10777 14351 11242 12790 11170 11324 11087  9365  3290 11135  4036
  7941 11570  6035  7647  6207 12432  6778] [] 1716435963.6074285507
[ 1 -1  1  1  1  1  1  1  1  1 -1  1  1  1 -1  1  1  1  1] [11 19 20 26 27 28 29 34 36 42 43 44 45 46 50 51 53 60 61] [ 9987 11125 13918 11124  9085 10991  8250  8073  8037  3213 11343  3854
  7819 11212  6134  7579  5971  8609  6557] [] 1716435963.6503865719
[-1 -1 -1 -1  1  1 -1  1  1  1  1  1  1 -1  1  1  1  1 -1  1  1] [11 18 19 20 26 27 28 29 34 36 42 43 44 45 46 50 51 53 54 60 61] [ 9994 12660 12461 14004 10867  8874 11016  8141  7176  7921  3069 11300
  3711  7858 11092  5595  6710  5793 16263  7518  6523] [] 1716435963.6934034824
[ 1  1 -1  1  1  1  1  1  1  1 -1 -1  1  1  1 -1  1  1  1  1  1  1] [11 18 19 20 26 27 28 29 34 36 41 42 43 44 45 46 50 51 53 54 60 61] [ 9620 11215 12514 13596  8865  8868 10833  7955  7071  7529 14358  3081
 11269  3519  7617 11157  5399  6528  5777 15787  6873  6445] [] 1716435963.7363038063
[ 1  1  1  1  1  1 -1  1  1  1  1  1  1  1  1  1  1  1 -1  1  1  1  1] [11 18 19 20 26 27 28 29 34 36 41 42 43 44 45 46 50 51 52 53 54 60 61] [ 9611 10966 12132 13031  8703  7769 10847  7915  6973  7457 13855  3007
 11139  3347  6741  9869  5166  6247  8638  5727 15296  5932  6372] [] 1716435963.7793631554
[ 1  1  1  1  1  1  1  1  1  1  1  1 -1  1  1  1  1 -1  1 -1 -1  1  1] [11 18 19 20 26 27 28 29 34 36 41 42 43 44 45 46 50 51 52 53 54 60 61] [ 9584 10702 11686 12931  8588  7181  9219  7792  6862  6795 13655  2904
 11168  3254  6510  9179  4636  6252  8352  5738 15833  5607  6372] [] 1716435963.8223819733
[-1  1  1 -1 -1  1  1  1  1 -1  1 -1 -1  1  1  1 -1  1  1  1  1  1  1 -1
  1 -1] [ 3 11 18 19 20 26 27 28 29 34 36 37 41 42 43 44 45 46 50 51 52 53 54 57
 60 61] [10726  9535 10545 11803 12994  8531  7134  8539  7605  6902  6495 16377
 13759  2842 11137  3214  6548  8795  4606  5637  7359  5394 12165 15601
  5240  6383] [] 1716435963.8654277325
[ 1  1  1  1  1  1  1  1 -1  1  1  1  1  1  1  1  1 -1  1  1 -1  1  1  1
  1  1] [ 3 11 18 19 20 26 27 28 29 34 36 37 41 42 43 44 45 46 50 51 52 53 54 57
 60 61] [ 9859  9453 10426  9738 12852  8362  6989  8364  7720  6797  6235 13097
 13709  2794  9807  3091  6379  9443  4298  5007  7443  5287 10110 11509
  4841  6268] [] 1716435963.9083368778
[ 1  1  1 -1  1  1  1 -1 -1  1  1  1  1  1 -1  1  1  1  1  1  1  1  1  1
  1  1] [ 3 11 18 19 20 26 27 28 29 34 36 37 41 42 43 44 45 46 50 51 52 53 54 57
 60 61] [ 9590  9297 10325 10142 12576  6847  6890  8367  7813  6725  5873 10105
 12825  2759  9831  2984  6358  9155  3994  4458  6980  5210  9794  8197
  4646  6194] [] 1716435963.9514739513
[ 1  1  1  1  1  1  1  1  1  1  1  1  1  1  1  1  1 -1  1  1  1  1  1  1
  1  1] [ 3 11 18 19 20 26 27 28 29 34 36 37 41 42 43 44 45 46 50 51 52 53 54 57
 60 61] [ 9086  8279 10155  9360 12170  5277  6813  8217  7782  6590  5763 10075
 12786  2682  9447  2942  6355  9271  3902  4070  6294  5102  9544  7835
  4479  6127] [] 1716435963.9944243431
[ 1 -1  1  1  1  1  1  1  1  1  1  1 -1  1  1 -1  1  1  1  1  1  1 -1 -1
  1  1  1] [ 3 11 18 19 20 26 27 28 29 34 36 37 41 42 43 44 45 46 50 51 52 53 54 55
 57 60 61] [ 8929  8283 10061  8777 12140  5125  6792  8123  7687  6335  5593  9549
 12887  2531  9421  2974  6268  8270  3851  3874  5548  5059  9875 14112
  7104  4211  6107] [] 1716435964.0374777317
[ 1  1  1  1  1  1  1  1  1  1  1  1  1  1  1  1 -1 -1 -1  1 -1  1  1  1
  1  1  1 -1] [ 3 11 18 19 20 26 27 28 29 34 36 37 41 42 43 44 45 46 47 50 51 52 53 54
 55 57 60 61] [ 6078  8249 10014  8444 12087  4657  6753  8081  7252  6033  5523  7987
  9215  2499  9358  2971  6282  8300 15299  3718  3978  5269  4488  7098
  8887  5902  4119  6174] [] 1716435964.0803160667
[ 1  1 -1  1  1  1  1  1  1  1 -1  1  1  1  1 -1  1  1  1 -1  1  1  1 -1
 -1  1  1  1 -1] [ 3 11 18 19 20 26 27 28 29 34 35 36 37 41 42 43 44 45 46 47 50 51 52 53
 54 55 57 60 61] [ 4815  6709 10074  6618 10295  4463  6570  7375  7173  5555 15477  5074
  6126  9001  2411  9433  2878  6261  8236 15634  3629  3825  5002  4564
  7437  7200  5729  3800  6217] [] 1716435964.1234431267
[ 1  1  1  1  1  1  1  1  1  1  1  1  1  1  1  1  1  1 -1  1  1  1 -1  1
  1  1  1  1  1] [ 3 11 18 19 20 26 27 28 29 34 35 36 37 41 42 43 44 45 46 47 50 51 52 53
 54 55 57 60 61] [ 4799  6614 10001  5789  9537  4227  6529  6909  7017  4578 14302  4946
  5749  8435  2350  9153  2767  6206  8326 14319  3454  3356  5382  4460
  7008  6293  5470  3647  6073] [] 1716435964.1664271355
[ 1  1 -1  1 -1 -1  1  1 -1  1  1 -1  1  1  1  1  1  1  1  1  1  1  1  1
  1  1  1  1  1  1] [ 3 11 18 19 20 21 26 27 28 29 34 35 36 37 41 42 43 44 45 46 47 50 51 52
 53 54 55 57 60 61] [ 4655  6583 10121  5164  9925 13832  3927  6393  6973  4586  4226 14398
  4783  5195  7881  2235  9045  2692  6105  8243 11099  3295  3160  4965
  4452  5315  5894  5104  3418  5984] [] 1716435964.2094316483
[-1  1 -1  1  1  1  1  1  1  1  1  1  1  1  1  1  1  1  1  1  1  1  1  1
  1  1  1  1  1  1] [ 3 11 18 19 20 21 26 27 28 29 34 35 36 37 41 42 43 44 45 46 47 50 51 52
 53 54 55 57 60 61] [ 4658  6098 10177  4768  8170 10529  3739  6278  6601  4517  4052 14379
  4754  5078  7342  2167  8953  2600  6059  8199  7771  3274  2956  4395
  4285  5122  5668  4503  3367  5943] [] 1716435964.2523212433
[ 1  1 -1  1  1  1  1  1  1  1  1 -1  1  1  1  1  1  1  1 -1  1  1  1  1
  1  1  1  1  1 -1] [ 3 11 18 19 20 21 26 27 28 29 34 35 36 37 41 42 43 44 45 46 47 50 51 52
 53 54 55 57 60 61] [ 4643  4911 10217  4565  8002 10365  3479  6220  6261  4475  3709 14714
  4578  4719  7257  2163  8769  2530  5992  8240  6589  3088  2700  4374
  4076  4586  5640  4199  3291  5956] [] 1716435964.2953836918
[ 1  1  1  1 -1  1  1  1  1  1 -1  1  1  1  1  1  1  1  1  1  1  1  1  1
  1  1  1  1  1  1  1] [ 3 11 18 19 20 21 26 27 28 29 33 34 35 36 37 41 42 43 44 45 46 47 50 51
 52 53 54 55 57 60 61] [ 4543  4695  7757  4382  8013 10194  3319  5990  5648  4254 12899  3677
 13882  4503  4547  7242  2107  8744  2431  5892  7260  5898  2998  2634
  4351  3838  4485  4928  3857  3259  5939] [] 1716435964.3384585381
[ 1 -1  1  1  1 -1 -1  1  1  1  1  1  1 -1  1  1 -1  1  1  1  1  1 -1  1
  1  1  1  1  1  1  1  1  1] [ 3 10 11 18 19 20 21 26 27 28 29 33 34 35 36 37 38 41 42 43 44 45 46 47
 50 51 52 53 54 55 57 60 61] [ 4502 13721  4451  7626  4115  8380 10465  3139  5297  5371  3874 12865
  3462 13921  4467  4027 14316  7100  2024  8706  2414  5502  7399  5167
  2943  2473  3936  3677  4234  4782  3479  3151  5914] [] 1716435964.3814387321
[ 1  1  1  1  1  1  1  1  1  1  1  1  1  1  1  1  1 -1  1  1  1 -1  1  1
  1  1  1 -1  1  1  1  1  1] [ 3 10 11 18 19 20 21 26 27 28 29 33 34 35 36 37 38 41 42 43 44 45 46 47
 50 51 52 53 54 55 57 60 61] [ 4446 13475  4377  7480  4031  8214 10071  3035  5250  4939  3817 12746
  3376 12975  4196  3834 11125  7401  2011  8179  2384  5610  7229  4848
  2939  2450  3915  3784  4110  4570  3358  3113  5881] [] 1716435964.4243571758
[-1  1  1  1  1  1 -1 -1  1  1  1  1  1 -1  1  1 -1  1 -1  1  1 -1  1  1
  1  1  1  1  1  1 -1  1  1] [ 3 10 11 18 19 20 21 26 27 28 29 33 34 35 36 37 38 41 42 43 44 45 46 47
 50 51 52 53 54 55 57 60 61] [ 4463 13282  4344  7384  4031  6838 10122  3037  5234  4836  3712 12732
  3174 14056  4021  3726 11619  7040  2013  8063  2330  5675  7187  4766
  2830  2404  3807  3746  4078  4496  3362  3071  5858] [] 1716435964.4674274921
[-1 -1  1  1  1  1 -1  1 -1  1  1 -1  1  1  1 -1  1 -1  1  1  1  1 -1 -1
  1 -1  1  1  1  1  1  1  1] [ 3 10 11 18 19 20 21 26 27 28 29 33 34 35 36 37 38 41 42 43 44 45 46 47
 50 51 52 53 54 55 57 60 61] [ 4471 13294  4292  7356  4019  6752 10137  3029  5256  4800  3705 12772
  3134 13435  3975  3823 11207  7055  1960  8041  2302  5505  7229  4847
  2714  2431  3797  3674  4072  4340  3359  2998  5765] [] 1716435964.5104308128
[ 1 -1 -1  1  1 -1  1  1  1  1 -1  1  1  1  1  1  1 -1  1 -1 -1  1  1 -1
 -1  1  1  1  1 -1  1  1  1] [ 3 10 11 18 19 20 21 26 27 28 29 33 34 35 36 37 38 41 42 43 44 45 46 47
 50 51 52 53 54 55 57 60 61] [ 4423 13336  4298  7320  3948  6879 10062  2986  5231  4671  3708 12656
  3076 12952  3915  3717 10753  7400  1938  8125  2349  5356  7151  5092
  2731  2350  3757  3620  4009  4450  3323  2989  5753] [] 1716435964.5534105301
[-1  1  1  1  1  1  1  1  1  1  1 -1  1  1  1 -1 -1 -1 -1  1  1 -1 -1 -1
  1 -1 -1 -1 -1 -1 -1 -1 -1] [ 3 10 11 18 19 20 21 26 27 28 29 33 34 35 36 37 38 41 42 43 44 45 46 47
 50 51 52 53 54 55 57 60 61] [ 4426 13203  4247  7293  3934  6789 10011  2975  5217  4590  3663 12746
  3035 12913  3910  3737 11712  7473  1957  8103  2302  5456  7186  5939
  2720  2403  3782  3660  4163  4817  3525  3041  5789] [] 1716435964.5963549614
[ 1 -1 -1 -1 -1  1 -1 -1  1 -1 -1 -1 -1 -1 -1  1  1 -1  1 -1 -1  1 -1 -1
 -1 -1  1  1 -1 -1 -1 -1] [ 3 10 11 18 19 20 21 26 27 28 29 33 34 35 36 37 41 42 43 44 45 46 47 50
 51 52 53 54 55 57 60 61] [ 4398 13240  4361  7323  3975  6764 10048  2991  5199  4748  3695 12788
  3100 12996  3965  3727  7238  2014  8103  2306  5799  7153  7614  2859
  2460  3969  3640  4084  5220  3706  3127  5823] [] 1716435964.6394703388
[-1 -1 -1 -1 -1 -1 -1 -1 -1 -1  1  1 -1 -1 -1 -1 -1 -1 -1 -1  1 -1 -1 -1
 -1 -1 -1 -1 -1 -1 -1 -1] [ 3 10 11 18 19 20 21 26 27 28 29 33 34 35 36 37 41 42 43 44 45 46 47 50
 51 52 53 54 55 57 60 61] [ 4462 13756  4510  7397  4018  7596 10056  3071  5219  5101  3682 12740
  3198 13022  4262  3857  7371  2057  8537  2343  5761  8081 10577  2870
  2596  4028  3752  4358  5747  4193  3194  5931] [] 1716435964.6824128628
[-1  1 -1 -1 -1 -1  1 -1 -1 -1 -1 -1 -1 -1 -1 -1 -1 -1  1 -1 -1 -1 -1 -1
 -1 -1 -1 -1 -1 -1 -1  1] [ 3 10 11 18 19 20 21 26 27 28 29 33 34 35 36 37 41 42 43 44 45 46 47 50
 51 52 53 54 55 57 60 61] [ 4479 13678  4699  7405  4079  7731 10017  3199  5250  5721  4149 12810
  3240 15811  4297  4245  7986  2074  7826  2431  5824  8388 14079  2926
  2712  4433  3789  5350  6231  4563  3279  5908] [] 1716435964.7254951000
[-1 -1 -1 -1 -1 -1 -1 -1 -1 -1 -1 -1  1 -1 -1  1 -1  1 -1 -1  1 -1 -1  1
 -1 -1 -1 -1 -1 -1] [ 3 10 11 18 19 20 21 26 27 28 29 34 35 36 37 41 42 43 44 45 46 50 51 52
 53 54 55 57 60 61] [ 4487 13872  5533  9896  4151  8122 10162  3241  6199  6182  4350  3581
 13808  4410  4445  7852  2135  7823  2508  5887  8209  3150  2946  4387
  3861  6387  8240  4920  3305  5935] [] 1716435964.7683417797
[-1 -1  1 -1  1  1 -1  1 -1 -1 -1  1 -1 -1 -1 -1 -1 -1 -1 -1 -1 -1 -1 -1
 -1 -1 -1  1] [ 3 11 18 19 20 21 26 27 28 29 34 35 36 37 41 42 43 44 45 46 50 51 52 53
 54 57 60 61] [ 4571  7479  9846  4307  7924  9981  3447  6151  6555  4425  3896 13088
  4529  4943  9290  2223  8556  2598  5964  8373  3322  3653  4576  4042
  6739  5628  3456  5890] [] 1716435964.8113975525
[-1 -1 -1 -1 -1  1 -1 -1  1 -1 -1 -1 -1 -1 -1 -1 -1 -1 -1  1 -1  1 -1  1
 -1 -1 -1 -1] [ 3 11 18 19 20 21 26 27 28 29 34 35 36 37 41 42 43 44 45 46 50 51 52 53
 54 57 60 61] [ 4650  7996 10020  4588  8357  9926  3695  6182  6521  4587  4495 16190
  4750  5735  9350  2356  8610  2751  5988  8110  3400  3522  5908  3840
  8980  6093  3624  5929] [] 1716435964.8545172215
[-1  1 -1 -1 -1 -1 -1 -1 -1 -1 -1 -1  1 -1 -1 -1 -1 -1 -1 -1 -1 -1 -1 -1
 -1 -1 -1] [ 3 11 18 19 20 21 26 27 28 29 34 36 37 41 42 43 44 45 46 50 51 52 53 54
 57 60 61] [ 5845  7967 10216  4869 11572 10043  3901  6199  6840  4647  4749  4937
  5721  9777  2495  8654  2843  6019  8265  3591  3784  5964  4036  9087
  6906  3895  6012] [] 1716435964.8974940777
[-1 -1 -1 -1  1 -1 -1 -1 -1 -1 -1 -1 -1 -1 -1 -1 -1 -1 -1 -1 -1 -1 -1 -1
 -1 -1 -1] [ 3 11 18 19 20 21 26 27 28 29 34 36 37 41 42 43 44 45 46 50 51 52 53 54
 57 60 61] [ 8443  8004 10438  5097 11477 10146  4117  6235  8035  5281  5212  5185
  7254 13533  2644  8785  3019  6127 14361  3786  4088  6727  4243  9317
  8096  4242  6167] [] 1716435964.9403064251
[-1 -1  1 -1 -1 -1 -1 -1 -1 -1 -1 -1 -1 -1 -1  1 -1 -1  1 -1 -1 -1 -1 -1
 -1 -1] [ 3 11 18 19 20 21 26 27 28 29 34 35 36 37 42 43 44 45 46 50 51 52 53 54
 60 61] [ 8740  9077 10363  6375 11626 10222  4863  6405  8072  7683  5620 16238
  5518  8476  2757  8688  3168  6409 11044  4370  4538  9701  4459  9822
  4846  6278] [] 1716435964.9834067822
[-1 -1 -1 -1 -1 -1 -1 -1 -1 -1 -1  1 -1 -1 -1 -1 -1 -1 -1 -1 -1 -1 -1 -1
 -1 -1 -1] [ 3 11 18 19 20 21 26 27 28 29 34 35 36 37 41 42 43 44 45 46 50 51 52 53
 54 60 61] [ 9643  9254 10515  8169 11781 10556  6239  6767  8092  7851  5743 13277
  6287 12086 15503  2903 12683  3313  6474 11151  4639  4695 12723  4480
 12861  5735  6404] [] 1716435965.0264000893
[ 1 -1 -1 -1 -1 -1 -1 -1 -1 -1 -1 -1  1  1 -1  1 -1 -1 -1 -1 -1  1 -1 -1
 -1 -1] [11 18 19 20 21 26 27 28 29 34 35 36 37 41 42 43 44 45 46 50 51 52 53 54
 60 61] [ 9203 10650  8961 12136 10708  7290  6919  8181  8008  6035 14086  6313
 11391 15405  3149 11173  3563  6616 13886  4709  4796 12650  5170 15275
  6421  6526] [] 1716435965.0694139004
[-1 -1 -1 -1 -1 -1 -1 -1 -1 -1 -1 -1  1 -1 -1 -1  1 -1 -1 -1 -1 -1 -1 -1] [11 18 19 20 21 26 27 28 29 34 35 36 41 42 44 45 46 50 51 52 53 54 60 61] [ 9529 10918  9395 12498 10869  8698  7133  8595  8208  6640 14288  6973
 11859  3800  3713 10814 11725  5222  5424 13851  6662 15433  8184  6842] [] 1716435965.1122870445
[-1 -1 -1  1 -1 -1 -1 -1 -1 -1 -1  1 -1  1 -1 -1  1  1 -1 -1] [11 19 20 26 27 28 29 34 35 36 41 42 44 45 50 51 52 53 60 61] [ 9699  9805 13772  8501  7259 10918 11627  8659 14435  8291 11921  3606
  4137  7025  5513  6519 11764  6552  8348  6938] [] 1716435965.1554028988
[-1  1 -1 -1 -1  1  1 -1  1 -1 -1 -1 -1  1 -1  1 -1 -1 -1  1] [11 19 20 26 27 28 29 34 35 36 41 42 44 45 50 51 52 53 60 61] [ 9902  8226 16079 12181  7561 10909  9598  8739 10244  8460 11930  3650
  4632  6923  6275  4860 14510  6770 15486  6834] [] 1716435965.1984004974
[ 1  1 -1 -1 -1 -1  1  1 -1 -1 -1 -1 -1 -1 -1  1 -1] [11 19 26 27 28 29 34 35 36 41 42 44 45 50 51 53 61] [ 9810  7974 12556  9167 11135 11506  7318 10096 11726 11989  3749  5157
  8654  6477  6372  6714  6900] [] 1716435965.2413623333
[-1 -1  1 -1 -1 -1 -1 -1  1 -1 -1 -1  1 -1 -1 -1 -1] [11 19 26 27 28 29 34 35 36 41 42 44 45 50 51 53 61] [10137  8426 12476  9396 11199 11849  8291 11299 11461 12131  4334  5264
  7815  9150  8474  6879  7067] [] 1716435965.2842385769
[-1 -1  1 -1 -1 -1 -1 -1 -1 -1 -1  1 -1 -1 -1] [11 19 26 27 28 34 35 36 42 44 45 50 51 53 61] [14649 10288 10133 13137 11209 10117 11417 12154  4633  5843  8219  8054
  8828  8104  7525] [] 1716435965.3273026943
[ 1 -1  1 -1 -1 -1  1 -1  1 -1 -1 -1] [19 26 28 34 35 36 42 44 45 50 51 53] [10025 12325 11034 12245 14629 16055  4187  7496  8079  8085 13993  8876] [] 1716435965.3703517914
[ 1 -1 -1 -1 -1  1 -1 -1  1] [28 35 42 44 45 50 51 52 53] [10837 16055  5124 10650 10594  6961 15157 10318  8758] [] 1716435965.4133107662
[-1 -1 -1  1 -1  1 -1  1  1 -1] [26 28 34 42 44 45 50 51 52 53] [12192 11422 16331  4498 10733 10495  7058 11010  9615  9026] [] 1716435965.4562797546
[-1 -1  1 -1 -1  1 -1 -1] [28 42 44 45 50 51 52 53] [11576  5077 10657 10638  7147 10809  9733  9186] [] 1716435965.4993066788
[-1 -1 -1  1 -1 -1 -1 -1] [28 42 44 45 50 51 52 53] [11687  5530 13101  9433  7997 11243  9831 10140] [] 1716435965.5423955917
[-1 -1 -1 -1 -1 -1 -1 -1] [28 42 44 45 50 51 52 53] [11775  7810 13813 12426  9288 13091  9935 13274] [] 1716435965.5854117870
[ 1  1  1 -1  1] [28 42 44 50 52] [11489  7711 13510  9353  9910] [] 1716435965.6282148361
[ 1 -1  1 -1] [28 42 44 50] [11370  7907 12570 10188] [] 1716435965.6711626053
[ 1 -1 -1] [42 44 50] [ 7102 12711 10295] [] 1716435965.7142941952
[-1  1] [42 50] [9653 9070] [] 1716435965.7572572231
[-1  1 -1] [28 42 44] [11088  9369 12996] [] 1716435965.8001742363
[-1 -1] [28 42] [11576 11534] [] 1716435965.8432459831
[1] [42] [8348] [] 1716435965.8862352371
[-1] [42] [9177] [] 1716435965.9292149544
[-1] [42] [9569] [] 1716435965.9721927643
[-1] [42] [9625] [] 1716435966.0153312683
2 2 2 1716435966.0156383514
