FA TAX ADC PRES TS
[-1 -1] [42 44] [ 9202 12947] [] 1716436111.6750118732
[-1 -1] [42 44] [ 9893 12989] [] 1716436111.7180061340
[1 1] [42 44] [ 9224 12821] [] 1716436111.7610719204
[-1  1] [42 44] [10154 12517] [] 1716436111.8040621281
[-1  1] [42 44] [10644 12471] [] 1716436111.8468365669
[1 1] [42 44] [ 8555 12373] [] 1716436111.8897926807
[-1  1 -1] [42 44 50] [ 8870 12372 10216] [] 1716436111.9327809811
[-1 -1  1] [42 44 50] [ 8879 12487  9991] [] 1716436111.9757931232
[-1  1  1  1] [28 42 44 50] [11887  8644 12238  9866] [] 1716436112.0187880993
[ 1 -1  1  1] [28 42 44 50] [11487 10394 12159  9849] [] 1716436112.0617809296
[1 1 1 1] [28 42 44 50] [11259  9646 11730  9778] [] 1716436112.1047756672
[-1  1 -1  1] [28 42 44 50] [11358  8827 11747  9487] [] 1716436112.1478104591
[ 1  1  1 -1 -1] [28 42 44 45 50] [11049  6569 11259 12010  9514] [] 1716436112.1907706261
[-1 -1 -1  1  1  1] [28 35 42 44 45 50] [11238 15927  7071  9846 11731  9492] [] 1716436112.2337944508
[ 1 -1  1  1  1  1 -1] [28 34 35 42 44 45 50] [11141 12261 15841  7001  7845 11501  9535] [] 1716436112.2767958641
[-1 -1  1  1  1 -1 -1 -1 -1 -1] [19 28 34 35 42 44 45 50 53 61] [10652 11451 12229 15125  6987  8103 11967  9634 11414  8936] [] 1716436112.3198506832
[-1 -1 -1  1  1  1  1  1 -1  1  1] [19 27 28 34 35 42 44 45 50 53 61] [10839 15149 11647 12185 14997  6633  7055 11950  9650 10315  8415] [] 1716436112.3628084660
[ 1  1  1  1 -1 -1  1  1  1  1  1] [19 27 28 34 35 42 44 45 50 53 61] [10686 13611 11471 10319 15131  6762  6765 11864  9444 10168  8141] [] 1716436112.4058263302
[ 1  1 -1 -1  1  1  1  1  1  1  1] [19 27 28 34 35 42 44 45 50 53 61] [10451 13037 11502 11937 14288  6735  6276 11558  9369  9114  7805] [] 1716436112.4488093853
[ 1 -1  1  1  1 -1  1  1  1  1  1] [19 27 28 34 35 42 44 45 50 53 61] [10386 13081 11329 10108 14094  6901  5839 11496  9298  8765  7568] [] 1716436112.4918925762
[ 1 -1  1 -1  1  1  1  1  1  1  1] [19 27 28 34 35 42 44 45 50 53 61] [10219 13115 11308 10109 13852  6718  5575 11417  9243  8534  7231] [] 1716436112.5349597931
[ 1 -1  1  1 -1  1 -1  1  1 -1 -1  1  1] [19 26 27 28 34 35 36 42 44 45 50 53 61] [10098 15962 11710 11284 10125 13113 15793  5522  5400 11424  9265  8415
  7177] [] 1716436112.5778298378
[ 1  1  1  1  1  1 -1  1  1  1  1 -1  1  1] [19 26 27 28 34 35 36 42 44 45 50 51 53 61] [ 9950 11884 11287 10931  8478 12876 15853  5149  5169 11168  8386 12163
  7377  7037] [] 1716436112.6208491325
[ 1  1  1  1  1 -1 -1  1  1  1 -1  1  1  1] [19 26 27 28 34 35 36 42 44 45 50 51 53 61] [ 9701 11629  9855 10727  8030 12896 15871  4823  5035 11085  8454 11401
  7323  6936] [] 1716436112.6638541222
[-1  1 -1 -1 -1 -1  1  1  1  1  1  1  1  1  1] [11 19 26 27 28 34 35 36 42 44 45 50 51 53 61] [11631  8247 11690 10351 10843  8730 12486 15540  4308  4749 11046  8436
 11027  7130  6717] [] 1716436112.7068381310
[ 1  1  1  1 -1 -1  1  1  1  1  1  1  1 -1 -1 -1 -1] [11 19 26 27 28 34 35 36 42 44 45 50 51 52 53 54 61] [10415  7937 11315  9041 10911  8771 12356 15018  4118  4586 11009  8401
 10918 15855  7181 12287  6839] [] 1716436112.7498528957
[ 1  1  1  1 -1  1 -1  1  1  1  1  1  1  1  1  1  1] [11 19 26 27 28 34 35 36 42 44 45 50 51 52 53 54 61] [10165  7140 11160  7655 10950  8418 12395 14945  3834  3906  8443  8345
 10746 13283  7017 11975  6596] [] 1716436112.7928137779
[ 1  1 -1  1  1  1  1  1  1  1  1 -1  1  1  1  1  1  1] [11 19 21 26 27 28 34 35 36 42 44 45 50 51 52 53 54 61] [10129  6949 12259 10959  7506 10900  8302 12151 14620  3308  3647 10453
  5679 10679 11905  6580 11703  6483] [] 1716436112.8360714912
[ 1  1 -1  1  1  1  1  1  1  1  1  1  1  1  1  1  1  1  1] [11 19 20 21 26 27 28 34 35 36 42 44 45 50 51 52 53 54 61] [ 9614  6024 15131 11224 10473  7077 10576  7654 11705 14520  3096  3453
 10310  5565 10493 11735  6234 11575  6377] [] 1716436112.8791561127
[ 1  1 -1  1  1  1  1 -1  1  1 -1  1  1  1 -1  1  1  1  1 -1 -1] [11 19 20 21 26 27 28 29 34 35 36 42 44 45 46 50 51 52 53 54 61] [ 9496  5651 15186 11061 10386  6903 10568 12700  7488 11538 14631  3007
  3422  8386 11493  5524  8541 11266  6232 11753  6380] [] 1716436112.9222168922
[ 1 -1  1  1  1  1  1  1  1 -1  1  1  1 -1  1  1  1  1  1  1  1  1 -1 -1] [11 18 19 20 21 26 27 28 29 34 35 36 42 43 44 45 46 50 51 52 53 54 60 61] [ 9461 11312  5491 15044 10963 10294  6846 10538 12025  7567 11472 14513
  2847 15916  3342  7931  9582  5274  6854  9989  6215  7854 15733  6416] [] 1716436112.9651632309
[-1  1  1  1  1  1  1  1  1  1 -1  1  1 -1  1 -1  1  1  1  1  1  1  1  1
  1  1] [ 3 11 18 19 20 21 26 27 28 29 34 35 36 41 42 43 44 45 46 50 51 52 53 54
 60 61] [14398  9371 11090  5112 14208 10938  8628  6802 10427 11298  7607 10267
 14300 15860  2731 15963  3208  6845  9416  4958  6355  8469  6014  7728
 13877  6338] [] 1716436113.0082530975
[-1  1  1  1  1  1  1  1  1  1  1  1  1  1  1  1  1  1  1  1  1  1  1 -1
  1  1] [ 3 11 18 19 20 21 26 27 28 29 34 35 36 41 42 43 44 45 46 50 51 52 53 54
 60 61] [14661  9316 10866  4936 13560 10753  8474  6708 10422 10974  7507  8239
 14203 15841  2638 15583  3163  6737  9306  4955  6299  8005  5957  7749
  9412  6296] [] 1716436113.0511596203
[ 1 -1  1  1  1  1  1  1  1  1  1 -1  1  1  1 -1  1  1  1  1  1  1  1  1
  1  1] [ 3 11 18 19 20 21 26 27 28 29 34 35 36 41 42 43 44 45 46 50 51 52 53 54
 60 61] [13484  9374  9079  4808 13120 10651  8400  6685  9479 10932  7383  8243
 10284  9160  2538 15599  3050  6612  8213  4887  5206  7087  5892  7743
  7363  6288] [] 1716436113.0940005779
[ 1 -1  1  1  1  1  1  1  1  1  1  1  1  1  1  1  1 -1  1  1  1  1  1  1
 -1  1 -1] [ 3 11 18 19 20 21 26 27 28 29 34 35 36 41 42 43 44 45 46 50 51 52 53 54
 55 60 61] [ 8463  9419  8880  4626 12628 10602  8400  6615  9011 10732  7321  8049
  9997  7480  2374 15501  2931  6667  7862  4480  4941  6793  5221  7109
  9440  6915  6429] [] 1716436113.1371858120
[ 1  1  1  1  1  1  1  1  1 -1  1  1  1  1  1  1  1 -1  1  1  1  1  1  1
  1  1  1] [ 3 11 18 19 20 21 26 27 28 29 34 35 36 41 42 43 44 45 46 50 51 52 53 54
 55 60 61] [ 5871  9363  6155  4522 12272 10581  8082  6439  7870 10749  7215  6749
  9189  5983  2272 15363  2852  6680  7679  4424  4933  6590  5208  6978
  8488  6402  6332] [] 1716436113.1801340580
[ 1  1  1  1  1 -1  1  1  1 -1  1  1  1  1  1 -1  1 -1  1  1 -1 -1  1  1
  1 -1 -1  1  1] [ 3 11 18 19 20 21 26 27 28 29 34 35 36 41 42 43 44 45 46 50 51 52 53 54
 55 57 59 60 61] [ 5855  9328  5628  4489 11849 10644  6041  6311  5821 10754  7103  6265
  8945  5671  2217 15643  2806  7209  7427  4085  4961  6640  5083  6777
  7307 13361 12616  5812  6244] [] 1716436113.2231383324
[ 1  1  1  1  1  1  1  1  1  1  1  1  1  1  1  1  1 -1  1 -1  1  1  1  1
  1  1  1  1  1  1] [ 3 11 18 19 20 21 26 27 28 29 34 35 36 41 42 43 44 45 46 47 50 51 52 53
 54 55 57 59 60 61] [ 5691  9275  5314  4312 11685 10405  5045  6285  4864 10687  6983  6037
  7949  5283  2145 15022  2648  7391  6663 13893  3946  4892  6456  4507
  6708  6828  9374 12310  5207  6229] [] 1716436113.2661521435
[ 1 -1  1  1  1  1  1  1  1 -1  1  1  1  1  1  1  1  1  1  1  1  1  1  1
  1  1  1  1  1 -1] [ 3 11 18 19 20 21 26 27 28 29 34 35 36 41 42 43 44 45 46 47 50 51 52 53
 54 55 57 59 60 61] [ 4447  9300  5167  4206 11403 10385  4779  6050  4288 10774  6966  5843
  7532  4820  2064 14875  2590  6324  6484 12803  3810  4868  6245  4247
  6539  6223  8246 10496  4743  6296] [] 1716436113.3090851307
[ 1  1  1  1  1  1  1  1  1  1  1  1  1 -1  1  1  1  1  1  1 -1  1  1  1
  1  1  1  1  1  1  1] [ 3 11 18 19 20 21 26 27 28 29 34 35 36 37 41 42 43 44 45 46 47 50 51 52
 53 54 55 57 59 60 61] [ 4313  9189  4943  4137 11162 10279  4455  5980  3929 10606  6817  5517
  6723 16369  4787  1991 14711  2532  5810  6385 12931  3647  4795  5359
  4159  6365  5683  7600  9882  4643  6214] [] 1716436113.3520417213
[ 1  1  1  1  1  1  1  1  1  1  1 -1  1  1  1  1  1  1  1  1  1  1  1 -1
  1  1  1  1  1  1  1] [ 3 11 18 19 20 21 26 27 28 29 34 35 36 37 41 42 43 44 45 46 47 50 51 52
 53 54 55 57 59 60 61] [ 4190  9140  4375  4002 10938 10237  4095  5816  3662  8604  6086  5525
  6091 14848  4521  1922 14699  2500  4909  6351 10192  3570  4782  5567
  3946  6255  5539  7127  6392  4483  6153] [] 1716436113.3951470852
[ 1  1  1  1  1 -1  1  1  1  1  1  1  1 -1  1  1 -1  1  1  1  1  1  1  1
  1  1  1  1  1  1  1] [ 3 11 18 19 20 21 26 27 28 29 34 35 36 37 41 42 43 44 45 46 47 50 51 52
 53 54 55 57 59 60 61] [ 4051  9109  4265  3915 10724 10314  3751  5638  3427  7585  5933  5449
  5834 14855  4318  1839 14763  2450  4719  6209  8077  3511  4673  4924
  3862  5964  5074  6409  5046  4223  6060] [] 1716436113.4380872250
[ 1  1  1  1  1  1  1  1  1  1 -1  1  1  1  1  1  1  1  1  1  1  1  1  1
  1  1  1  1  1  1  1  1] [ 3 11 18 19 20 21 26 27 28 29 33 34 35 36 37 41 42 43 44 45 46 47 50 51
 52 53 54 55 57 59 60 61] [ 3936  8877  3711  3787 10506 10175  3618  5562  3230  6441 13152  5608
  5420  5242 14761  4224  1799 12832  2431  4671  6121  7481  3407  4663
  4524  3742  5829  4799  5623  4655  4140  6032] [] 1716436113.4811108112
[ 1 -1  1  1  1 -1  1  1  1  1 -1  1  1  1  1  1  1  1  1  1  1  1  1  1
  1  1  1  1  1  1  1 -1 -1] [ 3 11 18 19 20 21 26 27 28 29 33 34 35 36 37 41 42 43 44 45 46 47 50 51
 52 53 54 55 57 59 60 61 62] [ 3838  8900  3575  3692 10327 10223  3483  5535  3105  5897 13666  5444
  5358  4888 14739  4094  1763 12209  2352  4426  5941  6510  3278  4620
  4408  3573  5787  4634  4984  4391  4095  6141 15460] [] 1716436113.5240592957
[ 1 -1  1  1  1 -1  1  1  1  1 -1  1  1  1 -1  1  1  1  1 -1  1  1  1  1
 -1  1  1  1  1  1  1  1  1] [ 3 11 18 19 20 21 26 27 28 29 33 34 35 36 37 41 42 43 44 45 46 47 50 51
 52 53 54 55 57 59 60 61 62] [ 3837  8920  3478  3619  8849 10238  3341  5151  3057  5559 14888  5356
  5279  4751 15194  3837  1679  8959  2291  4538  5799  5485  3212  3798
  4477  3232  4790  4236  4573  3755  3767  6117 15042] [] 1716436113.5674765110
[ 1  1  1  1  1 -1  1  1  1  1  1  1  1  1 -1  1  1  1  1 -1  1  1  1  1
  1  1 -1 -1  1  1  1  1  1] [ 3 11 18 19 20 21 26 27 28 29 33 34 35 36 37 41 42 43 44 45 46 47 50 51
 52 53 54 55 57 59 60 61 62] [ 3583  8783  3293  3519  7259 10370  3223  5117  2924  5115 14032  5206
  5264  4483 15355  3705  1626  8816  2252  4577  5731  5238  3155  3576
  3892  3164  4818  4237  4341  3642  3543  6090  9737] [] 1716436113.6100039482
[ 1  1  1  1  1  1  1  1  1  1  1  1  1  1 -1  1 -1  1  1  1  1  1  1  1
  1  1  1  1  1  1  1 -1  1] [ 3 11 18 19 20 21 26 27 28 29 33 34 35 36 37 41 42 43 44 45 46 47 50 51
 52 53 54 55 57 59 60 61 62] [ 3481  8583  3227  3441  6283 10333  3143  4957  2857  4785 13561  4753
  5162  4398 15533  3698  1643  8748  2236  4566  5721  4985  3135  3552
  3678  3156  4761  4133  4109  3511  3423  6123  9453] [] 1716436113.6531794071
[ 1  1  1  1 -1  1 -1  1  1  1  1  1  1  1  1  1  1 -1  1 -1  1 -1  1 -1
  1  1  1  1  1  1  1  1  1] [ 3 11 18 19 20 21 26 27 28 29 33 34 35 36 37 41 42 43 44 45 46 47 50 51
 52 53 54 55 57 59 60 61 62] [ 3431  8505  3191  3414  6309 10305  3151  4911  2825  4562 13003  4669
  5092  4380 15314  3662  1606  8762  2224  4580  5660  4986  3114  3584
  3653  3138  4736  4066  4075  3454  3396  6072  9312] [] 1716436113.6961541176
[ 1  1  1  1 -1  1  1  1  1  1 -1  1 -1  1  1 -1 -1  1  1 -1  1  1 -1 -1
  1 -1 -1  1  1  1  1  1 -1] [ 3 11 18 19 20 21 26 27 28 29 33 34 35 36 37 41 42 43 44 45 46 47 50 51
 52 53 54 55 57 59 60 61 62] [ 3365  8497  3139  3399  6396 10225  3071  4866  2804  4521 13580  4604
  5119  4354 15079  3672  1610  8724  2212  4585  5599  4859  3122  3600
  3609  3220  4768  4052  4021  3431  3386  6063  9365] [] 1716436113.7391717434
[ 1 -1 -1 -1 -1 -1  1 -1  1  1 -1 -1  1  1 -1 -1  1 -1 -1  1 -1 -1 -1  1
 -1  1  1 -1 -1 -1 -1  1 -1] [ 3 11 18 19 20 21 26 27 28 29 33 34 35 36 37 41 42 43 44 45 46 47 50 51
 52 53 54 55 57 59 60 61 62] [ 3335  8676  3163  3421  6409 10248  3045  4878  2784  4488 15033  4691
  5069  4340 15107  3674  1606  8811  2214  4561  5704  5149  3164  3546
  3647  3163  4721  4124  4090  3559  3393  6002 14532] [] 1716436113.7820832729
[-1 -1 -1 -1  1  1 -1  1 -1 -1 -1 -1  1 -1 -1 -1 -1  1 -1  1 -1 -1  1 -1
 -1 -1 -1 -1 -1 -1 -1  1 -1] [ 3 11 18 19 20 21 26 27 28 29 33 34 35 36 37 41 42 43 44 45 46 47 50 51
 52 53 54 55 57 59 60 61 62] [ 3425  8707  3255  3455  6317 10132  3085  4861  2809  4873 15232  4696
  5055  4408 15120  3728  1618  8787  2222  4549  5819  5500  3149  3581
  3688  3178  4815  4368  4270  3655  3438  5981 14801] [] 1716436113.8250079155
[ 1 -1 -1  1 -1 -1 -1 -1 -1 -1 -1 -1  1 -1 -1 -1 -1 -1  1 -1 -1 -1 -1 -1
 -1 -1 -1 -1 -1 -1  1] [ 3 11 18 19 20 21 26 27 28 29 34 35 36 37 41 42 43 44 45 46 47 50 51 52
 53 54 55 57 59 60 61] [ 3422  8755  3279  3411  6330 10157  3125  4927  2861  5246  5059  5060
  4372 15133  3962  1661 12085  2267  4535  5892  6681  3159  4039  3821
  3196  5091  4983  4747  3997  3460  5962] [] 1716436113.8681614399
[-1  1 -1 -1 -1  1 -1 -1 -1 -1 -1  1 -1 -1  1 -1 -1 -1 -1 -1 -1 -1 -1 -1
 -1 -1 -1 -1 -1 -1 -1 -1] [ 3 11 18 19 20 21 26 27 28 29 33 34 35 36 37 41 42 43 44 45 46 47 50 51
 52 53 54 55 57 59 60 61] [ 3517  8720  3433  3432  6850  9821  3181  5115  2886  5331 12756  5056
  5175  4435 14905  4112  1694 12210  2309  4778  5975  8558  3234  4159
  3891  3440  6006  5567  5400  4419  3591  6013] [] 1716436113.9111239910
[-1 -1 -1 -1 -1 -1 -1 -1 -1 -1 -1 -1 -1  1 -1 -1 -1 -1 -1 -1 -1 -1 -1 -1
 -1 -1 -1 -1 -1 -1 -1] [ 3 11 18 19 20 21 26 27 28 29 34 35 36 37 41 42 43 44 45 46 47 50 51 52
 53 54 55 57 59 60 61] [ 3773  8760  3594  3548 10150  9822  3355  5291  3009  6494  5418  5240
  4703 14752  4164  1710 14584  2332  4842  6095 10019  3294  4353  3993
  3470  6060  6035  5539  5062  3663  6015] [] 1716436113.9541022778
[-1 -1 -1 -1 -1 -1 -1 -1 -1 -1 -1 -1 -1  1 -1 -1  1 -1 -1 -1 -1 -1 -1 -1
 -1 -1 -1 -1 -1 -1  1] [ 3 11 18 19 20 21 26 27 28 29 34 35 36 37 41 42 43 44 45 46 47 50 51 52
 53 54 55 57 59 60 61] [ 3809  8851  3676  3567 10212  9908  3461  5501  3109  6675  5465  5292
  4777 14686  4353  1828 14472  2431  5576  6375 12802  3387  4557  4183
  3580  6262  7388  7162  8063  3916  5970] [] 1716436113.9971261024
[-1  1 -1 -1 -1 -1 -1 -1 -1 -1 -1 -1 -1 -1 -1 -1  1 -1  1 -1 -1 -1 -1 -1
 -1  1 -1 -1 -1 -1 -1] [ 3 11 18 19 20 21 26 27 28 29 34 35 36 37 41 42 43 44 45 46 47 50 51 52
 53 54 55 57 59 60 61] [ 3999  8847  4285  3748 10410 10019  3823  5569  3444  7114  5730  5445
  5336 14912  4611  1863 14173  2444  5520  6463 15239  3428  4621  4224
  3710  6206  7630  7235 10653  3931  5990] [] 1716436114.0401461124
[-1 -1 -1 -1 -1 -1 -1 -1 -1 -1 -1  1 -1 -1 -1 -1 -1 -1  1 -1 -1 -1 -1 -1
  1 -1 -1 -1  1] [ 3 11 18 19 20 21 26 27 28 29 34 35 36 37 41 42 43 44 45 46 50 51 52 53
 54 57 59 60 61] [ 4075  8927  4487  3767 10419 10064  3957  5675  3599 10327  6210  5373
  5384 14974  4983  1962 14316  2542  5229  7217  3578  4716  4471  4025
  6123  8528 11718  4337  5959] [] 1716436114.0831131935
[-1 -1 -1 -1 -1  1 -1  1 -1 -1  1 -1 -1  1 -1 -1 -1 -1 -1  1 -1 -1 -1 -1
 -1 -1  1 -1 -1] [ 3 11 18 19 20 21 26 27 28 29 34 35 36 37 41 42 43 44 45 46 50 51 52 53
 54 57 59 60 61] [ 4833  8970  5053  3971 10737 10050  4965  5629  3954 10417  5779  5496
  6611 14783  5606  2012 14376  2583  5673  7208  3719  4723  4930  4196
  6197  9691 11668  4817  6016] [] 1716436114.1260981560
[-1 -1 -1 -1  1 -1 -1 -1 -1 -1 -1 -1 -1 -1 -1  1 -1 -1 -1 -1  1 -1 -1 -1
 -1 -1] [ 3 11 18 19 20 21 26 27 28 29 34 35 36 41 42 43 44 45 46 50 51 52 53 54
 60 61] [ 6125  8993  5589  4008 10721 10238  5692  5675  4535 10557  6011  5796
  7015  6990  2097 14269  2667  5755  7441  4219  4690  5116  4318  7198
  5386  6035] [] 1716436114.1689860821
[-1  1 -1 -1 -1 -1 -1 -1 -1  1 -1 -1 -1 -1 -1  1 -1 -1 -1 -1 -1 -1 -1 -1
 -1 -1] [ 3 11 18 19 20 21 26 27 28 29 34 35 36 41 42 43 44 45 46 50 51 52 53 54
 60 61] [ 7543  8975  5739  4088 11211 10277  7976  5800  5836 10548  6066  6419
  7286  9727  2219 14009  2793  5823  9354  4317  5447  5297  4890  8958
  6352  6095] [] 1716436114.2120893002
[-1 -1 -1 -1 -1 -1 -1 -1 -1 -1 -1 -1 -1 -1 -1  1 -1 -1 -1 -1 -1 -1 -1 -1
 -1 -1] [ 3 11 18 19 20 21 26 27 28 29 34 35 36 41 42 43 44 45 46 50 51 52 53 54
 60 61] [12908  9027  8521  4296 11268 10534  8024  6107  8102 10638  6162  7586
  7982  9878  2311 13946  2827  5886  9491  4417  6286  5466  5085  9039
  9077  6136] [] 1716436114.2549691200
[-1 -1 -1 -1 -1 -1 -1 -1 -1 -1 -1 -1 -1 -1 -1 -1 -1 -1 -1 -1 -1 -1 -1 -1
  1] [ 3 11 18 19 20 21 26 27 28 29 34 35 36 41 42 43 44 45 50 51 52 53 54 60
 61] [13874  9185  8857  4361 11633 10607  8069  6180  8867 10878  6193  7618
  9190 10426  2498 14107  2946  6826  4558  6635  6310  5185 11301 15800
  6109] [] 1716436114.2979114056
[-1 -1 -1 -1 -1 -1 -1 -1 -1 -1 -1 -1 -1 -1 -1 -1 -1 -1 -1 -1 -1 -1 -1] [11 18 19 20 21 26 27 28 29 34 35 36 41 42 43 44 45 50 51 52 53 54 61] [ 9223 10872  4618 12048 10888  8232  6415 10094 11047  6330  7829 11295
 15993  2611 14291  3094  7096  5060  6710  6947  5494 11997  6294] [] 1716436114.3409061432
[-1 -1 -1 -1  1 -1 -1  1 -1 -1 -1 -1 -1 -1 -1 -1 -1 -1 -1 -1 -1] [11 18 19 20 21 26 27 28 34 35 36 42 43 44 45 50 51 52 53 54 61] [ 9468 11285  4861 13170 10822  8444  6487 10067  6391  9009 12735  2807
 14518  3302  7456  5365  6775  7526  5818 14711  6428] [] 1716436114.3839728832
[-1 -1 -1 -1 -1 -1 -1 -1 -1 -1 -1 -1 -1 -1 -1 -1 -1 -1 -1] [11 19 20 21 26 27 28 34 35 36 42 43 44 45 50 51 52 53 61] [ 9509  5128 14336 11050  8522  6530 10072  6532 10360 14591  3108 15905
  3601  7576  5533  8186  7775  6388  6517] [] 1716436114.4271078110
[-1 -1 -1 -1 -1 -1 -1 -1  1  1 -1 -1 -1 -1 -1 -1 -1 -1] [11 19 20 21 26 27 28 34 35 36 42 44 45 50 51 52 53 61] [ 9801  5895 15977 11354  8690  6737 10209  6767 10305 14319  3326  3722
  7686  5551  8246  8193  6788  6762] [] 1716436114.4699854851
[-1 -1 -1 -1 -1  1 -1 -1 -1 -1 -1 -1  1 -1 -1 -1 -1] [11 19 20 26 27 28 34 35 36 42 44 45 50 51 52 53 61] [10154  6478 16142  8879  7001 10166  8595 10466 14372  3655  4299  7945
  5551  8592  9245  7166  6962] [] 1716436114.5130326748
[-1 -1 -1 -1 -1 -1 -1 -1 -1 -1 -1 -1 -1 -1 -1] [19 26 27 28 34 35 36 42 44 45 50 51 52 53 61] [ 6634  9603  8046 10218  8853 10690 15030  3946  4547  8171  5618 15183
  9588  7497  7075] [] 1716436114.5560965538
[-1 -1 -1 -1 -1 -1 -1 -1 -1 -1 -1 -1 -1] [19 26 27 28 34 35 42 44 45 50 52 53 61] [ 9322  9981  8366 10295  9126 10853  4269  4937  8431  6910  9998  7833
  7494] [] 1716436114.5990433693
[-1 -1 -1 -1 -1 -1 -1 -1 -1 -1 -1 -1 -1] [19 26 27 28 34 35 42 44 45 50 52 53 61] [ 9997 11043  9742 10467  9181 11251  4940  5367  8750  7003 10205  8192
  7829] [] 1716436114.6420464516
[-1 -1 -1 -1 -1 -1 -1 -1 -1 -1 -1 -1 -1] [19 26 27 28 34 35 42 44 45 50 52 53 61] [10275 11325  9887 10650  9231 11565  5807  5859  9177  7066 13456  8441
  8075] [] 1716436114.6850419044
[-1  1 -1 -1 -1 -1 -1 -1  1 -1 -1] [19 26 27 28 34 35 42 44 45 50 53] [10572 10227 11746 11010  9286 12294  6154  6313  8831  7261  9794] [] 1716436114.7280690670
[-1 -1 -1 -1 -1 -1 -1 -1 -1 -1 -1] [19 26 27 28 34 35 42 44 45 50 53] [10761 12037 12076 11118  9673 13021  6196  6987 11518  8459 11803] [] 1716436114.7710711956
[-1 -1  1 -1 -1 -1 -1 -1 -1 -1 -1] [19 26 27 28 34 35 42 44 45 50 53] [10843 12367 12059 11135 12421 13415  6600  7837 11749  9354 12181] [] 1716436114.8140692711
[ 1 -1 -1 -1 -1 -1 -1 -1  1 -1] [19 26 27 28 34 35 42 44 45 50] [10785 12458 13978 11426 12455 15493  6613  9087 11600  9381] [] 1716436114.8570013046
[ 1  1  1 -1 -1 -1  1 -1] [19 26 28 34 35 42 44 50] [10745 12411 11416 12479 15513  6722  8933  9447] [] 1716436114.9000499249
[ 1  1 -1  1 -1 -1 -1] [26 28 34 35 42 44 50] [12128 11303 15803 15219  7258  9706  9633] [] 1716436114.9430122375
[ 1  1 -1 -1 -1] [28 35 42 44 50] [11194 14847  7756 11993  9997] [] 1716436114.9860820770
[-1 -1 -1 -1] [28 42 44 50] [12169  8479 12499 10549] [] 1716436115.0290024281
[ 1 -1] [42 44] [ 7522 12885] [] 1716436115.0720064640
[-1 -1] [42 44] [ 8786 13305] [] 1716436115.1149587631
[-1] [42] [9948] [] 1716436115.1579775810
[1] [42] [9215] [] 1716436115.2010030746
[1] [42] [9186] [] 1716436115.2649521828
2 2 2 1716436115.2652091980
