FA TAX ADC PRES TS
[-1] [42] [11309] [] 1716436379.9239749908
[1] [42] [10615] [] 1716436379.9670016766
[1] [42] [10452] [] 1716436380.0100128651
[-1] [42] [10486] [] 1716436380.0530221462
[-1 -1] [42 50] [10908 10376] [] 1716436380.0959722996
[1 1] [42 50] [10888 10035] [] 1716436380.1389832497
[1 1] [42 50] [10347  9898] [] 1716436380.1819810867
[-1 -1] [42 50] [11405 10084] [] 1716436380.2249546051
[1 1] [42 50] [8935 9990] [] 1716436380.2680201530
[-1  1] [42 50] [9189 9987] [] 1716436380.3110110760
[-1 -1 -1 -1  1 -1] [28 35 42 45 50 51] [11643 15843  9275 11710  9862 15077] [] 1716436380.3540036678
[ 1 -1  1 -1  1  1  1] [28 35 42 44 45 50 51] [11542 15911  9267 10831 11640  9785 12029] [] 1716436380.3969650269
[-1  1 -1 -1 -1 -1 -1  1] [26 28 35 42 44 45 50 51] [11786 11446 15981  9401 10870 12028  9797 11638] [] 1716436380.4399194717
[-1 -1 -1  1  1  1  1  1  1 -1] [26 28 34 35 42 44 45 50 51 53] [11817 11631 12869 15602  9141 10771 11771  9766 11049 12839] [] 1716436380.4829301834
[ 1  1  1 -1  1  1  1 -1  1  1] [26 28 34 41 42 44 45 50 51 53] [11206 11380 12676 12155  9032 10077 11691  9819 10830 12411] [] 1716436380.5260386467
[-1 -1  1  1  1 -1  1  1 -1  1 -1] [26 27 28 34 41 42 44 45 50 51 53] [11310 15719 11305 10711 11920  9035  8671 11580  9830 10733 12426] [] 1716436380.5689535141
[-1 -1  1 -1  1  1  1  1  1  1  1  1] [19 26 27 28 34 41 42 44 45 50 51 53] [ 8929 11475 15622 11571 10528 11411  8636  7147 11548  8305 10733 12133] [] 1716436380.6118826866
[-1  1  1 -1  1 -1 -1  1  1  1  1  1  1 -1] [19 26 27 28 34 35 41 42 44 45 50 51 53 61] [ 9006  9820  9293 11785 10347 14670 11663  7218  5769 11544  7157 10072
  9139  7640] [] 1716436380.6550643444
[ 1  1  1  1  1  1  1  1  1  1  1 -1 -1  1  1] [19 26 27 28 34 35 41 42 44 45 50 51 52 53 61] [ 7415  9287  9138 11625 10215 13419 11390  6341  5526 11501  6477 10312
 14740  8952  7425] [] 1716436380.6981127262
[ 1  1 -1  1  1  1 -1  1  1  1  1  1  1  1  1  1] [19 26 27 28 34 35 36 41 42 44 45 50 51 52 53 61] [ 6966  9068  9622 11358 10162  9597 15665 11257  6069  5327  9911  6303
  9040 13359  8719  7279] [] 1716436380.7408638000
[1 1 1 1 1 1 1 1 1 1 1 1 1 1 1 1] [19 26 27 28 34 35 36 41 42 44 45 50 51 52 53 61] [ 6242  8873  8844 11335  9953  9326 15397 11011  5166  4989  8887  5921
  8603 10954  7104  7239] [] 1716436380.7841033936
[ 1 -1  1  1  1  1  1 -1  1  1  1  1  1  1  1  1 -1  1] [19 20 26 27 28 34 35 36 41 42 44 45 50 51 52 53 60 61] [ 5472 16069  7807  8588 11139  9683  9123 15398 10811  4933  4799  8682
  5748  8471 10235  6971 11732  7094] [] 1716436380.8270702362
[-1  1  1  1  1  1  1  1  1  1  1  1  1  1  1  1  1  1  1] [11 19 20 26 27 28 34 35 36 41 42 44 45 50 51 52 53 60 61] [10800  5326 15811  7754  8559 11053  8694  9047 14065 10721  4233  4662
  8223  5060  8187  8774  6711  6998  7034] [] 1716436380.8700571060
[ 1  1  1  1  1 -1 -1  1 -1  1  1  1  1 -1  1 -1 -1  1  1  1] [11 19 20 26 27 28 29 34 35 36 41 42 44 45 50 51 52 53 60 61] [10140  5047 15323  6752  7914 11140 11774  7807  9073 13612 10577  3838
  4460  8363  4849  8378  9039  6425  6181  6855] [] 1716436380.9131617546
[ 1  1  1  1  1  1  1  1  1  1 -1  1  1  1  1  1  1  1  1  1] [11 19 20 26 27 28 29 34 35 36 41 42 44 45 50 51 52 53 60 61] [ 9948  4887 15080  6380  7295 11138 11560  7557  8818 12058 10612  3491
  4271  7887  4746  8219  7630  6314  5817  6809] [] 1716436380.9561388493
[ 1  1  1  1  1  1  1  1  1  1  1  1  1  1  1  1  1  1 -1  1  1] [11 19 20 26 27 28 29 34 35 36 41 42 44 45 50 51 52 53 54 60 61] [ 9761  4657 14725  5967  7097 10731 11224  6552  8434  9788  9548  3253
  4100  7757  4413  6738  7349  6096 12701  5249  6615] [] 1716436380.9990553856
[-1 -1  1  1  1  1 -1  1  1  1  1  1  1  1  1  1  1  1  1  1  1  1] [11 18 19 20 26 27 28 29 34 35 36 41 42 44 45 50 51 52 53 54 60 61] [ 9769 12157  4563 14652  5636  7008 10943 10966  6449  8227  8539  9386
  3133  3946  7671  3795  6489  6897  5631 12329  5092  6507] [] 1716436381.0420975685
[ 1  1  1  1  1  1  1  1  1  1  1  1  1  1  1 -1  1  1  1  1  1  1  1] [11 18 19 20 26 27 28 29 34 35 36 41 42 44 45 46 50 51 52 53 54 60 61] [ 9472 11516  4250 14399  5043  6811 10834 10738  6290  7589  8013  8400
  2948  3798  7545 12763  3622  6470  6600  5285 12165  4754  6445] [] 1716436381.0850722790
[ 1  1  1 -1  1  1  1  1  1  1  1  1  1  1  1  1  1  1  1  1  1  1  1] [11 18 19 20 26 27 28 29 34 35 36 41 42 44 45 46 50 51 52 53 54 60 61] [ 9251 10956  4090 14403  4684  6717  8125 10660  5815  7467  7587  8060
  2835  3656  7511 12167  3342  6276  6237  5168 11800  4554  6365] [] 1716436381.1280798912
[ 1  1  1  1 -1  1  1  1  1  1  1  1  1  1  1  1  1  1  1  1  1  1  1  1] [11 18 19 20 21 26 27 28 29 34 35 36 41 42 44 45 46 50 51 52 53 54 60 61] [ 9227 10700  4010 14140 12771  4087  6629  6906  8948  5173  7456  7433
  8054  2738  3565  7346 11546  3267  6008  6033  4989 11551  4380  6184] [] 1716436381.1710932255
[ 1  1  1  1  1  1  1  1  1  1  1  1  1  1  1  1  1  1  1  1  1 -1  1  1] [11 18 19 20 21 26 27 28 29 34 35 36 41 42 44 45 46 50 51 52 53 54 60 61] [ 9161 10670  3880 13819 11594  3947  6531  6419  8815  4974  7440  6881
  7824  2557  3331  5860  7479  3071  5366  5727  4865 11735  4084  6158] [] 1716436381.2140817642
[-1  1  1  1  1  1  1 -1  1  1  1  1  1  1  1  1 -1  1  1  1 -1  1  1  1
  1] [ 3 11 18 19 20 21 26 27 28 29 34 35 36 41 42 44 45 46 50 51 52 53 54 60
 61] [14423  9111  9236  3779 13363 11170  3637  6575  5395  8753  4694  7397
  6645  7608  2449  3222  6145  6532  3019  5229  5773  4720 11563  3918
  6114] [] 1716436381.2571043968
[-1  1  1  1  1  1  1  1  1  1  1 -1  1  1  1  1  1  1  1  1 -1  1 -1  1
  1] [ 3 11 18 19 20 21 26 27 28 29 34 35 36 41 42 44 45 46 50 51 52 53 54 60
 61] [14866  9067  8763  3701 13182 11118  3497  6429  4971  8696  4504  7521
  6473  6972  2279  3086  5429  6334  2790  5114  5965  4454 11575  3793
  6027] [] 1716436381.3000798225
[ 1 -1  1  1 -1  1  1  1  1 -1  1  1  1 -1  1  1 -1  1  1  1 -1  1  1  1
  1  1  1] [ 3 11 18 19 20 21 26 27 28 29 34 35 36 37 41 42 43 44 45 46 50 51 52 53
 54 60 61] [ 8458  9236  8635  3617 13256 11064  3421  6353  4482  8735  4240  6970
  5734 16338  6648  2242 11823  3056  5215  6154  2793  4784  5332  4377
 11458  3710  5997] [] 1716436381.3430869579
[ 1  1  1  1  1  1  1  1  1  1  1  1  1  1  1  1  1  1  1 -1 -1  1  1  1
  1  1  1  1] [ 3 11 18 19 20 21 26 27 28 29 34 35 36 37 41 42 43 44 45 46 47 50 51 52
 53 54 60 61] [ 5763  9131  8613  3496 13014 10865  3299  6276  3959  8683  3887  6966
  5551 16225  6212  2122 11766  3044  5203  6171 15471  2765  4557  5297
  4364 11321  3524  5985] [] 1716436381.3860046864
[ 1 -1 -1  1  1  1  1  1  1  1  1  1  1  1  1  1  1  1  1  1  1  1  1  1
  1  1  1  1  1] [ 3 10 11 18 19 20 21 26 27 28 29 34 35 36 37 41 42 43 44 45 46 47 50 51
 52 53 54 60 61] [ 5204 12001  9224  8074  3481 12821 10690  3195  6173  3776  7402  3498
  6816  5028 14804  6207  2069 11624  2918  5121  6107 12413  2701  4402
  5013  4272 11198  3519  5958] [] 1716436381.4290995598
[ 1  1  1  1  1  1 -1  1  1  1  1  1  1  1 -1  1  1  1  1  1  1 -1  1  1
  1  1  1 -1  1 -1] [ 3 10 11 18 19 20 21 26 27 28 29 34 35 36 37 41 42 43 44 45 46 47 50 51
 52 53 54 55 60 61] [ 4797 11155  7111  6859  3394 12716 10768  3153  6153  3603  7317  3285
  6712  4859 15299  5647  2009 11331  2763  5086  6097 12835  2574  4120
  4968  4231 10490 12647  3407  6059] [] 1716436381.4720671177
[ 1  1  1  1  1  1  1  1  1  1  1  1  1  1  1  1  1  1 -1  1  1  1  1  1
  1  1  1  1  1] [ 3 10 11 18 19 20 21 26 27 28 29 34 35 36 41 42 43 44 45 46 47 50 51 52
 53 54 55 60 61] [ 4382 10012  5326  5858  3328 12707 10476  3061  6093  3404  7264  2976
  6692  4607  5039  1956 10458  2670  5095  6065 12705  2493  3793  4806
  4202 10121  8418  3374  6021] [] 1716436381.5150399208
[ 1  1  1  1  1  1  1  1 -1  1  1  1  1  1 -1  1  1  1  1  1 -1  1  1  1
  1  1  1  1  1 -1] [ 3 10 11 18 19 20 21 26 27 28 29 34 35 36 38 41 42 43 44 45 46 47 50 51
 52 53 54 55 60 61] [ 4232  9857  5057  5677  3294 10812 10373  3029  6102  3307  7164  2864
  6668  4530 14481  4654  1884 10079  2610  5036  6124 10370  2376  3535
  4171  3822  9345  7545  3326  6052] [] 1716436381.5581135750
[ 1  1  1  1  1  1 -1  1  1  1 -1  1 -1  1  1  1  1  1  1  1  1  1  1  1
 -1  1  1  1 -1 -1 -1 -1 -1] [ 3 10 11 18 19 20 21 26 27 28 29 34 35 36 38 41 42 43 44 45 46 47 50 51
 52 53 54 55 57 58 60 61 62] [ 4162  9435  4497  5202  3282 10701 10453  2957  6043  3096  7252  2758
  6681  4303 11861  4272  1796  9888  2524  4827  5311  7150  2299  3378
  4197  3648  8030  6232 16141 10875  3359  6104 13592] [] 1716436381.6010839939
[ 1  1  1  1 -1  1  1  1  1  1  1  1  1  1  1  1  1  1  1  1  1  1  1  1
  1  1  1  1  1  1 -1  1  1  1] [ 3 10 11 18 19 20 21 26 27 28 29 34 35 36 38 41 42 43 44 45 46 47 50 51
 52 53 54 55 57 58 59 60 61 62] [ 4069  8935  4023  5181  3328  9095 10430  2707  5961  2888  7117  2609
  6637  3947 11025  3950  1749  9804  2487  4746  5211  5908  2176  3232
  4007  3525  7768  5704 12037 10439 11856  3303  6066 12944] [] 1716436381.6440920830
[ 1  1  1  1  1  1  1  1  1  1  1  1  1  1 -1  1  1  1 -1 -1  1 -1  1  1
  1  1  1  1  1  1  1  1  1  1  1] [ 3 10 11 18 19 20 21 26 27 28 29 34 35 36 37 38 41 42 43 44 45 46 47 50
 51 52 53 54 55 57 58 59 60 61 62] [ 3995  8811  3770  4647  3208  8890 10418  2615  5919  2750  4878  2522
  6631  3845 16340 10899  3917  1724  9865  2494  4551  5253  5371  2142
  3133  3920  3327  7085  5327  9821 10439  9147  3255  6047 12684] [] 1716436381.6870653629
[ 1  1  1  1  1 -1  1  1  1  1 -1  1  1  1  1  1 -1  1  1  1  1  1  1  1
  1  1  1  1  1  1  1  1  1  1  1] [ 3 10 11 18 19 20 21 26 27 28 29 34 35 36 37 38 41 42 43 44 45 46 47 50
 51 52 53 54 55 57 58 59 60 61 62] [ 3904  8784  3655  4517  3138  8974 10390  2547  5854  2665  4943  2479
  6598  3734 13646 10724  4001  1714  9849  2450  4504  5096  5216  2103
  3102  3902  3265  6991  5212  9147 10338  8122  3231  6024 12584] [] 1716436381.7301373482
[ 1  1  1  1  1  1  1  1  1  1  1 -1  1  1  1 -1  1  1  1 -1  1 -1  1  1
  1  1  1  1  1  1  1  1  1  1  1 -1] [ 3 10 11 18 19 20 21 26 27 28 29 33 34 35 36 37 38 41 42 43 44 45 46 47
 50 51 52 53 54 55 57 58 59 60 61 62] [ 3847  8719  3590  4427  3128  8784 10301  2515  5842  2652  4766 12792
  2476  6555  3704 13940 10497  3924  1697  9853  2408  4512  5046  5168
  2063  3102  3858  3213  6965  5191  8612 10330  7323  3199  6010 12626] [] 1716436381.7731034756
[-1 -1  1  1  1  1  1  1 -1  1  1  1 -1 -1  1  1  1  1 -1  1  1  1  1  1
  1  1  1  1  1  1  1  1  1  1 -1 -1] [ 3 10 11 18 19 20 21 26 27 28 29 33 34 35 36 37 38 41 42 43 44 45 46 47
 50 51 52 53 54 55 57 58 59 60 61 62] [ 3858  8767  3577  4311  3096  8690 10282  2511  5890  2643  4704 12725
  2490  6568  3676 11540 10470  3864  1721  9790  2408  4494  5034  5076
  2056  3075  3832  3205  6882  5144  8305 10322  7195  3183  6086 12632] [] 1716436381.8160929680
[ 1 -1  1  1  1 -1  1 -1  1  1  1  1  1  1 -1 -1  1  1  1 -1 -1  1  1 -1
  1  1 -1  1 -1 -1 -1 -1 -1 -1  1  1] [ 3 10 11 18 19 20 21 26 27 28 29 33 34 35 36 37 38 41 42 43 44 45 46 47
 50 51 52 53 54 55 57 58 59 60 61 62] [ 3843  8908  3527  4295  3084  8707 10277  2527  5854  2631  4632 12713
  2436  6448  3703 11556 10435  3834  1679  9858  2431  4447  5027  5124
  2054  3056  3883  3190  6941  5254  8773 10345  7477  3199  6005 12377] [] 1716436381.8590848446
[-1 -1 -1 -1  1 -1 -1  1  1  1  1  1  1 -1  1  1  1 -1 -1  1  1 -1 -1 -1
 -1 -1 -1 -1 -1 -1 -1  1 -1 -1 -1 -1] [ 3 10 11 18 19 20 21 26 27 28 29 33 34 35 36 37 38 41 42 43 44 45 46 47
 50 51 52 53 54 55 57 58 59 60 61 62] [ 3878  9005  3531  4311  3058  8719 10344  2491  5798  2625  4631 12607
  2424  6460  3663 11548 10385  3896  1694  9770  2416  4525  5124  6538
  2092  3096  3891  3199  7463  5786 10736 10295  9349  3215  6031 12628] [] 1716436381.9020853043
[-1  1 -1 -1 -1  1  1 -1 -1 -1 -1 -1 -1  1 -1 -1 -1 -1 -1 -1 -1 -1 -1 -1
 -1 -1 -1 -1 -1 -1 -1 -1 -1 -1  1] [ 3 10 11 18 19 20 21 26 27 28 29 33 34 35 36 37 38 41 42 43 44 45 46 47
 50 51 52 53 54 55 57 58 59 60 61] [ 3967  8986  3822  4599  3121  8705 10344  2499  5823  2699  4990 12667
  2462  6394  3799 13472 10519  3929  1728  9830  2446  4645  5341 11531
  2132  3182  3903  3229  7763  7512 12436 10411 11652  3223  5980] [] 1716436381.9452052116
[ 1 -1 -1 -1 -1 -1  1 -1  1 -1 -1 -1 -1 -1  1 -1 -1 -1 -1 -1 -1 -1 -1 -1
  1 -1 -1 -1 -1 -1 -1  1  1] [ 3 10 11 18 19 20 21 26 27 28 29 33 34 35 36 37 38 41 42 43 44 45 46 47
 50 51 52 53 54 55 57 60 61] [ 3939  9110  3920  4759  3144  8739 10224  2533  5803  2797  6855 12713
  2480  6420  3796 15615 10852  3985  1749  9923  2489  4664  6015 12279
  2121  3221  3916  3253  9217 10032 13193  3162  5904] [] 1716436381.9879662991
[-1 -1 -1 -1 -1  1  1 -1 -1 -1  1 -1  1 -1 -1 -1 -1 -1 -1  1 -1 -1 -1 -1
  1 -1  1  1] [ 3 10 11 18 19 20 21 26 27 28 29 34 35 36 41 42 43 44 45 46 47 50 51 52
 53 54 60 61] [ 4062  9126  4127  5516  3158  8528 10140  2622  5842  2878  6806  2586
  6312  3863  4094  1789 10078  2554  4881  5841 14807  2190  3351  3964
  3238  9937  3156  5831] [] 1716436382.0310726166
[-1  1 -1 -1 -1 -1 -1 -1  1 -1  1 -1 -1 -1 -1 -1 -1 -1 -1  1 -1 -1 -1 -1
 -1 -1 -1 -1] [ 3 10 11 18 19 20 21 26 27 28 29 34 35 36 41 42 43 44 45 46 50 51 52 53
 54 57 60 61] [ 4071  9015  4487  5739  3182 10012 10151  2711  5788  2915  6784  2694
  6318  4036  4346  1848 10455  2606  4927  5829  2295  3440  4053  3489
 10670 12044  3234  5880] [] 1716436382.0739190578
[-1  1 -1 -1 -1 -1 -1 -1 -1 -1 -1 -1  1 -1 -1 -1 -1 -1 -1 -1 -1 -1 -1 -1
 -1 -1 -1] [ 3 10 11 18 19 20 21 26 27 28 29 34 35 36 41 42 43 44 45 46 50 51 52 53
 54 60 61] [ 4234  8985  4921  6295  3203 11779 10201  2779  5845  3015  6971  2790
  6311  4107  5125  1965 10743  2689  5022  5907  2404  3812  4208  3689
 11014  3324  5895] [] 1716436382.1169166565
[-1 -1 -1 -1 -1 -1 -1 -1 -1 -1 -1 -1 -1 -1 -1 -1 -1 -1 -1 -1 -1 -1 -1 -1
 -1 -1  1] [ 3 10 11 18 19 20 21 26 27 28 29 34 35 36 41 42 43 44 45 46 50 51 52 53
 54 60 61] [ 5201  9678  6348  8029  3283 12043 10204  2983  5886  3371  7205  3086
  6587  4274  5265  1998 15875  2787  5029  6129  2535  3994  4512  3757
 11246  3440  5843] [] 1716436382.1599998474
[-1 -1 -1  1 -1 -1 -1 -1 -1 -1 -1 -1  1 -1 -1 -1 -1 -1 -1 -1 -1 -1 -1 -1
 -1 -1] [ 3 10 11 18 19 20 21 26 27 28 29 34 35 36 41 42 44 45 46 50 51 52 53 54
 60 61] [ 5203 11771  7291  7831  3333 12082 10304  3059  5987  3493  8545  3326
  6559  4326  5930  2104  2838  5114  6429  2695  4268  4904  4160 11327
  3668  5907] [] 1716436382.2029631138
[-1 -1 -1 -1 -1 -1 -1 -1 -1 -1 -1  1 -1 -1 -1 -1 -1 -1 -1 -1 -1 -1 -1 -1
 -1] [ 3 11 18 19 20 21 26 27 28 29 34 35 36 41 42 44 45 46 50 51 52 53 54 60
 61] [14200  8897  8510  3443 12138 10383  3227  6031  3838  8683  3631  6298
  4614  6340  2272  3063  5270  7426  2791  4586  4991  4540 11777  3774
  5941] [] 1716436382.2459959984
[-1 -1 -1 -1 -1 -1 -1 -1 -1 -1 -1 -1 -1 -1 -1 -1 -1 -1 -1 -1 -1 -1 -1 -1] [11 18 19 20 21 26 27 28 29 34 35 36 41 42 44 45 46 50 51 52 53 54 60 61] [ 8901 10194  3515 12278 10598  3323  6151  4402  8793  4047  6364  4890
  6968  2400  3130  5491 11166  2874  4831  5282  4674 12123  3904  6005] [] 1716436382.2888801098
[-1 -1 -1 -1 -1 -1 -1 -1 -1 -1 -1 -1 -1 -1 -1 -1 -1 -1 -1  1 -1 -1] [11 18 19 20 21 26 27 28 29 34 35 36 41 42 44 45 50 51 52 53 60 61] [ 8974 10347  3581 12472 10852  3493  6235  4896  8929  4245  6437  5306
  7026  2506  3260  5991  2979  5735  5823  4604  4198  6072] [] 1716436382.3320086002
[-1 -1 -1 -1 -1 -1 -1 -1 -1 -1 -1 -1 -1 -1 -1 -1 -1 -1 -1 -1 -1 -1] [11 18 19 20 21 26 27 28 29 34 35 36 41 42 44 45 50 51 52 53 60 61] [ 9158 10926  3791 12966 11440  3980  6341  6334 10355  4462  6507  6355
  7372  2716  3426  6673  3132  6080  6010  4968  4622  6317] [] 1716436382.3750522137
[-1 -1 -1 -1 -1 -1 -1 -1 -1 -1 -1 -1 -1 -1 -1 -1 -1 -1 -1 -1 -1] [11 18 19 20 26 27 28 29 34 35 36 41 42 44 45 50 51 52 53 60 61] [ 9316 11108  3930 13118  4807  6412  7735 10531  5294  7060  6489  7748
  2991  3721  7615  3679  7015  7033  5248  5231  6659] [] 1716436382.4180421829
[-1 -1 -1 -1 -1 -1 -1 -1 -1 -1 -1 -1 -1 -1 -1 -1 -1 -1 -1 -1 -1] [11 18 19 20 26 27 28 29 34 35 36 41 42 44 45 50 51 52 53 60 61] [ 9611 16264  4301 13427  5663  6571  9896 11287  6139  7214  7114  8827
  3097  3850  7635  3933  7681  7269  5376  5810  6785] [] 1716436382.4610478878
[-1  1 -1 -1 -1 -1 -1 -1 -1 -1 -1 -1 -1 -1  1 -1 -1 -1 -1] [11 19 20 26 27 28 34 35 36 41 42 44 45 50 51 52 53 60 61] [ 9710  4282 13636  5799  6725 10067  6266  7327  7523 10074  3734  4253
  7893  4219  7669  8014  5846 10425  7162] [] 1716436382.5040311813
[-1 -1 -1 -1 -1 -1 -1 -1 -1 -1 -1 -1 -1 -1 -1 -1 -1 -1] [19 20 26 27 28 34 35 36 41 42 44 45 50 51 52 53 60 61] [ 4567 15110  7382  6938 10906  6676  7659  9428 10523  4039  4471  8377
  4737  7775  9815  6325 11631  7368] [] 1716436382.5470609665
[-1 -1 -1 -1 -1 -1 -1 -1 -1 -1 -1 -1 -1 -1 -1 -1 -1] [19 20 26 27 28 34 35 36 41 42 44 45 50 51 52 53 61] [ 4973 15877  7681  7111 11004  7970  8315 10741 10728  5121  4897  9603
  5731  8162 10557  7300  7505] [] 1716436382.5899863243
[-1 -1 -1 -1 -1 -1 -1 -1 -1 -1  1 -1 -1 -1 -1] [19 26 27 28 34 35 36 41 42 44 45 50 51 52 53] [ 5513  8658  7442 11069 10078  8493 12322 11369  6836  6049  8939  7485
  8746 14809  8992] [] 1716436382.6329700947
[-1 -1 -1 -1 -1 -1 -1 -1 -1 -1  1 -1 -1 -1] [19 26 27 28 34 35 36 41 42 44 45 50 51 53] [ 9486  9364  9214 11335 10458  9390 15107 11863  7996  8431  8864  9845
 10460 12147] [] 1716436382.6759705544
[-1 -1 -1 -1 -1 -1 -1 -1 -1 -1 -1 -1] [19 26 27 28 34 35 42 44 45 50 51 53] [10892 11254 11005 11658 10935 15296  9874 11477 12130  9881 11261 12919] [] 1716436382.7189767361
[-1 -1  1  1 -1] [26 28 42 50 52] [11849 11983  9249  9815  9292] [] 1716436382.7617504597
[ 1 -1 -1 -1] [28 42 50 52] [11513 10467 10128  9545] [] 1716436382.8047561646
[ 1 -1 -1 -1] [42 50 51 52] [ 8333 10968 12270 10583] [] 1716436382.8478174210
[-1  1  1  1] [42 50 51 52] [11848 10647 11937 10093] [] 1716436382.8906934261
[ 1 -1] [42 50] [ 7403 10945] [] 1716436382.9337568283
[-1 -1] [42 44] [11216 13613] [] 1716436382.9767639637
[-1 -1] [42 50] [12075 11008] [] 1716436383.0197432041
[1 1] [42 50] [11879 10661] [] 1716436383.0627412796
[-1  1] [42 50] [11965 10597] [] 1716436383.1057629585
[-1] [42] [11974] [] 1716436383.1487519741
[1] [42] [10827] [] 1716436383.1917212009
[-1] [42] [11795] [] 1716436383.2348988056
2 2 2 1716436383.2352221012
