FA TAX ADC PRES TS
[1] [42] [11281] [] 1716436437.7241716385
[-1 -1] [42 50] [11596 11452] [] 1716436437.7671351433
[1] [42] [11435] [] 1716436437.8101887703
[1] [42] [10833] [] 1716436437.8530762196
[-1] [42] [11017] [] 1716436437.8961677551
[-1 -1] [42 50] [11328 10840] [] 1716436437.9391241074
[ 1 -1 -1] [42 44 50] [ 9093 14767 10993] [] 1716436437.9821307659
[-1  1  1] [42 44 50] [ 9269 13760 10578] [] 1716436438.0251755714
[-1  1  1] [42 44 50] [ 9271 13211 10453] [] 1716436438.0681252480
[-1  1 -1  1] [28 42 44 50] [11924  8872 13291 10359] [] 1716436438.1111736298
[1 1 1 1] [28 42 44 50] [11414  8806 13035 10125] [] 1716436438.1542067528
[-1  1  1  1] [28 42 44 50] [11420  8407 12675  9979] [] 1716436438.1971726418
[1 1 1 1] [28 42 44 50] [11256  8181 12588  9739] [] 1716436438.2401723862
[ 1  1 -1 -1] [28 42 44 50] [10901  8067 12634  9743] [] 1716436438.2831618786
[-1 -1  1  1  1] [28 36 42 44 50] [11019 14991  7464 12477  9588] [] 1716436438.3262052536
[-1  1  1  1  1] [28 36 42 44 50] [11113 14579  6919 12387  9338] [] 1716436438.3691971302
[-1 -1 -1  1  1 -1  1] [20 28 36 42 44 45 50] [15664 11278 14975  5815  8601 11629  7531] [] 1716436438.4121916294
[ 1 -1  1  1 -1  1  1 -1 -1 -1] [20 27 28 36 41 42 44 45 50 53] [14276 11537 11166 14941 12427  5689  7073 11784  8265 11977] [] 1716436438.4552118778
[-1 -1  1 -1 -1 -1  1  1  1  1  1  1] [20 26 27 28 34 36 41 42 44 45 50 53] [14358 11578  9655 11284 10639 14986 12133  4748  7011 11321  5799  9365] [] 1716436438.4982507229
[-1  1  1  1  1  1 -1  1 -1  1  1  1  1  1] [19 20 26 27 28 34 35 36 41 42 44 45 50 53] [ 8380 13927 11390  9474 11163 10031 16025 14655 12258  4238  6343 11145
  5566  8066] [] 1716436438.5411348343
[ 1  1 -1  1  1  1  1  1  1  1  1  1  1 -1  1] [19 20 26 27 28 34 35 36 41 42 44 45 50 52 53] [ 7247 13183 11743  8518 11058  9863 15777 14383 12020  3814  5815 11097
  5112 12729  6874] [] 1716436438.5842278004
[-1 -1  1  1  1  1 -1 -1  1  1  1  1  1 -1  1 -1 -1  1 -1] [11 18 19 20 26 27 28 34 35 36 41 42 44 45 50 51 52 53 61] [10420 11738  7219 12885 11443  8284 11131  9912 15680 12826 11843  3512
  5515 11271  4624 11600 12910  6681  7274] [] 1716436438.6272263527
[ 1  1  1  1  1 -1 -1  1  1  1  1  1 -1  1  1 -1  1] [11 18 19 20 26 27 28 34 36 41 42 44 45 50 52 53 61] [ 9877 11340  6841 12558 11229  8308 11354  7849 11781 11741  3184  5361
 11367  4454  9256  6796  6809] [] 1716436438.6701505184
[-1  1  1  1  1  1  1 -1  1 -1  1  1  1  1  1  1 -1 -1  1 -1 -1] [11 18 19 20 26 27 28 29 34 35 36 41 42 44 45 50 51 52 53 54 61] [ 9909 11081  6628 12173 10902  8179 11234 11749  7671 15780 10359 11689
  2991  5146 11337  4401 10875  9444  5762 15787  6921] [] 1716436438.7131340504
[ 1  1  1 -1  1  1  1  1  1  1  1 -1  1  1  1  1  1  1 -1  1 -1  1] [11 18 19 20 26 27 28 29 34 35 36 41 42 44 45 50 51 52 53 54 60 61] [ 9093 10990  5946 12386  9479  6928 11174 11250  7598 12664  9204 11754
  2747  5023 10977  4362 10085  7662  5837 12428  9474  6802] [] 1716436438.7562859058
[ 1  1  1  1  1 -1  1  1  1  1  1  1  1  1  1  1  1 -1  1 -1  1  1] [11 18 19 20 26 27 28 29 34 35 36 41 42 44 45 50 51 52 53 54 60 61] [ 8802 10582  5360 12295  8106  6993 10903 11081  7167 11798  7143 11653
  2618  4687 10843  4184  7969  8560  5369 12492  7742  6709] [] 1716436438.7991752625
[ 1  1  1  1  1  1  1  1 -1 -1  1  1  1  1  1  1  1  1  1  1  1  1] [11 18 19 20 26 27 28 29 34 35 36 41 42 44 45 50 51 52 53 54 60 61] [ 8662 10461  5035 12015  7683  6969 10861 11049  7188 12235  6555 11597
  2551  4585 10628  4058  7903  7461  4376 12109  7259  6614] [] 1716436438.8423452377
[ 1  1  1  1  1  1  1  1  1  1  1 -1  1  1  1 -1  1  1 -1  1 -1  1  1] [11 18 19 20 26 27 28 29 34 35 36 41 42 44 45 46 50 51 52 53 54 60 61] [ 7303  8872  4808 11434  5867  6693 10690 10914  6815 11119  6343 11639
  2462  4260 10387 11346  3837  7817  7469  4107 12140  6664  6474] [] 1716436438.8852779865
[ 1  1  1  1  1  1  1 -1  1  1  1 -1  1  1  1  1  1  1  1  1  1  1  1  1] [11 18 19 20 26 27 28 29 34 35 36 37 41 42 44 45 46 50 51 52 53 54 60 61] [ 6093  8679  4611 11275  5391  6180 10658 11001  6556 11108  5477 16356
  9447  2377  4196 10067 11144  3631  7683  7360  4031 12027  6251  6374] [] 1716436438.9282679558
[ 1  1  1 -1  1  1  1 -1  1  1  1  1  1  1  1  1 -1  1  1  1  1  1  1  1] [11 18 19 20 26 27 28 29 34 35 36 37 41 42 44 45 46 50 51 52 53 54 60 61] [ 5627  8559  4526 11304  4869  6099 10013 11037  5497 10529  5342 13374
  9274  2306  4095  9970 11240  3466  7471  6778  3941 11885  6081  6249] [] 1716436438.9713037014
[ 1  1  1  1  1  1  1  1  1  1  1 -1  1  1  1  1 -1  1  1  1  1  1  1  1] [11 18 19 20 26 27 28 29 34 35 36 37 41 42 44 45 46 50 51 52 53 54 60 61] [ 5093  6804  4362 10931  4559  5922  9012 10821  5383 10423  5131 13641
  9260  2205  3946  9931 11244  3159  7252  6526  3787 11867  5360  6145] [] 1716436439.0142827034
[-1  1  1  1  1  1  1  1  1  1  1  1  1  1  1  1  1  1  1  1  1  1  1  1
  1] [ 3 11 18 19 20 26 27 28 29 34 35 36 37 41 42 44 45 46 50 51 52 53 54 60
 61] [14229  4923  5932  4351 10901  4397  5815  7167  8486  4786  9217  4878
 12919  8305  2138  3833  9828  9662  3034  6851  6380  3684 10557  5144
  6126] [] 1716436439.0571949482
[ 1  1  1  1 -1 -1  1  1  1  1  1 -1  1  1  1  1  1  1  1  1  1  1  1  1
  1  1] [ 3 11 18 19 20 21 26 27 28 29 34 35 36 37 41 42 44 45 46 50 51 52 53 54
 60 61] [ 8136  4623  5755  4230 10914 11433  4211  5762  6061  8051  4404  9219
  4727 12439  6958  2044  3727  9823  9087  2988  6340  5976  3646  8878
  4738  6103] [] 1716436439.1002473831
[ 1  1  1  1  1  1  1  1  1  1  1 -1  1 -1  1  1 -1  1  1  1  1  1  1  1
  1  1 -1] [ 3 11 18 19 20 21 26 27 28 29 34 35 36 37 41 42 43 44 45 46 50 51 52 53
 54 60 61] [ 6449  4069  5429  4065 10883 11094  3956  5657  5173  7710  4157  9256
  4580 13217  6212  1999 14880  3598  7912  8424  2750  5241  5939  3541
  8716  4549  6122] [] 1716436439.1431562901
[ 1  1  1  1  1  1  1  1  1 -1  1  1  1  1  1  1  1  1  1 -1  1  1  1  1
  1  1  1] [ 3 11 18 19 20 21 26 27 28 29 34 35 36 37 41 42 43 44 45 46 50 51 52 53
 54 60 61] [ 5799  3722  4886  3966 10750 10549  3707  5617  4237 10649  3780  9038
  4445 12636  6040  1955 14696  3497  7839  8595  2683  4880  5771  3407
  8585  4365  6037] [] 1716436439.1862843037
[ 1  1  1  1  1  1  1  1  1  1  1  1  1 -1  1  1 -1  1  1  1  1  1  1  1
 -1 -1  1 -1] [ 3 11 18 19 20 21 26 27 28 29 34 35 36 37 41 42 43 44 45 46 50 51 52 53
 54 55 60 61] [ 5626  3647  4567  3894 10682 10397  3565  5604  4003  8966  3640  8849
  4291 12782  5395  1879 14728  3364  7685  7385  2600  4699  5622  3311
  8632 11235  4279  6040] [] 1716436439.2292635441
[ 1  1  1  1  1 -1  1  1  1  1  1  1  1 -1  1  1  1  1  1  1  1  1  1  1
  1  1  1  1] [ 3 11 18 19 20 21 26 27 28 29 34 35 36 37 41 42 43 44 45 46 50 51 52 53
 54 55 60 61] [ 5419  3515  4415  3789 10626 10462  3451  5533  3909  7625  3461  8640
  4049 12989  5360  1800 14689  3145  7578  7131  2476  4565  5553  3180
  7811 10469  3794  6021] [] 1716436439.2723002434
[ 1  1 -1  1  1  1  1  1  1  1  1  1  1  1  1  1  1  1 -1  1 -1  1  1 -1
  1  1 -1 -1  1 -1] [ 3 11 18 19 20 21 26 27 28 29 34 35 36 37 41 42 43 44 45 46 47 50 51 52
 53 54 55 57 60 61] [ 5390  3343  4439  3665 10536 10420  3339  5456  3571  7426  3186  8601
  3829 12832  5183  1771 12766  3112  7607  6486 14802  2430  4473  5561
  3102  7743 10682 10698  3769  6029] [] 1716436439.3153078556
[ 1  1  1  1 -1 -1  1  1  1  1  1 -1  1  1  1  1  1  1  1  1  1  1 -1  1
  1 -1  1  1 -1  1  1] [ 3 11 18 19 20 21 26 27 28 29 34 35 36 37 41 42 43 44 45 46 47 50 51 52
 53 54 55 57 59 60 61] [ 5359  3241  4325  3546 10605 10470  3247  5425  3404  7286  3036  8606
  3737 12548  4871  1696 12214  3002  7495  6197  7446  2332  4569  5319
  2943  7831  8685  8502 14921  3721  6027] [] 1716436439.3582777977
[ 1  1  1  1  1  1  1  1  1  1  1 -1  1  1  1  1  1  1  1  1  1  1  1  1
  1  1  1  1  1  1  1] [ 3 11 18 19 20 21 26 27 28 29 34 35 36 37 41 42 43 44 45 46 47 50 51 52
 53 54 55 57 59 60 61] [ 5218  3055  4241  3476  8995 10322  3051  5368  3233  7286  2887  8660
  3518 12366  4617  1665 11636  2877  6820  6170  6331  2309  4326  5209
  2840  7423  8446  7324 14496  3637  5990] [] 1716436439.4013054371
[ 1 -1  1  1  1  1  1  1  1  1  1  1  1  1  1  1  1  1  1  1  1  1  1  1
  1  1  1  1  1  1  1  1] [ 3 10 11 18 19 20 21 26 27 28 29 34 35 36 37 41 42 43 44 45 46 47 50 51
 52 53 54 55 57 59 60 61] [ 4306 14073  2870  4053  3434  5432 10216  2947  5331  2935  7126  2648
  7961  3455 12258  4450  1623 10640  2814  6691  6052  5586  2290  4057
  5085  2772  6808  6698  6709 10390  3600  5961] [] 1716436439.4443325996
[ 1  1  1  1  1 -1  1  1  1  1  1  1  1  1 -1  1  1  1  1 -1 -1  1  1  1
  1  1  1  1  1  1  1 -1 -1] [ 3 10 11 18 19 20 21 26 27 28 29 34 35 36 37 41 42 43 44 45 46 47 50 51
 52 53 54 55 57 59 60 61 62] [ 4270 11894  2799  3947  3355  5585 10124  2879  5280  2838  7122  2584
  7716  3351 12292  4392  1612 10358  2797  6698  6055  5424  2277  3853
  4864  2750  6054  6317  6426 10341  3533  6009 15592] [] 1716436439.4873151779
[ 1  1  1  1  1  1 -1  1  1  1  1  1  1 -1 -1  1  1  1  1  1 -1  1  1  1
 -1  1  1  1  1  1 -1  1 -1] [ 3 10 11 18 19 20 21 26 27 28 29 34 35 36 37 41 42 43 44 45 46 47 50 51
 52 53 54 55 57 59 60 61 62] [ 4229 11168  2767  3881  3295  5447 10297  2858  5237  2804  7068  2518
  7530  3396 12434  4392  1609 10238  2762  6408  6078  5307  2248  3780
  4930  2731  5805  6218  6203 10020  3543  5988 15752] [] 1716436439.5302927494
[ 1 -1  1  1  1  1 -1  1  1 -1 -1  1 -1  1  1  1  1 -1  1  1  1 -1  1  1
  1  1 -1  1  1  1  1  1] [ 3 10 11 18 19 20 21 26 27 28 29 34 35 36 37 41 42 43 44 45 46 47 50 51
 52 53 54 55 57 59 60 61] [ 4213 11377  2761  3859  3290  5375 10353  2851  5236  2813  7110  2509
  7550  3387 12369  4299  1598 10340  2754  6022  6037  5333  2225  3732
  4864  2712  5881  6107  5929  9847  3541  5954] [] 1716436439.5733993053
[ 1 -1  1  1  1  1  1  1  1 -1  1 -1  1  1  1  1  1  1  1 -1  1 -1  1  1
 -1 -1 -1 -1 -1 -1  1  1] [ 3 10 11 18 19 20 21 26 27 28 29 34 35 36 37 41 42 43 44 45 46 47 50 51
 52 53 54 55 57 59 60 61] [ 4186 11598  2747  3831  3246  5310 10268  2823  5215  2815  7070  2537
  7470  3373 12304  4266  1592 10223  2746  6048  6022  5535  2224  3694
  4890  2716  6153  7842  5985  9856  3487  5889] [] 1716436439.6163527966
[ 1  1 -1  1  1  1  1  1  1  1 -1  1  1  1  1 -1 -1 -1 -1 -1  1 -1 -1 -1
  1 -1 -1 -1 -1 -1 -1 -1] [ 3 10 11 18 19 20 21 26 27 28 29 34 35 36 37 41 42 43 44 45 46 47 50 51
 52 53 54 55 57 59 60 61] [ 4183 11456  2767  3799  3234  5255 10093  2812  5208  2795  7089  2520
  7431  3330 12232  4346  1601 10225  2797  6343  5979  6619  2228  3730
  4890  2745  6729  8509  6209 11450  3535  5898] [] 1716436439.6593093872
[-1  1 -1 -1 -1  1  1 -1 -1 -1  1  1 -1 -1  1 -1 -1  1 -1 -1  1 -1 -1 -1
 -1 -1 -1 -1 -1  1  1] [ 3 10 11 18 19 20 21 26 27 28 29 34 35 36 37 41 42 43 44 45 46 50 51 52
 53 54 55 57 59 60 61] [ 4204 11402  2883  3809  3261  5249 10074  2847  5209  2829  7046  2507
  7481  3388 12100  4580  1614  9990  2827  6826  5843  2280  3802  5031
  2748  7149 10680  7956 14429  3456  5854] [] 1716436439.7023048401
[-1 -1 -1 -1 -1 -1  1 -1 -1 -1  1 -1  1 -1  1 -1 -1 -1 -1 -1 -1 -1 -1 -1
 -1 -1 -1 -1 -1 -1 -1] [ 3 10 11 18 19 20 21 26 27 28 29 34 35 36 37 41 42 43 44 45 46 50 51 52
 53 54 55 57 59 60 61] [ 4269 12451  2943  3837  3375  5410  9998  2907  5225  3007  7018  2572
  7340  3394 12090  4799  1651 10227  2911  7270  6801  2347  4033  5125
  2880  7616 10923  9635 15530  3529  5888] [] 1716436439.7452905178
[-1 -1 -1 -1 -1 -1  1 -1 -1 -1 -1 -1 -1 -1  1 -1 -1 -1  1 -1 -1  1 -1 -1
 -1 -1 -1 -1 -1 -1] [ 3 10 11 18 19 20 21 26 27 28 29 34 35 36 37 41 42 43 44 45 46 50 51 52
 53 54 55 57 60 61] [ 5198 14392  3127  3926  3385  6371  9950  3010  5256  3127  7040  2740
  7784  3516 12048  4884  1662 12175  2896  7343  6847  2333  4141  5280
  2940  7785 11068 10772  3625  5894] [] 1716436439.7883214951
[-1 -1 -1 -1 -1 -1 -1 -1 -1 -1  1 -1 -1 -1 -1 -1 -1 -1 -1 -1 -1 -1 -1 -1
 -1 -1 -1  1] [ 3 10 11 18 19 20 21 26 27 28 29 34 35 36 37 41 42 43 44 45 46 50 51 52
 53 54 60 61] [ 5215 14640  3205  4021  3424  6992 10017  3105  5314  3198  7036  2877
  7905  3572 12080  5058  1726 14531  2950  7344  8206  2360  4254  5483
  3018  8489  3970  5893] [] 1716436439.8312828541
[-1 -1 -1 -1 -1 -1 -1 -1  1 -1 -1 -1 -1 -1  1 -1 -1  1 -1  1 -1 -1  1  1
 -1  1 -1  1] [ 3 10 11 18 19 20 21 26 27 28 29 34 35 36 37 41 42 43 44 45 46 50 51 52
 53 54 60 61] [ 5355 14818  3432  4137  3530  7863 10099  3251  5289  3481  7144  3130
  8414  3849 12017  5892  1784 14467  3089  7331  8422  2495  4197  5353
  3057  8470  4208  5878] [] 1716436439.8742916584
[-1 -1 -1 -1 -1 -1 -1 -1 -1 -1 -1  1 -1  1 -1 -1 -1 -1 -1 -1 -1 -1 -1 -1
 -1 -1 -1] [ 3 11 18 19 20 21 26 27 28 29 34 35 36 37 41 42 43 44 45 46 50 51 52 53
 54 60 61] [ 5374  3579  4491  3606 10244 10190  3290  5319  3757  7193  3231  8165
  3956 12006  6079  1903 14731  3327  7574  8667  2618  5094  5444  3196
  9171  4296  5968] [] 1716436439.9172887802
[-1 -1 -1 -1 -1 -1 -1 -1 -1 -1 -1  1 -1 -1 -1 -1 -1 -1 -1 -1 -1  1 -1 -1
 -1 -1] [ 3 11 18 19 20 21 26 27 28 29 34 35 36 37 41 42 44 45 46 50 51 52 53 54
 60 61] [ 7158  3741  4917  3693 10450 10411  3507  5398  4600  7350  3456  8070
  4168 12344  6095  1975  3343  7770  8796  2734  5724  5093  3294 11723
  4455  6023] [] 1716436439.9602892399
[-1 -1 -1 -1  1 -1 -1 -1 -1 -1 -1  1 -1 -1 -1 -1 -1 -1 -1 -1 -1 -1 -1 -1
 -1 -1] [ 3 11 18 19 20 21 26 27 28 29 34 35 36 37 41 42 44 45 46 50 51 52 53 54
 60 61] [14477  4193  5215  3846 10442 10646  3711  5486  5367  7460  3760  8009
  4188 12823  6835  2071  3482  7845 11424  2916  5779  5387  3490 11758
  4863  6119] [] 1716436440.0032706261
[-1 -1 -1  1 -1 -1 -1 -1 -1 -1 -1 -1  1 -1 -1 -1 -1 -1 -1 -1 -1 -1 -1 -1] [11 18 19 20 21 26 27 28 29 34 35 36 37 41 42 44 45 50 51 52 53 54 60 61] [ 4649  5813  4027 10429 15344  4015  5507  7429  7754  4169  8474  4314
 12738  7147  2138  3695  9903  3130  6498  5794  3612 11792  5472  6124] [] 1716436440.0462555885
[-1 -1 -1 -1 -1 -1 -1 -1 -1  1 -1 -1 -1 -1 -1 -1 -1 -1 -1 -1 -1 -1 -1] [11 18 19 20 26 27 28 29 34 35 36 37 41 42 44 45 50 51 52 53 54 60 61] [ 5561  5963  4174 10645  4381  5629  9397 10633  4482  8429  4658 12856
  9119  2242  3781 10035  3387  6605  6789  3880 12621  5594  6399] [] 1716436440.0892491341
[-1 -1 -1 -1 -1 -1 -1 -1 -1 -1 -1 -1 -1 -1 -1 -1 -1 -1 -1 -1 -1 -1] [11 18 19 20 26 27 28 29 34 35 36 37 41 42 44 45 50 51 52 53 60 61] [ 6878  6833  4314 10909  4843  5672 10075 10699  5169  8586  4810 13887
 11243  2417  4104 10207  3812  7650  7186  4441  7798  6594] [] 1716436440.1322743893
[-1 -1 -1 -1 -1 -1 -1 -1 -1 -1 -1 -1 -1 -1 -1 -1 -1 -1 -1 -1 -1] [11 18 19 20 26 27 28 29 34 35 36 41 42 44 45 50 51 52 53 60 61] [ 9274  8657  4515 11247  6463  5803 10194 11263  6552  8708  5136 11408
  2601  4435 10321  4089  7773  7482  5112  9212  6815] [] 1716436440.1752629280
[-1 -1 -1 -1 -1 -1 -1 -1 -1 -1 -1 -1 -1 -1 -1 -1 -1 -1 -1 -1] [11 18 19 20 26 27 28 29 34 35 36 41 42 44 45 50 51 52 53 61] [ 9367 10307  4737 11590  7650  5928 10301 11477  6743  8848  5484 11572
  2788  4852 10425  4232  7960  7820  5657  6906] [] 1716436440.2182776928
[-1 -1 -1 -1 -1 -1 -1 -1 -1 -1 -1 -1 -1 -1 -1 -1 -1 -1 -1] [11 18 19 20 26 27 28 34 35 36 41 42 44 45 50 51 52 53 61] [ 9773 10581  5249 12259  8524  6258 10457  7298 10229  6208 11591  3066
  5094 10714  4412  8328  9125  6555  7387] [] 1716436440.2612221241
[-1 -1 -1 -1 -1  1 -1 -1 -1 -1 -1 -1 -1 -1 -1 -1 -1 -1] [18 19 20 26 27 28 34 35 36 41 42 44 45 50 51 52 53 61] [10719  5852 14132 10366  7033 10446  8120 13999  8352 11796  3485  5591
 10852  4935 14147 10227  7704  9128] [] 1716436440.3039970398
[-1 -1 -1 -1 -1 -1 -1  1 -1 -1 -1 -1 -1 -1 -1 -1] [18 19 20 26 27 28 34 35 36 41 42 44 45 50 52 53] [10901  6318 15173 10517  7104 10605  8927 13955  9442 11876  4306  6221
 11256  5591 16319  8925] [] 1716436440.3472776413
[-1 -1 -1 -1 -1 -1  1 -1 -1 -1 -1 -1 -1 -1] [18 19 26 27 28 34 35 36 41 42 44 45 50 53] [11250  7317 10704  7188 10978 10107 13736 10909 11901  4839  6981 11584
  5672  9408] [] 1716436440.3901307583
[-1 -1 -1 -1 -1 -1 -1 -1 -1 -1 -1 -1 -1] [18 19 26 27 28 34 35 36 41 42 44 45 50] [11400  8624 10958  7381 11191 10373 14013 11999 12106  6774  7856 11588
  7059] [] 1716436440.4331853390
[-1 -1 -1 -1 -1 -1 -1 -1 -1 -1 -1] [19 26 27 28 34 35 36 41 42 44 50] [14705 11252 10236 11406 10581 15208 14533 12547  6792  8765  9309] [] 1716436440.4760808945
[-1 -1  1 -1 -1 -1 -1 -1 -1] [26 27 28 34 35 36 42 44 50] [11856 12124 11297 13797 15872 15392  7104 10001  9347] [] 1716436440.5191667080
[-1  1 -1 -1 -1 -1] [27 28 34 36 42 50] [14313 11159 13849 15728  8766  9405] [] 1716436440.5621986389
[ 1 -1] [42 50] [8760 9667] [] 1716436440.6051886082
[-1 -1] [42 50] [8969 9908] [] 1716436440.6481814384
[-1 -1] [42 50] [ 9154 10195] [] 1716436440.6912107468
[-1 -1] [42 50] [ 9468 10634] [] 1716436440.7341148853
[1] [42] [8958] [] 1716436440.7771756649
[-1] [42] [9212] [] 1716436440.8200187683
[1] [42] [8351] [] 1716436440.8632116318
[-1 -1] [42 44] [ 8902 13305] [] 1716436440.9061858654
[-1  1] [42 44] [ 9635 12985] [] 1716436440.9492254257
2 2 2 1716436440.9495611191
