FA TAX ADC PRES TS
[-1  1] [42 44] [12007 13279] [] 1716437423.2986605167
[-1  1] [42 44] [12096 13279] [] 1716437423.3416612148
[1 1] [42 44] [11859 13096] [] 1716437423.3844847679
[1 1] [42 44] [ 8515 12941] [] 1716437423.4277963638
[1 1] [42 44] [ 7989 12749] [] 1716437423.4706296921
[ 1 -1] [42 44] [ 7828 12793] [] 1716437423.5135653019
[-1  1] [42 44] [ 9928 12595] [] 1716437423.5564050674
[ 1 -1 -1] [42 44 50] [ 8817 12721 10562] [] 1716437423.5996716022
[-1 -1  1] [42 44 50] [ 9650 12786 10487] [] 1716437423.6426236629
[-1  1 -1 -1 -1] [28 42 44 45 50] [14113  8957 13020 13218 10490] [] 1716437423.6856470108
[ 1 -1  1  1  1] [28 42 44 45 50] [13141  9837 12799 12034 10414] [] 1716437423.7285182476
[ 1  1 -1  1  1] [28 42 44 45 50] [11898  9656 12800 11675 10173] [] 1716437423.7716639042
[ 1 -1 -1  1  1 -1] [28 42 44 45 50 53] [11645  9678 12868 11669 10035 14753] [] 1716437423.8146653175
[ 1 -1  1 -1  1  1] [28 42 44 45 50 53] [11583  9727 10434 11787  9807 12051] [] 1716437423.8575272560
[ 1  1  1 -1  1  1] [28 42 44 45 50 53] [11341  9639  9434 11852  9652 10246] [] 1716437423.9004673958
[-1 -1 -1  1  1 -1  1] [28 35 42 44 45 50 53] [11510 15908 10433  9189 11769  9744 10092] [] 1716437423.9436228275
[-1  1 -1  1  1 -1  1  1] [27 28 35 42 44 45 50 53] [13601 11413 15994  9462  8656 11834  9617  9126] [] 1716437423.9866580963
[-1  1 -1  1  1  1  1  1  1] [19 27 28 35 42 44 45 50 53] [11384 13409 11690 15249  8066  7802 11646  9460  8401] [] 1716437424.0297071934
[ 1  1  1  1  1  1 -1  1 -1 -1] [19 27 28 35 42 44 45 50 53 61] [10743 13139 11619 15030  7518  7626 11743  9458  8613  8542] [] 1716437424.0725073814
[-1 -1 -1  1  1 -1  1  1  1 -1  1  1] [19 26 27 28 35 42 44 45 50 51 53 61] [10835 14123 13223 11562 14941  7581  6988 11594  9445 11789  8331  7992] [] 1716437424.1156818867
[ 1  1  1  1  1 -1  1  1 -1  1  1  1] [19 26 27 28 35 42 44 45 50 51 53 61] [10513 13296 13168 11546 13715  7972  6583 11394  9523 11395  6852  7539] [] 1716437424.1586678028
[ 1  1  1  1 -1  1  1  1  1  1  1 -1  1] [19 26 27 28 34 35 42 44 45 50 51 53 61] [10331 13261 13114 11233 12777 10446  7749  6271 11387  9008 11283  7048
  7359] [] 1716437424.2017176151
[-1 -1  1  1  1  1  1  1  1  1  1  1  1  1] [11 19 26 27 28 34 35 42 44 45 50 51 53 61] [12390 10409 13198 13067 11192 12449 10227  6667  5887  9050  7035 10894
  6458  7125] [] 1716437424.2445340157
[ 1  1  1  1  1  1  1  1  1  1  1  1  1 -1 -1] [11 19 26 27 28 34 35 42 44 45 50 51 53 54 61] [10733  8411 12389 10091 11183 12172  9841  6079  5713  8900  6175  8443
  6313 14315  7217] [] 1716437424.2877097130
[ 1  1  1 -1 -1 -1  1  1 -1  1  1  1  1  1  1  1  1] [11 19 26 27 28 29 34 35 36 42 44 45 50 51 53 54 61] [10279  8324 12100 10288 11271 12165  9872  9221 14376  5437  5580  8813
  5847  7288  6223 13171  7050] [] 1716437424.3307299614
[ 1 -1  1  1  1  1  1  1  1  1  1  1  1  1 -1  1  1  1] [11 19 26 27 28 29 34 35 36 42 44 45 50 51 52 53 54 61] [10205  8387 11912  9204 11241 11963  9757  9130 14177  5050  5060  8578
  5187  7047 15706  5731 12297  6740] [] 1716437424.3736431599
[ 1  1  1  1 -1  1  1  1  1 -1  1  1  1  1 -1  1  1  1 -1  1] [11 19 26 27 28 29 34 35 36 41 42 44 45 50 51 52 53 54 60 61] [10046  8191 10223  8597 11246 11412  9711  8881 11567 13573  4736  4810
  8394  4882  7066 14821  5425 11926 16194  6701] [] 1716437424.4165654182
[1 1 1 1 1 1 1 1 1 1 1 1 1 1 1 1 1 1 1 1] [11 19 26 27 28 29 34 35 36 41 42 44 45 50 51 52 53 54 60 61] [ 9967  7675  9518  8416 11165 11169  9679  8786 10775 12717  4378  4579
  8200  4708  6991 12634  5330 11544 11937  6683] [] 1716437424.4597229958
[1 1 1 1 1 1 1 1 1 1 1 1 1 1 1 1 1 1 1 1] [11 19 26 27 28 29 34 35 36 41 42 44 45 50 51 52 53 54 60 61] [ 9766  7110  8919  7633 10991 11062  9474  8479 10188 12481  4027  4401
  8129  4348  6921 10846  4853  9920  8388  6590] [] 1716437424.5026562214
[ 1  1  1  1 -1  1  1  1  1  1  1  1  1  1 -1  1  1 -1  1  1] [11 19 26 27 28 29 34 35 36 41 42 44 45 50 51 52 53 54 60 61] [ 9472  6502  8480  7335 11002 10820  9289  8203  7937 12474  3837  4308
  8047  4297  6983  9216  4778  9951  6821  6569] [] 1716437424.5456972122
[ 1  1 -1  1  1 -1 -1  1  1  1 -1  1  1  1  1  1  1  1  1  1  1] [11 19 21 26 27 28 29 34 35 36 41 42 44 45 50 51 52 53 54 60 61] [ 9386  5847 12032  7527  7315 11125 10839  9276  8096  7117 12532  3620
  4191  7949  3935  6379  7433  4650  9289  6205  6537] [] 1716437424.5885653496
[ 1 -1  1 -1  1  1  1  1 -1  1  1  1  1  1  1  1  1  1  1  1  1  1  1] [11 18 19 20 21 26 27 28 29 34 35 36 41 42 44 45 50 51 52 53 54 60 61] [ 9351 11328  5604 15966 11509  7287  7182 10461 10893  9215  7936  6679
 12309  3390  4047  7817  3823  6020  5946  4276  9065  5762  6385] [] 1716437424.6317296028
[1 1 1 1 1 1 1 1 1 1 1 1 1 1 1 1 1 1 1 1 1 1 1] [11 18 19 20 21 26 27 28 29 34 35 36 41 42 44 45 50 51 52 53 54 60 61] [ 9187 10948  5001 15762 11328  5999  7149  9795 10690  9173  7692  6485
 12259  3244  3878  7723  3724  5955  5805  4208  8955  5540  6311] [] 1716437424.6746797562
[-1 -1  1  1  1  1  1  1  1  1  1 -1  1 -1  1  1 -1  1  1  1  1  1  1  1
 -1  1  1] [ 3 11 18 19 20 21 26 27 28 29 34 35 36 37 41 42 43 44 45 50 51 52 53 54
 55 60 61] [14689  9198 10771  4762 15189 11073  5399  6925  9569 10667  7320  7832
  5853 16330 11940  3008 15812  3643  7722  3503  5872  5543  4085  8017
 12784  5180  6253] [] 1716437424.7177720070
[ 1  1  1  1  1  1  1  1  1  1  1 -1  1  1  1  1  1  1  1  1  1  1  1  1
  1 -1  1  1] [ 3 11 18 19 20 21 26 27 28 29 34 35 36 37 41 42 43 44 45 50 51 52 53 54
 55 57 60 61] [12158  9190  8862  4508 15017 10981  4787  6795  6944  8932  7210  7929
  5401 13392 11905  2888 14627  3524  7682  3240  5836  5106  3917  7559
  9597 16328  4959  6221] [] 1716437424.7606353760
[ 1 -1  1  1  1  1  1  1  1  1  1  1  1  1  1  1  1  1 -1 -1  1  1  1  1
 -1  1  1  1 -1] [ 3 11 18 19 20 21 26 27 28 29 34 35 36 37 41 42 43 44 45 46 50 51 52 53
 54 55 57 60 61] [ 8834  9224  7046  4371 14691 10745  4427  6289  6394  8500  6012  7761
  5167 12890 11827  2740 14123  3478  7684 11713  3168  5696  4898  3814
  7669  8308 15631  4784  6223] [] 1716437424.8036897182
[ 1  1  1  1  1  1  1  1  1  1  1  1  1 -1  1  1 -1  1 -1  1  1  1  1  1
 -1  1  1  1  1] [ 3 11 18 19 20 21 26 27 28 29 34 35 36 37 41 42 43 44 45 46 50 51 52 53
 54 55 57 60 61] [ 6318  9171  6915  4288 14448 10650  4315  6277  6199  8435  5780  7734
  5126 12929 11711  2553 15315  3282  7806  9022  3007  4816  4763  3743
  7731  7574 13541  4504  6209] [] 1716437424.8467524052
[ 1  1  1  1  1 -1  1  1  1  1  1  1  1  1  1  1 -1  1  1  1 -1  1 -1  1
  1  1  1  1  1  1] [ 3 11 18 19 20 21 26 27 28 29 34 35 36 37 41 42 43 44 45 46 47 50 51 52
 53 54 55 57 60 61] [ 5922  9127  5627  4166 14288 10670  4119  6214  5700  8309  5255  7597
  4717 12387  9137  2439 16087  3122  7737  8967 13426  2896  4824  4426
  3502  7647  6630 11560  4283  6196] [] 1716437424.8897914886
[ 1  1  1  1  1 -1  1  1  1  1  1  1  1  1  1  1  1  1  1  1  1  1  1  1
  1  1  1  1  1] [ 3 11 18 19 20 21 26 27 28 29 34 35 36 37 41 42 44 45 46 47 50 51 52 53
 54 55 57 60 61] [ 5626  9119  5195  3997 13648 10812  3951  6101  5259  8147  5146  7497
  4223 12314  8859  2341  3080  7662  8616 12681  2823  4682  4360  3401
  7556  5930  9344  4138  6129] [] 1716437424.9325911999
[ 1 -1  1  1  1  1  1  1  1  1 -1 -1  1 -1  1  1  1 -1  1 -1  1  1  1  1
  1  1  1  1  1] [ 3 11 18 19 20 21 26 27 28 29 34 35 36 37 41 42 44 45 46 47 50 51 52 53
 54 55 57 60 61] [ 5449  9133  4785  3911 13064 10772  3875  6041  4668  8111  5174  7517
  3878 12561  7359  2218  2926  7663  8114 12903  2700  4412  4346  3295
  7507  5477  6695  4003  6057] [] 1716437424.9758017063
[ 1  1  1  1  1  1  1  1  1  1  1 -1  1  1  1  1  1 -1  1  1  1  1  1  1
  1  1  1  1  1] [ 3 11 18 19 20 21 26 27 28 29 34 35 36 37 41 42 44 45 46 47 50 51 52 53
 54 55 57 60 61] [ 4489  9105  4138  3712 12565 10744  3815  6016  4177  7490  5100  7664
  3704 11072  7314  2116  2748  7666  8066 11600  2583  4372  4341  3128
  7376  5037  5433  3771  6004] [] 1716437425.0187537670
[ 1 -1  1  1  1  1  1  1  1  1  1  1  1  1  1  1  1  1  1  1  1  1  1  1
  1  1  1  1  1 -1] [ 3 10 11 18 19 20 21 26 27 28 29 34 35 36 37 41 42 44 45 46 47 50 51 52
 53 54 55 57 60 61] [ 4289 15620  9051  4051  3590 12030 10421  3559  5829  3827  7459  4615
  7556  3400 10872  7136  2070  2659  7651  7807  9775  2490  4247  4273
  3103  7031  4921  4873  3635  6019] [] 1716437425.0617828369
[-1  1  1  1  1  1 -1  1  1  1  1  1  1  1  1  1  1  1  1  1  1  1  1 -1
  1  1  1  1 -1  1  1] [ 3 10 11 18 19 20 21 26 27 28 29 34 35 36 37 41 42 44 45 46 47 50 51 52
 53 54 55 57 59 60 61] [ 4360 13608  9039  3880  3530 11863 10496  3475  5804  3558  7350  4581
  7146  3305 10616  6676  2004  2568  7325  6761  8197  2331  4220  4324
  2865  5915  4642  4343 11034  3534  5995] [] 1716437425.1045081615
[ 1  1  1  1  1  1  1  1  1  1  1  1  1  1  1  1  1  1 -1  1  1  1  1  1
  1  1  1  1 -1  1  1] [ 3 10 11 18 19 20 21 26 27 28 29 34 35 36 37 41 42 44 45 46 47 50 51 52
 53 54 55 57 59 60 61] [ 4159 12451  9007  3667  3379 11680 10405  3199  5779  3077  5385  4450
  6846  3149 10488  6026  1959  2504  7369  6647  7136  2270  4182  4310
  2809  5864  4502  3983 11038  3425  5930] [] 1716437425.1478209496
[ 1  1  1  1  1 -1  1  1  1  1  1 -1  1  1  1  1  1 -1  1  1  1  1  1  1
  1  1  1  1  1  1  1 -1 -1] [ 3 10 11 18 19 20 21 26 27 28 29 34 35 36 37 41 42 43 44 45 46 47 50 51
 52 53 54 55 57 59 60 61 62] [ 3765 11262  8236  3476  3282 11794 10236  3127  5663  2917  5302  4460
  6172  2935 10390  5874  1889 15241  2428  7121  5880  6429  2207  3875
  4122  2750  5793  4342  3509 10606  3325  6107 10641] [] 1716437425.1907832623
[ 1  1 -1  1  1  1 -1  1  1  1  1  1  1  1 -1  1  1  1  1  1  1  1  1  1
  1  1  1  1  1  1 -1  1  1] [ 3 10 11 18 19 20 21 26 27 28 29 34 35 36 37 41 42 43 44 45 46 47 50 51
 52 53 54 55 57 59 60 61 62] [ 3754 10010  8251  3339  3203 11568 10313  3085  5604  2789  5207  4328
  6102  2829 10432  5540  1801 11341  2390  6329  5832  5871  2105  3620
  4075  2658  5751  4252  3119  9468  3330  6005  9776] [] 1716437425.2336809635
[ 1  1  1  1  1  1  1  1  1  1  1  1  1  1 -1  1  1 -1  1  1  1  1  1  1
  1  1  1  1  1  1  1 -1  1] [ 3 10 11 18 19 20 21 26 27 28 29 34 35 36 37 41 42 43 44 45 46 47 50 51
 52 53 54 55 57 59 60 61 62] [ 3636  7675  7091  3153  3162  9462 10252  2991  5570  2662  4879  4231
  5723  2626 10443  5445  1734 12086  2324  5631  5511  4948  2042  3506
  3939  2619  5675  4150  3004  8623  3255  6016  9342] [] 1716437425.2765057087
[ 1  1  1  1  1  1 -1  1  1  1  1  1  1  1  1  1  1  1  1  1  1 -1  1  1
  1  1  1  1  1  1  1 -1  1] [ 3 10 11 18 19 20 21 26 27 28 29 34 35 36 37 41 42 43 44 45 46 47 50 51
 52 53 54 55 57 59 60 61 62] [ 3545  6719  6716  3095  3122  9310 10310  2951  5491  2582  4415  4077
  5404  2538 10314  5268  1688 11794  2291  5462  5406  5001  1983  3352
  3891  2524  5645  4095  2909  7541  3247  6087  9159] [] 1716437425.3198039532
[ 1  1  1  1  1  1  1  1  1  1  1  1  1  1  1  1  1  1 -1 -1  1  1  1 -1
  1  1  1 -1  1  1  1  1  1] [ 3 10 11 18 19 20 21 26 27 28 29 34 35 36 37 41 42 43 44 45 46 47 50 51
 52 53 54 55 57 59 60 61 62] [ 3467  6023  6236  3007  3038  9069 10193  2843  5441  2468  4189  3962
  5293  2485 10049  5248  1672 11784  2301  5484  5393  4924  1967  3358
  3837  2497  5534  4176  2859  7400  3158  5996  9065] [] 1716437425.3627166748
[ 1  1  1  1  1 -1 -1  1  1  1  1  1 -1  1  1  1  1  1  1  1 -1  1  1  1
  1  1 -1  1 -1  1  1  1  1] [ 3 10 11 18 19 20 21 26 27 28 29 34 35 36 37 41 42 43 44 45 46 47 50 51
 52 53 54 55 57 59 60 61 62] [ 3435  5844  6137  2959  3030  9081 10195  2811  5440  2447  4160  3947
  5307  2422  9456  5196  1667 11665  2240  5151  5423  4838  1929  3322
  3798  2472  5631  4099  2867  7170  3110  5978  8874] [] 1716437425.4057619572
[ 1  1  1 -1  1  1  1 -1 -1  1  1  1  1  1  1 -1 -1 -1  1  1  1  1 -1  1
  1  1  1  1  1  1  1 -1  1] [ 3 10 11 18 19 20 21 26 27 28 29 34 35 36 37 41 42 43 44 45 46 47 50 51
 52 53 54 55 57 59 60 61 62] [ 3425  5756  6111  2987  3023  8980 10186  2845  5490  2434  4125  3917
  5160  2383  9334  5230  1678 11693  2218  4921  5359  4815  1941  3280
  3774  2458  5599  4076  2820  7142  3082  6021  8835] [] 1716437425.4486527443
[-1  1  1  1 -1  1  1  1  1  1  1  1  1 -1  1  1  1 -1 -1  1 -1  1  1 -1
 -1 -1 -1  1 -1 -1 -1  1  1] [ 3 10 11 18 19 20 21 26 27 28 29 34 35 36 37 41 42 43 44 45 46 47 50 51
 52 53 54 55 57 59 60 61 62] [ 3431  5725  6089  2935  3055  8888 10096  2815  5404  2429  4106  3883
  5143  2403  9158  5214  1664 11742  2221  4847  5384  4804  1918  3356
  3808  2468  5606  4057  2828  7364  3135  5972  8650] [] 1716437425.4917073250
[-1 -1 -1 -1  1 -1 -1  1 -1 -1 -1 -1 -1  1 -1  1 -1 -1 -1 -1 -1 -1 -1  1
 -1 -1 -1 -1 -1 -1 -1 -1 -1] [ 3 10 11 18 19 20 21 26 27 28 29 34 35 36 37 41 42 43 44 45 46 47 50 51
 52 53 54 55 57 59 60 61 62] [ 3469  5900  6171  2943  3011  8937 10097  2782  5409  2471  4169  3895
  5179  2392  9300  5158  1690 12256  2291  5277  5764  5236  1969  3354
  3854  2499  5726  4142  2957  8394  3222  6004  9988] [] 1716437425.5347597599
[-1 -1 -1 -1 -1 -1 -1 -1 -1  1 -1  1 -1 -1 -1 -1 -1 -1 -1 -1 -1 -1 -1 -1
 -1 -1 -1 -1 -1 -1 -1  1 -1] [ 3 10 11 18 19 20 21 26 27 28 29 34 35 36 37 41 42 43 44 45 46 47 50 51
 52 53 54 55 57 59 60 61 62] [ 3557  6523  6598  3031  3037  9068 10128  2815  5429  2454  4422  3872
  5187  2487  9958  5393  1718 13222  2298  5290  5836  6194  1986  3474
  3942  2527  5777  4332  3123  9079  3287  5926 11784] [] 1716437425.5777113438
[-1 -1 -1 -1 -1 -1  1 -1 -1 -1 -1 -1 -1 -1 -1 -1 -1 -1 -1 -1 -1 -1 -1 -1
 -1 -1 -1 -1 -1 -1 -1  1] [ 3 10 11 18 19 20 21 26 27 28 29 34 35 36 37 41 42 43 44 45 46 47 50 51
 52 53 54 55 57 59 60 61] [ 3627  8265  8111  3175  3085  9181  9996  2855  5440  2514  4827  3934
  5854  2532  9984  5542  1812 15725  2344  5882  6599  7494  2060  3795
  4072  2621  5779  4817  3426  9111  3414  5859] [] 1716437425.6206386089
[-1 -1 -1 -1 -1 -1  1 -1 -1 -1 -1 -1  1 -1  1 -1 -1 -1 -1  1 -1 -1 -1 -1
 -1 -1 -1 -1 -1 -1 -1 -1] [ 3 10 11 18 19 20 21 26 27 28 29 34 35 36 37 41 42 43 44 45 46 47 50 51
 52 53 54 55 57 59 60 61] [ 4012  8918  8913  3359  3123 10672  9980  2924  5466  2707  5133  4117
  5759  2623  9914  6241  1852 15929  2390  5869  6949  9250  2146  4004
  4175  2652  6955  5260  3797  9203  3571  5918] [] 1716437425.6637749672
[-1 -1 -1 -1 -1 -1 -1 -1 -1 -1 -1 -1 -1 -1  1 -1 -1 -1 -1 -1 -1 -1 -1 -1
 -1 -1 -1 -1 -1 -1 -1 -1] [ 3 10 11 18 19 20 21 26 27 28 29 34 35 36 37 41 42 43 44 45 46 47 50 51
 52 53 54 55 57 59 60 61] [ 4079 11512  8980  3627  3180 10902 10006  3163  5555  2789  5214  4318
  5791  2775  9899  6776  1920 16051  2430  6261  7840 12758  2298  4061
  4222  2706  7150  6149  4137  9794  3751  5922] [] 1716437425.7067658901
[-1 -1 -1 -1 -1 -1 -1 -1 -1 -1 -1 -1  1 -1  1 -1 -1 -1 -1 -1 -1 -1 -1 -1
 -1 -1 -1 -1 -1] [ 3 10 11 18 19 20 21 26 27 28 29 34 35 36 37 41 42 44 45 46 50 51 52 53
 54 55 57 60 61] [ 4162 12278  8983  3898  3342 10944 10131  3239  5635  3006  6637  4436
  5780  2943  9884  8271  2028  2504  6320  7990  2523  4120  4241  2766
  7214  7156  4863  3845  5941] [] 1716437425.7497367859
[-1  1 -1 -1  1 -1 -1  1 -1 -1 -1 -1 -1 -1 -1 -1 -1 -1  1 -1 -1 -1 -1 -1
 -1 -1 -1  1 -1] [ 3 11 18 19 20 21 26 27 28 29 34 35 36 37 41 42 43 44 45 46 50 51 52 53
 54 55 57 60 61] [ 5124  8904  4448  3431 10913 10356  3515  5621  3579  7168  4796  6718
  3102 10111  9285  2080 16275  2580  6243  8130  2563  4324  4282  2861
  7377  7779  5588  3791  6004] [] 1716437425.7924718857
[-1 -1 -1 -1 -1  1 -1 -1 -1 -1  1  1 -1  1 -1 -1  1 -1 -1 -1 -1 -1 -1 -1
 -1 -1 -1 -1 -1] [ 3 11 18 19 20 21 26 27 28 29 34 35 36 37 41 42 43 44 45 46 50 51 52 53
 54 55 57 60 61] [ 5231  8910  5180  3507 11311 10321  3615  5666  3893  7310  4794  6541
  3251 10061 10943  2271 15869  2794  6397  8273  2794  4488  4293  3028
  7468 11194  8120  3833  6069] [] 1716437425.8357365131
[-1 -1 -1 -1 -1 -1 -1 -1 -1 -1  1  1 -1 -1 -1 -1  1 -1  1 -1 -1 -1 -1 -1
  1 -1 -1  1] [ 3 11 18 19 20 21 26 27 28 29 34 35 36 37 41 42 43 44 45 46 50 51 52 53
 54 57 60 61] [ 7463  8911  5968  3645 12102 10501  3781  5762  4619  7769  4684  6501
  3719 10257 11607  2438 15699  3055  6387 11559  3023  5664  4381  3213
  7253 10526  4285  5961] [] 1716437425.8786666393
[-1 -1 -1 -1 -1 -1 -1 -1 -1 -1 -1  1 -1 -1 -1 -1 -1 -1  1 -1  1 -1 -1  1
 -1 -1  1] [ 3 11 18 19 20 21 26 27 28 29 34 35 36 37 41 42 43 44 45 50 51 52 53 54
 57 60 61] [ 8123  8939  6776  3863 12848 10666  3911  5810  5197  8094  4715  6388
  3970 12455 11780  2574 15973  3157  6303  3096  5648  4623  3346  7177
 13116  4374  5958] [] 1716437425.9217514992
[-1 -1 -1 -1 -1 -1 -1 -1 -1  1 -1  1 -1 -1 -1 -1  1 -1 -1 -1 -1 -1 -1 -1
 -1 -1 -1] [ 3 11 18 19 20 21 26 27 28 29 34 35 36 37 41 42 43 44 45 50 51 52 53 54
 57 60 61] [14961  9039  6881  3978 13065 10668  4081  5912  5521  8081  4777  6237
  4439 13176 12065  2922 14741  3372  6483  3455  5909  4997  3699  9105
 16242  4738  6046] [] 1716437425.9645247459
[-1 -1 -1 -1 -1 -1 -1 -1 -1 -1 -1 -1 -1 -1 -1  1 -1  1 -1 -1 -1 -1 -1 -1
 -1] [11 18 19 20 21 26 27 28 29 34 35 36 37 41 42 43 44 45 50 51 52 53 54 60
 61] [ 9059 10578  4191 13546 11058  4673  6078  7320  8279  5301  6564  4929
 13247 12182  3062 14639  3432  6423  3556  6040  5075  3899  9334  4971
  6200] [] 1716437426.0077378750
[-1 -1 -1 -1 -1 -1 -1 -1 -1 -1 -1 -1 -1 -1 -1 -1 -1 -1 -1 -1 -1  1 -1 -1] [11 18 19 20 21 26 27 28 29 34 35 36 41 42 43 44 45 50 51 52 53 54 60 61] [ 9227 11064  4416 13910 11107  6149  6425  9170 10661  6347  6797  5410
 12241  3276 14661  3643  6846  3926  6881  5559  4106  9261  5635  6354] [] 1716437426.0507690907
[-1 -1 -1 -1 -1 -1 -1 -1 -1  1 -1 -1 -1  1 -1 -1 -1 -1 -1 -1 -1 -1 -1] [11 18 19 20 26 27 28 29 34 35 36 41 42 43 44 45 50 51 52 53 54 60 61] [ 9388 11987  5082 14791  8125  7016 10003 10670  6490  6700  5951 12401
  3466 14304  3834  7602  4018  6958  5794  4269 11793  6644  6438] [] 1716437426.0936522484
[-1 -1 -1 -1 -1 -1 -1 -1 -1  1 -1 -1 -1 -1 -1 -1 -1 -1 -1 -1 -1 -1 -1] [11 18 19 20 26 27 28 29 34 35 36 41 42 43 44 45 50 51 52 53 54 60 61] [ 9571 12031  5611 15918  8410  8298 10797 10733  7051  6558  6457 12881
  3772 14400  4061  7823  4491  7083  6334  4450 12155 11895  6522] [] 1716437426.1366641521
[-1 -1 -1 -1 -1  1 -1 -1 -1 -1 -1 -1 -1 -1  1 -1 -1 -1] [11 19 20 26 27 28 29 34 35 36 42 44 45 50 51 52 53 61] [ 9620  6361 16328  8627  8462 10711 11026  8305  6826  7197  4148  4384
  8166  4709  7000  6900  4630  6605] [] 1716437426.1797564030
[-1 -1 -1 -1  1 -1 -1 -1 -1 -1 -1 -1 -1 -1 -1 -1 -1] [11 19 26 27 28 29 34 35 36 42 44 45 50 51 52 53 61] [10015  7609  8864  9903 10650 11533  9633  7165  8686  5018  4740  8395
  5034  7087 11081  5414  6839] [] 1716437426.2226819992
[-1 -1 -1 -1  1  1 -1 -1 -1 -1 -1 -1 -1 -1 -1 -1] [11 19 26 27 28 34 35 36 42 44 45 50 51 52 53 61] [15425  7923 10831 10409 10646  9624  7308 10363  5490  4815 10560  5569
  7481 15427  5693  6954] [] 1716437426.2656297684
[-1 -1 -1  1 -1 -1 -1 -1 -1 -1 -1 -1 -1 -1] [19 26 27 28 34 35 36 42 44 45 50 51 53 61] [ 9879 11028 13026 10606 12171  7980 11958  5815  5145 10684  6433  8313
  5939  7202] [] 1716437426.3086459637
[-1  1 -1 -1 -1 -1 -1 -1 -1 -1 -1 -1 -1] [19 26 27 28 34 35 36 42 44 45 50 51 53] [ 9969 10970 13372 10754 12191  8509 14489  6928  5496 10842  6931  8484
  6125] [] 1716437426.3516907692
[-1 -1  1 -1 -1 -1 -1 -1 -1 -1 -1 -1] [19 26 27 28 34 35 42 44 45 50 51 53] [10365 11429 13292 10883 12573  8697  7389  6007 10990  7051  8708  6449] [] 1716437426.3946614265
[-1 -1 -1 -1  1 -1 -1 -1 -1 -1 -1] [19 26 27 28 34 35 42 44 45 50 53] [10494 12126 13402 10982 12446 11330  8319  8136 11386  9577  7178] [] 1716437426.4376053810
[ 1  1 -1 -1 -1 -1 -1 -1] [27 28 35 42 44 45 50 53] [12999 10823 11956  9892  9011 11471  9641  7910] [] 1716437426.4804239273
[-1 -1 -1 -1  1  1 -1] [28 35 42 44 45 50 53] [10946 12928  9953  9202 11450  9613 11923] [] 1716437426.5237185955
[-1 -1 -1 -1  1  1] [28 35 42 44 45 50] [11413 13256 10495 11989 11141  9595] [] 1716437426.5665855408
[-1 -1 -1 -1  1] [28 42 44 45 50] [11803 10501 12005 11208  9582] [] 1716437426.6096072197
[-1  1 -1 -1  1] [28 42 44 45 50] [11955 10055 12269 11382  9556] [] 1716437426.6525418758
[ 1 -1 -1 -1 -1] [28 42 44 45 50] [11911 10848 12377 11528  9717] [] 1716437426.6955890656
[ 1 -1 -1 -1] [28 42 44 50] [11900 11341 12716 10294] [] 1716437426.7385935783
[ 1  1 -1] [28 42 44] [11681 10863 12996] [] 1716437426.7815895081
[1] [42] [10576] [] 1716437426.8245358467
[-1 -1] [42 44] [11040 13157] [] 1716437426.8675112724
[-1  1] [42 44] [11133 12671] [] 1716437426.9105720520
[-1 -1] [42 44] [11186 12915] [] 1716437426.9535503387
[1] [42] [10492] [] 1716437426.9965226650
[-1 -1] [42 44] [11079 12693] [] 1716437427.0396161079
[ 1 -1] [42 44] [10718 12908] [] 1716437427.0826489925
[-1  1] [42 44] [11295 12871] [] 1716437427.1257250309
2 2 2 1716437427.1260132790
