FA TAX ADC PRES TS
[-1] [42] [12959] [] 1716437775.8476147652
[1] [42] [12233] [] 1716437775.8905925751
[1] [42] [11513] [] 1716437775.9335899353
[-1 -1] [42 50] [11810 10774] [] 1716437775.9765288830
[-1 -1  1] [42 44 50] [11940 14323 10522] [] 1716437776.0195708275
[1 1 1] [42 44 50] [11734 13403 10027] [] 1716437776.0625915527
[1 1 1] [42 44 50] [10617 13040  9993] [] 1716437776.1054883003
[1 1 1] [42 44 50] [10501 12724  9770] [] 1716437776.1484706402
[-1 -1  1 -1 -1] [34 42 44 45 50] [12096 10525 10781 12362 10025] [] 1716437776.1915636063
[-1 -1  1  1  1  1] [32 34 42 44 45 50] [13981 12297 10401 10581  9108  7696] [] 1716437776.2345645428
[-1  1  1  1  1 -1  1] [18 32 34 42 44 45 50] [15166 12369 10765 10161 10348  9297  7591] [] 1716437776.2775101662
[ 1 -1  1  1  1  1 -1  1 -1] [18 28 32 34 42 44 45 50 53] [11988 13280 12329 10765  7871 10184 11907  7380 11235] [] 1716437776.3204853535
[ 1 -1  1  1  1  1  1  1  1 -1  1] [18 27 28 32 34 42 44 45 50 51 53] [11885 15806 12467 12049  9026  7338  8958 11724  6379 11998  7663] [] 1716437776.3635852337
[ 1 -1  1  1  1 -1 -1  1  1  1  1  1  1] [18 19 27 28 32 34 35 42 44 45 50 51 53] [11878 11242 13705 12247 11321  9051 15860  6078  7468 11306  5710 11474
  6229] [] 1716437776.4065818787
[ 1  1  1  1  1  1  1 -1  1  1  1  1  1  1] [18 19 27 28 32 34 35 41 42 44 45 50 51 53] [11383 10632 13399 11860 10368  8749 11259 12794  5210  5328 11019  5318
 11074  5696] [] 1716437776.4495148659
[-1  1 -1  1  1  1  1  1  1  1  1  1  1 -1  1 -1] [18 19 27 28 32 34 35 41 42 44 45 50 51 52 53 61] [11510 10438 13682 11783  9703  7477 10534 12634  4281  4926  8819  5131
  8666 15953  5630  7438] [] 1716437776.4925456047
[ 1  1  1  1  1  1  1  1  1  1  1  1  1  1  1 -1  1] [18 19 27 28 32 34 35 41 42 44 45 50 51 52 53 60 61] [11446 10271 13537 11675  8726  7325 10363 12287  3651  4383  8585  4649
  8405 10589  5206 11356  7287] [] 1716437776.5356223583
[ 1  1  1  1  1  1  1 -1  1  1  1  1  1  1  1  1  1  1] [18 19 27 28 32 34 35 36 41 42 44 45 50 51 52 53 60 61] [11052  7201 13138 11441  8206  6784  9778 15254 12077  3344  4210  8483
  4339  7244  8368  5044  8961  7071] [] 1716437776.5786082745
[-1  1 -1  1  1  1  1  1  1  1  1  1  1  1  1  1  1  1  1] [18 19 26 27 28 32 34 35 36 41 42 44 45 50 51 52 53 60 61] [11072  6470 13624  9124 11313  7817  5733  8809 12383 11941  3080  3948
  8310  3968  6374  7875  4671  6779  6802] [] 1716437776.6215202808
[-1  1  1 -1  1  1  1  1  1  1  1  1  1  1  1  1  1  1  1  1  1] [11 18 19 20 26 27 28 32 34 35 36 41 42 44 45 50 51 52 53 60 61] [10222 11049  5661 15621  9697  8861 11221  7230  5477  8316 10032 11636
  2676  3669  8062  3842  6201  6687  4433  6186  6629] [] 1716437776.6645379066
[ 1  1  1  1  1  1  1 -1  1  1 -1  1  1  1  1  1  1  1  1  1 -1  1  1] [11 18 19 20 26 27 28 29 32 34 35 36 41 42 44 45 50 51 52 53 54 60 61] [10040 10952  5288 14650  9320  8521 11096 11603  7143  5111  8746  8723
 10318  2543  3478  8053  3679  6138  6334  4351 12460  5237  6544] [] 1716437776.7075996399
[ 1  1  1  1  1  1  1  1  1  1 -1  1  1  1  1  1 -1  1  1  1  1  1  1  1] [11 18 19 20 26 27 28 29 32 34 35 36 41 42 44 45 46 50 51 52 53 54 60 61] [ 9891  8667  4821 14175  8918  7209 11035 11110  6970  4485  8992  7709
  7496  2346  3216  6578 11725  3294  5369  6057  4075 11855  4907  6372] [] 1716437776.7506375313
[ 1  1  1  1 -1  1  1  1 -1 -1  1  1  1  1  1  1  1  1  1  1  1  1  1 -1
  1  1] [11 18 19 20 21 26 27 28 29 32 34 35 36 41 42 44 45 46 50 51 52 53 54 57
 60 61] [ 9498  7266  4501 13470 11706  8691  6724 11011 11182  7087  4295  6529
  6422  7237  2250  3071  6359 10803  3232  5268  5557  3858 11146 10435
  4660  6251] [] 1716437776.7936537266
[ 1  1  1  1  1  1  1  1  1  1  1  1  1  1  1  1  1  1  1  1  1  1  1  1
  1 -1] [11 18 19 20 21 26 27 28 29 32 34 35 36 41 42 44 45 46 50 51 52 53 54 57
 60 61] [ 9322  7006  4295 13009 11345  8347  6534  9675 11033  6839  4002  6441
  5374  6232  2139  2879  6186  8834  2806  4616  5386  3728  7540  7137
  4264  6259] [] 1716437776.8365528584
[1 1 1 1 1 1 1 1 1 1 1 1 1 1 1 1 1 1 1 1 1 1 1 1 1 1] [11 18 19 20 21 26 27 28 29 32 34 35 36 41 42 44 45 46 50 51 52 53 54 57
 60 61] [ 9199  6735  4030 12800 11209  7349  6271  9434 10660  6672  3748  6335
  4715  6092  2072  2777  6134  8687  2682  4330  5294  3586  7374  6657
  4052  6208] [] 1716437776.8796226978
[-1  1  1 -1  1  1  1  1  1 -1  1  1  1  1  1  1  1  1  1  1  1 -1  1  1
  1 -1 -1  1] [ 3 11 18 19 20 21 26 27 28 29 32 34 35 36 41 42 44 45 46 50 51 52 53 54
 57 59 60 61] [14333  9169  6668  4041 10547 11047  6273  6195  7552 10878  6327  3702
  6166  4611  5226  1968  2694  5952  8453  2530  4089  5305  3353  7231
  5833 12071  4150  6200] [] 1716437776.9226648808
[ 1 -1 -1  1  1 -1  1  1  1  1  1  1  1 -1  1  1  1 -1  1  1  1  1  1  1
  1  1  1  1  1  1] [ 3 10 11 18 19 20 21 26 27 28 29 32 34 35 36 41 42 43 44 45 46 50 51 52
 53 54 57 59 60 61] [ 8827 15517  9245  5884  3848 12003 10835  5179  6108  6037  8366  5946
  3402  6313  4266  4440  1868 12338  2551  5902  8272  2391  4047  4850
  3076  7076  4942  9272  3872  6079] [] 1716437776.9655773640
[ 1  1  1  1  1  1  1  1  1  1  1  1  1 -1  1  1  1  1  1  1  1  1  1  1
  1  1  1  1  1  1] [ 3 10 11 18 19 20 21 26 27 28 29 32 34 35 36 41 42 43 44 45 46 50 51 52
 53 54 57 59 60 61] [ 5807 12802  9218  4765  3817  9966 10713  4599  5847  4836  7169  5234
  3182  6337  3804  3996  1836 11058  2504  5750  8049  2328  3988  4694
  3011  5889  4507  9269  3745  6005] [] 1716437777.0084674358
[ 1  1  1  1  1  1 -1  1  1  1  1  1  1  1  1 -1  1  1  1  1  1  1  1  1
  1  1 -1 -1  1 -1  1 -1] [ 3 10 11 18 19 20 21 26 27 28 29 32 34 35 36 37 41 42 43 44 45 46 50 51
 52 53 54 55 57 59 60 61] [ 5647 12230  9124  4581  3678  9605 10842  4159  5749  4488  6057  5051
  3055  6255  3610 16346  3698  1720 10754  2447  5656  7159  2263  3870
  4669  2990  6072  9929  4051  9292  3682  6047] [] 1716437777.0516440868
[ 1  1  1  1  1  1  1  1  1  1  1  1  1  1  1  1  1  1  1  1  1  1  1  1
  1  1  1  1  1 -1  1  1 -1] [ 3 10 11 18 19 20 21 26 27 28 29 32 34 35 36 37 41 42 43 44 45 46 50 51
 52 53 54 55 57 58 59 60 61] [ 4501 11040  8294  4077  3447  9450 10678  3857  5640  3957  5514  4997
  2795  6107  3322 12607  3596  1666 10607  2373  5431  6063  2238  3844
  4450  2894  5919  7546  3671 11615  8548  3579  6076] [] 1716437777.0946788788
[ 1  1  1  1  1  1  1  1 -1  1  1  1 -1  1  1  1 -1  1  1  1  1 -1  1  1
  1  1  1  1  1  1  1  1 -1  1] [ 3 10 11 18 19 20 21 26 27 28 29 32 33 34 35 36 37 41 42 43 44 45 46 50
 51 52 53 54 55 57 58 59 60 61] [ 4405 10747  7705  3779  3369  9391 10666  3591  5646  3634  5405  4751
 14548  2765  6015  3223 16374  3467  1614 10421  2328  5558  5984  2129
  3694  4409  2668  5147  6967  3368 11201  7204  3613  5994] [] 1716437777.1376416683
[ 1  1  1  1  1  1  1  1  1  1  1  1  1  1  1  1  1  1  1  1  1  1 -1 -1
  1  1  1  1  1 -1 -1  1  1  1] [ 3 10 11 18 19 20 21 26 27 28 29 32 33 34 35 36 37 41 42 43 44 45 46 50
 51 52 53 54 55 57 58 59 60 61] [ 4134  9949  7273  3589  3245  8857 10541  3347  5583  3371  4983  4658
 13734  2608  5688  3087 12073  3426  1599 10325  2320  4990  5990  2130
  3657  4392  2661  5145  6941  3373 11275  6973  3587  5959] [] 1716437777.1806094646
[-1  1  1  1  1  1  1  1 -1  1  1 -1  1  1  1  1  1 -1  1  1  1  1  1  1
  1  1  1  1 -1  1  1  1  1  1] [ 3 10 11 18 19 20 21 26 27 28 29 32 33 34 35 36 37 41 42 43 44 45 46 50
 51 52 53 54 55 57 58 59 60 61] [ 4171  9798  6981  3556  3201  8418 10499  3311  5584  3335  4878  4673
 13422  2554  5454  3000 11916  3480  1599 10233  2293  4864  5930  2068
  3640  4312  2661  5136  6957  3342 11181  6919  3580  5948] [] 1716437777.2236244678
[ 1  1  1  1  1  1  1  1  1  1  1  1  1  1  1  1 -1  1  1  1  1  1  1  1
  1  1  1 -1 -1  1  1  1  1 -1] [ 3 10 11 18 19 20 21 26 27 28 29 32 33 34 35 36 37 41 42 43 44 45 46 50
 51 52 53 54 55 57 58 59 60 61] [ 4110  9734  6900  3506  3179  8087 10450  3263  5565  3311  4870  4639
 13385  2531  5432  2973 12026  3446  1580 10219  2279  4819  5904  2049
  3571  4222  2621  5160  6964  3323 11157  6821  3571  5953] [] 1716437777.2666018009
[ 1  1  1  1 -1  1  1  1 -1  1  1  1 -1  1 -1 -1  1 -1  1  1  1  1 -1  1
 -1  1  1  1 -1  1 -1 -1 -1  1] [ 3 10 11 18 19 20 21 26 27 28 29 32 33 34 35 36 37 41 42 43 44 45 46 50
 51 52 53 54 55 57 58 59 60 61] [ 4106  9681  6792  3503  3201  7911 10368  3229  5588  3263  4770  4519
 13409  2520  5449  3002 11936  3457  1576  9937  2274  4811  5957  2046
  3613  4215  2615  5115  7061  3319 11252  6891  3577  5937] [] 1716437777.3096475601
[ 1  1 -1 -1  1  1  1  1 -1 -1 -1 -1  1  1 -1  1 -1 -1 -1 -1 -1 -1 -1 -1
 -1 -1 -1 -1 -1 -1  1  1] [ 3 10 11 18 19 20 21 26 27 28 29 32 33 34 35 36 37 41 42 43 44 45 46 50
 51 52 53 54 57 59 60 61] [ 4095  9595  6823  3507  3176  7902 10345  3228  5603  3295  4896  4571
 13357  2514  5470  2968 11960  3482  1612 10222  2301  5322  6811  2063
  3684  4341  2618  5316  3480  8089  3561  5841] [] 1716437777.3526046276
[-1 -1 -1 -1  1 -1  1 -1  1 -1 -1  1 -1 -1 -1 -1 -1 -1 -1 -1 -1 -1  1 -1
 -1 -1 -1 -1 -1 -1 -1 -1] [ 3 10 11 18 19 20 21 26 27 28 29 32 33 34 35 36 37 41 42 43 44 45 46 50
 51 52 53 54 57 59 60 61] [ 4321  9804  7529  3627  3162  8783 10293  3341  5599  3395  5324  4450
 13394  2628  5617  3098 11962  3606  1650 10236  2326  5380  6805  2103
  3740  4358  2657  5731  3635  9087  3657  5865] [] 1716437777.3956186771
[-1 -1 -1 -1 -1 -1 -1 -1  1 -1 -1 -1 -1 -1 -1 -1 -1 -1 -1 -1 -1 -1 -1 -1
 -1 -1 -1 -1 -1 -1  1 -1] [ 3 10 11 18 19 20 21 26 27 28 29 32 33 34 35 36 37 41 42 43 44 45 46 50
 51 52 53 54 57 59 60 61] [ 4382 10294  8218  3919  3300  8930 10350  3565  5510  3616  5406  4506
 13434  2707  5983  3176 12008  3811  1696 10384  2391  5416  7760  2181
  3937  4444  2788  5803  3867  9123  3647  5873] [] 1716437777.4386007786
[-1 -1 -1 -1 -1 -1 -1 -1 -1 -1 -1 -1 -1 -1  1 -1 -1 -1 -1 -1 -1 -1 -1 -1
 -1  1 -1 -1 -1 -1 -1 -1] [ 3 10 11 18 19 20 21 26 27 28 29 32 33 34 35 36 37 41 42 43 44 45 46 50
 51 52 53 54 57 59 60 61] [ 5263 11217  9008  4244  3519  9030 10476  3887  5583  4099  6831  4647
 13552  2831  5978  3293 12543  4480  1756 10816  2431  5441  7839  2270
  3954  4390  2908  6940  4201  9278  3670  5918] [] 1716437777.4815824032
[-1 -1 -1 -1 -1 -1 -1 -1 -1 -1 -1 -1 -1 -1 -1 -1 -1 -1 -1 -1 -1  1 -1 -1
 -1 -1 -1 -1 -1] [ 3 10 11 18 19 20 21 26 27 28 29 32 34 35 36 41 42 44 45 46 50 51 52 53
 54 57 59 60 61] [ 7778 13289  9029  4619  3587  9162 10525  4243  5629  4544  6979  5049
  2982  6114  3468  4898  1798  2453  5801  8117  2362  3953  4736  3296
  7185  5285 15155  3783  5942] [] 1716437777.5244987011
[-1  1 -1 -1 -1 -1 -1 -1 -1 -1 -1 -1  1 -1 -1 -1 -1 -1 -1 -1 -1 -1 -1 -1
 -1  1 -1] [10 11 18 19 20 21 26 27 28 29 32 34 35 36 41 42 44 45 46 50 51 52 53 54
 57 60 61] [15471  8940  5675  3652  9464 10676  4535  5649  5302  8090  5583  3104
  5996  3847  5868  1884  2520  5864  8313  2426  3985  4821  3392  8761
  5685  3740  5983] [] 1716437777.5675513744
[ 1 -1 -1 -1 -1 -1 -1 -1 -1 -1 -1  1 -1 -1 -1 -1 -1 -1 -1 -1 -1 -1 -1 -1
 -1 -1] [11 18 19 20 21 26 27 28 29 32 34 35 36 41 42 44 45 46 50 51 52 53 54 57
 60 61] [ 8912  5989  3682  9551 10806  5167  5682  6465  8122  5865  3378  5906
  3939  6031  1986  2616  5867 11257  2634  4223  4965  3572 11959  8002
  3791  6048] [] 1716437777.6105506420
[-1 -1 -1 -1 -1 -1 -1 -1 -1 -1 -1 -1 -1 -1 -1 -1 -1 -1 -1 -1 -1 -1 -1 -1] [11 18 19 20 21 26 27 28 29 32 34 35 36 41 42 44 45 50 51 52 53 57 60 61] [ 9077  6761  3855 11492 10815  6895  5849  9199  8229  6045  3492  5917
  4234  7145  2096  2863  5930  2991  5610  5295  3747 15990  3998  6141] [] 1716437777.6534495354
[-1 -1 -1 -1 -1 -1 -1 -1 -1 -1 -1 -1 -1 -1 -1 -1 -1 -1  1 -1 -1 -1 -1] [11 18 19 20 21 26 27 28 29 32 34 35 36 41 42 44 45 50 51 52 53 60 61] [ 9332  7027  4090 12129 11325  8016  6171 10679 10854  6216  3806  6040
  4771  7914  2150  2944  5967  3059  5457  5523  3916  4148  6278] [] 1716437777.6964657307
[-1 -1 -1 -1 -1 -1  1  1 -1 -1 -1 -1 -1 -1 -1 -1 -1  1 -1 -1 -1 -1] [11 18 19 20 26 27 28 29 32 34 35 36 41 42 44 45 50 51 52 53 60 61] [ 9372  7901  4199 12426  8275  6210 10637 10754  6271  3894  6073  5051
  8802  2312  3170  6069  3276  5452  5919  4037  4786  6591] [] 1716437777.7395441532
[-1 -1 -1 -1 -1 -1 -1 -1 -1 -1 -1 -1 -1 -1 -1 -1 -1 -1 -1 -1 -1 -1] [11 18 19 20 26 27 28 29 32 34 35 36 41 42 44 45 50 51 52 53 60 61] [ 9779 10657  4543 13388  8454  6412 10817 13233  6482  4219  6665  6074
 11759  2479  3368  6207  3681  6260  6115  4557  5183  6809] [] 1716437777.7825441360
[-1 -1 -1 -1 -1 -1 -1 -1 -1 -1 -1 -1 -1 -1 -1 -1 -1 -1 -1 -1] [18 19 20 26 27 28 32 34 35 36 41 42 44 45 50 51 52 53 60 61] [10955  4714 13651  8874  7234 10839  6800  4430  6736  6996 11887  2774
  3623  6466  3790  6516  7346  4706  5832  7056] [] 1716437777.8254578114
[-1 -1 -1 -1 -1 -1 -1 -1 -1 -1 -1 -1 -1 -1 -1 -1 -1 -1 -1] [18 19 20 26 27 28 32 34 35 36 41 42 44 45 50 51 52 53 60] [11011  5177 15890  9394  7340 10909  7339  5429  6968  8152 11973  2981
  3786  6648  4070  7219 10695  4791  6931] [] 1716437777.8685147762
[ 1 -1 -1 -1 -1 -1 -1 -1 -1 -1 -1 -1 -1 -1 -1 -1 -1] [18 19 27 28 32 34 35 36 41 42 44 45 50 51 52 53 60] [10874  6161  8705 10954  7621  5884  8566  9586 12163  3304  4326  7021
  4283  7258 11791  5256  8323] [] 1716437777.9114580154
[-1 -1 -1 -1 -1 -1 -1 -1 -1 -1 -1 -1 -1 -1 -1] [18 19 27 28 32 34 35 36 41 42 44 45 50 51 53] [10996  9349 10968 11135  8127  6580  9143 13291 12539  4186  4996  8359
  4798  8420  7517] [] 1716437777.9544196129
[ 1 -1 -1 -1 -1 -1 -1 -1 -1 -1 -1 -1 -1 -1] [18 19 27 28 32 34 35 36 42 44 45 50 51 53] [10906 10200 11206 11261  8665  7106  9463 14701  5042  5547  8682  5076
  8720 14939] [] 1716437777.9974405766
[-1 -1 -1 -1 -1 -1 -1 -1 -1 -1 -1 -1] [18 19 27 28 32 34 35 42 44 45 50 51] [11386 10796 13415 11645  8923  7423  9805  5714  7184 11561  5591 11371] [] 1716437778.0404019356
[-1 -1 -1 -1 -1 -1 -1 -1 -1 -1 -1] [18 19 27 28 32 34 35 42 44 45 50] [12183 11125 13799 12536  9759  7911 10877  7332  8849 11590  7125] [] 1716437778.0834345818
[-1 -1 -1 -1 -1  1] [32 34 35 42 44 50] [11629  8581 15040  7834  9587  7023] [] 1716437778.1263549328
[ 1 -1 -1 -1 -1  1] [32 34 35 42 44 50] [11514 10189 15303  7998  9752  6995] [] 1716437778.1694021225
[-1  1 -1 -1 -1] [34 35 42 44 50] [12429 15167  9575  9861  7311] [] 1716437778.2123849392
[-1 -1] [42 50] [9859 7391] [] 1716437778.2553672791
[-1 -1] [42 50] [10479  7895] [] 1716437778.2983360291
[1] [42] [10189] [] 1716437778.3413305283
[-1] [42] [12189] [] 1716437778.3843152523
[-1] [42] [13671] [] 1716437778.4273548126
2 2 2 1716437779.8114168644
