FA TAX ADC PRES TS
[-1 -1] [42 51] [12813 11693] [] 1716439136.2362236977
[ 1 -1  1] [42 44 51] [12542 13745 11506] [] 1716439136.2793474197
[1 1] [42 51] [12159  9060] [] 1716439136.3223428726
[ 1 -1  1] [42 45 51] [ 9582 12053  8147] [] 1716439136.3653044701
[1 1 1] [42 45 51] [ 7437 11538  7556] [] 1716439136.4082562923
[ 1 -1  1  1 -1] [42 44 45 51 53] [ 6690 14179  9703  7332 14539] [] 1716439136.4513995647
[1 1 1 1 1] [42 44 45 51 53] [ 6311 13641  9559  7044 12307] [] 1716439136.4942526817
[1 1 1 1 1] [42 44 45 51 53] [ 5658 13257  9041  6668 11487] [] 1716439136.5373773575
[ 1  1 -1 -1 -1  1 -1] [42 44 45 50 51 53 61] [ 5516 13075  9304 10339  6905 10324  8983] [] 1716439136.5803689957
[ 1  1  1  1  1  1 -1  1] [42 44 45 50 51 53 54 61] [ 5236 11490  9175 10311  6829  9206 13197  8432] [] 1716439136.6233832836
[-1  1 -1  1  1  1  1  1  1] [28 42 44 45 50 51 53 54 61] [12477  4973 11492  8851 10190  6493  8060 12662  8119] [] 1716439136.6663372517
[1 1 1 1 1 1 1 1 1] [28 42 44 45 50 51 53 54 61] [11831  4782 10493  8078 10141  6161  7715 12544  7895] [] 1716439136.7093243599
[1 1 1 1 1 1 1 1 1] [28 42 44 45 50 51 53 54 61] [11567  4485  9229  7604  9948  5608  7199 12237  7552] [] 1716439136.7523388863
[ 1 -1 -1  1 -1  1  1  1  1] [28 42 44 45 50 51 53 54 61] [11412  4508  9356  7521 10096  5092  7023 12069  7518] [] 1716439136.7954072952
[-1 -1  1  1  1 -1  1  1  1 -1  1] [27 28 42 44 45 50 51 53 54 57 61] [13324 11510  4396  7831  7335 10121  5082  6295 11867 10687  7277] [] 1716439136.8383693695
[-1  1 -1  1  1  1  1  1  1  1 -1  1] [27 28 34 42 44 45 50 51 53 54 57 61] [13365 11404 12742  4249  7453  7011  9953  4785  5910 11615 14210  7001] [] 1716439136.8813650608
[ 1  1  1  1  1 -1 -1 -1  1 -1 -1 -1  1 -1] [27 28 34 42 44 45 46 50 51 53 54 55 57 61] [13256 11242  9650  4199  7434  7165 12761 10017  4735  6027 12014 12335
 11747  7188] [] 1716439136.9243316650
[ 1 -1  1  1  1  1  1  1  1 -1  1  1  1  1 -1  1] [27 28 34 42 44 45 46 50 51 52 53 54 55 57 60 61] [13213 11368  8884  3937  6683  6948 11777  9865  4618 14931  5820 11704
 11074 10057 16363  6934] [] 1716439136.9674456120
[-1  1  1  1  1  1  1  1  1  1  1  1  1  1  1  1] [27 28 34 42 44 45 46 50 51 52 53 54 55 57 60 61] [13314 11263  7596  3862  6433  6759 11429  7687  4312 14421  5453 11613
  8638  8959 11683  6821] [] 1716439137.0104453564
[-1 -1  1 -1 -1 -1 -1  1 -1  1  1  1  1 -1 -1  1  1  1  1] [26 27 28 34 35 41 42 44 45 46 50 51 52 53 54 55 57 60 61] [13430 13588 11205  7628 15451 13215  4023  6375  6797 11254  7234  4294
 12972  5469 11631  7214  7526  8555  6791] [] 1716439137.0533351898
[-1  1 -1 -1 -1 -1  1  1  1  1  1  1  1  1  1  1  1  1  1  1  1] [19 26 27 28 29 34 35 41 42 44 45 46 50 51 52 53 54 55 57 60 61] [10953 13308 14085 11638 12842  7839 12093 12935  3774  5910  6627 11147
  7155  4118 11494  5068 11527  5946  6383  6975  6659] [] 1716439137.0963208675
[1 1 1 1 1 1 1 1 1 1 1 1 1 1 1 1 1 1 1 1 1] [19 26 27 28 29 34 35 41 42 44 45 46 50 51 52 53 54 55 57 60 61] [10580 12924 12509 11276 11639  7086 10576 12785  3543  5655  6426 11141
  7102  3973 10134  4909 11277  4935  5775  6728  6582] [] 1716439137.1394455433
[ 1  1  1  1  1  1  1 -1  1  1  1  1  1  1  1  1  1  1  1 -1  1  1] [19 26 27 28 29 34 35 36 41 42 44 45 46 50 51 52 53 54 55 57 60 61] [10186 12714 11884 11222 11190  6701  9120 16178 12526  3281  5256  6278
 11030  7007  3887  9684  4721 11229  4363  5895  6503  6398] [] 1716439137.1824116707
[ 1  1  1  1  1  1  1  1  1  1  1  1  1  1  1  1  1  1  1  1  1 -1 -1] [19 26 27 28 29 34 35 36 41 42 44 45 46 50 51 52 53 54 55 57 60 61 62] [ 9825 12561 11252 10953 10910  6555  8738 16098  9932  3238  4541  6273
 10983  6873  3794  9330  4512  9075  4224  5034  6446  6444 11398] [] 1716439137.2254025936
[-1  1 -1  1  1  1  1  1  1  1  1  1  1  1  1  1  1  1  1  1  1  1  1  1] [18 19 26 27 28 29 34 35 36 41 42 44 45 46 50 51 52 53 54 55 57 60 61 62] [11670  8015 12592 11117 10837 10750  6259  8525 16029  8220  2982  4285
  6120 10857  6711  3524  8746  4327  7717  3975  4535  6338  6411  9610] [] 1716439137.2683205605
[1 1 1 1 1 1 1 1 1 1 1 1 1 1 1 1 1 1 1 1 1 1 1 1] [18 19 26 27 28 29 34 35 36 41 42 44 45 46 50 51 52 53 54 55 57 60 61 62] [11437  7430 12457 10845 10758 10695  5990  8313 15939  7523  2805  4095
  6002 10754  6189  3376  8367  4227  7425  3556  4217  6239  6366  8945] [] 1716439137.3114063740
[ 1  1  1  1  1 -1  1  1 -1  1  1  1  1  1  1  1  1  1  1  1  1  1  1  1] [18 19 26 27 28 29 34 35 36 41 42 44 45 46 50 51 52 53 54 55 57 60 61 62] [11216  6317 12134 10785  9695 10707  5789  8145 15942  7332  2626  3691
  5511  9096  5754  3129  7914  4144  7104  3270  3761  5672  6186  8378] [] 1716439137.3544127941
[-1  1  1 -1  1  1  1 -1  1  1  1  1  1  1  1  1 -1  1  1  1  1  1  1  1
  1  1  1] [11 18 19 20 26 27 28 29 34 35 36 41 42 44 45 46 47 50 51 52 53 54 55 57
 60 61 62] [10103 11208  6076 16226 12054  8843  9403 10789  5698  7946 14467  7168
  2528  3575  5181  8907 12775  4814  3103  6669  4043  6814  3190  3625
  5598  6133  8232] [] 1716439137.3974156380
[ 1 -1  1  1  1  1  1  1  1  1  1  1  1  1 -1  1  1  1  1  1  1  1 -1  1
 -1  1] [11 18 19 26 27 28 29 34 35 36 41 42 44 45 46 47 50 51 52 53 54 55 57 60
 61 62] [ 9700 11296  5822 11779  8397  8447 10580  5547  7807 14405  7166  2470
  3469  4993  9553 11218  4528  3000  6552  3893  5600  2996  3638  5107
  6146  8050] [] 1716439137.4404265881
[ 1  1  1  1  1  1  1  1  1 -1 -1  1  1  1  1  1  1  1  1  1  1  1  1  1
  1  1  1] [11 18 19 26 27 28 29 34 35 36 37 41 42 44 45 46 47 50 51 52 53 54 55 57
 60 61 62] [ 9546 11006  5389 11552  7127  6546 10515  5177  7758 14556 16333  6982
  2324  3375  4693  8648  8964  4202  2912  6317  3717  5157  2879  3565
  4957  6056  7861] [] 1716439137.4833960533
[ 1 -1  1 -1  1  1  1  1  1  1  1  1  1  1  1  1  1  1  1  1  1  1  1  1
  1  1  1  1] [11 18 19 20 26 27 28 29 34 35 36 37 41 42 44 45 46 47 50 51 52 53 54 55
 57 60 61 62] [ 9471 11046  5283 16194  9204  6957  5530  9226  4675  7527 14335 12974
  6836  2230  3087  4492  8070  7194  3870  2741  6191  3477  4975  2692
  3295  4510  6006  6501] [] 1716439137.5264365673
[ 1  1  1  1  1  1  1  1  1 -1  1  1 -1  1  1  1  1 -1  1  1  1  1  1  1
  1  1  1  1  1] [11 18 19 20 26 27 28 29 34 35 36 37 38 41 42 44 45 46 47 50 51 52 53 54
 55 57 60 61 62] [ 9249 10754  4917 14872  8980  6787  4583  7414  4530  7547 13595 12720
 14268  6659  2191  3011  4050  8153  6224  3754  2658  5315  3292  4669
  2608  3092  4309  5959  5885] [] 1716439137.5694541931
[ 1  1  1  1  1  1  1  1  1  1  1 -1  1  1  1  1  1  1  1  1 -1  1  1  1
  1  1 -1  1  1  1] [11 18 19 20 26 27 28 29 34 35 36 37 38 41 42 44 45 46 47 50 51 52 53 54
 55 57 59 60 61 62] [ 9233 10552  4599 14550  8737  6778  4149  5977  4295  7289 13557 12886
 14235  5731  2102  2937  3929  7689  5580  3581  2680  4757  3186  4519
  2532  3044 11598  4118  5930  5722] [] 1716439137.6123971939
[ 1  1  1  1 -1  1  1  1  1  1 -1  1  1  1  1  1  1  1  1  1  1  1  1  1
  1  1  1  1  1  1  1] [11 18 19 20 23 26 27 28 29 34 35 36 37 38 41 42 44 45 46 47 50 51 52 53
 54 55 57 59 60 61 62] [ 9099 10371  4471 13754 15792  8565  6246  4026  5155  3996  7374 13099
 12848 11850  5328  2047  2854  3597  6846  4941  3411  2608  4565  3096
  4376  2485  2975  8625  4063  5901  5301] [] 1716439137.6553988457
[ 1 -1  1  1 -1  1 -1  1  1  1  1  1 -1  1  1  1  1  1  1  1  1  1 -1  1
  1  1  1  1  1 -1  1] [11 18 19 20 23 26 27 28 29 34 35 36 37 38 41 42 44 45 46 47 50 51 52 53
 54 55 57 59 60 61 62] [ 9056 10528  4433 13311 16271  8277  6303  3759  4912  3594  6941 12255
 13045 10579  5045  1969  2792  3313  6186  4628  3133  2497  4797  2920
  4026  2354  2818  7583  3879  5921  4998] [] 1716439137.6984338760
[ 1  1  1  1 -1  1  1  1  1  1  1  1  1  1  1  1  1  1  1  1  1  1  1  1
 -1  1  1  1 -1  1  1  1  1] [11 18 19 20 21 23 26 27 28 29 34 35 36 37 38 41 42 44 45 46 47 50 51 52
 53 54 55 57 58 59 60 61 62] [ 9010 10354  4236 13079 11343 14700  8165  6012  3543  4900  3350  6749
 11756 12973 10455  4867  1963  2755  3227  6040  4516  3086  2464  4664
  2933  3989  2316  2760 10053  7065  3847  5836  4929] [] 1716439137.7414450645
[ 1  1  1  1 -1  1  1  1  1  1  1  1  1  1  1  1  1  1  1  1  1  1  1  1
  1  1  1  1  1  1  1  1  1] [11 18 19 20 21 23 26 27 28 29 34 35 36 37 38 41 42 44 45 46 47 50 51 52
 53 54 55 57 58 59 60 61 62] [ 8228  8215  4200 12983 11380 14193  8109  5933  3349  4867  3249  6114
 11491 12967  9599  4040  1870  2646  3007  5498  4176  2854  2349  4476
  2843  3629  2271  2671  9549  6587  3727  5830  4818] [] 1716439137.7844202518
[ 1  1  1  1  1  1 -1  1  1  1  1  1  1 -1  1  1  1  1  1  1  1  1  1  1
  1  1  1  1  1  1  1  1  1] [11 18 19 20 21 23 26 27 28 29 34 35 36 37 38 41 42 44 45 46 47 50 51 52
 53 54 55 57 58 59 60 61 62] [ 7244  7785  4066 11795 11150 13356  8165  5898  3189  4721  2994  5941
 10273 12981  6071  3831  1806  2571  2907  5282  3924  2729  2273  4219
  2598  3261  2168  2558  9305  5773  3563  5765  4529] [] 1716439137.8273808956
[ 1  1  1  1  1 -1  1  1  1  1  1 -1  1  1  1  1  1  1  1  1  1  1  1  1
  1  1  1  1  1  1  1  1  1] [11 18 19 20 21 23 26 27 28 29 34 35 36 37 38 41 42 44 45 46 47 50 51 52
 53 54 55 57 58 59 60 61 62] [ 6479  7544  4004 11199 10818 13390  8025  5745  2965  4676  2923  5952
  8751 12611  5583  3732  1784  2532  2869  5254  3814  2686  2242  4169
  2584  3124  2135  2521  8517  5568  3527  5743  4446] [] 1716439137.8704457283
[ 1  1  1  1 -1  1  1  1  1  1  1  1  1  1  1  1  1 -1  1  1  1  1 -1  1
  1  1  1  1  1  1  1  1  1  1  1] [11 18 19 20 21 23 26 27 28 29 34 35 36 37 38 41 42 43 44 45 46 47 48 50
 51 52 53 54 55 57 58 59 60 61 62] [ 6276  7527  3916 11190 10825 13263  7962  5712  2883  4601  2789  5534
  8513 12590  5142  3520  1735 16083  2460  2748  5147  3528 15692  2595
  2146  3903  2527  2992  2098  2463  7409  5117  3391  5728  4205] [] 1716439137.9134950638
[ 1  1  1 -1  1 -1 -1  1  1  1  1  1  1 -1  1  1  1  1  1  1  1  1  1  1
  1  1  1  1 -1  1  1  1  1 -1  1 -1] [11 18 19 20 21 23 26 27 28 29 34 35 36 37 38 41 42 43 44 45 46 47 48 50
 51 52 53 54 55 57 58 59 60 61 62 64] [ 5358  7474  3788 11271 10653 13282  8001  5546  2632  4298  2558  5365
  8125 12598  4947  3474  1685 15190  2367  2651  4990  3364 11163  2468
  2078  3891  2458  2891  2106  2347  6888  4702  3287  5744  4169 12742] [] 1716439137.9564375877
[ 1 -1  1  1  1 -1  1 -1  1  1  1  1  1  1  1  1  1  1  1  1 -1  1  1  1
 -1  1  1  1 -1  1  1  1  1 -1  1 -1 -1] [11 18 19 20 21 23 26 27 28 29 34 35 36 37 38 41 42 43 44 45 46 47 48 50
 51 52 53 54 55 57 58 59 60 61 62 63 64] [ 4895  7553  3664 11263  9802 13418  7909  5555  2587  4087  2455  5212
  7679 12541  4907  3338  1668 14551  2294  2606  5023  3336 11128  2461
  2090  3807  2408  2828  2124  2293  6759  4384  3199  5758  4050 12235
 12950] [] 1716439137.9993984699
[ 1  1  1  1 -1 -1 -1  1  1  1 -1  1  1  1  1  1  1 -1  1 -1  1  1  1  1
  1  1  1  1  1 -1  1  1  1  1 -1  1  1  1] [11 18 19 20 21 23 26 27 28 29 32 34 35 36 37 38 41 42 43 44 45 46 47 48
 50 51 52 53 54 55 57 58 59 60 61 62 63 64] [ 4705  7542  3624 10939 10534 13561  7950  5510  2496  3881 13872  2414
  4932  7373 12523  4895  3284  1690 14549  2296  2546  4943  3296 10696
  2442  2039  3779  2391  2811  2137  2283  6734  4207  3183  5817  4005
 11053 12299] [] 1716439138.0424175262
[ 1  1  1  1  1 -1 -1  1  1  1 -1  1  1  1 -1  1 -1  1 -1  1 -1 -1  1 -1
  1 -1  1  1 -1  1  1  1  1 -1  1 -1  1 -1] [11 18 19 20 21 23 26 27 28 29 32 34 35 36 37 38 41 42 43 44 45 46 47 48
 50 51 52 53 54 55 57 58 59 60 61 62 63 64] [ 4591  7509  3596 10935 10452 13642  7972  5451  2464  3842 14076  2383
  4913  7140 12540  4866  3292  1656 14598  2281  2589  5017  3256 11156
  2399  2071  3741  2372  2858  2126  2279  6700  4092  3199  5753  4019
 10236 13378] [] 1716439138.0854191780
[ 1  1  1  1  1 -1  1 -1  1  1  1  1  1  1 -1  1  1  1  1  1  1  1  1 -1
  1  1 -1  1  1  1 -1  1  1  1 -1  1  1  1] [11 18 19 20 21 23 26 27 28 29 32 34 35 36 37 38 41 42 43 44 45 46 47 48
 50 51 52 53 54 55 57 58 59 60 61 62 63 64] [ 4562  7443  3570 10875 10430 13657  7892  5462  2445  3813 14029  2373
  4821  6933 12603  4858  3288  1649 14434  2251  2530  4964  3248 11158
  2366  2055  3783  2327  2760  2122  2299  6510  3998  3199  5756  3988
  9905 11899] [] 1716439138.1283233166
[ 1 -1  1  1  1  1 -1  1  1  1  1  1 -1  1  1  1  1 -1 -1  1 -1 -1  1 -1
 -1  1  1 -1 -1  1 -1 -1 -1  1  1 -1  1] [11 18 19 20 21 23 26 27 28 29 32 34 35 36 37 38 41 42 43 44 45 46 47 48
 50 51 52 53 54 55 57 58 59 60 61 62 63] [ 4551  7501  3536 10845 10412 13514  7963  5402  2425  3808 13875  2367
  4825  6869 12538  4826  3244  1651 14627  2250  2565  4966  3192 13478
  2369  2037  3773  2342  2815  2078  2319  6748  4463  3159  5725  4114
  9703] [] 1716439138.1713721752
[-1  1 -1  1  1  1  1 -1 -1 -1 -1  1 -1  1  1 -1 -1  1 -1 -1 -1 -1 -1 -1
 -1 -1 -1 -1  1 -1 -1 -1  1 -1  1] [11 18 19 20 21 23 26 27 28 29 34 35 36 37 38 41 42 43 44 45 46 47 50 51
 52 53 54 55 57 58 59 60 61 62 63] [ 4741  7458  3576 10787 10366 13436  7833  5428  2455  3830  2375  4804
  7004 12489  4799  3265  1666 14599  2273  2584  4975  3292  2376  2061
  3775  2353  2875  2079  2284  7082  4785  3215  5718  4174  9643] [] 1716439138.2144258022
[-1 -1 -1  1 -1  1  1 -1 -1 -1 -1 -1 -1 -1 -1 -1 -1  1 -1 -1 -1 -1 -1 -1
 -1 -1 -1 -1 -1 -1 -1 -1  1 -1  1] [11 18 19 20 21 23 26 27 28 29 34 35 36 37 38 41 42 43 44 45 46 47 50 51
 52 53 54 55 57 58 59 60 61 62 63] [ 5194  7470  3584 10757 10415 13425  7733  5475  2507  4060  2431  4837
  7376 12539  4955  3367  1727 14447  2326  2599  5021  3504  2446  2077
  3797  2388  2881  2157  2353  8203  5041  3231  5708  4313  9407] [] 1716439138.2574095726
[-1  1 -1 -1 -1  1 -1 -1 -1 -1 -1 -1 -1  1 -1 -1 -1  1 -1 -1 -1 -1 -1 -1
 -1 -1 -1 -1 -1 -1 -1 -1 -1 -1 -1] [11 18 19 20 21 23 26 27 28 29 34 35 36 37 38 41 42 43 44 45 46 47 50 51
 52 53 54 55 57 58 59 60 61 62 63] [ 5736  7433  3650 10888 10439 13316  7738  5522  2645  4310  2519  4951
  7471 12487  5387  3531  1732 14381  2442  2674  5121  3772  2496  2129
  4010  2412  3178  2196  2415  8388  5551  3414  5721  4519  9476] [] 1716439138.3004202843
[-1 -1 -1 -1  1 -1 -1 -1 -1 -1 -1 -1 -1 -1 -1 -1 -1 -1 -1 -1 -1 -1 -1 -1
 -1 -1 -1 -1 -1 -1 -1 -1 -1 -1 -1] [11 18 19 20 21 23 26 27 28 29 34 35 36 37 38 41 42 43 44 45 46 47 50 51
 52 53 54 55 57 58 59 60 61 62 63] [ 6639  7583  3736 11035  9689 13346  7846  5606  2738  4504  2688  5183
  7770 12577  6971  3723  1778 14552  2525  2741  5249  4000  2548  2192
  4088  2518  3578  2241  2519  8589  6123  3477  5741  4701  9614] [] 1716439138.3433361053
[-1  1 -1 -1 -1  1 -1 -1 -1 -1 -1  1 -1  1 -1 -1 -1 -1 -1 -1 -1 -1 -1 -1
 -1 -1 -1 -1 -1 -1 -1 -1 -1 -1 -1] [11 18 19 20 21 23 26 27 28 29 34 35 36 37 38 41 42 43 44 45 46 47 50 51
 52 53 54 55 57 58 59 60 61 62 63] [ 7306  7519  3829 11407 10843 13223  7863  5662  2865  4571  2757  5134
  8224 12430  7745  4568  1854 14626  2560  3003  5919  4560  2780  2325
  4239  2618  3920  2410  2599  9698  7095  3647  5764  4972  9899] [] 1716439138.3864035606
[-1 -1 -1 -1 -1 -1 -1 -1 -1 -1 -1 -1 -1 -1 -1 -1 -1 -1 -1 -1 -1 -1 -1 -1
 -1 -1  1  1 -1 -1 -1  1  1  1 -1] [11 18 19 20 21 23 26 27 28 29 34 35 36 37 38 41 42 43 44 45 46 47 50 51
 52 53 54 55 57 58 59 60 61 62 63] [ 8877  7693  3962 11831 11257 13250  7926  5742  3159  4776  2991  5241
  9316 12577  9289  4748  1892 14755  2618  3030  6024  4716  2879  2344
  4241  2646  3908  2409  2610 12271  7856  3603  5758  4947 13299] [] 1716439138.4294080734
[ 1 -1 -1 -1 -1 -1 -1 -1  1 -1 -1 -1  1 -1 -1 -1 -1 -1 -1 -1 -1 -1 -1 -1
 -1 -1 -1 -1 -1 -1 -1 -1] [11 18 19 20 23 26 27 28 29 34 35 36 37 38 41 42 43 44 45 46 47 50 51 52
 53 54 55 57 59 60 61 62] [ 8863  8541  4012 11909 13300  7992  5776  3226  4717  3047  5387 10819
 12527 10766  5954  1959 15079  2726  3268  6179  5502  3070  2416  4568
  2840  4127  2490  2819  9226  3659  5787  5353] [] 1716439138.4722936153
[-1 -1 -1 -1 -1 -1 -1 -1 -1 -1 -1 -1 -1 -1 -1 -1 -1 -1 -1 -1 -1 -1 -1 -1
 -1 -1 -1 -1 -1 -1 -1] [11 18 19 20 23 26 27 28 29 34 35 36 37 38 41 42 44 45 46 47 50 51 52 53
 54 55 57 59 60 61 62] [ 9062  8823  4037 12392 14276  8081  5925  3665  4970  3646  5989 10966
 12834 14558  6312  1982  2754  3486  6466  6263  3076  2423  4682  2908
  4280  2568  2920 12030  3732  5839  5617] [] 1716439138.5153837204
[-1 -1 -1 -1 -1 -1 -1 -1 -1 -1 -1  1 -1 -1 -1 -1 -1 -1 -1 -1 -1 -1 -1 -1
 -1 -1  1 -1] [11 18 19 20 26 27 28 29 34 35 36 37 41 42 44 45 46 47 50 51 52 53 54 55
 57 60 61 62] [ 9098 10490  4131 12821  8255  5970  3840  5773  3854  6257 11690 12737
  6647  2081  2839  3878  7265  9325  3504  2508  4930  3054  4543  2740
  3013  3779  5816  6017] [] 1716439138.5583765507
[-1 -1 -1 -1 -1 -1 -1 -1 -1 -1 -1 -1  1 -1 -1 -1 -1 -1 -1 -1 -1 -1 -1 -1
 -1 -1 -1 -1] [11 18 19 20 26 27 28 29 34 35 36 37 41 42 44 45 46 47 50 51 52 53 54 55
 57 60 61 62] [ 9285 10592  4295 13550  8505  6165  4531  7819  4162  6298 11763 12948
  6481  2166  3007  4271  7992 15234  3732  2606  5263  3146  4928  2875
  3239  4071  5869  7297] [] 1716439138.6013700962
[-1 -1 -1 -1 -1 -1 -1 -1 -1 -1 -1  1 -1 -1 -1 -1  1 -1 -1 -1 -1 -1 -1 -1
 -1 -1 -1] [11 18 19 20 26 27 28 29 34 35 36 37 41 42 44 45 46 50 51 52 53 54 55 57
 60 61 62] [ 9529 10770  4571 15348  8862  6471  5135  8263  4640  6618 12797 12910
  6673  2248  3049  4321  7814  3911  2704  5298  3212  6189  2942  3347
  4144  5912  7479] [] 1716439138.6444900036
[-1 -1 -1 -1 -1 -1 -1 -1 -1 -1 -1  1 -1 -1 -1 -1 -1 -1 -1 -1 -1 -1 -1 -1
 -1 -1 -1] [11 18 19 20 26 27 28 29 34 35 36 37 41 42 44 45 46 50 51 52 53 54 55 57
 60 61 62] [10082 10874  4741 16168  9022  6645  5685  9562  5064  7260 13136 12883
  7377  2386  3315  4798  7892  4471  2846  5781  3510  6815  3662  3523
  4364  6007  8351] [] 1716439138.6873314381
[-1 -1 -1 -1 -1 -1 -1 -1 -1 -1 -1 -1 -1 -1 -1 -1 -1 -1 -1 -1 -1 -1 -1 -1
 -1] [18 19 26 27 28 29 34 35 36 37 41 42 44 45 46 50 51 52 53 54 55 57 60 61
 62] [11321  5115  9221  7198  9057 10568  5426  7409 13244 12963  7566  2458
  3410  4968  8016  4789  2938  5909  3546  7055  3877  3591  4728  6075
  8539] [] 1716439138.7302937508
[-1 -1 -1 -1 -1 -1 -1 -1 -1 -1 -1 -1 -1 -1 -1 -1 -1 -1 -1 -1 -1 -1 -1  1] [18 19 26 27 28 29 34 35 36 37 41 42 44 45 46 50 51 52 53 54 55 57 60 61] [12340  5543  9325  7548  9134 10708  5562  7497 13349 13119 10243  2639
  3683  5675  8077  5373  3198  6930  3797  8287  5022  3855  4887  6027] [] 1716439138.7732632160
[-1 -1 -1 -1 -1 -1  1 -1 -1 -1 -1 -1 -1 -1 -1 -1 -1 -1 -1 -1 -1 -1] [19 26 27 28 29 34 35 36 41 42 44 45 46 50 51 52 53 54 55 57 60 61] [ 6386 11185  8714 10447 10749  5798  7460 14079 11959  2769  4287  6011
  8671  5930  3326  7655  3931  8495  5592  4297  4993  6190] [] 1716439138.8162727356
[-1  1 -1  1 -1 -1 -1  1 -1 -1 -1 -1 -1 -1 -1 -1 -1 -1 -1 -1 -1 -1] [19 26 27 28 29 34 35 36 41 42 44 45 46 50 51 52 53 54 55 57 60 61] [ 9811 11161 10506 10442 10821  5929  7826 14042 12390  3066  4478  6070
 10791  6126  3556  7956  4229 10879  7921  5352  5391  6270] [] 1716439138.8592333794
[-1 -1 -1 -1 -1 -1 -1 -1 -1 -1 -1 -1 -1 -1 -1 -1 -1 -1 -1 -1 -1 -1] [19 26 27 28 29 34 35 36 41 42 44 45 46 50 51 52 53 54 55 57 60 61] [10001 11390 10807 10559 14823  6308  8446 15651 12511  3204  4727  6235
 11207  6591  3758  8633  4333 11024 10577  6671  5860  6440] [] 1716439138.9022750854
[-1 -1 -1 -1 -1 -1 -1 -1 -1 -1 -1 -1 -1 -1 -1 -1  1 -1 -1  1] [19 26 27 28 34 35 36 41 42 44 45 46 50 51 52 53 54 57 60 61] [10229 11703 11153 10603  7040  8625 15678 15607  3276  5027  6318 11303
  6824  3969  9071  4450 10924  7182  7715  6439] [] 1716439138.9452419281
[-1 -1 -1 -1 -1 -1 -1 -1 -1 -1 -1 -1 -1 -1 -1 -1] [19 27 28 34 35 36 42 44 45 50 51 52 53 54 57 61] [10594 13226 10767  7234 10845 16179  3550  5458  6558  7363  4207 11786
  4959 11140 12739  6563] [] 1716439138.9882025719
[-1 -1 -1 -1 -1 -1 -1 -1 -1 -1 -1 -1 -1 -1  1 -1] [19 27 28 34 35 36 42 44 45 50 51 52 53 54 57 61] [13171 13722 10776  7648 11252 16276  3563  5793  6772  7518  4566 14571
  5445 11381 12065  6682] [] 1716439139.0312595367
[-1 -1 -1 -1 -1  1 -1 -1  1 -1 -1 -1 -1 -1] [19 27 28 34 35 42 44 45 50 51 52 53 54 61] [14207 13923 11032 13045 15306  3514  6189  7030  7422  5307 16219  5775
 11615  6913] [] 1716439139.0741484165
[ 1 -1 -1 -1 -1 -1 -1 -1 -1 -1 -1 -1] [19 28 35 42 44 45 50 51 52 53 54 61] [12419 11050 15747  3827  7323  7327  9611  5559 16319  6102 11991  7138] [] 1716439139.1172890663
[ 1 -1 -1 -1 -1 -1 -1 -1 -1] [19 28 42 44 45 50 51 53 61] [12169 11387  4143  9031  7690  9817  5924  7130  7819] [] 1716439139.1603507996
[ 1 -1 -1 -1 -1 -1 -1 -1 -1 -1] [19 28 42 44 45 50 51 52 53 61] [12090 11987  4266 12460  8546 10044  6024 16335  7348  8018] [] 1716439139.2032415867
[-1 -1 -1 -1 -1 -1] [42 44 45 50 51 53] [ 4664 12849  8793 10174  6141  7603] [] 1716439139.2461616993
[-1 -1 -1 -1] [42 44 45 51] [ 5219 13274 11337  6689] [] 1716439139.2892715931
[-1  1 -1 -1] [42 44 45 51] [ 6018 13010 11733  6827] [] 1716439139.3321404457
[-1  1 -1] [42 44 51] [10282 12901  7715] [] 1716439139.3752386570
[-1] [51] [10611] [] 1716439139.4180963039
[-1] [51] [11277] [] 1716439139.4612379074
2 2 2 1716439139.8485321999
