FA TAX ADC PRES TS
[-1] [50] [10405] [] 1716440281.6635563374
[-1 -1] [42 50] [12687 10429] [] 1716440281.7065308094
[-1 -1 -1] [42 44 50] [12778 13706 10433] [] 1716440281.7496001720
[ 1  1 -1  1] [42 44 45 50] [12591 13155 12849 10216] [] 1716440281.7925689220
[-1 -1  1  1 -1] [42 44 45 50 53] [12817 13163 12142 10157 12345] [] 1716440281.8355808258
[1 1 1 1 1] [42 44 45 50 53] [12667 13149 12089 10027  9175] [] 1716440281.8785483837
[ 1  1 -1  1  1] [42 44 45 50 53] [12348 12701 12133  9838  7522] [] 1716440281.9215548038
[1 1 1 1 1] [42 44 45 50 53] [12039 12341 11842  9784  7106] [] 1716440281.9645261765
[ 1  1  1  1 -1 -1] [42 44 45 50 53 61] [11317 10320 10339  9703  8037  7909] [] 1716440282.0075564384
[1 1 1 1 1 1] [42 44 45 50 53 61] [10760 10034  9197  9561  6705  7509] [] 1716440282.0505816936
[1 1 1 1 1 1] [42 44 45 50 53 61] [10575  9185  9041  9507  6623  7335] [] 1716440282.0936353207
[1 1 1 1 1 1] [42 44 45 50 53 61] [9766 8262 8953 9410 6361 7018] [] 1716440282.1364185810
[-1  1  1  1  1  1  1] [28 42 44 45 50 53 61] [12246  9610  6522  7890  9331  5663  6752] [] 1716440282.1795508862
[ 1  1  1 -1 -1 -1  1 -1 -1] [28 42 44 45 50 51 53 54 61] [11592  9181  6063  8515  9395 11635  5514 12345  6831] [] 1716440282.2225899696
[-1  1  1  1  1 -1  1 -1  1  1  1] [27 28 42 44 45 50 51 52 53 54 61] [13885 11393  8832  5929  8353  9439  9162 15797  5300 11881  6810] [] 1716440282.2655980587
[1 1 1 1 1 1 1 1 1 1 1] [27 28 42 44 45 50 51 52 53 54 61] [13221 11187  8025  5762  7933  9356  8648 15136  5205  9909  6790] [] 1716440282.3086123466
[ 1 -1  1  1  1  1  1  1  1  1 -1 -1] [27 28 42 44 45 50 51 52 53 54 60 61] [13028 11237  7887  5066  7117  7357  8503 10735  5049  9371  9548  6807] [] 1716440282.3516097069
[-1 -1 -1 -1  1  1  1  1  1  1  1  1  1  1] [19 26 27 28 42 44 45 50 51 52 53 54 60 61] [10925 11021 13534 11504  7575  4865  6982  7178  8453  9822  4819  9241
  8373  6742] [] 1716440282.3946237564
[ 1  1 -1 -1 -1  1  1  1  1  1  1  1  1  1  1] [19 26 27 28 36 42 44 45 50 51 52 53 54 60 61] [10827 10052 13558 11518 16343  7324  4810  6942  6587  7523  9565  4673
  9105  7508  6640] [] 1716440282.4376287460
[ 1  1 -1 -1 -1  1  1  1  1 -1  1  1  1  1  1  1  1] [19 26 27 28 35 36 42 44 45 46 50 51 52 53 54 60 61] [10793  9891 13565 11636 14442 14467  6269  4583  6790 11770  6193  7205
  9340  4480  8977  7165  6541] [] 1716440282.4806277752
[ 1  1 -1  1  1  1 -1  1  1  1  1  1  1  1  1 -1  1  1] [19 26 27 28 35 36 41 42 44 45 46 50 51 52 53 54 60 61] [10517  9453 13704 11438 11808 14310 13541  5807  4095  6520 11447  5961
  6165  9151  4092  8994  6378  6511] [] 1716440282.5236701965
[1 1 1 1 1 1 1 1 1 1 1 1 1 1 1 1 1 1] [19 26 27 28 35 36 41 42 44 45 46 50 51 52 53 54 60 61] [10210  9133 13698 11226 11419 14128 13007  5397  3810  6325  9761  5816
  6006  9146  3828  8806  5822  6360] [] 1716440282.5666129589
[ 1  1  1  1 -1 -1 -1  1  1  1 -1  1  1  1  1  1 -1 -1  1 -1] [19 26 27 28 34 35 36 41 42 44 45 46 50 51 52 53 54 55 60 61] [10048  9100 13626 11173 12765 11472 14178 12868  4980  3774  6354  8763
  5145  5889  7903  3615  8893  9718  5451  6460] [] 1716440282.6096324921
[ 1  1  1  1 -1  1  1  1  1  1  1  1  1  1  1  1  1  1  1  1  1] [19 26 27 28 29 34 35 36 41 42 44 45 46 50 51 52 53 54 55 60 61] [ 9995  8987 13103 11162 11741 12660 10881 14082 12715  4642  3550  6267
  7881  4999  5864  7731  3559  8787  7249  4876  6340] [] 1716440282.6526792049
[1 1 1 1 1 1 1 1 1 1 1 1 1 1 1 1 1 1 1 1 1] [19 26 27 28 29 34 35 36 41 42 44 45 46 50 51 52 53 54 55 60 61] [ 9879  8896  9735 11134 11612 10081 10507 14013  9470  4229  3357  6135
  7535  4814  5769  7510  3461  7978  6435  4757  6279] [] 1716440282.6956434250
[-1  1  1  1  1  1  1  1  1  1  1  1  1  1  1  1 -1  1  1  1  1  1] [18 19 26 27 28 29 34 35 36 41 42 44 45 46 50 51 52 53 54 55 60 61] [14622  9853  8754  9485 10929 11364  9675  9799 13893  9373  3934  3296
  6080  7487  4516  5071  7605  3365  6294  6023  4449  6140] [] 1716440282.7386486530
[ 1  1  1  1  1  1  1  1  1  1  1  1  1  1 -1  1  1  1  1  1  1  1  1] [18 19 26 27 28 29 34 35 36 41 42 44 45 46 47 50 51 52 53 54 55 60 61] [11636  9738  8667  7931 10893 11143  9580  9470 12319  9113  3363  3111
  5980  7335 16075  4382  4868  7089  3277  5799  4856  4215  6109] [] 1716440282.7816359997
[ 1  1 -1  1  1  1  1  1 -1  1  1  1  1  1  1  1  1  1  1  1  1  1  1  1] [18 19 20 26 27 28 29 34 35 36 41 42 44 45 46 47 50 51 52 53 54 55 60 61] [11344  7876 16186  8369  7118 10813 10917  9411  9507 11928  8870  3086
  2994  5904  7157 15015  4090  4487  6896  3142  5599  4487  4099  6005] [] 1716440282.8246254921
[ 1  1 -1  1  1  1 -1  1  1  1  1  1  1  1  1  1  1  1  1  1  1  1  1  1] [18 19 21 26 27 28 29 34 35 36 41 42 44 45 46 47 50 51 52 53 54 55 60 61] [11197  7627 11594  8184  6831 10642 10924  9247  8177 10800  8844  2986
  2872  5847  7029 14337  4026  4420  6868  3097  5486  4256  4043  5937] [] 1716440282.8677117825
[ 1  1 -1  1  1  1 -1  1 -1  1  1  1  1 -1  1 -1  1  1 -1  1  1  1 -1 -1
  1 -1 -1] [18 19 20 21 26 27 28 29 34 35 36 41 42 44 45 46 47 50 51 52 53 54 55 59
 60 61 62] [11101  7570 16042 11540  8078  6741 10730 10830  9407  7847 10190  8839
  2829  2879  5796  7122  9589  3696  4436  6503  2987  5226  4273 12801
  3979  5974 16021] [] 1716440282.9108347893
[-1 -1  1 -1  1 -1  1 -1  1  1  1  1  1  1  1  1  1 -1  1  1  1  1  1  1
  1  1  1  1] [11 18 19 20 21 26 27 28 29 34 35 36 41 42 44 45 46 47 50 51 52 53 54 55
 59 60 61 62] [ 9663 11192  7052 16275 11445  8113  6601 10746 10725  7981  7519  6836
  8296  2758  2814  5768  6222  9633  3544  4410  6447  2912  4998  4137
 12095  3931  5954 13643] [] 1716440282.9537549019
[ 1  1  1  1  1  1  1  1  1  1  1  1  1  1  1  1  1  1  1  1  1  1 -1  1
 -1  1  1 -1  1] [11 18 19 20 21 26 27 28 29 34 35 36 41 42 44 45 46 47 50 51 52 53 54 55
 57 59 60 61 62] [ 9453 11133  6622 15618 11371  7775  6512 10709 10701  7849  7458  6383
  7540  2665  2756  5736  6180  8681  3441  4372  6382  2911  5142  4016
 15536 11965  3868  6018  9287] [] 1716440282.9966509342
[-1  1  1  1  1  1  1 -1  1  1 -1 -1  1  1 -1  1  1  1  1  1  1  1  1  1
  1  1  1  1  1  1] [11 18 19 20 21 26 27 28 29 34 35 36 41 42 43 44 45 46 47 50 51 52 53 54
 55 57 59 60 61 62] [ 9499 11090  6495 15156 11138  6884  6478 10761 10603  7737  7561  6459
  6608  2494 15781  2672  5543  6015  6393  3298  4283  6031  2851  4363
  3606 13382 11811  3781  5924  8856] [] 1716440283.0397253036
[ 1  1  1  1  1  1  1 -1  1  1  1  1  1  1 -1  1  1  1  1  1  1  1  1  1
  1  1  1  1  1  1] [11 18 19 20 21 26 27 28 29 34 35 36 41 42 43 44 45 46 47 50 51 52 53 54
 55 57 59 60 61 62] [ 9447 10792  5698 14818 10822  5458  6395 10780 10232  7601  6417  5870
  6332  2380 16027  2659  5430  5841  5634  3174  4115  5759  2778  4192
  3415 12393 10990  3729  5887  8825] [] 1716440283.0828280449
[ 1  1  1 -1  1  1 -1 -1  1  1  1  1  1  1  1  1  1  1  1  1  1  1  1  1
  1  1  1  1  1] [11 18 19 20 21 26 27 28 29 34 35 36 41 42 44 45 46 47 50 51 52 53 54 55
 57 59 60 61 62] [ 9383 10602  5171 14837 10576  4695  7081 10784  9680  7601  6208  5148
  6042  2317  2619  5366  5815  5151  3130  4079  5756  2722  3998  3192
 11217  8652  3715  5857  8107] [] 1716440283.1257207394
[ 1  1  1  1  1  1  1  1  1  1 -1 -1  1  1 -1  1  1  1  1  1  1  1  1  1
  1  1  1  1  1 -1] [11 18 19 20 21 26 27 28 29 34 35 36 41 42 43 44 45 46 47 50 51 52 53 54
 55 57 59 60 61 62] [ 9380 10564  4683 14616 10487  4095  6713  9580  9531  7544  6271  5154
  5744  2245 15758  2512  5333  5739  4523  3042  3976  5505  2677  3937
  3108  8393  7718  3617  5818  8151] [] 1716440283.1687264442
[ 1  1  1  1  1  1  1  1  1  1  1  1 -1  1  1  1  1  1  1  1  1  1  1  1
  1  1  1  1  1  1  1] [11 18 19 20 21 26 27 28 29 34 35 36 37 41 42 43 44 45 46 47 50 51 52 53
 54 55 57 59 60 61 62] [ 9161 10476  4323 13652 10333  3727  6698  8229  9407  6919  5835  4504
 16346  5037  2204 11106  2434  5152  5675  4145  2910  3888  5188  2653
  3687  2936  6621  6987  3591  5787  7995] [] 1716440283.2117505074
[-1  1  1  1 -1  1 -1  1 -1  1 -1  1  1 -1  1  1  1  1  1  1  1  1  1  1
  1  1  1  1  1  1 -1 -1] [11 18 19 20 21 26 27 28 29 34 35 36 37 38 41 42 43 44 45 46 47 50 51 52
 53 54 55 57 59 60 61 62] [ 9234 10385  4107 13548 10434  3526  6815  7575  9436  6525  5883  4000
 14788 15757  5006  2195 10635  2418  4866  5484  3914  2736  3781  5054
  2653  3583  2868  6282  6295  3215  5827  8099] [] 1716440283.2546830177
[ 1  1  1  1  1  1 -1  1  1 -1  1  1  1 -1  1  1  1  1  1  1  1  1  1  1
  1  1  1  1  1  1  1  1  1] [11 18 19 20 21 26 27 28 29 33 34 35 36 37 38 41 42 43 44 45 46 47 50 51
 52 53 54 55 57 59 60 61 62] [ 9115 10112  4102 13546 10362  3299  7570  7218  9369 14407  5819  5757
  3762 14843 13667  4928  2118 10432  2378  4499  4965  3817  2533  3684
  4784  2530  3293  2781  4870  5226  2938  5732  7766] [] 1716440283.2977516651
[-1  1  1  1  1  1  1  1  1 -1  1  1 -1  1 -1 -1  1  1  1  1  1  1  1  1
  1  1 -1 -1  1  1 -1  1  1 -1  1 -1] [ 3 11 18 19 20 21 26 27 28 29 33 34 35 36 37 38 41 42 43 44 45 46 47 50
 51 52 53 54 55 57 58 59 60 61 62 63] [14060  9008  9960  3959 13317 10194  3259  5594  5129  9435 13112  4826
  5777  3369 14984 13737  4709  2003 10418  2358  4234  4922  3640  2456
  3512  4626  2559  3330  2769  4238 10447  4475  2911  5771  7580 12133] [] 1716440283.3407635689
[-1  1 -1  1  1 -1 -1  1 -1  1  1  1  1 -1  1  1  1 -1  1  1  1  1  1  1
  1  1  1  1  1  1  1  1  1  1  1  1  1] [ 3 11 18 19 20 21 23 26 27 28 29 33 34 35 36 37 38 41 42 43 44 45 46 47
 50 51 52 53 54 55 57 58 59 60 61 62 63] [14800  8965 10176  3920 13191 10436 13599  3191  6120  4855  7908 12605
  4658  6551  3215 14593 12056  4832  1936 10313  2344  4190  4759  3492
  2324  3374  4551  2490  3079  2726  3911 10333  3906  2879  5692  7534
  9273] [] 1716440283.3837440014
[ 1 -1  1 -1  1  1  1  1  1  1  1  1  1  1  1 -1  1  1  1 -1  1  1  1 -1
  1  1 -1  1 -1  1  1  1  1  1  1  1 -1] [ 3 11 18 19 20 21 23 26 27 28 29 33 34 35 36 37 38 41 42 43 44 45 46 47
 50 51 52 53 54 55 57 58 59 60 61 62 63] [ 6997  9027  8865  4184 12987 10387 13410  3109  5992  4340  5402 12433
  4235  6214  3123 14688  7980  4559  1887 10316  2285  4134  4642  3564
  2239  3302  4557  2389  3124  2624  3595 10321  3612  2765  5659  7510
 15599] [] 1716440283.4268612862
[-1 -1  1  1  1 -1  1  1  1  1  1  1  1 -1 -1 -1  1  1  1  1  1  1  1  1
 -1  1  1  1  1  1 -1  1  1  1  1 -1  1  1 -1] [ 3 11 18 19 20 21 23 26 27 28 29 33 34 35 36 37 38 41 42 43 44 45 46 47
 48 50 51 52 53 54 55 57 58 59 60 61 62 63 64] [ 7443  9085  8747  4056 12727 10718 13340  3023  5840  4077  5384 12419
  4191  6234  3166 14818  7478  3819  1825  8987  2208  3928  4274  3376
 10950  2110  3097  4376  2375  2915  2671  3263  9999  3216  2765  5710
  7439  8850 11828] [] 1716440283.4697604179
[ 1  1 -1 -1  1  1  1  1 -1  1  1 -1  1 -1  1  1  1  1 -1 -1 -1  1  1 -1
  1  1  1  1  1 -1 -1  1  1  1  1 -1  1  1  1] [ 3 11 18 19 20 21 23 26 27 28 29 33 34 35 36 37 38 41 42 43 44 45 46 47
 48 50 51 52 53 54 55 57 58 59 60 61 62 63 64] [ 5242  9037  8833  4068 12425 10540 13010  2999  5925  3772  4835 12476
  3859  6353  2853 14251  5416  3651  1851 11628  2235  3385  4120  3448
 10631  2065  3029  4236  2289  2963  2766  3151  9935  3130  2687  5743
  6895  5516 10418] [] 1716440283.5127744675
[ 1 -1 -1 -1 -1 -1  1 -1 -1 -1 -1 -1 -1  1  1  1 -1  1 -1 -1 -1  1  1  1
 -1  1  1 -1 -1 -1 -1 -1 -1 -1  1  1 -1 -1 -1 -1  1] [ 3 10 11 18 19 20 21 23 26 27 28 29 32 33 34 35 36 37 38 41 42 43 44 45
 46 47 48 50 51 52 53 54 55 57 58 59 60 61 62 63 64] [ 5233 12106  9051  8970  4130 12969  8359 13500  3095  5992  3893  5722
 14547 12223  3781  6080  2878 13184  9066  3731  1884  8204  2222  3262
  4269  3360  8720  2191  3214  4320  2313  3016  2856  3355  7485  3033
  2703  5785  6974  6766 10025] [] 1716440283.5557663441
[ 1 -1  1  1 -1 -1 -1 -1  1 -1 -1 -1 -1 -1 -1 -1 -1 -1  1 -1  1 -1 -1  1
  1  1  1 -1 -1  1  1  1 -1 -1  1 -1  1 -1] [ 3 10 11 18 19 20 21 26 27 28 29 34 35 36 37 38 41 42 43 44 45 46 47 48
 50 51 52 53 54 55 57 58 59 60 61 62 63 64] [ 4406 14230  8373  7456  4576 14351 10844  3183  5352  4281  9154  4654
  6167  3167 14264 10025  4576  1886  6968  2313  3151  4989  3456  8544
  2088  3131  4194  2354  3327  2832  3239  7429  3036  2903  5700  7025
  5674 10564] [] 1716440283.5987849236
[ 1  1 -1  1  1 -1 -1  1 -1  1 -1  1  1  1  1  1  1 -1  1  1 -1  1  1 -1
 -1  1  1 -1  1 -1  1  1 -1 -1  1 -1 -1 -1] [ 3 10 11 18 19 20 21 26 27 28 29 34 35 36 37 38 41 42 43 44 45 46 47 48
 50 51 52 53 54 55 57 58 59 60 61 62 63 64] [ 4359 12013  9155  7060  3714 14455 10957  3067  5813  4168 10058  4548
  5640  3048 12036  9778  4444  1907  6501  2168  3343  4679  3356  8615
  2162  2862  4161  2364  3018  2883  3203  7410  3145  2999  5667  7123
  6631 10989] [] 1716440283.6417679787
[ 1  1  1  1 -1  1  1  1  1  1  1 -1  1 -1  1 -1  1  1  1  1 -1  1  1 -1
 -1 -1 -1 -1  1 -1 -1 -1 -1  1  1 -1 -1] [ 3 10 11 18 19 20 21 26 27 28 29 34 35 36 37 38 41 42 43 44 45 46 47 48
 50 51 52 53 54 55 57 58 59 60 61 62 63] [ 4318 11211  9077  6839  4028 14293 10702  3051  5727  4128  9607  4558
  5227  3060 11414 10251  4203  1892  6357  2155  3412  4572  3288 14624
  2226  2939  4234  2596  2911  2893  3223  9859  3193  2871  5666  7209
  8686] [] 1716440283.6847679615
[-1  1  1 -1  1  1  1  1  1  1 -1 -1  1  1  1  1 -1 -1  1 -1 -1 -1  1  1
 -1 -1  1 -1  1  1 -1 -1  1 -1  1  1] [ 3 10 11 18 19 20 21 26 27 28 29 34 35 36 37 38 41 42 43 44 45 46 47 50
 51 52 53 54 55 57 58 59 60 61 62 63] [ 4695 11113  9051  8212  3752 13975 10689  2957  5668  4090 10014  5095
  5168  2990 10742  8753  4392  1914  6357  2175  3471  4714  3244  2218
  3050  4331  2484  2930  2870  3176  9963  3281  2871  5668  7026  8367] [] 1716440283.7277405262
[-1 -1  1 -1  1 -1 -1  1 -1 -1  1 -1  1 -1 -1 -1 -1 -1  1 -1 -1 -1 -1 -1
 -1 -1  1 -1 -1 -1 -1 -1 -1 -1 -1 -1] [ 3 10 11 18 19 20 21 26 27 28 29 34 35 36 37 38 41 42 43 44 45 46 47 50
 51 52 53 54 55 57 58 59 60 61 62 63] [ 5786 11784  8974 10460  3744 14047 10764  2949  5699  4321  9915  5201
  5164  2994 12789 11083  4459  1927  6346  2230  3566  4865  3420  2266
  3180  4443  2447  3048  2909  3246 10015  3523  3039  5669  7484 10886] [] 1716440283.7707710266
[-1 -1 -1 -1 -1  1  1 -1  1 -1 -1 -1 -1 -1  1  1 -1 -1 -1 -1 -1 -1 -1 -1
 -1  1 -1 -1 -1 -1  1 -1 -1  1 -1] [ 3 10 11 18 19 20 21 26 27 28 29 34 35 36 37 38 41 42 43 44 45 46 47 50
 51 52 53 54 55 57 58 59 60 61 62] [ 8511 12827  9076 10640  3914 14011 10678  3095  5560  4543 10034  6445
  5199  3149 11725 11060  4878  1946  6495  2279  3614  5048  3656  2298
  3232  4414  2483  3062  2961  3359  9919  3907  3062  5622  7559] [] 1716440283.8137004375
[-1 -1  1 -1 -1  1  1 -1  1 -1  1 -1 -1 -1 -1 -1 -1 -1  1 -1 -1 -1 -1 -1
 -1 -1 -1 -1 -1 -1  1 -1 -1 -1 -1] [ 3 10 11 18 19 20 21 26 27 28 29 34 35 36 37 38 41 42 43 44 45 46 47 50
 51 52 53 54 55 57 58 59 60 61 62] [ 8755 14818  8959 10708  4060 13975 10658  3181  5539  4658  9855  6465
  5251  3260 13000 11072  4917  2019  6493  2304  3693  5170  3960  2387
  3269  4540  2547  3176  3054  3426  9879  4463  3165  5663  7766] [] 1716440283.8565316200
[-1 -1 -1 -1 -1  1 -1  1 -1 -1 -1 -1 -1 -1 -1 -1 -1 -1 -1 -1 -1 -1 -1 -1
 -1 -1 -1 -1 -1 -1 -1 -1 -1 -1] [ 3 11 18 19 20 21 26 27 28 29 34 35 36 37 38 41 42 43 44 45 46 47 50 51
 52 53 54 55 57 58 59 60 61 62] [ 9024  8998 10968  4184 14091 10609  3223  5501  5258  9926  7235  5406
  3372 14527 11165  5206  2062  7063  2348  4683  6674  4433  2462  3691
  4551  2578  3256  3149  3675  9891  5120  3371  5665  7935] [] 1716440283.8997781277
[-1 -1 -1 -1 -1  1 -1 -1 -1 -1 -1  1 -1 -1 -1 -1 -1 -1 -1 -1 -1 -1 -1 -1
 -1 -1 -1 -1 -1 -1 -1  1 -1] [ 3 11 18 19 20 21 26 27 28 29 34 35 36 38 41 42 43 44 45 46 47 50 51 52
 53 54 55 57 58 59 60 61 62] [12705  9008 11032  4324 14135 10439  3309  6237  6941 10194  8232  5340
  3693 11302  5630  2112  7072  2418  5154  6984  4866  2485  3738  4775
  2609  3309  3260  4001 10245  5627  3423  5662 10245] [] 1716440283.9427475929
[-1 -1 -1 -1  1 -1 -1 -1 -1 -1 -1 -1 -1 -1 -1 -1 -1 -1 -1 -1 -1 -1 -1 -1
 -1 -1 -1 -1 -1 -1 -1 -1] [11 18 19 20 21 26 27 28 29 34 35 36 38 41 42 43 44 45 46 47 50 51 52 53
 54 55 57 58 59 60 61 62] [ 9046 11224  4560 14223 10414  3391  6320  8779 10420  9663  5432  4143
 11430  5918  2192  7140  2498  5196  7338  5388  2682  3927  5125  2631
  3586  3510  4311 10511  6256  3583  5716 10502] [] 1716440283.9857020378
[-1 -1 -1 -1  1 -1 -1 -1 -1 -1 -1 -1 -1 -1 -1 -1 -1 -1 -1 -1 -1 -1 -1 -1
 -1 -1 -1 -1  1 -1 -1] [11 18 19 20 21 26 27 28 34 35 36 38 41 42 43 44 45 46 47 50 51 52 53 54
 55 57 58 59 60 61 62] [ 9141 11376  5028 14378 10384  3558  6707 10407 11404  5679  4744 11626
  6116  2287  8712  2588  5617  8522  5849  2729  3930  5170  2708  3707
  3713  5138 11631  8087  3583  5805 11210] [] 1716440284.0287196636
[-1 -1 -1 -1 -1 -1  1  1 -1 -1 -1 -1 -1 -1 -1 -1 -1 -1 -1 -1 -1 -1 -1 -1
 -1 -1 -1  1 -1] [11 19 20 21 26 27 28 34 35 36 37 41 42 43 44 45 46 47 50 51 52 53 54 55
 57 59 60 61 62] [ 9173  6572 14710 10455  4511  6804 10395 11247  5716  5458 16352  6518
  2420  9882  2722  5720  8599  7258  2880  4097  5300  2851  4124  4039
  6021  9018  3620  5770 12907] [] 1716440284.0717318058
[-1 -1 -1 -1 -1 -1 -1  1  1 -1 -1  1 -1 -1  1 -1  1 -1 -1 -1  1 -1 -1 -1
 -1 -1 -1 -1 -1  1] [11 18 19 20 21 26 27 28 34 35 36 37 41 42 43 44 45 46 47 50 51 52 53 54
 55 57 59 60 61 62] [ 9366 11982  8077 14780 10617  5859  7081 10314 11160  5893  6330 16319
  6715  2559  9585  2802  5708  8684  7629  2972  4076  5391  2893  4203
  4177  6203  9136  3701  5796 12595] [] 1716440284.1147251129
[-1 -1 -1 -1 -1 -1 -1  1 -1 -1 -1 -1 -1 -1 -1 -1 -1 -1 -1 -1 -1 -1 -1 -1
 -1 -1 -1 -1 -1] [11 18 19 20 21 26 27 28 34 35 36 41 42 43 44 45 46 47 50 51 52 53 54 55
 57 59 60 61 62] [ 9649 12267  9599 14892 10738  6310  7271 10309 11285  6459  6842  8601
  2797 14517  2978  5804  8877  9509  3384  4457  5966  3121  4455  4682
  6844  9450  3797  5869 14723] [] 1716440284.1578035355
[ 1 -1 -1 -1 -1  1 -1 -1 -1 -1 -1  1 -1 -1 -1 -1 -1  1 -1 -1 -1 -1  1 -1] [19 20 21 26 27 28 34 35 36 41 42 43 44 45 46 50 51 52 53 54 55 57 60 61] [ 9486 15296 11152  8252  9393 10250 11350  7390  7204 10403  2935 12615
  3192  6810  8991  3639  4832  5942  3357  4669  4986  7716  3696  5871] [] 1716440284.2005515099
[-1 -1 -1 -1 -1 -1 -1 -1 -1 -1  1 -1 -1 -1 -1 -1 -1 -1 -1 -1 -1 -1 -1 -1] [18 19 20 21 26 27 28 34 35 36 41 42 44 45 46 50 51 52 53 54 55 57 60 61] [11759  9528 15541 11264  8655  9823 10395 11559  7944 10797  8767  3071
  3608  6943  9164  3879  5652  6403  3459  5230  5383  9937  3753  5930] [] 1716440284.2437756062
[-1 -1 -1  1  1 -1  1 -1  1 -1 -1 -1 -1 -1 -1 -1  1 -1 -1 -1 -1 -1 -1] [19 20 21 26 27 28 34 35 36 41 42 44 45 46 50 51 52 53 54 55 57 60 61] [ 9580 15955 11457  8583  9373 10436 11415  7951 10139  9715  3289  3839
  7016  9371  4222  6894  5943  3993  5558  6184 10519  4027  6046] [] 1716440284.2867398262
[-1 -1 -1 -1 -1 -1 -1 -1  1 -1 -1 -1 -1 -1 -1 -1 -1 -1 -1 -1 -1 -1 -1] [19 20 21 26 27 28 34 35 36 41 42 44 45 46 50 51 52 53 54 55 57 60 61] [ 9595 16339 12823  8785  9721 10555 11543  7999  9773 12038  3516  4316
  7313 11327  4372  7876  6779  4095  6257  7470 13288  5114  6262] [] 1716440284.3296923637
[ 1 -1 -1 -1 -1 -1 -1 -1 -1 -1 -1 -1 -1 -1 -1 -1 -1 -1 -1 -1 -1] [19 26 27 28 34 35 36 41 42 44 45 46 50 51 52 53 54 55 57 60 61] [ 8258  9362 12812 11046 12055  9203 10530 12619  3830  4639  7488 11522
  4842 10434  6861  4460  7119 13074 14796  5648  6312] [] 1716440284.3726561069
[-1 -1 -1 -1 -1  1 -1 -1 -1 -1 -1 -1  1 -1 -1 -1 -1  1 -1] [19 26 27 28 34 35 36 42 44 45 46 50 51 52 53 54 57 60 61] [10167 11232 13029 11631 12327  9156 11090  3895  4948  7615 11834  6225
  8632  7226  4917  7991 14892  5625  6511] [] 1716440284.4157176018
[-1 -1 -1  1  1  1 -1 -1 -1 -1 -1  1 -1 -1 -1 -1 -1] [19 26 27 28 34 35 36 42 44 45 50 51 52 53 54 60 61] [10230 11315 13241 11382 12253  8648 11248  4142  5207  7766  6840  8363
  9764  5009 11910  6431  6692] [] 1716440284.4587123394
[ 1 -1 -1 -1 -1 -1 -1 -1 -1 -1 -1 -1  1 -1 -1] [19 26 28 34 36 42 44 45 50 51 52 53 54 60 61] [10164 11371 11414 12371 15542  4538  5612  8004  7137  8783 11142  5867
 11888  9147  6763] [] 1716440284.5016930103
[-1 -1 -1 -1 -1 -1 -1 -1 -1 -1 -1 -1 -1 -1 -1] [19 26 28 34 42 44 45 50 51 52 53 54 57 60 61] [11060 15192 11698 12756  5188  6657  8500  7471 10461 12715  6548 11981
 10403 15771  6842] [] 1716440284.5445392132
[-1 -1 -1 -1  1  1 -1  1 -1  1] [28 42 44 45 50 51 52 53 54 61] [12174  5977  8272  8645  7433  9841 14293  6332 12199  6825] [] 1716440284.5877134800
[-1 -1  1 -1 -1 -1 -1] [42 44 50 51 52 53 61] [ 6903  9880  7332  9849 14348  7024  6836] [] 1716440284.6307117939
[-1 -1 -1 -1 -1  1 -1] [42 44 50 51 52 53 61] [ 7023 12549  7464  9892 14793  6230  7095] [] 1716440284.6736073494
[-1 -1 -1 -1 -1  1 -1 -1] [42 44 45 50 51 52 53 61] [ 8494 13131 12847  7628  9914 13625  7115  7380] [] 1716440284.7164838314
[ 1  1  1 -1 -1 -1 -1] [42 44 45 50 51 53 61] [ 7492 13115 12613  7760  9989  7767  7473] [] 1716440284.7596755028
[-1 -1  1  1 -1  1] [42 44 50 51 53 61] [11083 13641  7723  9948  8606  7394] [] 1716440284.8026876450
[-1  1 -1 -1  1] [42 50 51 53 61] [11150  7615 10111 12875  7302] [] 1716440284.8456697464
[-1 -1  1] [42 50 51] [11581  7663  9833] [] 1716440284.8887352943
[-1 -1 -1] [42 50 51] [11941  8150 10247] [] 1716440284.9316759109
[ 1 -1 -1] [42 50 51] [11765 10211 10893] [] 1716440284.9746720791
[-1 -1 -1] [42 50 51] [12095 10258 11874] [] 1716440285.0176594257
[-1 -1] [42 50] [13159 10379] [] 1716440285.0606818199
[-1] [42] [13685] [] 1716440285.1035768986
[-1] [42] [13434] [] 1716440285.1896033287
[1] [42] [13036] [] 1716440285.2324914932
2 2 2 1716440285.3617446423
