FA TAX ADC PRES TS
[-1] [42] [12775] [] 1716440256.3251824379
[1] [42] [12167] [] 1716440256.3683164120
[-1 -1 -1] [42 44 50] [12479 15440 10490] [] 1716440256.4112105370
[ 1  1 -1  1] [42 44 45 50] [11950 13983 12344 10346] [] 1716440256.4542782307
[-1  1  1  1 -1] [42 44 45 50 53] [11995 13701 12086 10107 13053] [] 1716440256.4972493649
[1 1 1 1 1] [42 44 45 50 53] [11593 13359 11754  9840  9834] [] 1716440256.5402331352
[-1  1  1  1  1] [42 44 45 50 53] [11597 13023 11511  9520  9274] [] 1716440256.5832340717
[-1  1 -1 -1 -1 -1 -1] [42 44 45 50 51 53 61] [11819 12992 11891  9599 13009  9685  7948] [] 1716440256.6262969971
[1 1 1 1 1 1 1] [42 44 45 50 51 53 61] [11723 12752  8952  9448 11846  9490  7598] [] 1716440256.6692593098
[1 1 1 1 1 1 1] [42 44 45 50 51 53 61] [11165  9608  8813  9319 10818  9360  7414] [] 1716440256.7122445107
[-1  1  1  1  1  1  1] [42 44 45 50 51 53 61] [11778  9060  8751  9270  8860  9299  7346] [] 1716440256.7552354336
[-1  1  1  1  1  1  1  1] [28 42 44 45 50 51 53 61] [12790 10978  7931  8435  8406  8250  7801  6888] [] 1716440256.7983512878
[ 1  1  1 -1  1  1  1 -1 -1] [28 42 44 45 50 51 53 54 61] [11970  8701  6786  8609  8241  6857  7579 12404  6966] [] 1716440256.8412806988
[1 1 1 1 1 1 1 1 1] [28 42 44 45 50 51 53 54 61] [11555  8081  5953  8480  7903  6506  7056 12077  6855] [] 1716440256.8841164112
[ 1  1  1  1  1  1  1  1 -1 -1] [28 42 44 45 50 51 53 54 60 61] [11328  7471  5772  8454  7815  6196  6597  9754 13698  7034] [] 1716440256.9273662567
[-1 -1 -1  1  1  1  1  1 -1  1 -1  1  1] [19 28 34 42 44 45 50 51 52 53 54 60 61] [10710 11640 13629  6838  5324  8359  7507  5573 15021  6332  9896  9121
  6937] [] 1716440256.9702966213
[ 1 -1  1  1  1  1  1  1  1  1  1  1  1] [19 28 34 42 44 45 50 51 52 53 54 60 61] [10541 11765 12493  5921  5132  8159  7449  5557 14333  6263  9853  8215
  6795] [] 1716440257.0134119987
[ 1 -1  1  1  1  1  1  1  1  1  1  1  1  1] [19 26 28 34 42 44 45 50 51 52 53 54 60 61] [10522 12483 11589 12287  5575  5060  8036  6866  5505 12852  5752  9759
  7146  6682] [] 1716440257.0562715530
[-1  1 -1  1  1 -1  1  1  1 -1  1  1  1  1  1  1  1] [19 26 27 28 34 35 42 44 45 46 50 51 52 53 54 60 61] [10727 12152 14528 11521 12259 16150  4817  4756  7069 10231  6498  5375
 12072  5593  9655  6755  6561] [] 1716440257.0994086266
[ 1  1  1  1  1  1  1  1  1  1  1  1  1  1  1 -1  1  1] [19 26 27 28 34 35 42 44 45 46 50 51 52 53 54 55 60 61] [10456 11855 14182 11215 12189 16082  4331  4488  6829  9583  6271  5268
 10048  5215  9608 14602  6135  6477] [] 1716440257.1423308849
[ 1  1  1 -1  1  1  1  1  1  1  1  1  1  1  1  1  1 -1] [19 26 27 28 34 35 42 44 45 46 50 51 52 53 54 55 60 61] [10151 11482 13313 11282 12142 15230  4005  4354  6686  9559  5817  5234
  8814  5083  8118 12101  5907  6491] [] 1716440257.1854901314
[ 1  1  1 -1 -1  1  1  1  1  1  1  1  1  1  1  1  1  1] [19 26 27 28 34 35 42 44 45 46 50 51 52 53 54 55 60 61] [10079 11375 13060 11376 12253 14426  3553  3850  6459  9009  5407  5090
  7929  4584  7669  7823  5098  6359] [] 1716440257.2282481194
[1 1 1 1 1 1 1 1 1 1 1 1 1 1 1 1 1 1] [19 26 27 28 34 35 42 44 45 46 50 51 52 53 54 55 60 61] [ 9848 11345 12917 11167 12024 14338  3392  3711  6352  8950  4947  5008
  7053  4448  7150  6438  4907  6282] [] 1716440257.2712793350
[ 1  1  1  1  1  1 -1  1  1  1  1  1  1  1  1  1  1  1  1] [19 26 27 28 34 35 36 42 44 45 46 50 51 52 53 54 55 60 61] [ 9793 11222 12896 11027  9710 10544 14570  3223  3470  6260  8323  4544
  4847  6972  4270  6746  5729  4672  6203] [] 1716440257.3142719269
[ 1  1  1 -1  1  1  1 -1  1  1  1  1  1  1  1  1  1  1  1  1] [19 26 27 28 34 35 36 41 42 44 45 46 50 51 52 53 54 55 60 61] [ 9484 11004 12893 11263  7046  9683 14205 12621  2932  3276  6169  8037
  4315  4673  6741  4080  6381  4984  4495  6120] [] 1716440257.3572809696
[ 1  1 -1 -1 -1  1  1  1 -1  1  1  1  1  1 -1  1  1  1  1  1  1  1  1] [19 26 27 28 29 34 35 36 37 41 42 44 45 46 47 50 51 52 53 54 55 60 61] [ 7707 10791 13374 11295 11743  5907  9392 14021 16320 12495  2845  3120
  6124  7900 13331  4053  4654  6597  3893  6062  4802  4299  6037] [] 1716440257.4002075195
[-1  1  1  1 -1  1  1 -1 -1  1  1  1  1  1 -1  1  1  1  1  1  1  1  1 -1] [18 19 26 27 28 29 34 35 36 37 41 42 44 45 46 47 50 51 52 53 54 55 60 61] [12432  7010 10732 10071 11375 11517  5731  9430 14028 15488  9144  2767
  3044  5772  7972 12859  3816  4417  6395  3691  5198  4489  4137  6054] [] 1716440257.4434030056
[ 1  1  1  1  1  1  1  1  1  1  1 -1  1  1  1  1  1  1  1  1  1  1 -1 -1
 -1] [19 26 27 28 29 34 35 36 37 41 42 43 44 45 46 47 50 51 52 53 54 55 59 60
 61] [ 6714  9022  7478 11091 11207  5283  8337 13924 15247  8961  2699 14659
  2972  5687  7001 10619  3406  4150  5958  3569  5055  4344 11976  4197
  6070] [] 1716440257.4863836765
[-1  1 -1  1  1  1  1  1  1  1  1  1  1  1  1  1  1  1  1  1  1  1  1  1
  1  1 -1] [11 19 20 26 27 28 29 34 35 36 37 41 42 44 45 46 47 50 51 52 53 54 55 59
 60 61 62] [ 9969  6249 15808  8785  7216 10307 11017  5138  7232 11809 15087  8852
  2479  2819  5616  6920  9452  3231  4030  5442  3502  4811  4212 11745
  4024  5953 14741] [] 1716440257.5293376446
[ 1  1  1 -1  1  1  1  1  1  1  1  1 -1  1  1  1  1  1  1  1  1  1  1  1
  1  1 -1  1] [11 19 20 21 26 27 28 29 34 35 36 37 41 42 44 45 46 47 50 51 52 53 54 55
 59 60 61 62] [ 9576  5717 15304 11911  8608  6294  9666 10998  4896  7149  9925 14978
  8953  2370  2735  5531  6863  7167  3136  3953  5289  3236  4705  4036
  9322  3979  5960 10589] [] 1716440257.5723128319
[-1  1 -1  1  1  1  1  1  1  1  1 -1  1  1  1  1  1  1  1  1  1  1  1  1
  1  1  1  1] [11 19 20 21 26 27 28 29 34 35 36 37 41 42 44 45 46 47 50 51 52 53 54 55
 59 60 61 62] [ 9586  5429 16019 11561  8358  6171  8293 10782  4666  6941  8690 15005
  6878  2282  2626  5270  6288  6224  3078  3763  5175  3092  4631  3789
  9075  3933  5923  9907] [] 1716440257.6153035164
[ 1  1  1  1  1  1  1  1  1  1  1  1  1  1  1  1  1  1  1  1  1  1  1  1
 -1  1  1  1  1] [11 19 20 21 26 27 28 29 34 35 36 37 41 42 44 45 46 47 50 51 52 53 54 55
 57 59 60 61 62] [ 9411  4994 15912 11338  8278  6108  7869 10680  4256  6850  8229 14858
  6813  2184  2541  5123  6275  5229  2954  3705  4574  2977  4496  3591
 14592  8037  3926  5873  8833] [] 1716440257.6583352089
[ 1 -1  1  1  1  1 -1  1  1  1  1  1 -1  1  1  1  1  1  1  1  1  1  1  1
  1  1  1  1  1  1] [11 18 19 20 21 26 27 28 29 34 35 36 37 41 42 44 45 46 47 50 51 52 53 54
 55 57 59 60 61 62] [ 9408 11564  4691 15446 11098  8217  6111  7583 10586  4109  6698  7555
 15024  6009  2086  2481  4720  5767  4693  2731  3515  4021  2856  4419
  3453  9488  7259  3778  5823  8450] [] 1716440257.7013208866
[ 1  1  1  1  1  1  1  1  1  1  1  1 -1  1  1  1  1  1  1  1  1  1  1  1
  1  1  1  1 -1  1] [11 18 19 20 21 26 27 28 29 34 35 36 37 41 42 44 45 46 47 50 51 52 53 54
 55 57 59 60 61 62] [ 9253 11164  4537 15144 10847  8166  6011  7004  8898  4001  6667  7320
 15274  5170  2011  2428  4389  5383  4199  2582  3286  3947  2814  4402
  3303  7729  6795  3698  5832  8156] [] 1716440257.7443301678
[-1  1  1 -1  1 -1  1  1  1  1  1  1 -1  1  1  1  1  1  1  1  1  1  1  1
  1  1  1  1  1  1] [11 18 19 20 21 26 27 28 29 34 35 36 37 41 42 44 45 46 47 50 51 52 53 54
 55 57 59 60 61 62] [ 9271 10827  4299 15380 10572  8171  5897  5781  8765  3818  6577  6153
 15527  5049  1891  2389  3974  5259  3901  2474  3165  3756  2749  4284
  3277  6427  6242  3657  5831  7847] [] 1716440257.7873339653
[ 1  1  1  1  1  1  1  1  1  1  1  1 -1 -1  1  1  1  1  1  1  1  1  1  1
  1  1  1  1  1  1  1] [11 18 19 20 21 26 27 28 29 34 35 36 37 38 41 42 44 45 46 47 50 51 52 53
 54 55 57 59 60 61 62] [ 9151 10580  4156 14002 10539  7933  5836  4811  8437  3526  6434  5615
 15773 13899  4673  1800  2379  3961  5166  3729  2374  3037  3687  2652
  4150  3086  5250  5860  3498  5742  7638] [] 1716440257.8303020000
[-1  1  1  1  1  1 -1  1  1  1  1  1  1  1  1  1  1  1  1  1  1  1  1  1
  1  1  1  1  1  1  1  1 -1] [ 3 11 18 19 20 21 23 26 27 28 29 34 35 36 37 38 41 42 44 45 46 47 50 51
 52 53 54 55 57 59 60 61 62] [14973  9061 10386  3935 13632 10460 14959  7849  5779  4122  8286  3393
  6179  5174 14659 13809  4398  1771  2316  3910  5091  3464  2274  2910
  3594  2594  4143  2950  4702  5139  3443  5737  7688] [] 1716440257.8733401299
[-1  1  1  1 -1  1  1  1  1  1  1  1 -1  1 -1 -1  1  1  1  1 -1  1  1  1
 -1  1  1  1  1  1  1  1  1] [ 3 11 18 19 20 21 23 26 27 28 29 34 35 36 37 38 41 42 44 45 46 47 50 51
 52 53 54 55 57 59 60 61 62] [15024  9050 10376  3865 13952 10373 13605  6149  5658  3955  8238  3117
  6272  5034 14894 13987  4132  1729  2238  3756  5149  3260  2163  2830
  3599  2492  3968  2850  4245  4692  3322  5700  7648] [] 1716440257.9163537025
[ 1 -1 -1  1  1 -1 -1  1  1  1  1  1  1  1 -1  1  1  1 -1 -1 -1  1  1  1
  1  1  1  1  1 -1  1  1  1 -1  1 -1] [ 3 10 11 18 19 20 21 23 26 27 28 29 34 35 36 37 38 41 42 43 44 45 46 47
 50 51 52 53 54 55 57 59 60 61 62 64] [ 7282 16300  9093 10304  3751 13988 10554 13408  5593  5651  3601  8211
  2984  6238  5076 14652 13875  4047  1735 13371  2250  3216  5100  3159
  2122  2727  3587  2406  3846  2904  3823  4319  3277  5767  7433 10816] [] 1716440257.9593248367
[ 1  1  1  1  1  1  1 -1  1  1  1  1  1 -1  1  1 -1  1  1 -1 -1  1  1  1
 -1  1  1  1  1  1  1  1  1  1  1  1 -1 -1] [ 3 10 11 18 19 20 21 23 26 27 28 29 34 35 36 37 38 41 42 43 44 45 46 47
 48 50 51 52 53 54 55 57 59 60 61 62 63 64] [ 6223 13519  8648  8203  3738 13182 10378 13446  5347  5399  3397  6276
  2827  6291  4659 13908 13955  3827  1641 13446  2256  3103  5012  3079
 13036  2033  2629  3533  2356  3483  2891  3487  3769  3178  5767  6802
 14025 10962] [] 1716440258.0023496151
[ 1 -1  1 -1  1  1  1 -1  1  1  1  1  1  1  1  1 -1  1 -1  1  1  1  1  1
  1 -1  1  1  1  1  1  1  1  1  1  1  1  1] [ 3 10 11 18 19 20 21 23 26 27 28 29 34 35 36 37 38 41 42 43 44 45 46 47
 48 50 51 52 53 54 55 57 59 60 61 62 63 64] [ 5650 14861  7370  8211  3570 12740 10345 13949  4421  5383  3251  6163
  2653  6248  4491 13795 14201  3689  1643 12535  2234  3023  4953  3007
 12014  2054  2552  3498  2308  3427  2855  3451  3556  2884  5721  6371
 12064 10278] [] 1716440258.0453622341
[ 1  1  1  1  1  1  1  1  1  1  1  1  1 -1  1  1  1  1  1  1  1  1 -1  1
  1  1  1  1  1  1  1  1  1 -1  1 -1  1 -1] [ 3 10 11 18 19 20 21 23 26 27 28 29 34 35 36 37 38 41 42 43 44 45 46 47
 48 50 51 52 53 54 55 57 59 60 61 62 63 64] [ 5541 13009  7251  6789  3555 12137 10316 13759  4023  5287  3143  6119
  2594  6268  4487 13594 14105  3572  1641 12371  2232  2999  4981  2931
  9098  2004  2509  3469  2308  3359  2788  3361  3486  2935  5714  6453
 11490 10688] [] 1716440258.0883474350
[-1  1  1  1  1  1  1  1  1  1  1  1 -1  1  1  1  1 -1  1  1 -1  1  1  1
 -1  1  1  1  1  1  1 -1  1  1  1  1  1  1  1] [ 3 10 11 18 19 20 21 23 26 27 28 29 33 34 35 36 37 38 41 42 43 44 45 46
 47 48 50 51 52 53 54 55 57 59 60 61 62 63 64] [ 5566 12420  7045  5843  3519 12096 10233 13741  3963  5233  3094  6091
 12797  2536  5954  4255 13584 14176  3357  1618 12427  2208  2894  4911
  2955  8745  1966  2433  3369  2278  3255  2807  3354  3471  2844  5702
  6015 11156 10400] [] 1716440258.1313393116
[ 1  1  1  1  1 -1  1  1  1 -1  1  1  1  1  1  1  1 -1  1  1 -1 -1 -1  1
  1  1  1  1  1  1  1  1  1  1  1 -1  1  1 -1] [ 3 10 11 18 19 20 21 23 26 27 28 29 33 34 35 36 37 38 41 42 43 44 45 46
 47 48 50 51 52 53 54 55 57 59 60 61 62 63 64] [ 5523 12168  6924  5772  3487 12178 10171 13581  3911  5247  3087  6034
 12753  2506  5911  4122 13536 14199  3318  1614 12463  2212  2911  4834
  2889  8608  1964  2414  3348  2264  3211  2785  3349  3421  2799  5775
  5973 10710 10663] [] 1716440258.1743490696
[-1  1  1 -1  1  1 -1  1 -1  1  1 -1  1  1  1  1 -1  1  1  1 -1  1  1  1
  1 -1  1  1 -1  1  1  1  1  1  1  1  1 -1 -1] [ 3 10 11 18 19 20 21 23 26 27 28 29 33 34 35 36 37 38 41 42 43 44 45 46
 47 48 50 51 52 53 54 55 57 59 60 61 62 63 64] [ 5535 12134  6767  5791  3476 12090 10297 13579  3945  5211  3059  6042
 12708  2488  5886  4114 13624 14179  3188  1596 12479  2208  2843  4825
  2866 11834  1962  2406  3358  2252  3171  2759  3311  3406  2737  5727
  5931 11021 11001] [] 1716440258.2173357010
[ 1  1  1  1 -1 -1  1 -1  1  1  1  1  1  1  1  1  1 -1 -1 -1  1 -1 -1 -1
 -1 -1 -1 -1 -1 -1 -1 -1 -1 -1  1 -1 -1 -1] [ 3 10 11 18 19 20 21 23 26 27 28 29 34 35 36 37 38 41 42 43 44 45 46 47
 48 50 51 52 53 54 55 57 59 60 61 62 63 64] [ 5476 12088  6664  5769  3477 12120 10221 13711  3871  5185  3030  6021
  2447  5878  4015 13584 14023  3686  1604 12581  2208  2911  4914  2893
 16022  1965  2519  3459  2268  3303  2774  3379  3537  2759  5682  6619
 13460 11574] [] 1716440258.2603337765
[-1 -1 -1 -1  1 -1  1  1 -1 -1 -1 -1 -1 -1 -1 -1 -1 -1 -1  1 -1  1 -1  1
 -1 -1 -1 -1  1  1 -1 -1 -1  1  1 -1] [ 3 10 11 18 19 20 21 23 26 27 28 29 34 35 36 37 38 41 42 43 44 45 46 47
 50 51 52 53 54 55 57 59 60 61 62 64] [ 5531 12916  7315  6860  3463 12136 10104 13695  3978  5212  3072  6030
  2531  5985  4130 13668 14063  3789  1622 12579  2216  2897  4926  2879
  1983  2522  3461  2280  3271  2742  3407  3638  2778  5664  6550 12793] [] 1716440258.3032982349
[ 1  1 -1 -1 -1 -1  1 -1 -1  1 -1 -1 -1  1 -1  1 -1 -1 -1 -1 -1 -1 -1 -1
 -1 -1 -1 -1 -1 -1 -1 -1 -1  1 -1] [ 3 10 11 18 19 20 21 23 26 27 28 29 34 35 36 37 38 41 42 43 44 45 46 47
 50 51 52 53 54 55 57 59 60 61 62] [ 5509 12890  7671  6957  3502 12546 10025 13755  4475  5207  3139  6052
  2591  5908  4175 13588 14092  3948  1648 13255  2256  2975  5006  3012
  2016  2548  3503  2316  3409  2751  3749  4219  2927  5645  7008] [] 1716440258.3463249207
[-1 -1 -1 -1 -1  1 -1 -1 -1 -1 -1 -1 -1  1 -1 -1  1 -1 -1 -1  1 -1  1 -1
 -1 -1  1 -1 -1 -1 -1 -1 -1 -1  1] [ 3 10 11 18 19 20 21 23 26 27 28 29 34 35 36 37 38 41 42 43 44 45 46 47
 50 51 52 53 54 55 57 59 60 61 62] [ 6014 12917  9094  8272  3546 12541 10166 13885  4991  5258  3270  8126
  2677  5821  4421 13621 13874  4046  1682 14321  2220  3233  5001  3129
  2108  2629  3501  2422  3698  2870  3898  4638  2947  5672  6902] [] 1716440258.3893408775
[-1  1  1 -1 -1 -1  1  1 -1 -1 -1  1 -1 -1 -1 -1  1 -1 -1 -1 -1 -1 -1 -1
 -1  1 -1 -1 -1 -1 -1 -1  1 -1] [ 3 10 11 18 19 20 21 23 26 27 28 29 34 35 36 37 38 41 42 44 45 46 47 50
 51 52 53 54 55 57 59 60 61 62] [15377 12763  9054  9395  3623 12594 10110 13412  5331  5343  3463  8015
  2890  5874  4590 13672 13861  4098  1715  2233  3413  5034  3359  2140
  2691  3500  2508  3780  2985  4388  5043  3015  5655  7549] [] 1716440258.4323289394
[-1  1 -1 -1 -1 -1 -1 -1 -1 -1 -1 -1 -1 -1  1 -1 -1 -1 -1 -1 -1 -1 -1 -1
 -1 -1 -1 -1 -1 -1 -1  1 -1] [10 11 18 19 20 21 23 26 27 28 29 34 35 36 37 38 41 42 44 45 46 47 50 51
 52 53 54 55 57 59 60 61 62] [12787  8997  9643  3715 12890 10168 13465  6239  5379  3680  8102  3010
  6038  5020 13533 14160  4602  1754  2266  3597  5078  3576  2242  2826
  3506  2583  3917  3087  5255  5975  3142  5652  7603] [] 1716440258.4753150940
[-1 -1 -1  1  1 -1 -1 -1 -1 -1 -1  1 -1 -1 -1 -1 -1 -1 -1  1 -1 -1 -1 -1
 -1 -1 -1 -1 -1 -1 -1 -1] [11 18 19 20 21 23 26 27 28 29 34 35 36 37 41 42 43 44 45 46 47 50 51 52
 53 54 55 57 59 60 61 62] [ 9071 10536  3826 12888 10151 16289  7515  5446  4114  8255  3122  5898
  5577 14147  4913  1817 16066  2335  3750  5048  3823  2331  2998  3539
  2600  3967  3131  5700  6284  3485  5686  7850] [] 1716440258.5182778835
[-1 -1 -1 -1  1 -1 -1 -1 -1 -1 -1 -1 -1 -1 -1  1 -1 -1 -1 -1 -1 -1 -1 -1
 -1 -1 -1 -1 -1 -1 -1] [11 18 19 20 21 26 27 28 29 34 35 36 37 41 42 43 44 45 46 47 50 51 52 53
 54 55 57 59 60 61 62] [ 9133 10670  3996 13570 10149  7624  5466  5460  8379  3338  6047  5842
 15396  5446  1973 15744  2396  3825  5633  4643  2452  3157  3675  2754
  4209  3507  7923  7268  3647  5743  8090] [] 1716440258.5613203049
[-1 -1 -1 -1 -1 -1 -1 -1 -1 -1  1 -1  1 -1 -1 -1 -1 -1 -1 -1 -1 -1 -1 -1
 -1 -1 -1 -1 -1 -1 -1] [11 18 19 20 21 26 27 28 29 34 35 36 37 41 42 43 44 45 46 47 50 51 52 53
 54 55 57 59 60 61 62] [ 9259 10984  4292 13832 10440  7955  5638  5961 10461  3625  6020  6289
 15391  5777  2029 16087  2432  4034  5694  5223  2627  3212  3752  2757
  4437  3573  8628  7981  3666  5804  8357] [] 1716440258.6043310165
[-1 -1 -1 -1 -1 -1 -1 -1 -1 -1 -1 -1  1 -1 -1  1 -1 -1 -1 -1 -1 -1 -1 -1
 -1 -1 -1 -1 -1  1 -1] [11 18 19 20 21 26 27 28 29 34 35 36 37 41 42 43 44 45 46 47 50 51 52 53
 54 55 57 59 60 61 62] [ 9301 11040  4443 14480 10518  8077  5658  6743 10515  3786  6154  6518
 15110  6704  2106 16041  2544  4655  5843  7452  2695  3480  3927  2853
  4498  3813 10148  8857  3725  5777  9567] [] 1716440258.6473176479
[-1 -1 -1 -1 -1 -1 -1 -1 -1 -1  1 -1 -1 -1 -1 -1 -1 -1 -1 -1 -1 -1 -1 -1
 -1 -1 -1  1 -1] [11 18 19 20 21 26 27 28 29 34 35 36 37 41 42 44 45 46 47 50 51 52 53 54
 55 59 60 61 62] [ 9600 11200  4746 15338 10923  8259  5675  7710 10856  3892  6101  8406
 15559  7544  2208  2666  5017  6175 11128  2820  3632  4021  3016  4681
  4194  9255  3870  5752 14973] [] 1716440258.6902947426
[-1 -1 -1 -1 -1  1 -1 -1 -1 -1 -1  1 -1 -1 -1 -1 -1 -1 -1 -1 -1 -1  1 -1
 -1 -1  1] [11 18 19 21 26 27 28 29 34 35 36 37 41 42 44 45 46 47 50 51 52 53 54 55
 59 60 61] [10157 11268  5317 11528  8297  5492  9695 10994  4221  6387 10343 15464
  7940  2349  2770  5032  7173 14971  3013  3769  4335  3070  4556  4495
 11683  3937  5751] [] 1716440258.7332794666
[ 1 -1  1 -1 -1  1 -1  1 -1 -1 -1 -1 -1 -1  1 -1 -1 -1 -1 -1 -1 -1 -1 -1] [18 19 26 27 28 29 34 35 36 37 41 42 44 45 46 50 51 52 53 54 55 59 60 61] [11130  5682  8207  5631 10738 10962  4291  6211 13163 15604  8890  2518
  2976  5346  7122  3212  3960  4581  3420  5054  5054 12069  4019  5841] [] 1716440258.7762770653
[-1 -1 -1 -1  1 -1 -1 -1 -1 -1 -1 -1 -1 -1 -1 -1 -1 -1 -1 -1  1 -1] [18 19 26 27 28 34 35 36 37 41 42 44 45 46 50 51 52 53 54 55 60 61] [11237  6321  8391  5742 10584  4541  6806 13807 15999  8983  2751  3200
  5503  7390  3424  4410  5315  3421  5123  6542  3894  5890] [] 1716440258.8192520142
[-1 -1 -1 -1  1 -1  1 -1 -1 -1 -1 -1 -1 -1 -1 -1 -1 -1 -1 -1] [18 19 26 27 28 34 35 41 42 44 45 46 50 51 52 53 54 55 60 61] [11720  7658  8707  9648 10488  5115  6786 12363  2957  3390  5953  8187
  4111  4465  5821  3744  5450 10351  4171  5958] [] 1716440258.8622560501
[-1 -1  1 -1 -1 -1 -1 -1 -1 -1  1 -1 -1 -1 -1 -1 -1 -1] [19 26 27 28 34 35 41 42 44 45 46 50 51 52 53 54 60 61] [ 9373  8717  9218 10553  5264  7958 12691  3186  3460  6078  7728  4444
  4986  7470  3963  7327  4735  6107] [] 1716440258.9052300453
[-1 -1 -1 -1 -1 -1  1 -1 -1 -1 -1 -1 -1 -1 -1 -1  1 -1] [19 26 27 28 34 35 41 42 44 45 46 50 51 52 53 54 60 61] [ 9871  9138  9567 10687  5504  8001 12621  3560  4182  6324  9124  4674
  5542  7708  4126  8459  4638  6218] [] 1716440258.9482696056
[-1 -1 -1 -1 -1  1 -1 -1 -1 -1 -1 -1 -1 -1 -1 -1] [26 27 28 34 35 41 42 44 45 50 51 52 53 54 60 61] [10984  9784 11069  6373  8879 12543  4411  4783  7645  5285  7054  8363
  5187 11281  6582  6358] [] 1716440258.9912514687
[-1 -1 -1 -1 -1 -1 -1  1 -1 -1  1 -1 -1  1 -1] [26 27 28 34 35 42 44 45 50 51 52 53 54 60 61] [11520 15490 11407 10049 13346  4869  4941  7618  5878  8764  7245  5417
 11506  6470  6369] [] 1716440259.0342085361
[ 1  1  1 -1 -1 -1 -1 -1 -1 -1 -1 -1 -1 -1] [27 28 34 35 42 44 45 50 51 52 53 54 60 61] [15447 11137  7706 14732  5384  5247  7781  6067  9231  7316  6327 12449
  9195  6559] [] 1716440259.0772244930
[-1 -1  1  1 -1 -1 -1 -1 -1 -1 -1 -1] [28 34 35 42 44 45 50 51 52 53 60 61] [11297 10115 14357  5257  5266  7876  6463 11095  8247  6547 14943  6707] [] 1716440259.1202080250
[-1 -1  1 -1 -1 -1 -1  1 -1 -1 -1] [28 34 35 42 44 45 50 51 52 53 61] [11458 12657 14335  6447  5426  7941  9129 10923  9289  7036  6781] [] 1716440259.1631810665
[ 1 -1 -1 -1 -1 -1 -1] [28 42 44 45 50 53 61] [11203  7441  6167  8041  9154  7374  6967] [] 1716440259.2062084675
[-1  1 -1 -1 -1 -1 -1 -1] [28 42 44 45 50 51 53 61] [11880  7334 10117  9495  9432 12007  8349  7601] [] 1716440259.2491860390
[ 1 -1 -1 -1 -1  1] [42 44 45 50 53 61] [ 6983 10413 11707  9492  9377  7579] [] 1716440259.2921924591
[ 1 -1 -1 -1 -1  1 -1] [42 44 45 50 51 53 61] [ 6704 11062 11716  9561 15383  8931  7730] [] 1716440259.3351936340
[-1 -1  1  1 -1 -1] [42 44 45 50 53 61] [ 8283 13880  9003  9523  9681 12312] [] 1716440259.3781692982
[-1 -1  1 -1] [42 45 50 53] [ 9767 11647  9522 10047] [] 1716440259.4211704731
[-1 -1 -1 -1 -1] [42 44 45 50 53] [12197 13915 11856  9940 12846] [] 1716440259.4641675949
[-1  1  1 -1] [42 44 45 50] [12327 13585 11453 10130] [] 1716440259.5071709156
[-1 -1] [42 50] [12650 10161] [] 1716440259.5501217842
[-1] [42] [12793] [] 1716440259.5931208134
[1] [42] [12690] [] 1716440259.6361260414
[-1] [42] [13045] [] 1716440259.6791422367
[-1 -1] [42 50] [13450 11354] [] 1716440259.7221322060
2 2 2 1716440259.8244380951
