FA TAX ADC PRES TS
[-1 -1] [42 50] [12801 10162] [] 1716440498.8585884571
[ 1 -1 -1] [42 44 50] [12499 16252 10175] [] 1716440498.9015884399
[1 1 1] [42 44 50] [12217 10543 10059] [] 1716440498.9443631172
[1 1 1] [42 44 50] [11937 10191  9901] [] 1716440498.9875690937
[ 1 -1 -1 -1 -1] [42 44 45 50 53] [ 7912 10560 11509 10065 12879] [] 1716440499.0306029320
[ 1 -1 -1 -1  1 -1] [42 44 45 50 53 61] [ 7530 10710 12307 10143 11147  7885] [] 1716440499.0735478401
[1 1 1 1 1 1] [42 44 45 50 53 61] [ 6394 10166 11818  9945  9693  7756] [] 1716440499.1164753437
[1 1 1 1 1 1] [42 44 45 50 53 61] [5906 8341 9150 9835 8310 7579] [] 1716440499.1595773697
[1 1 1 1 1 1] [42 44 45 50 53 61] [5442 7441 8449 9675 6969 7326] [] 1716440499.2025384903
[ 1  1  1 -1 -1 -1  1 -1  1] [42 44 45 50 51 52 53 60 61] [ 4998  7013  8081  9758 14217 13829  5988 14059  7227] [] 1716440499.2456481457
[ 1  1  1 -1  1  1  1  1  1] [42 44 45 50 51 52 53 60 61] [ 4674  6303  7914  9779 11341 12755  5781 11185  7017] [] 1716440499.2884500027
[-1  1  1  1  1  1  1  1  1  1] [28 42 44 45 50 51 52 53 60 61] [12350  4369  5703  7702  8241 11091 12395  5471  8459  6702] [] 1716440499.3316147327
[ 1 -1  1 -1  1  1 -1  1 -1  1 -1] [28 42 44 45 50 51 52 53 54 60 61] [11695  4493  5593  7738  7519 10946 12517  5470 12539  7082  6707] [] 1716440499.3746428490
[-1  1  1  1  1  1  1  1  1  1  1  1] [27 28 42 44 45 50 51 52 53 54 60 61] [11946 11598  4375  5243  6729  6344 10810 10295  5272 11879  6117  6551] [] 1716440499.4175627232
[1 1 1 1 1 1 1 1 1 1 1 1] [27 28 42 44 45 50 51 52 53 54 60 61] [11363 11545  4232  5032  6575  5843 10210 10109  5087 11727  5710  6521] [] 1716440499.4604365826
[-1 -1 -1 -1 -1  1  1  1 -1  1  1  1  1  1  1  1] [27 28 34 35 41 42 44 45 46 50 51 52 53 54 60 61] [11409 11625 12454 12455 12248  4088  4837  6562 11630  5398 10194  9680
  4869 11635  5313  6454] [] 1716440499.5036425591
[ 1  1 -1  1  1  1  1  1  1  1  1  1  1  1  1  1] [27 28 34 35 41 42 44 45 46 50 51 52 53 54 60 61] [ 9140 11509 12477 11450 11609  3717  4471  6392 11166  4683  8551  8247
  4493 11323  5011  6317] [] 1716440499.5466239452
[-1  1  1  1  1 -1  1  1  1  1  1  1  1  1  1  1  1  1] [26 27 28 34 35 36 41 42 44 45 46 50 51 52 53 54 60 61] [11474  8744 11330 12281 10542 15113  9073  3616  4300  6351 11080  4593
  8101  7801  4444  9325  4812  6305] [] 1716440499.5896768570
[ 1  1  1  1  1  1  1  1  1  1  1  1  1  1  1  1 -1  1 -1] [26 27 28 34 35 36 41 42 44 45 46 50 51 52 53 54 57 60 61] [11064  8549 11323 12077 10028 14981  8579  3332  4239  6020  8645  4207
  7810  7535  4204  8078 11345  4495  6323] [] 1716440499.6325645447
[-1 -1  1 -1 -1  1  1  1  1  1  1  1  1  1  1  1  1  1  1  1  1] [19 26 27 28 29 34 35 36 41 42 44 45 46 50 51 52 53 54 57 60 61] [10453 11160  7555 11373 11871 11901  9798 14580  7433  3174  3957  5228
  8463  4044  7778  7421  3912  7020  9544  4299  6156] [] 1716440499.6757078171
[1 1 1 1 1 1 1 1 1 1 1 1 1 1 1 1 1 1 1 1 1] [19 26 27 28 29 34 35 36 41 42 44 45 46 50 51 52 53 54 57 60 61] [10340 11041  7371 11117 11180 10092  9621 13726  7198  2970  3759  5088
  7898  3778  7631  7071  3790  6783  8842  4159  6086] [] 1716440499.7186357975
[ 1  1  1  1  1  1  1  1  1  1  1  1  1  1  1  1  1  1 -1 -1  1  1] [19 26 27 28 29 34 35 36 41 42 44 45 46 50 51 52 53 54 55 57 60 61] [10132  9519  7190 11047 10903  7287  9056 12355  6365  2804  3525  4925
  7128  3458  7476  5962  3538  6473 11523 12046  3863  6066] [] 1716440499.7616391182
[ 1 -1  1  1 -1  1  1  1  1  1  1  1  1  1  1  1  1  1  1  1  1  1  1] [19 20 26 27 28 29 34 35 36 41 42 44 45 46 50 51 52 53 54 55 57 60 61] [ 8529 15907  9007  7067 11157  9124  5976  8200 10677  5572  2656  3438
  4799  6564  3253  6204  5740  3398  6147  9578 10911  3738  6009] [] 1716440499.8045816422
[ 1  1  1  1  1  1  1  1  1  1  1  1  1  1 -1  1  1  1  1  1  1  1 -1 -1] [19 20 26 27 28 29 34 35 36 41 42 44 45 46 47 50 51 52 53 54 55 57 60 61] [ 6863 15259  8820  6905 11078  8980  5290  7971  9084  4961  2582  3334
  4569  6198 15687  3079  6017  5442  3356  5500  6978  7901  3774  6021] [] 1716440499.8476889133
[-1  1  1  1 -1  1  1  1  1  1  1  1 -1  1  1  1  1  1  1  1  1  1  1  1
 -1  1 -1 -1] [18 19 20 26 27 28 29 34 35 36 41 42 43 44 45 46 47 50 51 52 53 54 55 57
 59 60 61 62] [11779  5935 15082  8626  7044 10985  8893  5160  7884  8035  4778  2306
 14949  3250  4415  6149 13042  2975  5998  5300  3270  4958  5538  7174
 10410  3439  6028 13605] [] 1716440499.8905615807
[ 1  1  1 -1  1  1  1 -1  1 -1  1  1  1 -1  1  1  1  1  1  1  1  1  1  1
  1  1  1 -1  1] [18 19 20 21 26 27 28 29 34 35 36 41 42 43 44 45 46 47 50 51 52 53 54 55
 57 59 60 61 62] [11276  5556 14706 12152  8303  6882 10639  8916  4906  7923  6538  4518
  2205 15699  2946  4252  6033  9267  2774  5509  5191  3132  4488  4964
  6885  9242  3223  6045 12657] [] 1716440499.9336173534
[ 1  1  1  1  1  1 -1  1  1  1 -1  1  1  1  1  1  1  1  1  1  1  1  1  1
  1  1  1  1  1] [18 19 20 21 26 27 28 29 34 35 36 41 42 43 44 45 46 47 50 51 52 53 54 55
 57 59 60 61 62] [11117  5086 14666 11712  8205  6829 10901  8786  4756  7866  6554  4256
  2107 15436  2881  4088  5995  7651  2751  5146  4839  3076  3919  4715
  6835  7064  3138  5982 10157] [] 1716440499.9765162468
[-1  1  1  1  1  1  1  1  1  1  1 -1 -1 -1  1  1  1  1  1  1  1  1  1  1
  1  1  1  1  1  1  1  1] [11 18 19 20 21 26 27 28 29 34 35 36 37 38 41 42 43 44 45 46 47 50 51 52
 53 54 55 57 59 60 61 62] [13056 11009  5017 14528 11593  8159  6707 10693  8649  4740  7780  6556
 16323 11759  3994  2060 14143  2760  3909  5436  5625  2695  4408  4302
  3058  3682  4420  5535  5880  3047  5940  7481] [] 1716440500.0197324753
[ 1 -1  1  1  1  1  1  1  1 -1  1  1  1  1  1  1  1  1  1  1  1  1  1  1
  1  1  1  1  1  1  1  1  1] [11 18 19 20 21 26 27 28 29 33 34 35 36 37 38 41 42 43 44 45 46 47 50 51
 52 53 54 55 57 59 60 61 62] [ 9786 11012  4735 14124 11042  7163  6651 10257  8559 13193  4136  7724
  5612 16255 10421  3806  1990 11059  2580  3694  4935  4910  2566  4267
  4087  2847  3527  4127  4695  4925  2925  5880  7295] [] 1716440500.0627799034
[ 1  1  1  1  1  1  1  1  1  1  1  1  1  1  1  1  1  1  1  1  1 -1  1  1
  1  1  1  1  1  1 -1  1] [11 18 19 20 21 26 27 28 29 33 34 35 36 38 41 42 43 44 45 46 47 50 51 52
 53 54 55 57 59 60 61 62] [ 9570 10896  4467 13944 10734  6083  6638  8003  8498 12808  3690  7283
  5333 10236  3724  1980 10092  2535  3644  4860  4570  2571  4211  4050
  2726  3362  3998  4409  4567  2839  5917  7250] [] 1716440500.1057343483
[ 1  1  1  1  1  1  1  1  1  1  1  1  1 -1  1  1  1  1  1  1  1  1  1  1
  1  1  1  1  1 -1  1 -1  1  1] [11 18 19 20 21 26 27 28 29 33 34 35 36 37 38 41 42 43 44 45 46 47 50 51
 52 53 54 55 57 58 59 60 61 62] [ 9432  7465  4238 13696 10591  4967  6539  6946  6717 12706  3544  7257
  5221 16355 10137  3521  1875  7960  2420  3476  4767  3968  2402  4197
  3860  2531  3065  3604  3863 11283  3885  2911  5813  6866] [] 1716440500.1486287117
[ 1 -1  1 -1  1  1 -1  1  1  1  1  1  1  1  1  1  1  1  1  1  1  1  1  1
  1  1  1  1  1  1  1  1  1  1] [11 18 19 20 21 26 27 28 29 33 34 35 36 37 38 41 42 43 44 45 46 47 50 51
 52 53 54 55 57 58 59 60 61 62] [ 9351  7521  4224 13799 10564  4084  6579  5894  5771 12698  3284  7188
  4630 13092 10081  3518  1822  7490  2366  3308  4586  3560  2277  3787
  3779  2462  2942  3293  3693 10607  3519  2767  5771  6742] [] 1716440500.1916577816
[ 1  1  1  1  1  1  1  1  1  1  1  1  1  1  1  1  1  1  1  1 -1  1  1  1
 -1  1  1  1  1  1  1  1 -1  1] [11 18 19 20 21 26 27 28 29 33 34 35 36 37 38 41 42 43 44 45 46 47 50 51
 52 53 54 55 57 58 59 60 61 62] [ 9263  7260  4056 13471 10453  3791  6490  4719  5325 12590  3162  6789
  4368 10317  8640  3347  1756  7347  2321  3059  4596  3464  2192  3350
  3852  2424  2814  3166  3503 10350  3318  2725  5798  6497] [] 1716440500.2346708775
[-1 -1  1 -1  1  1 -1  1  1  1  1  1  1  1  1  1 -1  1  1  1  1  1 -1  1
  1  1  1  1  1  1  1  1  1  1  1  1] [ 3 10 11 18 19 20 21 26 27 28 29 33 34 35 36 37 38 41 42 43 44 45 46 47
 50 51 52 53 54 55 57 58 59 60 61 62] [14700 13989  9196  7317  3970 13175 10583  3733  6459  4277  5276 12506
  2995  6592  4217  9896  8753  3172  1698  7323  2278  2825  4615  3232
  2134  3186  3775  2398  2657  3049  3451 10146  3199  2687  5755  5642] [] 1716440500.2777118683
[ 1  1 -1  1  1  1 -1  1  1  1  1  1  1  1  1  1  1  1  1  1  1  1  1  1
  1  1  1  1  1  1  1  1  1  1 -1  1 -1] [ 3 10 11 18 19 20 21 26 27 28 29 33 34 35 36 37 38 41 42 43 44 45 46 47
 50 51 52 53 54 55 57 58 59 60 61 62 63] [ 8180 12697  9199  6841  3848 12747 10660  3695  6078  3770  5170 12387
  2832  6536  3984  8897  8669  3092  1647  7264  2191  2596  4580  3120
  2038  3122  3662  2356  2518  2976  3094 10045  2973  2647  5791  5255
 13053] [] 1716440500.3206489086
[ 1 -1  1  1  1  1  1  1  1  1  1  1  1  1  1  1 -1  1  1  1  1  1  1  1
  1  1  1  1  1  1  1  1  1  1  1  1  1] [ 3 10 11 18 19 20 21 26 27 28 29 33 34 35 36 37 38 41 42 43 44 45 46 47
 50 51 52 53 54 55 57 58 59 60 61 62 63] [ 6822 12772  9139  6591  3736 12473 10649  3471  5645  3516  5066 12361
  2778  6103  3780  8592  8695  2943  1594  7250  2140  2508  4520  2952
  1947  2981  3422  2315  2406  2861  2971  9915  2855  2591  5781  4906
  9197] [] 1716440500.3636944294
[ 1  1 -1  1  1  1 -1  1  1  1  1 -1  1  1  1  1  1  1 -1  1  1  1  1  1
 -1  1  1  1  1  1  1 -1  1  1 -1  1 -1] [ 3 10 11 18 19 20 21 26 27 28 29 33 34 35 36 37 38 41 42 43 44 45 46 47
 50 51 52 53 54 55 57 58 59 60 61 62 63] [ 4669 11251  9216  6207  3584 12243 10681  3305  5395  3319  4552 12490
  2593  5482  3670  8275  8388  2917  1595  7215  2126  2490  4488  2904
  1948  2941  3361  2257  2309  2825  2935  9924  2764  2587  5799  4841
  9311] [] 1716440500.4067523479
[ 1  1  1  1  1  1  1  1  1  1  1  1  1  1  1  1  1  1  1  1  1 -1 -1 -1
  1  1  1  1 -1  1  1  1  1  1  1  1  1] [ 3 10 11 18 19 20 21 26 27 28 29 33 34 35 36 37 38 41 42 43 44 45 46 47
 50 51 52 53 54 55 57 58 59 60 61 62 63] [ 4499 11198  9115  6167  3520 12175 10606  3273  5264  3161  4307 12382
  2556  5257  3607  7928  7631  2879  1552  7202  2114  2502  4521  2908
  1895  2934  3345  2253  2311  2788  2864  9919  2711  2543  5761  4796
  9301] [] 1716440500.4496796131
[ 1  1 -1  1  1  1 -1  1  1 -1  1  1  1  1  1  1  1  1  1  1  1  1  1  1
  1  1  1  1 -1  1 -1  1  1  1 -1  1  1] [ 3 10 11 18 19 20 21 26 27 28 29 33 34 35 36 37 38 41 42 43 44 45 46 47
 50 51 52 53 54 55 57 58 59 60 61 62 63] [ 4415 11075  9161  6083  3492 12111 10612  3174  5133  3166  4281 11195
  2518  5191  3557  7515  7533  2836  1544  7159  2054  2449  4505  2800
  1890  2870  3272  2250  2316  2754  2943  9879  2677  2503  5768  4713
  9133] [] 1716440500.4926583767
[ 1 -1  1  1  1  1 -1  1 -1  1  1 -1  1  1  1 -1 -1 -1  1 -1  1 -1 -1 -1
  1  1 -1  1  1 -1 -1  1 -1 -1  1 -1  1] [ 3 10 11 18 19 20 21 26 27 28 29 33 34 35 36 37 38 41 42 43 44 45 46 47
 50 51 52 53 54 55 57 58 59 60 61 62 63] [ 4411 11099  9070  6063  3476 11959 10614  3151  5149  3132  4270 11323
  2512  5132  3515  7725  8501  2843  1542  7160  1984  2479  4533  2868
  1890  2840  3297  2242  2311  2796  2963  9875  2716  2511  5754  4875
  9043] [] 1716440500.5359799862
[-1  1  1 -1 -1 -1  1 -1  1  1  1 -1  1 -1 -1  1 -1 -1 -1 -1 -1  1  1 -1
 -1 -1 -1 -1 -1 -1 -1 -1 -1 -1 -1 -1 -1] [ 3 10 11 18 19 20 21 26 27 28 29 33 34 35 36 37 38 41 42 43 44 45 46 47
 50 51 52 53 54 55 57 58 59 60 61 62 63] [ 4569 10896  9043  6095  3496 12013 10483  3207  5113  3098  4252 11381
  2504  5153  3520  7502  8705  2904  1568  7186  2062  2452  4501  2932
  1917  2936  3350  2255  2316  2925  2966  9947  2835  2527  5764  4895
  9145] [] 1716440500.5789122581
[-1 -1 -1  1 -1 -1  1 -1 -1 -1 -1 -1 -1 -1 -1  1  1 -1 -1  1  1 -1 -1 -1
 -1 -1 -1 -1 -1 -1 -1 -1 -1 -1 -1 -1 -1] [ 3 10 11 18 19 20 21 26 27 28 29 33 34 35 36 37 38 41 42 43 44 45 46 47
 50 51 52 53 54 55 57 58 59 60 61 62 63] [ 6130 11048  9065  6047  3556 12109 10457  3260  5445  3118  4277 11411
  2559  5204  3571  7369  8657  3046  1590  7158  2018  2537  4553  3088
  1966  3085  3520  2264  2467  3049  3340  9967  3014  2551  5780  5655
  9835] [] 1716440500.6217737198
[-1 -1  1 -1 -1 -1  1 -1 -1 -1 -1 -1 -1 -1 -1 -1  1 -1 -1  1 -1 -1  1 -1
 -1 -1 -1 -1 -1  1 -1 -1 -1 -1  1 -1] [ 3 10 11 18 19 20 21 26 27 28 29 33 34 35 36 37 38 41 42 43 44 45 46 47
 50 51 52 53 54 55 57 58 59 60 61 62] [14572 12265  9037  6375  3642 12181 10347  3433  5452  3408  5003 12324
  2636  5706  3669  7713  8612  3082  1614  7158  2125  2577  4510  3240
  1996  3090  3550  2301  2478  3004  3365  9970  3154  2575  5730  6207] [] 1716440500.6645729542
[ 1  1  1 -1  1  1 -1 -1 -1  1  1 -1  1 -1 -1 -1 -1 -1 -1 -1 -1 -1 -1 -1
 -1 -1 -1 -1 -1 -1 -1 -1 -1 -1 -1] [10 11 18 19 20 21 26 27 28 29 33 34 35 36 37 38 41 42 43 44 45 46 47 50
 51 52 53 54 55 57 58 59 60 61 62] [11190  9023  6363  3704 12103 10308  3565  5483  3507  4971 12164  2702
  5685  3848  7845  8792  3204  1682  7184  2180  2881  4590  3620  2093
  3340  3631  2399  2584  3257  3687 10109  3444  2663  5734  6531] [] 1716440500.7077691555
[-1  1 -1 -1  1 -1 -1 -1 -1  1 -1 -1 -1  1 -1 -1 -1 -1 -1 -1 -1 -1 -1 -1
  1 -1 -1 -1 -1 -1 -1 -1  1 -1] [11 18 19 20 21 26 27 28 29 33 34 35 36 37 38 41 42 43 44 45 46 47 50 51
 52 53 54 55 57 58 59 60 61 62] [ 9025  6359  3722 12223 10276  3659  5531  4027  5038 12140  2862  6020
  3954  7690 10061  3282  1729  7223  2211  3116  4647  4032  2130  3620
  3598  2439  2806  3496  3927 10691  3895  2699  5733  6610] [] 1716440500.7506878376
[-1 -1 -1 -1 -1 -1 -1 -1 -1 -1 -1  1 -1 -1 -1 -1 -1 -1 -1 -1 -1 -1 -1 -1
 -1 -1 -1 -1 -1 -1  1 -1 -1] [11 18 19 20 21 26 27 28 29 33 34 35 36 37 38 41 42 43 44 45 46 47 50 51
 52 53 54 55 57 59 60 61 62] [ 9122  7155  3904 12527 10346  3815  6129  4889  5163 12377  2926  6011
  4079  8335 10091  3368  1805  7325  2250  3265  4718  4415  2181  3862
  3631  2487  3050  3748  4135  4596  2671  5742  6719] [] 1716440500.7937045097
[-1 -1  1  1 -1 -1 -1 -1 -1 -1 -1 -1 -1 -1 -1 -1 -1 -1 -1 -1 -1 -1 -1 -1
 -1 -1 -1 -1 -1 -1 -1 -1 -1] [11 18 19 20 21 26 27 28 29 33 34 35 36 37 38 41 42 43 44 45 46 47 50 51
 52 53 54 55 57 59 60 61 62] [ 9230  7215  3884 12331 10427  4181  6194  5815  6277 12388  3142  6191
  4491  9425 10287  3541  1833  8042  2328  3412  4886  5237  2208  4225
  3684  2544  3347  4315  5290  5368  2725  5768  6974] [] 1716440500.8366737366
[-1 -1 -1 -1 -1 -1 -1 -1 -1 -1 -1 -1 -1 -1 -1 -1 -1 -1 -1 -1 -1 -1 -1 -1
 -1 -1 -1 -1 -1 -1 -1 -1 -1] [11 18 19 20 21 26 27 28 29 33 34 35 36 37 38 41 42 43 44 45 46 47 50 51
 52 53 54 55 57 59 60 61 62] [ 9768  7258  4085 12938 10555  4863  6290  6896  8331 12770  3442  6493
  4712 10657 15100  3999  1902 10239  2376  3659  5268  9097  2300  4388
  3775  2625  3575  4948  7361  6746  2815  5820  7515] [] 1716440500.8799622059
[-1 -1 -1 -1 -1 -1 -1 -1 -1 -1 -1 -1 -1 -1 -1 -1 -1 -1 -1 -1 -1 -1 -1 -1
 -1 -1 -1 -1  1 -1] [18 19 20 21 26 27 28 29 33 34 35 36 37 41 42 43 44 45 46 50 51 52 53 54
 55 57 59 60 61 62] [ 9090  4127 13130 10703  7090  6370  9937  8443 12984  4020  6843  5098
 13759  4184  2035 10885  2547  3968  5757  2598  4458  3910  2880  3860
  7853  9385 10409  3002  5818 14059] [] 1716440500.9227359295
[-1 -1 -1 -1 -1 -1 -1  1 -1 -1 -1 -1 -1 -1 -1 -1 -1 -1 -1 -1 -1 -1 -1 -1
  1  1  1] [18 19 20 21 26 27 28 29 34 35 36 37 41 42 43 44 45 46 50 51 52 53 54 55
 57 60 61] [11398  4613 13428 11349  8036  6560 10247  8418  4354  7168  5293 16371
  4253  2084 11026  2604  4163  5807  2649  4821  4071  2953  4128 11007
  9087  2955  5796] [] 1716440500.9657227993
[ 1 -1 -1  1 -1 -1  1 -1 -1 -1  1 -1 -1 -1 -1 -1 -1 -1 -1 -1 -1  1 -1 -1
  1] [19 20 21 26 27 28 29 34 35 36 37 41 42 43 44 45 46 50 51 52 53 54 57 60
 61] [ 4602 13706 12894  7954  6611 10303  8408  4584  7206  5766 15210  4966
  2233 14231  2799  4251  5849  2762  4831  4319  3113  4090  9334  3286
  5768] [] 1716440501.0087082386
[-1 -1 -1 -1 -1 -1 -1 -1 -1  1 -1 -1 -1 -1 -1 -1 -1 -1 -1 -1 -1 -1 -1 -1] [19 20 26 27 28 29 34 35 36 37 41 42 43 44 45 46 50 51 52 53 54 57 60 61] [ 5067 14014  8139  6839 10619  8617  4740  7325  5806 14975  6310  2550
 14817  2988  4580  6047  2983  5620  4892  3244  4855 12333  3432  5887] [] 1716440501.0518105030
[-1 -1 -1 -1 -1 -1 -1 -1 -1 -1 -1 -1 -1 -1 -1 -1 -1 -1 -1 -1 -1 -1 -1] [19 20 26 27 28 29 34 35 36 41 42 43 44 45 46 50 51 52 53 54 57 60 61] [ 6290 15691  8528  7011 10627  9086  5144  7391  7449  6582  2648 15285
  3112  4747  7751  3087  5840  5150  3388  5786 14695  3711  5942] [] 1716440501.0947024822
[-1 -1  1 -1 -1 -1 -1 -1 -1 -1 -1 -1 -1 -1 -1 -1 -1 -1 -1 -1  1] [19 26 27 28 29 34 35 36 41 42 43 44 45 46 50 51 52 53 54 60 61] [ 9625  8775  6934 10697 10900  6286  7548  9396  8603  2920 16181  3318
  4892  8186  3405  6824  5552  3566  7548  3890  5935] [] 1716440501.1376898289
[-1 -1 -1  1 -1 -1 -1 -1 -1 -1 -1 -1 -1 -1 -1 -1 -1 -1 -1] [19 26 27 28 34 35 36 41 42 44 45 46 50 51 52 53 54 60 61] [ 9844 11138  7047 10587  8630  7634 10501 11355  2983  3594  5084 10877
  3663  8136  5907  3935  9849  4553  6047] [] 1716440501.1805682182
[-1 -1 -1 -1 -1 -1 -1 -1 -1 -1 -1 -1 -1 -1 -1 -1] [27 28 34 35 36 41 42 44 45 50 51 52 53 54 60 61] [ 7734 10620  9783  7740 13287 15085  3328  4007  5892  4375  8336  7421
  4789 12223  4972  6238] [] 1716440501.2237823009
[-1 -1 -1 -1 -1 -1 -1 -1 -1 -1 -1 -1 -1 -1] [27 28 34 35 42 44 45 50 51 52 53 54 60 61] [ 8757 10943 10502  8310  3624  4194  7280  4813  8803  7766  5216 12541
  5790  6369] [] 1716440501.2666859627
[-1 -1 -1 -1 -1 -1 -1 -1 -1 -1  1 -1 -1] [27 28 34 35 42 44 45 50 51 52 53 60 61] [ 9035 11137 13759  8646  4006  4690  7307  6302 10785  7955  4981  6374
  6465] [] 1716440501.3095800877
[-1 -1  1 -1 -1 -1  1 -1 -1 -1 -1] [28 35 42 44 45 50 51 52 53 60 61] [11673 10355  3929  5205  7582  6689 10740  8837  5775  9647  6864] [] 1716440501.3526527882
[-1 -1 -1 -1 -1  1 -1 -1 -1 -1] [35 42 44 45 50 51 52 53 60 61] [12571  3967  5727  7999  7501 10549 11851  6047 10719  7263] [] 1716440501.3957495689
[-1 -1 -1 -1 -1 -1 -1 -1] [35 42 44 45 50 52 53 61] [13519  4248  6346 11009  9607 13359  8095  7306] [] 1716440501.4386608601
[-1 -1  1  1 -1 -1] [42 44 45 50 53 61] [ 4666  6906 11007  9577  8331  7342] [] 1716440501.4817051888
[-1 -1 -1 -1] [42 44 45 50] [ 6755  8628 11226  9816] [] 1716440501.5246086121
[-1  1  1] [42 44 50] [9034 8085 9771] [] 1716440501.5676670074
[-1 -1] [42 50] [12770  9790] [] 1716440501.6107311249
[1] [50] [9747] [] 1716440501.6535787582
[-1] [50] [10438] [] 1716440501.7815799713
2 2 2 1716440501.9097449780
