FA TAX ADC PRES TS
[-1] [50] [10027] [] 1716440476.0064122677
[1] [50] [9838] [] 1716440476.0494186878
[-1 -1] [42 50] [13405  9939] [] 1716440476.0923845768
[1 1] [42 50] [12461  9715] [] 1716440476.1354539394
[1 1] [42 50] [12181  9633] [] 1716440476.1784689426
[ 1 -1 -1] [42 44 50] [12125 10759  9739] [] 1716440476.2214722633
[-1  1 -1  1 -1] [42 44 45 50 53] [12173 10669 11548  9643  8819] [] 1716440476.2644541264
[ 1 -1 -1  1  1 -1] [42 44 45 50 53 61] [10908 12803 11627  9454  8189  7858] [] 1716440476.3074526787
[ 1  1 -1 -1 -1  1  1] [42 44 45 50 51 53 61] [ 9655 12735 11913  9483 12002  7212  7821] [] 1716440476.3504588604
[ 1  1 -1  1  1 -1  1  1] [42 44 45 50 51 52 53 61] [ 7599 12613 12021  9350  8897 15925  6818  7658] [] 1716440476.3934745789
[-1  1  1  1 -1  1  1  1] [42 44 45 50 51 52 53 61] [ 8714 10498  8927  7224  9464 14719  6206  7507] [] 1716440476.4364671707
[1 1 1 1 1 1 1 1] [42 44 45 50 51 52 53 61] [ 7576  7363  8411  6852  8867 10565  5811  7114] [] 1716440476.4794192314
[1 1 1 1 1 1 1 1] [42 44 45 50 51 52 53 61] [ 7170  6118  8295  6000  8461 10472  5723  6970] [] 1716440476.5225839615
[-1  1  1  1  1  1  1  1 -1  1] [28 42 44 45 50 51 52 53 60 61] [12078  6170  5691  8065  5931  8379  9902  5247 15593  6752] [] 1716440476.5656518936
[ 1  1  1  1  1 -1  1  1  1 -1] [28 42 44 45 50 51 52 53 60 61] [11561  6006  5615  7950  5889  8525  8314  5141  8263  6784] [] 1716440476.6084036827
[-1 -1 -1  1  1  1  1  1  1  1  1  1] [28 34 35 42 44 45 50 51 52 53 60 61] [11637 12379 12214  5270  5219  7694  5672  8324  7976  4929  6866  6591] [] 1716440476.6514382362
[ 1  1  1  1  1  1  1 -1 -1  1 -1  1  1] [28 34 35 42 44 45 50 51 52 53 54 60 61] [11391 12282 11909  5119  4661  7561  5660  8342  8036  4779 12313  6547
  6585] [] 1716440476.6944808960
[ 1 -1  1  1  1  1 -1  1  1  1  1  1  1  1] [28 34 35 42 44 45 46 50 51 52 53 54 60 61] [11062 12305 11509  4580  4414  7522 10031  5533  7311  7993  4678 12147
  6091  6473] [] 1716440476.7374498844
[-1  1  1  1  1  1  1  1  1  1  1  1  1  1] [28 34 35 42 44 45 46 50 51 52 53 54 60 61] [11121 12241 11080  4265  4205  7383  9647  5083  7130  7798  4344  9383
  5614  6332] [] 1716440476.7804806232
[-1 -1  1  1 -1  1  1  1  1  1  1  1  1  1  1  1] [26 28 34 35 41 42 44 45 46 50 51 52 53 54 60 61] [11823 11199  9793 11031 14887  3986  4151  6397  9571  5079  6458  7484
  4058  9365  5553  6314] [] 1716440476.8234519958
[-1 -1 -1  1  1  1  1  1 -1  1  1  1  1  1  1 -1  1  1] [26 27 28 34 35 41 42 44 45 46 50 51 52 53 54 57 60 61] [11872 13427 11337  9593 11016 13481  3547  3841  6403  9266  4810  6002
  7382  3853  8137 14394  4971  6236] [] 1716440476.8664672375
[ 1  1  1  1  1 -1  1  1  1  1  1  1 -1  1  1  1  1  1 -1] [26 27 28 34 35 36 41 42 44 45 46 50 51 52 53 54 57 60 61] [11128 13108 10977  8284 10869 15607 10043  3344  3807  6215  7935  4184
  6047  7228  3800  7507 11489  4777  6238] [] 1716440476.9094774723
[-1  1  1 -1  1  1  1  1  1  1 -1  1  1 -1 -1  1  1  1  1  1] [19 26 27 28 34 35 36 41 42 44 45 46 50 51 52 53 54 57 60 61] [10355  9486 13085 11204  7959 10285 11423  9453  3022  3551  6301  7594
  4051  6498  7266  3542  6238  9306  4497  6156] [] 1716440476.9524524212
[ 1  1 -1 -1 -1  1  1  1 -1  1  1  1 -1  1  1  1  1  1  1 -1  1  1  1] [19 26 27 28 29 34 35 36 37 41 42 44 45 46 50 51 52 53 54 55 57 60 61] [ 8405  9434 13261 11286 11933  6671  9908  9325 16342  9223  2886  3491
  6374  7503  3969  5639  7158  3488  6141 13723  8987  4342  6132] [] 1716440476.9954931736
[ 1  1 -1  1  1  1 -1  1  1  1  1  1  1  1  1 -1  1  1  1  1  1 -1  1  1] [19 26 27 28 29 34 35 36 37 41 42 44 45 46 50 51 52 53 54 55 57 59 60 61] [ 7617  9279 13572 11199 11761  6627  9914  8357 15283  8983  2681  3311
  6160  7247  3705  5725  6969  3374  6065  7363  8313 14453  4219  6102] [] 1716440477.0385522842
[ 1  1  1  1  1  1  1  1 -1  1  1  1  1  1  1  1  1  1  1  1  1  1  1  1] [19 26 27 28 29 34 35 36 37 41 42 44 45 46 50 51 52 53 54 55 57 59 60 61] [ 6517  8889 10513 11190 11483  5464  9701  7102 15302  8869  2448  3022
  6032  7054  3260  4788  6276  3132  5815  6282  6463 11822  4088  6028] [] 1716440477.0814950466
[-1  1 -1  1  1 -1  1  1  1  1 -1 -1  1  1  1 -1  1 -1  1  1  1  1  1  1
 -1 -1 -1] [18 19 20 26 27 28 29 34 35 36 37 41 42 44 45 46 50 51 52 53 54 55 57 59
 60 61 62] [11662  5576 16248  8842  8963 11199 11299  5119  9475  6502 15350  8961
  2308  2883  5176  7058  3094  4909  6199  3086  5684  5769  6035 11627
  4093  6042 13779] [] 1716440477.1245017052
[ 1  1  1  1  1  1  1  1  1 -1  1  1  1  1  1 -1  1  1  1  1  1  1  1  1
  1 -1  1] [18 19 26 27 28 29 34 35 36 37 41 42 44 45 46 47 50 51 52 53 54 55 57 59
 60 61 62] [11259  5167  8606  8740 11003 10484  4843  9387  6182 15450  6480  2243
  2751  4858  7054 15294  2932  4705  6091  3055  5662  5007  5221  9384
  3919  6111  9159] [] 1716440477.1675271988
[ 1  1 -1  1 -1  1  1  1  1  1 -1  1  1  1  1  1  1  1  1  1  1  1  1  1
  1  1  1  1] [18 19 20 26 27 28 29 34 35 36 37 41 42 44 45 46 47 50 51 52 53 54 55 57
 59 60 61 62] [ 8641  4939 16074  8543  8769  9210 10330  4749  9140  5645 15751  6174
  2104  2714  4745  6231 10954  2794  4356  5998  2853  4934  4362  4395
  7443  3747  5990  8943] [] 1716440477.2105700970
[ 1  1  1 -1  1  1  1  1  1 -1  1 -1  1  1  1  1  1  1  1 -1  1  1  1  1
  1  1  1  1  1] [18 19 20 21 26 27 28 29 34 35 36 37 41 42 44 45 46 47 50 51 52 53 54 55
 57 59 60 61 62] [ 7628  4599 14885 11583  8471  8630  7327 10319  4634  9148  4878 15903
  5818  2043  2634  4564  6100 10032  2747  4477  5989  2780  4722  4146
  3943  6859  3658  5951  8705] [] 1716440477.2535119057
[ 1  1  1  1  1  1  1  1  1  1  1  1  1  1 -1  1  1  1  1  1  1  1  1  1
  1  1  1  1  1  1] [18 19 20 21 26 27 28 29 34 35 36 37 41 42 43 44 45 46 47 50 51 52 53 54
 55 57 59 60 61 62] [ 7494  4455 14568 11362  8293  8451  6617 10102  4458  8226  4759 15747
  5014  1956 10666  2583  4181  6026  6367  2622  4443  5334  2760  4438
  3773  3602  5738  3459  5863  8132] [] 1716440477.2966001034
[-1  1  1  1  1  1  1  1  1 -1  1 -1  1  1  1  1  1  1  1  1  1  1  1  1
  1 -1  1  1  1  1  1  1] [11 18 19 20 21 26 27 28 29 33 34 35 36 37 41 42 43 44 45 46 47 50 51 52
 53 54 55 57 59 60 61 62] [ 9725  7398  4335 14358 11269  7490  7572  5374  6515 12880  3804  8277
  4573 15383  4893  1882 10500  2495  3953  5918  5334  2456  4143  4975
  2727  4444  3610  3460  5135  3223  5860  8093] [] 1716440477.3395426273
[ 1  1  1  1  1  1  1  1  1  1  1 -1  1  1  1  1  1  1  1  1  1  1  1  1
  1  1  1  1  1  1  1  1] [11 18 19 20 21 26 27 28 29 33 34 35 36 37 41 42 43 44 45 46 47 50 51 52
 53 54 55 57 59 60 61 62] [ 9710  7293  4089 13465 11042  5869  7200  5074  6195 12730  3638  9468
  4265 15379  4734  1826 10358  2433  3930  5898  4428  2339  4107  4839
  2695  3938  3419  3263  4799  3191  5796  7947] [] 1716440477.3825511932
[ 1  1  1  1  1  1  1  1  1 -1  1  1  1  1  1  1  1  1  1 -1  1  1  1  1
  1  1  1  1  1  1  1 -1] [11 18 19 20 21 26 27 28 29 33 34 35 36 37 41 42 43 44 45 46 47 50 51 52
 53 54 55 57 59 60 61 62] [ 9462  7157  3955 13098 10691  4731  6993  4993  6141 12777  3546  9388
  4188 15225  4402  1762 10132  2412  3778  5938  4007  2229  3804  4765
  2603  3428  3263  3147  4482  3079  5776  7979] [] 1716440477.4255416393
[ 1  1  1 -1  1  1  1  1  1  1  1  1  1  1 -1  1  1 -1  1  1  1  1  1  1
  1  1  1  1  1  1  1  1  1] [11 18 19 20 21 26 27 28 29 33 34 35 36 37 38 41 42 43 44 45 46 47 50 51
 52 53 54 55 57 59 60 61 62] [ 9322  7069  3803 13148 10530  4377  6329  4339  5939 12731  3503  8382
  4035 14722 13973  4160  1713 10133  2395  3636  5843  3797  2219  3496
  4492  2434  3286  3108  3006  3940  2996  5754  7713] [] 1716440477.4684863091
[ 1  1  1  1  1  1 -1  1  1  1  1  1  1  1 -1  1  1  1  1  1  1  1  1  1
  1  1  1  1 -1 -1  1  1  1  1] [11 18 19 20 21 26 27 28 29 33 34 35 36 37 38 41 42 43 44 45 46 47 50 51
 52 53 54 55 57 58 59 60 61 62] [ 9168  6953  3639 13124 10409  4203  6865  3709  5821 12628  3385  7006
  3964 14527 13980  3868  1660 10003  2339  3476  5198  3560  2060  3282
  4259  2369  3183  2887  3007 12045  3686  2815  5745  7020] [] 1716440477.5115587711
[ 1  1 -1  1  1  1  1  1  1 -1  1  1  1  1  1  1  1  1  1  1  1  1  1  1
 -1  1  1  1  1  1  1  1  1  1] [11 18 19 20 21 26 27 28 29 33 34 35 36 37 38 41 42 43 44 45 46 47 50 51
 52 53 54 55 57 58 59 60 61 62] [ 9039  6671  3681 12663 10375  3902  6175  3541  5001 12706  3239  6194
  3748 14452 13773  3667  1622  9855  2234  3268  5126  3274  1972  2999
  4289  2330  2916  2748  2910 10501  3349  2717  5729  6997] [] 1716440477.5545704365
[-1 -1  1  1 -1 -1  1  1  1  1  1  1 -1  1 -1  1  1  1 -1  1  1  1  1  1
  1  1  1 -1  1  1  1  1  1 -1  1] [10 11 18 19 20 21 26 27 28 29 33 34 35 36 37 38 41 42 43 44 45 46 47 50
 51 52 53 54 55 57 58 59 60 61 62] [12345  9045  6337  3570 12735 10537  3787  5945  3345  4662 12682  2975
  6223  3582 14645 12635  3598  1594  9882  2227  3131  5057  3114  1924
  2793  4167  2270  2926  2697  2787 10459  3220  2655  5770  6238] [] 1716440477.5975589752
[-1  1 -1  1  1  1  1  1  1  1  1  1  1  1  1 -1  1  1  1  1  1  1 -1  1
  1  1  1  1  1  1  1  1  1  1  1  1 -1] [ 3 10 11 18 19 20 21 26 27 28 29 33 34 35 36 37 38 41 42 43 44 45 46 47
 50 51 52 53 54 55 57 58 59 60 61 62 63] [14503 12175  9129  5350  3522 12715 10477  3519  5840  3183  4557 12666
  2729  6223  3511 14672  7825  3333  1541  9784  2195  3020  5087  3008
  1810  2701  3906  2266  2708  2604  2644  9603  3039  2575  5724  5811
 15469] [] 1716440477.6406269073
[-1  1  1  1  1  1 -1  1  1  1  1  1  1  1  1  1  1  1  1 -1  1 -1  1  1
  1  1  1  1  1  1  1  1  1  1 -1  1  1] [ 3 10 11 18 19 20 21 26 27 28 29 33 34 35 36 37 38 41 42 43 44 45 46 47
 50 51 52 53 54 55 57 58 59 60 61 62 63] [14610 11998  9115  4987  3440 12275 10538  3297  5762  2985  4341 11748
  2644  5860  3417 14624  7729  3264  1504  9945  2124  3021  4948  2848
  1783  2569  3730  2223  2683  2563  2590  9470  2900  2447  5726  5300
 12987] [] 1716440477.6835711002
[ 1  1  1  1  1  1  1  1 -1  1  1  1  1  1  1  1  1  1  1 -1  1 -1  1 -1
  1  1  1  1  1  1  1  1  1  1 -1 -1  1] [ 3 10 11 18 19 20 21 26 27 28 29 33 34 35 36 37 38 41 42 43 44 45 46 47
 50 51 52 53 54 55 57 58 59 60 61 62 63] [ 7875 11726  8943  4621  3372 12010 10386  3111  6401  2747  4326  9028
  2555  5450  3332 12688  7621  3254  1495  9955  2122  3031  4607  2860
  1744  2529  3685  2204  2631  2532  2573  9235  2837  2431  5728  5311
 11462] [] 1716440477.7266008854
[ 1  1  1  1  1  1 -1  1  1  1  1 -1  1 -1  1  1  1  1  1 -1  1  1  1  1
  1  1  1  1  1  1  1  1  1  1 -1  1  1] [ 3 10 11 18 19 20 21 26 27 28 29 33 34 35 36 37 38 41 42 43 44 45 46 47
 50 51 52 53 54 55 57 58 59 60 61 62 63] [ 6153 11722  8741  4303  3244 10219 10409  3015  5664  2688  4270  9730
  2462  5470  3137 11739  7586  3234  1490  9966  2104  2965  4535  2824
  1710  2508  3593  2180  2608  2518  2559  9171  2832  2431  5816  5167
  9322] [] 1716440477.7695569992
[-1  1  1  1  1  1  1  1  1 -1  1  1  1  1  1  1  1  1 -1  1  1  1  1  1
  1  1  1  1  1 -1  1  1  1  1  1  1 -1] [ 3 10 11 18 19 20 21 26 27 28 29 33 34 35 36 37 38 41 42 43 44 45 46 47
 50 51 52 53 54 55 57 58 59 60 61 62 63] [ 7387 11384  8135  4255  3228  9881 10272  2967  5644  2704  4267  9109
  2448  5310  3094 11298  7581  3206  1502  9899  2094  2954  4489  2800
  1693  2492  3542  2176  2592  2559  2557  9155  2818  2415  5759  5054
  9844] [] 1716440477.8125538826
[ 1  1 -1  1  1 -1  1  1  1  1  1  1  1  1  1  1 -1  1  1  1  1  1 -1  1
  1 -1 -1 -1 -1  1 -1  1 -1  1  1 -1 -1] [ 3 10 11 18 19 20 21 26 27 28 29 33 34 35 36 37 38 41 42 43 44 45 46 47
 50 51 52 53 54 55 57 58 59 60 61 62 63] [ 7312 11249  8191  4239  3200  9923 10259  2959  5633  2699  4203  9046
  2443  5282  3075 11187  7633  3190  1491  9823  2073  2943  4526  2788
  1664  2497  3575  2217  2597  2511  2591  9048  2825  2391  5707  5161
 11550] [] 1716440477.8555850983
[ 1 -1 -1  1 -1 -1  1 -1 -1  1  1 -1 -1 -1  1  1 -1 -1  1  1 -1  1  1 -1
 -1 -1 -1  1  1 -1  1 -1 -1 -1 -1 -1  1] [ 3 10 11 18 19 20 21 26 27 28 29 33 34 35 36 37 38 41 42 43 44 45 46 47
 50 51 52 53 54 55 57 58 59 60 61 62 63] [ 7019 11843  8630  4223  3216  9982 10170  2967  5686  2676  4186  9748
  2468  5284  3063 11180  7744  3218  1478  9799  2082  2941  4498  2816
  1716  2562  3629  2183  2584  2516  2587  9621  2874  2443  5773  5551
 11396] [] 1716440477.8985280991
[-1 -1 -1 -1 -1 -1 -1 -1 -1 -1 -1 -1 -1 -1 -1 -1 -1 -1 -1  1 -1 -1 -1 -1
 -1 -1 -1 -1 -1 -1 -1 -1 -1 -1  1 -1  1] [ 3 10 11 18 19 20 21 26 27 28 29 33 34 35 36 37 38 41 42 43 44 45 46 47
 50 51 52 53 54 55 57 58 59 60 61 62 63] [15310 12092  8939  4447  3272 12295 10256  3019  5904  2697  4441  9789
  2480  5724  3115 12224  9140  3331  1526  9730  2087  3037  4572  3012
  1748  2653  3815  2216  2702  2645  2755 10127  3031  2471  5692  6127
 11175] [] 1716440477.9416058064
[ 1 -1 -1 -1  1  1 -1  1 -1  1 -1 -1 -1 -1 -1 -1 -1 -1 -1 -1 -1  1 -1 -1
 -1 -1 -1 -1 -1 -1 -1 -1 -1 -1 -1 -1] [10 11 18 19 20 21 26 27 28 29 33 34 35 36 37 38 41 42 43 44 45 46 47 50
 51 52 53 54 55 57 58 59 60 61 62 63] [11694  8963  4975  3376 10889 10204  3255  5699  2987  4274 12329  2629
  5745  3208 14085  9467  3428  1541  9781  2131  3050  4547  3112  1783
  2717  3850  2225  2735  2686  2823 10131  3179  2495  5694  6623 15019] [] 1716440477.9845769405
[-1 -1 -1 -1  1  1 -1  1 -1 -1  1 -1 -1 -1 -1 -1 -1 -1 -1 -1 -1 -1 -1 -1
 -1 -1 -1 -1 -1 -1 -1 -1 -1 -1  1] [10 11 18 19 20 21 26 27 28 29 33 34 35 36 37 38 41 42 43 44 45 46 47 50
 51 52 53 54 55 57 58 59 60 61 62] [14526  9062  5327  3428 10751 10183  3359  5694  3120  4310 12232  2689
  5752  3289 14170 11540  3636  1583  9809  2181  3154  4818  3372  1826
  2948  3871  2256  2777  2776  2895 10623  3382  2559  5703  6495] [] 1716440478.0275812149
[ 1 -1 -1  1  1 -1 -1 -1 -1 -1 -1 -1 -1  1 -1 -1 -1  1 -1 -1 -1 -1 -1 -1
 -1 -1 -1 -1 -1 -1 -1  1 -1] [11 18 19 20 21 26 27 28 29 33 34 35 36 37 38 41 42 43 44 45 46 47 50 51
 52 53 54 55 57 59 60 61 62] [ 9038  5439  3544 10675 10175  3605  5792  3322  4564 12451  2886  5882
  3327 14137 14231  3927  1650  9793  2240  3340  5491  3773  1915  3274
  4092  2404  2972  3080  2931  3790  2621  5666  7108] [] 1716440478.0706472397
[-1 -1  1 -1 -1 -1 -1 -1 -1  1 -1 -1 -1  1 -1 -1 -1 -1 -1 -1 -1 -1 -1 -1
 -1 -1 -1 -1 -1 -1 -1 -1] [11 18 19 20 21 26 27 28 29 33 34 35 36 37 41 42 43 44 45 46 47 50 51 52
 53 54 55 57 59 60 61 62] [ 9131  6409  3534 11787 10417  3857  5870  3523  4763 12448  3179  5951
  3532 14125  4020  1674  9892  2282  3452  5541  4191  2055  3578  4179
  2468  3197  3406  3050  4339  2751  5682  7397] [] 1716440478.1135485172
[-1 -1 -1 -1  1 -1 -1 -1 -1 -1 -1 -1 -1 -1 -1 -1 -1 -1 -1 -1 -1 -1 -1 -1
 -1 -1 -1 -1 -1 -1 -1 -1] [11 18 19 20 21 26 27 28 29 33 34 35 36 37 41 42 43 44 45 46 47 50 51 52
 53 54 55 57 59 60 61 62] [ 9210  6765  3711 12136 10321  4189  5942  3925  5632 12609  3324  6100
  3683 14155  4345  1737  9919  2306  3577  5671  5343  2188  3795  4453
  2548  3442  3860  3207  4822  2971  5695  7768] [] 1716440478.1564834118
[-1 -1 -1 -1 -1 -1 -1 -1 -1  1 -1 -1 -1 -1 -1 -1  1 -1 -1 -1 -1 -1 -1 -1
 -1 -1 -1 -1 -1 -1 -1 -1] [11 18 19 20 21 26 27 28 29 33 34 35 36 37 41 42 43 44 45 46 47 50 51 52
 53 54 55 57 59 60 61 62] [ 9697  6972  3847 12426 10549  4403  6002  4263  5841 12472  3372  8039
  3811 14272  4556  1789  9915  2353  3911  5699  9280  2256  3897  4487
  2604  3710  4182  3244  5342  3025  5726  7863] [] 1716440478.1995720863
[-1 -1 -1 -1 -1 -1 -1 -1 -1 -1  1 -1 -1 -1 -1 -1 -1 -1 -1 -1 -1 -1 -1 -1
 -1 -1 -1 -1 -1 -1] [18 19 20 21 26 27 28 29 33 34 35 36 37 41 42 43 44 45 46 50 51 52 53 54
 55 57 59 60 61 62] [ 7078  3867 12876 10794  6175  6100  5225  7966 12880  3658  7623  4207
 14691  4765  1838 14631  2479  4195  5849  2420  4053  4685  2725  4029
  4745  3743  7314  3113  5755  8363] [] 1716440478.2425527573
[-1 -1 -1 -1 -1 -1 -1 -1 -1  1  1 -1 -1 -1 -1 -1 -1 -1 -1 -1 -1 -1 -1 -1
 -1 -1 -1 -1] [18 19 20 21 26 27 28 29 34 35 36 37 41 42 44 45 46 50 51 52 53 54 55 57
 59 60 61 62] [ 7995  3918 13632 11117  7695  6156  6028  9800  3854  7388  4197 14869
  5259  1959  2490  4438  6658  2522  4086  5183  2940  4335  5666  4255
  8983  3362  5821 12054] [] 1716440478.2855286598
[-1 -1 -1 -1 -1 -1 -1 -1 -1 -1 -1 -1 -1 -1 -1 -1 -1 -1 -1  1 -1 -1 -1 -1
 -1  1 -1] [18 19 20 26 27 28 29 34 35 36 37 41 42 44 45 46 50 51 52 53 54 55 57 59
 60 61 62] [15562  4095 15000  8083  6424  7465  9828  4183  7878  4657 14903  5406
  2002  2565  5112  6725  2659  4165  5403  2920  4498  6227  5093  9111
  3446  5772 15180] [] 1716440478.3284668922
[-1  1  1 -1 -1 -1 -1  1 -1 -1 -1 -1 -1  1 -1 -1 -1 -1 -1 -1 -1 -1 -1  1] [19 20 26 27 28 29 34 35 36 37 41 42 44 45 46 50 51 52 53 54 57 59 60 61] [ 4173 14351  7967  7505  8438  9951  4311  7748  4797 15024  6866  2203
  2804  4992  6739  2865  4545  5664  3039  4921  6154 11901  3615  5762] [] 1716440478.3715283871
[-1 -1 -1 -1 -1 -1 -1 -1 -1 -1 -1 -1 -1 -1 -1 -1 -1 -1 -1 -1 -1 -1 -1 -1] [19 20 26 27 28 29 34 35 36 37 41 42 44 45 46 50 51 52 53 54 57 59 60 61] [ 4605 15016  8280  8679 10847 10738  4382  9257  5807 16114  7041  2336
  2971  5777  7014  2968  4670  5898  3110  5032  7953 12273  3711  5852] [] 1716440478.4145534039
[-1 -1 -1 -1 -1 -1 -1 -1 -1 -1 -1 -1 -1 -1 -1 -1 -1 -1 -1 -1 -1 -1 -1] [19 20 26 27 28 29 34 35 36 37 41 42 44 45 46 50 51 52 53 54 57 60 61] [ 5342 15798  8536 10260 10910 11039  4647  9601  8006 16216  7719  2635
  3149  5856  7072  3338  5511  5902  3170  5517  9213  3780  5907] [] 1716440478.4575462341
[-1 -1 -1  1 -1 -1 -1  1 -1 -1 -1 -1 -1 -1 -1 -1 -1 -1 -1 -1 -1] [19 26 27 28 34 35 36 37 41 42 44 45 46 50 51 52 53 54 57 60 61] [ 9030  8852 10929 10852  5038  9659  9237 15999  9389  2968  3326  6002
  7335  3677  6109  6444  3349  7496 10375  4051  5986] [] 1716440478.5004847050
[-1 -1 -1 -1 -1 -1 -1 -1 -1 -1 -1 -1 -1 -1 -1 -1 -1 -1 -1] [19 26 27 28 34 35 36 42 44 45 46 50 51 52 53 54 57 60 61] [10040 11058 11845 11043  5893  9731 11159  3010  3487  6029  8706  4159
  6874  6990  3572 12061 13897  4382  6053] [] 1716440478.5435101986
[ 1  1 -1  1 -1 -1 -1 -1 -1 -1 -1 -1 -1 -1 -1] [27 28 34 35 36 42 44 45 50 51 52 53 54 60 61] [11576 10914  6105  9535 13677  3210  3558  6101  4278  6882  7104  3733
 12178  4735  6089] [] 1716440478.5864665508
[ 1 -1 -1 -1 -1 -1 -1 -1 -1 -1 -1 -1] [28 34 35 42 44 45 50 51 52 53 60 61] [10799  6184  9711  3517  3818  7117  4580  7092  7380  4084  5043  6170] [] 1716440478.6294360161
[-1 -1 -1 -1 -1 -1 -1 -1 -1 -1 -1 -1] [28 34 35 42 44 45 50 51 52 53 60 61] [10946  7138 10120  4312  4281  7281  4963  7283  7669  4483  6191  6501] [] 1716440478.6723625660
[-1 -1 -1 -1 -1 -1 -1 -1  1 -1 -1 -1] [28 34 35 42 44 45 50 51 52 53 60 61] [11301  8977 10912  4716  4767  7517  5097  8340  7610  4636 12099  6617] [] 1716440478.7154848576
[-1 -1 -1 -1 -1 -1 -1 -1 -1 -1] [28 35 42 44 45 50 51 52 53 61] [11467 13805  5720  5872  7949  5282  8421  9621  5023  6909] [] 1716440478.7584269047
[-1 -1 -1 -1 -1 -1 -1 -1 -1] [35 42 44 45 50 51 52 53 61] [14309  6300  6696 11128  5755  8463  9973  5706  7299] [] 1716440478.8014307022
[-1 -1 -1 -1 -1 -1 -1] [42 44 45 50 51 52 53] [ 7333  8946 11564  7221  8741 12181  8282] [] 1716440478.8443486691
[-1 -1  1 -1 -1] [42 44 50 51 53] [ 7960  9881  7210 11938 11420] [] 1716440478.8873996735
[-1  1] [42 50] [10060  7143] [] 1716440478.9304194450
[-1] [50] [7374] [] 1716440478.9734175205
[-1] [50] [9559] [] 1716440479.0164289474
2 2 2 1716440479.2305188179
