FA TAX ADC PRES TS
[-1] [50] [9891] [] 1716440485.2647061348
[-1 -1] [42 50] [12835  9918] [] 1716440485.3079037666
[1 1] [42 50] [12683  7893] [] 1716440485.3507874012
[ 1 -1  1] [42 44 50] [12225 13669  7549] [] 1716440485.3937475681
[1 1 1] [42 44 50] [10562 13025  7429] [] 1716440485.4367518425
[1 1 1] [42 44 50] [ 8592 10286  6955] [] 1716440485.4798765182
[-1  1 -1  1] [42 44 45 50] [ 9033 10248 11487  6850] [] 1716440485.5228726864
[ 1 -1 -1  1 -1 -1] [42 44 45 50 53 61] [ 8046 10386 11788  6680 10367  8525] [] 1716440485.5658321381
[-1  1 -1  1 -1  1  1] [42 44 45 50 51 53 61] [ 8063 10018 11841  6654 12835  6866  7500] [] 1716440485.6088278294
[-1  1  1  1  1  1 -1  1] [42 44 45 50 51 53 60 61] [ 8484  9325 11649  6342 11747  6633 13224  7490] [] 1716440485.6519756317
[ 1  1  1  1  1 -1  1  1  1] [42 44 45 50 51 52 53 60 61] [ 7334  7719  9422  6055  8788 15352  6535  8475  7435] [] 1716440485.6945767403
[1 1 1 1 1 1 1 1 1] [42 44 45 50 51 52 53 60 61] [ 6487  6764  9034  5950  7658 14239  6193  8443  7234] [] 1716440485.7376039028
[1 1 1 1 1 1 1 1 1] [42 44 45 50 51 52 53 60 61] [ 6334  6169  8708  5899  7211 12663  5769  7229  6980] [] 1716440485.7807266712
[1 1 1 1 1 1 1 1 1] [42 44 45 50 51 52 53 60 61] [ 6123  5368  8615  5808  7172 11353  5338  6291  6776] [] 1716440485.8236558437
[-1 -1 -1  1  1  1  1  1  1  1  1  1] [28 34 35 42 44 45 50 51 52 53 60 61] [11793 16121 16175  5759  4979  8434  5318  6659 11337  5027  6141  6516] [] 1716440485.8666496277
[ 1  1  1  1  1  1  1  1  1  1 -1  1 -1] [28 34 35 42 44 45 50 51 52 53 54 60 61] [11220 12199 15544  5470  4693  8403  4971  6376 10310  4860 12358  5891
  6586] [] 1716440485.9096648693
[-1  1  1 -1  1  1  1  1  1  1  1  1  1  1] [28 34 35 41 42 44 45 50 51 52 53 54 60 61] [11422 10054 13121 10460  5204  4422  8172  4546  6275  9154  4441 11796
  5352  6375] [] 1716440485.9524431229
[ 1 -1  1  1  1  1  1  1 -1  1  1  1 -1  1  1] [28 34 35 41 42 44 45 50 51 52 53 54 57 60 61] [11274 10119 11470  9067  4994  4396  8150  4314  6293  7739  4232  7670
 10336  5207  6324] [] 1716440485.9956445694
[-1 -1 -1 -1  1  1  1  1  1  1 -1  1  1  1  1  1  1  1 -1] [19 26 27 28 34 35 41 42 44 45 46 50 51 52 53 54 57 60 61] [11163 11816 11012 11676  8546 10407  8454  4511  4082  8109 11623  4205
  6229  7452  4144  6698 10285  5087  6326] [] 1716440486.0386593342
[ 1  1  1  1  1  1  1  1  1  1  1  1  1  1  1  1 -1  1  1] [19 26 27 28 34 35 41 42 44 45 46 50 51 52 53 54 57 60 61] [10626  9905 10512 11424  8203 10138  7785  4018  3890  8007 11367  3863
  6071  7375  3876  6264 10974  4806  6195] [] 1716440486.0816397667
[ 1  1  1  1  1  1  1  1  1  1  1  1  1  1  1  1 -1  1  1] [19 26 27 28 34 35 41 42 44 45 46 50 51 52 53 54 57 60 61] [10255  9359 10063 11336  8166  8861  7655  3875  3552  7931 10586  3715
  5969  6605  3637  6157 13089  4648  6157] [] 1716440486.1245751381
[ 1  1  1  1  1  1  1  1  1  1  1  1  1  1  1  1 -1  1  1] [19 26 27 28 34 35 41 42 44 45 46 50 51 52 53 54 59 60 61] [10144  9133  9945 11210  7470  8088  7093  3296  3427  7183  8586  3480
  5952  6102  3512  5669  9979  4613  6116] [] 1716440486.1676366329
[ 1  1 -1  1 -1  1  1 -1  1  1  1 -1  1  1  1  1  1  1 -1  1  1  1] [19 26 27 28 29 34 35 36 41 42 44 45 46 50 51 52 53 54 57 59 60 61] [ 7951  8963  9993 11197 12086  5903  7921  9999  6953  3046  3219  7963
  7417  3242  5170  5701  3428  5422 10464  9544  4514  6038] [] 1716440486.2107102871
[ 1  1  1  1  1  1 -1  1  1  1  1  1  1  1  1 -1  1  1 -1 -1  1  1  1] [19 26 27 28 29 34 35 36 41 42 44 45 46 50 51 52 53 54 55 57 59 60 61] [ 6709  8779  9657 11115 11344  5568  9200  9208  6426  2835  3114  7783
  7320  3157  4822  5793  3226  5405 11433 10506  9485  4333  6020] [] 1716440486.2536931038
[ 1 -1  1  1  1  1  1  1  1  1  1  1  1  1  1  1  1  1  1  1  1  1 -1  1] [19 20 26 27 28 29 34 35 36 41 42 44 45 46 50 51 52 53 54 55 57 59 60 61] [ 6081 15931  8499  7424 10958 10879  5356  8728  8940  6315  2660  3067
  7704  7230  3130  4444  5266  3148  5045  9837  9927  9289  4355  5954] [] 1716440486.2965903282
[ 1  1  1  1 -1  1  1  1  1  1  1  1  1  1  1  1  1  1  1  1  1  1  1  1] [19 20 26 27 28 29 34 35 36 41 42 44 45 46 50 51 52 53 54 55 57 59 60 61] [ 5306 15137  8361  6719 11093 10878  5149  8055  8534  6232  2472  2911
  6845  6370  2878  4358  4991  3012  4693  7147  8561  7941  4189  5903] [] 1716440486.3397166729
[ 1 -1  1  1  1  1  1  1  1  1  1  1  1  1 -1  1  1 -1  1 -1  1  1  1  1
 -1 -1] [19 20 26 27 28 29 34 35 36 41 42 44 45 46 47 50 51 52 53 54 55 57 59 60
 61 62] [ 4923 15187  8245  6332 10992 10707  4999  7911  7737  6027  2287  2666
  6711  6268 15643  2740  4290  5013  2871  4707  5868  6892  7247  4033
  5944 10351] [] 1716440486.3827154636
[-1  1  1  1  1 -1  1  1  1  1  1  1  1  1  1  1  1  1  1  1  1  1  1  1
  1  1  1] [18 19 20 26 27 28 29 34 35 36 41 42 44 45 46 47 50 51 52 53 54 55 57 59
 60 61 62] [11240  4779 14724  8162  6178 11020  9206  4894  7882  6684  5682  2179
  2583  6400  6114 13180  2478  4186  4642  2835  4344  4991  5375  6169
  3941  5898  9735] [] 1716440486.4256556034
[ 1  1  1 -1  1  1  1  1  1 -1  1 -1  1  1  1  1  1  1  1  1  1  1  1  1
  1  1  1  1  1] [18 19 20 21 26 27 28 29 34 35 36 37 41 42 44 45 46 47 50 51 52 53 54 55
 57 59 60 61 62] [11026  4621 14360 12793  6577  5844 10996  8234  4335  8052  5291 16345
  4920  2129  2532  6163  6093  9108  2372  4119  4601  2742  4098  4728
  5029  5843  3926  5854  8922] [] 1716440486.4687108994
[1 1 1 1 1 1 1 1 1 1 1 1 1 1 1 1 1 1 1 1 1 1 1 1 1 1 1 1 1] [18 19 20 21 26 27 28 29 34 35 36 37 41 42 44 45 46 47 50 51 52 53 54 55
 57 59 60 61 62] [10998  4422 14058 11720  5747  5746 10926  8039  3997  7891  4995 12879
  4065  1978  2402  5113  5731  5443  2184  3872  4477  2679  3622  3956
  4311  4732  3535  5794  8075] [] 1716440486.5116882324
[-1  1  1  1  1  1  1  1  1  1  1  1  1  1  1  1  1  1  1  1  1  1  1  1
  1  1 -1  1  1 -1  1] [11 18 19 20 21 26 27 28 29 34 35 36 37 41 42 44 45 46 47 50 51 52 53 54
 55 57 58 59 60 61 62] [ 9686 10981  4261 13514 11230  4717  5632  9055  7015  3743  7127  4652
 12755  3686  1914  2342  4734  5654  4880  2154  3776  4444  2659  3468
  3821  3815 10775  4343  3383  5866  7934] [] 1716440486.5547790527
[-1 -1  1  1  1  1  1  1  1  1  1  1  1  1  1 -1  1  1  1  1  1  1  1  1
  1  1  1  1  1  1  1  1] [11 18 19 20 21 26 27 28 29 34 35 36 37 41 42 43 44 45 46 47 50 51 52 53
 54 55 57 58 59 60 61 62] [ 9691 11188  4208 13387 11015  4455  5592  7622  6791  3685  6843  4530
 11078  3526  1855 14829  2312  4646  5649  4624  2114  3615  4375  2615
  3428  3721  3622 10655  3998  3351  5809  7807] [] 1716440486.5978000164
[ 1  1  1  1  1  1 -1  1  1  1  1  1  1  1  1  1  1  1  1  1  1  1  1  1
  1  1  1  1  1  1  1  1] [11 18 19 20 21 26 27 28 29 34 35 36 37 41 42 43 44 45 46 47 50 51 52 53
 54 55 57 58 59 60 61 62] [ 9605 11048  4112 13175 10823  4233  5613  6813  6668  3584  6409  4388
 10458  3338  1756 12946  2245  4187  4946  3962  1998  3488  4168  2460
  3077  3524  3295 10427  3562  3247  5773  7549] [] 1716440486.6407089233
[ 1  1  1  1  1  1 -1  1  1  1  1  1 -1 -1  1  1  1  1  1  1  1  1  1  1
  1  1  1  1  1  1  1  1  1] [11 18 19 20 21 26 27 28 29 34 35 36 37 38 41 42 43 44 45 46 47 50 51 52
 53 54 55 57 58 59 60 61 62] [ 9301 10866  3888 12282 10621  3839  6050  6099  5137  3503  5798  4111
 10664 14353  3244  1682 12055  2202  3629  4896  3576  1888  3399  4137
  2365  2946  3347  3099 10123  3262  3119  5734  6895] [] 1716440486.6837472916
[-1 -1  1  1  1 -1  1  1  1  1  1  1  1  1  1  1  1 -1  1  1 -1  1  1 -1
  1  1  1  1  1  1  1  1  1  1] [10 11 18 19 20 21 26 27 28 29 34 35 36 37 38 41 42 43 44 45 46 47 50 51
 52 53 54 55 57 58 59 60 61 62] [15967  9336 10708  3788 11967 10714  3619  5900  4982  4591  3187  5319
  3862  9566 12315  3072  1644 12107  2183  3270  4900  3524  1794  3402
  4105  2339  2898  3320  3062 10111  3176  3055  5712  6827] [] 1716440486.7267167568
[ 1  1  1  1  1  1  1  1  1  1  1  1  1 -1 -1  1  1  1  1  1  1  1  1  1
  1  1  1  1  1  1  1  1  1  1] [10 11 18 19 20 21 26 27 28 29 34 35 36 37 38 41 42 43 44 45 46 47 50 51
 52 53 54 55 57 58 59 60 61 62] [13558  9223 10664  3720 11859 10694  3459  5461  4356  4379  3167  5280
  3760  9998 13432  2959  1592 11372  2157  3081  4863  3300  1726  3188
  4081  2226  2691  3145  2855  9971  3010  2943  5698  6660] [] 1716440486.7697474957
[ 1  1  1  1 -1  1 -1  1  1  1  1  1 -1  1  1 -1  1  1  1  1  1  1  1  1
  1  1  1  1  1  1  1  1  1 -1  1] [10 11 18 19 20 21 23 26 27 28 29 34 35 36 37 38 41 42 43 44 45 46 47 50
 51 52 53 54 55 57 58 59 60 61 62] [11014  9219  8520  3636 11875 10623 16002  3253  5265  3870  4303  3006
  5375  3504  9600 13967  2854  1540 11345  2112  2987  4817  3264  1666
  3105  3827  2100  2547  3070  2723  9811  2850  2879  5716  5805] [] 1716440486.8125982285
[ 1  1  1  1  1  1  1  1  1  1  1  1  1  1  1  1 -1  1 -1  1  1  1  1  1
  1  1  1  1  1  1 -1  1  1 -1  1] [10 11 18 19 20 21 23 26 27 28 29 34 35 36 37 38 41 42 43 44 45 46 47 50
 51 52 53 54 55 57 58 59 60 61 62] [ 9147  9163  7807  3616  9659 10483 15281  3119  5178  3498  4283  2869
  5311  3408  8644 11756  2858  1520 11411  2060  2975  4709  2928  1612
  2914  3421  2056  2490  2901  2694  9846  2730  2847  5720  5629] [] 1716440486.8557500839
[-1  1 -1  1  1  1  1 -1  1  1  1  1 -1  1  1  1  1  1  1  1  1  1 -1 -1
  1  1  1  1  1  1  1  1 -1  1  1  1  1] [ 3 10 11 18 19 20 21 23 26 27 28 29 33 34 35 36 37 38 41 42 43 44 45 46
 47 50 51 52 53 54 55 57 58 59 60 61 62] [15064  9061  9234  7029  3504  9534 10414 15548  3011  5004  3292  4183
 13413  2705  5114  3308  7129 10220  2760  1497 11400  2042  3039  4715
  2828  1554  2851  3273  2034  2449  2816  2643  9867  2693  2763  5702
  5535] [] 1716440486.8987231255
[ 1  1  1  1  1  1 -1  1  1  1  1 -1  1  1  1  1  1  1  1  1  1  1 -1 -1
  1  1  1  1  1  1  1  1 -1  1  1  1  1] [ 3 10 11 18 19 20 21 23 26 27 28 29 33 34 35 36 37 38 41 42 43 44 45 46
 47 50 51 52 53 54 55 57 58 59 60 61 62] [ 6277  8719  9181  6988  3468  8285 10436 13505  2903  4753  3161  4215
 13368  2611  4782  3207  6015  9406  2724  1471 11397  2040  3195  4723
  2794  1530  2797  3190  2023  2446  2762  2595  9930  2660  2743  5678
  5427] [] 1716440486.9417529106
[ 1 -1  1 -1  1  1  1  1  1  1  1  1  1  1 -1  1 -1 -1  1  1 -1 -1  1  1
 -1  1  1 -1  1  1  1  1 -1  1  1 -1  1] [ 3 10 11 18 19 20 21 23 26 27 28 29 33 34 35 36 37 38 41 42 43 44 45 46
 47 50 51 52 53 54 55 57 58 59 60 61 62] [ 6062  8789  9157  7057  3426  7911 10338 13231  2885  4699  3104  4187
 13242  2572  4783  3092  6175  9548  2690  1468 11550  2043  3105  4686
  2816  1521  2722  3210  2009  2421  2750  2570  9977  2607  2718  5742
  5291] [] 1716440486.9846594334
[ 1  1 -1  1  1  1  1 -1  1  1  1  1  1  1 -1 -1  1 -1 -1  1  1 -1  1  1
 -1  1 -1  1 -1  1  1  1  1  1  1  1 -1] [ 3 10 11 18 19 20 21 23 26 27 28 29 33 34 35 36 37 38 41 42 43 44 45 46
 47 50 51 52 53 54 55 57 58 59 60 61 62] [ 5855  8520  9164  6963  3328  7874  9590 13232  2823  4694  3075  4120
 13183  2563  4875  3103  5658  9551  2693  1464 11496  2058  3104  4666
  2828  1514  2725  3170  2012  2414  2750  2559  9919  2581  2699  5708
  5351] [] 1716440487.0276634693
[-1  1  1  1 -1  1 -1  1  1  1  1 -1 -1 -1  1  1 -1 -1  1 -1  1  1 -1  1
 -1 -1 -1 -1 -1 -1 -1 -1  1 -1 -1  1 -1] [ 3 10 11 18 19 20 21 23 26 27 28 29 33 34 35 36 37 38 41 42 43 44 45 46
 47 50 51 52 53 54 55 57 58 59 60 61 62] [ 5857  8115  9138  6937  3420  7815 10021 13165  2823  4677  3049  4147
 13213  2564  4784  3103  5660  9872  2676  1477 11437  2030  3117  4657
  2848  1518  2757  3196  2047  2457  2810  2639  9895  2606  2743  5683
  5535] [] 1716440487.0707535744
[-1 -1  1  1  1 -1  1  1 -1 -1 -1  1 -1 -1 -1  1 -1  1 -1 -1 -1 -1 -1  1
 -1 -1 -1 -1 -1 -1 -1 -1  1 -1 -1  1 -1] [ 3 10 11 18 19 20 21 23 26 27 28 29 33 34 35 36 37 38 41 42 43 44 45 46
 47 50 51 52 53 54 55 57 58 59 60 61 62] [14980  8143  9098  6931  3416  8107  9778 13125  2839  4709  3089  4104
 13421  2572  4859  3074  6165  9742  2840  1496 11447  2037  3166  4653
  3128  1568  2834  3266  2124  2486  2945  2690  9757  2713  2847  5678
  5777] [] 1716440487.1137473583
[-1 -1 -1 -1 -1 -1 -1 -1 -1 -1 -1 -1 -1 -1 -1 -1 -1  1 -1  1 -1 -1 -1 -1
 -1 -1 -1 -1 -1 -1 -1  1 -1  1  1 -1] [10 11 18 19 20 21 23 26 27 28 29 33 34 35 36 37 38 41 42 43 44 45 46 47
 50 51 52 53 54 55 57 58 59 60 61 62] [ 8670  9126  7769  3482  9149  9812 13305  3003  4722  3336  4213 13937
  2710  5101  3208  6961  9822  2793  1520 11437  2044  3240  4688  3226
  1610  2943  3306  2158  2544  2999  2718  9741  2804  2827  5669  6094] [] 1716440487.1564726830
[-1 -1 -1 -1 -1 -1 -1 -1 -1 -1  1 -1 -1 -1 -1 -1 -1 -1  1 -1 -1 -1 -1 -1
 -1 -1 -1 -1 -1 -1 -1 -1 -1  1 -1] [10 11 18 19 20 21 23 26 27 28 29 34 35 36 37 38 41 42 43 44 45 46 47 50
 51 52 53 54 55 57 58 59 60 61 62] [ 9364  9173  7779  3560  9362 10295 14628  3030  4785  3487  4178  2801
  5262  3273  7790 10027  2871  1537 11402  2107  3280  4704  3308  1658
  3040  3407  2169  2578  3039  2847  9815  2959  2859  5652  6487] [] 1716440487.1996564865
[-1  1 -1 -1 -1  1 -1  1 -1 -1 -1 -1 -1 -1 -1 -1 -1  1  1 -1 -1 -1 -1 -1
  1 -1 -1 -1 -1 -1 -1 -1  1 -1] [10 11 18 19 20 21 26 27 28 29 34 35 36 37 38 41 42 43 44 45 46 47 50 51
 52 53 54 55 57 58 59 60 61 62] [13688  9130 10736  3618 11338 10211  3213  4758  3949  4274  2918  5293
  3490  8450 12586  3037  1624 11009  2107  3466  4815  3832  1738  3188
  3374  2232  2735  3323  3003  9915  3180  2943  5640  7037] [] 1716440487.2427744865
[ 1 -1 -1 -1 -1 -1 -1 -1 -1 -1  1 -1 -1 -1 -1 -1 -1 -1 -1 -1 -1 -1 -1 -1
 -1 -1 -1 -1 -1 -1 -1 -1 -1] [11 18 19 20 21 26 27 28 29 34 35 36 37 38 41 42 43 44 45 46 47 50 51 52
 53 54 55 57 58 59 60 61 62] [ 9120 10792  3664 11418 10347  3389  4772  4682  4357  3068  5076  3616
  9595 15023  3405  1669 11185  2130  3710  4863  4296  1845  3318  3425
  2319  2879  3601  3103 10187  3468  2999  5668  7156] [] 1716440487.2857072353
[-1 -1 -1 -1 -1 -1 -1 -1 -1 -1 -1 -1 -1  1 -1 -1 -1 -1 -1 -1 -1 -1 -1 -1
 -1 -1 -1 -1 -1 -1 -1 -1 -1] [11 18 19 20 21 26 27 28 29 33 34 35 36 37 41 42 43 44 45 46 47 50 51 52
 53 54 55 57 58 59 60 61 62] [ 9212 10872  3746 11527 10377  3583  4829  5713  5413 12924  3284  5205
  3763  9514  3424  1727 11983  2166  4582  4942  5010  1926  3434  3492
  2408  3086  4047  3439 10313  3828  3135  5691  7438] [] 1716440487.3284659386
[-1  1 -1 -1 -1 -1 -1 -1 -1 -1  1 -1 -1 -1 -1 -1 -1 -1 -1 -1 -1 -1 -1 -1
 -1 -1 -1  1 -1 -1] [11 18 19 20 21 26 27 28 29 34 35 36 37 41 42 44 45 46 47 50 51 52 53 54
 55 57 59 60 61 62] [ 9644 10800  3874 11723 10613  3827  4931  6467  6600  3308  4969  3906
  9741  3581  1770  2191  5771  5692  8840  1988  3623  3556  2494  3601
  4434  3663  4569  3114  5695  7868] [] 1716440487.3717072010
[ 1  1 -1 -1 -1 -1 -1 -1 -1  1 -1 -1 -1 -1 -1  1 -1 -1 -1 -1 -1 -1 -1 -1
 -1 -1 -1 -1 -1] [18 19 20 21 26 27 28 29 34 35 36 37 41 42 44 45 46 47 50 51 52 53 54 55
 57 59 60 61 62] [10520  3863 12115 10615  4245  5001  7847  6782  3506  4892  4174 10579
  4200  1855  2278  5446  5801 12916  2094  3794  3625  2602  3992  5216
  4057  5881  3259  5746  8152] [] 1716440487.4147372246
[-1 -1 -1 -1 -1 -1 -1 -1 -1 -1 -1 -1 -1 -1 -1 -1 -1 -1 -1 -1 -1 -1 -1 -1
 -1 -1 -1 -1] [18 19 20 21 26 27 28 29 34 35 36 37 41 42 44 45 46 50 51 52 53 54 55 57
 59 60 61 62] [11094  4099 12452 11405  4687  5101 10554  7683  3760  5075  4288 11018
  4440  2005  2393  5827  5882  2254  4015  3769  2654  4302  5901  4711
  6687  3607  5794  9010] [] 1716440487.4577713013
[-1 -1 -1 -1 -1 -1 -1 -1 -1 -1 -1 -1 -1 -1 -1 -1 -1 -1 -1 -1 -1 -1 -1 -1
  1] [19 20 26 27 28 29 34 35 36 37 41 42 44 45 46 50 51 52 53 54 55 57 59 60
 61] [ 4170 12775  4886  5534 10579  7811  3938  5613  4493 11103  4754  2176
  2488  5918  6151  2400  4102  3967  2832  4649 10233  5906  7887  3675
  5722] [] 1716440487.5003945827
[-1 -1 -1 -1 -1 -1 -1 -1 -1 -1 -1 -1 -1  1 -1 -1 -1 -1 -1 -1 -1 -1 -1 -1] [19 20 26 27 28 29 34 35 36 37 41 42 44 45 46 50 51 52 53 54 57 59 60 61] [ 4515 14360  5730  5680 10669 10534  4491  5914  4935 14788  6178  2359
  2666  5825  6931  2673  4193  4018  2922  4723  6814  9145  3830  5735] [] 1716440487.5436573029
[-1 -1 -1 -1 -1 -1 -1 -1 -1 -1 -1 -1 -1 -1 -1 -1 -1 -1 -1 -1 -1 -1 -1 -1] [19 20 26 27 28 29 34 35 36 37 41 42 44 45 46 50 51 52 53 54 57 59 60 61] [ 5032 14682  8211  6327 10764 10651  4901  7046  6091 15039  6498  2672
  2856  6274  7077  2939  4355  4139  3004  4892  7901  9306  4145  5810] [] 1716440487.5866572857
[-1 -1 -1 -1 -1 -1 -1 -1 -1 -1 -1 -1  1 -1 -1 -1 -1 -1 -1 -1 -1  1 -1] [19 20 26 27 28 29 34 35 36 41 42 44 45 46 50 51 52 53 54 57 59 60 61] [ 6407 16040  8538  7372 10785 11410  5426  8377  7167  6807  2925  3115
  6182  7330  3255  4531  4381  3153  5556  8299  9664  4127  5832] [] 1716440487.6295900345
[-1 -1 -1  1 -1 -1 -1 -1 -1 -1  1 -1 -1 -1 -1 -1 -1 -1 -1 -1 -1] [19 26 27 28 34 35 36 41 42 44 45 46 50 51 52 53 54 57 59 60 61] [ 9519  8747  9345 10707  5610  8504  7378  6940  3364  3274  6109  8639
  3479  4972  5212  3377  6039 12031 13901  4276  5940] [] 1716440487.6724812984
[-1 -1 -1 -1 -1 -1 -1 -1 -1 -1 -1 -1 -1 -1 -1 -1 -1 -1 -1] [19 26 27 28 34 35 36 41 42 44 45 46 50 51 52 53 54 60 61] [10168  9224  9675 10783  5987  8610  8859  7532  3620  3437  6116 11546
  3634  5366  5603  3469  7657  4473  5996] [] 1716440487.7156887054
[-1 -1 -1 -1 -1 -1 -1 -1 -1 -1 -1 -1  1 -1 -1 -1 -1 -1] [19 27 28 34 35 36 41 42 44 45 50 51 52 53 54 57 60 61] [10473  9855 11032  6863  8762 12437  8786  3951  3607  6171  3910  6186
  5381  3731 12080 13289  4732  6081] [] 1716440487.7586987019
[-1  1 -1 -1 -1 -1 -1 -1 -1 -1 -1 -1 -1 -1 -1] [27 28 34 35 36 41 42 44 45 50 51 52 53 60 61] [13421 10938  7346  9115 15692 10715  4404  3732  6241  4027  6289  6050
  3950  5051  6108] [] 1716440487.8016514778
[ 1 -1  1 -1 -1 -1 -1  1 -1 -1 -1 -1] [28 34 35 42 44 45 50 51 52 53 60 61] [10918  9277  9071  4418  4077  6478  4554  6264  9220  4345  5694  6496] [] 1716440487.8445539474
[-1 -1 -1 -1 -1 -1 -1 -1 -1 -1 -1] [28 35 42 44 45 50 51 52 53 60 61] [11677 12447  4712  4662  6823  4978  7051  9883  4914  6286  6834] [] 1716440487.8876459599
[-1 -1 -1 -1 -1 -1 -1 -1 -1 -1] [35 42 44 45 50 51 52 53 60 61] [13535  5415  6611 11073  5925  8382 12139  6192  9479  7418] [] 1716440487.9306230545
[-1 -1 -1 -1 -1 -1 -1 -1  1] [42 44 45 50 51 52 53 60 61] [ 5695  7686 11233  6055  8454 14561  6977 12430  7359] [] 1716440487.9736256599
[-1 -1 -1 -1 -1 -1 -1] [42 44 45 50 51 53 61] [ 6110  8704 11332  6582  8509  7867  7418] [] 1716440488.0164611340
[-1 -1 -1  1 -1 -1] [42 44 45 50 53 61] [ 6627 12351 11404  6426  8981  7673] [] 1716440488.0596423149
[-1 -1 -1 -1] [42 44 45 50] [12274 12700 11803  6958] [] 1716440488.1026461124
[ 1 -1] [42 50] [12134  9531] [] 1716440488.1456401348
[-1  1] [42 50] [13489  9437] [] 1716440488.1884682178
[-1] [50] [9475] [] 1716440488.2315628529
[-1] [50] [9570] [] 1716440488.2745294571
[-1] [50] [9838] [] 1716440488.3175981045
2 2 2 1716440488.4038085938
