FA TAX ADC PRES TS
[-1 -1] [42 50] [12762 10205] [] 1716440638.8472867012
[1 1] [42 50] [12584 10148] [] 1716440638.8902492523
[ 1 -1 -1] [42 44 50] [12342 13887 10205] [] 1716440638.9332735538
[1 1 1] [42 44 50] [10086 12831 10019] [] 1716440638.9762156010
[ 1  1 -1  1 -1] [42 44 45 50 53] [ 9385 12711 11958  9961 11959] [] 1716440639.0193426609
[ 1  1 -1  1  1 -1] [42 44 45 50 53 61] [ 7643  9306 12013  9912  9927  7717] [] 1716440639.0622959137
[1 1 1 1 1 1] [42 44 45 50 53 61] [ 6869  9013 11703  9752  7347  7577] [] 1716440639.1053278446
[ 1  1 -1  1 -1  1  1] [42 44 45 50 51 53 61] [ 6597  7206 11710  9739 12608  7263  7559] [] 1716440639.1482303143
[ 1  1  1  1  1  1 -1  1] [42 44 45 50 51 53 60 61] [ 5933  6375 11424  8897 11216  6970 11777  7389] [] 1716440639.1913135052
[1 1 1 1 1 1 1 1] [42 44 45 50 51 53 60 61] [ 5798  5765 11088  8779 10971  6554  9677  7122] [] 1716440639.2343056202
[1 1 1 1 1 1 1 1] [42 44 45 50 51 53 60 61] [ 5696  5148 11035  8696 10217  6513  7731  7105] [] 1716440639.2772548199
[-1  1  1  1  1  1 -1  1  1  1] [28 42 44 45 50 51 52 53 60 61] [12576  5370  4862  7329  8587  8760 13588  6237  6720  6820] [] 1716440639.3202385902
[1 1 1 1 1 1 1 1 1 1] [28 42 44 45 50 51 52 53 60 61] [11611  4618  4737  6908  8422  8315 13005  6100  6481  6614] [] 1716440639.3633270264
[ 1  1  1  1  1 -1  1  1 -1  1 -1] [28 42 44 45 50 51 52 53 54 60 61] [11346  4546  4671  6860  7588  8361 12719  6072 12681  6152  6653] [] 1716440639.4063360691
[ 1 -1 -1  1  1 -1  1  1  1  1  1  1  1] [28 34 41 42 44 45 50 51 52 53 54 60 61] [11325 14654 14929  4278  4323  6915  7080  8192 12165  5775 12306  5895
  6375] [] 1716440639.4492669106
[ 1  1  1  1  1 -1 -1  1  1  1  1  1 -1  1 -1] [28 34 41 42 44 45 46 50 51 52 53 54 57 60 61] [11247 12323 13555  4273  4300  6939 11774  6563  7283  9882  5417  9619
 15233  5648  6474] [] 1716440639.4922575951
[-1 -1 -1  1 -1 -1  1  1  1  1  1  1  1  1  1 -1  1  1] [26 27 28 34 35 36 41 42 44 45 46 50 51 52 53 54 60 61] [12122 14428 11426 10128 15584 16165 13523  4100  4235  6781 11543  6333
  7238  9096  5252  9647  5364  6326] [] 1716440639.5353441238
[-1  1  1 -1  1 -1  1  1  1 -1  1  1  1  1  1  1  1  1 -1  1  1] [19 26 27 28 34 35 36 41 42 43 44 45 46 50 51 52 53 54 57 60 61] [10888 12078 13852 11707  9879 15602 15939  8801  3743 16179  3947  6658
  9577  6021  6129  8804  4950  7700 13114  5058  6250] [] 1716440639.5783605576
[ 1  1  1  1  1 -1  1  1  1  1  1 -1  1  1  1  1  1  1  1  1  1] [19 26 27 28 34 35 36 41 42 43 44 45 46 50 51 52 53 54 57 60 61] [10650 11534 13772 11662  8620 15624 15445  7911  3329 15702  3609  6663
  9336  5563  5543  7835  4848  6366 11409  4724  6122] [] 1716440639.6212935448
[ 1  1  1  1  1  1  1  1  1 -1  1 -1  1  1  1  1  1  1 -1  1  1] [19 26 27 28 34 35 36 41 42 43 44 45 46 50 51 52 53 54 57 60 61] [10016 10948 13709 11507  8149 14635 15007  7825  3219 15960  3498  7956
  8188  4819  5083  7653  4615  6182 12003  4722  6113] [] 1716440639.6642637253
[ 1  1 -1  1 -1 -1  1  1  1  1  1  1  1  1  1  1  1  1  1  1  1  1] [19 26 27 28 29 34 35 36 41 42 43 44 45 46 50 51 52 53 54 57 60 61] [ 8421  9411 13834 11407 11935  8191 13901 14615  7576  2977 15293  3358
  7927  7539  4447  4975  7415  4415  6032  8877  4472  6002] [] 1716440639.7073862553
[ 1  1  1  1  1  1  1  1  1  1  1  1  1  1  1  1  1  1 -1 -1  1  1 -1] [19 26 27 28 29 34 35 36 41 42 43 44 45 46 50 51 52 53 54 55 57 60 61] [ 7896  9036  9989 11298 11242  7215 13228 12495  6191  2850 15224  3269
  7891  7423  4186  4874  6620  4342  6141 11813  8228  4407  6065] [] 1716440639.7503786087
[ 1 -1  1  1  1  1  1  1  1  1  1 -1  1  1  1  1 -1  1  1  1  1  1 -1  1
  1] [19 20 26 27 28 29 34 35 36 41 42 43 44 45 46 50 51 52 53 54 55 57 59 60
 61] [ 7372 15827  8856  9647 11263 11198  6935 12045 11712  5801  2716 15519
  3142  7855  7232  3943  4897  6260  4255  6093  8973  6499 11879  4383
  6004] [] 1716440639.7933840752
[ 1  1  1  1  1  1  1  1  1  1  1  1  1  1  1  1  1  1  1  1  1  1  1  1
 -1 -1] [19 20 26 27 28 29 34 35 36 41 42 43 44 45 46 50 51 52 53 54 55 57 59 60
 61 62] [ 6435 15819  8674  8524 11263 11121  6783 11788  9161  5079  2567 14835
  3064  7579  7013  3616  4797  6193  3742  6050  6343  6090 11678  4280
  6042 14233] [] 1716440639.8363742828
[ 1  1  1  1  1  1  1  1  1 -1  1  1  1  1 -1  1  1  1 -1  1  1  1  1  1
  1 -1  1] [19 20 26 27 28 29 34 35 36 37 41 42 43 44 45 46 50 51 52 53 54 55 57 59
 60 61 62] [ 5747 15010  8656  6701 11216 10811  5864  9002  8866 16341  4903  2504
 11119  2930  7753  6949  3433  4763  6194  3432  5755  5127  5515 11536
  4194  6070 10719] [] 1716440639.8794519901
[-1  1  1  1  1  1  1  1  1  1  1  1  1  1  1  1  1  1  1  1  1  1  1  1
  1  1  1  1] [18 19 20 26 27 28 29 34 35 36 37 41 42 43 44 45 46 50 51 52 53 54 55 57
 59 60 61 62] [11548  5545 14268  8520  6060 11173 10548  5659  7615  8540 13223  4735
  2368 10908  2801  6681  6349  3269  4714  5590  3405  4725  4715  5079
  9511  4060  5996  8950] [] 1716440639.9224023819
[ 1  1  1 -1  1  1  1  1  1 -1  1  1  1  1  1  1  1  1 -1  1  1  1  1  1
  1  1  1  1  1  1] [18 19 20 21 26 27 28 29 34 35 36 37 41 42 43 44 45 46 47 50 51 52 53 54
 55 57 59 60 61 62] [11142  5088 14156 12376  8288  5786 10874 10326  5467  7729  6712 13161
  4189  2244 10739  2678  6310  6259  9730  3000  4127  5311  3297  4291
  4356  4511  7082  3941  5939  8305] [] 1716440639.9653506279
[-1 -1  1  1  1 -1  1  1  1  1  1  1  1  1  1  1  1  1  1  1  1  1  1  1
  1  1  1  1  1  1  1] [11 18 19 20 21 26 27 28 29 34 35 36 37 41 42 43 44 45 46 47 50 51 52 53
 54 55 57 59 60 61 62] [11328 11232  4973 13336 11563  8307  5683  9565  8638  5325  7590  6113
 11144  3828  2185 10583  2631  5154  6016  6993  2804  3988  5263  3272
  3922  4218  4469  6445  3823  5889  7919] [] 1716440640.0083978176
[1 1 1 1 1 1 1 1 1 1 1 1 1 1 1 1 1 1 1 1 1 1 1 1 1 1 1 1 1 1 1] [11 18 19 20 21 26 27 28 29 34 35 36 37 41 42 43 44 45 46 47 50 51 52 53
 54 55 57 59 60 61 62] [ 9993 11090  4642 12904 11143  8275  5474  9151  8111  5042  7130  5545
 11051  3702  2071 10121  2508  4762  5847  4770  2707  3694  5011  3158
  3746  3861  4204  5123  3623  5837  7490] [] 1716440640.0514256954
[ 1  1  1  1  1  1  1  1  1  1  1  1  1 -1  1  1  1  1  1  1  1  1  1  1
  1  1  1  1  1  1  1  1] [11 18 19 20 21 26 27 28 29 34 35 36 37 38 41 42 43 44 45 46 47 50 51 52
 53 54 55 57 59 60 61 62] [ 9730 10941  4463 12336 10774  7330  5384  7445  6181  4497  6260  5064
 10781 11535  3392  1935  9423  2457  4458  5790  4215  2453  3462  4871
  2996  3354  3594  3823  4444  3551  5804  7021] [] 1716440640.0944106579
[ 1  1  1  1  1  1  1  1  1  1  1  1  1  1  1  1  1  1  1  1  1  1  1  1
  1  1  1  1  1  1 -1  1] [11 18 19 20 21 26 27 28 29 34 35 36 37 38 41 42 43 44 45 46 47 50 51 52
 53 54 55 57 59 60 61 62] [ 9494 10916  4235 11818 10653  6733  5250  6252  5594  3966  5929  4805
 10643 11395  3304  1917  9377  2415  4090  5732  4025  2406  3352  4790
  2969  3217  3478  3617  4072  3543  5868  6899] [] 1716440640.1373410225
[ 1  1  1  1  1  1 -1  1  1  1  1  1 -1  1  1  1  1  1  1  1  1  1  1  1
  1  1  1  1  1  1  1  1] [11 18 19 20 21 26 27 28 29 34 35 36 37 38 41 42 43 44 45 46 47 50 51 52
 53 54 55 57 59 60 61 62] [ 9386 10844  4196 11390 10637  5631  5295  5762  5109  3780  5699  4773
 10714 10285  3108  1796  8584  2324  3901  5327  3660  2319  3258  4564
  2868  3059  3272  3503  3730  3258  5764  6234] [] 1716440640.1804022789
[ 1  1  1  1 -1  1  1  1  1  1  1  1  1  1  1  1  1  1  1  1  1  1  1  1
  1  1  1  1  1  1  1  1] [11 18 19 20 21 26 27 28 29 34 35 36 37 38 41 42 43 44 45 46 47 50 51 52
 53 54 55 57 59 60 61 62] [ 9290  9209  3982 10773 10687  4507  5263  4384  4527  3354  5419  4417
 10649  9594  3070  1736  7845  2290  3815  5194  3449  2196  3173  4303
  2712  2950  3133  3271  3488  3209  5759  5598] [] 1716440640.2234396935
[ 1  1  1 -1  1  1  1  1  1  1  1  1 -1  1  1  1  1  1 -1  1  1  1  1  1
  1  1  1  1  1  1 -1  1] [11 18 19 20 21 26 27 28 29 34 35 36 37 38 41 42 43 44 45 46 47 50 51 52
 53 54 55 57 59 60 61 62] [ 9192  8787  3902 11073 10588  4209  5066  4080  4397  3241  5176  4148
 10763  9351  2906  1707  7681  2258  4128  4970  3391  2167  3022  4231
  2634  2770  3082  3178  3375  2902  5779  5041] [] 1716440640.2664778233
[ 1  1  1  1  1  1  1  1  1 -1  1 -1  1 -1 -1  1  1  1  1  1  1  1  1  1
  1  1  1  1  1 -1  1  1  1  1] [11 18 19 20 21 26 27 28 29 33 34 35 36 37 38 41 42 43 44 45 46 47 50 51
 52 53 54 55 57 58 59 60 61 62] [ 9124  8684  3833 10979 10482  4115  5011  3880  4299 14592  3112  5190
  4069 10985 10626  2808  1626  7594  2189  3760  4968  3184  1998  2900
  3583  2533  2657  3009  3116 10527  3098  2871  5764  4654] [] 1716440640.3094031811
[-1 -1  1 -1  1  1 -1 -1  1  1  1  1  1  1  1  1  1  1  1  1 -1  1  1  1
  1  1  1  1  1  1  1  1  1  1  1 -1  1] [ 3 10 11 18 19 20 21 23 26 27 28 29 33 34 35 36 37 38 41 42 43 44 45 46
 47 50 51 52 53 54 55 57 58 59 60 61 62] [ 8049 10668  8518  8806  3764  9665 10523 14467  3775  4960  3409  4249
 13077  2872  4888  3897 10967 10086  2664  1573  7630  2141  3162  4858
  3024  1930  2766  3449  2496  2600  2806  2870 10431  2856  2735  5823
  4083] [] 1716440640.3524410725
[ 1  1  1  1  1  1  1  1  1  1  1  1  1  1  1  1 -1  1  1  1  1  1  1 -1
 -1  1 -1  1  1  1  1  1  1  1  1  1  1] [ 3 10 11 18 19 20 21 23 26 27 28 29 33 34 35 36 37 38 41 42 43 44 45 46
 47 50 51 52 53 54 55 57 58 59 60 61 62] [ 6690  8359  7522  6890  3664  8675 10446 13304  3631  4912  3229  4175
 12786  2694  4873  3822 11136  8562  2608  1564  7594  2090  3077  4859
  3028  1905  2774  3427  2482  2572  2777  2818 10291  2813  2683  5785
  3911] [] 1716440640.3954355717
[ 1  1  1  1  1  1  1  1  1  1  1  1 -1  1  1  1  1  1  1 -1  1  1 -1 -1
  1  1  1  1  1  1  1  1 -1  1  1 -1  1] [ 3 10 11 18 19 20 21 23 26 27 28 29 33 34 35 36 37 38 41 42 43 44 45 46
 47 50 51 52 53 54 55 57 58 59 60 61 62] [ 6282  8182  7385  6807  3616  8352 10301 13244  3516  4880  3144  4151
 12821  2687  4741  3723 11124  7871  2586  1571  7468  2084  3290  4912
  2948  1881  2686  3392  2436  2521  2748  2806 10311  2769  2631  5822
  3903] [] 1716440640.4384934902
[ 1 -1  1  1  1  1  1  1  1  1  1  1  1  1  1  1  1  1  1  1  1 -1  1 -1
  1  1  1 -1  1  1 -1  1  1  1  1  1 -1 -1] [ 3 10 11 18 19 20 21 23 26 27 28 29 33 34 35 36 37 38 41 42 43 44 45 46
 47 50 51 52 53 54 55 57 58 59 60 61 62 63] [ 6069  8296  7294  6623  3569  7501 10293 13100  3471  4831  3083  4129
 12791  2634  4716  3702 10882  7714  2570  1530  7410  2115  3272  4916
  2904  1823  2657  3403  2384  2514  2759  2787 10287  2748  2623  5765
  3931 14488] [] 1716440640.4814651012
[ 1 -1  1 -1  1  1  1 -1  1  1  1  1  1  1 -1  1 -1 -1  1 -1  1  1  1  1
  1  1 -1  1 -1  1  1  1  1  1  1 -1 -1  1] [ 3 10 11 18 19 20 21 23 26 27 28 29 33 34 35 36 37 38 41 42 43 44 45 46
 47 50 51 52 53 54 55 57 58 59 60 61 62 63] [ 5941  8614  6894  6723  3545  7350 10293 13113  3419  4815  3031  4125
 12659  2600  4740  3691 11041  7720  2551  1551  7398  2073  3239  4900
  2880  1797  2671  3334  2402  2504  2743  2787 10179  2729  2599  5766
  3959 13783] [] 1716440640.5244669914
[ 1  1 -1  1  1  1  1 -1  1 -1  1  1  1 -1  1  1  1 -1  1  1 -1 -1 -1 -1
 -1 -1  1 -1  1 -1 -1 -1 -1 -1 -1 -1 -1 -1] [ 3 10 11 18 19 20 21 23 26 27 28 29 33 34 35 36 37 38 41 42 43 44 45 46
 47 50 51 52 53 54 55 57 58 59 60 61 62 63] [ 5887  8364  6918  6473  3537  7146 10209 13129  3393  4858  3008  4094
 12640  2623  4655  3649 10979  7854  2522  1535  7500  2093  3298  4922
  2972  1831  2646  3335  2396  2506  2820  2802 10289  2776  2647  5822
  3967 14140] [] 1716440640.5674767494
[-1  1 -1 -1 -1 -1 -1 -1 -1  1 -1 -1 -1  1 -1 -1  1 -1 -1 -1  1 -1 -1  1
 -1 -1 -1 -1 -1 -1 -1 -1 -1 -1 -1  1 -1] [ 3 10 11 18 19 20 21 23 26 27 28 29 33 34 35 36 37 38 41 42 43 44 45 46
 47 50 51 52 53 54 55 57 58 59 60 61 62] [ 5981  8227  7831  6695  3556  7891 10221 13283  3507  4805  3109  4107
 12692  2598  4685  3684 10840  9789  2652  1578  7459  2106  3499  4759
  3104  1907  2825  3418  2467  2561  2886  2951 10343  2890  2751  5712
  4319] [] 1716440640.6104607582
[-1 -1 -1 -1 -1 -1 -1 -1 -1 -1 -1 -1 -1 -1 -1 -1  1 -1 -1 -1 -1 -1 -1 -1
 -1 -1 -1  1 -1 -1 -1 -1  1  1 -1] [10 11 18 19 20 21 23 26 27 28 29 33 34 35 36 37 38 41 42 43 44 45 46 47
 50 51 52 53 54 55 57 59 60 61 62] [ 8473  8977  8656  3616  8674 10265 13500  3947  4844  3301  4135 12701
  2787  4827  3734 10974  9229  2720  1594  7619  2135  3734  4847  3142
  1942  2838  3426  2436  2636  2978  3015  3013  2743  5695  4701] [] 1716440640.6534352303
[-1 -1  1  1 -1  1 -1 -1 -1 -1 -1 -1 -1 -1 -1  1  1 -1 -1  1 -1 -1 -1 -1
 -1 -1 -1 -1 -1 -1 -1 -1 -1  1 -1] [10 11 18 19 20 21 23 26 27 28 29 33 34 35 36 37 38 41 42 43 44 45 46 47
 50 51 52 53 54 55 57 59 60 61 62] [10392  9144  8230  3587 10608 10213 13960  4231  4929  3577  4172 12729
  2863  5004  3866 10862  9160  2812  1635  7492  2142  3850  4850  3314
  1990  2969  3650  2470  2705  3070  3110  3216  2771  5687  5196] [] 1716440640.6964259148
[ 1 -1 -1 -1  1 -1 -1 -1  1 -1 -1 -1 -1  1 -1 -1 -1 -1 -1 -1 -1 -1 -1  1
 -1 -1 -1 -1 -1 -1 -1  1 -1] [11 18 19 20 21 26 27 28 29 33 34 35 36 37 38 41 42 43 44 45 46 47 50 51
 52 53 54 55 57 59 60 61 62] [ 9097  8491  3653 10614  9997  4333  4982  3898  4155 12840  3043  5017
  3872 10686  9578  2928  1684  8499  2173  4045  4909  3639  2132  2964
  3801  2526  2774  3208  3286  3535  2851  5672  6199] [] 1716440640.7395353317
[-1 -1 -1  1 -1 -1 -1 -1 -1 -1 -1 -1 -1  1 -1 -1 -1 -1 -1 -1 -1 -1 -1 -1
 -1 -1 -1 -1 -1 -1 -1 -1 -1] [11 18 19 20 21 26 27 28 29 33 34 35 36 37 38 41 42 43 44 45 46 47 50 51
 52 53 54 55 57 59 60 61 62] [ 9249  8766  3785 10498 10228  4627  4990  4329  4272 12856  3301  5219
  4350 10641 12176  3120  1799  8507  2240  4302  5038  4262  2237  3105
  4278  2589  2880  3574  3469  4063  3005  5770  6709] [] 1716440640.7825505733
[-1 -1 -1 -1 -1 -1 -1 -1 -1 -1 -1 -1 -1 -1 -1 -1 -1 -1 -1 -1 -1 -1 -1 -1
 -1 -1 -1 -1 -1 -1  1 -1] [11 18 19 20 21 26 27 28 29 34 35 36 37 38 41 42 43 44 45 46 47 50 51 52
 53 54 55 57 59 60 61 62] [ 9318  8998  3967 10574 10360  5391  5118  5295  5009  3563  5252  4462
 10911 12373  3304  1828  8594  2271  4391  5555  5147  2296  3220  4448
  2674  3070  3950  3775  4490  3335  5702  6929] [] 1716440640.8255815506
[-1 -1 -1 -1 -1 -1 -1 -1 -1 -1 -1 -1  1 -1 -1 -1 -1 -1  1 -1 -1 -1 -1 -1
 -1 -1 -1 -1 -1 -1 -1] [11 18 19 20 21 26 27 28 29 34 35 36 37 41 42 43 44 45 46 47 50 51 52 53
 54 55 57 59 60 61 62] [ 9710  9100  4164 10931 10492  7189  5141  6386  5776  3699  5354  4581
 10804  3460  1940  8637  2354  4538  5464 15392  2436  3383  4711  2741
  3232  4225  4087  5564  3406  5788  7070] [] 1716440640.8683292866
[-1  1 -1 -1 -1 -1 -1 -1 -1 -1 -1  1 -1 -1 -1 -1 -1 -1 -1 -1 -1 -1 -1 -1
 -1 -1 -1 -1 -1] [18 19 20 21 26 27 28 29 34 35 36 37 41 42 43 44 45 46 50 51 52 53 54 55
 57 59 60 61 62] [10557  4159 11309 10738  8022  5151  7222  5874  3820  5838  4683 10636
  3696  2046  8642  2432  5102  5961  2614  3522  4790  3010  3579  4898
  4395  7943  3484  5825  7561] [] 1716440640.9115293026
[-1 -1 -1 -1 -1 -1 -1 -1 -1  1 -1 -1 -1 -1 -1 -1 -1 -1 -1 -1 -1 -1 -1 -1
 -1 -1 -1  1 -1] [18 19 20 21 26 27 28 29 34 35 36 37 41 42 43 44 45 46 50 51 52 53 54 55
 57 59 60 61 62] [10858  4395 11996 11287  8075  5248  8875  6851  4019  5681  5215 11001
  3888  2110  9904  2507  5271  6039  2855  4048  5119  3064  3971  6550
  4983 10290  3487  5805  8766] [] 1716440640.9545500278
[ 1 -1  1  1 -1 -1 -1  1 -1 -1 -1 -1 -1 -1  1 -1 -1 -1 -1 -1 -1 -1 -1 -1
 -1  1 -1] [19 20 26 27 28 29 34 35 36 37 41 42 43 44 45 46 50 51 52 53 54 55 57 59
 60 61 62] [ 4382 12840  8063  5217 10090  7793  4610  5670  5579 11018  4240  2283
  9962  2640  5241  6905  3080  4430  5284  3258  4174 11094  5341 11386
  3616  5766 15679] [] 1716440640.9975275993
[-1 -1 -1 -1 -1 -1 -1 -1 -1 -1 -1 -1 -1 -1 -1 -1 -1 -1 -1 -1 -1 -1 -1 -1
 -1] [19 20 26 27 28 29 34 35 36 37 41 42 43 44 45 46 50 51 52 53 54 57 59 60
 61] [ 5017 13259  8344  5578 10852 10205  5370  6597  6636 13031  5030  2403
 10627  2755  5513  6939  3287  4584  5553  3391  4455  5532 11554  3725
  5791] [] 1716440641.0404934883
[-1 -1 -1 -1 -1 -1 -1 -1 -1 -1 -1 -1 -1 -1 -1 -1 -1 -1 -1 -1 -1 -1 -1 -1] [19 20 26 27 28 29 34 35 36 37 41 42 43 44 45 46 50 51 52 53 54 57 60 61] [ 5656 14353  8522  5751 10949 11028  5634  7170  7072 13055  5833  2679
 14156  2950  5781  7044  3572  4670  6015  3743  5045  6325  3873  5850] [] 1716440641.0835113525
[-1 -1 -1 -1 -1 -1 -1 -1 -1 -1  1 -1  1 -1 -1 -1  1 -1 -1  1 -1  1] [19 26 27 28 29 34 35 36 41 42 43 44 45 46 50 51 52 53 54 57 60 61] [ 7356  8817  6389 11077 11576  6559  7575  8361  6216  2715 14154  2972
  5770  7197  3769  4811  6007  3771  5354  6241  3926  5801] [] 1716440641.1265497208
[-1 -1 -1  1 -1 -1 -1 -1 -1 -1 -1 -1 -1 -1 -1 -1 -1 -1 -1 -1 -1] [19 26 27 28 34 35 36 41 42 43 44 45 46 50 51 52 53 54 57 60 61] [ 7874 10665  6674 10926  6853  8922  8909  7036  3150 14533  3247  5881
  9467  4187  4991  6387  3936  6295  8059  4173  5914] [] 1716440641.1694860458
[-1 -1 -1 -1 -1 -1 -1 -1 -1  1 -1 -1 -1 -1 -1 -1 -1 -1 -1 -1 -1] [19 26 27 28 34 35 36 41 42 43 44 45 46 50 51 52 53 54 57 60 61] [10513 11728 11348 11076  7509  9185 12951  8861  3372 14394  3432  6039
 14817  4494  5950  6614  4573  9072  9383  4526  6025] [] 1716440641.2126052380
[-1 -1 -1 -1 -1 -1 -1 -1 -1 -1  1 -1 -1 -1 -1 -1 -1 -1 -1] [19 27 28 34 35 36 41 42 43 44 45 50 51 52 53 54 57 60 61] [10569 13677 11115  7816 10363 14175 10829  3581 14395  3558  6020  5245
  6342  7415  4920 12867 14741  4866  6105] [] 1716440641.2556686401
[ 1 -1 -1 -1 -1 -1 -1 -1 -1 -1 -1 -1  1 -1 -1] [28 34 35 36 41 42 44 45 50 51 52 53 57 60 61] [10843  9492 10987 14508 13845  3811  3714  6079  5739  8322  9574  5056
 13440  5332  6213] [] 1716440641.2986881733
[-1  1 -1  1 -1 -1 -1 -1 -1 -1 -1 -1 -1] [28 34 35 36 42 44 45 50 51 52 53 60 61] [10921  9445 12368 14456  3905  4093  6951  7120  8323 10956  5461  6102
  6409] [] 1716440641.3416705132
[-1 -1 -1 -1 -1 -1 -1 -1 -1 -1 -1 -1] [28 35 36 42 44 45 50 51 52 53 60 61] [11775 14262 14661  4813  5012  7793  7200  8655 13405  6175  7546  6815] [] 1716440641.3846571445
[-1 -1 -1  1 -1 -1 -1] [42 44 45 50 53 60 61] [ 6338  6206  9390  6926  7013 11252  7403] [] 1716440641.4277882576
[ 1 -1 -1 -1 -1 -1] [42 44 45 50 53 61] [ 6229  7980 11300  8767  7709  7538] [] 1716440641.4704673290
[-1 -1 -1 -1 -1 -1] [42 44 45 50 53 61] [ 6647  9231 12038  9150 11580  8215] [] 1716440641.5134925842
[-1 -1  1] [42 44 50] [7278 9601 9119] [] 1716440641.5562305450
[-1 -1 -1] [42 44 50] [12459 12607  9895] [] 1716440641.5993850231
[-1  1] [42 50] [12827  9275] [] 1716440641.6423823833
[-1] [50] [13040] [] 1716440641.6854400635
[1] [50] [11809] [] 1716440641.7283456326
2 2 2 1716440641.8325726986
