FA TAX ADC PRES TS
[-1 -1] [42 50] [13091 10046] [] 1716440687.5900566578
[1 1] [42 50] [12633  9955] [] 1716440687.6330111027
[1 1] [42 50] [12240  9748] [] 1716440687.6759693623
[ 1 -1  1] [42 44 50] [12169 13495  9679] [] 1716440687.7190177441
[ 1  1 -1] [42 44 50] [11840 10245  9685] [] 1716440687.7620446682
[ 1 -1 -1  1] [42 44 45 50] [ 8878 10549 11683  9588] [] 1716440687.8052139282
[ 1 -1 -1  1 -1 -1 -1] [42 44 45 50 51 53 61] [ 8650 13088 11979  8787 14325 13111  7681] [] 1716440687.8482577801
[1 1 1 1 1 1 1] [42 44 45 50 51 53 61] [ 8190 12810 11765  8169 12671  9387  7543] [] 1716440687.8910827637
[ 1  1 -1  1  1  1 -1] [42 44 45 50 51 53 61] [ 7702 10301 11859  8133 12371  8020  7629] [] 1716440687.9341769218
[ 1  1  1  1  1 -1  1  1] [42 44 45 50 51 52 53 61] [ 7325  9582 11832  8015 10470  9345  7737  7457] [] 1716440687.9771189690
[ 1  1  1  1  1  1 -1  1] [42 44 45 50 51 52 53 61] [7034 7416 8621 6363 7540 8497 8765 7135] [] 1716440688.0201165676
[ 1  1  1  1  1  1 -1  1] [42 44 45 50 51 52 53 61] [5380 6023 8188 6269 7235 7881 9460 6850] [] 1716440688.0631022453
[-1  1  1  1  1  1  1 -1  1] [42 44 45 50 51 52 53 60 61] [5549 5638 8153 5346 6509 7718 8839 9830 6835] [] 1716440688.1062293053
[-1 -1  1  1  1  1  1  1  1  1  1] [28 41 42 44 45 50 51 52 53 60 61] [11946 12373  4854  5175  7815  5159  6339  7311  8549  8068  6564] [] 1716440688.1491053104
[ 1 -1  1  1  1  1  1  1  1  1 -1  1  1] [28 36 41 42 44 45 50 51 52 53 54 60 61] [11680 14259 12229  4440  4941  7778  5017  6321  7231  8377 12136  7515
  6527] [] 1716440688.1922335625
[ 1 -1 -1  1  1  1  1  1  1  1  1  1  1  1  1] [28 34 35 36 41 42 44 45 50 51 52 53 54 60 61] [11653 12555 13848 13859 12169  4192  4749  7642  4820  6175  7172  7989
 11705  7192  6469] [] 1716440688.2352297306
[ 1 -1  1  1  1  1  1  1  1  1  1  1  1  1  1] [28 34 35 36 41 42 44 45 50 51 52 53 54 60 61] [11475 12677 13354 13427  9773  3994  4547  7440  4583  6048  6924  7265
  8711  6982  6350] [] 1716440688.2783026695
[1 1 1 1 1 1 1 1 1 1 1 1 1 1 1] [28 34 35 36 41 42 44 45 50 51 52 53 54 60 61] [11299 12468 13023 12935  9436  3947  4508  7326  4326  5428  6798  6875
  8689  6513  6269] [] 1716440688.3212788105
[-1 -1 -1 -1 -1 -1  1  1  1  1 -1 -1  1  1  1  1  1 -1  1  1] [19 26 27 28 34 35 36 41 42 44 45 46 50 51 52 53 54 57 60 61] [10910 12131 14440 11443 12489 13321 12653  9243  3806  4363  7376 11988
  4005  5263  6648  6101  8609 15353  6330  6266] [] 1716440688.3642451763
[ 1  1 -1  1  1  1 -1  1  1  1  1  1  1  1  1  1  1  1  1  1] [19 26 27 28 34 35 36 41 42 44 45 46 50 51 52 53 54 57 60 61] [10662 11920 14992 11277 12324 13165 12656  8890  3429  4102  7260 10730
  3869  4978  6438  5739  8101 14313  6002  6200] [] 1716440688.4073293209
[ 1  1  1 -1  1  1  1  1  1  1  1  1  1  1  1  1  1  1  1  1] [19 26 27 28 34 35 36 41 42 44 45 46 50 51 52 53 54 57 60 61] [10401 11458 13417 11323 12039 12579 12615  8394  3086  3862  7189 10075
  3473  4781  6363  5356  7573 12443  5407  6157] [] 1716440688.4503326416
[ 1  1  1 -1 -1  1  1  1  1  1  1  1 -1  1  1  1  1  1  1  1  1] [19 26 27 28 29 34 35 36 41 42 44 45 46 50 51 52 53 54 57 60 61] [10144 11158 13183 11376 11772  9481  9963 12405  7726  2961  3775  6158
 11350  3286  4754  6261  4948  6217 10581  5084  6111] [] 1716440688.4932613373
[ 1  1 -1  1  1  1  1  1  1  1  1  1  1  1  1  1  1  1 -1  1  1 -1] [19 26 27 28 29 34 35 36 41 42 44 45 46 50 51 52 53 54 55 57 60 61] [ 9304 11003 13244 11316 11267  8698  9160 11454  6951  2820  3631  5999
  8858  3142  4538  5850  4656  5349  7891  8733  4787  6113] [] 1716440688.5363857746
[ 1  1 -1  1  1  1  1  1  1  1  1  1  1 -1  1  1  1  1  1  1  1  1  1] [19 26 27 28 29 34 35 36 41 42 44 45 46 47 50 51 52 53 54 55 57 60 61] [ 6533 10868 13826 11314 11011  7261  9004  9871  6745  2743  3542  5909
  8569 12526  3048  4377  5653  4570  5093  7176  7091  4695  6060] [] 1716440688.5793206692
[ 1 -1  1  1  1  1  1  1  1  1  1  1  1  1 -1  1  1  1  1 -1  1  1  1 -1
 -1] [19 20 26 27 28 29 34 35 36 41 42 44 45 46 47 50 51 52 53 54 55 57 60 61
 62] [ 5906 16063 10404 13064 11245 10753  6840  8938  8450  6289  2669  3446
  5835  8439 12924  2974  3883  5443  4406  5102  5500  6613  4133  6127
 13025] [] 1716440688.6221988201
[-1  1 -1 -1  1  1 -1  1  1  1  1  1  1 -1  1  1  1  1  1  1  1  1  1  1
  1  1 -1  1] [18 19 20 21 26 27 28 29 34 35 36 41 42 43 44 45 46 47 50 51 52 53 54 55
 57 60 61 62] [14048  5740 16372 14481  9334 12064 11373 10725  6740  8818  6941  5844
  2569 15691  3232  5733  7302  9682  2847  3550  4897  4164  4905  4736
  5475  3749  6169  8955] [] 1716440688.6653878689
[ 1  1  1  1  1  1  1  1  1  1  1  1  1  1  1  1  1  1  1  1  1  1  1  1
 -1  1  1] [19 20 21 26 27 28 29 34 35 36 41 42 43 44 45 46 47 50 51 52 53 54 55 57
 60 61 62] [ 4859 15866 13920  8718 10651 11079 10551  5090  8798  6330  5589  2470
 15662  3174  5689  6472  8701  2791  3448  4739  3957  4488  4516  5295
  3750  6056  8443] [] 1716440688.7082748413
[-1  1  1  1  1  1 -1 -1  1 -1  1  1  1 -1  1  1  1  1  1  1  1  1  1  1
  1 -1  1  1  1] [18 19 20 21 26 27 28 29 34 35 36 41 42 43 44 45 46 47 50 51 52 53 54 55
 57 59 60 61 62] [11794  4820 15494 12589  8187 10496 11118 10682  4693  8888  5940  4522
  2329 15704  3090  5544  5535  6415  2691  3372  4580  3807  4004  4109
  4820 12981  3608  5999  7718] [] 1716440688.7513136864
[-1  1  1  1  1  1  1  1  1  1  1  1  1  1  1  1  1  1  1  1  1  1  1  1
  1  1  1  1  1  1] [11 18 19 20 21 26 27 28 29 34 35 36 41 42 43 44 45 46 47 50 51 52 53 54
 55 57 59 60 61 62] [10410 11556  4729 14898 11621  8068 10077  9743 10657  4069  8683  5705
  4020  2251 10804  2958  5481  5369  5355  2626  3358  4428  3514  3846
  3788  4493  7555  3565  5946  7172] [] 1716440688.7943437099
[ 1  1  1  1  1  1  1  1 -1  1 -1  1  1  1 -1  1  1  1  1  1  1  1 -1 -1
  1  1  1 -1  1  1] [11 18 19 20 21 26 27 28 29 34 35 36 41 42 43 44 45 46 47 50 51 52 53 54
 55 57 59 60 61 62] [ 9926 11154  4443 14206 11016  7509 10064  7373 10696  3616  8699  5274
  3840  2200 10851  2911  5106  5331  4946  2614  3288  4334  3540  3896
  3598  4295  6271  3583  5933  7082] [] 1716440688.8373827934
[ 1 -1  1 -1  1  1  1  1  1  1  1  1 -1  1  1  1  1  1  1  1  1  1  1  1
  1  1  1  1  1  1  1] [11 18 19 20 21 26 27 28 29 34 35 36 37 41 42 43 44 45 46 47 50 51 52 53
 54 55 57 59 60 61 62] [ 9828 11236  4438 14271 10786  7324 10006  6262  8563  3398  8585  5122
 16342  3633  2108 10743  2732  4775  4990  4329  2374  3228  4182  3314
  3448  3284  3867  4722  3354  5917  6286] [] 1716440688.8803548813
[ 1  1  1  1 -1  1  1  1  1  1 -1  1  1 -1  1  1  1  1  1  1  1  1  1 -1
  1  1  1  1  1  1  1 -1] [11 18 19 20 21 26 27 28 29 34 35 36 37 38 41 42 43 44 45 46 47 50 51 52
 53 54 55 57 59 60 61 62] [ 9708 10422  4091 13892 10809  6763  7961  5457  8440  3150  8621  5043
 16001 13015  3519  1999 10686  2657  4643  4975  4039  2302  3045  4224
  3301  3223  3121  3603  4156  3311  5894  6331] [] 1716440688.9232785702
[-1  1  1  1  1 -1  1  1  1  1  1  1  1  1  1  1  1  1  1  1  1  1  1  1
 -1  1  1  1  1 -1  1 -1 -1  1] [10 11 18 19 20 21 26 27 28 29 34 35 36 37 38 41 42 43 44 45 46 47 50 51
 52 53 54 55 57 58 59 60 61 62] [16282  9576  7965  4003 13272 10976  5792  7849  4760  8286  3034  8581
  4669 13500 11164  3450  1942 10676  2608  4499  4958  3928  2302  2966
  4242  3242  3084  3009  3551 13491  4060  3371  5895  6318] [] 1716440688.9663221836
[ 1  1  1 -1  1  1  1  1  1 -1  1  1  1 -1  1  1  1  1  1  1  1  1  1  1
  1  1  1  1  1  1  1  1  1  1] [10 11 18 19 20 21 26 27 28 29 34 35 36 37 38 41 42 43 44 45 46 47 50 51
 52 53 54 55 57 58 59 60 61 62] [11183  9551  7948  4026 11831 10789  5259  7452  4561  8320  2883  8570
  4494 13696 10397  3348  1888 10559  2524  4144  4767  3626  2221  2812
  4052  3024  2695  2886  3430 10059  3682  3287  5846  5930] [] 1716440689.0093433857
[ 1  1  1  1 -1 -1  1  1  1  1  1  1  1  1  1  1  1  1  1  1  1  1  1  1
  1  1  1 -1  1 -1  1  1  1  1 -1] [10 11 18 19 20 21 26 27 28 29 34 35 36 37 38 41 42 43 44 45 46 47 50 51
 52 53 54 55 57 58 59 60 61 62 63] [10153  9347  7259  3768 13023 10870  4509  7304  4041  6140  2667  8128
  4072 13330 10149  3294  1859 10557  2418  3566  4599  3482  2136  2679
  4023  3014  2610  2916  3334 10366  3510  3239  5837  5317 13716] [] 1716440689.0523471832
[-1  1 -1  1  1  1 -1  1 -1  1  1  1  1  1  1  1  1  1 -1  1  1  1  1  1
  1  1  1  1  1  1  1  1  1  1  1  1] [ 3 10 11 18 19 20 21 26 27 28 29 34 35 36 37 38 41 42 43 44 45 46 47 50
 51 52 53 54 55 57 58 59 60 61 62 63] [ 6033  9781  9421  6383  3656 12791 11058  4259  7579  3861  5888  2554
  7724  3844 12985 10146  3214  1807 10600  2405  3481  4432  3272  2058
  2648  3999  2887  2520  2868  3307  8781  3454  3175  5828  5111 12027] [] 1716440689.0952732563
[ 1  1  1  1  1  1  1  1  1  1  1  1  1  1  1  1 -1 -1  1  1  1  1 -1  1
  1  1 -1  1  1  1  1  1  1 -1  1 -1] [ 3 10 11 18 19 20 21 26 27 28 29 34 35 36 37 38 41 42 43 44 45 46 47 50
 51 52 53 54 55 57 58 59 60 61 62 63] [ 5999  9504  9299  6267  3624 12485 10891  4125  7544  3744  5806  2478
  7577  3707 12259 10110  3228  1815 10563  2367  3335  4339  3312  2048
  2631  3918  2975  2439  2800  3263  8594  3360  3119  5831  5093 12935] [] 1716440689.1383366585
[ 1 -1  1  1  1 -1  1  1  1  1  1  1  1  1 -1  1  1  1  1  1 -1  1 -1  1
 -1  1  1  1  1  1  1  1  1  1  1 -1] [ 3 10 11 18 19 20 21 26 27 28 29 34 35 36 37 38 41 42 43 44 45 46 47 50
 51 52 53 54 55 57 58 59 60 61 62 63] [ 5823  9973  9272  5895  3530 12587 10736  3936  7445  3669  5804  2455
  7241  3452 13110 10039  3153  1768 10545  2356  3391  4318  3332  2004
  2646  3687  2914  2395  2712  3239  8446  3298  3111  5797  5023 16261] [] 1716440689.1813452244
[ 1  1 -1  1  1  1 -1  1  1  1 -1 -1  1 -1  1 -1  1  1  1  1  1  1  1  1
  1  1  1  1 -1 -1 -1  1  1 -1  1  1] [ 3 10 11 18 19 20 21 26 27 28 29 34 35 36 37 38 41 42 43 44 45 46 47 50
 51 52 53 54 55 57 58 59 60 61 62 63] [ 5807  9912  9307  5839  3456 12367 10781  3838  6920  3593  5857  2457
  7081  3458  8751 10084  3144  1761 10502  2336  3329  4287  3296  1996
  2579  3654  2910  2390  2776  3247  8480  3276  3103  5798  4931 12710] [] 1716440689.2243463993
[-1  1 -1 -1  1  1  1  1 -1 -1 -1  1  1  1  1  1 -1  1 -1 -1 -1 -1 -1 -1
 -1 -1 -1  1 -1 -1 -1  1  1  1  1 -1 -1] [ 3 10 11 12 18 19 20 21 26 27 28 29 34 35 36 37 38 41 42 43 44 45 46 47
 50 51 52 53 54 55 57 58 59 60 61 62 63] [ 5847  9578  9337 16283  5811  3448 11991 10736  3866  7030  3595  5410
  2418  6970  3331  8510 10108  3130  1762 10533  2343  3400  4553  3328
  2000  2595  3671  2910  2427  2784  3295  8464  3263  3007  5783  5143
 12858] [] 1716440689.2673637867
[ 1 -1 -1 -1 -1 -1 -1  1  1 -1 -1 -1 -1  1 -1  1  1 -1 -1  1 -1 -1 -1 -1
  1 -1 -1 -1 -1 -1 -1 -1 -1 -1 -1 -1  1] [ 3 10 11 12 18 19 20 21 26 27 28 29 34 35 36 37 38 41 42 43 44 45 46 47
 50 51 52 53 54 55 57 58 59 60 61 62 63] [ 5815  9676  9369 16379  5863  3488 12331 10698  3854  7195  3616  5864
  2447  6856  3336  8445 10089  3221  1783 10533  2358  3516  4665  3440
  1976  2628  3725  2924  2522  2826  3343  8839  3467  3133  5807  5711
 10749] [] 1716440689.3103275299
[ 1  1 -1 -1 -1  1 -1  1 -1  1 -1  1 -1  1 -1 -1 -1  1 -1 -1 -1 -1 -1 -1
 -1 -1 -1 -1 -1 -1 -1 -1 -1 -1 -1] [10 11 18 19 20 21 26 27 28 29 34 35 36 37 38 41 42 43 44 45 46 47 50 51
 52 53 54 55 57 58 59 60 61 62 63] [ 9284  9263  6189  3530 13151 10405  4051  6918  3733  5801  2464  6855
  3585  8406 10109  3282  1816 10440  2372  3632  4748  3756  2042  2675
  3788  2951  2625  2936  3435  9138  3533  3183  5810  5727 13444] [] 1716440689.3533651829
[-1 -1 -1 -1  1  1 -1  1 -1 -1 -1 -1 -1 -1 -1 -1 -1 -1 -1 -1 -1 -1 -1 -1
 -1 -1 -1 -1  1 -1  1 -1 -1] [10 11 18 19 20 21 26 27 28 29 34 35 36 37 38 41 42 43 44 45 46 47 50 51
 52 53 54 55 57 59 60 61 62] [10164  9291  7084  3632 12590 10284  4212  6707  3859  5887  2541  6952
  3730  9167 10281  3312  1870 10578  2418  3770  4762  3979  2153  2770
  3812  3050  2714  3170  3372  3890  3157  5839  5865] [] 1716440689.3963551521
[-1 -1 -1  1  1 -1 -1 -1 -1 -1 -1 -1 -1 -1 -1 -1 -1  1 -1 -1 -1 -1 -1 -1
 -1 -1 -1 -1 -1 -1 -1 -1] [11 18 19 20 21 26 27 28 29 34 35 36 37 38 41 42 43 44 45 46 47 50 51 52
 53 54 55 57 59 60 61 62] [ 9325  7330  3651 12546 10179  4867  7039  4321  7756  2732  7561  3826
 10167 10372  3412  1903 10595  2418  3880  4894  4359  2218  2792  3875
  3088  2814  3371  3578  4165  3175  5854  5961] [] 1716440689.4392940998
[-1 -1 -1  1 -1 -1 -1 -1 -1 -1  1 -1 -1 -1 -1 -1 -1 -1 -1 -1 -1 -1 -1 -1
 -1 -1 -1 -1 -1  1 -1] [11 18 19 20 21 26 27 28 29 34 35 36 37 41 42 43 44 45 46 47 50 51 52 53
 54 55 57 59 60 61 62] [ 9535  7614  3765 12516 10360  5901  7043  4634  7983  2840  7506  4067
 13617  3496  1983 10638  2458  4342  5143  4868  2284  2956  4057  3172
  2940  3638  3828  6109  3227  5842  6203] [] 1716440689.4823665619
[-1 -1 -1 -1  1 -1 -1 -1 -1 -1 -1 -1 -1 -1 -1 -1 -1 -1 -1 -1 -1 -1  1 -1
 -1 -1 -1 -1 -1 -1 -1] [11 18 19 20 21 26 27 28 29 34 35 36 37 41 42 43 44 45 46 47 50 51 52 53
 54 55 57 59 60 61 62] [ 9590  9233  3955 13096 10311  6344  7137  5132  8143  3007  7864  4414
 14222  3741  2038 10702  2512  4479  5264  5879  2287  3010  4056  3208
  3086  3915  3982  8897  3241  5861  6385] [] 1716440689.5252959728
[-1 -1 -1 -1 -1 -1 -1 -1 -1 -1 -1 -1  1 -1 -1 -1 -1 -1 -1 -1 -1 -1 -1 -1
 -1 -1 -1 -1 -1 -1] [11 18 19 20 21 26 27 28 29 34 35 36 37 41 42 43 44 45 46 47 50 51 52 53
 54 55 57 60 61 62] [ 9851  9569  4068 13148 10521  6961  7230  5614  8232  3214  8144  4586
 14011  4079  2138 10907  2663  4550  5581 10818  2380  3161  4124  3268
  3501  4773  4266  3319  5933  7230] [] 1716440689.5682883263
[-1 -1 -1 -1 -1 -1 -1 -1 -1 -1 -1 -1 -1 -1 -1 -1 -1 -1 -1 -1 -1 -1 -1 -1
 -1 -1  1 -1] [18 19 20 21 26 27 28 29 34 35 36 41 42 43 44 45 46 47 50 51 52 53 54 55
 57 60 61 62] [10880  4103 13604 10647  7943  7704  8013 10465  3757  8146  4832  4420
  2231 15715  2683  5141  6856 13315  2524  3232  4351  3351  3920  6131
  5171  3345  5898  8910] [] 1716440689.6112737656
[-1 -1  1 -1 -1 -1 -1 -1 -1  1 -1 -1 -1 -1 -1 -1 -1 -1 -1 -1 -1 -1 -1 -1
  1  1 -1] [18 19 20 21 26 27 28 29 34 35 36 41 42 43 44 45 46 50 51 52 53 54 55 57
 60 61 62] [11502  4383 13458 11153  8001  9822 10419 10696  4399  8103  5262  5485
  2331 15747  2726  5549  6985  2602  3325  4575  3383  3959  7111  5622
  3318  5871 15123] [] 1716440689.6542975903
[-1  1 -1 -1  1 -1 -1 -1 -1 -1 -1 -1 -1 -1 -1 -1 -1 -1 -1 -1 -1 -1  1] [19 20 21 26 27 28 29 34 35 36 41 42 44 45 46 50 51 52 53 54 57 60 61] [ 4442 13284 11568  8455  9785 10463 10715  4626  8140  5362  6508  2435
  2926  5593  7952  2754  3566  4794  3589  4470  7915  3532  5834] [] 1716440689.6972656250
[-1 -1 -1 -1 -1 -1 -1 -1 -1 -1 -1 -1 -1 -1 -1 -1 -1 -1 -1 -1 -1 -1] [19 20 26 27 28 29 34 35 36 41 42 44 45 46 50 51 52 53 54 57 60 61] [ 5033 13928  8767 10765 10597 10870  6683  8295  5831  6856  2604  3119
  5732  8086  2882  3747  5046  3738  4937 10321  4163  5863] [] 1716440689.7403123379
[-1 -1 -1 -1 -1 -1 -1  1 -1 -1 -1 -1 -1  1 -1 -1 -1 -1 -1 -1 -1 -1] [19 20 26 27 28 29 34 35 36 41 42 44 45 46 50 51 52 53 54 57 60 61] [ 5983 15142  8956 13075 10614 11243  7433  8295  6218  7034  2766  3260
  5791  8067  2993  3981  5266  3983  5124 11601  4200  5933] [] 1716440689.7832384109
[-1 -1  1 -1 -1 -1 -1 -1 -1 -1 -1 -1 -1 -1 -1 -1 -1 -1 -1 -1] [19 26 27 28 34 35 36 41 42 44 45 46 50 51 52 53 54 57 60 61] [ 6847 11216 12894 10629  7675  8417  7290  7057  2952  3546  6788  8301
  3151  4219  5639  4339  7191 16117  4702  5985] [] 1716440689.8263714314
[-1 -1 -1 -1 -1 -1 -1 -1 -1 -1 -1 -1 -1 -1 -1 -1 -1 -1 -1] [19 26 27 28 34 35 36 41 42 44 45 46 50 51 52 53 54 60 61] [10044 11632 12998 10806  8803  8655  8715  7870  3162  3759  6883 10815
  3478  4604  6146  4529  8415  5126  6151] [] 1716440689.8692297935
[-1 -1 -1 -1 -1 -1 -1 -1 -1 -1 -1 -1 -1 -1 -1 -1  1] [26 27 28 34 35 36 41 42 44 45 50 51 52 53 54 60 61] [12272 13594 10859 11148  8889 11347  9350  3413  4031  6991  3963  5513
  6394  4702  9362  5424  6113] [] 1716440689.9122688770
[-1 -1 -1  1 -1 -1 -1 -1  1 -1 -1 -1 -1 -1 -1] [27 28 34 35 36 41 42 44 45 50 51 52 53 60 61] [14595 10905 12304  8788 11450 12287  3672  4261  6940  4575  5619  6526
  4944  6210  6202] [] 1716440689.9552123547
[-1 -1  1 -1  1 -1 -1  1 -1 -1 -1 -1 -1] [28 34 35 36 42 44 45 50 51 52 53 60 61] [10969 12908  8512 12354  3582  4567  7263  4536  5765  7001  6342  7150
  6502] [] 1716440689.9982140064
[-1 -1 -1 -1 -1 -1 -1 -1 -1 -1 -1 -1] [28 35 36 42 44 45 50 51 52 53 60 61] [11698 11809 13289  3862  4867  7456  5045  5924  7302  7042  9397  6684] [] 1716440690.0412733555
[-1 -1 -1 -1 -1 -1 -1 -1 -1 -1 -1] [35 36 42 44 45 50 51 52 53 60 61] [12469 14395  4142  5630  7917  5214  5991  7657  7742 11315  7077] [] 1716440690.0842816830
[-1 -1 -1 -1 -1 -1 -1 -1 -1] [35 42 44 45 50 51 52 53 61] [13484  4410  6885  8490  5548  5993  8569  8549  7356] [] 1716440690.1272101402
[-1 -1 -1 -1 -1 -1 -1 -1] [42 44 45 50 51 52 53 61] [ 4816 10073 11752  5637  6365  9711 11827  7577] [] 1716440690.1702606678
[-1 -1 -1 -1  1 -1] [42 44 50 51 52 53] [ 6509 12333  5874  7965  9574 13540] [] 1716440690.2132420540
[-1 -1 -1 -1 -1] [42 44 50 51 52] [ 7970 12989  6944  9953  9840] [] 1716440690.2561569214
[-1 -1 -1] [42 50 51] [ 8735  9805 10078] [] 1716440690.2991797924
[-1 -1 -1] [42 50 51] [12273  9908 10132] [] 1716440690.3422293663
[-1 -1 -1] [42 50 51] [14743 10109 10291] [] 1716440690.3851838112
[ 1 -1] [50 51] [ 8322 10980] [] 1716440690.4282283783
[ 1 -1] [50 51] [ 8099 11280] [] 1716440690.4712011814
[-1] [50] [10491] [] 1716440690.5142092705
2 2 2 1716440690.5653407574
