FA TAX ADC PRES TS
[-1] [50] [10706] [] 1716441575.1561975479
[-1] [50] [9819] [] 1716441575.2421326637
[1] [50] [9801] [] 1716441575.2850570679
[-1  1] [42 50] [14317  9575] [] 1716441575.3281395435
[ 1 -1 -1 -1] [42 44 50 52] [12941 13443  9944  9863] [] 1716441575.3711454868
[1 1 1 1] [42 44 50 52] [ 8311 13201  8757  9829] [] 1716441575.4141123295
[ 1 -1  1 -1 -1 -1] [42 44 50 51 52 53] [ 7963 13459  7939 10765  9939 13386] [] 1716441575.4571361542
[ 1  1  1 -1  1  1] [42 44 50 51 52 53] [ 6438 12968  7461 11013  9418 13159] [] 1716441575.5000798702
[-1 -1 -1  1  1 -1 -1 -1] [42 44 45 50 51 52 53 61] [ 7131 13086 12080  5782 10014  9680 13548  7823] [] 1716441575.5431768894
[-1  1 -1 -1  1  1  1  1] [42 44 45 50 51 52 53 61] [ 7715 11056 12205  6548  9885  8891 10102  7776] [] 1716441575.5861732960
[-1  1  1  1  1  1  1  1  1] [28 42 44 45 50 51 52 53 61] [12617  7327  8312  8712  6542  7807  7858  9807  7396] [] 1716441575.6291532516
[1 1 1 1 1 1 1 1 1] [28 42 44 45 50 51 52 53 61] [11671  6956  6089  8319  6463  7535  7319  7676  7263] [] 1716441575.6721470356
[1 1 1 1 1 1 1 1 1] [28 42 44 45 50 51 52 53 61] [11441  6914  5525  8055  6369  7090  6969  7291  7014] [] 1716441575.7151763439
[ 1 -1  1  1 -1  1  1  1  1] [28 42 44 45 50 51 52 53 61] [11287  6917  5108  8001  6378  6988  6769  7192  6802] [] 1716441575.7581398487
[ 1 -1  1  1  1 -1  1  1  1  1] [28 41 42 44 45 50 51 52 53 61] [11151 12629  6228  4784  7777  6445  6937  6734  6900  6623] [] 1716441575.8011276722
[-1 -1  1  1  1  1  1  1  1  1 -1  1] [28 35 41 42 44 45 50 51 52 53 54 61] [11487 13944 12190  5719  4637  7627  5882  6927  6614  6637 12698  6454] [] 1716441575.8441259861
[ 1  1  1  1  1 -1 -1  1 -1  1  1  1  1] [28 35 41 42 44 45 46 50 51 52 53 54 61] [11075  9086  9593  5516  4522  7637 12100  5600  6946  6455  5961 12168
  6376] [] 1716441575.8871941566
[-1  1  1  1  1  1  1  1  1  1  1  1  1] [28 35 41 42 44 45 46 50 51 52 53 54 61] [11094  8812  9373  5473  4389  7511 11655  5459  5941  6350  5758 11923
  6310] [] 1716441575.9301724434
[-1  1  1  1  1  1  1  1  1 -1  1  1  1  1] [26 28 35 41 42 44 45 46 50 51 52 53 54 61] [12276 11055  8662  9357  5141  4330  7426 11503  4970  6029  6341  5575
 11666  6261] [] 1716441575.9732408524
[ 1 -1 -1 -1  1  1  1  1  1  1  1  1  1  1  1] [26 28 34 35 41 42 44 45 46 50 51 52 53 54 61] [11840 11181 13098  8711  9225  4682  4082  7195 10041  4583  5218  6184
  5348 11379  6079] [] 1716441576.0162191391
[ 1  1  1  1 -1  1  1  1 -1  1 -1  1  1  1  1] [26 28 34 35 41 42 44 45 46 50 51 52 53 54 61] [11614 10954 13079  8444  9238  4539  4027  7111 11149  4569  5311  6171
  5111 11215  6037] [] 1716441576.0591704845
[-1  1 -1  1  1  1  1  1  1  1  1  1  1  1  1 -1 -1 -1] [19 26 28 34 35 41 42 44 45 46 50 51 52 53 54 57 60 61] [14106 11254 11045 13033  8336  8585  4126  3902  7055  9547  4431  5224
  6159  4812  9727 15058  9227  6080] [] 1716441576.1022593975
[ 1  1  1  1 -1 -1  1  1 -1 -1  1  1  1  1  1  1  1  1  1] [19 26 28 34 35 36 41 42 44 45 46 50 51 52 53 54 57 60 61] [12098 11138 11042 12943  8375 16301  7550  4105  3919  7094  9034  4229
  5166  6095  4709  8115 13992  9103  6033] [] 1716441576.1452789307
[ 1 -1 -1 -1 -1  1 -1  1  1  1  1  1  1  1  1  1  1  1  1  1  1] [19 26 27 28 29 34 35 36 41 42 44 45 46 50 51 52 53 54 57 60 61] [ 8555 11344 15558 11269 11761 10652  8545 15545  6690  3865  3750  6966
  9015  4057  5018  6062  4643  7199  9346  7530  6010] [] 1716441576.1882481575
[ 1  1  1  1  1  1  1  1  1  1  1  1 -1  1  1  1  1  1  1  1  1] [19 26 27 28 29 34 35 36 41 42 44 45 46 50 51 52 53 54 57 60 61] [ 8377  9592 15228 11073 11257  8139  8521 14739  5994  3502  3687  5518
 10809  3741  4829  5815  4446  6364  6142  7158  5903] [] 1716441576.2311968803
[ 1  1 -1  1  1  1  1  1  1  1  1  1  1  1  1  1  1  1 -1  1  1  1] [19 26 27 28 29 34 35 36 41 42 44 45 46 50 51 52 53 54 55 57 60 61] [ 8091  9324 15271 11051 10915  8130  8421 13000  5792  3166  3570  5149
  9017  3552  4303  5584  4319  6216 12674  5635  6643  5903] [] 1716441576.2742388248
[ 1 -1 -1  1  1  1  1  1  1  1  1  1  1  1  1  1  1  1 -1  1  1 -1  1 -1] [19 20 21 26 27 28 29 34 35 36 41 42 44 45 46 50 51 52 53 54 55 57 60 61] [ 7966 15954 13111  8913 15069 11005 10848  7235  8228 12219  5442  2927
  3472  5091  7781  3456  4039  5496  4376  5902  7533  5783  5926  5914] [] 1716441576.3173186779
[ 1  1  1  1 -1  1  1  1 -1  1  1  1  1  1 -1  1  1  1  1  1  1  1  1  1] [19 20 21 26 27 28 29 34 35 36 41 42 44 45 46 50 51 52 53 54 55 57 60 61] [ 7437 15392 11578  8715 15095 10863 10747  6875  8255 10880  5077  2738
  3354  4975  7877  3235  3782  5047  4223  5855  5192  5231  5375  5899] [] 1716441576.3602504730
[ 1  1  1  1 -1  1  1  1 -1  1  1  1  1  1 -1 -1  1  1  1  1  1  1  1 -1
  1 -1 -1] [19 20 21 26 27 28 29 34 35 36 41 42 44 45 46 47 50 51 52 53 54 55 57 59
 60 61 62] [ 6133 14832 11276  8515 15126  9470 10644  6266  8276 10857  4208  2623
  3319  4960  8258 12832  3110  3732  4692  4108  5771  4910  4592 13707
  5279  5946  9054] [] 1716441576.4031755924
[ 1  1  1  1 -1  1  1  1  1  1 -1  1  1  1  1 -1  1  1  1  1  1  1  1  1
  1 -1  1  1] [19 20 21 26 27 28 29 34 35 36 37 41 42 44 45 46 47 50 51 52 53 54 55 57
 59 60 61 62] [ 5951 14712 11133  8297 15132  8148 10493  5923  8251  7836 16353  4024
  2558  3266  4716  8283 11298  3000  3692  4622  4026  5528  4681  4523
 10387  5319  5929  8518] [] 1716441576.4462924004
[-1 -1  1  1  1 -1  1  1 -1  1  1  1  1  1  1  1  1  1  1  1  1 -1  1  1
  1  1  1  1  1  1] [11 18 19 20 21 26 27 28 29 34 35 36 37 41 42 44 45 46 47 50 51 52 53 54
 55 57 59 60 61 62] [11893 11680  5775 14432 10841  8443 12392  7819 10516  4920  7957  7511
 15772  3728  2342  3071  4565  7093 11195  2894  3618  4648  4001  5129
  4000  4503  7276  5151  5890  7879] [] 1716441576.4892776012
[ 1  1  1  1  1  1 -1  1  1  1  1  1  1  1  1 -1  1  1  1  1  1  1  1  1
  1  1 -1  1  1 -1  1] [11 18 19 20 21 26 27 28 29 34 35 36 37 41 42 43 44 45 46 47 50 51 52 53
 54 55 57 59 60 61 62] [ 9695 11397  5419 14424 10707  7881 13031  6760 10462  4290  7737  6906
 15239  3505  2261 15981  2846  4514  6019  8681  2827  3571  4462  3788
  4498  3800  4589  5223  4815  5935  7082] [] 1716441576.5321788788
[ 1  1  1  1  1  1  1  1  1  1  1  1 -1  1  1  1  1  1  1  1  1  1  1  1
  1  1  1  1  1 -1  1] [11 18 19 20 21 26 27 28 29 34 35 36 37 41 42 43 44 45 46 47 50 51 52 53
 54 55 57 59 60 61 62] [ 9420 11360  5368 14150 10525  5931 12425  5721 10218  4054  7403  6678
 15440  3435  2182 15967  2789  4501  5678  6633  2755  3396  4394  3617
  4379  3722  4490  4769  4515  5943  6854] [] 1716441576.5752544403
[ 1  1  1  1 -1  1  1  1  1  1  1  1  1  1  1  1  1  1  1  1  1  1  1  1
  1  1  1  1  1  1  1] [11 18 19 20 21 26 27 28 29 34 35 36 37 41 42 43 44 45 46 47 50 51 52 53
 54 55 57 59 60 61 62] [ 9403 11200  5212 13949 10537  5455 11803  5043  9805  3810  7330  6173
 15386  3357  2111 15714  2720  4434  5596  5808  2706  3317  4319  3523
  4208  3621  4376  4294  4213  5918  6538] [] 1716441576.6182026863
[ 1  1  1  1  1  1  1  1  1  1  1  1 -1  1  1  1  1  1  1  1  1  1  1  1
  1  1  1  1  1  1  1] [11 18 19 20 21 26 27 28 29 34 35 36 37 41 42 43 44 45 46 47 50 51 52 53
 54 55 57 59 60 61 62] [ 9198 10892  5088 13631 10466  5141 11448  4645  9321  3680  6947  5851
 15633  3211  1951 15679  2650  4352  5359  4864  2622  3143  4315  3155
  3947  3283  4151  3943  3951  5832  6234] [] 1716441576.6612505913
[-1  1  1  1  1  1  1  1  1  1  1  1  1  1  1  1 -1  1  1  1  1  1  1  1
  1  1  1  1  1  1  1  1] [ 3 11 18 19 20 21 26 27 28 29 34 35 36 37 41 42 43 44 45 46 47 50 51 52
 53 54 55 57 59 60 61 62] [10341  8841  8783  4924 13343 10421  4687 11041  4541  7007  3414  6353
  5278 15336  3162  1891 15939  2525  4343  5205  4370  2484  3026  4136
  2984  3775  3084  3850  3749  3915  5797  5597] [] 1716441576.7042233944
[ 1  1  1  1  1  1  1 -1  1  1 -1  1  1  1  1 -1  1  1 -1  1  1  1  1  1
  1  1  1  1  1  1 -1  1  1 -1  1] [ 3 11 18 19 20 21 26 27 28 29 33 34 35 36 37 38 41 42 43 44 45 46 47 50
 51 52 53 54 55 57 58 59 60 61 62] [ 9452  8726  7857  4698 13083 10366  4407 11052  4125  5999 14963  3255
  5900  4860 14866 11519  3130  1855 16053  2498  4228  4973  4214  2330
  2896  4116  2938  3499  2999  3786 13843  3504  3903  5832  5156] [] 1716441576.7472276688
[ 1 -1  1  1  1  1 -1  1  1  1  1  1  1  1  1 -1  1  1  1  1  1  1  1  1
  1  1  1  1  1  1  1  1  1  1  1  1] [ 3 10 11 18 19 20 21 26 27 28 29 33 34 35 36 37 38 41 42 43 44 45 46 47
 50 51 52 53 54 55 57 58 59 60 61 62] [ 7291 13810  8659  7413  4608 12971 10402  4251 10897  3891  5898 13367
  3234  5580  4607 14918 11229  2936  1788 16019  2479  4151  4742  3852
  2232  2701  4008  2865  3297  2831  3562 10035  3357  3549  5790  4524] [] 1716441576.7902321815
[ 1  1  1  1  1  1  1  1  1  1  1  1  1  1  1  1  1  1 -1  1  1 -1  1  1
  1  1  1  1  1  1  1  1  1  1 -1  1] [ 3 10 11 18 19 20 21 26 27 28 29 33 34 35 36 37 38 41 42 43 44 45 46 47
 50 51 52 53 54 55 57 58 59 60 61 62] [ 7285 12966  7894  6719  4448 10405 10276  4227  8320  3505  5765 13089
  3114  5213  4210 14918 11170  2903  1799 15042  2409  4162  4718  3724
  2144  2655  4006  2794  3223  2748  3464  8542  3251  3319  5831  4207] [] 1716441576.8332793713
[ 1  1  1  1  1  1 -1  1  1  1  1 -1  1  1  1  1 -1  1  1 -1 -1 -1  1  1
  1  1  1  1  1  1  1  1  1  1  1  1] [ 3 10 11 18 19 20 21 26 27 28 29 33 34 35 36 37 38 41 42 43 44 45 46 47
 50 51 52 53 54 55 57 58 59 60 61 62] [ 5388 10651  7845  6567  4360 10355 10332  4079  8156  3301  5759 13159
  3014  5119  4076 10669 11222  2818  1734 15353  2415  4168  4549  3636
  2074  2624  3937  2735  3114  2666  3455  8204  3183  3195  5780  4095] [] 1716441576.8762428761
[ 1  1  1  1  1  1 -1  1  1  1  1  1  1  1  1  1  1 -1  1 -1  1  1  1  1
  1  1  1  1  1  1  1  1  1  1 -1  1] [ 3 10 11 18 19 20 21 26 27 28 29 33 34 35 36 37 38 41 42 43 44 45 46 47
 50 51 52 53 54 55 57 58 59 60 61 62] [ 5343 10253  7583  6541  4298 10210 10412  4049  8095  3222  5706 12822
  2966  4962  4020  9963 11009  2837  1718 15405  2407  4168  4498  3592
  2050  2606  3859  2602  3017  2650  3399  8189  3141  3134  5850  4019] [] 1716441576.9192261696
[ 1  1  1  1  1  1  1  1 -1  1  1  1  1  1  1 -1  1  1  1  1  1  1  1  1
 -1  1  1 -1  1  1  1 -1  1  1  1  1] [ 3 10 11 18 19 20 21 26 27 28 29 33 34 35 36 37 38 41 42 43 44 45 46 47
 50 51 52 53 54 55 57 58 59 60 61 62] [ 5287 10187  7551  6353  4272 10071 10293  4018  8136  3145  5639 12757
  2936  4861  4006  9971 10989  2766  1710 15310  2350  3945  4446  3592
  2071  2596  3850  2607  2930  2643  3395  8208  3103  3087  5772  3903] [] 1716441576.9622409344
[ 1 -1 -1  1 -1  1 -1  1  1  1  1 -1 -1  1  1  1 -1 -1 -1  1  1  1  1  1
  1  1  1  1  1 -1 -1  1  1  1  1 -1] [ 3 10 11 18 19 20 21 26 27 28 29 33 34 35 36 37 38 41 42 43 44 45 46 47
 50 51 52 53 54 55 57 58 59 60 61 62] [ 5257 10209  7561  6295  4308 10052 10308  3980  8114  3121  5589 12817
  2965  4806  3986  9919 11073  2770  1727 15264  2344  3894  4436  3572
  2039  2571  3839  2584  2922  2651  3439  8190  3084  3071  5759  3927] [] 1716441577.0052375793
[ 1  1 -1  1  1  1  1 -1 -1  1 -1  1  1  1  1  1  1 -1  1  1 -1 -1 -1 -1
 -1  1 -1 -1 -1 -1 -1 -1 -1 -1 -1 -1] [ 3 10 11 18 19 20 21 26 27 28 29 33 34 35 36 37 38 41 42 43 44 45 46 47
 50 51 52 53 54 55 57 58 59 60 61 62] [ 5225 10139  7587  6295  4248 10042 10298  3984  8199  3117  5603 12772
  2916  4796  3942  9882 10921  2790  1711 15200  2354  4132  4583  3696
  2070  2570  3906  2688  3017  2744  3461  8205  3183  3143  5788  4271] [] 1716441577.0482347012
[-1 -1 -1 -1 -1 -1 -1 -1  1 -1 -1  1 -1 -1 -1 -1  1 -1 -1  1 -1  1 -1 -1
 -1 -1  1 -1 -1 -1 -1 -1 -1 -1  1 -1] [ 3 10 11 18 19 20 21 26 27 28 29 33 34 35 36 37 38 41 42 43 44 45 46 47
 50 51 52 53 54 55 57 58 59 60 61 62] [ 5442 11234  8070  6551  4260 10117 10360  4028  8122  3255  5649 12758
  2920  4966  3987 11030 10906  2848  1748 14977  2362  4122  4638  3840
  2156  2593  3894  2753  3167  2846  3525 10367  3321  3327  5757  4799] [] 1716441577.0912482738
[-1 -1 -1 -1 -1 -1  1 -1 -1 -1 -1 -1 -1  1 -1 -1 -1 -1 -1 -1 -1 -1 -1 -1
 -1 -1 -1 -1 -1 -1 -1 -1 -1 -1 -1 -1] [ 3 10 11 18 19 20 21 26 27 28 29 33 34 35 36 37 38 41 42 43 44 45 46 47
 50 51 52 53 54 55 57 58 59 60 61 62] [ 8305 13274  8951  6903  4272 12518 10276  4107 10820  3393  5685 12870
  3001  4930  4058 11186 11054  3065  1778 15354  2415  4164  4714  4406
  2190  2728  3946  2838  3295  2980  3734 10633  3485  3431  5765  5247] [] 1716441577.1342210770
[-1 -1 -1 -1  1  1 -1  1 -1 -1 -1 -1 -1 -1 -1 -1  1 -1 -1 -1 -1 -1 -1 -1
 -1 -1 -1 -1 -1 -1 -1 -1 -1 -1] [10 11 18 19 20 21 26 27 28 29 33 34 35 36 37 38 41 42 43 44 45 46 47 50
 51 52 53 54 55 57 59 60 61 62] [16018  8985  7093  4340 12503 10170  4111 10712  3695  5822 12920  3131
  5133  4138 11301 11945  3044  1796 15988  2429  4192  4751  4870  2270
  2804  4012  2884  3408  3244  3915  3719  3469  5782  5618] [] 1716441577.1772117615
[ 1 -1 -1 -1 -1  1 -1  1 -1 -1 -1 -1 -1 -1 -1 -1 -1 -1 -1 -1  1 -1 -1 -1
 -1 -1 -1 -1 -1 -1 -1 -1 -1] [10 11 18 19 20 21 26 27 28 29 33 34 35 36 37 41 42 43 44 45 46 47 50 51
 52 53 54 55 57 59 60 61 62] [15969  9003  8354  4461 12649 10124  4249 10475  3985  5952 13045  3164
  5197  4287 14793  3062  1847 16022  2495  4313  4707  5984  2341  2892
  4046  2989  3707  3446  3958  3827  3615  5821  6002] [] 1716441577.2202246189
[-1 -1 -1 -1  1 -1  1 -1 -1 -1 -1 -1 -1 -1 -1  1 -1 -1 -1 -1 -1 -1 -1 -1
 -1 -1 -1 -1 -1  1 -1] [11 18 19 20 21 26 27 28 29 34 35 36 37 41 42 43 44 45 46 47 50 51 52 53
 54 55 57 59 60 61 62] [ 9164  8980  4572 12695 10092  4410 10426  4156  6914  3236  5634  4679
 14831  3222  1921 15951  2599  4358  5276 10685  2534  3133  4275  3078
  4061  3916  4320  4421  3739  5791  6314] [] 1716441577.2632136345
[-1 -1 -1 -1 -1 -1  1 -1 -1 -1 -1 -1 -1 -1 -1 -1 -1  1 -1 -1 -1 -1  1 -1
 -1 -1 -1 -1 -1 -1 -1] [11 18 19 20 21 26 27 28 29 34 35 36 37 41 42 43 44 45 46 47 50 51 52 53
 54 55 57 59 60 61 62] [ 9326 11186  4797 12941 10186  4959 10337  4616  8797  3512  6204  5215
 15003  3455  2022 16131  2641  4350  5434 11443  2568  3215  4262  3175
  4133  4600  4460  4680  3775  5796  7022] [] 1716441577.3062000275
[-1 -1 -1 -1 -1 -1 -1 -1 -1 -1 -1 -1 -1 -1 -1 -1 -1 -1 -1 -1 -1 -1 -1 -1
 -1 -1 -1 -1 -1 -1 -1] [11 18 19 20 21 26 27 28 29 34 35 36 37 41 42 43 44 45 46 47 50 51 52 53
 54 55 57 59 60 61 62] [ 9750 11542  4997 13175 10272  5777 10694  5010 10136  3602  6372  5802
 15505  3707  2144 16227  2714  4393  6158 13759  2619  3372  4320  3308
  4482  6191  4783  6511  3885  5800  7575] [] 1716441577.3492391109
[ 1 -1 -1 -1 -1 -1 -1 -1 -1 -1 -1 -1 -1 -1 -1 -1 -1 -1  1 -1 -1 -1 -1 -1
 -1  1 -1] [19 20 21 26 27 28 29 34 35 36 37 41 42 44 45 46 50 51 52 53 54 55 57 59
 60 61 62] [ 4765 13308 10375  7781 11092  6081 10343  3961  7132  6604 15685  4312
  2262  2754  4421  7071  2711  3464  4319  3398  4599  8219  4807 10286
  4030  5770 10810] [] 1716441577.3921971321
[-1 -1  1 -1 -1 -1 -1 -1 -1 -1 -1 -1 -1 -1 -1 -1 -1 -1 -1 -1 -1 -1 -1  1
 -1 -1  1] [18 19 20 21 26 27 28 29 34 35 36 37 41 42 44 45 46 50 51 52 53 54 55 57
 59 60 61] [11534  5089 13285 10628  8114 11228  7372 10353  4197  7236  7063 15768
  4810  2559  2958  4579  7171  2869  3584  4435  3599  4996 13933  4679
 15271  4721  5668] [] 1716441577.4351792336
[-1 -1 -1 -1 -1 -1 -1 -1 -1 -1  1 -1 -1 -1 -1 -1 -1 -1 -1 -1 -1 -1 -1 -1] [19 20 21 26 27 28 29 34 35 36 37 41 42 44 45 46 50 51 52 53 54 57 60 61] [ 5555 14048 11154  8391 11270  8220 10505  4897  7464  8211 15616  5294
  2706  3134  4922  7251  3002  3665  4440  3700  5215  4844  4835  5673] [] 1716441577.4781875610
[-1 -1 -1 -1 -1 -1 -1 -1  1 -1  1 -1 -1 -1 -1 -1 -1 -1 -1 -1 -1 -1 -1 -1] [19 20 21 26 27 28 29 34 35 36 37 41 42 44 45 46 50 51 52 53 54 57 60 61] [ 6529 14450 11642  8630 11534 10201 10625  5607  7397  8498 15615  6354
  2909  3306  4980  8205  3271  3967  4922  4006  5686  5229  5487  5737] [] 1716441577.5211334229
[-1 -1 -1 -1 -1 -1 -1 -1 -1 -1 -1 -1 -1 -1 -1 -1 -1 -1 -1 -1 -1 -1] [19 20 26 27 28 29 34 35 36 41 42 44 45 46 50 51 52 53 54 57 60 61] [ 7982 15813  8853 15444 10667 11306  6687  7643  8514  7999  3290  3498
  5627  8381  3550  4365  5399  4202  6588  5442  6368  5833] [] 1716441577.5641486645
[-1 -1  1  1 -1 -1 -1 -1 -1 -1  1 -1 -1 -1 -1 -1 -1 -1 -1 -1] [19 26 27 28 34 35 36 41 42 44 45 46 50 51 52 53 54 57 60 61] [ 8299 11098 15401 10647  9218  8792  8895  8092  3572  3678  5174  8584
  3647  4478  5664  4272  7336  6129  6711  5861] [] 1716441577.6071734428
[-1 -1  1 -1  1  1 -1 -1 -1 -1 -1 -1 -1 -1 -1  1 -1 -1 -1 -1] [19 26 27 28 34 35 36 41 42 44 45 46 50 51 52 53 54 57 60 61] [ 8494 11228 15367 10753  8479  8657 10501  8480  3776  3749  6771  9098
  3797  4639  6154  4226 11103 12857  9203  5957] [] 1716441577.6501421928
[ 1 -1  1 -1 -1 -1 -1 -1 -1 -1 -1 -1  1 -1 -1 -1 -1] [28 34 35 36 41 42 44 45 46 50 51 52 53 54 57 60 61] [10537 13079  8359 10933  9356  4362  3800  6879 11523  4025  4781  6165
  4170 11221 14271 11963  6033] [] 1716441577.6931068897
[ 1 -1  1 -1 -1 -1 -1 -1 -1 -1 -1 -1 -1 -1] [28 34 35 36 41 42 44 45 50 51 52 53 54 61] [10508 15367  8290 11129 12782  4770  4142  6974  4786  5488  6337  4530
 11991  6041] [] 1716441577.7361116409
[ 1  1 -1 -1  1 -1 -1 -1 -1 -1 -1] [28 35 42 44 45 50 51 52 53 54 61] [10476  8163  6150  4479  6639  5549  6330  9347  5715 13332  6286] [] 1716441577.7790818214
[-1 -1 -1 -1 -1 -1 -1 -1 -1 -1] [28 35 42 44 45 50 51 52 53 61] [10865 10334  6749  5705  7485  6207  8581 10679  6398  6443] [] 1716441577.8220770359
[ 1 -1  1 -1 -1 -1  1 -1 -1 -1] [28 35 42 44 45 50 51 52 53 61] [10763 15202  6357  5963  7923  7016  8197 11017  7431  6830] [] 1716441577.8650488853
[-1 -1 -1 -1 -1 -1 -1 -1 -1] [28 42 44 45 50 51 52 53 61] [11113  7144  6521  8623  8367  8658 11508  7516  7215] [] 1716441577.9080927372
[-1 -1 -1 -1 -1 -1 -1 -1 -1] [28 42 44 45 50 51 52 53 61] [11810  9820  8660 11653  9852 10787 15085  8837  7640] [] 1716441577.9510567188
[-1 -1 -1 -1 -1 -1 -1  1] [42 44 45 50 51 52 53 61] [12335  9497 11942 10044 11058 16205 14350  7394] [] 1716441577.9940655231
[ 1 -1  1 -1] [42 44 50 61] [11732 12258  9925 14985] [] 1716441578.0370125771
[-1 -1  1] [42 44 50] [12711 13111  9878] [] 1716441578.0800292492
[1] [50] [9827] [] 1716441578.1230235100
2 2 2 1716441578.3380336761
