FA TAX ADC PRES TS
[-1] [11] [11697] [] 1716184991.9759781361
[ 1 -1] [11 28] [10263 12252] [] 1716184992.0190358162
[ 1 -1  1] [11 19 28] [ 9751 11394 11733] [] 1716184992.0619287491
[ 1  1 -1] [11 19 28] [ 9544 10031 11767] [] 1716184992.1049783230
[1 1 1] [11 19 28] [ 9341  9676 11724] [] 1716184992.1479890347
[-1  1  1  1] [ 2 11 19 28] [12107  9226  9672 11608] [] 1716184992.1909708977
[-1  1  1  1] [ 2 11 19 28] [12465  9120  9452 11522] [] 1716184992.2339968681
[ 1 -1 -1 -1 -1 -1 -1] [ 2  3 11 19 27 28 29] [12066  8682  9419  9603 14854 11679 12218] [] 1716184992.2769691944
[1 1 1 1 1 1 1] [ 2  3 11 19 27 28 29] [11790  6581  9371  9463 13032 11406 11766] [] 1716184992.3200604916
[ 1  1  1  1 -1  1  1  1] [ 2  3 11 19 20 27 28 29] [11483  6358  9179  7994 15211 12701 11101 11194] [] 1716184992.3629846573
[1 1 1 1 1 1 1 1] [ 2  3 11 19 20 27 28 29] [11330  6126  9094  6624 13306 12624 10924 11045] [] 1716184992.4060547352
[1 1 1 1 1 1 1 1] [ 2  3 11 19 20 27 28 29] [10971  5726  8942  5685 12723 12375 10859 10657] [] 1716184992.4490544796
[ 1  1 -1  1  1 -1  1 -1  1 -1] [ 2  3 11 19 20 26 27 28 29 44] [10944  5695  8989  5287 12495 13285 12361 10975 10516 13911] [] 1716184992.4920299053
[ 1  1  1  1 -1 -1  1 -1 -1 -1  1] [ 2  3 11 19 20 21 26 27 28 29 44] [10869  5575  8907  5170 12563 11059  9216 12371 11044 10764 12771] [] 1716184992.5350344181
[ 1  1  1  1  1  1  1  1 -1  1 -1  1] [ 2  3 11 19 20 21 26 27 28 29 36 44] [10733  5290  8846  4939 12094 10745  8697 12159 11225 10680 12994 12735] [] 1716184992.5779886246
[-1  1 -1 -1 -1 -1  1 -1  1  1  1 -1  1  1] [ 2  3 10 11 19 20 21 26 27 28 29 34 36 44] [10850  4606 13643  8903  4949 12304 10679  8842 11739 11067 10518 12245
 12352 11941] [] 1716184992.6210896969
[ 1  1 -1  1  1  1  1  1  1  1  1  1  1  1] [ 2  3 10 11 19 20 21 26 27 28 29 34 36 44] [10830  4455 13672  8813  4751  9708 10414  8591 11640 10981 10253 11883
 11887  8485] [] 1716184992.6640529633
[-1  1  1  1  1  1 -1  1 -1  1  1  1  1  1 -1] [ 2  3 10 11 19 20 21 26 27 28 29 34 36 44 45] [11001  4207 13486  8691  4406  8880 10417  8244 11716 10771 10105 11768
 11012  6593 13422] [] 1716184992.7070493698
[ 1  1  1  1  1  1  1  1  1  1 -1  1  1 -1  1  1] [ 2  3 10 11 19 20 21 26 27 28 29 34 36 37 44 45] [10846  4089 13389  8629  4171  8631 10370  8053 11625 10722 10216 11453
 10841 16333  5529 10048] [] 1716184992.7500419617
[-1  1 -1  1  1  1  1  1  1  1  1  1  1  1  1  1] [ 2  3 10 11 19 20 21 26 27 28 29 34 36 37 44 45] [11759  3925 13407  8580  3905  8354 10211  7861 11555 10579 10100  8677
 10567 13080  5153  6277] [] 1716184992.7930581570
[-1  1  1  1 -1  1  1  1  1 -1  1  1  1  1  1  1  1] [ 2  3 10 11 18 19 20 21 26 27 28 29 34 36 37 44 45] [11807  3858 11583  8575 10888  3850  8266 10189  7793 11671 10542  9860
  8625 10395 12910  4745  5820] [] 1716184992.8360300064
[ 1  1  1 -1  1  1  1 -1 -1  1  1  1  1  1  1  1 -1  1  1] [ 2  3 10 11 18 19 20 21 23 26 27 28 29 34 36 37 42 44 45] [11555  3839 10558  8625 10428  3723  8034 10283 15626  7629 11305 10341
  8557  8433  9917 12018 11405  4296  5687] [] 1716184992.8790519238
[ 1  1 -1  1  1  1  1  1  1  1  1  1 -1  1  1  1  1  1  1  1 -1] [ 2  3  4 10 11 18 19 20 21 23 26 27 28 29 34 36 37 42 44 45 53] [10836  3583 13448  9907  7298 10268  3671  7792 10154 14119  6156  9026
 10441  7327  8175  8446 11786 10551  4179  5351 14964] [] 1716184992.9219853878
[-1  1  1  1  1  1  1  1  1  1  1  1 -1  1 -1  1  1  1  1  1  1] [ 2  3  4 10 11 18 19 20 21 23 26 27 28 29 34 36 37 42 44 45 53] [11579  3530 11481  7542  6834 10032  3662  7654  9963 13687  5867  8919
 10457  5823  8213  7549 11699  7262  4050  5183 11234] [] 1716184992.9650709629
[ 1  1  1  1  1  1  1  1  1  1  1  1  1  1  1  1 -1  1  1  1  1] [ 2  3  4 10 11 18 19 20 21 23 26 27 28 29 34 36 37 42 44 45 53] [ 9654  3297 10489  6586  6141  8653  3529  7634  9829 13412  4564  8818
  8220  4903  8106  7143 12221  6603  3838  4907  9375] [] 1716184993.0080363750
[-1  1  1  1  1  1  1  1  1 -1  1  1 -1  1  1  1  1  1  1  1  1 -1  1] [ 1  2  3  4 10 11 18 19 20 21 23 26 27 28 29 34 36 37 42 44 45 51 53] [16210  9621  3128 10119  6508  4945  6692  3489  7440  9841 13102  4083
  9608  6415  4787  7955  6870 11985  5990  3722  4601 11468  6612] [] 1716184993.0510644913
[ 1  1  1  1  1  1  1  1  1 -1 -1  1  1  1  1 -1  1  1  1  1  1 -1  1  1] [ 1  2  3  4 10 11 18 19 20 21 23 26 27 28 29 34 36 37 42 44 45 46 51 53] [14216  9414  3039 10057  6494  4316  5799  3383  6702  9925 13109  3967
  9544  6248  4671  8092  6750 11866  5646  3643  4422 11230 10282  6137] [] 1716184993.0940945148
[ 1  1  1 -1  1  1  1  1  1  1  1  1  1  1  1  1 -1  1 -1  1  1  1  1 -1
  1] [ 1  2  3  4 10 11 18 19 20 21 23 26 27 28 29 34 35 36 37 42 44 45 46 51
 53] [14044  7086  2971 10239  6368  3775  5055  3308  6698  9853 13062  3883
  7295  6068  4597  7358 15075  5896 12149  5199  3535  4167 10719 10606
  5898] [] 1716184993.1370971203
[ 1  1  1 -1  1  1  1 -1 -1  1 -1  1  1  1  1  1  1  1 -1  1  1  1  1  1
 -1  1] [ 1  2  3  4 10 11 18 19 20 21 23 26 27 28 29 34 35 36 37 42 44 45 46 51
 52 53] [13924  6889  2859 10258  6344  3529  4480  3313  6709  9831 13072  3701
  6688  5621  4527  7052 15070  5337 12182  4968  3495  4011  8428 10598
 14307  5400] [] 1716184993.1799249649
[-1 -1  1 -1  1  1  1  1  1 -1 -1  1  1  1  1  1  1  1  1  1  1  1  1 -1
  1  1  1] [ 1  2  3  4 10 11 18 19 20 21 23 26 27 28 29 34 35 36 37 42 44 45 46 50
 51 52 53] [14048  7133  2695 10283  5794  3395  4173  3269  6562  9857 13120  3681
  6638  5256  4527  6980 13997  5175 12146  4677  3428  3815  7995 15157
  9996 13043  5084] [] 1716184993.2230274677
[-1 -1  1  1  1  1  1  1  1  1  1  1  1  1  1  1  1  1  1  1  1 -1  1 -1
  1  1  1  1 -1] [ 1  2  3  4 10 11 18 19 20 21 23 26 27 28 29 34 35 36 37 42 44 45 46 47
 50 51 52 53 61] [14177  7358  2643 10107  5525  3285  4023  3182  5981  9797 13056  3583
  6631  4739  4492  6548 13231  5017 12132  4392  3406  3835  7025 11579
 14607  7899 12749  4900  6891] [] 1716184993.2660601139
[-1  1  1  1  1  1  1  1  1  1 -1  1  1  1 -1  1  1  1 -1  1  1  1 -1  1
 -1 -1  1  1 -1  1] [ 1  2  3  4 10 11 18 19 20 21 23 26 27 28 29 34 35 36 37 42 44 45 46 47
 50 51 52 53 54 61] [14314  7095  2565 10005  5273  3171  3826  3117  5765  9773 13176  3441
  6525  4393  4523  6342  8995  4948 12380  4117  3327  3757  7182  6626
 14623  8346 12007  4800 12840  6845] [] 1716184993.3091239929
[ 1 -1  1  1  1  1 -1  1  1  1 -1  1  1 -1  1 -1  1  1  1 -1 -1  1  1  1
 -1  1 -1  1  1  1  1  1] [ 1  2  3  4 10 11 12 18 19 20 21 23 26 27 28 29 34 35 36 37 38 42 44 45
 46 47 50 51 52 53 54 61] [13976  7849  2493  9931  5184  3018 16267  3687  3077  5075  9968 13115
  3273  6714  4184  4538  6162  7701  4660 12512 13220  3978  3167  3579
  7333  5470 14996  6750 12005  4560 12314  6730] [] 1716184993.3520481586
[ 1  1  1  1  1  1  1 -1  1  1  1  1 -1  1  1  1 -1  1  1  1  1  1  1  1
  1 -1  1 -1  1  1  1  1  1] [ 1  2  3  4 10 11 12 15 18 19 20 21 23 26 27 28 29 34 35 36 37 38 42 44
 45 46 47 50 51 52 53 54 61] [13865  7039  2485  9391  5136  2927 15852 14459  3539  3028  4957  9952
 13156  3221  6528  4000  4555  6014  7326  4562 11177 11284  3537  3058
  3327  7472  4852 15186  6581 10485  4338 12010  6590] [] 1716184993.3950104713
[-1 -1  1 -1  1  1  1 -1  1  1  1 -1 -1  1  1  1  1  1  1  1  1  1  1  1
  1  1  1  1  1  1  1  1  1] [ 1  2  3  4 10 11 12 15 18 19 20 21 23 26 27 28 29 34 35 36 37 38 42 44
 45 46 47 50 51 52 53 54 61] [13899  7243  2348  9431  4840  2899 14232 14539  3335  2984  4931 10009
 13189  3029  6215  3701  4447  5766  7268  4415 11076 10613  3467  3023
  3125  7044  4314  9528  6484 10391  4236  9230  6391] [] 1716184993.4380331039
[ 1 -1  1  1  1  1  1  1  1  1  1 -1 -1  1 -1  1 -1  1  1  1  1 -1 -1  1
  1  1  1  1  1  1  1  1  1  1] [ 1  2  3  4 10 11 12 15 18 19 20 21 23 26 27 28 29 34 35 36 37 38 41 42
 44 45 46 47 50 51 52 53 54 61] [13754  8029  2283  9413  4549  2819 13534 13871  3211  2965  4813 10058
 13413  2995  6236  3249  4455  5515  7159  4102 10962 10718 16109  3309
  2966  2997  6029  4093  9168  5471  9885  4026  7089  6184] [] 1716184993.4811089039
[-1  1  1 -1  1  1  1  1  1  1  1 -1 -1  1  1  1  1 -1 -1  1  1  1  1 -1
  1  1  1  1  1  1  1  1  1  1] [ 1  2  3  4 10 11 12 15 18 19 20 21 23 26 27 28 29 34 35 36 37 38 41 42
 44 45 46 47 50 51 52 53 54 61] [13818  8013  2265  9559  4416  2797 12008 13343  3111  2944  4702 10148
 13495  2951  6017  3113  4359  5586  7306  4035 10610 10406 13921  3317
  2736  2887  5448  3850  8896  5097  9571  3876  6894  6099] [] 1716184993.5240859985
[ 1  1  1  1  1  1  1  1  1  1  1  1 -1  1  1  1  1  1  1  1  1  1  1  1
  1  1  1  1 -1  1  1  1  1  1] [ 1  2  3  4 10 11 12 15 18 19 20 21 23 26 27 28 29 34 35 36 37 38 41 42
 44 45 46 47 50 51 52 53 54 61] [13808  7785  2207  9290  4214  2727  9722 13215  2972  2929  4509 10106
 13601  2807  5961  2931  4335  4943  7058  3850 10030  9392 13445  2993
  2640  2791  5399  3742  8955  4995  8982  3861  6805  6052] [] 1716184993.5670320988
[-1 -1  1  1  1  1  1 -1  1  1  1  1 -1  1 -1  1  1  1  1  1  1 -1  1  1
  1 -1  1  1  1  1  1  1  1  1] [ 1  2  3  4 10 11 12 15 18 19 20 21 23 26 27 28 29 34 35 36 37 38 41 42
 44 45 46 47 50 51 52 53 54 61] [13882  8094  2186  9178  4060  2675  9329 13391  2923  2899  4282  9977
 13641  2766  5975  2855  4219  4715  7014  3774  9772 10476 13101  2971
  2586  2811  5356  3631  8136  4796  8606  3680  6643  6002] [] 1716184993.6100230217
[ 1  1  1  1  1  1  1  1  1 -1  1  1 -1  1  1  1 -1 -1  1  1  1  1  1  1
  1  1  1  1 -1 -1 -1  1  1  1] [ 1  2  3  4 10 11 12 15 18 19 20 21 23 26 27 28 29 34 35 36 37 38 41 42
 44 45 46 47 50 51 52 53 54 61] [13698  6741  2152  9087  3980  2611  9186 13339  2908  2917  4228  9744
 13643  2715  5913  2736  4223  4765  6852  3703  9541  9946 12943  2956
  2560  2751  5336  3537  8167  4834  8625  3596  6485  6002] [] 1716184993.6529781818
[ 1 -1 -1 -1  1  1 -1 -1  1  1  1  1 -1  1  1  1  1  1 -1  1  1 -1 -1  1
  1  1 -1  1  1 -1  1 -1  1  1] [ 1  2  3  4 10 11 12 15 18 19 20 21 23 26 27 28 29 34 35 36 37 38 41 42
 44 45 46 47 50 51 52 53 54 61] [13620  6756  2155  9111  3948  2605  9301 13479  2903  2841  4165  9729
 13662  2711  5913  2700  4187  4723  6874  3605  9290 10123 12951  2886
  2550  2742  5357  3509  8141  4899  8490  3616  6463  5964] [] 1716184993.6960299015
[-1  1  1  1  1  1  1 -1  1  1 -1 -1  1  1  1  1  1  1  1  1  1  1 -1 -1
 -1 -1  1 -1 -1  1 -1  1 -1 -1] [ 1  2  3  4 10 11 12 15 18 19 20 21 23 26 27 28 29 34 35 36 37 38 41 42
 44 45 46 47 50 51 52 53 54 61] [13625  6697  2144  9078  3946  2595  9223 13487  2885  2833  4196  9768
 13567  2695  5885  2682  4147  4671  6799  3591  9262  9937 13009  2934
  2576  2763  5326  3552  8735  4863  8573  3600  6473  6009] [] 1716184993.7390420437
[ 1  1 -1 -1  1 -1  1  1  1  1 -1  1 -1 -1  1 -1 -1  1  1 -1  1 -1 -1 -1
 -1 -1 -1 -1 -1 -1 -1 -1  1 -1] [ 1  2  3  4 10 11 12 15 18 19 20 21 23 26 27 28 29 34 35 36 37 38 41 42
 44 45 46 47 50 51 52 53 54 61] [13439  6669  2149  9106  3936  2635  9198 13279  2879  2827  4207  9724
 13705  2698  5883  2755  4151  4651  6762  3635  9260 11885 13563  2970
  2604  2767  5349  3623  8756  5007  8623  3650  6237  6047] [] 1716184993.7820417881
[ 1 -1 -1  1 -1  1 -1  1  1 -1  1  1  1 -1  1 -1 -1 -1 -1  1 -1 -1 -1 -1
 -1 -1 -1 -1 -1 -1 -1 -1 -1 -1] [ 1  2  3  4 10 11 12 15 18 19 20 21 23 26 27 28 29 34 35 36 37 38 41 42
 44 45 46 47 50 51 52 53 54 61] [13390  6678  2157  9062  4000  2629  9216 13245  2875  2833  4199  9713
 13605  2701  5877  2798  4159  4723  6816  3598  9450 12127 15611  3057
  2746  2839  5722  3902 14400  5405  9017  3884  8999  6192] [] 1716184993.8250496387
[-1  1 -1  1 -1 -1 -1 -1 -1 -1 -1  1  1 -1  1 -1 -1 -1 -1 -1 -1  1 -1 -1
 -1 -1 -1 -1  1 -1  1 -1 -1 -1] [ 1  2  3  4 10 11 12 15 18 19 20 21 23 26 27 28 29 34 35 36 37 38 41 42
 44 45 46 47 50 51 52 53 54 61] [13505  6559  2199  9049  4140  2699  9641 13359  2970  2851  4433  9606
 13466  2725  5847  2849  4181  5337  6860  3687  9569 11808 16245  3205
  2774  2876  6863  4332 14314  5991  8961  4004 11718  6288] [] 1716184993.8680562973
[-1 -1 -1 -1 -1 -1 -1  1 -1 -1 -1  1  1 -1 -1 -1 -1 -1 -1  1  1  1 -1 -1
 -1 -1 -1 -1 -1 -1 -1 -1 -1] [ 1  2  3  4 10 11 12 15 18 19 20 21 23 26 27 28 29 34 35 36 37 38 42 44
 45 46 47 50 51 52 53 54 61] [13572  6647  2211  9077  4452  2783 11270 13311  3097  2885  4549  9588
 13274  2807  5889  3057  4193  5778  6954  3680  9524 10407  3523  2862
  3070  7134  5347 14400  6735 10167  4288 12616  6651] [] 1716184993.9110274315
[ 1  1 -1  1 -1 -1 -1 -1 -1 -1 -1  1  1 -1 -1 -1 -1 -1  1 -1 -1 -1 -1 -1
  1 -1 -1 -1 -1 -1 -1] [ 1  2  3  4 10 11 12 15 18 19 20 21 23 26 27 28 29 34 35 36 37 42 44 45
 46 47 50 51 52 53 61] [13364  6618  2259  9043  4572  2797 13965 13587  3151  2910  4654  9556
 13072  2857  5973  3364  4207  6076  6929  3738  9824  3725  2956  3178
  7045  8307 14427  6957 10655  4352  6679] [] 1716184993.9541056156
[-1  1 -1  1 -1 -1  1 -1 -1 -1 -1  1  1 -1 -1 -1  1 -1 -1 -1 -1 -1 -1 -1
  1 -1 -1 -1  1] [ 1  2  3  4 10 11 12 15 18 19 20 21 23 26 27 28 29 34 35 36 37 42 44 45
 46 50 51 52 53] [13531  6589  2327  9012  4840  2858 13935 14431  3273  2983  4835  9529
 12972  2944  6051  3656  4165  6351  6956  4108  9922  3896  2977  3263
  6807 14681  7673 11023  4203] [] 1716184993.9970443249
[-1  1 -1  1  1 -1 -1 -1  1 -1  1  1 -1  1 -1 -1 -1  1 -1  1 -1 -1 -1 -1
 -1 -1 -1] [ 1  2  3  4 10 11 12 18 19 20 21 23 26 27 28 29 34 35 36 37 42 44 45 46
 51 52 53] [13616  6518  2383  8919  4770  2897 14836  3299  2951  4921  9478 12770
  2983  6042  3746  4203  6422  6891  4200  9863  4195  3194  3611  7971
  7972 12030  4894] [] 1716184994.0399384499
[-1 -1 -1 -1 -1 -1 -1 -1 -1 -1 -1 -1  1 -1 -1 -1 -1 -1 -1 -1 -1 -1 -1 -1
 -1 -1] [ 1  2  3  4 10 11 18 19 20 21 23 26 27 28 29 34 35 36 37 42 44 45 46 51
 52 53] [14013  6666  2469  9008  5312  3107  3739  2970  5003  9713 12960  3149
  5814  4039  4307  6632  7211  4613 10109  4206  3327  3823  8337  8363
 12097  5153] [] 1716184994.0830707550
[-1  1 -1  1 -1 -1 -1 -1 -1  1 -1 -1 -1 -1 -1  1 -1 -1 -1 -1 -1 -1 -1 -1] [ 1  2  3  4 10 11 18 19 20 21 23 26 27 28 29 34 35 36 37 42 44 45 51 53] [14284  6595  2509  8965  5392  3170  3841  3015  5745  9594 12980  3173
  5877  4420  4310  6522  7341  4682 10132  4534  3397  3951 10813  6109] [] 1716184994.1260721684
[ 1 -1 -1 -1 -1 -1 -1 -1 -1 -1 -1 -1 -1 -1 -1 -1 -1 -1 -1 -1 -1 -1 -1 -1] [ 1  2  3  4 10 11 18 19 20 21 23 26 27 28 29 34 35 36 37 42 44 45 51 53] [14243  6682  2621  8970  6042  3453  4330  3075  6361  9699 13024  3368
  6031  5014  4379  6615  8605  4905 10377  6404  3594  4316 11329  8007] [] 1716184994.1688857079
[ 1 -1 -1  1 -1 -1 -1 -1 -1  1 -1 -1 -1 -1 -1 -1 -1 -1 -1 -1  1 -1 -1] [ 1  2  3  4 10 11 18 19 20 21 23 26 27 28 29 34 35 36 37 42 44 45 53] [14188  7959  2820  8961  6063  3702  5297  3157  6381  9516 13038  3631
  6061  5525  4523  6681  9040  5161 10972  7830  3589  4447 13505] [] 1716184994.2120246887
[ 1 -1 -1 -1 -1 -1 -1 -1 -1 -1  1 -1 -1 -1 -1 -1 -1 -1 -1 -1 -1 -1] [ 1  2  3  4 10 11 18 19 20 21 23 26 27 28 29 34 35 36 37 42 44 45] [14019 10624  2919  8979  6209  4431  6345  3198  6488  9623 13021  3796
  6409  5791  4580  7405  9278  5467 11210 10706  3730  4919] [] 1716184994.2549576759
[-1 -1 -1 -1 -1 -1 -1 -1 -1 -1 -1 -1 -1 -1 -1 -1 -1 -1 -1 -1 -1] [ 1  2  3  4 10 11 18 19 20 21 23 26 27 28 29 34 35 36 37 44 45] [14711 11883  3043  9001  6289  5438  7397  3292  6809  9680 13079  4340
  6537  6098  4711  7810 12262  5960 11408  3766  5103] [] 1716184994.2979621887
[-1 -1  1 -1 -1 -1 -1 -1 -1  1 -1 -1 -1 -1 -1 -1 -1  1 -1 -1] [ 2  3  4 10 11 18 19 20 21 23 26 27 28 29 34 35 36 37 44 45] [15110  3279  8939  6676  7085  9836  3313  7548  9749 13013  4797  7831
  9747  5701  8350 15561  6289 11289  4222  6167] [] 1716184994.3409602642
[ 1 -1 -1 -1 -1 -1 -1  1 -1 -1 -1 -1 -1 -1 -1 -1 -1 -1 -1 -1] [ 2  3  4 10 11 18 19 20 21 23 26 27 28 29 34 35 36 37 44 45] [10995  3537  9081  8723  8467  9958  3397  7256  9764 13513  6919  8441
 10037  6391  8429 15673  8022 11642  4798  8167] [] 1716184994.3840382099
[ 1 -1 -1 -1 -1 -1 -1 -1  1 -1 -1 -1 -1 -1 -1 -1 -1 -1] [ 2  3  4 10 11 18 19 20 21 26 27 28 29 34 35 36 37 44] [10509  3609  9187  9489  8509 10060  3485  7521  9756  7686  8606 10191
  6861  8657 15823  8422 11658  5017] [] 1716184994.4270138741
[ 1 -1 -1 -1  1 -1 -1 -1 -1 -1 -1  1 -1 -1 -1 -1 -1] [ 2  3  4 10 11 18 19 20 21 26 27 28 29 34 36 37 44] [10474  3923 14354  9679  8495 10263  3569  7680  9851  7894 10492 10035
  9548  9017 10002 11855  7694] [] 1716184994.4700031281
[ 1  1 -1 -1 -1 -1 -1 -1 -1 -1 -1 -1 -1 -1 -1 -1] [ 2  3 10 11 18 19 20 21 26 27 28 29 34 36 37 44] [10118  3904 12969  8557 10770  3775  7878 10065  7975 10827 10346  9583
 11529 10403 13119 12415] [] 1716184994.5129046440
[-1 -1 -1  1 -1 -1 -1 -1 -1  1 -1 -1 -1] [ 2  3 10 11 19 20 21 26 27 28 29 36 44] [10136  3999 13144  8524  3809  8156 10269  7997 12031 10125  9808 10515
 12752] [] 1716184994.5559923649
[-1 -1 -1 -1 -1 -1 -1 -1 -1 -1 -1 -1] [ 2  3 10 11 19 20 21 26 27 28 29 36] [11826  4239 13201  8655  4087  8518 10373  8575 12317 10406  9834 10697] [] 1716184994.5989460945
[ 1 -1 -1 -1 -1 -1 -1 -1 -1  1 -1 -1] [ 2  3 10 11 19 20 21 26 27 28 29 36] [10951  4360 13250  8710  4361 10904 10641 13094 12446 10396 10006 11588] [] 1716184994.6420180798
[ 1 -1 -1  1 -1 -1 -1  1  1 -1 -1] [ 2  3 10 11 19 20 21 27 28 29 36] [10934  4527 14442  8657  4393 11361 10838 11133 10363 10319 12084] [] 1716184994.6848771572
[-1 -1 -1 -1 -1 -1 -1 -1 -1] [ 2  3 11 19 20 21 27 28 29] [11513  5277  8756  4479 11503 11656 12159 10619 10435] [] 1716184994.7279982567
[-1 -1 -1 -1 -1 -1 -1 -1] [ 2  3 11 19 20 27 28 29] [12631  5664  8875  5161 12316 12416 11003 10821] [] 1716184994.7708406448
[-1 -1 -1 -1 -1 -1 -1  1] [ 2  3 11 19 20 27 28 29] [14375  5847  8983  5745 12541 12542 11312 10781] [] 1716184994.8139600754
[ 1 -1  1 -1 -1 -1] [ 2  3 11 19 20 28] [13003  6267  8980  6789 14222 11385] [] 1716184994.8569631577
[ 1  1 -1 -1  1] [ 2 11 19 20 28] [12233  8855  8910 15835 11183] [] 1716184994.8999400139
[-1 -1 -1  1] [ 2 11 19 28] [14242  9064  9402 11173] [] 1716184994.9429292679
[-1 -1  1] [11 19 28] [ 9116  9710 11164] [] 1716184994.9858965874
[1] [11] [8942] [] 1716184995.0289125443
2 2 2 1716184995.2197380066
