FA TAX ADC PRES TS
[1] [11] [11088] [] 1716179039.0584104061
[1] [11] [10594] [] 1716179039.1015434265
[1] [11] [10467] [] 1716179039.1443848610
[1] [11] [10046] [] 1716179039.1874954700
[1] [11] [9617] [] 1716179039.2304408550
[1] [11] [9288] [] 1716179039.2734534740
[1] [11] [9128] [] 1716179039.3164618015
[1] [11] [8998] [] 1716179039.3594856262
[-1 -1 -1 -1] [ 3 11 28 29] [ 7434  9683 13111 11721] [] 1716179039.4024648666
[1 1 1 1] [ 3 11 28 29] [ 6744  9643 12292 11473] [] 1716179039.4454650879
[-1 -1 -1  1  1] [ 3 11 19 28 29] [ 6778  9785 11258 12079 11209] [] 1716179039.4884834290
[1 1 1 1 1] [ 3 11 19 28 29] [ 6411  9557 10071 11538 10831] [] 1716179039.5314710140
[1 1 1 1 1] [ 3 11 19 28 29] [ 6015  9299  9436 11177 10765] [] 1716179039.5743882656
[ 1 -1 -1 -1 -1 -1  1] [ 3 11 19 20 21 28 29] [ 5973  9306  9874 16182 11812 11279 10660] [] 1716179039.6175863743
[ 1  1  1  1  1  1 -1] [ 3 11 19 20 21 28 29] [ 5897  9225  9112 15106 11579 11270 10677] [] 1716179039.6605136395
[ 1 -1  1  1  1  1  1] [ 3 11 19 20 21 28 29] [ 5827  9241  7805 13601 11167 11246 10615] [] 1716179039.7035021782
[ 1 -1  1  1  1 -1  1  1] [ 3 11 19 20 21 27 28 29] [ 5676  9246  7579 13119 11048 13297 11151 10580] [] 1716179039.7465469837
[ 1  1  1  1  1  1 -1 -1] [ 3 11 19 20 21 27 28 29] [ 5607  9097  6570 12858 10869 12905 11488 10610] [] 1716179039.7894735336
[1 1 1 1 1 1 1 1] [ 3 11 19 20 21 27 28 29] [ 4711  8974  5837 11604 10512 11906 11210 10399] [] 1716179039.8325967789
[1 1 1 1 1 1 1 1] [ 3 11 19 20 21 27 28 29] [ 4503  8898  5653 11490 10464 11750 11180 10373] [] 1716179039.8754758835
[ 1  1  1  1  1 -1 -1 -1 -1] [ 3 11 19 20 21 27 28 29 36] [ 4146  8841  5199 11420 10271 11895 11318 10378 13051] [] 1716179039.9184641838
[ 1  1  1 -1  1  1 -1  1  1 -1] [ 3 11 19 20 21 27 28 29 36 44] [ 3776  8808  4913 11448 10205 11828 11398 10052 12730 13693] [] 1716179039.9614973068
[ 1 -1  1  1  1 -1  1  1  1  1] [ 3 11 19 20 21 27 28 29 36 44] [ 3690  8810  4768 11275 10121 12261 11388 10001 12341 12671] [] 1716179040.0044546127
[ 1 -1 -1  1  1  1  1  1  1  1 -1 -1] [ 3 11 18 19 20 21 27 28 29 36 44 45] [ 3543  8850 12751  4608 10803  9990 11993 11288  7216 12321 12847 12512] [] 1716179040.0474250317
[ 1  1 -1 -1  1 -1 -1 -1 -1 -1 -1  1  1] [ 3 11 18 19 20 21 26 27 28 29 36 44 45] [ 3515  8629 12875  4640  8572 10179 13495 12043 11347  7277 12522 12629
 11758] [] 1716179040.0904970169
[ 1  1  1  1 -1  1  1 -1  1  1  1 -1  1  1] [ 3 11 18 19 20 21 26 27 28 29 36 37 44 45] [ 3422  7911 10837  4537  8605 10100 12865 12325  9930  7055 12246 16381
  8186 11674] [] 1716179040.1335136890
[ 1  1  1  1  1  1 -1  1  1  1  1  1  1  1  1 -1] [ 3 11 18 19 20 21 23 26 27 28 29 36 37 44 45 46] [ 3137  6773 10466  4384  8526 10061 16279 12613 12290  9415  6566 12148
 12595  6167 11494 12310] [] 1716179040.1766018867
[ 1  1  1  1  1 -1  1  1 -1  1  1 -1  1 -1  1 -1  1] [ 3 11 18 19 20 21 23 26 27 28 29 34 36 37 44 45 46] [ 3047  5823 10380  4335  8459 10134 15747  8885 12395  9131  5931 13759
 10943 12704  5451 11505  9330] [] 1716179040.2194905281
[ 1  1  1  1  1  1  1  1 -1  1  1  1  1  1  1  1  1 -1] [ 3 11 18 19 20 21 23 26 27 28 29 34 36 37 44 45 46 53] [ 2991  5165  7837  4128  7687 10118 14824  7442 12420  8458  5527 11669
 10742 12485  5284 11490  9149 15196] [] 1716179040.2626056671
[ 1  1  1  1  1  1  1  1  1  1  1  1  1 -1  1  1  1  1] [ 3 11 18 19 20 21 23 26 27 28 29 34 36 37 44 45 46 53] [ 2927  4742  6955  4031  7225 10102 14472  6863 12230  7044  5456 11354
 10239 12718  4975 11488  8865 12061] [] 1716179040.3054602146
[ 1  1 -1  1  1  1 -1  1  1  1  1  1  1  1  1  1  1  1  1] [ 3 11 15 18 19 20 21 23 26 27 28 29 34 36 37 44 45 46 53] [ 2778  4044 16151  6745  3945  6965 10134 13793  6361 12226  6882  5377
 11231 10194 11875  4797 11074  8310 11431] [] 1716179040.3484411240
[ 1  1  1  1  1  1  1  1  1  1  1  1  1  1 -1 -1  1  1  1 -1  1] [ 3 11 15 18 19 20 21 23 26 27 28 29 34 36 37 42 44 45 46 47 53] [ 2685  3641 15408  6311  3863  6715 10079 13502  5579 12183  5924  5275
 11024  9853 11991 13271  4571 10829  8162 15008 11409] [] 1716179040.3915259838
[ 1 -1  1  1  1 -1 -1  1 -1  1 -1  1  1 -1  1 -1 -1  1 -1  1  1 -1] [ 3  4 11 15 18 19 20 21 23 26 27 28 29 34 36 37 42 44 45 46 47 53] [ 2683 13042  3525 14548  5899  3901  6861 10045 13798  5096 12260  5783
  5203 11347  9746 12135 13545  4300 10881  7304  8485 11723] [] 1716179040.4344072342
[ 1 -1  1  1  1  1  1  1  1  1  1  1  1 -1  1  1 -1  1  1  1 -1  1  1] [ 3  4 11 15 18 19 20 21 23 26 27 28 29 34 36 37 38 42 44 45 46 47 53] [ 2629 13109  3374 14546  4937  3787  6584 10011 13659  4768  9922  5283
  5172 11530  9342 11886 12009 11319  4109 10873  7439  6310  9954] [] 1716179040.4775056839
[ 1 -1  1  1  1  1  1 -1 -1  1  1  1  1  1  1  1  1  1  1  1 -1  1  1] [ 3  4 11 15 18 19 20 21 23 26 27 28 29 34 36 37 38 42 44 45 46 47 53] [ 2559 13339  3313 13774  4828  3761  6492 10049 13730  4707  9655  5064
  5139  9043  8978 11715 11794  9730  3988 10616  7463  5470  8777] [] 1716179040.5204248428
[ 1  1 -1  1  1 -1  1 -1 -1  1 -1  1  1  1  1 -1  1 -1  1  1  1  1  1  1
  1 -1] [ 3  4 10 11 15 18 19 20 21 23 26 27 28 29 34 35 36 37 38 42 44 45 46 47
 53 54] [ 2483 11336 15334  3263 13598  4854  3711  6530 10173 13672  4713  9597
  4663  5065  8969 13845  7552 11829 10887  7400  3962  8913  7400  5107
  8425 13748] [] 1716179040.5635471344
[-1 -1  1  1  1 -1  1  1  1 -1  1 -1  1 -1  1  1  1  1  1  1  1  1  1  1
  1  1] [ 3  4 10 11 15 18 19 20 21 23 26 27 28 29 34 35 36 37 38 42 44 45 46 47
 53 54] [ 2491 11758 13870  3162 13493  4873  3611  6429 10170 13723  4467  9625
  4269  5089  8130 13377  7276 11215 10880  5932  3876  7304  6317  4572
  8031 12093] [] 1716179040.6065473557
[ 1 -1  1  1 -1  1  1  1  1 -1  1  1  1  1  1  1  1 -1 -1  1  1  1  1  1
  1 -1  1  1] [ 3  4 10 11 12 15 18 19 20 21 23 26 27 28 29 34 35 36 37 38 42 44 45 46
 47 52 53 54] [ 2385 12543 13600  3025 16012 13116  4733  3532  6320 10311 13488  4455
  9520  4031  4937  7951 13210  7363 11488  9130  4872  3827  6787  5957
  4333 13983  7259 11842] [] 1716179040.6495363712
[ 1 -1  1  1  1 -1  1  1  1 -1 -1  1  1  1  1 -1 -1 -1  1  1  1  1  1  1
  1  1  1  1 -1] [ 3  4 10 11 12 15 18 19 20 21 23 26 27 28 29 32 34 35 36 37 38 42 44 45
 46 47 52 53 54] [ 2307 13082 12153  2891 14968 13343  4634  3387  6301 10480 13644  4307
  9513  3614  4656 13951  8090 13559  7203 11192  8919  4559  3690  6715
  5836  4156 13551  7021 11982] [] 1716179040.6924684048
[ 1  1  1  1  1 -1 -1 -1  1  1  1  1  1  1  1  1  1 -1  1 -1  1  1  1  1
 -1  1 -1  1  1] [ 3  4 10 11 12 15 18 19 20 21 23 26 27 28 29 32 34 35 36 37 38 42 44 45
 46 47 52 53 54] [ 2261 12921 11995  2846 14372 13399  4659  3397  5883 10405 13574  4141
  9085  3459  4621 13667  8050 13575  6761 11204  8861  4398  3641  6605
  5840  4102 13935  6829 11833] [] 1716179040.7355468273
[ 1 -1 -1 -1  1  1  1  1 -1 -1 -1  1  1  1  1 -1  1  1  1  1  1  1  1 -1
  1  1  1 -1  1] [ 3  4 10 11 12 15 18 19 20 21 23 26 27 28 29 32 34 35 36 37 38 42 44 45
 46 47 52 53 54] [ 2239 14763 12339  2863 14290 13325  4567  3345  5957 10484 13760  4069
  8924  3409  4576 13692  8013 13263  6536  9769  8857  4370  3625  6607
  5671  4089 13875  6885 11830] [] 1716179040.7785665989
[ 1  1 -1  1  1 -1  1  1  1  1  1 -1 -1  1  1  1 -1  1  1  1  1  1 -1  1
 -1  1  1  1 -1] [ 3  4 10 11 12 15 18 19 20 21 23 26 27 28 29 32 34 35 36 37 38 42 44 45
 46 47 52 53 54] [ 2233 12441 12543  2812 14220 13343  4565  3329  5884 10410 13636  4087
  8929  3385  4570 13550  8045 13171  6461  9624  8827  4320  3655  6564
  5687  4066 13683  6792 11891] [] 1716179040.8215365410
[ 1  1  1 -1 -1 -1 -1  1  1 -1  1  1  1  1  1 -1  1 -1 -1 -1  1 -1  1 -1
  1 -1 -1 -1  1] [ 3  4 10 11 12 15 18 19 20 21 23 26 27 28 29 32 34 35 36 37 38 42 44 45
 46 47 52 53 54] [ 2221 12379 12355  2815 14256 13399  4567  3329  5878 10460 13613  4056
  8893  3362  4565 13688  8003 13207  6479  9761  8804  5037  3647  6687
  5661  4341 16287  6884 11756] [] 1716179040.8644843102
[-1 -1  1 -1 -1  1 -1 -1 -1  1  1 -1 -1 -1  1  1 -1  1 -1  1 -1 -1  1 -1
 -1 -1 -1 -1] [ 3  4 10 11 12 15 18 19 20 21 23 26 27 28 29 32 34 35 36 37 38 42 44 45
 46 47 53 54] [ 2244 12731 12031  2854 14528 13369  4587  3343  6231 10418 13445  4221
  8922  3455  4559 13432  8016 13075  6532  9701  8808  6504  3575  7513
  6110  4552  7749 12654] [] 1716179040.9075298309
[-1  1  1 -1 -1  1 -1 -1  1  1  1  1 -1 -1 -1  1 -1  1 -1  1 -1 -1 -1 -1
 -1 -1 -1] [ 3  4 10 11 12 15 18 19 20 21 23 26 27 28 29 32 34 35 36 37 38 42 44 45
 46 47 53] [ 2317 12471 11720  2886 14612 12886  4610  3351  6203 10300 13369  4201
  8941  3661  4560 13184  8052 12628  6612  9582  8923  8453  3707  8228
  6935  4949  7859] [] 1716179040.9505724907
[-1 -1 -1 -1 -1 -1 -1 -1 -1  1 -1 -1 -1 -1 -1  1 -1  1 -1 -1 -1 -1 -1 -1
 -1 -1 -1] [ 3  4 10 11 12 15 18 19 20 21 23 26 27 28 29 32 34 35 36 37 38 42 44 45
 46 47 53] [ 2336 12646 11722  2998 16194 12969  4657  3432  6215 10237 13429  4361
  8944  4016  4971 12438  8950 12602  7311  9770 10505 11145  3810  8425
  7470  6067  9159] [] 1716179040.9935522079
[-1 -1 -1 -1 -1 -1 -1  1  1  1 -1  1 -1  1 -1  1 -1 -1 -1 -1 -1 -1 -1 -1
 -1 -1] [ 3  4 10 11 15 18 19 20 21 23 26 27 28 29 32 34 35 36 37 38 42 44 45 46
 47 53] [ 2399 12703 11946  3075 13098  4770  3477  6167 10091 13307  4575  8826
  4246  4963 14252  8886 12651  7807 10163 10735 12185  3939  8436  7546
 13018 10363] [] 1716179041.0364530087
[-1  1 -1 -1 -1 -1 -1  1  1 -1 -1 -1 -1  1  1 -1 -1 -1 -1 -1 -1 -1] [ 3  4 10 11 15 18 19 20 21 23 26 27 28 29 34 35 36 37 44 45 46 53] [ 2511 12018 12422  3168 13314  6087  3593  6155  9961 13338  4680  8923
  4646  4960  8877 12781  8338 11557  4026  9219  8075 10885] [] 1716179041.0795280933
[-1  1 -1 -1 -1 -1 -1 -1  1  1 -1 -1 -1  1 -1 -1 -1  1 -1 -1 -1 -1] [ 3  4 10 11 15 18 19 20 21 23 26 27 28 29 34 35 36 37 44 45 46 53] [ 2569 11775 13421  3354 13591  6092  3626  6312  9952 13207  4940  9084
  5386  4955 11181 12975  9073 10860  4350 10700  8105 12193] [] 1716179041.1224904060
[-1 -1 -1 -1 -1 -1 -1 -1  1 -1 -1  1 -1 -1  1 -1 -1 -1 -1 -1] [ 3  4 10 11 15 18 19 20 21 23 26 27 28 29 34 36 37 44 45 46] [ 2646 11799 13890  3528 13988  6268  3700  6326  9941 13250  6022  9071
  5640  5055 11117  9257 11169  4708 10759  8659] [] 1716179041.1655189991
[-1  1 -1 -1 -1 -1 -1  1  1 -1 -1 -1 -1 -1 -1 -1  1  1] [ 3  4 11 15 18 19 20 21 23 26 27 28 29 34 36 37 44 45] [ 2794 11586  3769 15514  7626  3735  6593  9928 13119  6899  9226  5875
  5130 11553  9330 11585  4700 10690] [] 1716179041.2084033489
[-1 -1 -1  1  1 -1 -1  1 -1 -1 -1  1 -1 -1 -1 -1] [ 3  4 11 18 19 20 21 23 26 27 28 29 36 37 44 45] [ 2915 11632  4277  7575  3730  6725  9963 13022  8393  9501  6358  5125
 10167 11695  6038 10940] [] 1716179041.2514724731
[-1 -1 -1 -1  1 -1 -1 -1 -1 -1 -1 -1 -1  1 -1 -1] [ 3  4 11 18 19 20 21 23 26 27 28 29 36 37 44 45] [ 3017 11834  5062  7714  3723  6916  9984 13210 12476 11429  8218  5297
 10538 11667 11871 11466] [] 1716179041.2944886684
[-1  1 -1 -1 -1 -1  1 -1 -1  1 -1 -1 -1 -1 -1] [ 3  4 11 18 19 20 21 23 26 27 28 29 36 37 44] [ 3125 11711  5825  7881  3883  7949  9899 13335 13443 11336  8957  5377
 11835 11979 12446] [] 1716179041.3374595642
[-1  1 -1  1  1 -1 -1  1  1 -1 -1 -1 -1 -1] [ 3  4 11 18 19 20 21 23 27 28 29 36 37 44] [ 3266 11701  7423  7863  3869  8124  9979 13273 11277  9599  5499 12020
 12607 12841] [] 1716179041.3803710938
[-1  1 -1  1  1  1 -1 -1 -1 -1 -1] [ 3  4 11 19 20 21 23 27 28 29 36] [ 3318 11691  8599  3749  8106  9881 13523 11882 10698  6778 12036] [] 1716179041.4234468937
[-1 -1 -1 -1 -1 -1 -1 -1  1 -1 -1] [ 3  4 11 19 20 21 23 27 28 29 36] [ 3582 11774  8738  4052 10109  9965 13693 11974 10666  9258 12505] [] 1716179041.4664719105
[-1 -1  1 -1 -1 -1 -1 -1 -1 -1  1] [ 3  4 11 19 20 21 23 27 28 29 36] [ 3737 12467  8723  4307 10599 10029 14509 12093 10889  9614 12121] [] 1716179041.5093562603
[-1 -1 -1 -1 -1 -1 -1 -1 -1 -1] [ 3  4 11 19 20 21 27 28 29 36] [ 3894 13370  8783  4729 10822 10101 12213 11012  9871 12471] [] 1716179041.5523407459
[-1  1 -1 -1 -1 -1  1 -1] [ 3 11 19 20 21 27 28 29] [ 3941  8754  5019 11101 10212 16177 10761  9955] [] 1716179041.5954728127
[-1 -1 -1 -1 -1 -1 -1] [ 3 11 19 20 21 28 29] [ 4389  8781  5512 11474 10265 10762  9966] [] 1716179041.6384165287
[-1 -1 -1 -1 -1 -1 -1] [ 3 11 19 20 21 28 29] [ 5031  8909  9388 12344 10596 10773 10439] [] 1716179041.6814167500
[-1 -1 -1 -1 -1 -1 -1] [ 3 11 19 20 21 28 29] [ 5537  8992  9569 13050 10785 11235 10547] [] 1716179041.7242307663
[-1 -1 -1 -1 -1 -1 -1] [ 3 11 19 20 21 28 29] [ 5956  9262 10042 16044 11145 11387 10815] [] 1716179041.7674248219
[-1  1 -1 -1] [ 3 11 28 29] [ 6267  9212 11756 11021] [] 1716179041.8104114532
[-1 -1 -1] [ 3 11 29] [ 6439  9227 11668] [] 1716179041.8534038067
[1] [11] [8855] [] 1716179041.8963356018
[-1] [11] [8924] [] 1716179041.9393725395
[-1] [11] [9773] [] 1716179041.9823601246
[-1] [11] [10085] [] 1716179042.0253694057
[-1] [11] [12303] [] 1716179042.0683283806
2 2 2 1716179042.1115679741
