FA TAX ADC PRES TS
[1] [11] [10768] [] 1716179729.4314053059
[-1] [11] [11405] [] 1716179729.4743845463
[ 1 -1] [11 28] [10455 12078] [] 1716179729.5172605515
[1 1] [11 28] [10016 11887] [] 1716179729.5602769852
[1 1] [11 28] [ 9730 11785] [] 1716179729.6033966541
[ 1 -1] [11 28] [ 9572 11786] [] 1716179729.6463348866
[1 1] [11 28] [ 9484 11567] [] 1716179729.6893486977
[1 1] [11 28] [ 9193 11024] [] 1716179729.7323815823
[-1 -1 -1 -1] [11 19 28 29] [ 9429 14434 11374 11953] [] 1716179729.7753927708
[1 1 1] [11 28 29] [ 9093 10930 11625] [] 1716179729.8184075356
[ 1 -1 -1 -1 -1] [11 19 28 29 44] [ 9087 10527 11089 11643 16233] [] 1716179729.8614404202
[1 1 1 1 1] [11 19 28 29 44] [ 9009  9747 10913 11240 13947] [] 1716179729.9043934345
[-1 -1 -1  1  1] [11 19 28 29 44] [ 9014  9941 10931 11122 13947] [] 1716179729.9473645687
[ 1  1  1 -1  1] [11 19 28 29 44] [ 8986  9817 10902 11133 13085] [] 1716179729.9903931618
[-1 -1  1 -1 -1  1  1] [ 3 11 19 20 28 29 44] [12120  9110  9716 14573 11175 10955 12771] [] 1716179730.0333995819
[ 1 -1 -1  1 -1 -1  1  1] [ 3 11 19 20 21 28 29 44] [ 8079  9125  9719 13198 14184 11244 10841 12591] [] 1716179730.0763940811
[ 1 -1  1  1  1 -1 -1 -1] [ 3 11 19 20 21 28 29 44] [ 6437  9144  9567 12823 13564 11278 10951 12715] [] 1716179730.1194245815
[1 1 1 1 1 1 1 1] [ 3 11 19 20 21 28 29 44] [ 6030  8951  6937 12690 11199 11216 10792 12451] [] 1716179730.1624131203
[1 1 1 1 1 1 1 1] [ 3 11 19 20 21 28 29 44] [ 5729  8835  6062 12032 10757 10953 10619 12434] [] 1716179730.2053711414
[ 1  1  1 -1  1  1 -1 -1] [ 3 11 19 20 21 28 29 44] [ 5647  8790  5609 12047 10558 10859 10639 12517] [] 1716179730.2483065128
[ 1 -1  1  1  1  1  1 -1 -1] [ 3 11 19 20 21 28 29 44 45] [ 5531  8842  4976 11412 10249 10578 10542 12871 11801] [] 1716179730.2914681435
[ 1 -1  1  1  1 -1 -1  1  1  1] [ 3 11 19 20 21 27 28 29 44 45] [ 5484  8848  4807 11155 10118 14370 10602  9083 12727 11612] [] 1716179730.3344004154
[-1  1  1  1  1  1 -1  1 -1  1  1] [ 3 11 19 20 21 27 28 29 42 44 45] [ 5487  8781  4711 10854 10027 12941 10683  8817 12151 12655 11483] [] 1716179730.3774232864
[ 1  1  1  1  1  1 -1  1  1  1  1] [ 3 11 19 20 21 27 28 29 42 44 45] [ 5370  8757  4398 10720  9967 12595 10728  8728 11982 12321 11023] [] 1716179730.4203548431
[-1  1  1  1  1  1  1 -1  1 -1  1  1] [ 2  3 11 19 20 21 27 28 29 42 44 45] [15103  5269  8649  4190 10347  9910 12425 10748  8551 12481 10841 10904] [] 1716179730.4634771347
[-1 -1 -1 -1  1  1 -1 -1  1  1  1  1  1 -1 -1] [ 2  3 11 19 20 21 26 27 28 29 42 44 45 47 53] [15622  5303  8740  4223 10219  9782 12941 12578 10665  8535 11490  9830
  8920 14981 15069] [] 1716179730.5064451694
[ 1 -1  1  1 -1  1  1 -1 -1 -1 -1  1  1 -1  1  1] [ 3 11 19 20 21 26 27 28 29 36 37 42 44 45 47 53] [ 5156  8799  4204 10124  9951 12898 12539 10784  8540 13103 16333 10248
  8872  8941 11381 12099] [] 1716179730.5494253635
[-1  1 -1 -1 -1 -1  1  1  1 -1 -1 -1  1  1  1  1 -1  1  1] [ 3 11 18 19 20 21 26 27 28 29 34 35 36 37 42 44 45 47 53] [ 5315  8779 13208  4344 10138  9955 11673 12390 10028  8574 12531 16090
 10731 12721  8536  6690  8942  8295  8812] [] 1716179730.5924780369
[ 1  1  1  1  1  1 -1  1  1  1  1  1  1  1  1  1  1  1  1  1] [ 3 11 18 19 20 21 23 26 27 28 29 34 35 36 37 42 44 45 47 53] [ 5237  8515 11118  4267  9966  9940 15549 10632 12259  9301  6355 11926
 15940 10579 12593  8133  6347  8759  8156  8762] [] 1716179730.6355688572
[ 1 -1  1  1  1  1 -1 -1 -1 -1  1  1  1 -1  1  1  1  1 -1 -1  1  1 -1] [ 3  4 11 18 19 20 21 23 26 27 28 29 34 35 36 37 42 44 45 46 47 53 54] [ 4901 15391  8343 10922  4217  8238  9963 15564 10868 12296  9071  6280
  9576 16048 10553 12367  6723  6052  9109 10104  7532  8752 12513] [] 1716179730.6784691811
[ 1  1  1  1  1  1 -1  1  1 -1  1  1  1 -1  1  1  1  1  1  1  1  1  1 -1] [ 3  4 11 18 19 20 21 23 26 27 28 29 34 35 36 37 42 44 45 46 47 53 54 61] [ 4761 11579  7067 10725  4150  8115  9982 14416 10349 12298  7517  5321
  9545 16226  8925 12302  6267  5738  9070  9156  6896  8639 12019 10090] [] 1716179730.7215135098
[-1  1  1 -1  1  1  1  1  1  1  1 -1  1  1  1 -1  1  1  1  1  1  1  1  1
  1  1] [ 2  3  4 10 11 18 19 20 21 23 26 27 28 29 34 35 36 37 42 44 45 46 47 53
 54 61] [14402  3767 10907 16216  6695  9129  4074  7888  9874 14109 10118 12314
  6931  4802  9319 16294  8626 12120  6094  5564  9061  8990  6457  8566
 10051  8415] [] 1716179730.7646157742
[-1  1  1  1 -1  1  1  1 -1  1  1  1  1  1 -1  1 -1  1  1  1  1  1  1  1
  1  1] [ 2  3  4 11 15 18 19 20 21 23 26 27 28 29 34 35 36 37 42 44 45 46 47 53
 54 61] [14440  3613 10830  6167 13683  8916  4017  7539  9964 13737 10038 12275
  5978  4585  9324 12973  8637 11611  6032  5315  9029  8931  5947  7879
  9617  8107] [] 1716179730.8073916435
[-1  1  1 -1  1 -1  1  1  1  1  1  1 -1  1  1 -1  1  1  1  1  1  1  1 -1
  1  1  1  1] [ 2  3  4 10 11 15 18 19 20 21 23 26 27 28 29 32 34 35 36 37 42 44 45 46
 47 53 54 61] [14612  3455 10493 16211  5992 13815  6629  3922  7097  9951 13438  8674
 12422  5831  4504 13385  9191 12746  8133 11546  5200  4761  8685  9083
  5354  7291  9349  7337] [] 1716179730.8505494595
[ 1  1  1 -1  1  1  1  1  1 -1  1  1  1  1  1  1  1 -1  1  1  1  1  1  1
  1  1 -1 -1  1] [ 2  3  4 10 11 15 18 19 20 21 23 26 27 28 29 32 34 35 36 37 42 44 45 46
 47 53 54 55 61] [14224  3245 10239 16230  5571 13563  6354  3829  6801  9987 13401  8313
 10014  5160  4406 12977  8177 13533  8027 11407  4880  4607  8005  8655
  5242  7088  9500 11541  7193] [] 1716179730.8934128284
[-1  1  1 -1  1  1  1  1  1  1 -1  1  1  1  1  1  1  1  1  1  1  1  1  1
  1  1  1  1  1] [ 2  3  4 10 11 15 18 19 20 21 23 26 27 28 29 32 34 35 36 37 42 44 45 46
 47 53 54 55 61] [14400  3117 10012 16248  5151 13284  6317  3706  6401  9947 13428  7737
  9637  4927  4399 11097  8093 13199  7293 11218  4779  4297  7946  7210
  5134  6955  9440  8058  6920] [] 1716179730.9364829063
[ 1  1 -1  1  1  1  1  1  1 -1 -1 -1  1  1  1  1  1  1  1 -1 -1  1  1 -1
  1  1 -1  1  1  1  1] [ 2  3  4 10 11 15 18 19 20 21 23 26 27 28 29 32 34 35 36 37 38 42 44 45
 46 47 52 53 54 55 61] [13946  2927 10023 14331  4866 13203  6012  3592  6175  9997 13432  8037
  9623  4650  4329 10374  8002 11410  6407 11324 10616  4750  4199  8344
  6457  4871 15819  6341  9296  7402  6842] [] 1716179730.9795563221
[-1  1  1  1  1 -1  1  1  1 -1  1  1 -1  1 -1  1  1  1  1  1  1 -1  1 -1
  1  1 -1  1  1  1  1  1] [ 2  3  4 10 11 15 18 19 20 21 23 26 27 28 29 32 34 35 36 37 38 42 44 45
 46 47 50 52 53 54 55 61] [15904  2821  9947 13863  4558 13421  5309  3527  6137 10034 13430  7075
  9661  4427  4345  9318  7821 11079  5450 10657  8969  4830  4062  8457
  6312  4707 10651 15797  6206  7876  6750  6820] [] 1716179731.0225434303
[ 1  1  1  1  1  1  1  1  1 -1  1  1 -1  1  1  1  1 -1  1  1  1  1  1  1
  1  1  1  1  1  1  1  1] [ 2  3  4 10 11 15 18 19 20 21 23 26 27 28 29 32 34 35 36 37 38 42 44 45
 46 47 50 52 53 54 55 61] [14254  2719  9862 12891  3997 13371  5189  3490  6079 10038 13409  5983
  9676  3869  4229  8664  7598 11146  4969 10520  8874  4582  3987  8403
  6278  4492 10577 12925  6078  6727  6369  6766] [] 1716179731.0655245781
[ 1 -1  1  1  1 -1  1  1  1  1  1  1 -1  1 -1  1  1  1  1  1  1  1  1  1
  1  1  1  1  1  1  1  1] [ 2  3  4 10 11 15 18 19 20 21 23 26 27 28 29 32 34 35 36 37 38 42 44 45
 46 47 50 52 53 54 55 61] [10512  2771  9727 12775  3795 13375  5175  3407  6029  9968 13408  5127
  9761  3628  4231  8254  6494 11055  4565  9394  8578  4128  3784  8329
  6190  4191  8937 12159  5033  6584  5271  6617] [] 1716179731.1084079742
[ 1  1  1  1  1 -1  1  1  1 -1  1  1  1  1  1 -1  1  1  1  1  1  1  1  1
  1  1 -1  1  1  1  1  1  1] [ 2  3  4 10 11 15 18 19 20 21 23 26 27 28 29 32 34 35 36 37 38 42 44 45
 46 47 48 50 52 53 54 55 61] [ 9475  2712  9701 12719  3631 13419  4461  3399  5940  9973 13355  4833
  9707  3416  4164  8297  6298 10963  4125  8884  8356  3958  3633  8125
  6187  4175 13627  8792 11799  4897  6255  4545  6449] [] 1716179731.1515276432
[-1  1 -1  1  1 -1  1  1  1 -1 -1  1  1  1  1 -1  1  1  1  1  1  1  1  1
  1  1  1  1 -1  1  1  1  1  1] [ 2  3  4 10 11 15 18 19 20 21 23 26 27 28 29 32 34 35 36 37 38 42 44 45
 46 47 48 50 51 52 53 54 55 61] [ 9908  2623  9812 12455  3320 13591  4220  3290  5894 10026 13378  4616
  9535  3186  4102  8395  6176 10463  3924  8396  8322  3880  3631  7744
  6123  4003 10484  8743 12369 11455  4718  6175  4336  6446] [] 1716179731.1945636272
[-1  1 -1  1  1 -1  1  1  1 -1 -1 -1  1  1  1  1 -1  1  1  1 -1 -1  1  1
  1  1  1  1  1  1  1  1  1  1  1] [ 2  3  4 10 11 15 18 19 20 21 23 24 26 27 28 29 32 34 35 36 37 38 42 44
 45 46 47 48 50 51 52 53 54 55 61] [10047  2606  9905 10826  3198 13715  4124  3249  5721 10078 13473 13087
  4585  7565  3115  4077  8538  6105 10301  3792  8544  8327  3741  3479
  7359  6114  3839  9642  8563 11484 11099  4470  6150  4062  6345] [] 1716179731.2375130653
[ 1 -1  1  1  1  1  1 -1  1 -1  1  1  1  1  1  1 -1  1 -1  1  1  1  1  1
  1  1  1  1  1  1  1  1  1  1 -1] [ 2  3  4 10 11 15 18 19 20 21 23 24 26 27 28 29 32 34 35 36 37 38 42 44
 45 46 47 48 50 51 52 53 54 55 61] [ 9834  2615  9718  9900  3031 13631  4009  3262  5637 10178 13409 12346
  4483  7518  2961  4067  8691  5970 10333  3518  8314  8289  3619  3455
  6319  6049  3752  9355  8506 11222 10809  4390  6075  4021  6354] [] 1716179731.2804052830
[-1  1  1  1  1  1  1  1  1 -1  1  1  1  1  1 -1  1  1  1  1  1 -1  1  1
  1 -1 -1  1  1 -1  1  1 -1  1  1] [ 2  3  4 10 11 15 18 19 20 21 23 24 26 27 28 29 32 34 35 36 37 38 42 44
 45 46 47 48 50 51 52 53 54 55 61] [10869  2519  9617  9743  2896 13567  3999  3198  5586 10184 13376 12219
  4351  7490  2868  4106  8183  5838 10315  3503  8135  8296  3584  3417
  6113  6109  3785  9302  8480 11313 10699  4370  6077  4004  6340] [] 1716179731.3235785961
[ 1  1  1  1  1  1  1 -1  1  1  1 -1  1 -1  1  1  1  1  1  1 -1  1  1  1
  1  1  1 -1 -1  1  1  1  1  1 -1] [ 2  3  4 10 11 15 18 19 20 21 23 24 26 27 28 29 32 34 35 36 37 38 42 44
 45 46 47 48 50 51 52 53 54 55 61] [10782  2483  9605  9252  2850 13485  3941  3227  5557 10133 13314 12315
  4305  7508  2844  4047  8079  5823 10267  3503  8233  8287  3557  3391
  6000  5567  3730  9400  8521 11307 10531  4368  5977  3978  6367] [] 1716179731.3665692806
[ 1  1 -1  1  1 -1  1  1  1  1  1  1  1  1  1 -1 -1  1  1  1  1  1 -1 -1
  1 -1 -1 -1  1 -1  1  1  1 -1  1] [ 2  3  4 10 11 15 18 19 20 21 23 24 26 27 28 29 32 34 35 36 37 38 42 44
 45 46 47 48 50 51 52 53 54 55 61] [10757  2479  9727  9062  2848 13613  3925  3169  5543 10120 13288 12117
  4277  7436  2843  4059  8095  5805 10219  3470  8195  8241  3592  3413
  5973  6016  3734  9612  8518 11445 10453  4361  5959  4130  6351] [] 1716179731.4095211029
[-1  1  1 -1 -1  1 -1  1  1  1  1 -1 -1  1  1  1  1 -1 -1  1 -1  1 -1 -1
 -1  1 -1 -1 -1 -1 -1 -1 -1 -1 -1] [ 2  3  4 10 11 15 18 19 20 21 23 24 26 27 28 29 32 34 35 36 37 38 42 44
 45 46 47 48 50 51 52 53 54 55 61] [10784  2475  9607  9244  2885 13531  3973  3168  5492 10116 13273 12160
  4303  7436  2836  4035  8034  5861 10291  3453  8283  8235  3729  3523
  6489  6006  3878 12278  8626 11694 10726  4597  6150  4431  6392] [] 1716179731.4524919987
[ 1 -1 -1 -1 -1  1 -1 -1 -1  1  1 -1 -1 -1 -1 -1  1 -1 -1 -1 -1 -1  1 -1
  1 -1 -1 -1 -1 -1 -1 -1 -1  1] [ 2  3  4 10 11 15 18 19 20 21 23 24 26 27 28 29 32 34 35 36 37 38 42 44
 45 46 47 48 50 52 53 54 55 61] [10772  2499  9689  9791  2977 13385  3987  3241  5516 10066 13214 12309
  4446  7461  2905  4037  7951  5956 10330  3640  8317  8316  3722  3551
  6463  6091  3944 13756  8650 11107  4720  7243  4975  6375] [] 1716179731.4955503941
[ 1 -1  1 -1 -1 -1 -1 -1 -1  1  1 -1 -1 -1 -1 -1  1 -1 -1 -1 -1 -1 -1 -1
 -1 -1 -1 -1 -1 -1  1 -1 -1] [ 2  3  4 10 11 15 18 19 20 21 23 24 26 27 28 29 32 34 35 36 37 38 42 44
 45 46 47 50 52 53 54 55 61] [10732  2515  9593 11806  3076 13463  4092  3270  5523 10033 13182 15840
  4539  7514  2960  4054  7863  5989 10395  3782  8385  8357  3984  3675
  6495  6143  3997  9164 11653  4954  7199  5793  6438] [] 1716179731.5385141373
[ 1 -1  1 -1 -1  1 -1  1 -1 -1 -1 -1 -1 -1 -1 -1 -1 -1 -1 -1 -1 -1 -1 -1
 -1 -1 -1 -1 -1 -1 -1 -1] [ 2  3  4 10 11 15 18 19 20 21 23 26 27 28 29 32 34 35 36 37 38 42 44 45
 46 47 50 52 53 54 55 61] [10443  2546  9565 11839  3311 13391  4263  3269  5639 10048 13202  4614
  7535  3129  4079  8019  6791 10859  3976  8514  8437  4116  3881  6600
  6192  4325 14788 12765  5081  7445  6872  6636] [] 1716179731.5814733505
[ 1 -1 -1 -1 -1  1 -1 -1 -1  1 -1 -1 -1 -1  1 -1 -1 -1 -1 -1 -1 -1 -1 -1
 -1 -1 -1 -1 -1 -1 -1 -1] [ 2  3  4 10 11 15 18 19 20 21 23 26 27 28 29 32 34 35 36 37 38 42 44 45
 46 47 50 52 53 54 55 61] [10303  2651  9575 12283  3727 13303  4938  3313  5696 10022 13296  4927
  7651  3347  4047  8137  7748 11367  4383  8679  9836  4298  3906  6663
  6209  4391 15643 15147  5122  7508  7051  6727] [] 1716179731.6245465279
[ 1  1  1 -1 -1 -1 -1 -1 -1  1  1 -1 -1 -1 -1  1 -1 -1 -1  1 -1 -1 -1 -1
 -1 -1 -1 -1 -1 -1  1] [ 2  3  4 10 11 15 18 19 20 21 23 26 27 28 29 32 34 35 36 37 38 42 44 45
 46 47 52 53 54 55 61] [ 9600  2651  9506 12461  3902 13325  5247  3352  5745  9976 13163  5099
  7737  3463  4111  8069  7824 11759  4511  8668 10025  4429  4019  6725
  6316  4645 15839  5211  9086 10867  6651] [] 1716179731.6675374508
[-1 -1 -1  1 -1  1  1 -1 -1  1 -1 -1 -1 -1 -1 -1 -1  1 -1 -1 -1 -1 -1 -1
  1 -1 -1 -1] [ 2  3  4 10 11 15 18 19 20 21 23 26 27 28 29 32 34 35 36 37 42 44 45 46
 47 53 54 61] [12883  2751  9558 12330  4316 13279  5247  3421  5800  9833 13200  5427
  9593  3785  4121  8591  7844 11675  5065  8831  4746  4123  6785  8006
  4644  5372  9165  6834] [] 1716179731.7105960846
[-1 -1  1 -1 -1  1 -1 -1 -1  1 -1 -1  1 -1 -1  1 -1  1 -1  1 -1 -1 -1 -1
 -1 -1 -1 -1] [ 2  3  4 10 11 15 18 19 20 21 23 26 27 28 29 32 34 35 36 37 42 44 45 46
 47 53 54 61] [13612  2893  9542 13664  4521 13007  5434  3448  5917  9782 13241  6984
  9418  4369  4127  8542  7999 11109  5831  8745  5012  4463  6952  8251
  5032  5842  9308  7096] [] 1716179731.7535638809
[-1 -1  1  1 -1 -1 -1 -1 -1  1 -1 -1 -1 -1 -1 -1 -1 -1 -1 -1 -1 -1 -1 -1
 -1 -1 -1 -1] [ 2  3  4 10 11 15 18 19 20 21 23 26 27 28 29 32 34 35 36 37 42 44 45 46
 47 53 54 61] [14056  2958  9534 13515  4897 13206  6299  3567  6062  9680 13332  8170
  9541  4607  4207  9940  8389 11416  6551  8878  5242  4707  7165  8386
  5382  6666 11748  7756] [] 1716179731.7966296673
[ 1 -1 -1 -1 -1 -1 -1 -1 -1 -1 -1 -1 -1 -1 -1 -1 -1 -1 -1 -1 -1 -1 -1  1
 -1 -1 -1] [ 2  3  4 10 11 15 18 19 20 21 23 26 27 28 29 32 34 35 36 37 42 44 45 46
 47 53 54] [13699  3199  9647 13624  5247 13252  7067  3688  6085  9748 13472  8502
  9580  4978  4255 10410  9234 12045  7889  9821  6088  4899  7231  8282
  5692  6846 11944] [] 1716179731.8395142555
[-1 -1 -1 -1 -1 -1 -1 -1  1  1 -1 -1 -1 -1 -1 -1 -1 -1 -1 -1 -1 -1 -1 -1
 -1] [ 2  3  4 11 15 18 19 20 21 23 26 27 28 29 34 35 36 37 42 44 45 46 47 53
 54] [15176  3362  9675  5701 14620  7216  3768  6253  9694 13380  9673  9668
  5467  4366  9454 12807  8383 11036  8478  5243  8805 10714  7025  7400
 12996] [] 1716179731.8825383186
[ 1 -1  1 -1 -1 -1 -1 -1 -1  1 -1 -1 -1 -1  1 -1 -1 -1 -1 -1 -1 -1 -1 -1
 -1] [ 2  3  4 10 11 18 19 20 21 23 26 27 28 29 34 35 36 37 42 44 45 46 47 53
 54] [14729  3725  9665 16232  6838 10429  3894  6834  9763 13288  9754 12047
  6081  4739  9419 12987  8823 11384  9006  5419  8892 11429  7209  7595
 13061] [] 1716179731.9256174564
[-1 -1 -1  1 -1 -1 -1 -1  1 -1 -1 -1 -1 -1 -1 -1 -1  1 -1 -1  1 -1 -1] [ 2  3  4 10 11 18 19 20 21 23 26 27 28 29 34 35 36 37 42 44 45 47 53] [15456  3791  9750 16030  7315 10563  3930  7354  9745 13304  9771 12194
  6705  4768  9459 13047  8947 11293  9591  6428  8737  9051  7640] [] 1716179731.9685866833
[-1 -1 -1 -1 -1 -1 -1 -1 -1 -1 -1 -1  1 -1 -1 -1 -1 -1  1 -1] [ 2  3  4 11 18 19 20 21 23 26 27 28 29 34 36 37 42 44 45 53] [16178  5009  9858  8414 10760  4045  7763  9759 13365 10744 12233  8444
  4739  9467  9067 11347 12108  7185  8607 13269] [] 1716179732.0115139484
[-1 -1 -1 -1  1 -1  1 -1 -1  1 -1 -1 -1 -1 -1 -1 -1  1] [ 3  4 11 18 19 20 21 23 26 27 28 29 34 36 37 42 44 45] [ 5063  9887  8481 11090  4038  8050  9695 13441 12877 11778  9267  5470
  9507 10751 11774 12789  7669  8503] [] 1716179732.0545375347
[-1 -1 -1 -1  1 -1 -1  1 -1 -1 -1 -1 -1 -1 -1 -1 -1 -1] [ 2  3  4 11 19 20 21 23 26 27 28 29 34 36 37 42 44 45] [15651  5083 10255  8612  3971  9756  9705 13386 13242 11837  9451  6555
 12537 13733 11856 12983  8343  8617] [] 1716179732.0975334644
[-1 -1 -1  1 -1 -1 -1 -1 -1 -1 -1 -1 -1 -1 -1 -1] [ 2  3  4 11 19 20 21 23 26 27 28 29 36 37 44 45] [16229  5084 15295  8565  3980  9780  9735 13685 13426 12312 10297  6686
 13756 12479  9087  9114] [] 1716179732.1404821873
[ 1  1  1 -1 -1 -1 -1 -1  1 -1 -1 -1] [ 2  3 11 19 20 21 23 27 28 29 44 45] [15983  5040  8536  4031  9907  9751 13775 12332 10293  6849  9770 12770] [] 1716179732.1834731102
[-1  1 -1 -1 -1 -1  1 -1 -1] [ 3 11 19 20 21 27 28 29 44] [ 5127  8492  4145 10220  9792 12365 10281  6888  9954] [] 1716179732.2264895439
[-1 -1 -1 -1 -1 -1  1 -1 -1] [ 3 11 19 20 21 27 28 29 44] [ 5176  8518  4287 10355  9821 12461 10280  7032 12137] [] 1716179732.2695255280
[-1 -1 -1 -1 -1 -1 -1 -1 -1] [ 3 11 19 20 21 27 28 29 44] [ 5266  8589  4774 11079  9985 13129 10281  7789 12171] [] 1716179732.3124859333
[-1 -1 -1 -1 -1 -1 -1 -1] [ 3 11 19 20 21 28 29 44] [ 5367  8643  5064 11770 10087 10335  8110 12524] [] 1716179732.3554775715
[-1  1 -1 -1 -1 -1 -1 -1] [ 3 11 19 20 21 28 29 44] [ 5465  8605  5929 11883 10163 10429 10006 12751] [] 1716179732.3984637260
[-1 -1 -1 -1 -1 -1 -1 -1] [ 3 11 19 20 21 28 29 44] [ 5802  8662  9079 12293 10300 10568 10521 12919] [] 1716179732.4414865971
[-1 -1 -1 -1 -1 -1 -1 -1] [ 3 11 19 20 21 28 29 44] [ 8072  8774  9599 12867 10617 10795 10690 12997] [] 1716179732.4844682217
[ 1 -1 -1 -1 -1 -1  1] [11 19 20 21 28 29 44] [ 8718  9665 13750 10716 10910 10925 12997] [] 1716179732.5274565220
[-1 -1 -1  1  1 -1] [11 19 20 21 28 29] [ 8760  9746 14133 10698 10797 11040] [] 1716179732.5705068111
[-1 -1 -1 -1 -1] [11 19 21 28 29] [ 8775  9767 10940 11180 11157] [] 1716179732.6134588718
[ 1 -1 -1 -1] [11 21 28 29] [ 8711 11050 11187 11366] [] 1716179732.6564078331
[-1 -1  1 -1] [11 21 28 29] [ 8950 11569 11151 11811] [] 1716179732.6994931698
[-1  1] [11 28] [ 9091 10831] [] 1716179732.7424769402
[-1 -1] [11 28] [ 9343 10928] [] 1716179732.7854459286
[-1 -1] [11 28] [ 9364 11186] [] 1716179732.8284251690
[1] [11] [9255] [] 1716179732.8714456558
[-1] [11] [9713] [] 1716179732.9144704342
[-1] [11] [10013] [] 1716179732.9575111866
2 2 2 1716179733.0006887913
