FA TAX ADC PRES TS
[-1] [11] [10708] [] 1716179376.2806110382
[1] [11] [10014] [] 1716179376.3235924244
[1] [11] [9658] [] 1716179376.3666088581
[1] [11] [9618] [] 1716179376.4095964432
[-1 -1] [11 28] [ 9622 11967] [] 1716179376.4525923729
[ 1 -1 -1 -1] [11 20 28 29] [ 9493 13810 11994 13128] [] 1716179376.4956536293
[ 1 -1  1  1] [11 20 28 29] [ 9417 14146 11756 12207] [] 1716179376.5386252403
[1 1 1 1] [11 20 28 29] [ 9185 13117 11241 11567] [] 1716179376.5815749168
[-1  1  1  1 -1] [ 3 11 20 28 29] [15517  9130 12170 11111 11578] [] 1716179376.6246671677
[ 1 -1  1  1 -1] [ 3 11 20 28 29] [ 8069  9222 11828 11030 11590] [] 1716179376.6676614285
[1 1 1 1 1] [ 3 11 20 28 29] [ 7454  9045 11537 10903 11133] [] 1716179376.7106494904
[ 1 -1 -1  1 -1 -1] [ 3 11 19 20 28 29] [ 7295  9165 10589 11311 10970 11157] [] 1716179376.7536709309
[ 1  1  1 -1 -1  1] [ 3 11 19 20 28 29] [ 6954  8963  9918 11327 11010 10717] [] 1716179376.7966067791
[ 1  1  1  1 -1 -1 -1] [ 3 11 19 20 21 28 29] [ 6896  8947  9675 11212 11521 11380 10755] [] 1716179376.8396799564
[1 1 1 1 1 1 1] [ 3 11 19 20 21 28 29] [ 6747  8871  9582 10828 11115 11146 10668] [] 1716179376.8826770782
[1 1 1 1 1 1 1] [ 3 11 19 20 21 28 29] [ 5679  8836  9410 10497 10832 11135 10557] [] 1716179376.9257042408
[ 1  1 -1  1  1 -1  1  1] [ 3 11 19 20 21 27 28 29] [ 5432  8807  9435 10342 10657 13045 11025 10555] [] 1716179376.9686460495
[ 1 -1  1  1  1  1  1  1 -1] [ 3 11 19 20 21 27 28 29 44] [ 5344  8847  8942 10070 10486 12533 10835 10469 14559] [] 1716179377.0117151737
[1 1 1 1 1 1 1 1 1] [ 3 11 19 20 21 27 28 29 44] [ 5251  8751  7002  8315 10289 12380 10724 10412 13323] [] 1716179377.0547053814
[ 1  1  1  1  1  1  1  1 -1  1] [ 3 11 19 20 21 27 28 29 36 44] [ 5166  8707  6105  7671 10139 12321 10683 10412 13714 12947] [] 1716179377.0976490974
[ 1  1  1 -1  1  1  1  1  1  1] [ 3 11 19 20 21 27 28 29 36 44] [ 5107  8644  5778  7695 10012 12161 10544 10369 13612 12731] [] 1716179377.1407315731
[ 1  1  1  1  1  1 -1  1  1  1 -1] [ 3 11 19 20 21 27 28 29 36 44 45] [ 5065  8615  5300  7556  9883 12046 10580  9866 13485  7686 12016] [] 1716179377.1837170124
[ 1  1  1  1  1  1 -1  1  1  1  1] [ 3 11 19 20 21 27 28 29 36 44 45] [ 4991  8577  4748  7547  9864 11952 10645  8511 13463  6299  9915] [] 1716179377.2267603874
[-1  1  1  1  1 -1  1  1 -1 -1  1  1] [ 3 11 19 20 21 27 28 29 36 42 44 45] [ 5013  8547  4537  7509  9652 11989 10491  8385 13488 12726  5540  8665] [] 1716179377.2697403431
[ 1 -1  1 -1 -1  1  1  1 -1  1  1  1] [ 3 11 19 20 21 27 28 29 36 42 44 45] [ 4974  8572  4410  7693  9719 11987 10480  8325 13493 12553  5261  8523] [] 1716179377.3127198219
[ 1 -1 -1  1  1 -1 -1 -1  1  1  1  1  1  1] [ 3 11 15 19 20 21 26 27 28 29 36 42 44 45] [ 4835  8621 13995  4369  6435  9793 12762 12245 10350  5955 12870 11699
  5101  8301] [] 1716179377.3557183743
[ 1 -1  1  1 -1  1  1 -1  1 -1 -1  1  1  1  1 -1 -1] [ 3 10 11 15 18 19 20 21 26 27 28 29 36 42 44 45 46] [ 4445 14715  7935 13813 11800  4335  5542  9906 11066 12522 10462  5888
 11582 11449  4939  8313 12583] [] 1716179377.3987472057
[ 1 -1  1  1  1  1 -1 -1  1  1  1  1  1  1  1 -1  1 -1] [ 3 10 11 15 18 19 20 21 26 27 28 29 36 42 44 45 46 47] [ 4281 15034  7817 13595  9489  4276  5677  9916 10921 12486  9218  5787
 10374  8761  4693  8361 10913 13014] [] 1716179377.4416739941
[ 1  1  1  1  1  1  1 -1  1 -1  1  1  1  1  1  1  1  1 -1] [ 3 10 11 15 18 19 20 21 26 27 28 29 36 42 44 45 46 47 51] [ 4223 14575  6807 13287  9130  4259  5267  9917 10319 12592  7786  5483
  9299  7495  4422  8292  7546  8707 13366] [] 1716179377.4847309589
[ 1  1  1  1  1  1  1  1  1 -1  1 -1 -1  1  1  1 -1 -1  1  1 -1] [ 3 10 11 15 18 19 20 21 26 27 28 29 35 36 42 44 45 46 47 51 53] [ 4154 14200  6229 12903  7354  4209  4945  9745  8981 12746  6169  5666
 15133  9037  6631  4307  8327  7607  6841 10624 14863] [] 1716179377.5277948380
[ 1  1  1  1  1  1  1  1  1  1  1  1 -1  1  1  1  1  1  1  1  1] [ 3 10 11 15 18 19 20 21 26 27 28 29 35 36 42 44 45 46 47 51 53] [ 4112 14137  5439 12875  7216  4095  4843  9701  8796 12490  5867  5451
 15461  8654  6094  4114  8243  7390  6032 10615 12754] [] 1716179377.5707752705
[ 1  1  1  1  1  1  1 -1 -1  1  1  1 -1  1  1 -1  1  1  1  1  1  1  1] [ 3 10 11 15 18 19 20 21 23 26 27 28 29 35 36 37 42 44 45 46 47 51 53] [ 3990 14035  5359 12844  7048  4042  4820  9861 15022  8234 12302  5350
  5669 15186  7444 16349  4911  3846  8239  6593  5121  9201  8280] [] 1716179377.6137750149
[ 1  1  1 -1  1  1  1 -1 -1  1 -1  1  1 -1 -1  1  1  1  1  1  1  1 -1 -1
  1] [ 3 10 11 15 18 19 20 21 23 26 27 28 29 34 35 36 37 42 44 45 46 47 51 52
 53] [ 3645 11147  5283 13383  5659  3897  4343  9888 15115  7397 12666  4845
  4849 12013 15255  6115 11112  4488  3839  8158  6391  4735  9313 14763
  6351] [] 1716179377.6568248272
[ 1  1  1 -1  1  1  1 -1  1  1  1  1  1  1  1  1  1  1  1 -1 -1  1 -1  1
  1 -1] [ 3 10 11 15 18 19 20 21 23 26 27 28 29 34 35 36 37 42 44 45 46 47 51 52
 53 54] [ 3442  9535  5214 13387  5280  3779  4175  9915 14794  6475 12585  4636
  4507 11749 11907  5961 10274  4254  3723  8214  6453  4539  9341 14695
  5937 12003] [] 1716179377.6998260021
[ 1  1  1 -1  1  1  1  1  1  1  1 -1  1  1  1  1  1  1 -1  1  1  1  1  1
  1  1  1  1] [ 3 10 11 12 15 18 19 20 21 23 26 27 28 29 34 35 36 37 38 42 44 45 46 47
 51 52 53 54] [ 3339  8911  4920 15744 13371  4969  3739  4054  9674 14688  6015 12772
  4565  4470 11627 11635  5813  9251 14793  4004  3659  8109  6311  4411
  6862 13375  5331 11328] [] 1716179377.7428395748
[ 1  1  1  1  1  1  1  1 -1  1  1  1  1  1 -1  1  1  1  1  1  1  1  1  1
  1  1  1  1  1] [ 3 10 11 12 15 18 19 20 21 23 26 27 28 29 32 34 35 36 37 38 42 44 45 46
 47 51 52 53 54] [ 3099  7765  4363 15312 13215  4559  3726  3996  9870 14278  5054 10092
  4014  4171 13544  9048  8773  5310  9114 10430  3750  3572  6248  6250
  4303  6591 12895  5104 11309] [] 1716179377.7858448029
[ 1  1  1  1  1  1  1  1 -1 -1  1 -1  1 -1 -1  1  1  1  1  1  1  1  1  1
  1  1  1  1  1] [ 3 10 11 12 15 18 19 20 21 23 26 27 28 29 32 34 35 36 37 38 42 44 45 46
 47 51 52 53 54] [ 2943  7610  3951 14476 13167  4217  3611  3901  9934 14680  4897 10240
  3767  4469 13933  7871  8582  5234  8579 10203  3713  3442  5948  6131
  4202  6498 12175  5028  9358] [] 1716179377.8287515640
[-1  1  1  1  1  1  1 -1  1  1  1  1  1  1  1  1  1 -1  1 -1  1  1  1  1
  1  1  1 -1 -1  1 -1] [ 2  3 10 11 12 15 18 19 20 21 23 26 27 28 29 32 34 35 36 37 38 42 44 45
 46 47 51 52 53 54 55] [15165  2882  7415  3850 14028 13159  4073  3624  3882  9934 14172  4711
 10104  3688  4162 13586  7728  8720  5074  8702  9156  3498  3325  5853
  6062  3984  6037 12327  5094  9103 13628] [] 1716179377.8718690872
[ 1  1  1  1 -1 -1  1  1  1  1  1  1  1  1  1  1  1  1  1 -1  1  1  1 -1
 -1  1  1 -1  1  1  1] [ 2  3 10 11 12 15 18 19 20 21 23 26 27 28 29 32 34 35 36 37 38 42 44 45
 46 47 51 52 53 54 55] [14841  2759  6450  3729 14169 13205  3987  3567  3781  9860 13784  4545
  9897  3566  4020 10282  7272  8014  4846  8902  8711  3392  3299  6227
  6101  3943  5998 12571  4998  9049 11922] [] 1716179377.9148955345
[-1  1  1  1 -1 -1  1  1  1  1 -1  1  1  1 -1 -1  1  1  1  1  1  1 -1  1
  1  1 -1  1 -1  1  1] [ 2  3 10 11 12 15 18 19 20 21 23 26 27 28 29 32 34 35 36 37 38 42 44 45
 46 47 51 52 53 54 55] [14947  2738  6308  3700 14240 13211  3945  3479  3729  9843 13950  4461
  9200  3494  4043 10296  7009  7954  4632  8838  8707  3387  3321  6103
  6005  3874  6184 12159  5066  8888 11568] [] 1716179377.9578666687
[ 1  1  1 -1  1 -1  1  1  1  1  1  1  1  1  1  1  1 -1 -1  1  1  1  1 -1
 -1  1  1  1  1  1  1] [ 2  3 10 11 12 15 18 19 20 21 23 26 27 28 29 32 34 35 36 37 38 42 44 45
 46 47 51 52 53 54 55] [14851  2725  6266  3727 14096 13294  3901  3473  3689  9813 13876  4427
  8764  3439  4031 10214  6957  8031  4668  8825  8678  3336  3294  6255
  6030  3821  6135 12143  5013  8819 11279] [] 1716179378.0008406639
[-1 -1 -1  1  1  1 -1  1  1 -1  1 -1 -1  1 -1 -1  1  1  1  1 -1 -1 -1  1
  1 -1 -1  1 -1 -1] [ 2  3 10 11 12 15 18 19 20 21 23 26 27 28 29 32 34 35 36 37 38 42 44 45
 46 47 51 52 53 54] [14934  2733  6288  3672 14005 13195  3931  3457  3663  9888 13650  4443
  8766  3375  4047 10220  6916  7818  4586  8658  9925  3521  3387  6155
  5943  3869  6443 12061  5099 11115] [] 1716179378.0439560413
[ 1 -1  1 -1  1  1  1 -1 -1  1  1 -1 -1 -1  1  1 -1 -1 -1  1 -1 -1 -1 -1
 -1 -1 -1 -1 -1 -1] [ 2  3 10 11 12 15 18 19 20 21 23 26 27 28 29 32 34 35 36 37 38 42 44 45
 46 47 51 52 53 54] [14435  2748  6148  3708 13924 13029  3923  3459  3683  9618 13571  4449
  9743  3504  4041 10033  7657  7837  4846  8489 10007  3663  3417  6277
  6061  3956  7629 12723  5216 11269] [] 1716179378.0871510506
[-1 -1 -1 -1  1 -1 -1 -1 -1  1 -1 -1  1 -1 -1  1 -1 -1 -1 -1 -1 -1 -1 -1
 -1 -1 -1 -1 -1 -1] [ 2  3 10 11 12 15 18 19 20 21 23 26 27 28 29 32 34 35 36 37 38 42 44 45
 46 47 51 52 53 54] [14558  2855  6565  3804 13876 13098  4051  3502  3737  9617 13585  4571
  9556  3564  4063  9993  7728  7857  4922  8510 10129  3948  3488  6498
  6130  4108  7692 13775  5336 11547] [] 1716179378.1299486160
[-1 -1 -1 -1 -1  1 -1 -1 -1  1  1 -1 -1 -1  1  1 -1  1 -1 -1 -1 -1 -1 -1
 -1 -1 -1 -1 -1] [ 2  3 10 11 12 15 18 19 20 21 23 26 27 28 29 32 34 35 36 37 38 42 44 45
 46 47 51 52 53] [15999  2869  6926  3852 14240 12997  4151  3527  3747  9569 13507  4713
  9762  3605  4034  9891  7843  7842  4997  8518 10709  4546  3651  6609
  6216  4330  9568 14207  5642] [] 1716179378.1728570461
[-1 -1 -1 -1 -1 -1 -1 -1  1 -1 -1  1 -1  1  1 -1 -1 -1 -1 -1 -1  1 -1 -1
 -1 -1] [ 3 10 11 12 15 18 19 20 21 23 26 27 28 29 32 34 35 36 37 42 44 45 46 47
 51 53] [ 3071  7784  4269 14816 13151  4735  3552  3821  9501 13696  4972  9691
  3939  4013  9798  9091  8861  5151  8808  5464  3721  6573  7413  4994
 10977  7689] [] 1716179378.2159783840
[-1 -1 -1 -1  1 -1 -1 -1  1  1 -1 -1 -1 -1 -1 -1 -1 -1  1 -1 -1  1 -1 -1
 -1 -1] [ 3 10 11 12 15 18 19 20 21 23 26 27 28 29 32 34 35 36 37 42 44 45 46 47
 51 53] [ 3503  8737  5131 15183 12791  5406  3629  3987  9414 13690  5591  9734
  4353  4286 10999 11675  9635  5271  8761  6012  3740  6418  7756  5764
 11205 11269] [] 1716179378.2590558529
[-1 -1 -1 -1  1 -1 -1  1 -1  1 -1 -1 -1  1 -1 -1 -1 -1 -1 -1 -1 -1  1] [ 3 10 11 12 15 18 19 20 21 23 26 27 28 29 32 34 35 36 37 42 44 45 46] [ 3531  9476  5211 15320 12761  5497  3661  3947  9505 13476  6225  9760
  4663  4265 15024 11764 10319  5354  8798  6870  3853  7335  7506] [] 1716179378.3019647598
[-1 -1 -1 -1 -1 -1 -1  1  1 -1  1 -1 -1 -1 -1 -1 -1 -1 -1  1 -1] [ 3 10 11 15 18 19 20 21 23 26 27 28 29 34 35 36 37 42 44 45 46] [ 3785 14920  5843 13021  7138  3768  4127  9415 13155  7499  9693  5293
  4391 15763 10837  5525  9390  8655  4333  6925  8571] [] 1716179378.3449554443
[-1  1 -1  1 -1 -1 -1 -1  1 -1  1 -1 -1 -1 -1 -1 -1 -1  1 -1] [ 3 10 11 15 18 19 20 21 23 26 27 28 29 35 36 37 42 44 45 46] [ 3970 13730  5979 13010  8940  3790  4418  9441 13018  9964  9536  5791
  4959 11787  5685  9620 13100  4449  6738 12881] [] 1716179378.3880372047
[-1 -1 -1 -1 -1 -1 -1 -1  1 -1  1 -1 -1 -1 -1 -1  1 -1  1] [ 3 10 11 15 18 19 20 21 23 26 27 28 29 35 36 37 42 44 45] [ 3987 13848  6653 13343 10354  3817  4526  9542 12930 12145  9461  7676
  5042 14331  6307 10019 12040  4732  6587] [] 1716179378.4309928417
[-1 -1 -1 -1 -1 -1 -1  1  1 -1 -1 -1  1 -1 -1 -1 -1 -1] [ 3 10 11 15 18 19 20 21 23 26 27 28 29 35 36 37 44 45] [ 4055 14248  7719 13458 10642  3915  4683  9512 12899 12315  9598  7933
  5013 14669  6375 10109  5937  8087] [] 1716179378.4740521908
[-1 -1 -1  1 -1  1 -1 -1 -1 -1 -1 -1 -1 -1 -1  1] [ 3 10 11 19 20 21 23 26 27 28 29 35 36 37 44 45] [ 4303 15946  8485  3876  5219  9509 13026 13344  9685 10203  5066 16273
  6772 15871  8783  8003] [] 1716179378.5169427395
[-1 -1 -1 -1  1 -1  1 -1 -1 -1 -1 -1] [ 3 11 19 20 21 23 27 28 29 36 44 45] [ 4645  8490  3919  5698  9472 13093  9555 10205  6320  7991 12309  9243] [] 1716179378.5599949360
[-1  1 -1 -1 -1  1 -1 -1 -1 -1 -1] [ 3 11 19 20 21 23 27 28 29 36 44] [ 4667  8484  4074  6373  9503 13055  9673 10327  6371  8044 13183] [] 1716179378.6030046940
[-1  1 -1 -1 -1  1 -1 -1 -1 -1 -1] [ 3 11 19 20 21 23 27 28 29 36 44] [ 4760  8464  4553  7590  9583 13043 12077 10340  8085  9798 13823] [] 1716179378.6459844112
[-1 -1 -1  1 -1 -1 -1  1  1 -1] [ 3 11 19 20 21 23 27 28 29 36] [ 4806  8475  5167  7381  9744 13095 12218 10317  8065 12564] [] 1716179378.6887984276
[-1 -1 -1 -1  1  1 -1  1  1] [ 3 11 19 20 21 23 27 28 29] [ 4899  8502  6052  7810  9727 13000 12384 10233  7717] [] 1716179378.7319872379
[-1 -1 -1 -1 -1 -1 -1 -1] [ 3 11 19 20 21 23 28 29] [ 4994  8613  7555  8568  9911 13300 10314  8104] [] 1716179378.7749111652
[-1 -1 -1 -1 -1 -1 -1 -1] [ 3 11 19 20 21 23 28 29] [ 5121  8639  9365  9932 10066 13966 10364  9693] [] 1716179378.8180088997
[-1 -1 -1 -1  1 -1 -1] [ 3 11 19 20 21 28 29] [ 5307  8665  9522 10137 10056 10531  9970] [] 1716179378.8610146046
[-1 -1 -1 -1 -1 -1 -1] [ 3 11 19 20 21 28 29] [ 5383  8718  9675 10396 10194 10661 10324] [] 1716179378.9040074348
[-1 -1 -1 -1 -1 -1] [ 3 11 20 21 28 29] [ 7601  8863 11211 10761 10916 10562] [] 1716179378.9473500252
[-1 -1 -1 -1 -1 -1] [ 3 11 20 21 28 29] [ 7682  8941 11749 11379 11209 10821] [] 1716179378.9899456501
[ 1 -1  1  1] [11 20 28 29] [ 8813 12124 11209 10821] [] 1716179379.0330350399
[-1 -1 -1 -1] [11 20 28 29] [ 9280 13766 11387 12397] [] 1716179379.0760352612
[ 1 -1] [11 28] [ 9074 15454] [] 1716179379.1190266609
[-1] [11] [9404] [] 1716179379.1620361805
[-1] [11] [9949] [] 1716179379.2050905228
[-1] [11] [10065] [] 1716179379.2480471134
2 2 2 1716179379.2911956310
