FA TAX ADC PRES TS
[1] [11] [8679] [] 1716179942.1920299530
[1] [11] [8651] [] 1716179942.2350616455
[-1] [11] [8667] [] 1716179942.2780785561
[1] [11] [8643] [] 1716179942.3211572170
[1] [11] [8638] [] 1716179942.3640508652
[-1 -1] [11 28] [ 8740 11571] [] 1716179942.4069912434
[1 1] [11 28] [ 8656 11386] [] 1716179942.4499762058
[-1 -1  1] [ 3 11 28] [11064  8822 11311] [] 1716179942.4929838181
[ 1 -1 -1 -1] [ 3 11 19 28] [ 8558  9178 10047 11319] [] 1716179942.5359861851
[1 1 1 1] [ 3 11 19 28] [ 6356  9030  9830 11147] [] 1716179942.5790035725
[1 1 1 1] [ 3 11 19 28] [ 6133  8969  9604 10971] [] 1716179942.6219871044
[1 1 1 1] [ 3 11 19 28] [ 6051  8966  9538 10851] [] 1716179942.6649982929
[-1 -1 -1 -1 -1] [ 3 11 19 27 28] [ 6091  9017  9824 13343 10971] [] 1716179942.7079727650
[ 1  1  1 -1  1 -1] [ 3 11 19 20 27 28] [ 5995  8977  9815 14622 13250 10983] [] 1716179942.7510721684
[ 1  1  1  1  1  1 -1] [ 3 11 19 20 27 28 44] [ 5842  8921  9764 12819 12884 10777 13445] [] 1716179942.7940173149
[ 1 -1 -1  1 -1 -1 -1  1] [ 3 11 19 20 21 27 28 44] [ 5737  8948  9879 12435 12967 12978 11049 13312] [] 1716179942.8370134830
[ 1 -1 -1 -1  1 -1  1  1  1] [ 3 11 19 20 21 26 27 28 44] [ 5695  9027  9905 12451 11357 15640 12969 11039 13283] [] 1716179942.8800165653
[ 1 -1  1  1 -1  1  1 -1 -1  1] [ 3 11 19 20 21 26 27 28 29 44] [ 5665  9037  8311 12160 11474 14836 12955 11211 12340 12835] [] 1716179942.9230303764
[1 1 1 1 1 1 1 1 1 1] [ 3 11 19 20 21 26 27 28 29 44] [ 4927  9020  7839 11691 11201 13082 12780 11209 11905 12631] [] 1716179942.9660396576
[ 1  1  1  1  1  1  1  1  1 -1  1] [ 3 11 19 20 21 26 27 28 29 42 44] [ 4651  8853  7309 11226 10988 11686 12569 11101 11668 12927 12611] [] 1716179943.0090157986
[ 1  1  1  1  1  1  1 -1  1  1  1] [ 3 11 19 20 21 26 27 28 29 42 44] [ 4542  8820  6845 11157 10869 11666 12529 11208 11330 12695 12475] [] 1716179943.0520362854
[ 1  1  1  1  1  1  1  1  1  1 -1] [ 3 11 19 20 21 26 27 28 29 42 44] [ 4215  8723  6154 10735 10644 11505 12407 11203 10957 12546 12533] [] 1716179943.0951509476
[ 1  1  1  1  1 -1  1  1  1 -1  1  1] [ 3 11 19 20 21 26 27 28 29 34 42 44] [ 4118  8667  5921 10499 10486 11555 12395 11062 10943 14179 12059 12459] [] 1716179943.1381857395
[ 1  1  1  1  1  1  1  1  1  1  1 -1] [ 3 11 19 20 21 26 27 28 29 34 42 44] [ 3823  8616  5535 10328 10292 11310 12214 10943 10580 11867 11658 12510] [] 1716179943.1811268330
[ 1  1  1  1  1  1 -1  1  1  1  1  1] [ 3 11 19 20 21 26 27 28 29 34 42 44] [ 3726  8533  5057 10037 10171 11017 12245 10625 10554 11696 10781 12395] [] 1716179943.2240247726
[ 1  1  1  1  1  1 -1  1  1  1  1  1] [ 3 11 19 20 21 26 27 28 29 34 42 44] [ 3579  8532  4796  9915 10039  8994 12358 10479 10438  9173  9062 11035] [] 1716179943.2670311928
[ 1 -1  1  1  1  1 -1 -1  1  1  1  1] [ 3 11 19 20 21 26 27 28 29 34 42 44] [ 3389  8538  4414  9730  9931  8746 12593 10509 10360  8937  7561  8853] [] 1716179943.3100314140
[ 1  1  1  1  1  1 -1  1  1  1  1  1] [ 3 11 19 20 21 26 27 28 29 34 42 44] [ 3325  8516  4192  9695  9902  8702 12626 10499 10263  8915  7145  7749] [] 1716179943.3530066013
[ 1 -1 -1  1  1  1  1  1  1 -1  1  1  1  1] [ 3  4 10 11 19 20 21 26 27 28 29 34 42 44] [ 3247 13735 12352  7974  4063  9550  9771  8696 12582 10531 10215  8741
  6586  7409] [] 1716179943.3960576057
[ 1  1  1  1 -1  1  1  1  1  1  1 -1  1 -1  1  1] [ 3  4 10 11 18 19 20 21 26 27 28 29 34 36 42 44] [ 3067 10670 12055  7640 11982  4026  9107  9706  8648 12463 10506 10263
  8702 12736  6421  6942] [] 1716179943.4390673637
[ 1  1  1 -1  1  1  1  1  1  1 -1  1  1  1  1  1] [ 3  4 10 11 18 19 20 21 26 27 28 29 34 36 42 44] [ 2949 10411 11360  7665 10728  3967  8448  9638  8526 12446 10532 10181
  8664 12377  6253  6429] [] 1716179943.4820444584
[ 1  1  1  1  1  1  1  1  1  1  1  1  1  1  1  1 -1] [ 3  4 10 11 18 19 20 21 26 27 28 29 34 36 42 44 45] [ 2826 10306 11285  7554 10430  3927  7999  9583  8416 12203 10473  8732
  8483 12138  6052  5791 11119] [] 1716179943.5250632763
[ 1  1  1  1  1  1  1 -1  1 -1  1  1  1  1  1  1  1] [ 3  4 10 11 18 19 20 21 26 27 28 29 34 36 42 44 45] [ 2714 10031 10566  6574  8771  3821  7882  9615  8186 12256  9743  7120
  8363 11980  5816  5431 10731] [] 1716179943.5680844784
[ 1  1  1  1  1  1  1 -1  1  1  1  1  1 -1 -1 -1 -1  1  1] [ 3  4 10 11 18 19 20 21 26 27 28 29 34 35 36 37 42 44 45] [ 2671  9874 10358  6180  8567  3775  6806  9671  8067 10670  9694  6886
  8353 14773 11993 16344  5933  5094  7955] [] 1716179943.6110603809
[-1  1  1  1  1  1  1  1 -1  1  1  1  1  1  1 -1  1  1  1  1] [ 1  3  4 10 11 18 19 20 21 26 27 28 29 34 35 36 37 42 44 45] [15778  2567  9737  8761  5359  7420  3681  6531  9779  7905  9882  9207
  6664  7347 13321 12138 13009  5662  4869  7742] [] 1716179943.6540865898
[ 1  1  1  1  1  1  1  1  1  1  1  1  1  1  1 -1  1  1  1  1] [ 1  3  4 10 11 18 19 20 21 26 27 28 29 34 35 36 37 42 44 45] [14915  2547  9459  8335  4310  5912  3577  6404  9702  6958  9828  8638
  5377  7254 13129 12681 12467  5251  4731  7558] [] 1716179943.6970899105
[-1  1 -1  1  1  1  1 -1  1  1  1  1  1  1  1  1  1  1  1  1 -1] [ 1  3  4 10 11 18 19 20 21 26 27 28 29 34 35 36 37 42 44 45 50] [15016  2461  9467  8032  4114  5393  3561  6448  9685  6911  9708  7660
  5295  7224 13002 12465 11395  5058  4677  7469 10175] [] 1716179943.7401242256
[ 1  1  1  1  1  1  1  1  1 -1  1 -1  1  1  1 -1  1 -1  1  1  1  1] [ 1  3  4 10 11 18 19 20 21 23 26 27 28 29 34 35 36 37 42 44 45 50] [14991  2413  9299  7808  3964  4812  3473  6376  9677 14741  6095  9711
  6284  5291  7214 13009 12348 11421  4830  4407  7237 10109] [] 1716179943.7831275463
[ 1 -1  1  1  1  1  1  1  1  1  1  1  1  1  1  1  1  1  1  1  1 -1  1 -1] [ 1  2  3  4 10 11 18 19 20 21 23 26 27 28 29 34 35 36 37 42 44 45 50 53] [14898 11146  2404  9276  7263  3802  4669  3373  6298  9495 13859  5555
  9627  5597  5210  7189 12981 12161 11219  4533  4287  7434  9907 14677] [] 1716179943.8260951042
[-1 -1  1 -1  1  1  1  1  1 -1  1  1  1  1  1  1  1  1 -1  1 -1  1 -1  1] [ 1  2  3  4 10 11 18 19 20 21 23 26 27 28 29 34 35 36 37 42 44 45 50 53] [15096 11630  2350  9313  6958  3647  4507  3356  6170  9522 13568  5290
  8890  4921  5195  7135  9657  9703 11312  4217  4303  6485  9982 13127] [] 1716179943.8691051006
[ 1  1  1  1  1  1  1  1  1  1  1  1  1  1  1 -1 -1  1  1 -1  1  1  1  1] [ 1  2  3  4 10 11 18 19 20 21 23 26 27 28 29 34 35 36 37 42 44 45 50 53] [14834 11108  2342  9250  6782  3518  4465  3325  5775  9514 13532  5132
  8817  4781  5150  7197 12837  8173 11181  4268  4195  6463  9796 10799] [] 1716179943.9121520519
[-1  1  1  1  1  1  1  1  1 -1  1  1 -1  1  1  1 -1  1  1  1  1  1  1  1] [ 1  2  3  4 10 11 18 19 20 21 23 26 27 28 29 34 35 36 37 42 44 45 50 53] [15034 10946  2323  9151  6109  3394  4403  3255  5745  9569 13297  4904
  8818  4276  4759  6941 13009  7984 10891  4004  4079  6446  9781  7857] [] 1716179943.9550974369
[-1  1  1 -1  1  1 -1  1  1 -1  1  1  1  1  1  1  1  1 -1  1  1  1  1  1] [ 1  2  3  4 10 11 18 19 20 21 23 26 27 28 29 34 35 36 37 42 44 45 50 53] [15084 10728  2263  9189  5585  3141  4444  3236  5493  9614 13204  4463
  8681  3995  4588  6719  9667  7052 11173  3712  3975  6391  8270  7360] [] 1716179943.9980986118
[-1 -1  1  1  1  1  1  1  1 -1  1  1  1  1  1  1 -1  1  1  1  1  1  1  1] [ 1  2  3  4 10 11 18 19 20 21 23 26 27 28 29 34 35 36 37 42 44 45 50 53] [15182 10828  2244  9094  5439  3055  4329  3195  5407  9656 13136  4397
  7243  3812  4583  6543 12826  6904 10894  3560  3897  6266  8161  6466] [] 1716179944.0410389900
[ 1  1  1  1  1  1  1  1  1  1  1  1 -1  1  1  1  1  1 -1  1  1 -1  1 -1] [ 1  2  3  4 10 11 18 19 20 21 23 26 27 28 29 34 35 36 37 42 44 45 50 53] [15080 10392  2191  9090  5163  2882  4238  3119  5259  9561 12874  4324
  7437  3665  4534  6486 11880  6319 11051  3392  3794  6289  8103  6510] [] 1716179944.0842542648
[-1  1  1  1  1  1  1  1  1  1  1  1  1  1  1 -1  1  1  1  1  1  1  1  1] [ 1  2  3  4 10 11 18 19 20 21 23 26 27 28 29 34 35 36 37 42 44 45 50 53] [15387  9730  2163  9066  4935  2810  4011  3082  5065  9552 12724  4240
  7378  3574  4476  6539 10600  6134 11014  3205  3674  6151  8021  6294] [] 1716179944.1272268295
[ 1 -1  1  1  1  1  1  1  1  1 -1  1  1  1 -1  1  1  1 -1  1  1 -1 -1 -1
 -1] [ 1  2  3  4 10 11 18 19 20 21 23 26 27 28 29 34 35 36 37 42 44 45 46 50
 53] [15066  9961  2136  9011  4817  2775  3861  3056  4983  9542 12736  4109
  7370  3396  4487  6539  9658  6104 11077  3176  3663  6207 10794  8057
  6505] [] 1716179944.1702125072
[ 1  1  1 -1  1  1  1 -1  1  1  1  1  1  1  1  1 -1  1 -1  1 -1  1  1 -1
  1 -1  1] [ 1  2  3  4 10 11 18 19 20 21 23 26 27 28 29 34 35 36 37 42 44 45 46 47
 50 51 53] [15011  8999  2127  9033  4519  2688  3763  3087  4573  9471 12686  4089
  6831  3319  4434  6502 10739  5536 11107  3040  3689  6199 10734 13553
  8052 12688  6481] [] 1716179944.2130723000
[ 1  1  1 -1  1  1 -1  1  1  1 -1 -1  1  1  1 -1 -1  1  1 -1  1  1 -1  1
  1  1 -1 -1] [ 1  2  3  4 10 11 15 18 19 20 21 23 26 27 28 29 34 35 36 37 42 44 45 46
 47 50 51 53] [14978  8886  2074  9037  4431  2648 15385  3639  3028  4464  9575 12726
  3833  6698  3271  4467  6591  9367  5367 11200  3008  3627  6250 10590
 13175  7829 13060  6516] [] 1716179944.2562050819
[ 1  1  1 -1  1 -1 -1  1  1  1 -1 -1  1  1  1  1 -1 -1  1 -1  1  1  1 -1
  1 -1  1  1] [ 1  2  3  4 10 11 15 18 19 20 21 23 26 27 28 29 34 35 36 37 42 44 45 46
 47 50 51 53] [14830  8821  2069  9039  4355  2650 15527  3631  3010  4399  9588 12732
  3638  6625  3247  4459  6601  9487  5272 11368  3008  3611  6231 10603
 13127  7830 12143  6436] [] 1716179944.2992763519
[-1 -1  1 -1  1  1  1  1  1  1 -1 -1  1  1  1  1  1 -1 -1 -1  1  1  1  1
  1 -1  1] [ 1  2  3  4 10 11 15 18 19 20 21 23 26 27 28 29 34 35 36 37 42 44 45 46
 50 51 53] [14997  8982  2057  9127  4313  2614 15412  3619  2994  4397  9652 12736
  3589  6368  3189  4427  6344  9496  5311 11542  2992  3604  6139 10519
  7785 12291  6354] [] 1716179944.3421678543
[-1 -1  1  1  1 -1  1  1  1  1  1  1  1  1 -1  1 -1  1  1 -1  1  1 -1 -1
  1 -1] [ 1  2  3  4 10 11 15 18 19 20 21 23 26 27 28 29 34 35 36 37 42 44 45 46
 50 53] [15336  9070  2051  9011  4295  2623 15382  3594  2977  4346  9557 12678
  3560  6345  3215  4423  6365  9317  5240 11724  2990  3587  6218 11148
  7652  6359] [] 1716179944.3851571083
[-1 -1 -1  1 -1 -1  1  1 -1 -1 -1 -1  1  1  1 -1  1  1  1 -1 -1  1 -1  1] [ 1  2  3  4 10 11 18 19 20 21 23 26 27 28 29 34 35 36 37 42 44 45 50 53] [15360  9101  2069  8990  4335  2638  3577  2976  4403  9564 12690  3651
  6297  3206  4391  6555  9196  5165 11624  3100  3598  6002  7760  6281] [] 1716179944.4281311035
[ 1 -1 -1 -1 -1 -1 -1 -1 -1  1  1 -1 -1 -1  1  1  1 -1 -1 -1 -1 -1 -1 -1] [ 1  2  3  4 10 11 18 19 20 21 23 26 27 28 29 34 35 36 37 42 44 45 50 53] [15268  9144  2107  9084  4449  2645  3663  3031  4409  9486 12660  3843
  6342  3232  4353  6473  9151  5245 11686  3186  3679  6175  8030  6394] [] 1716179944.4711198807
[ 1 -1  1  1 -1 -1 -1 -1 -1  1 -1 -1 -1 -1 -1  1 -1 -1  1 -1 -1 -1 -1 -1] [ 1  2  3  4 10 11 18 19 20 21 23 26 27 28 29 34 35 36 37 42 44 45 50 53] [15120 10712  2071  9054  4735  2713  3850  3045  4445  9481 12808  3924
  6391  3446  4414  6450  9467  5404 11425  3370  3767  6226  8092  6560] [] 1716179944.5141468048
[ 1  1 -1  1 -1 -1 -1 -1 -1  1  1 -1 -1 -1  1 -1  1 -1  1 -1 -1 -1 -1 -1] [ 1  2  3  4 10 11 18 19 20 21 23 26 27 28 29 34 35 36 37 42 44 45 50 53] [14982 10575  2126  8989  5050  2799  3911  3107  4531  9462 12690  4127
  6843  3573  4408  6673  9394  5543 11206  3511  3865  6257  9587 11678] [] 1716179944.5570995808
[-1  1 -1  1 -1 -1 -1  1 -1  1 -1 -1  1 -1 -1  1 -1 -1 -1 -1 -1 -1 -1 -1] [ 1  2  3  4 10 11 18 19 20 21 23 26 27 28 29 34 35 36 37 42 44 45 50 53] [15014 10301  2175  8989  5269  2957  4151  3079  4620  9412 12832  4263
  6834  3712  4462  6634  9481  6139 11368  3596  3958  6277  9656 12389] [] 1716179944.6001317501
[-1  1 -1  1 -1 -1 -1 -1 -1  1 -1 -1 -1 -1 -1 -1 -1 -1  1 -1  1  1 -1] [ 1  2  3  4 10 11 18 19 20 21 23 26 27 28 29 34 35 36 37 42 44 45 50] [15022  9855  2205  8963  5471  3002  4211  3147  4680  9361 13006  4313
  6864  3805  4505  6909 10175  6222 11136  3856  3864  6060  9824] [] 1716179944.6431267262
[ 1  1 -1 -1 -1 -1 -1 -1 -1 -1 -1 -1  1 -1 -1 -1 -1 -1 -1 -1 -1 -1 -1] [ 1  2  3  4 10 11 18 19 20 21 23 26 27 28 29 34 35 36 37 42 44 45 50] [14888  9649  2237  8978  6051  3160  4311  3179  5155  9369 13042  4465
  6839  4093  4842  7092 12008  7209 11140  4214  4141  6287 10133] [] 1716179944.6861476898
[-1 -1 -1  1 -1 -1 -1  1 -1 -1 -1 -1 -1 -1 -1 -1  1 -1 -1 -1 -1 -1] [ 1  2  3  4 10 11 18 19 20 21 23 26 27 28 29 34 35 36 37 42 44 45] [15000  9971  2271  8956  6499  3307  4395  3151  5599  9403 13093  4898
  6866  4551  5114  7198  9654  7595 11274  4429  4313  6389] [] 1716179944.7290523052
[-1  1 -1 -1 -1 -1 -1 -1  1 -1 -1 -1 -1 -1 -1  1 -1 -1 -1 -1 -1 -1] [ 1  2  3  4 10 11 18 19 20 21 23 26 27 28 29 34 35 36 37 42 44 45] [15496  9876  2294  8964  7203  3581  4429  3221  5597  9477 13187  5021
  7006  4850  5167  7085 10183  7792 11379  4843  4664  6993] [] 1716179944.7721335888
[-1 -1 -1 -1 -1 -1 -1 -1 -1  1 -1 -1 -1 -1 -1 -1  1 -1 -1 -1 -1 -1] [ 1  2  3  4 10 11 18 19 20 21 23 26 27 28 29 34 35 36 37 42 44 45] [15657 10581  2391  8969  7626  3793  4636  3292  5913  9445 13385  5621
  8570  5457  5273  7181  9776 10392 11427  5170  4854  9672] [] 1716179944.8152396679
[ 1 -1 -1 -1 -1 -1 -1 -1 -1  1 -1 -1 -1 -1 -1 -1 -1 -1 -1 -1 -1 -1] [ 1  2  3  4 10 11 18 19 20 21 23 26 27 28 29 34 35 36 37 42 44 45] [15526 10931  2437  8987  7842  3979  5078  3350  5967  9409 13630  6702
  9295  6066  5477  7754 12721 11965 12336  5660  5119  9978] [] 1716179944.8582847118
[ 1  1 -1 -1 -1 -1 -1 -1 -1 -1 -1 -1 -1 -1 -1 -1 -1 -1  1] [ 1  3  4 10 11 18 19 20 21 26 27 28 29 34 35 36 37 42 44] [15443  2435  9112  8119  4549  5902  3429  6162  9418  7618  9377  8582
  6491  8226 12876 12173 12946  5833  5028] [] 1716179944.9012243748
[-1 -1 -1 -1 -1 -1 -1 -1  1  1 -1 -1  1 -1 -1 -1 -1 -1 -1] [ 1  3  4 10 11 18 19 20 21 26 27 28 29 34 35 36 37 42 44] [15628  2565  9154  8873  5080  6742  3490  6518  9410  7613  9402  9137
  6343  8278 12968 12429 14015  6028  5648] [] 1716179944.9442296028
[-1 -1 -1 -1 -1 -1 -1 -1  1 -1 -1 -1 -1 -1 -1 -1 -1 -1] [ 1  3  4 10 11 18 19 20 21 26 27 28 29 34 35 36 42 44] [16204  2689  9183  9784  6345  7652  3588  7393  9389  8001  9607 10157
  7137  8409 14020 12836  6334  6781] [] 1716179944.9872734547
[-1 -1  1 -1 -1 -1 -1 -1 -1 -1 -1 -1 -1 -1 -1 -1] [ 3  4 10 11 18 19 20 21 26 27 28 29 34 36 42 44] [ 2747  9227  9561  6638  7684  3691  7414  9474  8029  9999 10158  7795
  8453 12987  6517  7261] [] 1716179945.0300800800
[-1 -1 -1 -1 -1 -1  1  1 -1 -1  1 -1 -1 -1  1 -1] [ 3  4 10 11 18 19 20 21 26 27 28 29 34 36 42 44] [ 2895  9266 10390  7331  7847  3742  7260  9410  8171 12021 10082  9926
  8531 13127  6294  9395] [] 1716179945.0731298923
[-1 -1 -1 -1 -1 -1 -1 -1 -1 -1 -1 -1 -1 -1 -1 -1] [ 3  4 10 11 18 19 20 21 26 27 28 29 34 36 42 44] [ 3227  9557 12026  7367 11360  3850  7456  9580  8341 12080 10196  9977
  8810 13129  8157  9775] [] 1716179945.1162099838
[-1 -1 -1 -1 -1 -1 -1 -1  1  1 -1 -1 -1 -1] [ 3  4 10 11 19 20 21 26 27 28 29 34 42 44] [ 3487 10187 12255  7580  3897  9224  9672  8522 12047 10146 10007  9145
  9631 11864] [] 1716179945.1592962742
[-1 -1 -1  1 -1 -1 -1 -1  1 -1 -1 -1 -1 -1] [ 3  4 10 11 19 20 21 26 27 28 29 34 42 44] [ 3542 12490 13509  7491  4062  9399  9848  8681 12021 10202 10106  9163
 10268 12227] [] 1716179945.2023456097
[-1 -1 -1 -1 -1 -1  1 -1 -1 -1 -1 -1] [ 3 11 19 20 21 26 27 28 29 34 42 44] [ 3721  8370  4230  9585  9997 10569 11725 10392 10264 12394 11647 12729] [] 1716179945.2452330589
[-1 -1 -1 -1  1 -1 -1 -1 -1  1] [ 3 11 19 20 21 26 27 28 29 44] [ 3877  8444  4799  9787  9971 10706 12650 10394 10446 12477] [] 1716179945.2882514000
[-1 -1 -1 -1 -1  1  1 -1 -1 -1] [ 3 11 19 20 21 26 27 28 29 44] [ 3911  8461  5020  9966 10052 10703 12541 10482 10508 12752] [] 1716179945.3311595917
[-1 -1 -1 -1 -1 -1  1 -1 -1  1] [ 3 11 19 20 21 26 27 28 29 44] [ 4256  8589  5723 10354 10333 10929 12463 10622 11054 12751] [] 1716179945.3742105961
[-1 -1 -1 -1 -1 -1 -1 -1 -1] [ 3 11 19 20 21 26 27 28 29] [ 4457  8639  6314 10711 10503 11052 12513 10746 11432] [] 1716179945.4171707630
[-1 -1 -1 -1 -1 -1 -1  1 -1] [ 3 11 19 20 21 26 27 28 29] [ 4494  8709  7313 10970 10593 11875 12537 10724 11662] [] 1716179945.4601135254
[-1  1 -1 -1  1  1  1] [ 3 11 19 20 21 27 28] [ 5202  8621  8827 11247 10572 12497 10497] [] 1716179945.5030436516
[-1 -1 -1 -1  1  1] [ 3 11 19 20 27 28] [ 5228  8665  9431 11622 12378 10495] [] 1716179945.5460238457
[-1 -1 -1 -1 -1 -1] [ 3 11 19 20 27 28] [ 5553  8867  9630 12790 12771 10963] [] 1716179945.5890107155
[-1 -1 -1 -1 -1  1] [ 3 11 19 20 27 28] [ 5763  8894  9655 15551 12839 10951] [] 1716179945.6320343018
[-1  1  1  1] [ 3 11 19 28] [ 5881  8750  9494 10665] [] 1716179945.6750133038
[-1 -1 -1 -1] [ 3 11 19 28] [ 7485  8814  9789 10895] [] 1716179945.7179975510
[ 1 -1] [11 28] [ 8451 11057] [] 1716179945.7609846592
[1] [11] [8421] [] 1716179945.8039574623
[-1] [11] [8676] [] 1716179945.8469498158
[1] [11] [8642] [] 1716179945.8899898529
[-1] [11] [8691] [] 1716179945.9329853058
[-1] [11] [8724] [] 1716179945.9921600819
2 2 2 1716179945.9924733639
