FA TAX ADC PRES TS
[-1] [28] [11222] [] 1716181376.0272533894
[1] [28] [11182] [] 1716181376.0702967644
[ 1 -1] [28 42] [11068 13257] [] 1716181376.1132869720
[-1  1] [28 42] [11233 12335] [] 1716181376.1563112736
[ 1 -1] [28 42] [11017 12531] [] 1716181376.1992375851
[1 1] [28 42] [10865 12421] [] 1716181376.2422704697
[ 1 -1] [28 42] [10809 12541] [] 1716181376.2852842808
[1 1] [28 42] [10683 12377] [] 1716181376.3282902241
[1 1] [28 42] [10663 12328] [] 1716181376.3712973595
[1 1] [28 42] [10562 11944] [] 1716181376.4142701626
[1 1] [28 42] [10476 11572] [] 1716181376.4572818279
[1 1] [28 42] [10399 11535] [] 1716181376.5002861023
[1 1] [28 42] [10382 11221] [] 1716181376.5432417393
[-1 -1 -1] [11 28 42] [13694 10503 11365] [] 1716181376.5862998962
[ 1 -1 -1 -1] [11 28 42 44] [13504 10523 11526 15461] [] 1716181376.6292858124
[ 1 -1 -1  1] [11 28 42 44] [11954 10553 11534 15279] [] 1716181376.6723005772
[ 1  1 -1  1] [11 28 42 44] [11405 10431 11673 15153] [] 1716181376.7152354717
[ 1 -1  1  1] [11 28 42 44] [10676 10531 11494 14395] [] 1716181376.7581713200
[ 1  1 -1  1] [11 28 42 44] [10468 10462 11533 13713] [] 1716181376.8012650013
[-1  1  1 -1] [11 28 42 44] [10548 10403 11451 13942] [] 1716181376.8443133831
[ 1 -1  1  1] [11 28 42 44] [10224 10437 11314 13681] [] 1716181376.8872573376
[ 1 -1  1 -1 -1] [11 28 42 44 53] [ 9954 10441 10962 14046 14707] [] 1716181376.9303011894
[ 1 -1  1  1  1] [11 28 42 44 53] [ 9817 10559 10174 13207 12121] [] 1716181376.9731612206
[ 1 -1 -1  1 -1 -1] [11 28 29 42 44 53] [ 9682 10826 11725  9854 13621 12532] [] 1716181377.0161542892
[-1 -1 -1  1  1  1  1] [11 19 28 29 42 44 53] [ 9705 13571 10863 11591  9644 12837 11581] [] 1716181377.0591614246
[-1  1  1  1  1  1  1] [11 19 28 29 42 44 53] [ 9728 13363 10856 11424  8255 12773 11354] [] 1716181377.1021223068
[-1 -1 -1 -1 -1  1  1 -1] [ 3 11 19 28 29 42 44 53] [10271  9838 15306 10919 11479  7662 12507 12231] [] 1716181377.1451320648
[ 1  1  1 -1 -1  1 -1  1] [ 3 11 19 28 29 42 44 53] [10123  9830 12627 10940 11487  7062 12562 11153] [] 1716181377.1881575584
[ 1  1 -1 -1  1  1 -1 -1  1] [ 3 11 19 28 29 42 44 45 53] [ 9869  9753 12713 11012 11444  7014 12781 13180 10943] [] 1716181377.2311503887
[ 1  1 -1  1 -1  1 -1 -1  1] [ 3 11 19 28 29 42 44 45 53] [ 9800  9687 12881 10975 11496  6995 12884 13566 10867] [] 1716181377.2741432190
[ 1  1  1  1  1  1  1 -1  1] [ 3 11 19 28 29 42 44 45 53] [ 9717  9649 11907 10947 11382  6939 12828 13863 10743] [] 1716181377.3171286583
[ 1 -1  1 -1  1 -1 -1  1 -1] [ 3 11 19 28 29 42 44 45 53] [ 7201  9745 11391 10981 11371  6957 12836 13330 10744] [] 1716181377.3601207733
[ 1 -1 -1 -1  1  1  1  1  1 -1] [ 3 11 19 28 29 42 44 45 53 54] [ 7069  9777 11726 11024 11222  6808 12774 13287 10740 15598] [] 1716181377.4031181335
[ 1  1 -1 -1 -1 -1 -1  1 -1  1] [ 3 11 19 28 29 42 44 45 53 54] [ 7004  9738 11980 11120 11305  7042 12981 12735 10871 12813] [] 1716181377.4461357594
[-1 -1  1 -1 -1 -1 -1  1  1  1  1  1] [ 3 11 19 26 27 28 29 42 44 45 53 54] [ 7196  9949 11333 11973 14068 11190 11307  6987 12967 12525 10836 12755] [] 1716181377.4891314507
[ 1  1 -1  1  1 -1  1  1  1  1  1  1] [ 3 11 19 26 27 28 29 42 44 45 53 54] [ 7112  9932 11594 11358 13544 11193 11251  6811 12883 12287 10799 12703] [] 1716181377.5321083069
[ 1  1 -1  1 -1  1  1  1 -1  1 -1  1] [ 3 11 19 26 27 28 29 42 44 45 53 54] [ 7071  9872 11784 11301 13576 11145 11171  6714 12963 12153 10809 12541] [] 1716181377.5751943588
[ 1 -1  1  1  1  1 -1  1  1  1 -1  1] [ 3 11 19 26 27 28 29 42 44 45 53 54] [ 6977  9881 11082 11171 13079 11125 11173  6675 12703 12019 10942 12396] [] 1716181377.6181595325
[ 1  1 -1  1  1  1  1  1  1  1  1  1] [ 3 11 19 26 27 28 29 42 44 45 53 54] [ 6909  9797 11385 11089 12797 11051 11060  6568 11347 11994 10677 12251] [] 1716181377.6611299515
[ 1  1  1 -1  1 -1  1  1  1  1 -1  1] [ 3 11 19 26 27 28 29 42 44 45 53 54] [ 6839  9757 11204 11102 12700 11073 11044  6484  9456 11982 10678 12193] [] 1716181377.7041666508
[1 1 1 1 1 1 1 1 1 1 1 1] [ 3 11 19 26 27 28 29 42 44 45 53 54] [ 6421  9676 10676 11078 12597 11071 11005  6388  9129 11907 10622 12189] [] 1716181377.7471902370
[ 1  1  1 -1  1  1  1 -1  1 -1 -1 -1 -1] [ 3 11 19 26 27 28 29 42 44 45 53 54 55] [ 6372  9622 10196 11089 12450 11016 10955  6496  8599 11973 10774 12353
 14284] [] 1716181377.7902188301
[-1 -1 -1 -1 -1 -1 -1 -1 -1  1 -1 -1 -1  1 -1] [ 3 11 19 21 26 27 28 29 42 44 45 53 54 55 61] [ 6502  9698 10211 14373 11108 12614 11036 10956  6679  8460 12098 11144
 12543 14219  8267] [] 1716181377.8331820965
[ 1 -1  1  1  1  1 -1 -1  1  1  1  1  1 -1  1] [ 3 11 19 21 26 27 28 29 42 44 45 53 54 55 61] [ 6430  9733 10029 13343 11086 12587 11123 11037  6641  8376 12052 11126
 12517 14284  8047] [] 1716181377.8761849403
[ 1  1  1  1  1  1  1  1 -1  1  1  1  1  1 -1] [ 3 11 19 21 26 27 28 29 42 44 45 53 54 55 61] [ 6360  9672  9977 12685 11075 12517 10973 10938  6704  8289 11994 10860
 12439 14103  8178] [] 1716181377.9191722870
[ 1 -1 -1  1 -1  1 -1  1 -1  1  1  1  1  1  1  1] [ 3 11 19 21 26 27 28 29 34 42 44 45 53 54 55 61] [ 6277  9682 10034 12274 11112 12435 10990 10921 14165  6616  8251 11970
 10801 12435 14023  8010] [] 1716181377.9621427059
[-1  1  1  1  1  1 -1 -1  1  1  1 -1 -1 -1 -1  1  1] [ 3 11 19 21 26 27 28 29 34 42 44 45 46 53 54 55 61] [ 6294  9671  9855 11409 11055 12289 11083 10976 12803  6615  8065 12051
 11824 10953 12635 11712  7929] [] 1716181378.0051541328
[ 1  1  1  1 -1 -1  1 -1  1  1  1  1  1  1  1 -1  1] [ 3 11 19 21 26 27 28 29 34 42 44 45 46 53 54 55 61] [ 6291  9621  9659 11063 11091 12347 10961 11125 12100  6409  7794 11989
 11609 10871 12617 12037  7832] [] 1716181378.0481362343
[ 1 -1  1  1  1 -1  1 -1  1 -1  1 -1  1 -1 -1  1 -1] [ 3 11 19 21 26 27 28 29 34 42 44 45 46 53 54 55 61] [ 6214  9677  9634 10884 10860 12361 10946 11147 11720  6554  7389 12001
 11495 10949 12772 10672  7861] [] 1716181378.0911302567
[ 1  1  1  1  1  1  1  1  1  1  1 -1  1  1  1 -1  1] [ 3 11 19 21 26 27 28 29 34 42 44 45 46 53 54 55 61] [ 6162  9566  9407 10783 10850 12348 10928 11100 11666  6429  6885 12017
 11443 10942 12720 12031  7821] [] 1716181378.1341288090
[ 1  1 -1 -1  1 -1  1  1 -1  1 -1  1  1  1  1  1  1  1] [ 3 11 19 20 21 26 27 28 29 34 42 44 45 46 53 54 55 61] [ 6105  9501  9431 16104 10687 10852 12310 10845 11139 11527  6438  6442
 12011 11371  9653 12703 10497  7748] [] 1716181378.1771323681
[ 1  1  1  1  1  1 -1 -1  1  1  1  1  1  1 -1  1 -1  1] [ 3 11 19 20 21 26 27 28 29 34 42 44 45 46 53 54 55 61] [ 6070  9501  9305 15475 10664 10791 12327 10878 11103 11521  6318  6205
 11854 11305 10405 12543 11084  7707] [] 1716181378.2201483250
[ 1  1 -1 -1 -1  1 -1 -1  1  1  1  1 -1 -1  1  1  1 -1] [ 3 11 19 20 21 26 27 28 29 34 42 44 45 46 53 54 55 61] [ 6041  9427  9339 15984 10720 10699 12384 10919 11045 11458  6172  5993
 11884 11379  9141 12537  9438  7765] [] 1716181378.2631282806
[ 1 -1  1  1  1  1  1 -1 -1 -1  1  1  1 -1  1  1  1  1] [ 3 11 19 20 21 26 27 28 29 34 42 44 45 46 53 54 55 61] [ 5956  9490  9279 14533 10653 10599 12281 11001 11092 11525  6019  5862
 11851 11425  8987 12517  7995  7741] [] 1716181378.3061459064
[ 1  1 -1  1  1  1 -1  1  1  1  1  1  1  1  1 -1  1  1] [ 3 11 19 20 21 26 27 28 29 34 42 44 45 46 53 54 55 61] [ 5903  9440  9311 14083 10647 10454 12284 10942 11007 11524  5952  5734
 11847 11316  8862 12533  7609  7662] [] 1716181378.3491332531
[ 1  1 -1  1  1  1  1  1  1 -1  1  1  1  1  1 -1 -1  1] [ 3 11 19 20 21 26 27 28 29 34 42 44 45 46 53 54 55 61] [ 5884  9340  9350 13956 10631 10451 12259 10918 10994 11527  5559  5558
 11831 11203  8777 12539  7657  7636] [] 1716181378.3922772408
[-1  1 -1 -1 -1  1  1 -1  1  1  1  1  1 -1  1  1  1  1] [ 3 11 19 20 21 26 27 28 29 34 42 44 45 46 53 54 55 61] [ 5890  9304  9363 14128 10665 10327 12174 10943 10990 11439  5322  5491
 11769 11232  8773 12539  7525  7599] [] 1716181378.4352991581
[ 1  1 -1  1  1 -1  1  1  1 -1  1  1 -1  1  1 -1  1  1] [ 3 11 19 20 21 26 27 28 29 34 42 44 45 46 53 54 55 61] [ 5811  9264  9502 13581 10603 10380 12142 10866 10880 11525  5239  5320
 11830 11209  8700 12669  7338  7549] [] 1716181378.4783341885
[ 1  1  1 -1  1  1  1 -1  1  1  1  1  1  1 -1  1  1 -1] [ 3 11 19 20 21 26 27 28 29 34 42 44 45 46 53 54 55 61] [ 5743  9195  9476 14112 10570 10366 12112 10885  8062 11427  5112  5251
 11734 11143  8717 12564  7182  7550] [] 1716181378.5213489532
[ 1 -1  1  1  1  1  1 -1  1  1  1  1  1  1  1 -1  1  1] [ 3 11 19 20 21 26 27 28 29 34 42 44 45 46 53 54 55 61] [ 5686  9197  9138 13819 10494 10210 12004 10888  8048 11376  4903  5184
 11684 11074  8713 12605  6861  7528] [] 1716181378.5642936230
[-1  1  1  1 -1  1 -1 -1  1 -1  1  1  1  1 -1 -1  1  1] [ 3 11 19 20 21 26 27 28 29 34 42 44 45 46 53 54 55 61] [ 5698  9169  8614 13003 10643 10182 12077 10918  8009 11444  4629  5087
 11431 11037  8726 12635  6448  7517] [] 1716181378.6072824001
[ 1 -1  1  1  1  1  1  1  1 -1  1  1  1 -1  1  1  1  1] [ 3 11 19 20 21 26 27 28 29 34 42 44 45 46 53 54 55 61] [ 5449  9181  8476 12852 10552 10153 12035 10841  7902 11466  4482  5040
 11223 11045  8624 12619  6323  7436] [] 1716181378.6504120827
[ 1 -1  1  1  1 -1  1 -1 -1  1 -1 -1  1 -1 -1 -1 -1  1  1 -1] [ 3 11 19 20 21 26 27 28 29 34 42 44 45 46 50 51 53 54 55 61] [ 5365  9183  8466 12300 10522 10154 12006 10919  7991 11438  4790  5051
 11033 11097 11247 12265  8701 12537  6149  7551] [] 1716181378.6933188438
[ 1  1  1  1  1  1 -1  1  1 -1  1  1  1 -1 -1  1 -1  1 -1 -1  1] [ 3 11 19 20 21 26 27 28 29 34 42 44 45 46 47 50 51 53 54 55 61] [ 5320  9156  8377 12160 10452 10146 12130  8713  7962 11549  4674  4999
 10925 11221 14225 10687 12520  8666 12558  6233  7542] [] 1716181378.7362902164
[ 1 -1 -1 -1 -1  1  1  1  1 -1  1  1  1  1  1  1  1 -1  1  1  1  1] [ 3 11 18 19 20 21 26 27 28 29 34 42 44 45 46 47 50 51 53 54 55 61] [ 5185  9182 15116  8407 12254 10363 10137 12099  8688  7974 11506  4658
  4840 10560 11117 13907 10620 13828  8655 12539  6095  7471] [] 1716181378.7792916298
[ 1  1  1  1 -1  1  1 -1  1  1  1  1  1  1  1  1  1 -1  1 -1  1  1] [ 3 11 18 19 20 21 26 27 28 29 34 42 44 45 46 47 50 51 53 54 55 61] [ 5137  9095 12406  8197 12405 10323 10111 12114  8623  7868 11415  4596
  4741 10547 10055 13853 10525 14242  8655 12593  6030  7447] [] 1716181378.8223609924
[-1 -1  1  1  1  1  1  1  1  1 -1  1  1  1  1  1  1  1  1 -1  1  1] [ 3 11 18 19 20 21 26 27 28 29 34 42 44 45 46 47 50 51 53 54 55 61] [ 5158  9201 11364  8079 12081 10229 10084 12015  8514  7816 11430  4432
  4688 10377  9581 13750 10260 12144  8541 12627  5951  7376] [] 1716181378.8652796745
[ 1  1  1  1  1  1  1  1  1  1  1  1  1 -1  1  1  1  1  1  1  1  1] [ 3 11 18 19 20 21 26 27 28 29 34 42 44 45 46 47 50 51 53 54 55 61] [ 5126  9136 11269  7944 12069 10161 10053 11980  8475  7756 11397  4292
  4514 11464  9274 13626 10219 11569  8461 12546  5686  7254] [] 1716181378.9082937241
[ 1  1  1  1  1  1  1  1  1 -1  1  1  1  1  1  1  1  1  1  1  1  1] [ 3 11 18 19 20 21 26 27 28 29 34 42 44 45 46 47 50 51 53 54 55 61] [ 5007  9025  9254  7766 11707 10150 10038 11965  8371  7757 11280  4266
  4458 11418  9196 13608 10181 11402  8427 12485  5658  7191] [] 1716181378.9513309002
[ 1  1  1 -1  1  1  1  1  1  1 -1  1  1  1  1  1  1  1  1 -1  1  1] [ 3 11 18 19 20 21 26 27 28 29 34 42 44 45 46 47 50 51 53 54 55 61] [ 4971  9003  9137  7846 11639 10073  9977 11933  8316  7675 11282  4139
  4379 11302  9149 13258 10089 11026  8413 12519  5475  7099] [] 1716181378.9943892956
[ 1 -1  1  1 -1 -1  1 -1  1  1  1  1  1  1 -1  1  1  1  1 -1  1  1] [ 3 11 18 19 20 21 26 27 28 29 34 42 44 45 46 47 50 51 53 54 55 61] [ 4837  9013  9000  7611 11697 10120  9863 12034  8259  7640 11196  3988
  4291 11135  9251 13212 10047 10970  8333 12582  5300  7039] [] 1716181379.0372645855
[ 1  1  1 -1  1  1  1  1 -1  1 -1  1  1  1 -1 -1 -1  1  1 -1  1  1] [ 3 11 18 19 20 21 26 27 28 29 34 42 44 45 46 47 50 51 53 54 55 61] [ 4750  8887  8897  7674 11429 10111  9820 11964  8282  7609 11198  3932
  4266  9329  9270 13281 10056 10860  8319 12588  5229  6978] [] 1716181379.0803205967
[ 1  1  1  1 -1 -1 -1  1  1 -1  1  1  1  1  1 -1  1  1  1  1  1  1] [ 3 11 18 19 20 21 26 27 28 29 34 42 44 45 46 47 50 51 53 54 55 61] [ 4587  8870  6997  7619 11444 10166  9931 11945  8254  7615  8797  3831
  4175  8572  8830 13396 10035 10724  8232 12529  5156  6843] [] 1716181379.1233072281
[ 1  1  1  1  1  1  1  1 -1  1  1  1  1  1  1  1  1  1  1  1  1  1] [ 3 11 18 19 20 21 26 27 28 29 34 42 44 45 46 47 50 51 53 54 55 61] [ 4479  8860  6979  7508 11412 10145  9829 11923  8259  7572  8598  3740
  4119  8319  8721 13349 10012 10690  8118 12521  5124  6815] [] 1716181379.1663358212
[ 1 -1  1  1  1 -1  1  1 -1  1  1 -1  1  1 -1 -1  1 -1  1  1  1  1] [ 3 11 18 19 20 21 26 27 28 29 34 42 44 45 46 47 50 51 53 54 55 61] [ 4401  8871  6916  7154 11317 10196  9795 11911  8281  7572  8531  3754
  4031  8075  8819 13358  9943 10738  7997 12508  5050  6744] [] 1716181379.2093529701
[ 1  1 -1 -1  1  1 -1  1 -1  1  1  1  1  1  1  1  1  1  1 -1  1  1] [ 3 11 18 19 20 21 26 27 28 29 34 42 44 45 46 47 50 51 53 54 55 61] [ 4391  8808  6985  7259 11211 10084  9830 11868  8317  6219  8521  3688
  3910  7956  8639 13209  9935 10711  7910 12534  5019  6723] [] 1716181379.2523667812
[ 1 -1  1  1  1  1  1  1  1  1  1  1  1  1  1  1  1  1  1 -1  1  1] [ 3 11 18 19 20 21 26 27 28 29 34 42 44 45 46 47 50 51 53 54 55 61] [ 4364  8812  6388  6960 11104 10007  8090 11831  8307  6139  8453  3636
  3842  7894  8589 13172  9895 10645  7830 12539  4933  6641] [] 1716181379.2953829765
[-1  1  1  1  1  1  1  1 -1  1 -1 -1  1  1  1 -1  1 -1  1  1  1  1 -1] [ 3 11 18 19 20 21 26 27 28 29 34 35 42 44 45 46 47 50 51 53 54 55 61] [ 4414  8796  6233  6693 11100  9929  8041 11764  8322  6080  8542 15735
  3620  3809  7856  8626 13171  9961 10315  7824 12435  4859  6649] [] 1716181379.3383817673
[ 1 -1  1  1  1  1  1 -1 -1 -1  1  1 -1  1  1  1  1  1  1  1  1  1  1  1] [ 3 11 18 19 20 21 26 27 28 29 34 35 36 42 44 45 46 47 50 51 53 54 55 61] [ 4301  8812  6199  6657 11071  9904  8039 11850  8356  6114  8439 15130
 13322  3567  3798  7808  8594 13158  9917 10204  7792 12417  4842  6580] [] 1716181379.3813054562
[-1  1  1  1  1  1  1 -1  1  1 -1  1  1  1 -1  1 -1 -1  1  1  1 -1  1  1] [ 3 11 18 19 20 21 26 27 28 29 34 35 36 42 44 45 46 47 50 51 53 54 55 61] [ 4333  8757  5791  6518 11050  9887  7999 11874  8293  6099  8453 13715
 13315  3502  3816  7782  8688 13216  9876 10096  7773 12435  4767  6557] [] 1716181379.4243242741
[ 1 -1 -1  1  1  1  1 -1  1  1  1  1  1  1  1  1  1  1  1  1  1 -1 -1  1] [ 3 11 18 19 20 21 26 27 28 29 34 35 36 42 44 45 46 47 50 51 53 54 55 61] [ 4163  8831  5999  6468 10836  9813  7943 11942  8264  6046  8305 13426
 13303  3467  3692  7753  8563 10402  9796 10044  7700 12492  4771  6534] [] 1716181379.4673521519
[ 1  1  1  1 -1  1  1  1 -1  1  1 -1  1 -1 -1 -1  1 -1  1 -1  1 -1  1  1
  1] [ 3 11 18 19 20 21 26 27 28 29 34 35 36 37 42 44 45 46 47 50 51 53 54 55
 61] [ 4094  8772  5650  5703 10886  9723  7887 11859  8284  6006  8277 13434
 13251 16335  3468  3714  7604  8663 10353  9843 10016  7720 12403  4717
  6524] [] 1716181379.5103232861
[-1  1  1  1 -1 -1 -1 -1  1 -1 -1  1 -1  1  1  1  1  1 -1  1  1  1  1  1
  1] [ 3 11 18 19 20 21 26 27 28 29 34 35 36 37 42 44 45 46 47 50 51 53 54 55
 61] [ 4143  8751  5544  5502 10937  9860  7928 11924  8203  6099  8359 13270
 13351 13524  3442  3658  6789  8203 10423  9817  9943  7658 12377  4644
  6489] [] 1716181379.5531942844
[ 1 -1  1  1 -1 -1 -1 -1 -1 -1  1  1  1  1  1  1  1 -1 -1  1  1  1 -1  1
  1] [ 3 11 18 19 20 21 26 27 28 29 34 35 36 37 42 44 45 46 47 50 51 53 54 55
 61] [ 4095  8758  5390  5338 10949  9937  7989 12022  8220  6109  8219 13131
 13336 12898  3358  3622  6663  8310 10531  9650  9936  7639 12385  4562
  6461] [] 1716181379.5961580276
[ 1  1  1  1  1  1  1 -1  1  1 -1 -1  1  1  1  1  1  1 -1 -1  1 -1  1 -1
  1] [ 3 11 18 19 20 21 26 27 28 29 34 35 36 37 42 44 45 46 47 50 51 53 54 55
 61] [ 3934  8757  4885  5301 10916  9873  7941 12055  8208  6039  8239 13172
 13207 12804  3350  3612  6646  8167 10615  9673  9913  7673 10203  4610
  6386] [] 1716181379.6391322613
[ 1  1  1  1  1 -1 -1 -1  1  1 -1  1  1 -1  1  1  1  1 -1 -1  1  1 -1  1
  1] [ 3 11 18 19 20 21 26 27 28 29 34 35 36 37 42 44 45 46 47 50 51 53 54 55
 61] [ 3926  8727  4851  5243 10835 10008  7956 12086  8197  6025  8313 13016
 13181 12817  3338  3580  6608  8139 10690  9703  9784  7608 10278  4494
  6353] [] 1716181379.6821382046
[-1  1 -1  1  1 -1  1 -1 -1  1  1 -1  1  1  1  1  1 -1  1 -1 -1  1  1  1
  1] [ 3 11 18 19 20 21 26 27 28 29 34 35 36 37 42 44 45 46 47 50 51 53 54 55
 61] [ 3938  8706  4857  5118 10704 10057  7853 12288  8253  5972  8235 13048
 13047 12619  3314  3546  6528  8418  9886  9746  9919  7490  9683  4395
  6304] [] 1716181379.7251758575
[ 1  1  1  1 -1  1 -1  1 -1  1  1  1  1 -1  1  1 -1  1  1  1  1  1  1  1
  1] [ 3 11 18 19 20 21 26 27 28 29 34 35 36 37 42 44 45 46 47 50 51 53 54 55
 61] [ 3745  8690  4793  5113 10717 10047  7914 12137  8276  5945  8181 13005
 12999 12922  3287  3492  6566  8188  9579  9679  9728  7455  9553  4277
  6250] [] 1716181379.7681663036
[ 1 -1  1  1 -1  1  1  1  1  1  1 -1  1  1  1 -1  1  1  1  1  1  1  1  1
 -1] [ 3 11 18 19 20 21 26 27 28 29 34 35 36 37 42 44 45 46 47 50 51 53 54 55
 61] [ 3735  8700  4779  5098 10735 10036  7793 12041  8257  5932  8118 13080
 12972 12746  3144  3503  6504  7870  9404  9639  9246  7368  9522  4228
  6282] [] 1716181379.8111324310
[ 1  1  1  1  1 -1  1  1  1  1  1 -1 -1 -1  1  1 -1  1  1  1 -1 -1 -1 -1
  1] [ 3 11 18 19 20 21 26 27 28 29 34 35 36 37 42 44 45 46 47 50 51 53 54 55
 61] [ 3555  8686  4623  4935 10494 10048  7759 10449  8203  5890  8105 13202
 12975 12769  3119  3450  6530  7838  9254  8878  9260  7470  9648  4292
  6269] [] 1716181379.8541238308
[ 1 -1  1  1  1 -1  1  1  1 -1 -1  1 -1 -1  1  1  1 -1 -1  1  1  1  1  1
 -1] [ 3 11 18 19 20 21 26 27 28 29 34 35 36 37 42 44 45 46 47 50 51 53 54 55
 61] [ 3549  8771  4562  4735 10317 10094  7757  9178  7751  5921  8107 13096
 12991 12838  3066  3407  6399  8151  9313  8839  9167  7367  9550  4208
  6298] [] 1716181379.8971409798
[ 1  1  1  1  1 -1 -1  1  1  1  1  1  1  1 -1  1 -1 -1  1  1  1  1 -1  1
  1] [ 3 11 18 19 20 21 26 27 28 29 34 35 36 37 42 44 45 46 47 50 51 53 54 55
 61] [ 3495  8684  4511  4634 10235 10101  7778  8996  7734  5871  7149 13067
 12909 12650  3087  3376  6412  8434  9110  8304  9118  7274  9646  4155
  6209] [] 1716181379.9401772022
[ 1 -1  1 -1 -1  1  1  1  1  1  1  1 -1  1  1 -1  1  1 -1 -1  1 -1  1 -1
  1] [ 3 11 18 19 20 21 26 27 28 29 34 35 36 37 42 44 45 46 47 50 51 53 54 55
 61] [ 3472  8706  4447  4645 10280 10087  7763  7980  7701  5814  7107 13040
 12947 12589  3030  3391  6342  8358  9175  8306  9096  7307  9490  4182
  6195] [] 1716181379.9830994606
[-1  1  1  1  1 -1 -1  1  1  1  1  1  1  1  1 -1  1 -1  1  1  1 -1  1 -1
  1  1] [ 1  3 11 18 19 20 21 26 27 28 29 34 35 36 37 42 44 45 46 47 50 51 53 54
 55 61] [16226  3448  8676  4415  4603 10301 10155  7751  6957  7592  5795  7093
 12960 12859 12481  3041  3355  6375  8131  9160  8234  9631  7280  9526
  4112  6177] [] 1716181380.0261657238
[-1  1  1 -1  1  1  1 -1  1  1  1 -1 -1  1  1  1  1  1 -1  1  1  1  1  1
 -1  1] [ 1  3 11 18 19 20 21 26 27 28 29 34 35 36 37 42 44 45 46 47 50 51 53 54
 55 61] [16354  3447  8672  4418  4597 10187 10036  7760  6807  7591  5790  7105
 12968 12851 12431  3020  3349  6313  8226  9108  8222  9598  7269  9463
  4136  6169] [] 1716181380.0691497326
[ 1 -1  1  1  1 -1  1  1  1  1  1  1 -1  1 -1  1 -1 -1  1 -1 -1 -1 -1  1
 -1] [ 3 11 18 19 20 21 26 27 28 29 34 35 36 37 42 44 45 46 47 50 51 53 54 55
 61] [ 3428  8758  4341  4582 10175 10037  7737  6799  7477  5775  7099 12944
 12879 12371  3028  3347  6327  8347  8589  8250  9610  7326  9469  4106
  6219] [] 1716181380.1121726036
[ 1  1  1  1  1 -1 -1 -1  1 -1 -1  1 -1 -1 -1 -1  1 -1 -1  1 -1  1  1 -1
  1] [ 3 11 18 19 20 21 26 27 28 29 34 35 36 37 42 44 45 46 47 50 51 53 54 55
 61] [ 3428  8647  4339  4527 10175 10049  7791  6881  7447  5782  7154 12880
 12894 12445  3034  3366  6300  8471  9121  8242  9746  7291  9452  4108
  6168] [] 1716181380.1551356316
[-1 -1 -1 -1 -1  1  1 -1 -1 -1  1 -1 -1 -1 -1 -1 -1 -1 -1 -1 -1 -1 -1 -1
 -1] [ 3 11 18 19 20 21 26 27 28 29 34 35 36 37 42 44 45 46 47 50 51 53 54 55
 61] [ 3450  8752  4378  4544 10350  9992  7748  6951  7546  5787  7094 12919
 12915 12471  3114  3466  6349  8933  9130  9619 10380  7311  9571  4182
  6194] [] 1716181380.1981372833
[-1  1 -1 -1  1 -1 -1 -1 -1 -1 -1  1 -1 -1 -1 -1 -1  1  1  1 -1 -1 -1 -1
 -1] [ 3 11 18 19 20 21 26 27 28 29 34 35 36 37 42 44 45 46 47 50 51 53 54 55
 61] [ 3599  8684  4653  4640 10276 10060  7764  8674  7715  5825  8042 12909
 13035 12758  3170  3484  6419  8780  9105  9609 10398  7331  9793  4190
  6239] [] 1716181380.2411491871
[-1  1 -1 -1  1  1 -1 -1 -1 -1  1  1 -1 -1 -1 -1 -1 -1 -1 -1  1 -1 -1 -1
 -1] [ 3 11 18 19 20 21 26 27 28 29 34 35 36 37 42 44 45 46 47 50 51 53 54 55
 61] [ 3631  8673  4723  4659 10230  9895  7769  8679  8184  5895  8009 12885
 13249 12855  3252  3590  6783  9074  9686  9613 10390  7385 10577  4273
  6252] [] 1716181380.2841625214
[-1 -1 -1 -1  1  1 -1  1 -1  1 -1  1 -1  1 -1 -1 -1 -1 -1 -1  1  1 -1 -1
 -1] [ 3 11 18 19 20 21 26 27 28 29 34 35 36 37 42 44 45 46 47 50 51 53 54 55
 61] [ 3971  8677  5151  4811 10222  9868  8880  8631  8215  5876  8047 12832
 13387 12713  3306  3621  7360  9300  9690  9650 10384  7385 12145  4395
  6276] [] 1716181380.3271336555
[-1 -1 -1 -1 -1  1 -1 -1 -1 -1 -1  1 -1 -1 -1 -1 -1  1 -1  1 -1  1 -1 -1
 -1] [ 3 11 18 19 20 21 26 27 28 29 34 35 36 37 42 44 45 46 47 50 51 53 54 55
 61] [ 4055  8681  5295  4862 10247  9845  9578  8821  8229  5897  8127 12800
 13436 12870  3356  3630  7401  8999  9842  9650 10452  7380 12286  4481
  6277] [] 1716181380.3701214790
[-1 -1 -1 -1 -1 -1 -1 -1  1 -1 -1 -1 -1  1 -1 -1 -1 -1 -1  1 -1 -1  1 -1
 -1] [ 3 11 18 19 20 21 26 27 28 29 34 35 36 37 42 44 45 46 47 50 51 53 54 55
 61] [ 4207  8700  5453  4984 10636  9861  9713  8885  8211  5919  8140 12899
 13464 12827  3407  3771  7518  9377 10050  9607 10456  7514 12269  4614
  6413] [] 1716181380.4130897522
[-1 -1  1 -1 -1 -1  1  1 -1 -1 -1 -1  1  1 -1 -1 -1  1  1 -1 -1 -1 -1 -1
 -1 -1] [ 1  3 11 18 19 20 21 26 27 28 29 34 35 36 37 42 44 45 46 47 50 51 53 54
 55 61] [16342  4263  8699  6047  5051 10670  9786  9597  8938  8221  7405  8191
 12800 13464 13119  3547  3798  7400  8681 10103  9727 10523  7563 12364
  4746  6460] [] 1716181380.4561426640
[-1 -1 -1 -1 -1 -1  1 -1 -1  1 -1 -1 -1 -1 -1 -1 -1 -1 -1 -1 -1 -1 -1 -1] [ 3 11 18 19 20 21 26 27 28 29 34 35 36 42 44 45 46 47 50 51 53 54 55 61] [ 4437  8763  6061  5058 10694  9805  9586  9261  8252  7314  8386 12928
 13507  3608  3975  7445  8695 10380  9754 10598  7648 12560  4900  6558] [] 1716181380.4991018772
[-1  1 -1 -1 -1 -1 -1 -1  1 -1 -1 -1 -1 -1 -1 -1 -1 -1 -1 -1 -1 -1 -1 -1] [ 3 11 18 19 20 21 26 27 28 29 34 35 36 42 44 45 46 47 50 51 53 54 55 61] [ 4549  8739  6085  5087 10808  9855  9651  9571  8239  7345  8433 13081
 13580  3701  4045  7493  8793 10382  9829 10766  7677 12608  5099  6645] [] 1716181380.5420823097
[ 1 -1 -1 -1 -1 -1 -1  1 -1 -1 -1  1 -1 -1 -1 -1 -1 -1 -1 -1 -1 -1 -1 -1] [ 3 11 18 19 20 21 26 27 28 29 34 35 36 42 44 45 46 47 50 51 53 54 55 61] [ 4539  8802  6869  5138 10954  9908  9656  9425  8272  7436  8435 12942
 14012  3730  4248  7563  9636 10390  9869 10841  7752 12630  5229  6750] [] 1716181380.5850806236
[-1 -1 -1 -1 -1  1 -1  1  1 -1 -1 -1 -1 -1 -1  1 -1 -1 -1 -1 -1 -1 -1] [ 3 11 18 19 20 21 26 27 28 29 34 35 42 44 45 46 47 50 51 53 54 55 61] [ 4599  8820  8744  5167 10968  9887  9694  9351  8245  7542  8442 12988
  3862  4408  7685  9173 10656 10025 11065  8066 12797  5392  6925] [] 1716181380.6280941963
[-1  1 -1 -1 -1 -1 -1  1 -1 -1 -1 -1 -1 -1 -1  1 -1 -1 -1 -1  1 -1 -1] [ 3 11 18 19 20 21 26 27 28 29 34 35 42 44 45 46 47 50 51 53 54 55 61] [ 4655  8810 10283  5419 11003  9918  9731  9087  8256  7571  8567 13181
  3988  4602  7769  9060 10791 10105 11153  8325 12739  5593  6969] [] 1716181380.6710810661
[-1 -1 -1 -1 -1  1  1  1 -1 -1 -1 -1 -1 -1 -1 -1 -1 -1 -1 -1 -1 -1 -1] [ 3 11 18 19 20 21 26 27 28 29 34 35 42 44 45 46 47 50 51 53 54 55 61] [ 4711  8846 10358  5499 11117  9910  9656  8681  8302  7596  8621 13918
  4193  5128  8220 10058 10971 10185 15299  8546 12787  6478  7256] [] 1716181380.7140944004
[-1 -1 -1 -1 -1 -1  1  1 -1 -1 -1 -1 -1 -1 -1 -1 -1 -1 -1 -1 -1  1 -1] [ 3 11 18 19 20 21 26 27 28 29 34 35 36 42 44 45 46 47 50 53 54 55 61] [ 4964  8908 10412  6369 11317 10105  9654  8213  8487  7769  8648 13943
 16116  4455  5505 11203 11289 13459 10214  8911 12987  6344  7520] [] 1716181380.7570979595
[-1  1  1 -1 -1  1 -1 -1 -1  1  1 -1 -1 -1  1 -1 -1 -1 -1  1 -1  1] [ 3 11 18 19 20 21 26 27 28 29 34 35 42 44 45 46 47 50 53 54 55 61] [ 5521  8874 10401  6937 11936 10018  9872  8238 10630  7742  8643 13957
  4467  6046 11171 11410 13609 11096 11151 12843  6412  7364] [] 1716181380.8001036644
[-1 -1 -1 -1  1 -1  1  1 -1 -1 -1  1  1 -1 -1  1 -1  1  1  1] [ 3 11 18 19 20 21 26 27 28 29 34 35 42 44 45 50 53 54 55 61] [ 5538  8995 10576  7569 11849 10067  9869  8144 10738  7843  8807 13800
  4434  6302 11406 10381 12633 12601  6349  7162] [] 1716181380.8430812359
[-1 -1 -1  1 -1 -1 -1 -1 -1  1  1 -1 -1 -1  1  1  1  1 -1 -1] [ 3 11 18 19 20 21 26 27 28 29 34 35 42 44 45 50 53 54 55 61] [ 5597  9025 10608  7383 12133 10097  9959  8171 10821  7713  8651 14455
  4677  6962 11223 10294 12559 12473  7239  7331] [] 1716181380.8860893250
[-1 -1 -1 -1 -1 -1 -1 -1  1 -1 -1 -1 -1 -1  1 -1  1  1] [ 3 11 18 19 20 21 26 27 28 29 34 42 44 45 53 54 55 61] [ 5701  9046 10642  8459 12217 10163 10047  8418 10782  7811  8944  5152
  7870 11315 10947 12523  6400  7249] [] 1716181380.9290492535
[-1 -1 -1 -1  1 -1 -1  1 -1 -1 -1 -1 -1 -1  1 -1  1 -1] [ 3 11 18 19 20 21 26 27 28 29 34 42 44 45 53 54 55 61] [ 5769  9073 10710  8894 12025 10246 10130  8328 10805  7842 11697  5262
  8513 11477 10897 12577  6393  7347] [] 1716181380.9721169472
[-1 -1 -1 -1 -1 -1 -1 -1  1 -1 -1 -1 -1 -1 -1 -1 -1 -1] [ 3 11 18 19 20 21 26 27 28 29 34 42 44 45 53 54 55 61] [ 6041  9171 10926  8967 12205 10313 10277  8413 10664  7995 11705  5659
 11046 11911 11119 12627  6961  7601] [] 1716181381.0150711536
[-1  1 -1  1  1 -1 -1 -1  1  1 -1 -1  1 -1  1  1  1 -1] [ 3 11 18 19 20 21 26 27 28 29 34 42 44 45 53 54 55 61] [ 6271  9147 16066  8037 12187 10491 10341  8432 10647  7964 11746  6425
  9618 12008 10962 12571  6914 10437] [] 1716181381.0580976009
[ 1 -1 -1 -1 -1 -1 -1 -1 -1 -1 -1  1 -1  1 -1 -1  1] [ 3 11 19 20 21 26 27 28 29 34 42 44 45 53 54 55 61] [ 6214  9174  9343 12865 10507 10369 10226 10681  8060 11802  6895  8900
 12047 10901 12707  6950  7647] [] 1716181381.1010737419
[-1  1 -1 -1  1 -1 -1 -1  1 -1 -1 -1  1  1 -1 -1 -1] [ 3 11 19 20 21 26 27 28 29 34 42 44 45 53 54 55 61] [ 6267  9164  9349 13634 10474 10437 10267 10736  7980 11808  7618  9867
 12008 10872 12919  7773  9387] [] 1716181381.1440486908
[-1 -1  1  1 -1 -1 -1  1 -1 -1 -1 -1 -1  1  1 -1 -1] [ 3 11 19 20 21 26 27 28 29 34 42 44 45 53 54 55 61] [ 6302  9192  9335 13530 10612 14020 10348 10678  8033 11831  8079  9996
 12098 10803 12855  9697  9527] [] 1716181381.1870379448
[-1 -1 -1  1 -1  1 -1 -1 -1 -1 -1  1 -1  1 -1 -1  1] [ 3 11 19 20 21 26 27 28 29 34 42 44 45 53 54 55 61] [ 6356  9245  9391 13529 10739 13717 10371 10733  8167 11950  8169  9838
 12243 10772 14837 10613  9190] [] 1716181381.2300639153
[-1  1  1  1  1  1  1  1  1  1 -1  1 -1 -1 -1  1] [ 3 11 19 20 21 26 27 28 29 42 44 45 53 54 55 61] [ 6382  9189  9343 13065 10680 13680 10302 10619  8165  8161  9987 12173
 10824 14933 10718  9168] [] 1716181381.2730498314
[-1 -1 -1 -1 -1 -1 -1 -1 -1 -1 -1 -1 -1 -1 -1  1] [ 3 11 19 20 21 26 27 28 29 42 44 45 53 54 55 61] [ 6705  9287  9537 13549 10761 14271 10360 10687  8316  9303 10186 12185
 10860 15044 10754  8752] [] 1716181381.3160424232
[-1 -1  1 -1 -1  1 -1 -1 -1 -1 -1 -1  1 -1 -1 -1] [ 3 11 19 20 21 26 27 28 29 42 44 45 53 54 55 61] [ 7044  9427  9413 14175 10908 14124 10419 10866  8334 10598 12545 12189
 10833 15103 10755  9394] [] 1716181381.3590478897
[-1  1 -1  1 -1 -1  1  1 -1 -1 -1 -1 -1 -1 -1 -1] [ 3 11 19 20 21 26 27 28 29 42 44 45 53 54 55 61] [ 7260  9395  9434 13217 10915 14814 10410 10820  8415 10678 12610 12215
 10841 15130 10957 10329] [] 1716181381.4020476341
[-1  1  1 -1 -1 -1 -1  1 -1 -1  1  1  1  1  1] [ 3 11 19 20 21 27 28 29 42 44 45 53 54 55 61] [ 9286  9343  9428 13415 11128 10468 10867  8394 10930 12701 12165 10803
 15063 10904 10288] [] 1716181381.4450380802
[-1 -1 -1  1 -1 -1 -1 -1  1 -1  1  1 -1  1] [ 3 11 19 20 21 27 28 29 42 44 45 53 54 55] [11981  9493  9553 13285 11293 10594 10971  8507 10880 13295 12111 10602
 15184 10844] [] 1716181381.4880151749
[ 1 -1 -1 -1  1 -1  1  1  1  1  1 -1] [11 19 20 21 27 28 29 42 45 53 54 55] [ 9355  9567 13431 11405 10498 10978  8383 10843 11871 10410 15019 10913] [] 1716181381.5310051441
[ 1  1 -1  1  1  1 -1 -1 -1 -1 -1] [11 19 20 27 28 29 42 45 53 54 55] [ 9281  9452 13607 10454 10870  8118 10846 11954 10532 15119 11155] [] 1716181381.5740101337
[-1  1 -1 -1 -1 -1 -1  1  1 -1] [11 19 20 27 28 29 42 45 53 54] [ 9335  9433 15610 10545 10931  8226 10935 11879 10426 15199] [] 1716181381.6170067787
[-1 -1  1  1  1  1 -1 -1 -1 -1 -1] [11 19 20 27 28 29 42 45 53 54 55] [ 9361  9465 15521 10537 10833  8109 11001 12053 10643 15327 11113] [] 1716181381.6600027084
[-1 -1 -1 -1 -1 -1 -1  1  1 -1  1] [11 19 20 27 28 29 42 45 53 54 55] [ 9452  9641 15971 10642 10886  8331 11071 12052 10588 15385 11030] [] 1716181381.7029972076
[-1 -1 -1 -1 -1 -1 -1 -1 -1 -1 -1] [11 19 20 27 28 29 42 45 53 54 55] [ 9612  9758 16155 10822 10978  8660 11116 12134 10591 15448 11036] [] 1716181381.7460343838
[-1  1  1  1 -1  1  1  1  1  1] [11 19 27 28 29 42 45 53 54 55] [ 9650  9694 10814 10833 10585 10972 11859 10421 15365 10951] [] 1716181381.7890090942
[ 1  1  1  1  1 -1  1 -1  1] [11 19 27 28 42 45 53 54 55] [ 9641  9635 10781 10687 10139 11889 10396 15831 10850] [] 1716181381.8320209980
[-1 -1  1  1  1  1  1] [11 19 27 28 42 45 53] [ 9716  9636 10756 10665 10063 11712 10123] [] 1716181381.8750205040
[ 1  1  1  1 -1 -1 -1] [11 19 27 28 42 45 53] [ 9699  9602 10729 10642 10087 11839 10175] [] 1716181381.9179778099
[-1 -1 -1 -1 -1  1] [11 19 27 28 42 53] [ 9833  9730 10834 10648 10369  9840] [] 1716181381.9609935284
[ 1  1 -1  1 -1 -1] [11 19 27 28 42 53] [ 9719  9687 10861 10579 10917 10034] [] 1716181382.0039687157
[-1 -1 -1 -1 -1  1] [11 19 27 28 42 53] [ 9791  9738 11063 10636 11017  9903] [] 1716181382.0469853878
[-1  1 -1  1  1 -1] [11 19 27 28 42 53] [ 9806  9695 11081 10568 10981  9999] [] 1716181382.0899822712
[-1 -1 -1 -1 -1 -1] [11 19 27 28 42 53] [10024  9856 11249 10666 11045 10101] [] 1716181382.1329793930
[-1  1 -1 -1  1  1] [11 19 27 28 42 53] [10173  9853 11551 10749 10393 10046] [] 1716181382.1759910583
[-1  1 -1  1  1  1] [11 19 27 28 42 53] [13458  9829 11754 10676 10106  9982] [] 1716181382.2189757824
[-1  1 -1  1 -1  1] [11 19 27 28 42 53] [15755  9795 11906 10637 10161  9862] [] 1716181382.2619893551
[-1  1 -1 -1] [27 28 42 53] [12641 10405 10639 10117] [] 1716181382.3049719334
[-1  1  1 -1] [27 28 42 53] [14709 10402 10375 10424] [] 1716181382.3479714394
[1 1] [28 42] [10309  9921] [] 1716181382.3909838200
[-1  1] [28 42] [10339  9918] [] 1716181382.4339573383
[-1 -1] [28 42] [10347  9972] [] 1716181382.4769656658
[-1 -1] [28 42] [10417 10711] [] 1716181382.5199515820
[ 1 -1] [28 42] [10356 10941] [] 1716181382.5629651546
[-1  1] [28 42] [10440 10623] [] 1716181382.6059498787
[-1  1] [28 42] [10444 10029] [] 1716181382.6489562988
[-1 -1] [28 42] [10457 10063] [] 1716181382.6919412613
[-1 -1] [28 42] [10498 10282] [] 1716181382.7349555492
[-1 -1] [28 42] [10558 10641] [] 1716181382.7779502869
[-1 -1] [28 42] [10648 10811] [] 1716181382.8209722042
[-1 -1] [28 42] [10756 10924] [] 1716181382.8639535904
[-1 -1] [28 42] [10770 11141] [] 1716181382.9069476128
[-1 -1] [28 42] [10855 13045] [] 1716181382.9499368668
[-1 -1] [28 42] [10877 16381] [] 1716181382.9929690361
[-1  1] [28 42] [10980 11647] [] 1716181383.0359609127
[-1 -1] [28 42] [11263 13045] [] 1716181383.0791854858
[-1 -1] [28 42] [11975 13399] [] 1716181383.1221988201
[-1] [28] [12514] [] 1716181383.1652009487
[1] [28] [12122] [] 1716181383.2082629204
2 2 2 1716181384.7949345112
