FA TAX ADC PRES TS
[-1] [11] [10326] [] 1716185219.4923071861
[1] [11] [10229] [] 1716185219.5354990959
[-1 -1] [11 28] [10974 13094] [] 1716185219.5784840584
[1 1] [11 28] [10910 12619] [] 1716185219.6214590073
[1 1] [11 28] [ 9868 11696] [] 1716185219.6644725800
[1 1] [11 28] [ 9331 11032] [] 1716185219.7075445652
[1 1] [11 28] [ 9008 10768] [] 1716185219.7504858971
[-1 -1 -1] [11 19 28] [ 9118 10183 11034] [] 1716185219.7935264111
[-1  1 -1 -1] [11 19 28 29] [ 9151 10129 11068 12161] [] 1716185219.8364429474
[-1 -1  1 -1 -1  1] [ 3 11 19 20 28 29] [10528  9249 10113 14882 11258 11401] [] 1716185219.8794829845
[ 1  1  1  1 -1 -1  1] [ 3 11 19 20 27 28 29] [ 8333  9121 10035 13394 14062 11343 11099] [] 1716185219.9225664139
[1 1 1 1 1 1 1] [ 3 11 19 20 27 28 29] [ 6117  9084  9932 12805 12749 11149 11016] [] 1716185219.9655508995
[ 1  1  1  1  1 -1  1] [ 3 11 19 20 27 28 29] [ 5792  9023  9777 11862 12351 11153 10569] [] 1716185220.0085837841
[ 1  1  1  1 -1  1  1 -1] [ 3 11 19 20 27 28 29 44] [ 5583  8798  9551 11796 12453 11058 10375 14666] [] 1716185220.0515029430
[ 1 -1  1  1 -1  1  1  1  1] [ 3 11 19 20 21 27 28 29 44] [ 5457  8903  8480 11437 11517 12245 10893 10356 13135] [] 1716185220.0945382118
[ 1  1  1  1  1 -1  1  1  1  1] [ 3 11 19 20 21 26 27 28 29 44] [ 5311  8866  7378 11234 11082 14112 12216 10778 10274 12725] [] 1716185220.1375417709
[ 1  1  1  1  1  1 -1  1  1 -1] [ 3 11 19 20 21 26 27 28 29 44] [ 5184  8865  6668 10855 10825  8978 12232 10636 10243 12895] [] 1716185220.1804769039
[ 1 -1 -1  1  1  1  1 -1 -1 -1 -1 -1  1] [ 3 11 18 19 20 21 26 27 28 29 34 36 44] [ 5073  8993 14944  6113 10612 10619  8909 12434 10650 10285 14320 15019
 11527] [] 1716185220.2233693600
[-1 -1  1  1  1  1  1  1 -1  1 -1  1  1  1] [ 3 10 11 18 19 20 21 26 27 28 29 34 36 44] [ 5090 13845  8970 11594  5617 10482 10560  8802 12529 10613 10321 12567
 14381  9423] [] 1716185220.2664904594
[1 1 1 1 1 1 1 1 1 1 1 1 1 1] [ 3 10 11 18 19 20 21 26 27 28 29 34 36 44] [ 4947 11786  8966 10848  5299 10274 10249  8648 12375  9829 10185 12086
 14004  6484] [] 1716185220.3095333576
[ 1  1  1  1  1  1 -1  1 -1  1  1  1  1  1] [ 3 10 11 18 19 20 21 26 27 28 29 34 36 44] [ 4178  9922  8705 10312  4939 10039 10415  8343 12523  9334  8463  9085
 13500  5931] [] 1716185220.3525602818
[-1  1  1  1  1  1  1  1 -1  1 -1  1  1  1 -1] [ 3 10 11 18 19 20 21 26 27 28 29 34 36 44 45] [ 4187  9536  7807 10073  4723  9803 10311  8196 12569  8758  8490  8863
 13185  5570 10509] [] 1716185220.3954782486
[ 1  1  1  1  1  1  1 -1  1  1  1  1  1  1 -1  1  1] [ 3 10 11 18 19 20 21 23 26 27 28 29 34 36 42 44 45] [ 3903  9407  7660  6935  4515  9565 10299 14294  8034 12517  7925  8470
  8627 12764 12953  5214  7553] [] 1716185220.4385697842
[ 1  1  1  1  1  1  1  1  1  1  1 -1  1  1  1  1  1] [ 3 10 11 18 19 20 21 23 26 27 28 29 34 36 42 44 45] [ 3855  7780  6364  6743  4354  8278 10181 13651  7983 12461  7391  8500
  8570 12689 12163  4841  6997] [] 1716185220.4818754196
[-1  1  1  1  1  1  1 -1  1  1  1  1  1  1  1  1  1  1] [ 1  3 10 11 18 19 20 21 23 26 27 28 29 34 36 42 44 45] [15820  3733  7509  5903  5956  4090  7987 10347 13247  7855 12276  6998
  7231  8487 11862 11930  4494  6719] [] 1716185220.5254936218
[ 1  1  1  1  1  1  1  1  1  1  1  1  1  1 -1  1  1  1 -1] [ 3 10 11 18 19 20 21 23 26 27 28 29 34 36 37 42 44 45 53] [ 3519  7488  4951  5842  3837  7627 10325 12997  6571 12130  6083  5613
  7495 10224 16333 10011  4240  6473 14545] [] 1716185220.5684995651
[-1  1  1  1  1  1  1  1  1  1  1  1  1  1  1  1  1  1  1  1] [ 1  3 10 11 18 19 20 21 23 26 27 28 29 34 36 37 42 44 45 53] [14740  3337  6834  4653  5595  3697  7607 10232 12911  5637 10331  5261
  5022  7382  9336 13251  9387  4078  6448  9363] [] 1716185220.6115841866
[ 1 -1 -1  1  1  1  1  1  1 -1  1  1  1  1  1  1  1  1  1 -1 -1  1] [ 1  2  3 10 11 18 19 20 21 23 26 27 28 29 34 36 37 42 44 45 46 53] [14382 12675  3342  6533  4463  4848  3679  7209 10051 13007  5440  9617
  4996  4903  6433  8157 13050  7647  3979  6566 11653  8700] [] 1716185220.6545121670
[-1  1  1  1  1  1  1  1  1  1  1  1  1 -1  1  1  1  1  1  1  1  1] [ 1  2  3 10 11 18 19 20 21 23 26 27 28 29 34 36 37 42 44 45 46 53] [14457  9561  3232  6141  3899  4629  3599  6506  9857 12893  4831  9457
  4699  4939  6412  8037 12847  7377  3659  6403 11004  6113] [] 1716185220.6975777149
[ 1  1  1  1  1  1  1  1  1  1  1  1  1  1  1  1  1  1  1  1  1 -1  1] [ 1  2  3 10 11 18 19 20 21 23 26 27 28 29 34 36 37 42 44 45 46 52 53] [14315  9163  3096  5592  3582  4315  3439  6407  9811 12849  4471  8580
  4263  4696  6389  6691 12717  7175  3486  6271  9119 15473  5871] [] 1716185220.7404546738
[-1 -1  1  1  1  1  1  1 -1  1  1 -1  1  1  1  1  1  1  1  1  1  1  1] [ 1  2  3 10 11 18 19 20 21 23 26 27 28 29 34 36 37 42 44 45 46 52 53] [14405  9219  2979  4795  3387  4073  3381  6271  9902 12809  4078  8829
  3735  4659  6150  6144 12706  7090  3416  6143  8616 15179  5210] [] 1716185220.7835881710
[ 1  1  1  1  1  1  1  1  1 -1  1  1  1  1 -1 -1  1  1  1  1  1  1  1  1] [ 1  2  3 10 11 18 19 20 21 23 26 27 28 29 34 35 36 37 42 44 45 46 52 53] [14146  9001  2755  4469  3095  3967  3317  6105  9880 12834  3920  8509
  3458  4511  6245 11961  6007 12688  6101  3324  6066  7103 13356  4883] [] 1716185220.8265523911
[ 1 -1  1  1  1  1  1 -1  1 -1  1  1  1  1  1  1  1  1  1  1 -1 -1 -1 -1
 -1 -1] [ 1  2  3 10 11 18 19 20 21 23 26 27 28 29 34 35 36 37 42 44 45 46 52 53
 54 61] [13872 13701  2635  4098  2992  3912  3293  6126  9800 13020  3769  8312
  3315  4427  6032 11727  5920 12409  5710  3305  6275  7444 13463  5136
 12304  6947] [] 1716185220.8695762157
[ 1  1  1  1  1 -1  1  1  1  1  1  1  1  1  1  1 -1  1 -1  1  1  1  1 -1
 -1  1  1  1  1] [ 1  2  3 10 11 12 18 19 20 21 23 26 27 28 29 34 35 36 37 42 44 45 46 50
 51 52 53 54 61] [13684 10351  2543  3916  2950 15656  3764  3231  5612  9722 12979  3453
  8133  3124  4417  5698 12183  5682 12608  5478  3244  6063  7262 14343
 13955 12992  4847 11904  6813] [] 1716185220.9124617577
[-1  1  1 -1  1 -1  1  1  1 -1  1  1 -1  1 -1 -1 -1  1 -1  1  1  1 -1 -1
  1  1  1  1  1] [ 1  2  3 10 11 12 18 19 20 21 23 26 27 28 29 34 35 36 37 42 44 45 46 50
 51 52 53 54 61] [13713  9335  2515  3981  2846 15816  3755  3143  5542  9776 12923  3389
  8183  3022  4419  5917 12781  5447 12648  4936  3152  5973  7386 15047
 11610 12875  4712 11865  6622] [] 1716185220.9555640221
[-1  1  1  1  1  1  1  1  1  1 -1  1 -1  1  1  1  1  1  1  1  1  1  1 -1
  1  1  1  1  1  1] [ 1  2  3 10 11 12 18 19 20 21 23 26 27 28 29 34 35 36 37 42 44 45 46 47
 50 51 52 53 54 61] [14040  9224  2415  3887  2621 12999  3567  3094  5337  9699 12928  3347
  8208  2925  4375  5477 12638  4991 12474  4806  3022  5125  7061  7693
  9166 10276 11876  4254 11785  6521] [] 1716185220.9985625744
[ 1 -1  1  1  1  1  1  1  1  1 -1  1 -1  1  1  1  1  1  1 -1  1  1 -1  1
  1  1  1  1  1  1  1] [ 1  2  3 10 11 12 18 19 20 21 23 26 27 28 29 34 35 36 37 38 42 44 45 46
 47 50 51 52 53 54 61] [13827  9328  2329  3691  2556 12152  3319  3066  4849  9522 13038  3216
  8374  2852  4339  5266 12517  4496 12116 14400  4255  2959  5135  6302
  5880  9039  9605 11364  4098  9394  6458] [] 1716185221.0415291786
[-1 -1  1  1  1  1  1  1  1 -1  1  1  1  1 -1  1  1  1 -1  1  1  1  1  1
  1  1  1  1  1  1 -1] [ 1  2  3 10 11 12 18 19 20 21 23 26 27 28 29 34 35 36 37 38 42 44 45 46
 47 50 51 52 53 54 61] [13903  9620  2263  3669  2490 11991  3109  3014  4240  9818 12989  3158
  7208  2749  4407  4982  9928  4307 12449 13451  3983  2822  5008  6076
  5060  8927  8813 10849  3947  7451  6466] [] 1716185221.0844604969
[-1 -1  1  1  1  1  1  1  1  1 -1  1  1  1  1 -1  1  1  1  1  1  1  1  1
  1  1  1  1  1  1  1  1] [ 1  2  3 10 11 12 18 19 20 21 23 26 27 28 29 32 34 35 36 37 38 42 44 45
 46 47 50 51 52 53 54 61] [14795 10183  2213  3347  2450 10705  2979  2974  4016  9691 13076  3094
  7159  2701  4296 14130  4654  9277  3897 10571 13446  3642  2741  4821
  5345  4721  8823  8515  9089  3771  7291  6254] [] 1716185221.1276135445
[-1  1  1  1  1  1  1  1  1 -1 -1  1 -1  1  1  1  1  1  1 -1  1 -1  1  1
  1  1  1 -1  1  1  1  1  1] [ 1  2  3 10 11 12 18 19 20 21 23 26 27 28 29 32 34 35 36 37 38 41 42 44
 45 46 47 50 51 52 53 54 61] [15089  8310  2177  3235  2391  9748  2900  2900  3577  9786 13154  3055
  7180  2612  4248 10635  4175  8836  3559 10614 12417 13863  3265  2658
  4413  5187  4341  8860  8372  9067  3460  6781  6100] [] 1716185221.1705331802
[ 1  1  1 -1  1  1 -1 -1  1  1 -1 -1  1  1  1  1  1  1 -1  1 -1  1  1  1
  1  1  1  1 -1 -1 -1  1  1  1] [ 1  2  3 10 11 12 15 18 19 20 21 23 26 27 28 29 32 34 35 36 37 38 41 42
 44 45 46 47 50 51 52 53 54 61] [14671  8162  2171  3257  2330  8654 15093  2901  2874  3421  9846 13255
  3013  7105  2481  4207 10169  4044  9055  3167 10880 12121 13108  3232
  2640  4303  5007  4217  8885  8452  9111  3433  6087  6044] [] 1716185221.2135400772
[ 1  1  1 -1  1  1 -1  1  1  1 -1 -1  1 -1  1  1  1  1  1  1  1  1 -1  1
  1  1 -1  1  1  1  1 -1  1 -1 -1] [ 1  2  3 10 11 12 15 18 19 20 21 23 26 27 28 29 32 34 35 36 37 38 41 42
 44 45 46 47 50 51 52 53 54 60 61] [14278  7951  2119  3312  2301  8418 15535  2831  2840  3395  9867 13285
  2915  7248  2420  4190 10066  4039  7552  3092 10452 12077 14282  3201
  2631  4283  5019  4217  8848  8324  8959  3467  6013 14973  6104] [] 1716185221.2564039230
[ 1  1  1  1 -1  1 -1  1  1  1 -1  1  1 -1  1  1  1  1 -1  1  1 -1  1  1
  1 -1 -1  1  1 -1 -1 -1 -1  1 -1] [ 1  2  3 10 11 12 18 19 20 21 23 26 27 28 29 32 34 35 36 37 38 41 42 44
 45 46 47 50 51 52 53 54 55 60 61] [14207  7888  2113  3274  2333  8104  2836  2829  3340  9782 13308  2797
  7146  2423  4155 10051  3924  7180  3101 10296 11678 14434  3146  2627
  4239  5097  4274  8821  8289  9217  3472  6026 14015 14722  6126] [] 1716185221.2995798588
[-1  1  1 -1  1  1  1  1 -1 -1 -1 -1 -1  1 -1  1  1 -1  1 -1 -1  1 -1  1
  1  1  1 -1 -1  1  1  1  1  1 -1] [ 1  2  3 10 11 12 18 19 20 21 23 26 27 28 29 32 34 35 36 37 38 41 42 44
 45 46 47 50 51 52 53 54 55 60 61] [14239  7790  2106  3448  2313  7991  2821  2796  3387  9817 13337  2806
  7328  2396  4159 10042  3890  7400  2983 10452 11803 12871  3206  2622
  4198  5021  4232  8843  8348  8489  3468  6015 13341 14570  6130] [] 1716185221.3425443172
[ 1  1  1  1  1 -1 -1 -1  1  1 -1 -1  1  1  1 -1  1 -1  1  1  1 -1 -1  1
  1 -1 -1  1  1  1 -1  1  1  1] [ 1  2  3 10 11 12 15 18 19 20 21 23 26 27 28 29 32 34 35 36 37 38 41 42
 44 45 46 47 50 51 52 53 54 61] [14003  7692  2089  3441  2247  8020 16283  2879  2794  3341  9825 13388
  2799  7313  2371  4175 10001  3943  7318  2966 10442 11878 13094  3169
  2612  4223  5053  4184  8684  8218  8621  3438  5821  6004] [] 1716185221.3855390549
[-1  1 -1  1 -1  1  1  1 -1  1  1  1 -1  1 -1  1  1 -1  1 -1  1 -1  1 -1
 -1 -1 -1 -1  1 -1  1 -1 -1 -1] [ 1  2  3 10 11 12 15 18 19 20 21 23 26 27 28 29 32 34 35 36 37 38 41 42
 44 45 46 47 50 51 52 53 54 61] [14027  7663  2127  3156  2271  7875 15635  2815  2812  3308  9692 13258
  2837  7221  2377  4159  9971  3951  6872  3019 10407 12039 13035  3275
  2638  4369  5127  4627  8648  8282  8469  3551  7009  6135] [] 1716185221.4284374714
[-1  1  1  1 -1 -1  1 -1 -1 -1  1 -1  1 -1  1 -1 -1 -1 -1  1 -1  1 -1 -1
 -1 -1 -1 -1 -1 -1 -1 -1 -1] [ 1  2  3 10 11 12 18 19 20 21 23 26 27 28 29 32 34 35 36 37 38 41 42 44
 45 46 47 50 51 52 53 54 61] [14034  7627  2111  3152  2287  8048  2811  2814  3339  9711 13141  2903
  7195  2394  4159 10026  3982  6887  3104 10321 12739 12929  3545  2680
  4759  5433  5191  8934  8514  8748  3620  9032  6269] [] 1716185221.4715368748
[ 1 -1 -1 -1 -1 -1 -1 -1 -1  1  1 -1  1 -1 -1 -1 -1  1 -1 -1 -1 -1 -1 -1
 -1 -1 -1 -1 -1 -1 -1 -1] [ 1  2  3 10 11 12 18 19 20 21 23 26 27 28 29 32 34 35 36 37 38 42 44 45
 46 47 50 51 52 53 54 61] [13999  7757  2139  3227  2363  9278  2863  2901  3420  9664 13087  2967
  7087  2473  4163 10210  4211  6847  3450 10344 12991  3573  2735  4861
  5909  5828  9038  8523  8918  3682 11268  6284] [] 1716185221.5146470070
[-1 -1 -1 -1  1 -1 -1 -1 -1  1 -1  1  1 -1  1 -1 -1  1 -1 -1 -1 -1 -1 -1
 -1 -1  1 -1 -1 -1 -1] [ 1  2  3 10 11 12 18 19 20 21 23 26 27 28 29 32 34 35 36 37 38 42 44 45
 46 50 51 52 53 54 61] [14127  8817  2152  3332  2353  9311  2943  2931  3802  9664 13182  2933
  7069  2519  4146 13227  4215  6775  3597 10419 13996  3700  2764  5247
  6509 14166  8367 10593  3812 11558  6375] [] 1716185221.5575060844
[ 1 -1 -1 -1 -1 -1 -1 -1 -1  1  1 -1  1 -1 -1 -1 -1 -1 -1 -1 -1 -1 -1 -1
 -1 -1 -1 -1] [ 1  2  3 10 11 12 18 19 20 21 23 26 27 28 29 34 35 36 37 42 44 45 46 51
 52 53 54 61] [13919  9730  2229  3559  2428 10679  3049  2967  3965  9563 12947  3003
  7043  2545  4187  4637  6975  3921 10460  4164  2880  5572  6573  8475
 12041  3953 12002  6560] [] 1716185221.6004979610
[ 1 -1 -1  1 -1 -1 -1  1 -1  1  1 -1  1 -1  1 -1 -1 -1 -1 -1 -1 -1 -1 -1
 -1 -1 -1 -1] [ 1  2  3 10 11 12 18 19 20 21 23 26 27 28 29 34 35 36 37 42 44 45 46 51
 52 53 54 61] [13626 10152  2257  3545  2492 11870  3159  2946  4465  9548 12872  3140
  6939  2611  4143  5547  7077  4223 10752  4571  2922  5639  6677 13495
 12449  4004 12261  9920] [] 1716185221.6435134411
[ 1 -1 -1 -1 -1 -1 -1 -1 -1 -1  1 -1 -1 -1 -1 -1 -1 -1 -1 -1 -1 -1 -1 -1
 -1] [ 1  2  3 10 11 12 18 19 20 21 23 26 27 28 29 34 35 36 37 42 44 45 46 52
 53] [13472 10367  2391  3613  2642 12738  3305  2971  4599  9615 12860  3175
  7033  2683  4207  5707  7187  4695 11444  4953  2999  5643  6843 12583
  4264] [] 1716185221.6865582466
[-1 -1 -1 -1 -1 -1 -1 -1 -1  1 -1 -1  1 -1 -1 -1 -1 -1  1 -1 -1 -1 -1 -1
 -1] [ 1  2  3 10 11 12 18 19 20 21 23 26 27 28 29 34 35 36 37 42 44 45 46 52
 53] [13816 10882  2527  3778  2773 15330  3543  3039  4713  9582 12874  3287
  6977  2791  4230  5996 10806  5011 11360  5467  3035  5864  6947 13316
  4555] [] 1716185221.7294714451
[-1  1 -1 -1 -1 -1 -1 -1  1  1 -1 -1 -1 -1 -1  1 -1 -1 -1 -1 -1 -1 -1 -1] [ 1  2  3 10 11 18 19 20 21 23 26 27 28 29 34 35 36 37 42 44 45 46 52 53] [14034 10534  2558  4055  2877  3763  3076  5193  9439 12760  3440  7041
  2911  4291  6148 10253  5280 12430  6216  3212  6031  8243 15407  5027] [] 1716185221.7724239826
[ 1 -1 -1 -1 -1 -1 -1 -1  1 -1 -1  1 -1 -1 -1 -1 -1 -1 -1 -1 -1 -1 -1] [ 1  2  3 10 11 18 19 20 21 23 26 27 28 29 34 35 36 37 42 44 45 46 53] [13967 10936  2811  4453  3006  3915  3133  5473  9409 12859  3803  6928
  3054  4367  6162 12547  5564 12569  6899  3242  6083 10726  5038] [] 1716185221.8155066967
[-1 -1 -1 -1 -1 -1 -1 -1  1  1 -1 -1 -1 -1 -1 -1 -1 -1 -1 -1 -1 -1] [ 1  2  3 10 11 18 19 20 21 23 26 27 28 29 34 35 36 37 42 44 45 53] [14154 12220  2900  4661  3163  3920  3199  6004  9347 12825  3916  6953
  3255  4474  6258 12829  5726 12609  7294  3478  6239  8637] [] 1716185221.8584849834
[-1 -1 -1 -1 -1 -1 -1 -1 -1 -1 -1 -1 -1 -1 -1  1 -1 -1 -1 -1  1 -1] [ 1  2  3 10 11 18 19 20 21 23 26 27 28 29 34 35 36 37 42 44 45 53] [14472 13182  3071  5475  3478  4181  3241  6095  9369 12939  4349  7930
  3697  4557  6449 10397  6302 12813  8835  3519  6173 14812] [] 1716185221.9015243053
[ 1 -1 -1 -1 -1 -1 -1 -1 -1  1 -1  1 -1 -1 -1 -1 -1 -1 -1 -1 -1] [ 1  2  3 10 11 18 19 20 21 23 26 27 28 29 34 35 36 37 42 44 45] [14128 14834  3250  6037  3742  4509  3331  6150  9470 12931  4995  7778
  4223  4671  6554 13369  6523 12977  9655  3793  6238] [] 1716185221.9443540573
[ 1  1 -1 -1 -1 -1 -1 -1  1 -1 -1 -1 -1 -1 -1 -1 -1 -1 -1] [ 1  3 10 11 18 19 20 21 23 26 27 28 29 34 35 36 37 44 45] [13882  3247  6289  4257  4812  3352  6359  9538 12729  5272  7901  4552
  4726  6722 13809  6833 13183  4021  6457] [] 1716185221.9874989986
[-1 -1 -1 -1 -1 -1 -1 -1  1 -1 -1 -1 -1 -1 -1 -1 -1 -1] [ 1  2  3 10 11 18 19 20 21 23 26 27 28 29 34 36 44 45] [14580 12931  3551  6821  5128  5639  3530  7443  9529 13054  6384  8003
  5023  4823  8258  8782  4417  8306] [] 1716185222.0305652618
[-1 -1 -1 -1 -1 -1 -1 -1 -1  1 -1 -1 -1 -1 -1 -1 -1] [ 1  2  3 10 11 18 19 20 21 23 26 27 28 29 34 36 44] [14909 13605  3707  7228  5822  6445  3591  7508  9629 12945  7741  8400
  6018  7252  8686  9709  4632] [] 1716185222.0734615326
[ 1 -1 -1 -1 -1 -1 -1 -1 -1 -1 -1 -1  1 -1 -1 -1] [ 2  3 10 11 18 19 20 21 23 26 27 28 29 34 36 44] [10859  3811  7517  6482  6693  3784  8214  9704 13047  7905  8705  7472
  7151 11326  9851  5116] [] 1716185222.1164689064
[-1 -1 -1 -1 -1 -1 -1 -1 -1 -1 -1 -1 -1 -1 -1 -1] [ 2  3 10 11 18 19 20 21 23 26 27 28 29 34 36 44] [12627  3859  7791  7544  6916  3954  9271  9798 13607  8029  8747  8150
  7307 11394 10717  5906] [] 1716185222.1594941616
[ 1 -1 -1 -1 -1 -1 -1 -1 -1 -1 -1 -1 -1 -1 -1] [ 2  3 10 11 18 19 20 21 26 27 28 29 34 36 44] [11782  4108  8441  7711 10098  4182  9738 10025  8251 10851  9311  9779
 11533 11207 10923] [] 1716185222.2024991512
[ 1 -1 -1  1 -1 -1 -1  1  1 -1 -1 -1 -1 -1] [ 2  3 10 11 18 19 20 21 26 27 28 29 36 44] [10521  4171  9509  7679 10426  4349  9787  9936  8220 11769 10339  9872
 11437 12564] [] 1716185222.2454304695
[ 1 -1 -1 -1 -1 -1 -1 -1 -1 -1  1 -1 -1 -1] [ 2  3 10 11 18 19 20 21 26 27 28 29 36 44] [10509  4260 12590  7853 10531  4488 10075 10194  8591 12459 10305  9905
 11849 12955] [] 1716185222.2884795666
[-1 -1  1 -1 -1 -1 -1 -1 -1 -1 -1 -1] [ 2  3 11 18 19 20 21 26 27 28 29 36] [11057  5093  7807 11840  4894 10152 10311 13185 12737 10361 10071 12347] [] 1716185222.3314676285
[-1  1 -1 -1 -1 -1  1  1 -1 -1] [ 2  3 11 19 20 21 27 28 29 36] [12417  5051  8519  5227 10224 10477 12555 10326 10142 12561] [] 1716185222.3744239807
[ 1 -1 -1 -1 -1 -1  1 -1 -1] [ 2  3 11 19 20 21 27 28 29] [11209  5355  8591  6151 10525 10659 12439 10387 10273] [] 1716185222.4174170494
[ 1 -1 -1 -1 -1 -1 -1 -1 -1] [ 2  3 11 19 20 21 27 28 29] [11099  5519  8690  8397 11190 10860 12649 10893 10471] [] 1716185222.4603717327
[-1 -1 -1 -1 -1 -1 -1 -1] [ 2  3 11 19 20 27 28 29] [11589  7822  8966  9652 11936 12733 11263 11096] [] 1716185222.5032989979
[-1 -1 -1  1 -1  1  1] [ 2  3 11 19 20 28 29] [14355  7977  8984  9591 12015 10892 11062] [] 1716185222.5464274883
[-1  1 -1 -1 -1 -1] [ 2 11 19 20 28 29] [15172  8957  9804 14332 11103 11425] [] 1716185222.5893867016
[ 1 -1  1] [11 19 28] [ 8921  9979 10818] [] 1716185222.6322920322
[ 1 -1] [11 28] [ 8818 11126] [] 1716185222.6753489971
[-1 -1] [11 28] [ 8951 11140] [] 1716185222.7183768749
[-1 -1] [11 28] [ 9146 11259] [] 1716185222.7613470554
[-1 -1] [11 28] [ 9573 11714] [] 1716185222.8043529987
[-1 -1] [11 28] [ 9635 11731] [] 1716185222.8557400703
2 2 2 1716185222.8560152054
