FA TAX ADC PRES TS
[1] [28] [12508] [] 1716183508.3446891308
[1] [28] [12304] [] 1716183508.3877706528
[1] [28] [12222] [] 1716183508.4308075905
[-1 -1] [11 28] [10715 12408] [] 1716183508.4738254547
[1 1] [11 28] [ 9936 11597] [] 1716183508.5166509151
[1 1] [11 28] [ 9847 11372] [] 1716183508.5598034859
[-1 -1 -1] [11 19 28] [10135 11155 11673] [] 1716183508.6028268337
[1 1 1] [11 19 28] [ 9925 10485 11444] [] 1716183508.6458406448
[ 1  1 -1  1] [11 19 20 28] [ 9480 10273 16053 11269] [] 1716183508.6886644363
[-1  1  1 -1 -1] [11 19 20 28 29] [ 9535 10251 15965 11431 12307] [] 1716183508.7318584919
[1 1 1 1 1] [11 19 20 28 29] [ 9306  8366 15536 11360 12137] [] 1716183508.7748186588
[-1 -1 -1  1 -1 -1  1] [ 3 11 19 20 27 28 29] [14371  9384  8546 13991 13067 11435 11653] [] 1716183508.8178429604
[ 1  1  1  1  1 -1  1] [ 3 11 19 20 27 28 29] [12927  9343  8314 13407 12942 11455 11330] [] 1716183508.8606288433
[ 1  1  1  1  1  1  1 -1] [ 3 11 19 20 27 28 29 44] [12412  9222  7986 13103 12713 11299 10961 14121] [] 1716183508.9037275314
[ 1 -1  1  1  1  1  1  1] [ 3 11 19 20 27 28 29 44] [ 7103  9326  7290 13066 12607 11283 10788 13807] [] 1716183508.9468958378
[ 1  1  1  1 -1  1  1 -1  1] [ 3 11 19 20 21 27 28 29 44] [ 6652  9223  6911 12903 12105 12504 11246 11067 13041] [] 1716183508.9899091721
[ 1 -1  1  1  1 -1  1  1  1  1] [ 3 11 19 20 21 26 27 28 29 44] [ 6238  9299  6373 11967 11117 14088 12448 11093 10796 12933] [] 1716183509.0328557491
[ 1  1  1  1  1  1  1 -1  1 -1] [ 3 11 19 20 21 26 27 28 29 44] [ 6011  9083  5923 11548 10833 12795 12433 11156 10652 13085] [] 1716183509.0759248734
[-1  1  1  1  1  1  1 -1 -1  1  1] [ 2  3 11 19 20 21 26 27 28 29 44] [15816  5885  9042  5628 11344 10715 11809 12505 11180 10528 12854] [] 1716183509.1188735962
[-1  1  1  1  1  1  1 -1  1  1  1] [ 2  3 11 19 20 21 26 27 28 29 44] [15960  5737  8994  5250 11160 10633  9251 12717 11026 10497 10167] [] 1716183509.1618697643
[ 1  1  1  1  1  1  1 -1  1  1  1] [ 2  3 11 19 20 21 26 27 28 29 44] [15620  5483  8799  4796 11034 10445  8797 12783 10922 10429  7946] [] 1716183509.2048599720
[ 1  1 -1 -1  1  1  1 -1 -1 -1 -1 -1  1 -1] [ 2  3 11 18 19 20 21 26 27 28 29 34 44 45] [15263  5413  8880 12290  4648 10535 10365  8841 13068 11106 10437 14291
  6329 12145] [] 1716183509.2478842735
[-1  1 -1  1  1  1 -1  1  1  1 -1  1 -1 -1  1  1] [ 2  3 11 18 19 20 21 26 27 28 29 34 36 42 44 45] [15365  5335  8887 11480  4564 10482 10457  8666 12383 10981 10506 13883
 14115 11718  6018  8716] [] 1716183509.2908413410
[-1  1 -1  1  1  1 -1 -1 -1  1 -1  1 -1 -1  1  1  1] [ 2  3 11 18 19 20 21 26 27 28 29 34 35 36 42 44 45] [15662  4664  8953 10698  4480 10303 10471  8725 13329 10876 10530 10263
 14561 14605 11115  5546  7163] [] 1716183509.3338959217
[1 1 1 1 1 1 1 1 1 1 1 1 1 1 1 1 1] [ 2  3 11 18 19 20 21 26 27 28 29 34 35 36 42 44 45] [15187  4539  7873  9039  4365 10172 10373  8526 12907  9509 10425  8619
 13657 14269 10407  5044  6809] [] 1716183509.3767147064
[-1  1  1  1  1  1  1  1  1  1  1  1  1  1  1  1  1] [ 2  3 11 18 19 20 21 26 27 28 29 34 35 36 42 44 45] [15508  4418  7243  8864  4172  9946 10286  8293 12543  9129  9359  8191
 13561 13137  9846  4766  6565] [] 1716183509.4198842049
[ 1  1 -1  1  1  1  1  1  1  1  1  1  1  1  1  1  1  1] [ 2  3 10 11 18 19 20 21 26 27 28 29 34 35 36 42 44 45] [15451  4357 15392  6871  8831  4024  9712 10058  8075 12403  7435  9140
  7943 13461 12745  9822  4625  6391] [] 1716183509.4628353119
[ 1  1  1  1  1  1  1  1  1  1  1  1  1 -1  1 -1  1  1 -1 -1] [ 2  3 10 11 18 19 20 21 26 27 28 29 34 35 36 37 42 44 45 53] [15043  4261 13690  6864  8760  3983  9246  9896  7189 12205  7423  7793
  7860 13612 12439 16371  9118  4536  6636 11947] [] 1716183509.5058510303
[-1  1  1  1  1  1  1 -1  1  1  1 -1  1 -1  1  1  1  1  1  1] [ 2  3 10 11 18 19 20 21 26 27 28 29 34 35 36 37 42 44 45 53] [15170  4047 12570  6464  8584  3877  7903  9942  7109 12128  6778  8044
  7750 13652 12021 13453  8660  4298  6455 11343] [] 1716183509.5488543510
[-1  1  1  1  1  1  1  1 -1  1  1  1  1  1  1  1  1  1  1 -1  1] [ 2  3 10 11 18 19 20 21 23 26 27 28 29 34 35 36 37 42 44 45 53] [15375  4009 11790  5278  7366  3834  7677  9814 16180  6433 11854  6345
  7608  7737 13588 11802 13165  8477  4279  6469  9203] [] 1716183509.5919137001
[-1 -1 -1  1  1  1  1  1 -1  1  1  1  1  1  1 -1  1  1  1  1 -1  1] [ 2  3  4 10 11 18 19 20 21 23 26 27 28 29 34 35 36 37 42 44 45 53] [15632  4050 14605 11602  4825  6446  3813  7510  9902 15168  6122 10030
  6010  7470  7615 13641 11166 12991  7710  4053  6473  8159] [] 1716183509.6348450184
[-1  1  1  1  1  1  1  1  1  1  1  1  1  1  1  1  1  1  1  1  1  1  1] [ 1  2  3  4 10 11 18 19 20 21 23 26 27 28 29 34 35 36 37 42 44 45 53] [16344 15147  3886 13575 10820  4446  5931  3769  6792  9853 14868  5299
  9729  5712  5531  7602 13518  7373 12619  7050  3933  6442  7611] [] 1716183509.6778898239
[ 1 -1  1  1  1  1  1  1  1 -1  1  1  1  1  1  1 -1 -1 -1  1  1  1 -1  1] [ 1  2  3  4 10 11 18 19 20 21 23 26 27 28 29 34 35 36 37 42 44 45 52 53] [15782 15184  3698 13438 10247  4376  5839  3711  6255  9862 14432  4647
  9332  5249  4837  7503 13939  7498 12688  6045  3703  6323 15450  7170] [] 1716183509.7207834721
[ 1 -1  1 -1  1  1  1  1  1 -1  1  1  1  1  1  1 -1  1 -1  1  1  1 -1  1
  1] [ 1  2  3  4 10 11 18 19 20 21 23 26 27 28 29 34 35 36 37 42 44 45 46 52
 53] [15608 15252  3420 13815 10054  4218  4565  3574  5928  9895 13673  4388
  7624  4675  4615  7357 14224  6939 12864  5564  3607  5853 11027 11993
  6858] [] 1716183509.7638874054
[-1 -1  1 -1  1  1  1  1  1  1  1  1  1  1 -1  1  1  1 -1  1  1  1 -1 -1
  1 -1] [ 1  2  3  4 10 11 18 19 20 21 23 26 27 28 29 34 35 36 37 42 44 45 46 52
 53 61] [15820 15428  3081 14251  7762  3600  4307  3475  5663  9813 13568  3991
  6387  4122  4731  7281 14113  6644 13107  4903  3524  5719 11059 12023
  5789 12339] [] 1716183509.8068869114
[-1 -1  1  1  1  1  1  1  1  1  1  1  1  1  1  1  1  1  1  1 -1  1 -1 -1
  1 -1 -1  1] [ 1  2  3  4 10 11 18 19 20 21 23 26 27 28 29 34 35 36 37 42 44 45 46 51
 52 53 54 61] [15914 15504  2990 13677  7552  3519  4176  3453  5251  9779 13445  3834
  6186  3987  4513  7134 13883  6093 12883  4786  3540  5695 11172 13117
 10982  5842 12571  7147] [] 1716183509.8498547077
[ 1 -1  1 -1  1  1  1  1  1 -1 -1 -1 -1  1  1  1  1  1 -1  1  1  1  1 -1
  1  1 -1  1  1] [ 1  2  3  4 10 11 18 19 20 21 23 26 27 28 29 34 35 36 37 42 44 45 46 50
 51 52 53 54 61] [15887 15512  2894 13899  7013  3365  3925  3362  5062  9797 13764  3843
  6196  3721  4425  6160 12403  5778 13075  4196  3436  5603  8103 13921
 11362 10461  6132 11996  6892] [] 1716183509.8927342892
[ 1  1  1 -1  1  1  1  1  1 -1 -1  1  1  1  1  1  1  1  1  1  1  1  1  1
  1  1  1  1  1] [ 1  2  3  4 10 11 18 19 20 21 23 26 27 28 29 34 35 36 37 42 44 45 46 50
 51 52 53 54 61] [15749 15034  2772 14055  5501  3199  3689  3299  4933  9892 13960  3617
  5946  3264  4271  5935 10545  5223 12763  3966  3268  5385  8054  8746
 10957  9839  5372 11884  6716] [] 1716183509.9359135628
[-1  1  1 -1  1  1  1  1  1  1  1  1  1  1 -1  1  1  1  1  1  1  1  1  1
  1  1  1  1  1] [ 1  2  3  4 10 11 18 19 20 21 23 26 27 28 29 34 35 36 37 42 44 45 46 50
 51 52 53 54 61] [15816 14852  2689 14089  5250  2939  3522  3251  4707  9764 13824  3579
  5904  3175  4283  5875 10303  4666 12630  3695  3102  4943  6960  8714
 10712  9656  5252  9679  6682] [] 1716183509.9789721966
[ 1 -1  1  1  1  1  1  1  1 -1  1  1  1  1  1  1 -1  1  1 -1  1  1  1 -1
 -1  1  1 -1  1  1  1] [ 1  2  3  4 10 11 18 19 20 21 23 26 27 28 29 34 35 36 37 38 42 44 45 46
 47 50 51 52 53 54 61] [15560 14956  2613 13615  4705  2861  3477  3199  4625  9771 13488  3509
  5872  3067  4255  4975 11340  4462 11299 14473  3494  3085  4452  7123
 12334  8461 10558  9811  5200  9374  6554] [] 1716183510.0216701031
[-1  1  1  1  1  1  1  1 -1 -1 -1  1  1  1  1  1  1  1  1  1 -1  1  1  1
 -1  1 -1  1  1  1  1  1] [ 1  2  3  4 10 11 18 19 20 21 23 26 27 28 29 34 35 36 37 38 41 42 44 45
 46 47 50 51 52 53 54 61] [15993 11497  2583 13061  4594  2778  3397  3170  4648  9837 13558  3445
  5872  2844  4243  4772  8621  4338 11101 14043 14893  3382  2955  4142
  7126  7466  8674  8930  9698  4449  9108  6539] [] 1716183510.0648710728
[ 1  1  1 -1  1  1  1  1 -1 -1  1 -1  1  1  1 -1  1 -1  1  1  1  1  1  1
  1  1  1  1  1  1  1] [ 2  3  4 10 11 18 19 20 21 23 26 27 28 29 34 35 36 37 38 41 42 44 45 46
 47 50 51 52 53 54 61] [10750  2444 12285  4625  2719  3350  3118  4407  9892 13724  3294  6717
  2763  4153  3991  8845  4268 12363 13551 14503  3106  2819  3967  6335
  5738  8306  8483  9330  4042  7241  6324] [] 1716183510.1077692509
[-1  1  1  1  1  1  1  1  1 -1  1  1  1  1  1  1  1  1 -1  1 -1  1  1  1
 -1  1 -1  1 -1  1  1 -1] [ 1  2  3  4 10 11 18 19 20 21 23 26 27 28 29 34 35 36 37 38 41 42 44 45
 46 47 50 51 52 53 54 61] [15675  9153  2399 12043  4411  2623  3215  3089  4306 10093 13654  3231
  6039  2596  4107  3881  8815  3775 12660 12770 14575  3035  2799  3732
  6357  5582  8321  8201  9483  3790  7154  6339] [] 1716183510.1509337425
[-1  1  1  1  1 -1  1  1 -1  1 -1  1 -1 -1 -1  1 -1  1  1  1 -1  1  1  1
  1  1  1  1  1  1  1  1] [ 1  2  3  4 10 11 18 19 20 21 23 26 27 28 29 34 35 36 37 38 41 42 44 45
 46 47 50 51 52 53 54 61] [15714  8902  2350 11877  4308  2655  3153  3029  4348 10075 13808  3139
  6157  2627  4129  3845  8826  3737 11933 12583 14580  3029  2755  3645
  6293  5361  8157  8163  9309  3754  7108  6338] [] 1716183510.1939127445
[-1  1  1  1  1  1 -1  1  1  1  1  1  1  1  1  1  1  1  1  1  1  1  1  1
  1  1  1  1 -1 -1  1 -1  1] [ 1  2  3  4 10 11 15 18 19 20 21 23 26 27 28 29 34 35 36 37 38 41 42 44
 45 46 47 50 51 52 53 54 61] [15759  8672  2335 11817  4204  2627 16382  3115  3019  4052 10064 13720
  3107  5983  2596  4115  3811  8710  3627 11764 12399 14443  2980  2747
  3631  6275  5319  8129  8311  9371  3751  7149  6271] [] 1716183510.2367391586
[-1 -1  1  1  1  1  1  1 -1  1  1  1  1 -1  1  1  1  1  1  1  1 -1 -1 -1
  1  1 -1  1  1  1  1  1  1] [ 1  2  3  4 10 11 15 18 19 20 21 23 26 27 28 29 34 35 36 37 38 41 42 44
 45 46 47 50 51 52 53 54 61] [15964  8755  2327 11115  4200  2573 15639  3101  3021  3818 10043 13701
  3087  6031  2549  4065  3798  8583  3472 11688 12287 14523  2984  2761
  3609  6209  5323  8125  8262  8125  3742  7096  6262] [] 1716183510.2798118591
[ 1 -1  1 -1  1  1  1  1  1 -1  1 -1  1  1  1  1 -1  1  1 -1 -1  1  1  1
 -1 -1 -1 -1 -1 -1 -1 -1 -1] [ 1  2  3  4 10 11 15 18 19 20 21 23 26 27 28 29 34 35 36 37 38 41 42 44
 45 46 47 50 51 52 53 54 61] [15922  8859  2315 11123  4173  2554 15175  3093  2997  3824 10033 13776
  3077  5983  2525  4059  3814  7696  3439 11739 12375 14415  2976  2757
  3639  6273  5537  8166  8303  9330  3792  7230  6312] [] 1716183510.3228085041
[ 1  1 -1  1 -1  1 -1 -1 -1  1  1 -1  1 -1 -1  1 -1 -1 -1  1 -1 -1 -1 -1
 -1 -1 -1  1  1 -1  1 -1] [ 1  2  3  4 10 11 18 19 20 21 23 26 27 28 29 34 35 36 37 38 41 42 44 45
 46 47 50 51 52 53 54 61] [15888  8784  2359 11034  4201  2538  3133  3000  4063  9971 13592  3131
  5970  2536  4095  3782  8345  3528 11804 12149 14509  3028  2799  3740
  6419  6840  8823  8134  9120  4006  7213  6396] [] 1716183510.3657877445
[ 1 -1  1  1 -1 -1 -1 -1 -1  1  1  1 -1 -1  1 -1  1 -1 -1 -1 -1 -1 -1 -1
 -1 -1 -1 -1  1 -1  1] [ 1  2  3  4 10 11 18 19 20 21 23 26 27 28 29 34 35 36 37 38 41 42 44 45
 46 50 51 52 53 54 61] [15872  8855  2325 10918  4231  2586  3173  3002  4209  9906 13430  3119
  6041  2557  4052  3812  8142  3702 12202 13877 14513  3198  2847  3911
  6833  8870  8185  9350  3993  9157  6365] [] 1716183510.4086399078
[ 1 -1 -1  1 -1 -1 -1 -1 -1 -1  1 -1  1 -1 -1 -1 -1 -1 -1 -1 -1 -1  1 -1
 -1 -1 -1  1 -1 -1 -1] [ 1  2  3  4 10 11 18 19 20 21 23 26 27 28 29 34 35 36 37 38 41 42 44 45
 46 50 51 52 53 54 61] [15611  8954  2369 10894  4427  2615  3235  3011  4228  9934 13420  3159
  5979  2615  4075  3958  8213  3850 12234 13991 14671  3404  2845  4095
  6878 13808  8358  9284  4148 11764  6566] [] 1716183510.4517862797
[ 1 -1 -1  1 -1 -1  1 -1  1  1  1 -1  1 -1  1 -1  1 -1 -1 -1 -1 -1  1 -1
 -1 -1 -1 -1] [ 1  2  3  4 10 11 18 19 20 21 23 26 27 28 29 34 35 36 37 42 44 45 46 51
 52 53 54 61] [15567  9428  2431 10623  4436  2640  3234  3070  4199  9854 13374  3223
  5875  2716  4050  4657  8143  4055 12359  3780  3095  4754  6841  8365
  9515  4776 12194  6710] [] 1716183510.4947621822
[ 1 -1 -1 -1 -1 -1 -1 -1 -1  1 -1 -1  1 -1  1 -1 -1  1  1 -1 -1 -1 -1 -1
 -1 -1 -1] [ 1  2  3  4 10 11 18 19 20 21 23 26 27 28 29 34 35 36 37 42 43 44 45 46
 51 52 53] [15212 14553  2558 10731  5252  2718  3306  3096  4511  9833 13564  3267
  5842  2839  4043  5040  8545  4024 11925  4266 15055  3176  5303  7585
 10755 10893  4783] [] 1716183510.5377819538
[-1 -1 -1 -1 -1 -1 -1 -1 -1  1 -1 -1  1 -1 -1 -1 -1 -1  1 -1 -1 -1 -1 -1
 -1  1 -1] [ 1  2  3  4 10 11 18 19 20 21 23 26 27 28 29 34 35 36 37 42 43 44 45 46
 51 52 53] [15364 14751  2646 10980  6477  2859  3417  3131  4582  9819 13837  3395
  5782  3065  4057  5524  9260  4216 11788  4564 15211  3256  5493  7634
 10925 10875  4920] [] 1716183510.5805778503
[ 1 -1 -1 -1 -1 -1 -1 -1 -1 -1  1 -1 -1 -1 -1 -1  1 -1 -1 -1 -1 -1 -1 -1
 -1] [ 1  2  3  4 10 11 18 19 20 21 23 26 27 28 29 34 35 36 37 42 44 45 46 52
 53] [15323 14983  2751 11214  7107  3053  3621  3167  4615  9846 13823  3511
  5803  3188  4086  5696  8751  4495 12133  4704  3335  5541 11056 11663
  5641] [] 1716183510.6237139702
[-1  1 -1 -1 -1 -1 -1 -1 -1  1  1 -1  1 -1 -1 -1 -1 -1 -1 -1 -1 -1 -1 -1] [ 1  2  3  4 10 11 18 19 20 21 23 26 27 28 29 34 35 36 37 42 44 45 52 53] [15680 14568  2883 11967  8165  3252  3662  3239  4714  9767 13397  3693
  5782  3553  4405  5895 11647  4797 12715  5350  3485  5719 13659  6587] [] 1716183510.6667129993
[ 1  1 -1 -1 -1 -1 -1 -1 -1  1 -1 -1 -1 -1 -1 -1 -1 -1  1 -1 -1 -1 -1] [ 1  2  3  4 10 11 18 19 20 21 23 26 27 28 29 34 35 36 37 42 44 45 53] [15629 14362  3161 12634  8658  3492  3839  3307  5070  9706 13440  3978
  5804  3867  4433  6305 12231  5209 12633  6898  3631  6075  7796] [] 1716183510.7097523212
[ 1  1 -1 -1 -1 -1 -1 -1 -1  1  1 -1 -1 -1 -1 -1 -1 -1 -1 -1 -1  1 -1] [ 1  2  3  4 10 11 18 19 20 21 23 26 27 28 29 34 35 36 37 42 44 45 53] [15560 14314  3360 12942  9216  3706  4181  3343  5110  9541 13386  4249
  5951  4241  4722  6431 12987  6139 12739  7504  3661  6057 12914] [] 1716183510.7525231838
[ 1 -1 -1  1 -1 -1 -1 -1 -1  1 -1 -1 -1 -1 -1 -1  1 -1 -1 -1 -1 -1] [ 1  2  3  4 10 11 18 19 20 21 23 26 27 28 29 34 35 36 37 42 44 45] [15498 14322  3794 11730  9799  4128  4911  3420  5319  9458 13442  4767
  6337  4930  4940  6718 12803  6245 13093  7566  3918  6143] [] 1716183510.7956156731
[-1  1 -1  1 -1 -1 -1 -1 -1  1  1 -1 -1 -1 -1 -1  1 -1  1 -1 -1 -1] [ 1  2  3  4 10 11 18 19 20 21 23 26 27 28 29 34 35 36 37 42 44 45] [15562 14067  3865 11090  9932  4379  5039  3520  5483  9435 13201  5631
  6523  5339  6217  7643 12783  6384 12410  9302  4366  6447] [] 1716183510.8386735916
[-1 -1 -1 -1 -1 -1 -1 -1 -1 -1  1 -1 -1 -1 -1 -1 -1 -1 -1 -1 -1 -1] [ 1  2  3  4 10 11 18 19 20 21 23 26 27 28 29 34 35 36 37 42 44 45] [15776 14346  3928 11499 10930  5263  6631  3677  6372  9521 13147  7033
  6679  6025  7206  7910 12932 10325 12801 10787  4368  6831] [] 1716183510.8816630840
[ 1 -1 -1 -1 -1 -1 -1 -1 -1 -1 -1 -1 -1 -1  1 -1 -1 -1 -1 -1 -1 -1] [ 1  2  3  4 10 11 18 19 20 21 23 26 27 28 29 34 35 36 37 42 44 45] [15757 14415  4086 12089 11404  5959  6725  3716  6990  9614 13223  7099
  7334  6234  7134  7958 13097 11409 13375 15487  4834  8224] [] 1716183510.9244816303
[-1 -1 -1 -1 -1 -1 -1 -1 -1 -1 -1 -1 -1 -1 -1 -1 -1  1 -1] [ 2  3  4 10 11 18 19 20 21 23 26 27 28 29 34 35 36 44 45] [15999  4095 13557 11678  6711  8593  3799  9156  9630 13799  8010  7679
  7882  7421  8335 13471 12543  4806 12235] [] 1716183510.9676468372
[ 1 -1 -1 -1  1 -1 -1 -1 -1 -1 -1 -1 -1 -1 -1 -1 -1 -1] [ 2  3  4 10 11 18 19 20 21 23 26 27 28 29 34 35 36 44] [14751  4148 14079 12364  6642  8676  3844  9377  9729 14321  8151  9466
  8699  8340  9847 13914 12923  5342] [] 1716183511.0106542110
[ 1  1 -1 -1 -1 -1 -1 -1 -1 -1  1 -1 -1 -1 -1] [ 2  3 11 18 19 20 21 26 27 28 29 34 35 36 44] [14210  4107  8595 10388  3974  9474  9744  8433  9754  9467  7585 11946
 14905 13488  8236] [] 1716183511.0536484718
[-1 -1 -1 -1 -1 -1 -1 -1 -1 -1 -1 -1 -1 -1] [ 2  3 11 18 19 20 21 26 27 28 29 35 36 44] [14417  4207  8638 10586  4089  9782  9837  8520 12017 10446  9283 15039
 13907 10881] [] 1716183511.0964810848
[-1 -1 -1 -1 -1 -1 -1 -1 -1  1 -1 -1] [ 2  3 11 18 19 20 21 26 27 28 29 44] [14550  4345  8728 10677  4253  9824  9957  8668 12236 10406  9978 12634] [] 1716183511.1396212578
[-1 -1 -1 -1 -1 -1 -1 -1  1 -1 -1] [ 3 11 18 19 20 21 26 27 28 29 44] [ 4569  8756 11392  4328 10216 10184  8907 12668 10339 10199 13157] [] 1716183511.1826391220
[-1 -1 -1 -1 -1 -1 -1 -1  1 -1] [ 2  3 11 19 20 21 26 27 28 29] [14579  5427  8759  4415 10534 10372 13573 12744 10303 10244] [] 1716183511.2256348133
[-1 -1 -1 -1 -1 -1  1 -1 -1] [ 2  3 11 19 20 21 27 28 29] [14647  5493  8822  4926 10840 10431 12647 10439 10304] [] 1716183511.2684178352
[-1 -1 -1 -1 -1 -1 -1 -1 -1] [ 2  3 11 19 20 21 27 28 29] [15106  5644  8834  5277 10922 10741 12762 10592 10616] [] 1716183511.3116059303
[-1 -1 -1 -1 -1 -1 -1 -1] [ 3 11 19 20 21 27 28 29] [ 7716  8846  6180 11793 10854 12831 10705 10978] [] 1716183511.3545696735
[-1 -1 -1 -1 -1 -1 -1 -1 -1] [ 2  3 11 19 20 21 27 28 29] [16298 10921  9104  7382 12520 11197 12918 10786 11587] [] 1716183511.3975622654
[ 1  1 -1 -1 -1  1] [ 2 11 19 20 21 28] [16191  8935  7919 13247 11746 10721] [] 1716183511.4406023026
[-1 -1 -1 -1] [11 19 20 28] [ 9087  9846 14424 10831] [] 1716183511.4835441113
[-1 -1 -1] [11 19 28] [ 9374  9978 11279] [] 1716183511.5265514851
[-1 -1] [11 28] [ 9377 11570] [] 1716183511.5695042610
[-1] [11] [10288] [] 1716183511.6125719547
2 2 2 1716183511.7549271584
