FA TAX ADC PRES TS
[-1] [20] [14638] [] 1716184031.6088480949
[1] [20] [13947] [] 1716184031.6518654823
[-1 -1 -1] [20 28 29] [13990 12713 12691] [] 1716184031.6948244572
[1 1 1] [20 28 29] [13346 12128 12174] [] 1716184031.7378711700
[1 1 1] [20 28 29] [12909 11763 11665] [] 1716184031.7808144093
[1 1 1] [20 28 29] [12412 11543 11386] [] 1716184031.8238027096
[ 1  1  1 -1] [20 28 29 44] [12274 11304 11051 13812] [] 1716184031.8668143749
[ 1 -1 -1 -1 -1  1] [20 21 28 29 42 44] [12100 11808 11320 11210 12891 13347] [] 1716184031.9098320007
[-1  1  1 -1  1  1  1] [11 20 21 28 29 42 44] [11511 11919 11509 11339 11154 12649 12822] [] 1716184031.9528152943
[-1  1  1  1  1  1 -1 -1] [11 20 21 28 29 42 44 45] [11572 11380 11231 11059 10712 12503 12907 12273] [] 1716184031.9958233833
[ 1 -1  1  1 -1 -1 -1  1  1] [11 19 20 21 28 29 42 44 45] [10500 13588 11272 11190 11251 10981 12554 12726 12072] [] 1716184032.0388212204
[ 1 -1  1  1  1 -1  1  1  1] [11 19 20 21 28 29 42 44 45] [ 9919 13613 11096 11072 11072 11052 12229 12707 11895] [] 1716184032.0819637775
[ 1  1  1 -1  1  1  1  1 -1 -1] [11 19 20 21 28 29 42 44 45 53] [ 9512 13545 10934 11076 10936 10903 11694 12618 11938 15527] [] 1716184032.1249680519
[ 1  1  1  1 -1 -1 -1 -1  1  1] [11 19 20 21 28 29 42 44 45 53] [ 9435 12439 10843 10982 10940 10993 12089 12674 11937 14071] [] 1716184032.1678366661
[ 1  1  1  1  1  1  1 -1  1  1] [11 19 20 21 28 29 42 44 45 53] [ 9399 11780 10660 10783 10922 10828  9735 12762 11843 11956] [] 1716184032.2108666897
[1 1 1 1 1 1 1 1 1 1] [11 19 20 21 28 29 42 44 45 53] [ 9235 10692 10579 10642 10870 10630  9019 12516 11835 11643] [] 1716184032.2538626194
[-1 -1  1  1  1 -1 -1 -1  1  1  1] [ 3 11 19 20 21 28 29 42 44 45 53] [ 6690  9259  9464  9995 10455 10953 10647  9055 12407 11674 11068] [] 1716184032.2968354225
[ 1  1  1  1  1  1  1 -1  1 -1  1] [ 3 11 19 20 21 28 29 42 44 45 53] [ 6491  9213  8331  9451 10375 10862 10591  9489 11233 11693 10607] [] 1716184032.3398432732
[ 1  1  1  1  1  1  1  1  1 -1  1] [ 3 11 19 20 21 28 29 42 44 45 53] [ 6305  9142  7111  9186 10346 10783 10574  9440 10607 11725 10544] [] 1716184032.3828289509
[ 1 -1  1  1 -1 -1 -1 -1 -1 -1  1  1  1  1] [ 3 11 19 20 21 26 27 28 29 34 42 44 45 53] [ 5846  9182  6415  8785 10425 11154 14013 11007 10648 12479  9134  9163
 11628 10189] [] 1716184032.4258346558
[ 1  1  1  1  1  1  1 -1  1  1  1  1  1  1] [ 3 11 19 20 21 26 27 28 29 34 42 44 45 53] [ 5823  9037  6205  8566 10241  9358 13350 11057 10645 12355  9086  8269
 11550  8143] [] 1716184032.4688572884
[ 1  1  1  1 -1  1  1  1  1  1  1  1  1 -1] [ 3 11 19 20 21 26 27 28 29 34 42 44 45 53] [ 5687  8955  5990  7468 10341  9051 13240  9854 10587 12147  8964  7918
 11329  8156] [] 1716184032.5118846893
[ 1  1  1  1  1  1  1  1  1  1 -1  1 -1 -1  1] [ 3 11 19 20 21 26 27 28 29 34 36 42 44 45 53] [ 5073  8925  5505  6962 10329  8847 10421  9607 10351 12135 14576  8859
  7950 11390  7959] [] 1716184032.5549967289
[ 1  1  1  1  1  1  1  1  1  1  1 -1  1 -1 -1 -1 -1] [ 3 11 19 20 21 26 27 28 29 34 36 42 44 45 46 53 61] [ 4772  8882  5249  6662 10266  8643 10214  9595 10303 12131 13945  9128
  6518 11576 13077  7995 12671] [] 1716184032.5978713036
[ 1  1 -1  1 -1  1  1  1  1 -1 -1 -1 -1  1 -1  1  1 -1 -1] [ 3 11 18 19 20 21 26 27 28 29 34 36 42 44 45 46 53 54 61] [ 4537  8783 13846  4894  6677 10249  8524 10007  9591 10493 12194 14491
  9130  6325 11586 11816  7861 15109 16210] [] 1716184032.6408526897
[ 1  1  1  1  1  1  1  1 -1  1  1 -1  1 -1 -1  1  1 -1  1] [ 3 11 18 19 20 21 26 27 28 29 34 36 42 44 45 46 53 54 61] [ 4436  8741 13472  4739  6343 10128  8426 10007  9793 10381  9316 14587
  8775  6355 11680 11630  7364 15131 11097] [] 1716184032.6837894917
[ 1 -1  1  1  1 -1  1  1  1  1  1 -1  1  1  1  1  1 -1  1  1] [ 3 11 18 19 20 21 26 27 28 29 34 35 36 42 44 45 46 53 54 61] [ 4363  8785  9816  4661  6162 10297  7405  9948  9371 10380  9236 15023
 14463  7455  6166 11656 11500  7414 14051  8130] [] 1716184032.7267975807
[ 1  1  1  1  1 -1  1  1  1  1  1  1  1  1  1  1  1  1  1  1] [ 3 11 18 19 20 21 26 27 28 29 34 35 36 42 44 45 46 53 54 61] [ 4298  8719  8858  4572  6071 10345  6337  9814  8135  7964  9040 14870
 14311  6614  5837 11452 11255  6930 13803  7505] [] 1716184032.7698397636
[ 1  1  1  1  1 -1  1 -1  1  1  1  1  1 -1  1  1  1  1  1  1] [ 3 11 18 19 20 21 26 27 28 29 34 35 36 42 44 45 46 53 54 61] [ 4221  8665  8341  4321  5875 10491  5587  9948  7459  7717  8968 14769
 10622  6650  5586 11315 11136  6453 13637  7230] [] 1716184032.8128750324
[ 1  1  1  1  1  1  1  1  1  1  1  1  1  1  1  1  1 -1  1  1 -1] [ 3 11 18 19 20 21 26 27 28 29 34 35 36 42 44 45 46 47 53 54 61] [ 4155  8647  8246  4207  5675 10337  5057  9845  6476  7561  8180 13835
 10478  6246  5364  8921  9314 14659  6396 13181  7245] [] 1716184032.8558328152
[ 1  1  1  1  1  1  1 -1  1  1  1 -1  1  1  1  1  1  1  1 -1  1] [ 3 11 18 19 20 21 26 27 28 29 34 35 36 42 44 45 46 47 53 54 61] [ 4010  8623  7078  4093  5453 10189  4881 10013  5567  7405  7877 13859
  9906  5721  5083  8779  9059 14156  6192 13276  7106] [] 1716184032.8988153934
[ 1 -1  1  1  1  1  1  1  1  1  1 -1  1  1  1  1  1  1  1  1  1] [ 3 11 18 19 20 21 26 27 28 29 34 35 36 42 44 45 46 47 53 54 61] [ 3910  8630  6978  3948  5336 10180  4735  9965  5230  7297  7488 14095
  9723  5055  4599  8641  8476 13901  5881 12977  6925] [] 1716184032.9417812824
[1 1 1 1 1 1 1 1 1 1 1 1 1 1 1 1 1 1 1 1 1] [ 3 11 18 19 20 21 26 27 28 29 34 35 36 42 44 45 46 47 53 54 61] [ 3859  8586  6951  3882  5108 10099  4439  9930  4791  7201  6777 13490
  8338  4471  4430  8400  7279 13755  5279 12699  6743] [] 1716184032.9848313332
[ 1  1  1  1  1 -1  1  1  1  1  1  1  1  1 -1  1 -1  1  1  1  1] [ 3 11 18 19 20 21 26 27 28 29 34 35 36 42 44 45 46 47 53 54 61] [ 3789  8575  6725  3747  4880 10164  4203  9856  4243  7128  6459 13231
  7961  4171  4502  8362  7391 10973  5062 11467  6721] [] 1716184033.0278398991
[ 1 -1 -1 -1  1  1  1  1  1  1  1 -1 -1  1  1  1 -1  1 -1  1 -1  1] [ 3 10 11 18 19 20 21 26 27 28 29 34 35 36 42 44 45 46 47 53 54 61] [ 3759 15162  8594  6744  3667  4786 10150  4089  9844  4027  6021  6691
 13374  7679  3943  4367  8410  7001 11859  4795 12243  6679] [] 1716184033.0708799362
[ 1 -1 -1  1  1  1 -1  1 -1  1  1 -1 -1  1  1  1 -1  1  1  1  1 -1  1] [ 3 10 11 18 19 20 21 26 27 28 29 34 35 36 42 44 45 46 47 53 54 55 61] [ 3576 15252  8676  5670  3603  4696 10190  3934  9853  3829  5693  6732
 13514  7525  3683  4196  8481  6405 10209  4488 10958 14063  6676] [] 1716184033.1139953136
[ 1  1  1  1  1  1 -1  1 -1  1  1  1  1  1 -1  1 -1  1  1 -1  1 -1  1  1
  1  1] [ 3 10 11 18 19 20 21 26 27 28 29 34 35 36 37 42 43 44 45 46 47 50 53 54
 55 61] [ 3399  9533  8613  5613  3570  4372 10225  3737  9919  3717  5529  6126
 11898  6607 16360  3680 16267  4123  8293  6410  9075 10073  4297  9585
 13062  6601] [] 1716184033.1568343639
[ 1  1  1  1  1  1 -1  1 -1  1  1  1  1  1  1  1  1  1  1  1  1  1 -1  1
  1  1] [ 3 10 11 18 19 20 21 26 27 28 29 34 35 36 37 42 43 44 45 46 47 50 53 54
 55 61] [ 3165  8443  8498  5490  3507  4245 10286  3737  9977  3492  5496  5859
 11538  5410 13268  3536 15962  3949  8118  6368  8012 10039  4303  9287
 10692  6587] [] 1716184033.1998116970
[ 1  1 -1  1  1  1  1  1  1  1  1  1 -1  1  1  1  1  1 -1 -1  1  1  1  1
  1  1] [ 3 10 11 18 19 20 21 26 27 28 29 34 35 36 37 42 43 44 45 46 47 50 53 54
 55 61] [ 2893  7773  8562  5470  3453  4142 10263  3622  9093  3387  5480  5635
 11610  4888 13067  3414 15742  3802  8221  6389  6795  9992  4022  8623
  8190  6538] [] 1716184033.2428328991
[-1  1  1 -1  1  1  1 -1  1  1  1  1  1  1  1  1 -1  1  1  1 -1  1  1  1
  1  1  1  1] [ 1  3 10 11 18 19 20 21 26 27 28 29 34 35 36 37 38 42 43 44 45 46 47 50
 53 54 55 61] [16072  2845  7659  8634  5412  3377  3982 10322  3520  8441  3153  5445
  5515 11504  4239 12910 11526  3239 15678  3660  8320  6174  6165  9967
  3910  8612  6989  6505] [] 1716184033.2858088017
[ 1  1  1  1  1  1  1  1  1  1  1 -1  1  1  1  1  1 -1  1  1  1  1  1  1
 -1  1  1  1  1] [ 1  3 10 11 18 19 20 21 26 27 28 29 34 35 36 37 38 41 42 43 44 45 46 47
 50 53 54 55 61] [15982  2735  7142  8593  4783  3317  3919 10289  3457  7755  3071  5513
  5345 11304  4076 12871 10541 14996  3195 15539  3437  8179  5974  5359
 10151  3716  7493  6182  6479] [] 1716184033.3289005756
[ 1  1  1 -1  1  1  1 -1  1  1  1  1  1  1  1  1  1  1  1 -1  1  1 -1  1
  1  1  1  1  1] [ 1  3 10 11 18 19 20 21 26 27 28 29 34 35 36 37 38 41 42 43 44 45 46 47
 50 53 54 55 61] [15580  2610  6951  8654  4692  3259  3747 10306  3291  6536  2916  5416
  5039 11217  3927 12487 10346 14441  3041 15687  3356  8107  6041  5017
  9969  3471  7445  5935  6318] [] 1716184033.3719019890
[-1  1  1  1  1  1  1 -1  1  1  1  1  1  1  1  1  1  1  1 -1  1  1  1  1
 -1  1  1  1  1] [ 1  3 10 11 18 19 20 21 26 27 28 29 34 35 36 37 38 41 42 43 44 45 46 47
 50 53 54 55 61] [15609  2590  6739  8606  4643  3220  3616 10387  3269  6259  2852  5381
  4569 10616  3632 12431 10061 14315  2936 15727  3198  5983  5913  4603
  9971  3330  7022  5315  6213] [] 1716184033.4149177074
[ 1 -1  1  1  1  1 -1  1  1  1  1  1  1 -1  1  1  1  1  1  1  1  1  1  1
 -1 -1 -1  1  1 -1] [ 1  3 10 11 18 19 20 21 26 27 28 29 34 35 36 37 38 41 42 43 44 45 46 47
 50 51 53 54 55 61] [15422  2622  5825  8567  4576  3181  3640 10337  3195  5524  2812  5194
  4313 10985  3463 12110  9909 12876  2892 15679  3176  5889  5479  4361
  9996 12654  3333  6905  5090  6220] [] 1716184033.4578850269
[ 1  1  1  1  1 -1  1  1  1  1  1  1 -1 -1  1 -1 -1  1  1 -1  1  1  1  1
  1  1 -1  1  1  1  1] [ 1  3 10 11 18 19 20 21 26 27 28 29 34 35 36 37 38 41 42 43 44 45 46 47
 50 51 52 53 54 55 61] [15288  2538  5396  8558  4562  3199  3527 10232  3061  5387  2761  5085
  4339 11151  3292 12112 10134 12791  2789 15759  3108  5369  5198  4126
  9924 11360 16217  3268  6856  4789  6156] [] 1716184033.5009095669
[ 1 -1 -1  1  1  1  1  1  1  1  1  1  1  1  1  1 -1  1 -1  1  1 -1  1  1
  1  1 -1  1  1 -1 -1] [ 1  2  3 10 11 18 19 20 21 26 27 28 29 34 35 36 37 38 41 42 43 44 45 46
 47 50 51 53 54 55 61] [15198 14199  2583  5226  7785  4308  3151  3440 10180  2874  5275  2697
  5053  3987  9963  3114 12136 10082 12827  2732 15451  3113  5287  5140
  4065  9833 11424  3174  6846  4833  6165] [] 1716184033.5438101292
[ 1  1  1  1  1  1  1  1 -1  1  1  1  1 -1  1  1  1  1 -1  1  1  1  1  1
  1  1  1  1 -1 -1 -1  1  1] [ 1  2  3 10 11 18 19 20 21 26 27 28 29 32 34 35 36 37 38 41 42 43 44 45
 46 47 50 51 52 53 54 55 61] [14995 14010  2553  5157  7746  4186  3119  3391 10248  2863  5181  2693
  5051 15092  3958  9856  3071 12074 10171 12745  2714 15425  3066  5225
  5135  4026  9817 11358 16153  3188  6894  4809  6158] [] 1716184033.5868067741
[ 1 -1  1  1  1 -1  1  1  1  1 -1  1  1  1  1  1  1 -1  1  1  1  1  1 -1
  1 -1  1  1  1  1  1  1  1] [ 1  2  3 10 11 18 19 20 21 26 27 28 29 32 34 35 36 37 38 41 42 43 44 45
 46 47 50 51 52 53 54 55 61] [14978 14030  2528  5121  7601  4190  3109  3364 10206  2861  5202  2670
  5023 14399  3874  9846  3036 12120 10158 12711  2682 15295  3050  5247
  5115  4031  9762 11306 15561  3166  6851  4732  6141] [] 1716184033.6298651695
[ 1 -1  1  1 -1  1  1  1 -1 -1  1  1 -1 -1  1  1  1  1  1 -1 -1 -1  1  1
  1 -1 -1  1 -1 -1  1 -1 -1] [ 1  2  3 10 11 18 19 20 21 26 27 28 29 32 34 35 36 37 38 41 42 43 44 45
 46 47 50 51 52 53 54 55 61] [14869 14057  2515  5059  7607  4155  3099  3328 10326  2891  5156  2669
  5038 14471  3847  9831  3022 12093 10085 12785  2722 15367  3050  5247
  5086  4240  9880 11210 15749  3230  6849  5143  6152] [] 1716184033.6729218960
[-1  1 -1 -1 -1  1 -1 -1  1  1 -1  1  1  1  1  1  1  1 -1 -1 -1 -1 -1 -1
 -1 -1  1 -1  1 -1 -1 -1] [ 1  2  3 10 11 18 19 20 21 26 27 28 29 32 34 35 36 37 38 41 42 43 44 45
 46 47 50 52 53 54 55 61] [14899 13987  2533  5116  7685  4138  3147  3340 10231  2841  5201  2662
  5025 14021  3797  9811  3021 11972 10089 14183  2736 15430  3087  5683
  5372  4659  9851 16308  3228  6953  5602  6190] [] 1716184033.7158174515
[ 1 -1 -1 -1 -1 -1  1 -1  1 -1 -1 -1 -1 -1  1 -1 -1  1 -1 -1  1  1 -1 -1
 -1 -1 -1 -1 -1 -1] [ 1  2  3 10 11 18 19 20 21 26 27 28 29 34 35 36 37 38 41 42 43 44 45 46
 47 50 53 54 55 61] [14861 14291  2569  5743  8524  4533  3105  3371 10213  2863  5335  2682
  5387  3894  9636  3155 12000  9931 14207  2793 15274  3068  6052  5431
  4833  9907  3276  7007  6205  6248] [] 1716184033.7588412762
[ 1  1 -1  1 -1 -1  1  1 -1 -1 -1  1 -1  1 -1 -1 -1 -1 -1  1  1 -1  1 -1
 -1 -1 -1 -1 -1] [ 1  3 10 11 18 19 20 21 26 27 28 29 34 35 36 37 38 41 42 43 44 45 46 47
 50 53 54 55 61] [14802  2559  6432  8503  4591  3126  3340 10195  2999  5626  2684  5334
  4067  9464  3199 12050 10029 14322  2910 15043  3044  7541  5430  5004
  9964  3330  7018  7847  6263] [] 1716184033.8017673492
[-1  1 -1  1  1 -1 -1  1 -1 -1 -1 -1 -1  1 -1 -1 -1 -1 -1 -1 -1 -1 -1 -1
 -1 -1 -1 -1 -1] [ 1  3 10 11 18 19 20 21 26 27 28 29 34 35 36 37 38 41 42 43 44 45 46 47
 50 53 54 55 61] [15091  2544  6977  8483  4551  3146  3385 10074  3034  6903  2732  5345
  4294  9304  3282 12073 10517 14581  3017 15207  3137  7610  5516  5897
 10020  3583  7077 12026  6314] [] 1716184033.8448760509
[ 1 -1 -1 -1 -1 -1 -1 -1 -1 -1 -1 -1 -1 -1 -1 -1 -1  1 -1 -1 -1 -1  1 -1
  1  1] [ 1  3 10 11 18 19 20 21 26 27 28 29 34 35 36 37 42 43 44 45 46 47 50 53
 54 61] [14984  2605  6993  8484  5271  3180  3416 10126  3095  7092  2780  5371
  4436  9333  3357 12577  3084 15016  3300  7639  6089  8426  9987  3626
  7021  6306] [] 1716184033.8878965378
[-1 -1 -1  1  1 -1 -1  1 -1 -1 -1  1 -1  1 -1  1 -1 -1 -1 -1 -1 -1 -1 -1
 -1 -1] [ 1  3 10 11 18 19 20 21 26 27 28 29 34 35 36 37 42 43 44 45 46 47 50 53
 54 61] [15330  2654  7211  8456  5227  3228  3566 10124  3226  7670  2850  5283
  4742  9297  3648 12498  3340 15343  3402  7763  6303  8983 10317  3740
  7159  6428] [] 1716184033.9307558537
[-1 -1 -1 -1 -1 -1 -1  1 -1 -1 -1 -1 -1  1 -1 -1 -1 -1 -1 -1 -1 -1 -1 -1
 -1] [ 1  3 10 11 18 19 20 21 26 27 28 29 34 35 36 37 42 43 44 45 46 47 53 54
 61] [15560  2755  7416  8466  5249  3257  3682 10047  3314  8356  2958  5349
  5007  9252  3892 12759  3384 15527  3527  7977  6505 11235  4002  7886
  6486] [] 1716184033.9737505913
[-1 -1 -1 -1 -1 -1 -1  1 -1 -1 -1 -1 -1 -1 -1 -1 -1 -1 -1 -1 -1 -1 -1 -1
 -1] [ 1  3 10 11 18 19 20 21 26 27 28 29 34 35 36 37 42 43 44 45 46 47 53 54
 61] [16240  3092  7816  8479  5305  3294  3823 10005  3377  9330  3149  5380
  5327  9259  4068 13008  3625 15757  3690  8088  7068 14819  4244  8107
  6597] [] 1716184034.0167741776
[-1 -1 -1  1 -1 -1 -1 -1 -1 -1 -1 -1 -1 -1 -1 -1 -1 -1 -1 -1 -1 -1 -1 -1] [ 1  3 10 11 18 19 20 21 26 27 28 29 34 35 36 37 42 43 44 45 46 53 54 61] [16340  3207 12080  8465  5330  3352  3923 10070  3467  9526  3271  5393
  5540  9268  4500 13138  3793 16180  3847  8290  8139  4496  9987  6687] [] 1716184034.0597457886
[-1 -1  1  1 -1 -1  1 -1 -1 -1 -1 -1 -1 -1 -1 -1 -1 -1 -1 -1 -1 -1] [ 3 10 11 18 19 20 21 26 27 28 29 34 35 36 37 42 44 45 46 53 54 61] [ 3515 13115  8464  5327  3381  4036  9958  3591  9609  3437  5594  5629
 11161  5402 13714  4210  4019  8426  8441  4941 12749  6919] [] 1716184034.1027944088
[-1 -1 -1 -1 -1  1 -1 -1 -1 -1 -1 -1 -1 -1 -1 -1 -1 -1 -1 -1 -1] [ 3 11 18 19 20 21 26 27 28 29 34 35 36 37 42 44 45 46 53 54 61] [ 3682  8548  5488  3449  4489  9953  4016  9676  3710  7014  5930 11264
  6753 13791  4560  4302  8523  8514  5135 12771  7066] [] 1716184034.1457605362
[-1  1 -1 -1 -1 -1 -1 -1 -1  1 -1 -1 -1 -1 -1 -1 -1 -1 -1 -1 -1] [ 3 11 18 19 20 21 26 27 28 29 34 35 36 37 42 44 45 46 53 54 61] [ 3710  8523  6646  3500  4554  9983  4133  9749  3921  6972  6135 11771
  7224 14011  4842  4444  8739  8607  5394 13019  7305] [] 1716184034.1887145042
[-1 -1 -1 -1 -1  1 -1 -1 -1 -1 -1 -1 -1 -1 -1 -1 -1 -1 -1 -1 -1] [ 3 11 18 19 20 21 26 27 28 29 34 35 36 37 42 44 45 46 53 54 61] [ 3872  8534  6693  3595  4792  9981  4414  9760  4251  7113  6238 13003
  7373 14079  5278  4848 10821  9029  5898 14504  7539] [] 1716184034.2317230701
[-1  1 -1 -1 -1  1 -1 -1 -1 -1 -1 -1 -1 -1 -1 -1 -1 -1 -1] [ 3 11 18 19 20 21 26 27 28 29 34 35 36 42 44 45 46 53 61] [ 4067  8521  7822  3722  4818  9927  4955  9776  4729  7162  7780 13252
  8650  6077  5125 10917 11702  6640  7639] [] 1716184034.2747759819
[-1 -1 -1 -1 -1  1 -1 -1 -1 -1 -1 -1 -1 -1 -1  1  1] [ 3 11 18 19 20 21 26 27 28 29 34 35 36 42 44 45 53] [ 4130  8560  7984  3830  5139  9906  6152  9863  5499  7241  8836 14738
  9138  7498  5590 10778  6587] [] 1716184034.3178055286
[-1  1 -1 -1 -1 -1 -1  1 -1 -1 -1 -1  1 -1 -1 -1 -1] [ 3 11 18 19 20 21 26 27 28 29 34 35 36 42 44 45 53] [ 4229  8552  8037  3993  5387  9914  8116  9780  6475  9746  8921 15313
  9110  8334  5753 10832  6657] [] 1716184034.3607852459
[-1 -1 -1 -1 -1  1 -1 -1 -1  1 -1 -1  1 -1 -1 -1] [ 3 11 18 19 20 21 26 27 28 29 34 36 42 44 45 53] [ 4250  8663  8250  4071  5430  9873  8154  9809  7037  9697  9123  9198
  8099  6701 10908  7572] [] 1716184034.4037692547
[-1 -1 -1 -1 -1 -1 -1 -1 -1 -1 -1 -1 -1 -1 -1 -1] [ 3 11 18 19 20 21 26 27 28 29 34 36 42 44 45 53] [ 4342  8685  8510  4175  5611  9919  8436  9919  8715  9764  9441 12943
  8567  8425 11007  9993] [] 1716184034.4467654228
[-1  1 -1 -1  1 -1 -1 -1 -1 -1 -1 -1 -1 -1 -1] [ 3 11 19 20 21 26 27 28 29 34 36 42 44 45 53] [ 4398  8681  4185  5739  9898  8581 12364  9064  9821 12584 13455 10068
 10628 11044 10649] [] 1716184034.4897625446
[-1  1 -1 -1 -1 -1 -1 -1 -1 -1 -1 -1 -1 -1 -1] [ 3 11 19 20 21 26 27 28 29 34 36 42 44 45 53] [ 4487  8676  4253  6158  9968  8713 12496  9312  9972 12900 13841 10630
 12023 11136 10934] [] 1716184034.5327441692
[-1 -1 -1 -1 -1 -1 -1 -1 -1 -1  1  1] [ 3 11 19 20 21 26 27 28 29 42 44 45] [ 5347  8691  4322  6407  9990 13046 12508 10139 10169 10949 11885 10948] [] 1716184034.5756723881
[-1  1  1 -1 -1  1 -1 -1 -1 -1 -1] [ 3 11 19 20 21 27 28 29 42 44 45] [ 5507  8638  4317  6605 10098 12508 10178 10206 12555 12248 11362] [] 1716184034.6186439991
[-1 -1 -1 -1 -1 -1 -1 -1 -1 -1 -1] [ 3 11 19 20 21 27 28 29 42 44 45] [ 6178  8763  4580  7175 10300 13148 10375 10332 15148 12479 11681] [] 1716184034.6616466045
[-1 -1 -1 -1 -1 -1 -1 -1  1 -1] [ 3 11 19 20 21 27 28 29 42 44] [ 8931  8833  5071  8490 10501 14755 10535 10363 12407 12487] [] 1716184034.7047548294
[ 1 -1 -1 -1 -1 -1 -1 -1 -1] [11 19 20 21 27 28 29 42 44] [ 8746  5393  8534 10585 14856 10587 10463 14159 12633] [] 1716184034.7476499081
[-1 -1 -1 -1  1 -1 -1 -1] [11 19 20 21 27 28 29 44] [ 8833  6333  9372 10619 14640 10687 10613 12725] [] 1716184034.7906341553
[-1 -1 -1 -1 -1 -1 -1 -1] [11 19 20 21 27 28 29 44] [ 8969  7237 10450 10895 14891 10937 10749 13159] [] 1716184034.8336155415
[-1 -1 -1 -1 -1 -1 -1] [11 19 20 21 27 28 29] [ 9307  9515 10590 11155 15943 11322 10986] [] 1716184034.8766019344
[-1 -1 -1 -1  1 -1 -1] [11 19 20 21 27 28 29] [ 9405  9821 10809 11431 14699 11369 11132] [] 1716184034.9195866585
[-1 -1 -1 -1 -1 -1] [11 19 20 21 28 29] [ 9942  9909 11218 11617 11487 11265] [] 1716184034.9626080990
[ 1 -1  1 -1] [19 20 28 29] [ 9699 11492 11233 11378] [] 1716184035.0056624413
[-1 -1 -1 -1] [19 20 28 29] [10085 12667 11606 11735] [] 1716184035.0486881733
[-1 -1  1] [20 28 29] [13832 11687 11723] [] 1716184035.0916819572
2 2 2 1716184035.3246879578
