FA TAX ADC PRES TS
[-1] [28] [11214] [] 1716183935.0292267799
[1] [28] [11109] [] 1716183935.0721328259
[-1] [28] [11141] [] 1716183935.1152191162
[1] [28] [11135] [] 1716183935.1581301689
[-1 -1] [28 29] [11426 12288] [] 1716183935.2011919022
[1 1] [28 29] [11389 11774] [] 1716183935.2441334724
[ 1  1 -1] [28 29 42] [11336 11624 12999] [] 1716183935.2871656418
[-1 -1  1] [28 29 42] [11367 11733 12478] [] 1716183935.3301329613
[1 1 1] [28 29 42] [11345 11549 12425] [] 1716183935.3731358051
[-1 -1 -1 -1] [11 28 29 42] [13608 11383 11623 12431] [] 1716183935.4161405563
[ 1 -1  1  1 -1 -1] [11 20 28 29 42 45] [10862 16052 11368 11549 12486 15063] [] 1716183935.4591538906
[ 1 -1 -1 -1  1  1] [11 20 28 29 42 45] [10311 16070 11373 11570 12449 14702] [] 1716183935.5021636486
[1 1 1 1 1 1] [11 20 28 29 42 45] [10183 16056 11366 11391 12363 13854] [] 1716183935.5451824665
[ 1  1  1  1 -1  1] [11 20 28 29 42 45] [ 9908 16024 11244 11126 12388 13403] [] 1716183935.5881559849
[ 1 -1  1  1  1  1  1] [11 19 20 28 29 42 45] [ 9845 11532 15570 11242 11107 12381 13087] [] 1716183935.6311540604
[ 1  1 -1 -1  1 -1  1] [11 19 20 28 29 42 45] [ 9741 11051 15609 11250 11004 12644 12925] [] 1716183935.6741223335
[-1  1  1 -1  1  1  1  1] [11 19 20 26 28 29 42 45] [ 9847 10814 15547 11595 11219 10972 12469 12659] [] 1716183935.7171258926
[-1  1  1  1 -1  1  1 -1  1] [11 19 20 26 28 29 42 44 45] [ 9861 10694 14244  9946 11272 10888 12257 15827 12556] [] 1716183935.7601006031
[ 1  1  1  1 -1  1  1 -1  1] [11 19 20 26 28 29 42 44 45] [ 9518 10463 13850  9557 11400 10845 11969 15989 12300] [] 1716183935.8031594753
[ 1  1  1  1  1  1 -1  1  1] [11 19 20 26 28 29 42 44 45] [ 9355 10311 12939  9333 11375 10748 11991 15529 12218] [] 1716183935.8461019993
[ 1  1  1  1 -1 -1  1  1  1] [11 19 20 26 28 29 42 44 45] [ 9348 10239 12872  9117 11533 10760 11746 15087 11875] [] 1716183935.8891077042
[ 1  1  1  1  1  1  1  1 -1 -1] [11 19 20 26 28 29 42 44 45 53] [ 9157 10139 12431  8939 11395 10540 11742 14584 12128 14118] [] 1716183935.9320909977
[-1 -1  1  1 -1 -1 -1  1  1  1  1] [ 3 11 19 20 26 28 29 42 44 45 53] [ 8071  9374  9770 12403  8943 11451 10678 11614 14224 12094 12574] [] 1716183935.9751601219
[1 1 1 1 1 1 1 1 1 1 1] [ 3 11 19 20 26 28 29 42 44 45 53] [ 6350  9266  9166 12203  8932 11323 10547 11399 14132 12010 12164] [] 1716183936.0180978775
[ 1  1  1  1  1  1  1  1  1 -1  1] [ 3 11 19 20 26 28 29 42 44 45 53] [ 6062  9176  8241 12151  8730 11198 10361 11389 14018 12044 11778] [] 1716183936.0610744953
[ 1 -1  1 -1  1  1  1  1  1  1  1] [ 3 11 19 20 26 28 29 42 44 45 53] [ 5986  9207  7330 12174  8627 11115  8959 11183 13166 11673 10209] [] 1716183936.1041831970
[ 1  1  1 -1 -1  1  1  1  1  1  1 -1] [ 3 11 19 20 21 26 28 29 42 44 45 53] [ 5719  9081  6445 12178 11618  8620 10094  8741 11165 11299 11648 10227] [] 1716183936.1471846104
[ 1  1  1 -1  1 -1 -1  1 -1 -1  1 -1 -1] [ 3 11 19 20 21 26 27 28 29 42 44 45 53] [ 5621  9039  6292 12372 11473  8657 14162  9008  8754 11471  9183 11663
 10391] [] 1716183936.1901824474
[ 1  1  1 -1  1  1 -1  1  1 -1 -1  1  1  1  1] [ 3 11 19 20 21 26 27 28 29 34 36 42 44 45 53] [ 5412  8950  5884 12551 11317  6872 14186  7596  8727 12065 16312 11067
  7798 11648 10265] [] 1716183936.2331345081
[ 1 -1 -1  1  1  1  1  1  1 -1  1 -1  1 -1  1] [ 3 11 18 19 20 21 26 27 28 29 34 42 44 45 53] [ 5372  8978 15628  5223 12483 11206  6748 12915  6642  8773 11759 11133
  7640 11744 10146] [] 1716183936.2761542797
[-1 -1  1 -1  1  1  1  1  1 -1  1 -1  1  1  1  1] [ 3 11 18 19 20 21 26 27 28 29 34 36 42 44 45 53] [ 5483  8985 13408  5383 12308 10999  6201 12914  6556  8892  9446 14029
 10932  7015 11592 10098] [] 1716183936.3191218376
[-1 -1  1 -1 -1  1  1  1  1  1  1  1 -1  1  1 -1  1  1 -1  1] [ 1  2  3 10 11 18 19 20 21 26 27 28 29 34 36 42 44 45 47 53] [15684 14796  5457 12564  9093  9156  5066 12120 10989  5435 12501  6147
  8925  9203 13349 11121  6762 10051 14997  7753] [] 1716183936.3621428013
[ 1  1 -1  1  1  1  1  1  1  1 -1  1  1  1 -1  1  1  1 -1  1] [ 1  2  3 10 11 18 19 20 21 26 27 28 29 34 36 42 44 45 47 53] [14987 13421  5468 12357  8941  8944  4855 12036 10799  5045 12562  6143
  8893  9102 13353 10825  6239  8607 15227  7543] [] 1716183936.4052228928
[-1  1  1  1 -1  1  1  1 -1  1  1  1 -1 -1  1  1  1  1  1 -1 -1] [ 1  2  3 10 11 18 19 20 21 26 27 28 29 34 36 42 44 45 47 53 54] [14992 12956  5458 10184  9085  8722  4637 11986 10820  4843 12488  5277
  8904  9135 13305 10212  5796  8428 15122  7741 12600] [] 1716183936.4481050968
[ 1 -1  1  1  1  1  1  1 -1  1 -1  1  1  1  1  1  1  1 -1  1  1] [ 1  2  3 10 11 18 19 20 21 26 27 28 29 34 36 42 44 45 47 53 54] [14652 12984  5373  9546  9010  7562  4523 10196 10857  4586 12556  4741
  8804  8859 11584  9683  5485  7009 15933  7353 12358] [] 1716183936.4911417961
[1 1 1 1 1 1 1 1 1 1 1 1 1 1 1 1 1 1 1 1 1] [ 1  2  3 10 11 18 19 20 21 26 27 28 29 34 36 42 44 45 47 53 54] [14635 12690  5373  8367  8937  7325  4424  9700 10812  4437 12448  4429
  8625  8809 11450  8581  5060  6785 15611  7183 12127] [] 1716183936.5341286659
[-1  1  1  1 -1  1  1  1  1  1 -1  1  1  1  1  1  1 -1 -1  1  1 -1] [ 1  2  3 10 11 18 19 20 21 26 27 28 29 34 36 42 44 45 46 47 53 54] [14714 12522  4547  7143  8946  6321  4371  9321 10655  4260 12450  4238
  8481  8701 10967  7042  4927  6787 12567 14377  6846 12233] [] 1716183936.5771954060
[ 1 -1  1  1 -1  1  1  1  1  1  1  1  1 -1  1  1  1  1  1  1  1  1 -1] [ 1  2  3 10 11 18 19 20 21 26 27 28 29 34 36 42 44 45 46 47 53 54 61] [14612 12590  4467  6548  8951  5385  4233  9114 10532  4055 12397  4155
  7459  8735 10205  5877  4878  6781 11145 13700  6792 11153 13802] [] 1716183936.6200697422
[ 1  1  1  1  1  1  1  1  1  1 -1  1  1  1  1  1  1 -1  1  1  1  1  1] [ 1  2  3 10 11 18 19 20 21 26 27 28 29 34 36 42 44 45 46 47 53 54 61] [14464 12163  4355  6276  8909  5266  4147  9014 10419  3983 12653  4033
  7312  8565  8264  5557  4680  6871 10065 12861  6714  8943  7305] [] 1716183936.6631329060
[-1  1  1  1  1  1  1  1 -1  1 -1  1  1 -1 -1  1  1  1  1  1  1 -1  1  1
  1] [ 1  2  3 10 11 18 19 20 21 26 27 28 29 34 35 36 42 44 45 46 47 52 53 54
 61] [14603 11900  4331  5517  7425  4763  4052  8106 10480  3875 12706  3823
  7215  8566 14858  7446  5237  4542  6348  8827 11385 15353  6616  8183
  7179] [] 1716183936.7061502934
[-1 -1  1  1  1  1  1  1  1  1  1  1  1 -1  1 -1  1  1 -1  1  1 -1  1  1
  1 -1  1] [ 1  2  3 10 11 18 19 20 21 26 27 28 29 34 35 36 42 44 45 46 47 50 52 53
 54 55 61] [14693 11952  4284  5255  6917  4705  3970  7973 10478  3746 10618  3758
  6417  8606 12033  7450  5001  4538  6654  8442  9391 10297 14238  6339
  7992 13844  7123] [] 1716183936.7492005825
[ 1  1  1  1  1  1  1  1 -1  1  1  1  1  1  1  1  1  1  1  1  1  1  1  1
 -1  1  1] [ 1  2  3 10 11 18 19 20 21 26 27 28 29 34 35 36 42 44 45 46 47 50 52 53
 54 55 61] [14622 11735  4278  4805  6503  4686  3862  7677 10483  3685  8615  3607
  5743  8598 11033  7351  4804  4215  6629  8214  9142 10227 13441  5863
  8049  8703  7059] [] 1716183936.7921617031
[-1  1  1  1  1  1  1  1  1  1  1  1  1  1 -1  1  1  1  1  1  1  1  1  1
  1  1  1] [ 1  2  3 10 11 18 19 20 21 26 27 28 29 34 35 36 42 44 45 46 47 50 52 53
 54 55 61] [14652 11482  4209  4673  5570  4591  3760  7539 10361  3490  8306  3539
  5639  7887 11844  7150  4404  3969  5967  8042  7452 10149 13366  5481
  7938  7646  6933] [] 1716183936.8351862431
[ 1 -1  1  1  1  1  1  1  1  1  1  1  1  1  1  1 -1  1  1  1  1  1 -1 -1
  1  1  1  1] [ 1  2  3 10 11 18 19 20 21 26 27 28 29 34 35 36 41 42 44 45 46 47 50 52
 53 54 55 61] [14191 11730  4181  4593  4747  4535  3692  7458 10274  3426  8253  3367
  5630  7802 10937  6965 16247  3971  3799  5345  7642  6873 10563 13376
  5326  7927  7472  6856] [] 1716183936.8781151772
[-1  1  1  1  1  1  1  1  1  1 -1  1  1  1  1  1  1  1  1  1  1  1  1  1
  1  1  1] [ 1  2  3 10 11 18 19 20 21 26 27 28 29 34 35 36 42 44 45 46 47 50 52 53
 54 55 61] [14361 11481  4161  4479  4150  4167  3577  7153 10146  3325  8806  3176
  5535  7707  9912  5533  3660  3462  4951  6603  5948 10511 10994  5080
  7827  6488  6783] [] 1716183936.9210309982
[ 1 -1  1  1  1 -1  1  1 -1  1  1  1  1  1 -1  1  1 -1  1  1  1  1  1  1
 -1  1  1  1  1  1] [ 1  2  3 10 11 12 18 19 20 21 26 27 28 29 34 35 36 41 42 44 45 46 47 50
 51 52 53 54 55 61] [13974 11501  4133  4367  3983 16231  4118  3514  7167 10135  3249  8538
  3083  4482  7721  9507  5154 16019  3432  3451  4740  6375  5437 10481
 12480 10648  4666  7721  5688  6714] [] 1716183936.9641253948
[ 1  1  1  1  1  1  1  1  1  1  1 -1  1  1  1  1  1 -1  1  1  1  1  1  1
  1  1  1  1  1  1  1] [ 1  2  3 10 11 12 18 19 20 21 26 27 28 29 34 35 36 38 41 42 44 45 46 47
 50 51 52 53 54 55 61] [13952 11285  4102  4319  3841 15125  4084  3418  6790 10048  3138  8579
  2981  4111  7580  9392  4749 16295 15913  3284  3423  4329  6375  5045
 10479 11824 10136  4469  7707  5400  6668] [] 1716183937.0072383881
[-1  1  1  1  1  1  1  1 -1  1  1  1  1 -1 -1 -1  1  1  1  1  1  1  1  1
  1  1  1  1  1  1] [ 1  2  3 10 11 12 18 19 20 21 26 27 28 29 34 35 36 38 42 44 45 46 47 50
 51 52 53 54 55 61] [14031 10260  4009  4287  3711 14811  4065  3329  6817 10005  3093  8366
  2909  4271  7607  9425  4671 15057  3106  3336  4149  5917  4696 10442
 11032  9957  4310  7063  5206  6549] [] 1716183937.0500009060
[ 1 -1 -1  1  1  1 -1  1  1 -1  1  1  1 -1  1 -1  1  1  1  1  1  1  1  1
  1  1  1  1  1  1] [ 1  2  3 10 11 12 18 19 20 21 26 27 28 29 34 35 36 38 42 44 45 46 47 50
 51 52 53 54 55 61] [13985 10470  4035  4223  3566 13999  4067  3272  5980 10085  3071  8245
  2806  4311  6862  9447  4636 14469  2935  3288  3957  5480  4342 10374
 10733  8040  4262  6411  4948  6462] [] 1716183937.0931222439
[-1 -1  1  1  1  1  1  1  1 -1  1  1  1  1  1 -1  1  1 -1  1  1  1  1 -1
 -1  1  1  1  1  1] [ 1  2  3 10 11 12 18 19 20 21 26 27 28 29 34 35 36 38 42 44 45 46 47 50
 51 52 53 54 55 61] [14079 10710  3883  4111  3451 11679  3924  3151  5782 10137  2995  8118
  2717  4203  6859  9611  4465 14311  2951  3265  3928  5465  4312 10387
 10809  7952  4191  6368  4872  6443] [] 1716183937.1362085342
[ 1  1  1  1  1  1  1  1  1  1  1  1  1  1  1  1  1 -1 -1  1  1  1  1 -1
  1 -1  1 -1  1 -1  1] [ 1  2  3 10 11 12 18 19 20 21 26 27 28 29 34 35 36 38 41 42 44 45 46 47
 50 51 52 53 54 55 61] [13999 10540  3865  4037  3371 11395  3913  3122  5632 10056  2963  7889
  2709  4161  6747  9394  4370 14452 16211  2894  3248  3887  5439  4369
 10239 10832  7874  4287  6351  4884  6416] [] 1716183937.1790785789
[ 1 -1  1  1  1  1  1 -1  1 -1  1 -1  1  1 -1 -1  1  1  1 -1  1 -1  1 -1
  1 -1  1  1  1 -1  1 -1] [ 1  2  3 10 11 12 18 19 20 21 26 27 28 29 32 34 35 36 38 41 42 44 45 46
 47 50 51 52 53 54 55 61] [13923 11099  3862  3975  3297 11147  3875  3157  5476 10089  2939  7891
  2648  4104 15826  6843  9273  4286 14283 16261  2832  3263  3871  5446
  4351 10371 10728  7813  4210  6365  4838  6477] [] 1716183937.2220273018
[ 1  1 -1  1 -1  1 -1  1 -1 -1 -1  1 -1  1  1  1  1  1  1  1  1  1  1  1
  1  1 -1 -1 -1  1 -1  1] [ 1  2  3 10 11 12 18 19 20 21 26 27 28 29 32 34 35 36 38 41 42 44 45 46
 47 50 51 52 53 54 55 61] [13826 10995  3867  3975  3333 11051  3879  3098  5531 10130  2948  7826
  2678  4010 14860  6749  9273  4271 14207 16259  2813  3239  3838  5397
  4347 10327 10730  7846  4224  6330  4868  6424] [] 1716183937.2651150227
[ 1 -1  1 -1  1  1  1  1  1  1  1 -1  1  1  1  1  1 -1  1  1 -1 -1 -1 -1
 -1  1 -1 -1  1 -1 -1 -1] [ 1  2  3 10 11 12 18 19 20 21 26 27 28 29 32 34 35 36 38 41 42 44 45 46
 47 50 51 52 53 54 55 61] [13751 11073  3818  4005  3313 10959  3877  3086  5527 10044  2935  7869
  2647  4009 14141  6701  9271  4298 14196 16059  2864  3251  3893  5493
  4367 10234 10799  7956  4216  6377  5036  6443] [] 1716183937.3081197739
[-1  1 -1 -1 -1 -1 -1 -1 -1  1 -1 -1 -1 -1  1 -1  1 -1 -1  1 -1 -1 -1 -1
 -1  1 -1 -1 -1 -1 -1 -1] [ 1  2  3 10 11 12 18 19 20 21 26 27 28 29 32 34 35 36 38 41 42 44 45 46
 47 50 51 52 53 54 55 61] [13775 10616  3868  4014  3391 11571  3884  3095  5697 10035  2943  7916
  2653  4033 13540  6714  9174  4320 14911 15959  2979  3266  4006  5512
  4476 10228 10905  9472  4237  6562  5645  6557] [] 1716183937.3510496616
[-1  1 -1 -1 -1 -1  1 -1 -1  1 -1  1  1  1 -1  1 -1 -1  1 -1 -1 -1 -1 -1
 -1 -1 -1 -1 -1 -1 -1] [ 1  2  3 10 11 12 18 19 20 21 26 27 28 29 34 35 36 38 41 42 44 45 46 47
 50 51 52 53 54 55 61] [13794 10453  3895  4023  3515 13803  3883  3149  6532 10005  3005  7879
  2640  4015  6777  9133  4416 15089 15895  3113  3358  4084  5991  4732
 10360 11425  9804  4289  6597  6732  6595] [] 1716183937.3940937519
[ 1 -1 -1 -1 -1 -1 -1 -1 -1  1  1 -1 -1 -1 -1 -1 -1 -1 -1 -1 -1 -1 -1  1
 -1 -1 -1 -1 -1] [ 1  2  3 10 11 12 18 19 20 21 26 27 28 29 34 35 36 41 42 44 45 46 47 50
 52 53 54 55 61] [13709 10467  4136  4107  3647 14047  3948  3169  6596  9975  2999  7923
  2679  4050  6811  9433  4543 15973  3180  3551  4154  6267  5133 10341
  9956  4319  7695  7328  6597] [] 1716183937.4371514320
[ 1 -1  1 -1 -1 -1 -1 -1  1  1 -1 -1 -1  1 -1  1 -1  1 -1 -1 -1  1 -1 -1
 -1 -1  1  1] [ 1  2  3 10 11 12 18 19 20 21 26 27 28 29 34 35 36 41 42 44 45 46 47 50
 52 53 54 61] [13608 11543  4094  4143  3807 14255  3985  3194  6588  9899  3007  8054
  2711  4043  7016  9355  4595 15963  3472  3638  4567  6146  5363 10383
 10388  4347  7486  6577] [] 1716183937.4801371098
[ 1 -1 -1 -1 -1 -1 -1 -1 -1  1 -1  1 -1  1 -1  1 -1 -1 -1 -1 -1 -1 -1 -1
 -1 -1 -1 -1] [ 1  2  3 10 11 12 18 19 20 21 26 27 28 29 34 35 36 41 42 44 45 46 47 50
 52 53 54 61] [13519 11715  4135  4195  3965 14693  4013  3336  6592  9871  3111  7962
  2788  4002  7412  9126  5070 16225  4027  3914  5111  7347  5943 10413
 13636  4477  7715  6718] [] 1716183937.5230848789
[-1  1  1 -1 -1 -1 -1 -1 -1 -1 -1 -1 -1 -1 -1 -1 -1 -1 -1 -1 -1 -1 -1 -1
 -1 -1] [ 1  2  3 10 11 12 18 19 20 21 26 27 28 29 34 35 36 42 44 45 46 47 52 53
 54 61] [13652 11659  4127  4339  4591 15258  4105  3341  6698  9962  3262  8005
  2960  4277  7556  9146  5421  4237  3944  5291  7436  6635 15460  4716
  8002  6873] [] 1716183937.5660991669
[ 1  1 -1 -1 -1 -1 -1 -1  1 -1 -1 -1 -1 -1 -1 -1 -1 -1 -1  1 -1 -1  1  1
 -1] [ 1  2  3 10 11 18 19 20 21 23 26 27 28 29 34 35 36 42 44 45 46 47 52 53
 54] [13612 11613  4155  4430  5550  4363  3374  6700  9874 15433  3367  8044
  3032  4836  8435  9175  6199  4814  4000  5281  8087  7090 15195  4517
 11880] [] 1716183937.6090574265
[-1 -1 -1 -1 -1 -1 -1 -1  1 -1  1  1 -1 -1  1 -1 -1 -1 -1 -1 -1 -1 -1 -1] [ 1  2  3 10 11 18 19 20 21 23 26 27 28 29 34 35 36 42 44 45 46 47 53 54] [13664 11833  4163  4615  5906  4427  3495  6789  9867 16303  3351  7844
  3095  5016  8403  9412  6422  5116  4037  5875  8275  8826  4698 12421] [] 1716183937.6520836353
[-1  1  1 -1 -1 -1 -1 -1 -1 -1 -1 -1 -1 -1 -1 -1 -1 -1 -1 -1 -1 -1] [ 1  2  3 10 11 18 19 20 21 26 27 28 29 34 35 36 42 44 45 46 47 53] [13736 11651  4129  5021  6411  4498  3548  7019  9905  3477  7937  3227
  5987  8493  9466  6678  5947  4204  6335  8636  9222  5335] [] 1716183937.6951124668
[-1 -1  1 -1 -1 -1 -1 -1 -1 -1 -1 -1 -1 -1 -1 -1 -1 -1 -1 -1 -1 -1] [ 1  2  3 10 11 18 19 20 21 23 26 27 28 29 34 35 36 42 44 45 47 53] [13744 11662  4126  5523  7766  4612  3600  7125  9956 15981  3609  8253
  3409  6362  8501 13573  6686  6026  4332  6340 11297  5926] [] 1716183937.7380683422
[-1 -1 -1 -1 -1 -1 -1 -1  1  1 -1 -1 -1  1 -1  1 -1 -1 -1 -1 -1] [ 1  2  3 10 11 18 19 20 21 23 26 27 28 29 34 35 36 42 44 45 53] [13768 11670  4159  6535  8805  5069  3670  7523  9898 14455  3785 11973
  3591  6057  8589 13533  7038  6488  4627  6527  6053] [] 1716183937.7810306549
[ 1  1 -1 -1  1 -1 -1 -1 -1 -1 -1 -1 -1  1 -1  1 -1 -1 -1 -1 -1] [ 1  2  3 10 11 18 19 20 21 23 26 27 28 29 34 35 36 42 44 45 53] [13766 11630  4187  7034  8793  5135  3692  7901  9990 15516  3907 12102
  3653  6001  8725 13446  7869  7154  5139  6897  6855] [] 1716183937.8240883350
[-1  1 -1 -1 -1 -1 -1 -1 -1 -1 -1 -1 -1 -1 -1 -1 -1 -1 -1 -1] [ 1  2  3 10 11 18 19 20 21 26 27 28 29 34 35 36 42 44 45 53] [13928 11622  4268  8967  8886  6209  3842  8293 10152  4137 12281  3951
  6539  8937 15736  9122  7557  5480  7133  7177] [] 1716183937.8670618534
[-1 -1 -1 -1  1 -1 -1 -1  1 -1 -1 -1 -1 -1 -1 -1 -1 -1 -1 -1] [ 1  2  3 10 11 18 19 20 21 26 27 28 29 34 35 36 42 44 45 53] [13998 11966  5095  9372  8850  8375  3957  8464 10121  4323 12505  4059
  8106  8940 16240 10596  9211  5885  7283  8825] [] 1716183937.9100177288
[-1  1  1 -1 -1 -1 -1 -1 -1 -1  1 -1 -1 -1 -1 -1 -1 -1 -1] [ 1  2  3 10 11 18 19 20 21 26 27 28 29 34 36 42 44 45 53] [14674 11800  5068  9723  8938  8460  4176  8557 10125  4660 12375  4553
  8564  9213 11351 10349  6349  8209 10693] [] 1716183937.9530131817
[-1 -1 -1 -1  1 -1 -1 -1 -1 -1 -1 -1 -1 -1 -1 -1 -1 -1 -1] [ 1  2  3 10 11 18 19 20 21 26 27 28 29 34 36 42 44 45 53] [14858 12104  5227 12234  8883  8706  4351  8984 10264  5287 12659  5423
  8707  9423 11769 10611  7043  8234 10804] [] 1716183937.9960553646
[-1  1  1 -1 -1 -1 -1 -1 -1 -1 -1 -1  1 -1 -1  1 -1  1 -1] [ 1  2  3 10 11 18 19 20 21 26 27 28 29 34 36 42 44 45 53] [15032 11977  5205 13156  8937  9100  4535 10954 10276  6164 12736  5925
  8697  9557 13478 10449  9764  8180 15255] [] 1716183938.0390522480
[ 1 -1 -1  1 -1 -1 -1 -1 -1  1 -1 -1 -1  1  1 -1  1] [ 1  2  3 11 18 19 20 21 26 27 28 29 34 36 42 44 45] [14947 12057  5367  8822 13337  4752 11266 10387  6966 12636  6441  8725
 13071 13305 10365 10871  8062] [] 1716183938.0819463730
[-1 -1 -1 -1 -1 -1 -1 -1 -1 -1 -1 -1 -1 -1  1  1 -1] [ 1  2  3 11 18 19 20 21 26 27 28 29 34 36 42 44 45] [15256 12282  5473  8868 16115  4847 11387 10551  8246 12664  6989  8781
 14729 14097 10238 10739  8197] [] 1716183938.1250393391
[-1 -1 -1 -1 -1  1 -1 -1 -1 -1 -1 -1 -1] [ 2  3 11 19 20 21 26 27 28 29 42 44 45] [12487  5678  8939  5280 11738 10481  8718 12673  9136  8868 10441 12877
  8351] [] 1716183938.1680040359
[-1 -1 -1 -1 -1 -1 -1 -1 -1  1 -1 -1 -1] [ 2  3 11 19 20 21 26 27 28 29 42 44 45] [12588  5914  9033  5756 12004 10827  8900 15478 10655  8868 10756 13623
  9561] [] 1716183938.2110273838
[-1 -1 -1 -1 -1 -1 -1  1 -1 -1 -1 -1] [ 2  3 11 19 20 21 26 28 29 42 44 45] [13385  6395  9174  6077 12058 10945  9055 10654  9117 11257 14137 14023] [] 1716183938.2539966106
[ 1 -1 -1 -1 -1 -1 -1 -1  1  1] [11 19 20 21 26 28 29 42 44 45] [ 8974  8247 12308 11376  9302 10845  9171 11925 13845 13078] [] 1716183938.2969200611
[-1 -1 -1 -1 -1 -1 -1  1 -1  1] [11 19 20 21 26 28 29 42 44 45] [ 9055  8913 12696 11584  9368 10883  9267 11767 14273 12809] [] 1716183938.3399925232
[-1 -1 -1 -1 -1 -1 -1 -1  1] [11 19 20 21 26 28 29 42 44] [ 9135  9838 13669 11689  9499 11034 11007 11806 13219] [] 1716183938.3829772472
[-1 -1 -1 -1 -1 -1 -1] [11 19 20 28 29 42 44] [ 9200 10002 14171 11111 11013 12749 14101] [] 1716183938.4259805679
[-1 -1  1 -1 -1 -1] [11 19 20 28 29 42] [10140 10451 13859 11245 11135 13687] [] 1716183938.4689369202
[-1 -1 -1 -1 -1] [11 20 28 29 44] [10494 14336 11552 11161 14203] [] 1716183938.5119595528
[-1 -1 -1 -1] [11 20 28 29] [10804 15312 11578 11382] [] 1716183938.5549652576
[ 1 -1 -1] [20 28 29] [13824 11681 11646] [] 1716183938.5978984833
[-1 -1 -1] [20 28 29] [14315 12171 11948] [] 1716183938.6409013271
[1 1] [20 29] [14095 11871] [] 1716183938.6839165688
[1] [20] [13438] [] 1716183938.7269024849
2 2 2 1716183939.0010991096
