FA TAX ADC PRES TS
[-1] [11] [13380] [] 1716182197.6425476074
[1] [11] [11717] [] 1716182197.6855459213
[1] [11] [11487] [] 1716182197.7284963131
[1] [11] [11375] [] 1716182197.7713515759
[1] [11] [10604] [] 1716182197.8143501282
[1] [11] [10079] [] 1716182197.8573172092
[1] [11] [9919] [] 1716182197.9005205631
[1] [11] [9286] [] 1716182197.9435188770
[1] [11] [9041] [] 1716182197.9865124226
[1] [11] [8948] [] 1716182198.0295784473
[-1 -1] [ 3 11] [9946 9347] [] 1716182198.0723466873
[ 1 -1 -1] [ 3 11 28] [ 8281  9466 11934] [] 1716182198.1156177521
[1 1 1] [ 3 11 28] [ 7945  9374 11435] [] 1716182198.1586849689
[1 1 1] [ 3 11 28] [ 6275  9237 11124] [] 1716182198.2017335892
[1 1 1] [ 3 11 28] [ 5953  9095 10840] [] 1716182198.2445423603
[1 1 1] [ 3 11 28] [ 5901  9028 10671] [] 1716182198.2876899242
[ 1  1 -1] [ 3 11 28] [ 5683  8936 10682] [] 1716182198.3306195736
[ 1  1 -1  1] [ 3 11 20 28] [ 5566  8913 15466 10623] [] 1716182198.3737113476
[ 1 -1 -1  1 -1 -1] [ 3 11 19 20 28 44] [ 5479  8943 10157 12940 10868 14879] [] 1716182198.4164805412
[ 1  1  1  1 -1  1] [ 3 11 19 20 28 44] [ 4987  8915 10007 12236 10974 13943] [] 1716182198.4593822956
[ 1  1  1  1 -1  1] [ 3 11 19 20 28 44] [ 4899  8838  9876 12075 11040 13373] [] 1716182198.5023550987
[ 1 -1 -1  1 -1 -1  1] [ 3 11 19 20 26 28 44] [ 4405  8994  9945 11726 11740 11059 12910] [] 1716182198.5453453064
[ 1 -1 -1 -1  1 -1 -1 -1] [ 3 11 19 20 26 27 28 44] [ 4289  9001  9982 11807 11343 12884 11181 12977] [] 1716182198.5883738995
[ 1 -1 -1  1  1 -1 -1 -1  1] [ 3 11 19 20 26 27 28 34 44] [ 4284  9003 10039 11561  9963 12915 11259 13282 12843] [] 1716182198.6313424110
[ 1  1  1  1  1  1 -1 -1  1  1] [ 3 11 19 20 26 27 28 29 34 44] [ 4174  8982  9848 11401  9581 12731 11380 12141 13037 12703] [] 1716182198.6743972301
[ 1 -1 -1  1  1  1  1  1  1  1 -1] [ 3 11 18 19 20 26 27 28 29 34 44] [ 4086  8999 13298  7991 11018  9339 12581 11240 11888 12846 12713] [] 1716182198.7173750401
[ 1  1  1  1  1  1  1  1  1  1 -1] [ 3 11 18 19 20 26 27 28 29 34 44] [ 4046  8916 11114  7262 10896  9238 12471 11142 11408 12815 12757] [] 1716182198.7603852749
[ 1 -1  1  1  1  1  1  1  1  1 -1 -1] [ 3 11 18 19 20 26 27 28 29 34 42 44] [ 3834  8928 10860  6934 10630  9171 12370 11048 11108 12662 13691 12763] [] 1716182198.8033728600
[ 1 -1  1  1  1  1 -1  1  1 -1  1  1  1  1] [ 3  4 11 18 19 20 21 26 27 28 29 34 42 44] [ 3698 12596  8912 10378  6186  9816 14199  8927 12285 11080 10926 11435
 13101 12721] [] 1716182198.8464078903
[ 1  1  1  1  1 -1  1  1 -1 -1 -1  1  1  1] [ 3  4 11 18 19 20 21 26 27 28 29 34 42 44] [ 3641 12131  8850 10345  5414 10528 12188  8853 12466 11086 11153  9804
 12812 12719] [] 1716182198.8893778324
[ 1 -1  1  1  1  1  1  1  1  1  1  1  1  1] [ 3  4 11 18 19 20 21 26 27 28 29 34 42 44] [ 3486 14422  8835  7944  5284  9373 10845  8739 12167 11002 10877  9522
 12639 12685] [] 1716182198.9323694706
[ 1  1  1  1  1  1  1  1  1 -1  1 -1  1  1] [ 3  4 11 18 19 20 21 26 27 28 29 34 42 44] [ 3210 12266  8741  7680  4912  8403 10587  8509 11619 11131 10639  9992
 12439 11212] [] 1716182198.9753766060
[ 1 -1  1  1  1  1 -1  1  1  1  1  1 -1  1] [ 3  4 11 18 19 20 21 26 27 28 29 34 42 44] [ 3062 13574  8686  7578  4667  8149 10590  8457 11340 10995 10632  9327
 12479 10962] [] 1716182199.0183806419
[ 1  1  1  1  1  1  1  1  1  1  1 -1 -1  1  1] [ 3  4 11 18 19 20 21 26 27 28 29 34 36 42 44] [ 2962 12787  8641  7477  4516  7808 10451  8444 11338  9959 10613  9677
 13142 12090  8627] [] 1716182199.0613806248
[ 1  1  1  1  1 -1  1  1  1  1  1  1  1  1  1] [ 3  4 11 18 19 20 21 26 27 28 29 34 36 42 44] [ 2748 11134  7477  6786  4365  7952 10377  8200 11165  9553 10587  9039
 12799 11751  8575] [] 1716182199.1043975353
[ 1 -1 -1  1  1  1  1  1  1  1  1  1 -1 -1  1  1  1] [ 3  4 10 11 18 19 20 21 26 27 28 29 34 35 36 42 44] [ 2671 11306 14963  6887  6339  4175  7829 10248  8019 11116  8531 10540
 10520 16320 12767 11750  7979] [] 1716182199.1473827362
[ 1  1  1  1  1  1 -1 -1  1 -1  1 -1 -1 -1  1  1] [ 3  4 10 11 18 19 20 21 26 27 28 29 34 36 42 44] [ 2571 10883 13652  5483  5787  4089  8030 10371  7917 11508  8029 10561
 11026 12770 11687  7183] [] 1716182199.1904027462
[ 1  1  1  1  1  1  1  1  1  1  1  1  1  1  1 -1] [ 3  4 10 11 18 19 20 21 26 27 28 29 34 36 42 44] [ 2546 10569 11093  5172  5369  4031  7696 10327  6199 11129  7520 10429
 10548 12470 11585  7339] [] 1716182199.2333211899
[ 1 -1  1  1  1  1  1  1  1  1  1 -1  1  1  1  1] [ 3  4 10 11 18 19 20 21 26 27 28 29 34 36 42 44] [ 2423 14925 10310  4529  5139  3967  7546 10174  5532 11065  6327 10479
  7919 11795 10369  6119] [] 1716182199.2763550282
[ 1  1  1  1  1  1  1  1  1  1  1 -1  1 -1  1  1  1] [ 3  4 10 11 18 19 20 21 26 27 28 29 34 35 36 42 44] [ 2351 12611  8900  4150  4727  3875  7508 10036  5251 10809  5640 10586
  7839 16377 11301 10203  5735] [] 1716182199.3195087910
[ 1  1  1  1  1  1  1  1  1  1  1 -1  1  1 -1 -1  1 -1] [ 3  4 10 11 18 19 20 21 26 27 28 29 34 35 36 42 44 45] [ 2319 10324  8012  3947  4333  3855  6291  9992  5111 10781  5355 10605
  7789 16029 11417 10232  5619 11574] [] 1716182199.3625667095
[ 1  1  1  1  1  1  1  1  1  1  1 -1  1  1  1  1  1  1] [ 3  4 10 11 18 19 20 21 26 27 28 29 34 35 36 42 44 45] [ 2239 10175  6821  3558  4221  3728  5901  9950  4741 10068  4920 10869
  7655 15499 11069  8818  5389 11197] [] 1716182199.4055619240
[ 1  1  1  1 -1  1  1  1  1  1 -1  1  1 -1  1 -1  1  1  1] [ 3  4 10 11 12 18 19 20 21 26 27 28 29 34 35 36 42 44 45] [ 2226 10104  6705  3404 15423  4203  3682  5647  9864  4587 10356  4846
 10816  7887 14509 11123  8140  4954 11090] [] 1716182199.4484713078
[ 1  1  1  1  1  1  1  1 -1  1 -1  1 -1 -1 -1  1  1  1 -1 -1] [ 3  4 10 11 12 18 19 20 21 26 27 28 29 34 35 36 42 44 45 53] [ 2199 10042  6437  3377 15374  4140  3574  5519  9882  4411 10844  4677
 10852  7942 14515 10438  6526  4782 11107 14487] [] 1716182199.4916071892
[-1  1  1  1  1 -1  1  1  1 -1 -1 -1  1  1  1  1  1 -1  1 -1 -1  1] [ 2  3  4 10 11 12 18 19 20 21 26 27 28 29 34 35 36 42 44 45 50 53] [12126  2181 10031  5371  3199 15460  4117  3392  5330  9885  4428 10884
  4161  9164  7095 14376 10320  6680  4399 11212 10272 14143] [] 1716182199.5344948769
[-1  1 -1  1 -1  1  1 -1  1  1 -1  1  1  1  1 -1  1  1  1 -1 -1 -1  1] [ 1  2  3  4 10 11 12 18 19 20 21 26 27 28 29 34 35 36 42 44 45 50 53] [15344  8815  2187 10025  5385  3081 13864  4129  3324  5322  9960  4161
 10761  3835  9164  7215 14262  9692  5846  4485 11232 10367  8710] [] 1716182199.5775265694
[-1  1  1  1  1  1 -1  1 -1  1  1  1  1  1  1  1 -1 -1  1  1  1  1  1] [ 1  2  3  4 10 11 12 18 19 20 21 26 27 28 29 34 35 36 42 44 45 50 53] [16124  8550  2111  9963  5087  2972 14094  3967  3339  4848  9943  4148
  8759  3773  8523  7105 14320  9760  5357  3932 10727 10157  8423] [] 1716182199.6204423904
[ 1  1  1  1  1  1  1  1  1 -1  1 -1  1  1 -1  1  1 -1  1  1 -1  1  1] [ 2  3  4 10 11 12 18 19 20 21 26 27 28 29 34 35 36 37 42 44 45 50 53] [ 7606  2079  9877  4959  2772 11499  3860  3230  4702 10009  3785  8833
  3552  6702  7149 14097  9691 16370  5000  3734 10904  9436  8010] [] 1716182199.6635165215
[ 1  1 -1  1  1  1  1  1 -1 -1  1  1  1  1  1 -1  1  1  1  1  1  1  1] [ 2  3  4 10 11 12 18 19 20 21 26 27 28 29 34 35 36 37 42 44 45 50 53] [ 7475  2046  9973  4542  2619 10803  3760  3177  4979 10031  3683  8373
  3449  5418  6887 14176  8273 12083  4534  3524 10848  8094  7829] [] 1716182199.7065155506
[ 1  1  1  1  1  1  1  1  1 -1  1 -1  1  1  1  1 -1  1  1  1  1  1  1] [ 2  3  4 10 11 12 18 19 20 21 26 27 28 29 34 35 36 37 42 44 45 50 53] [ 7420  2008  9639  4299  2535 10543  3625  3117  4901 10108  3623  8389
  3321  5367  5757 13860  8397 10980  4416  3491 10811  8081  7743] [] 1716182199.7495031357
[-1 -1 -1  1  1  1  1  1 -1  1  1 -1  1  1  1  1  1 -1  1  1  1  1 -1] [ 2  3  4 10 11 12 18 19 20 21 26 27 28 29 34 35 36 37 42 44 45 50 53] [ 7491  2019 10044  4147  2509 10066  3575  3097  4927 10104  3591  8516
  3230  5354  5610 12528  8111 11472  4132  3462 10797  7700  7759] [] 1716182199.7925074100
[-1  1 -1 -1  1  1  1  1  1  1  1 -1  1  1  1  1  1  1 -1  1 -1  1 -1] [ 2  3  4 10 11 12 18 19 20 21 26 27 28 29 34 35 36 37 42 44 45 50 53] [ 7601  1975 10439  4187  2482  9567  3549  3075  4755 10072  3485  8570
  3177  5314  5551 12232  7778 11299  4162  3438 10818  7664  7812] [] 1716182199.8355233669
[-1  1 -1  1 -1  1  1  1  1  1  1  1 -1  1  1 -1 -1  1 -1 -1  1 -1 -1] [ 2  3  4 10 11 12 18 19 20 21 26 27 28 29 34 35 36 37 42 44 45 50 53] [ 7610  1942 10761  4143  2525  9340  3527  3071  4523 10010  3428  8557
  3179  5305  5489 12356  7795 11245  4240  3481 10803  8223  7872] [] 1716182199.8784637451
[-1 -1  1  1  1 -1 -1 -1  1 -1 -1  1 -1 -1 -1  1 -1 -1 -1 -1  1 -1 -1] [ 2  3  4 10 11 12 18 19 20 21 26 27 28 29 34 35 36 37 42 44 45 50 53] [ 7666  1983 10398  4143  2495  9418  3548  3084  4511 10080  3430  8491
  3198  5338  5579 12344  7853 11409  4587  3559 10732  9284  8114] [] 1716182199.9214794636
[-1  1  1  1 -1 -1 -1 -1 -1 -1  1 -1  1 -1  1 -1  1  1  1 -1 -1  1 -1 -1] [ 1  2  3  4 10 11 12 18 19 20 21 26 27 28 29 34 35 36 37 42 44 45 50 53] [16378  7381  1969 10323  4239  2513  9734  3601  3143  4542  9955  3477
  8486  3295  5325  5844 12260  7848 11263  5166  3710 10678 10667 14142] [] 1716182199.9645860195
[ 1  1 -1 -1 -1 -1 -1 -1 -1  1  1 -1 -1 -1 -1 -1  1 -1  1  1  1] [ 1  2  3  4 10 11 12 18 19 20 21 26 27 28 29 34 35 36 42 44 45] [16204  7098  1999 10404  4562  2635 10470  3706  3151  4471  9921  3609
  8507  3359  6569  6271 12188  8209  5088  3571 10406] [] 1716182200.0074195862
[ 1  1 -1  1 -1 -1  1 -1  1 -1  1 -1  1  1 -1 -1 -1 -1 -1 -1 -1] [ 1  2  3  4 10 11 12 18 19 20 21 26 27 28 29 34 35 36 42 44 45] [16158  7066  2007  9983  4611  2839 10374  3775  3132  4573  9893  3902
  8373  3354  6585  6382 12428  8267  5328  4068 10677] [] 1716182200.0503697395
[ 1 -1 -1 -1 -1 -1 -1 -1 -1 -1 -1 -1  1 -1 -1 -1 -1 -1 -1 -1 -1] [ 1  2  3  4 10 11 12 18 19 20 21 26 27 28 29 34 35 36 42 44 45] [16128  7313  2041  9997  4980  2937 12488  3804  3163  4633  9914  3949
  8358  3443  8722  6725 13074  8465  7195  4520 11592] [] 1716182200.0934875011
[ 1 -1 -1  1 -1 -1 -1 -1 -1  1  1 -1 -1 -1 -1  1 -1 -1 -1 -1 -1] [ 1  2  3  4 10 11 12 18 19 20 21 26 27 28 29 34 35 36 42 44 45] [16104  8835  2081  9954  5469  3143 14964  3919  3204  4508  9746  4008
  8497  3568 10388  6692 14644 10436  7993  4993 12019] [] 1716182200.1365032196
[ 1 -1 -1  1 -1 -1 -1 -1 -1 -1 -1 -1 -1 -1  1 -1  1 -1 -1 -1  1] [ 1  2  3  4 10 11 12 18 19 20 21 26 27 28 29 34 35 36 42 44 45] [16054 11645  2097  9942  5916  3290 15712  4123  3267  4563  9765  4138
  8758  3713 10357  7428 14641 10441  8550  5483 11924] [] 1716182200.1794188023
[-1 -1 -1 -1 -1 -1 -1 -1 -1 -1 -1 -1 -1 -1 -1 -1 -1 -1 -1  1] [ 1  2  3  4 10 11 12 18 19 20 21 26 27 28 29 34 35 36 42 44] [16364 13330  2120  9951  6121  3466 15889  4124  3311  4903  9835  4355
 10748  3897 10537  7613 14643 10581  8710  5260] [] 1716182200.2224421501
[-1 -1  1 -1 -1 -1 -1 -1  1 -1  1 -1  1 -1 -1 -1 -1 -1] [ 2  3  4 10 11 18 19 20 21 26 27 28 29 34 35 36 42 44] [14286  2174  9945  7391  3679  4180  3437  5578  9729  4582 10529  4122
 10441  7786 15746 10719 10171  6762] [] 1716182200.2654824257
[-1  1 -1 -1 -1 -1 -1 -1 -1  1 -1  1 -1 -1  1 -1 -1] [ 3  4 10 11 18 19 20 21 26 27 28 29 34 35 36 42 44] [ 2197  9879  9419  3938  4630  3519  6473  9797  5129 10455  4926 10313
  7900 16002 10618 10292  6832] [] 1716182200.3083572388
[-1 -1 -1 -1 -1 -1 -1  1 -1 -1 -1 -1 -1 -1  1 -1 -1] [ 3  4 10 11 18 19 20 21 26 27 28 29 34 35 36 42 44] [ 2279  9889  9801  4139  4841  3593  6649  9788  5478 11182  5327 10315
  7982 16181 10583 11865  7627] [] 1716182200.3514714241
[-1  1 -1 -1 -1 -1 -1 -1 -1  1 -1  1 -1 -1 -1 -1 -1] [ 3  4 10 11 18 19 20 21 26 27 28 29 34 35 36 42 44] [ 2347  9821 10665  4501  5120  3646  7163  9872  6091 10425  5758 10263
  8897 16347 11402 12593  7876] [] 1716182200.3942737579
[-1 -1 -1 -1 -1 -1 -1 -1 -1 -1 -1 -1 -1 -1 -1 -1] [ 3  4 10 11 18 19 20 21 26 27 28 29 34 36 42 44] [ 2444 10151 14185  4877  6065  3805  7458  9943  7684 10471  6391 10291
 11274 11563 12718  8670] [] 1716182200.4375340939
[-1 -1 -1 -1 -1 -1 -1 -1 -1 -1 -1 -1  1 -1 -1 -1] [ 3  4 10 11 18 19 20 21 26 27 28 29 34 36 42 44] [ 2526 10197 14880  5778  6147  3930  7808 10222  7816 10824  6656 10297
 11236 11844 13251 12099] [] 1716182200.4805102348
[-1 -1 -1 -1 -1 -1 -1 -1 -1 -1 -1 -1 -1 -1] [ 3  4 11 18 19 20 21 26 27 28 29 34 36 44] [ 2671 10295  6171  6479  3983  8017 10403  7956 10849  7705 10453 11399
 12465 12183] [] 1716182200.5234405994
[-1 -1 -1 -1 -1  1 -1 -1  1 -1 -1 -1 -1] [ 3  4 11 18 19 20 21 26 27 28 29 34 44] [ 2885 10346  7497  7336  4295  7918 10463  8012 10843  9701 10749 11489
 12256] [] 1716182200.5664796829
[-1 -1  1 -1 -1 -1 -1 -1 -1 -1 -1 -1 -1] [ 3  4 11 18 19 20 21 26 27 28 29 34 44] [ 3184 10883  7491  7543  4447  8129 10627  8209 10951 10903 11057 11762
 12345] [] 1716182200.6094272137
[-1 -1 -1 -1 -1 -1 -1 -1 -1  1 -1 -1 -1] [ 3  4 11 18 19 20 21 26 27 28 29 34 44] [ 3336 10944  8535  7653  4636  9250 10742  8343 11034 10876 11208 11765
 12593] [] 1716182200.6525080204
[-1 -1 -1 -1 -1 -1 -1 -1 -1 -1 -1 -1] [ 3  4 11 18 19 20 26 27 28 29 34 44] [ 3517 11364  8622 10533  5185 10386  8743 11241 10933 11732 11892 12868] [] 1716182200.6953656673
[-1 -1 -1 -1 -1 -1 -1 -1 -1 -1  1] [ 3  4 11 18 19 20 26 27 28 34 44] [ 3654 12927  8639 10630  5403 10449  8815 11503 10957 13617 12709] [] 1716182200.7384264469
[ 1  1 -1 -1  1  1  1 -1] [ 3 11 18 19 20 26 27 28] [ 3546  8631 10682  5934 10440  8791 11460 11047] [] 1716182200.7814621925
[-1 -1 -1 -1 -1 -1 -1  1] [ 3 11 18 19 20 26 27 28] [ 3866  8677 10905  7609 10862 10564 11860 10833] [] 1716182200.8243455887
[ 1  1 -1 -1 -1  1] [ 3 11 19 20 27 28] [ 3819  8511  9237 11183 12334 10762] [] 1716182200.8673701286
[-1 -1 -1 -1 -1  1] [ 3 11 19 20 27 28] [ 3965  8569  9452 11764 12570 10683] [] 1716182200.9104650021
[-1 -1 -1 -1 -1 -1] [ 3 11 19 20 27 28] [ 4083  8587  9490 11903 15935 10735] [] 1716182200.9534451962
[-1 -1 -1 -1] [ 3 11 19 28] [ 4802  8632  9524 10955] [] 1716182200.9964499474
[-1 -1 -1 -1] [ 3 11 19 28] [ 5254  8701  9692 11396] [] 1716182201.0393922329
[ 1  1 -1 -1] [ 3 11 19 28] [ 5254  8680 15057 11519] [] 1716182201.0823621750
[-1  1] [ 3 11] [5473 8572] [] 1716182201.1253623962
[-1 -1] [ 3 11] [7429 8639] [] 1716182201.1683623791
[-1 -1] [ 3 11] [7870 8938] [] 1716182201.2114317417
[1] [11] [8669] [] 1716182201.2543866634
[-1] [11] [9138] [] 1716182201.2973854542
[-1] [11] [9549] [] 1716182201.3403811455
[-1] [11] [11188] [] 1716182201.3833456039
[-1] [11] [12497] [] 1716182201.4263348579
[-1] [11] [12705] [] 1716182201.4693100452
[-1] [11] [13943] [] 1716182201.5123932362
2 2 2 1716182201.7275402546
