FA TAX ADC PRES TS
[1] [11] [14037] [] 1716183576.4438278675
[1] [11] [11793] [] 1716183576.4868278503
[1] [11] [11262] [] 1716183576.5297396183
[1] [11] [10755] [] 1716183576.5727577209
[-1 -1] [11 28] [11037 13325] [] 1716183576.6157486439
[1 1] [11 28] [10286 12173] [] 1716183576.6588129997
[1 1] [11 28] [ 9446 11080] [] 1716183576.7017388344
[1 1] [11 28] [ 9107 10992] [] 1716183576.7448616028
[1 1] [11 28] [ 9003 10809] [] 1716183576.7877545357
[-1 -1 -1 -1 -1 -1] [ 3 11 19 20 28 29] [10513  9608 11708 15886 11299 14143] [] 1716183576.8307435513
[ 1  1  1  1 -1 -1  1] [ 3 11 19 20 21 28 29] [ 9783  9535 10647 14490 12898 11579 12408] [] 1716183576.8738582134
[1 1 1 1 1 1 1] [ 3 11 19 20 21 28 29] [ 9445  9371 10246 13723 11859 11509 11983] [] 1716183576.9168450832
[ 1  1  1  1  1 -1  1  1] [ 3 11 19 20 21 27 28 29] [ 8881  9326  9490 13245 11275 14119 11430 11673] [] 1716183576.9598588943
[ 1  1  1  1  1  1 -1  1] [ 3 11 19 20 21 27 28 29] [ 8801  9211  8177 12710 11186 11473 11609 11472] [] 1716183577.0028922558
[ 1  1  1  1  1  1  1  1 -1] [ 3 11 19 20 21 27 28 29 44] [ 6312  9105  7474 12121 11111 10389 11414 11003 13675] [] 1716183577.0457677841
[1 1 1 1 1 1 1 1 1] [ 3 11 19 20 21 27 28 29 44] [ 6097  9017  6302 11885 10764  9256 11306 10967 13004] [] 1716183577.0887317657
[ 1  1  1  1  1 -1  1  1  1  1] [ 3 11 19 20 21 26 27 28 29 44] [ 5965  8993  6000 11502 10533 11223  8683 11193 10667 12945] [] 1716183577.1317577362
[ 1  1  1  1 -1  1  1  1 -1  1] [ 3 11 19 20 21 26 27 28 29 44] [ 5683  8925  5756 11293 10701 11008  8618 10987 10724 11379] [] 1716183577.1747374535
[ 1  1  1  1  1  1  1  1  1 -1  1] [ 3 11 19 20 21 26 27 28 29 34 44] [ 5300  8845  5114 11088 10432 10594  8587 10869 10653 15077 10923] [] 1716183577.2177419662
[ 1 -1 -1  1  1  1  1  1  1  1  1 -1  1] [ 3 11 18 19 20 21 26 27 28 29 34 36 44] [ 5165  8899 13982  4921 10485 10199 10367  8374 10869 10628 11958 15008
 10093] [] 1716183577.2608454227
[ 1  1  1  1  1 -1  1  1  1  1  1  1  1 -1] [ 3 11 18 19 20 21 26 27 28 29 34 36 44 45] [ 5080  8846 11406  4664 10248 10207 10200  8300  8449 10397 11836 12739
  8986 11931] [] 1716183577.3037743568
[ 1 -1  1  1  1  1 -1  1  1  1 -1  1  1 -1  1  1] [ 3 10 11 18 19 20 21 26 27 28 29 34 36 42 44 45] [ 5034 13299  8777 10849  4448 10116 10418 10126  8142  7964 10556 11529
 12115 12627  7673 11464] [] 1716183577.3468635082
[ 1  1  1  1  1  1  1 -1 -1  1  1  1  1 -1  1  1  1] [ 3 10 11 18 19 20 21 26 27 28 29 34 36 37 42 44 45] [ 4699 13254  8675 10415  4296  9966 10362 10240  8185  7261 10477  9067
 11903 16328 12145  6798  6949] [] 1716183577.3897490501
[ 1  1  1  1  1  1  1  1 -1  1  1  1 -1  1  1  1  1  1] [ 3 10 11 18 19 20 21 26 27 28 29 34 35 36 37 42 44 45] [ 4207 10698  7730 10236  4155  8643 10312  8395  8271  6780 10420  8994
 15572 11495 13893  8996  6272  6603] [] 1716183577.4327628613
[ 1  1  1  1  1  1  1  1  1  1  1  1  1  1  1  1  1 -1 -1] [ 3 10 11 18 19 20 21 26 27 28 29 34 35 36 37 42 44 45 53] [ 4095  9310  7525 10108  4062  8063 10231  8253  8076  6157  7643  8957
 14142 11161 13353  8411  6142  6646 15618] [] 1716183577.4757759571
[ 1  1  1  1  1  1 -1  1  1  1  1  1 -1 -1  1  1  1  1  1] [ 3 10 11 18 19 20 21 26 27 28 29 34 35 36 37 42 44 45 53] [ 4035  8838  7403  8700  3942  7396 10246  8135  7975  5587  7390  8716
 14366 11332 12195  7957  5281  6559 12692] [] 1716183577.5187659264
[ 1  1  1  1  1  1 -1  1  1  1  1  1  1  1  1  1  1  1  1] [ 3 10 11 18 19 20 21 26 27 28 29 34 35 36 37 42 44 45 53] [ 3991  8642  7050  6411  3826  6960 10334  8126  7868  5219  7294  8683
 14270 10591 11920  7845  4699  6466 10915] [] 1716183577.5617380142
[1 1 1 1 1 1 1 1 1 1 1 1 1 1 1 1 1 1 1] [ 3 10 11 18 19 20 21 26 27 28 29 34 35 36 37 42 44 45 53] [ 3787  7625  6473  5178  3763  6862 10302  7960  7629  4796  7091  7411
 13906  9446 11857  7058  4508  6312  7484] [] 1716183577.6048436165
[ 1  1  1  1  1  1  1  1  1  1  1 -1  1  1  1  1  1 -1 -1  1] [ 3 10 11 18 19 20 21 26 27 28 29 34 35 36 37 42 44 45 46 53] [ 3668  7549  5584  4638  3693  6676 10281  7908  6550  4527  6882  7442
 13285  9019 11854  6826  4196  6354 10938  6424] [] 1716183577.6477715969
[ 1  1  1  1  1  1  1  1  1  1  1  1  1  1 -1  1  1  1  1  1] [ 3 10 11 18 19 20 21 26 27 28 29 34 35 36 37 42 44 45 46 53] [ 3579  7111  4960  4249  3544  6669 10158  7750  6293  4129  5574  7316
 12801  8654 12026  6521  3935  6279 10768  6260] [] 1716183577.6908314228
[ 1  1  1  1  1  1 -1  1  1  1  1  1  1  1 -1  1  1  1  1  1 -1] [ 3 10 11 18 19 20 21 26 27 28 29 34 35 36 37 42 44 45 46 53 61] [ 3321  7111  4863  4186  3481  6663 10240  7676  6257  3986  5498  7287
 12628  8574 12115  5747  3746  6262 10570  5558  7665] [] 1716183577.7337279320
[ 1  1  1  1  1  1  1  1  1  1  1 -1  1  1 -1 -1  1  1 -1  1  1  1] [ 3 10 11 18 19 20 21 26 27 28 29 34 35 36 37 38 42 44 45 46 53 61] [ 3175  6966  4474  3995  3389  6598 10094  7117  6214  3575  5346  7339
 12270  8094 12494 11732  5174  3596  6327 10567  5422  6903] [] 1716183577.7767722607
[-1  1  1  1  1  1  1  1  1  1  1 -1  1 -1  1 -1  1  1 -1  1  1 -1  1  1] [ 1  3 10 11 18 19 20 21 26 27 28 29 34 35 36 37 38 42 44 45 46 51 53 61] [16090  2991  6461  4133  3720  3317  6457 10007  6291  6141  3344  5353
  7275 12327  7197 12581 10565  4926  3626  6199  8925 11466  5193  6891] [] 1716183577.8197700977
[-1  1  1  1  1  1 -1 -1  1  1  1  1  1  1  1 -1  1  1  1  1 -1 -1  1 -1
  1 -1 -1] [ 1  3 10 11 18 19 20 21 26 27 28 29 34 35 36 37 38 42 44 45 46 50 51 52
 53 54 61] [16095  2810  5817  3958  3500  3281  6469 10080  5181  6136  3248  5312
  6654 11818  6927 13100 10193  4862  3618  6193  9737 13992 11224 13167
  5009 13232  6899] [] 1716183577.8627872467
[ 1  1  1  1  1  1  1  1  1  1  1 -1  1  1  1 -1  1  1  1 -1  1  1  1  1
  1  1 -1] [ 1  3 10 11 18 19 20 21 26 27 28 29 34 35 36 37 38 42 44 45 46 50 51 52
 53 54 61] [16079  2695  5530  3697  3392  3232  6463 10052  4863  6077  3132  5334
  6603 11786  6196 13460 10046  4579  3519  6247  8876  8754 10839 12751
  4957 12800  6904] [] 1716183577.9057962894
[ 1  1  1  1  1  1  1 -1  1  1  1  1  1 -1  1  1  1 -1  1  1  1  1 -1  1
  1  1  1  1  1] [ 1  3 10 11 18 19 20 21 26 27 28 29 34 35 36 37 38 41 42 44 45 46 47 50
 51 52 53 54 61] [15806  2597  4860  3594  3143  3119  6393 10090  4140  5982  3042  5093
  6066 11815  6061 13059  9802 12507  4090  3406  5674  8254 13227  8708
 10651 11055  4842 12664  6715] [] 1716183577.9490888119
[-1  1  1  1  1  1  1 -1  1 -1  1  1  1 -1  1  1  1  1  1  1  1  1 -1 -1
  1  1  1  1  1] [ 2  3 10 11 18 19 20 21 26 27 28 29 34 35 36 37 38 41 42 44 45 46 47 50
 51 52 53 54 61] [12014  2583  4258  3177  3085  3070  6302 10175  3927  5983  2948  5042
  5996 12066  5660 11933  9750 12163  3795  3150  5625  7551 13931  8838
 10646 10389  4688  9276  6615] [] 1716183577.9918870926
[-1  1  1  1  1 -1  1 -1  1  1  1  1  1  1  1  1 -1  1  1  1  1  1  1  1
  1  1 -1  1 -1] [ 2  3 10 11 18 19 20 21 26 27 28 29 34 35 36 37 38 41 42 44 45 46 47 50
 51 52 53 54 61] [12310  2457  4050  3039  3055  3086  5766 10197  3835  5579  2813  5035
  5898  9287  5084 11866  9763 12153  3587  3090  5609  7272  7653  8689
 10536 10070  4765  7796  6619] [] 1716183578.0348925591
[ 1  1  1  1  1  1 -1 -1  1  1  1  1  1  1  1  1 -1  1  1  1  1  1  1  1
  1  1  1  1  1] [ 2  3 10 11 18 19 20 21 26 27 28 29 34 35 36 37 38 41 42 44 45 46 47 50
 51 52 53 54 61] [ 9684  2418  3929  2845  2975  3026  5787 10241  3691  5498  2760  5033
  5659  8704  4955 11040  9820 12101  3436  3006  5548  6222  5784  8057
 10512 10022  4238  6403  6533] [] 1716183578.0779678822
[-1  1  1  1  1 -1  1  1  1  1  1  1  1 -1 -1 -1  1 -1 -1 -1  1 -1  1  1
  1  1  1  1  1  1  1  1] [ 1  2  3 10 11 12 18 19 20 21 26 27 28 29 34 35 36 37 38 41 42 43 44 45
 46 47 50 51 52 53 54 61] [14675  8755  2367  3816  2687 12904  2915  3003  5644 10200  3519  5174
  2608  5053  5709  9031  4771 12385  9892 12455  3232 14222  2936  4946
  5523  4983  7495 10464  8977  4026  6199  6463] [] 1716183578.1209712029
[-1  1  1  1  1  1 -1  1  1  1 -1  1  1  1  1  1 -1  1 -1  1  1  1  1  1
  1  1  1  1  1  1  1  1  1] [ 1  2  3 10 11 12 15 18 19 20 21 26 27 28 29 34 35 36 37 38 41 42 43 44
 45 46 47 50 51 52 53 54 61] [16144  8520  2280  3616  2520 12603 14461  2826  2882  5574 10270  3263
  5051  2483  4953  5307  9183  4468 12592  9862 12338  3115 14189  2919
  4814  5495  4744  7029 10316  7828  4016  6140  6453] [] 1716183578.1641421318
[ 1  1  1  1  1 -1  1  1  1  1  1 -1  1  1 -1  1  1  1  1  1 -1 -1  1  1
  1  1  1  1  1  1 -1  1  1] [ 1  2  3 10 11 12 15 18 19 20 21 26 27 28 29 34 35 36 37 38 41 42 43 44
 45 46 47 50 51 52 53 54 61] [15215  8494  2210  3520  2425 12678 14263  2815  2852  5142 10223  3271
  4979  2430  4954  4725  9151  4386 12378  9832 12453  3125 13411  2880
  4639  5348  4600  6867 10224  7780  4052  6094  6443] [] 1716183578.2070627213
[ 1  1  1 -1  1  1  1  1  1  1 -1  1 -1  1  1  1  1  1  1 -1  1  1 -1  1
  1  1 -1  1 -1  1  1  1  1] [ 1  2  3 10 11 12 15 18 19 20 21 26 27 28 29 34 35 36 37 38 41 42 43 44
 45 46 47 50 51 52 53 54 61] [14782  8159  2194  3570  2401 11996 14207  2753  2837  4963 10352  3263
  4987  2413  4919  4633  9133  4186 12326  9853 12415  3080 13477  2843
  4621  5333  4655  6856 10298  7744  3981  6045  6396] [] 1716183578.2502410412
[ 1  1  1  1  1  1  1  1 -1  1  1  1  1  1 -1 -1  1  1  1  1 -1  1 -1  1
  1 -1  1 -1 -1 -1  1  1  1] [ 1  2  3 10 11 12 15 18 19 20 21 26 27 28 29 34 35 36 37 38 41 42 43 44
 45 46 47 50 51 52 53 54 61] [14480  8091  2190  3512  2387 11996 14187  2731  2878  4753 10262  3263
  4947  2390  4947  4671  8510  4129 12192  9811 12484  3074 13577  2816
  4603  5382  4611  6906 10360  7760  3937  5995  6364] [] 1716183578.2928731441
[-1  1  1  1 -1  1  1  1  1  1  1  1 -1  1  1  1  1  1  1 -1  1 -1  1  1
 -1  1 -1 -1  1 -1 -1 -1 -1] [ 1  2  3 10 11 12 15 18 19 20 21 26 27 28 29 34 35 36 37 38 41 42 43 44
 45 46 47 50 51 52 53 54 61] [14616  7990  2175  3488  2403 11858 14166  2711  2850  4701 10213  3222
  4961  2376  4890  4671  8491  4094 12064  9828 12462  3113 13493  2810
  4625  5371  4739  6925 10338  7773  3967  6071  6481] [] 1716183578.3358383179
[ 1 -1 -1 -1 -1 -1 -1 -1  1 -1  1 -1  1 -1  1  1 -1 -1 -1 -1  1 -1  1 -1
 -1 -1 -1 -1 -1 -1 -1 -1 -1] [ 1  2  3 10 11 12 15 18 19 20 21 26 27 28 29 34 35 36 37 38 41 42 43 44
 45 46 47 50 51 52 53 54 61] [14470  8026  2198  3520  2479 11919 14191  2733  2818  4719 10177  3225
  4954  2448  4879  4636  8533  4177 12186  9834 12336  3371 13029  3034
  5151  5587  5745  7831 10347  8231  4069  7061  6573] [] 1716183578.3788352013
[-1 -1 -1 -1 -1 -1 -1 -1 -1  1  1 -1 -1 -1 -1 -1 -1 -1 -1  1  1 -1  1 -1
 -1 -1 -1 -1 -1 -1  1 -1  1] [ 1  2  3 10 11 12 15 18 19 20 21 26 27 28 29 34 35 36 37 38 41 42 43 44
 45 46 47 50 51 52 53 54 61] [14625  8116  2266  3584  2559 12692 14727  2755  2835  4669 10145  3275
  4975  2463  4923  4798  8549  4289 12346  9775 12102  3412 12946  3120
  5161  6780 10507  8241 10393  8895  4060  7159  6522] [] 1716183578.4218308926
[-1 -1 -1  1 -1 -1 -1 -1  1  1 -1 -1 -1 -1 -1  1 -1  1  1 -1 -1  1 -1 -1
 -1 -1 -1 -1 -1 -1 -1] [ 1  2  3 10 11 12 18 19 20 21 26 27 28 29 34 35 36 37 38 41 42 43 44 45
 46 50 51 52 53 54 61] [14771  8153  2293  3577  2677 12770  2777  2859  4611 10070  3317  4984
  2543  4932  5023  8411  4468 12182  9768 12191  3676 12731  3174  5447
  6907  8902 10602 10194  4300 12660  6555] [] 1716183578.4648427963
[-1 -1 -1 -1 -1 -1 -1  1  1 -1  1 -1  1 -1 -1 -1 -1 -1 -1 -1 -1 -1 -1 -1
 -1 -1  1 -1 -1 -1] [ 1  2  3 10 11 18 19 20 21 26 27 28 29 34 35 36 37 38 41 42 43 44 45 46
 50 51 52 53 54 61] [15658 12251  2319  3580  2906  2871  2887  4573 10062  3599  4983  2588
  4926  5414  8952  4716 12274  9773 12476  3992 12999  3312  5880  8163
 14518 10715 10155  4449 14272  6728] [] 1716183578.5077784061
[ 1 -1 -1 -1 -1 -1 -1  1  1 -1 -1  1 -1 -1 -1 -1 -1  1  1 -1 -1 -1  1  1
 -1 -1 -1] [ 1  2  3 10 11 18 19 20 21 23 26 27 28 29 34 35 36 37 38 42 44 45 46 51
 52 53 61] [15630 13723  2379  3610  3115  2885  2951  4565  9978 16151  3771  4913
  2718  5238  6125  9005  4890 12272  9767  4170  3315  5974  8075 10699
 10660  4813  6733] [] 1716183578.5507805347
[-1 -1 -1 -1 -1 -1  1 -1  1  1 -1 -1 -1  1 -1 -1 -1 -1 -1 -1 -1 -1 -1 -1
 -1 -1 -1] [ 1  2  3 10 11 18 19 20 21 23 26 27 28 29 34 35 36 37 38 42 44 45 46 51
 52 53 61] [15730 13726  2499  4330  3471  2964  2923  4877  9958 15226  3823  4957
  2773  5227  6407 10003  5178 12277  9853  4608  3366  5999  8246 10920
 11289  5068  6937] [] 1716183578.5937769413
[ 1 -1 -1 -1 -1 -1 -1  1 -1 -1 -1 -1 -1 -1 -1 -1 -1 -1 -1  1  1 -1 -1  1] [ 1  3 10 11 18 19 20 21 23 26 27 28 29 34 35 36 37 38 42 44 45 46 52 53] [15432  2571  4698  3530  3088  2999  4949  9930 15573  4291  5174  2860
  5251  6445 12459  5444 12460  9863  4688  3222  5950  8383 13661  5017] [] 1716183578.6367456913
[ 1 -1 -1 -1 -1 -1 -1 -1  1 -1 -1 -1  1 -1 -1 -1 -1 -1 -1 -1 -1 -1] [ 1  3 10 11 18 19 20 21 23 26 27 28 29 34 35 36 37 42 44 45 46 53] [15241  2604  5459  3663  3247  3009  5211 10062 14049  5604  5212  2999
  5237  6454 13460  5956 12587  5591  3470  6037 10743  5942] [] 1716183578.6797456741
[ 1 -1 -1 -1 -1 -1 -1  1  1 -1 -1 -1  1 -1  1 -1  1 -1 -1 -1 -1 -1] [ 1  3 10 11 18 19 20 21 23 26 27 28 29 34 35 36 37 42 44 45 46 53] [14971  2859  6127  3997  3628  3080  5969  9925 13701  6403  5303  3105
  5220  7067 13147  6503 11517  5946  3573  6153 11123  6170] [] 1716183578.7227580547
[-1 -1 -1 -1 -1 -1 -1  1 -1 -1 -1 -1 -1 -1  1 -1 -1 -1 -1 -1 -1] [ 1  3 10 11 18 19 20 21 23 26 27 28 29 34 35 36 37 42 44 45 53] [16252  3113  6259  4417  3766  3115  6098  9866 13913  7495  5374  3223
  5257  7177 13147  6646 12135  6503  3862  6164  8417] [] 1716183578.7657277584
[-1 -1 -1 -1 -1 -1 -1  1 -1 -1 -1 -1 -1 -1 -1 -1 -1 -1 -1 -1 -1] [ 1  3 10 11 18 19 20 21 23 26 27 28 29 34 35 36 37 42 44 45 53] [16276  3253  6405  5019  4131  3322  6159  9866 16216  7673  6094  3565
  6711  7368 13275  7701 12365  7186  3985  6168 14022] [] 1716183578.8087496758
[-1 -1 -1 -1 -1 -1 -1 -1 -1 -1 -1 -1 -1 -1  1 -1 -1 -1] [ 3 10 11 18 19 20 21 26 27 28 29 34 35 36 37 42 44 45] [ 3435  6755  5148  4268  3346  6423  9880  7733  6170  3831  6755  7439
 13368  8076 12207  8919  4440  6185] [] 1716183578.8516767025
[-1 -1 -1 -1 -1 -1 -1 -1 -1 -1 -1 -1 -1 -1  1 -1 -1 -1] [ 3 10 11 18 19 20 21 26 27 28 29 34 35 36 37 42 44 45] [ 3723  7410  5675  5787  3547  6503  9893  8009  7537  4162  6850  8475
 13660  8878 11778 12731  5093  6423] [] 1716183578.8947355747
[-1 -1 -1 -1 -1 -1 -1  1  1 -1 -1 -1  1 -1 -1 -1 -1] [ 3 10 11 18 19 20 21 26 27 28 29 34 35 36 37 44 45] [ 3866  7651  6831  5918  3631  6634  9985  7993  7364  4465  6908  8633
 13616  9255 11830  5980  8728] [] 1716183578.9376864433
[-1 -1 -1 -1 -1 -1 -1 -1 -1 -1 -1  1 -1 -1 -1 -1 -1] [ 3 10 11 18 19 20 21 26 27 28 29 34 35 36 37 44 45] [ 3975  8189  7331  8248  3651  7259 10049  8130  7605  4863  7103  8604
 13653 10739 12168  6630 11691] [] 1716183578.9806842804
[ 1 -1 -1 -1 -1 -1 -1 -1 -1 -1 -1 -1 -1 -1 -1 -1] [ 3 10 11 18 19 20 21 26 27 28 29 34 35 36 37 44] [ 3943  8933  7403  9630  3767  7619 10079  8915  7663  5380  7167  8913
 13942 12041 13055  6958] [] 1716183579.0236618519
[-1 -1 -1 -1 -1 -1  1 -1 -1 -1 -1 -1 -1 -1 -1] [ 3 10 11 18 19 20 21 26 27 28 29 34 35 36 44] [ 4019 12893  7427  9872  3902  7790 10011 10012  7853  6407  7199  9033
 14552 12489  8671] [] 1716183579.0667130947
[-1 -1 -1 -1 -1 -1 -1 -1 -1 -1 -1 -1 -1 -1] [ 3 10 11 18 19 20 21 26 27 28 29 34 36 44] [ 4145 13208  7489 10528  4207  9677 10127 10057  7951  7738 10219 11596
 12692 10229] [] 1716183579.1096472740
[-1  1 -1 -1 -1 -1 -1  1 -1 -1 -1 -1] [ 3 11 18 19 20 21 26 27 28 29 36 44] [ 4955  7440 10659  4225  9874 10216 10138  7929  8554 10403 13205 12239] [] 1716183579.1526389122
[-1 -1 -1 -1 -1 -1 -1  1 -1 -1 -1] [ 3 11 18 19 20 21 26 27 28 29 44] [ 5055  8549 11630  4541 10202 10310 10496  7883 10588 10423 12725] [] 1716183579.1956532001
[-1 -1 -1 -1 -1 -1 -1 -1] [ 3 11 19 20 21 27 28 29] [ 5119  8574  4732 10637 10566  8202 10802 10433] [] 1716183579.2386481762
[-1 -1 -1 -1  1 -1 -1 -1] [ 3 11 19 20 21 27 28 29] [ 5759  8617  5514 10744 10517  8341 10834 10766] [] 1716183579.2816376686
[-1 -1 -1 -1 -1 -1 -1 -1] [ 3 11 19 20 21 27 28 29] [ 6040  8845  6216 11641 10806  8796 10961 11160] [] 1716183579.3246161938
[-1  1 -1 -1 -1 -1 -1 -1] [ 3 11 19 20 21 27 28 29] [ 8501  8841  7673 11891 10871 10583 11119 11397] [] 1716183579.3676142693
[-1 -1 -1 -1 -1 -1 -1 -1] [ 3 11 19 20 21 27 28 29] [ 8782  9051  9307 12874 11123 14506 11209 13427] [] 1716183579.4106636047
[ 1 -1 -1  1] [11 19 21 28] [ 9018  9919 11257 11016] [] 1716183579.4535994530
[-1 -1 -1] [11 19 28] [ 9071 13070 11022] [] 1716183579.4965894222
[-1 -1 -1] [11 19 28] [10035 13083 11984] [] 1716183579.5396111012
[-1 -1] [11 28] [11199 13183] [] 1716183579.5826072693
[1] [11] [10303] [] 1716183579.6256718636
[-1] [11] [12093] [] 1716183579.6685197353
[-1] [11] [12772] [] 1716183579.7115187645
[-1] [11] [12852] [] 1716183579.7545213699
2 2 2 1716183579.7977166176
