FA TAX ADC PRES TS
[-1 -1] [11 28] [12575 13404] [] 1716183581.4256420135
[1 1] [11 28] [11019 12487] [] 1716183581.4685850143
[1 1] [11 28] [10105 11599] [] 1716183581.5115821362
[1 1] [11 28] [ 9695 11356] [] 1716183581.5546970367
[1 1] [11 28] [ 9242 10947] [] 1716183581.5974256992
[1 1] [11 28] [ 9095 10812] [] 1716183581.6402606964
[1 1] [11 28] [ 8964 10615] [] 1716183581.6836123466
[1 1] [11 28] [ 8806 10590] [] 1716183581.7266089916
[-1 -1 -1 -1 -1] [11 19 20 21 28] [ 8981 12825 14392 11840 11052] [] 1716183581.7695868015
[-1  1  1  1 -1 -1] [11 19 20 21 28 29] [ 9088 12009 13705 11647 11233 12409] [] 1716183581.8125147820
[-1 -1  1 -1  1  1  1] [ 3 11 19 20 21 28 29] [ 9166  9126 11392 13714 11322 11174 12213] [] 1716183581.8556525707
[ 1 -1  1  1  1 -1  1] [ 3 11 19 20 21 28 29] [ 8206  9157 10242 12365 11188 11366 11567] [] 1716183581.8986322880
[1 1 1 1 1 1 1] [ 3 11 19 20 21 28 29] [ 6690  8909  9745 11984 10891 11176 11494] [] 1716183581.9415831566
[ 1 -1  1  1  1 -1 -1  1 -1] [ 3 11 19 20 21 27 28 29 44] [ 5995  8960  9259 11638 10744 12766 11191 11185 14267] [] 1716183581.9846422672
[1 1 1 1 1 1 1 1 1] [ 3 11 19 20 21 27 28 29 44] [ 5929  8902  7635 11554 10664 12655 10966 11001 13629] [] 1716183582.0276234150
[ 1 -1  1  1  1 -1  1  1  1  1] [ 3 11 19 20 21 26 27 28 29 44] [ 5763  8911  7383 11399 10436 11631 12503 10885 10728 13211] [] 1716183582.0705935955
[ 1  1  1  1 -1  1 -1 -1 -1 -1  1] [ 3 11 19 20 21 26 27 28 29 36 44] [ 5593  8847  6721 11349 10510 10987 12523 11091 10886 14483 12957] [] 1716183582.1135625839
[ 1 -1  1  1  1  1 -1 -1  1 -1  1  1] [ 3 11 19 20 21 26 27 28 29 34 36 44] [ 5434  8957  6304 11246 10410 10906 12572 11146 10789 14057 14191 12557] [] 1716183582.1565995216
[1 1 1 1 1 1 1 1 1 1 1 1] [ 3 11 19 20 21 26 27 28 29 34 36 44] [ 5198  8939  5757 10751 10053  8909 12315  9962 10483 11700 13639 12524] [] 1716183582.1995849609
[-1 -1  1 -1  1  1 -1 -1 -1  1 -1  1  1 -1  1] [ 3 10 11 18 19 20 21 26 27 28 29 34 36 42 44] [ 5223 13975  8925 14457  5359 10677 10097  8936 12397  9642 10502  9194
 12871 14933 11644] [] 1716183582.2426538467
[ 1  1 -1  1  1 -1  1  1  1  1  1  1 -1  1  1 -1] [ 3 10 11 18 19 20 21 26 27 28 29 34 36 42 44 45] [ 4976 13840  8962 11322  5110 10721 10063  8925 12269  9425 10274  9162
 12897 10919 10731 12485] [] 1716183582.2855954170
[ 1  1  1  1  1  1 -1  1  1  1 -1  1 -1  1  1 -1] [ 3 10 11 18 19 20 21 26 27 28 29 34 36 42 44 45] [ 4323 12816  8840 10857  4687  8604 10084  8568 12185  8473 10320  9073
 13095  9906  7463 12894] [] 1716183582.3286371231
[ 1  1  1  1  1  1  1  1  1  1 -1  1 -1  1  1  1] [ 3 10 11 18 19 20 21 26 27 28 29 34 36 42 44 45] [ 4227 11498  8828 10677  4506  7870 10007  8411  9882  7415 10542  8945
 13114  7280  6522 11840] [] 1716183582.3714928627
[ 1  1  1  1  1  1  1  1  1  1 -1  1  1  1  1  1] [ 3 10 11 18 19 20 21 26 27 28 29 34 36 42 44 45] [ 4212 11408  8759 10368  4418  7386  9964  8213  9718  6660 10593  8860
 11340  6956  5915 11329] [] 1716183582.4145810604
[ 1  1  1  1  1  1  1  1  1  1  1  1 -1 -1 -1  1  1  1] [ 3 10 11 18 19 20 21 26 27 28 29 34 35 36 37 42 44 45] [ 4080 11304  8691 10184  4216  7004  9946  8068  9524  6061 10267  8684
 14382 11571 16333  6047  5194 10720] [] 1716183582.4576296806
[ 1  1  1  1  1 -1 -1 -1 -1  1  1  1  1  1  1  1  1  1 -1] [ 3 10 11 18 19 20 21 26 27 28 29 34 35 36 37 42 44 45 53] [ 4045 10312  7657  8069  4140  7070  9963  8120  9732  5747 10139  8565
 12875  8743 13378  5058  4597  7525 14553] [] 1716183582.5005090237
[1 1 1 1 1 1 1 1 1 1 1 1 1 1 1 1 1 1 1] [ 3 10 11 18 19 20 21 26 27 28 29 34 35 36 37 42 44 45 53] [ 3799  9622  6660  5993  4053  6982  9950  7927  8107  4988  7221  7651
 12669  7524 12940  4632  4437  7493 11929] [] 1716183582.5435471535
[ 1  1  1  1  1  1  1  1  1  1  1  1 -1  1  1  1  1 -1 -1  1] [ 3 10 11 18 19 20 21 26 27 28 29 34 35 36 37 42 44 45 46 53] [ 3642  8947  5772  5604  3926  6636  9825  7865  7736  4727  7177  7551
 13099  7284 12219  4304  4412  7674 11142  9155] [] 1716183582.5865769386
[ 1  1  1  1  1  1 -1  1  1  1  1  1  1  1  1  1  1  1  1  1] [ 3 10 11 18 19 20 21 26 27 28 29 34 35 36 37 42 44 45 46 53] [ 3472  8316  4919  5465  3782  6417  9939  7777  7640  4101  7170  7500
 12746  7274 12005  4007  4276  7619 10851  7060] [] 1716183582.6295998096
[ 1  1  1  1  1  1 -1  1  1  1  1 -1 -1  1  1  1  1  1  1  1] [ 3 10 11 18 19 20 21 26 27 28 29 34 35 36 37 42 44 45 46 53] [ 3332  7923  4587  4571  3718  6291  9994  6854  7313  3707  7141  7601
 12798  6507 11932  3870  4066  6683 10615  6847] [] 1716183582.6726336479
[ 1  1  1  1  1  1  1 -1  1  1  1  1  1 -1  1 -1  1  1  1  1 -1] [ 3 10 11 18 19 20 21 23 26 27 28 29 34 35 36 37 42 44 45 46 53] [ 3302  7173  4432  4539  3655  6173  9941 15551  6775  7217  3541  7094
  7107 13283  5825 11964  3803  3938  6379 10600  6879] [] 1716183582.7155399323
[ 1  1  1  1  1  1 -1  1  1 -1  1  1  1 -1  1  1  1  1  1  1 -1  1] [ 3 10 11 18 19 20 21 23 26 27 28 29 34 35 36 37 42 44 45 46 51 53] [ 3241  6512  4107  4373  3599  5685  9962 15524  5806  7402  3369  5239
  7008 13438  5660 11799  3630  3726  6154  8234 12891  5837] [] 1716183582.7586092949
[1 1 1 1 1 1 1 1 1 1 1 1 1 1 1 1 1 1 1 1 1 1] [ 3 10 11 18 19 20 21 23 26 27 28 29 34 35 36 37 42 44 45 46 51 53] [ 3095  6149  3833  4349  3525  5565  9922 14532  5393  7175  3186  5048
  6991 12154  5463 10753  3455  3642  5775  7993 11353  5494] [] 1716183582.8015518188
[ 1  1  1  1  1  1  1  1  1 -1  1  1  1  1  1  1  1  1  1 -1  1  1] [ 3 10 11 18 19 20 21 23 26 27 28 29 34 35 36 37 42 44 45 46 51 53] [ 2855  6011  3586  4221  3466  5454  9822 13844  5241  7282  3086  4748
  6986 11867  5134 10163  3292  3484  5623  8015 10999  4975] [] 1716183582.8446652889
[ 1  1  1  1 -1  1  1  1  1  1  1  1  1  1  1 -1 -1  1 -1 -1 -1  1 -1 -1
 -1 -1] [ 3 10 11 18 19 20 21 23 26 27 28 29 34 35 36 37 42 44 45 46 50 51 52 53
 54 61] [ 2735  5399  3174  4039  3475  5386  9816 13517  4799  7278  3050  4721
  6795 11342  4734 10165  3374  3379  5715  8700 14001 10811 13359  5299
 12388  7010] [] 1716183582.8875694275
[-1  1  1  1  1  1 -1  1 -1  1  1  1 -1  1  1  1  1  1  1  1  1  1  1  1
  1 -1  1] [ 2  3 10 11 18 19 20 21 23 26 27 28 29 34 35 36 37 42 44 45 46 50 51 52
 53 54 61] [14604  2638  5074  2971  3985  3378  5415  8306 13552  4023  7100  2967
  4779  6506  9825  4452  9980  3246  3259  5527  8155  8885 10668 12319
  4955 12422  6788] [] 1716183582.9305963516
[ 1 -1  1  1  1  1  1 -1  1  1  1  1  1  1  1  1 -1  1  1  1  1 -1  1  1
  1 -1  1 -1] [ 2  3 10 11 18 19 20 21 23 26 27 28 29 34 35 36 37 42 44 45 46 47 50 51
 52 53 54 61] [ 9857  2667  4910  2927  3919  3325  5165  8344 13440  3959  7082  2860
  4713  5614  9582  3954 10007  3137  3165  5514  7026 13972  8868 10596
 12055  5065 12380  6796] [] 1716183582.9735913277
[ 1  1  1  1  1  1  1  1  1  1 -1  1  1  1  1  1 -1  1  1  1  1  1  1  1
  1  1  1  1] [ 2  3 10 11 18 19 20 21 23 26 27 28 29 34 35 36 37 42 44 45 46 47 50 51
 52 53 54 61] [ 9613  2553  4503  2815  3849  3283  4738  8343 13309  3891  7158  2797
  4666  5256  8732  3820 10253  2905  3107  5227  6323  6861  8713  8466
 11061  5058  9732  6658] [] 1716183583.0165982246
[ 1  1  1  1  1  1 -1 -1 -1  1  1  1  1  1  1  1 -1 -1  1  1 -1  1  1  1
  1  1  1  1  1] [ 2  3 10 11 18 19 20 21 23 26 27 28 29 34 35 36 37 38 42 44 45 46 47 50
 51 52 53 54 61] [ 8872  2399  4347  2620  3735  3268  4754  8466 13345  3759  6596  2560
  4627  4922  8260  3482 10395 10885  2848  3026  5405  5839  5909  6996
  8339 10832  4598  8264  6633] [] 1716183583.0596008301
[-1 -1 -1  1  1  1  1  1  1 -1  1  1  1 -1  1  1  1  1  1 -1  1  1  1  1
  1  1  1  1  1  1  1] [ 2  3  4 10 11 18 19 20 21 23 26 27 28 29 34 35 36 37 38 41 42 44 45 46
 47 50 51 52 53 54 61] [ 8947  2445 12786  4037  2523  3647  3148  4746  8449 13477  3679  6501
  2500  4703  4532  7514  3365 10213 10608 15223  2820  2938  5107  5797
  5260  6838  8304 10655  4438  7875  6567] [] 1716183583.1025865078
[ 1  1  1  1  1 -1  1  1  1 -1 -1  1  1  1  1 -1  1  1  1  1  1 -1  1  1
  1  1  1  1 -1  1  1  1] [ 2  3  4 10 11 15 18 19 20 21 23 26 27 28 29 34 35 36 37 38 41 42 44 45
 46 47 50 51 52 53 54 61] [ 8817  2327 12187  3944  2494 15175  3303  3115  4596  8457 13547  3516
  6467  2454  4601  4589  7414  3131  9658  9995 13355  2834  2886  4555
  5766  4980  6546  8239 10719  4304  7785  6493] [] 1716183583.1455669403
[ 1  1 -1  1  1  1  1  1  1 -1 -1  1  1  1  1  1 -1  1 -1  1  1  1  1  1
  1  1  1  1  1  1  1  1] [ 2  3  4 10 11 15 18 19 20 21 23 26 27 28 29 34 35 36 37 38 41 42 44 45
 46 47 50 51 52 53 54 61] [ 8145  2275 12759  3792  2335 14175  3183  3064  4553  8623 13559  3487
  6283  2345  4579  4242  7511  3087 10034  9839 12174  2656  2767  4180
  5729  4315  6186  7337 10391  4029  6377  6338] [] 1716183583.1884799004
[-1 -1  1  1  1  1  1  1  1  1  1  1  1 -1  1  1  1  1  1  1  1  1  1 -1
  1  1  1  1  1  1  1  1  1] [ 1  2  3  4 10 11 15 18 19 20 21 23 26 27 28 29 34 35 36 37 38 41 42 44
 45 46 47 50 51 52 53 54 61] [16365  8318  2176 12191  3656  2270 14059  3083  3053  4531  8496 13536
  3340  6359  2291  4497  3923  7122  2889  9673  9817 12135  2644  2788
  4151  5603  4200  6004  7011 10273  3909  6322  6302] [] 1716183583.2315220833
[ 1 -1 -1  1  1  1  1  1  1  1 -1 -1  1  1  1 -1  1  1 -1 -1  1  1  1  1
 -1 -1  1  1  1  1 -1 -1  1] [ 1  2  3  4 10 11 15 18 19 20 21 23 26 27 28 29 34 35 36 37 38 41 42 44
 45 46 47 50 51 52 53 54 61] [15988  8507  2187 11533  3616  2223 13917  3051  3001  4464  8501 13995
  3327  6227  2252  4579  3917  6832  2910  9854  9805 12095  2624  2744
  4155  5655  4086  5981  6956 10175  3915  6382  6290] [] 1716183583.2746143341
[ 1 -1  1  1  1  1  1  1 -1  1  1  1  1 -1  1  1 -1  1  1  1 -1  1  1 -1
  1  1  1  1  1  1  1  1 -1] [ 1  2  3  4 10 11 15 18 19 20 21 23 26 27 28 29 34 35 36 37 38 41 42 44
 45 46 47 50 51 52 53 54 61] [15935  8545  2183 11416  3552  2207 13775  3009  3031  4452  8469 13963
  3299  6258  2227  4499  3920  6352  2887  9236  9893 12093  2588  2764
  4095  5579  3988  5958  6917 10131  3890  6271  6337] [] 1716183583.3175423145
[-1 -1  1 -1 -1  1  1 -1  1  1 -1  1  1  1  1 -1  1  1  1  1  1 -1  1 -1
  1 -1  1  1  1  1 -1  1  1] [ 1  2  3  4 10 11 15 18 19 20 21 23 26 27 28 29 34 35 36 37 38 41 42 44
 45 46 47 50 51 52 53 54 61] [16030  8563  2155 11447  3553  2190 13759  3031  2976  4443  8584 13959
  3227  6209  2217  4519  3899  6260  2837  8689  9815 12140  2580  2776
  4057  5619  3972  5926  6909 10023  3904  6259  6259] [] 1716183583.3606247902
[ 1  1 -1 -1  1  1 -1  1  1  1  1 -1  1  1 -1  1  1  1  1 -1 -1  1 -1  1
 -1  1 -1 -1 -1 -1 -1 -1 -1] [ 1  2  3  4 10 11 15 18 19 20 21 23 26 27 28 29 34 35 36 37 38 41 42 44
 45 46 47 50 51 52 53 54 61] [15853  8539  2175 11895  3508  2163 13823  3023  2963  4434  8528 13983
  3183  6190  2218  4495  3877  6132  2792  8715  9856 12093  2624  2764
  4071  5619  4422  6091  7059 10044  3948  6367  6301] [] 1716183583.4034345150
[ 1  1  1 -1 -1 -1 -1  1 -1 -1  1  1 -1  1 -1  1 -1 -1 -1  1  1 -1 -1 -1
 -1  1 -1 -1 -1 -1 -1 -1 -1] [ 1  2  3  4 10 11 15 18 19 20 21 23 26 27 28 29 34 35 36 37 38 41 42 44
 45 46 47 50 51 52 53 54 61] [15831  8486  2175 11897  3560  2193 13839  3019  2971  4443  8494 13915
  3191  6177  2240  4459  3942  6177  2818  8586  9844 12229  2709  2824
  4221  5598  5058  7384  8212 10371  4103  6642  6490] [] 1716183583.4465730190
[-1  1  1 -1 -1 -1 -1 -1 -1 -1  1  1 -1 -1 -1 -1 -1 -1 -1  1 -1 -1 -1 -1
 -1 -1 -1 -1 -1 -1  1 -1 -1] [ 1  2  3  4 10 11 15 18 19 20 21 23 26 27 28 29 34 35 36 37 38 41 42 44
 45 46 47 50 51 52 53 54 61] [15938  8421  2175 12003  3616  2279 14182  3049  2978  4489  8457 13839
  3271  6207  2309  4479  4018  6322  2890  8526  9897 12313  2796  2912
  4455  5628  5835  7884  8338 10598  4060  8086  6560] [] 1716183583.4894495010
[-1  1 -1 -1 -1 -1 -1 -1 -1  1 -1 -1 -1 -1  1 -1 -1 -1 -1 -1  1  1  1 -1
 -1 -1 -1  1 -1 -1 -1] [ 1  2  3  4 10 11 15 18 19 20 21 23 26 27 28 29 34 35 36 37 38 42 44 45
 46 50 51 52 53 54 61] [15956  8369  2219 12061  3704  2427 14197  3188  3008  4437  8526 13919
  3347  6259  2309  4533  4153  6432  2957  8759  9857  2787  2859  4842
  6059  8732  8392 10380  4100 12181  6562] [] 1716183583.5325090885
[-1  1 -1 -1 -1 -1 -1 -1 -1  1  1 -1 -1 -1  1 -1 -1 -1  1  1 -1 -1 -1 -1
 -1 -1 -1 -1 -1 -1] [ 1  2  3  4 10 11 18 19 20 21 23 26 27 28 29 34 35 36 37 38 42 44 45 46
 50 51 52 53 54 61] [16059  8269  2231 12180  3807  2507  3349  3039  4507  8447 13244  3399
  6319  2397  4501  4437  6621  2991  8301  9848  2816  2975  5183  6126
 14027 10377 10620  4304 12268  6590] [] 1716183583.5754456520
[-1 -1 -1  1 -1 -1 -1 -1  1  1  1 -1 -1 -1 -1 -1 -1 -1 -1 -1 -1 -1 -1 -1
 -1 -1 -1 -1 -1] [ 1  2  3  4 10 11 18 19 20 21 23 26 27 28 29 34 35 36 37 38 42 44 45 46
 51 52 53 54 61] [16066 10623  2398 12088  3979  2540  3641  3066  4489  8433 13239  3571
  6801  2448  4511  4676  6919  3220  8330 10058  2949  3323  5547  8453
 10572 12634  5068 13254  6868] [] 1716183583.6184489727
[ 1 -1 -1  1 -1 -1 -1 -1  1 -1  1 -1  1 -1 -1 -1 -1 -1 -1 -1 -1  1  1  1
 -1  1] [ 1  2  3  4 10 11 18 19 20 21 23 26 27 28 29 34 35 36 37 38 42 44 45 46
 51 53] [15897 10922  2469 11967  4423  2761  3732  3133  4485  8518 13152  3774
  6724  2630  4595  5294  7305  3353  9872 13539  3026  3227  5355  7931
 10687  4758] [] 1716183583.6614282131
[ 1  1  1 -1 -1 -1 -1 -1  1  1 -1 -1 -1  1 -1  1 -1 -1 -1 -1  1  1 -1 -1] [ 1  3  4 10 11 18 19 20 21 23 26 27 28 29 34 35 36 37 42 44 45 46 51 53] [15715  2437 10632  4456  2851  3826  3166  4615  8344 12802  3924  6855
  2669  4531  5442  7271  3563  9906  3140  3291  5350  7789 11214  4804] [] 1716183583.7044272423
[ 1 -1 -1 -1 -1 -1 -1 -1 -1 -1 -1 -1 -1  1 -1 -1 -1  1 -1 -1 -1 -1 -1] [ 1  3  4 10 11 18 19 20 21 23 26 27 28 29 34 35 36 37 42 44 45 46 53] [15436  2559 10764  4551  2941  3852  3213  5243  8410 12932  4002  6889
  2694  4507  6911  7363  3671  9431  3496  3493  5631  7948  5938] [] 1716183583.7474036217
[ 1 -1 -1 -1 -1 -1 -1 -1  1  1 -1 -1 -1 -1 -1 -1 -1 -1 -1 -1 -1 -1 -1] [ 1  3  4 10 11 18 19 20 21 23 26 27 28 29 34 35 36 37 42 44 45 46 53] [15298  2807 12064  4942  3320  4163  3326  5311  8384 12794  4893  6917
  2843  4607  6982  8481  4163  9643  3715  3717  6174 10731  6717] [] 1716183583.7903974056
[-1 -1  1 -1 -1 -1 -1 -1 -1 -1 -1 -1 -1 -1 -1 -1 -1  1 -1 -1 -1 -1] [ 1  3  4 10 11 18 19 20 21 23 26 27 28 29 34 35 36 37 42 44 45 53] [15488  3060 11921  5207  3623  4247  3395  5475  8417 12858  5453  6985
  2994  4707  7030 10742  4780  9604  4042  3977  6246  8786] [] 1716183583.8333456516
[-1 -1  1 -1 -1 -1 -1 -1 -1  1 -1 -1 -1 -1 -1  1 -1 -1 -1 -1 -1 -1] [ 1  3  4 10 11 18 19 20 21 23 26 27 28 29 34 35 36 37 42 44 45 53] [16362  3224 11639  6676  3907  4341  3435  5527  9831 12800  6561  6994
  3131  6757  7273  8693  5100  9710  4702  4277  6347 11355] [] 1716183583.8763530254
[ 1 -1 -1 -1 -1 -1 -1 -1 -1 -1 -1 -1 -1 -1 -1 -1 -1 -1 -1 -1  1] [ 1  3  4 10 11 18 19 20 21 23 26 27 28 29 34 35 36 37 42 44 45] [16347  3387 12895  6979  4205  4461  3515  6119  9835 12980  7562  7038
  3312  6931  7673  9537  5526 10342  6826  4435  6261] [] 1716183583.9193456173
[-1  1 -1 -1 -1 -1 -1  1  1 -1 -1 -1 -1 -1 -1 -1 -1 -1 -1 -1] [ 3  4 10 11 18 19 20 21 23 26 27 28 29 34 35 36 37 42 44 45] [ 3565 10758  7238  5442  5324  3683  6282  9772 12928  7912  7286  3655
  7065  7857 11115  5805 11364  7738  4714  6495] [] 1716183583.9623544216
[-1  1 -1 -1 -1 -1  1  1 -1  1 -1 -1 -1 -1 -1 -1 -1 -1 -1 -1] [ 3  4 10 11 18 19 20 21 23 26 27 28 29 34 35 36 37 42 44 45] [ 3769  9924  8220  6101  6030  3793  6252  9559 13183  7833  8931  3970
  7124  8712 11998  6569 11751 11860  5487  7852] [] 1716183584.0052890778
[-1 -1  1 -1 -1 -1 -1 -1 -1 -1 -1 -1 -1 -1 -1 -1 -1 -1] [ 3  4 10 11 18 19 20 21 23 26 27 28 29 34 35 36 37 44] [ 3817 12983  7980  7443  6754  3898  6511  9687 13681  7950  9181  4611
  7340  8883 12374  7381 12479  7368] [] 1716183584.0483369827
[-1 -1 -1 -1 -1 -1 -1 -1 -1 -1 -1  1 -1 -1 -1] [ 3 10 11 18 19 20 21 26 27 28 29 34 35 36 44] [ 3994  9662  7488 10053  4103  6650  9702  8118  9345  5823  9803  8882
 12729  7583  9353] [] 1716183584.0913155079
[-1 -1 -1 -1 -1 -1  1 -1 -1 -1  1  1 -1 -1 -1] [ 3 10 11 18 19 20 21 26 27 28 29 34 35 36 44] [ 4035 10125  7589 10384  4198  6799  9697  8303  9553  5925  9771  8787
 14067  9745 10847] [] 1716183584.1343328953
[-1 -1 -1 -1 -1 -1 -1 -1 -1 -1 -1 -1 -1 -1 -1] [ 3 10 11 18 19 20 21 26 27 28 29 34 35 36 44] [ 4153 11093  7652 10613  4445  7012  9715  8371  9782  7061  9841  9049
 14989 10767 12315] [] 1716183584.1772484779
[-1 -1 -1 -1 -1 -1 -1 -1 -1 -1 -1 -1 -1 -1] [ 3 10 11 18 19 20 21 26 27 28 29 34 36 44] [ 4209 13212  8841 10977  4677  9901  9985  8803 11627  9159 10280 11657
 12310 12928] [] 1716183584.2203092575
[-1 -1  1 -1 -1 -1 -1 -1 -1 -1 -1] [ 3 10 11 19 20 21 26 27 28 29 36] [ 5123 13266  8761  5029 10140 10173 13079 12387 10480 10299 13143] [] 1716183584.2632789612
[-1 -1  1 -1 -1  1  1  1 -1  1] [ 3 10 11 19 20 21 27 28 29 36] [ 5247 13366  8642  5260 10292 10151 12341 10419 10393 13074] [] 1716183584.3062682152
[ 1  1 -1 -1 -1  1  1 -1] [ 3 11 19 20 21 27 28 29] [ 5233  8581  6018 10509 10219 12242 10383 10636] [] 1716183584.3491747379
[-1 -1 -1 -1 -1 -1 -1 -1] [ 3 11 19 20 21 27 28 29] [ 5599  8775  9274 11033 10509 12427 10698 10997] [] 1716183584.3922021389
[-1 -1 -1 -1 -1 -1  1 -1] [ 3 11 19 20 21 27 28 29] [ 7615  8877  9758 11619 10628 12609 10572 11215] [] 1716183584.4353733063
[-1 -1 -1 -1 -1 -1] [ 3 11 19 20 21 28] [ 8090  8969  9787 12362 10793 10694] [] 1716183584.4783210754
[ 1 -1 -1  1 -1] [11 19 20 21 28] [ 8791  9926 13256 10650 10741] [] 1716183584.5213403702
[-1 -1 -1  1] [11 20 21 28] [ 8797 15185 10879 10588] [] 1716183584.5644497871
[-1 -1 -1] [11 21 28] [ 9035 11400 11100] [] 1716183584.6073422432
[-1 -1] [11 28] [ 9058 11277] [] 1716183584.6503577232
[1] [28] [10728] [] 1716183584.6933188438
[-1] [28] [11103] [] 1716183584.7363467216
[-1] [28] [11955] [] 1716183584.7792613506
2 2 2 1716183584.8654417992
