FA TAX ADC PRES TS
[-1] [11] [11062] [] 1716186718.1102671623
[1] [11] [9965] [] 1716186718.1530053616
[-1 -1] [11 28] [10395 12670] [] 1716186718.1961088181
[1 1] [11 28] [ 9509 11565] [] 1716186718.2390949726
[ 1 -1  1] [11 19 28] [ 9210 11671 10995] [] 1716186718.2820913792
[1 1 1] [11 19 28] [ 9012  9981 10880] [] 1716186718.3252048492
[ 1  1 -1] [11 19 28] [ 8792  9738 10885] [] 1716186718.3680810928
[ 1  1 -1 -1] [11 19 20 28] [ 8786  9548 14129 10947] [] 1716186718.4111835957
[ 1  1  1  1 -1] [11 19 20 28 29] [ 8671  9477 13746 10947 11129] [] 1716186718.4542233944
[-1 -1  1  1 -1  1] [ 3 11 19 20 28 29] [10671  8709  8852 12744 10975 10746] [] 1716186718.4974172115
[ 1  1  1  1 -1  1] [ 3 11 19 20 28 29] [ 9384  8699  7394 12308 11079 10702] [] 1716186718.5404355526
[ 1 -1  1  1 -1 -1  1  1] [ 3 11 19 20 21 27 28 29] [ 8913  8703  6701 11826 12933 12466 10868 10451] [] 1716186718.5834295750
[ 1 -1 -1  1  1  1  1  1 -1 -1] [ 3 10 11 19 20 21 27 28 29 44] [ 7728 14306  8751  6069 11486 11133 12316 10695 10572 13363] [] 1716186718.6264317036
[ 1  1 -1  1  1  1  1 -1 -1  1] [ 3 10 11 19 20 21 27 28 29 44] [ 7531 13774  8777  5613 11462 11009 12261 10834 10658 12782] [] 1716186718.6694359779
[ 1  1 -1  1  1  1 -1 -1 -1  1 -1  1] [ 3 10 11 19 20 21 26 27 28 29 36 44] [ 7473 13569  8947  5445 11085 10801  9236 12290 10915 10556 14098 12555] [] 1716186718.7124404907
[1 1 1 1 1 1 1 1 1 1 1 1] [ 3 10 11 19 20 21 26 27 28 29 36 44] [ 5725 13286  8813  4943 10494 10390  8781 12152 10620 10374 13882 12378] [] 1716186718.7554345131
[ 1  1  1  1  1 -1  1  1  1  1  1  1] [ 3 10 11 19 20 21 26 27 28 29 36 44] [ 5515 10827  8801  4757 10425 10407  8697 12028 10436 10336 13790 11555] [] 1716186718.7986145020
[-1  1  1 -1  1  1  1  1 -1  1  1  1  1] [ 2  3 10 11 19 20 21 26 27 28 29 36 44] [16330  5292 10183  8856  4546 10254 10281  8347 12032 10406 10138 13165
  6810] [] 1716186718.8415820599
[ 1  1  1  1  1  1  1  1 -1  1  1  1] [ 3 10 11 19 20 21 26 27 28 29 36 44] [ 5082  9065  8739  4336 10040 10103  8113  9704 10413  9984 12251  5401] [] 1716186718.8844203949
[-1 -1  1  1 -1 -1  1  1 -1  1 -1 -1 -1  1 -1  1 -1] [ 2  3 10 11 18 19 20 21 26 27 28 29 34 36 42 44 45] [16187  5085  8483  7785 11712  4383  8077 10020  8153  9697 10426 10136
 11595 11845 14867  5376  8871] [] 1716186718.9275658131
[ 1  1  1  1  1  1  1 -1 -1  1  1  1 -1  1 -1  1  1  1] [ 2  3 10 11 18 19 20 21 23 26 27 28 29 34 36 42 44 45] [16075  4971  7999  7698 10946  4196  7544 10257 14791  7952  9651  9660
 10315 11367 11964 12119  4772  7935] [] 1716186718.9705359936
[ 1  1  1  1  1  1  1  1  1  1 -1  1  1  1  1  1  1  1] [ 2  3 10 11 18 19 20 21 23 26 27 28 29 34 36 42 44 45] [15926  4927  7549  7629 10386  3880  7524 10116 14019  7796  9685  8739
  9749  8944 11873 10950  4610  6789] [] 1716186719.0134947300
[ 1  1  1  1  1  1 -1  1  1  1 -1  1  1  1 -1  1  1  1 -1] [ 2  3 10 11 18 19 20 21 23 26 27 28 29 34 35 36 42 44 45] [15686  4479  7327  7521 10244  3748  7571  9849 13524  7703  9810  8331
  8403  8736 13861 10395  9131  4312  7115] [] 1716186719.0565996170
[-1  1  1  1  1  1 -1  1  1  1  1  1  1  1  1  1  1  1  1] [ 2  3 10 11 18 19 20 21 23 26 27 28 29 34 35 36 42 44 45] [15739  4079  7182  7472  9956  3704  7634  9797 13135  7689  9483  7201
  8121  8541 13362  9419  6058  4164  6389] [] 1716186719.0996215343
[-1  1  1  1  1  1  1  1  1  1  1  1  1  1  1  1 -1  1 -1 -1 -1] [ 2  3 10 11 18 19 20 21 23 26 27 28 29 34 35 36 37 42 44 45 53] [15783  3770  6878  7444  8441  3653  6557  9653 12815  6775  9282  5957
  7318  8444 10996  9101 16360  4997  4178  6443 12268] [] 1716186719.1425578594
[ 1  1  1  1  1  1  1 -1 -1  1  1  1  1  1  1  1  1  1  1 -1 -1  1] [ 2  3 10 11 18 19 20 21 23 26 27 28 29 34 35 36 37 42 44 45 46 53] [15615  3751  6786  6070  6678  3576  6294  9758 12930  6215  9240  5091
  7172  8388  9604  6766 13501  4663  4123  6621 13590  9346] [] 1716186719.1855428219
[-1  1  1  1  1  1 -1  1  1  1 -1  1  1  1 -1  1  1  1  1  1  1  1] [ 2  3 10 11 18 19 20 21 23 26 27 28 29 34 35 36 37 42 44 45 46 53] [15961  3710  6412  5919  5782  3467  6489  9667 12928  5371  9582  4649
  6764  7482 10296  6552 12672  4325  4047  6530  9665  8103] [] 1716186719.2285954952
[ 1 -1  1  1  1  1  1 -1  1  1  1  1  1  1  1  1  1  1  1  1  1 -1  1] [ 2  3 10 11 18 19 20 21 23 26 27 28 29 34 35 36 37 42 44 45 46 52 53] [15825  3749  6368  5571  4756  3394  6307  9726 12911  5060  9532  4464
  5899  7349  9591  5945 12586  3909  3956  6473  8862 14559  6721] [] 1716186719.2715840340
[ 1  1 -1  1  1  1  1  1 -1  1  1  1  1  1 -1 -1  1  1  1  1  1  1  1] [ 2  3 10 11 18 19 20 21 23 26 27 28 29 34 35 36 37 42 44 45 46 52 53] [15807  3723  6724  4565  4649  3327  6251  9652 12941  4731  9442  4240
  4807  6570  9862  5968 12340  3600  3766  6230  8176 13021  5861] [] 1716186719.3146460056
[ 1 -1 -1  1  1  1  1  1 -1 -1  1  1  1  1  1 -1  1 -1  1  1  1  1 -1  1
  1] [ 2  3  4 10 11 18 19 20 21 23 26 27 28 29 34 35 36 37 42 44 45 46 51 52
 53] [14724  3785 11357  6327  4022  4415  3256  5341  9705 13076  4423  8630
  3829  4690  6394  9989  5304 12361  3584  3665  6101  7851 11890 12994
  5205] [] 1716186719.3575868607
[-1  1  1  1  1  1  1  1  1  1 -1  1  1  1  1  1 -1  1 -1  1  1  1 -1  1
  1  1 -1] [ 1  2  3  4 10 11 18 19 20 21 23 26 27 28 29 34 35 36 37 42 44 45 46 51
 52 53 54] [15966 14354  3647 10727  6310  3916  4395  3242  5092  9601 13150  4244
  8560  3679  4685  6326 10066  5083 12397  3412  3559  5861  7877 10950
  8934  4948 12161] [] 1716186719.4006166458
[-1 -1  1  1  1  1  1  1  1  1  1  1 -1  1  1  1  1  1  1  1  1  1  1 -1
  1  1  1  1 -1] [ 1  2  3  4 10 11 18 19 20 21 23 26 27 28 29 34 35 36 37 42 44 45 46 50
 51 52 53 54 61] [16020 16264  3582 10019  5266  3637  4175  3193  4557  9579 13128  3764
  8661  3342  4564  5989  8125  4630 12354  3334  3487  5443  7207 14986
 10599  7745  4796 11558  6895] [] 1716186719.4435141087
[-1  1  1  1  1  1  1  1  1 -1  1  1 -1  1  1  1  1 -1  1  1  1  1  1 -1
  1  1  1  1  1  1] [ 1  2  3  4 10 11 18 19 20 21 23 26 27 28 29 34 35 36 37 42 44 45 46 47
 50 51 52 53 54 61] [16064 15020  3416  9712  4797  3456  3880  3103  4476  9686 13084  3577
  9324  3165  4548  5703  7932  4659 12128  3293  3422  5411  6356 12038
 14735 10527  7564  4704  8753  6699] [] 1716186719.4865829945
[ 1  1  1 -1  1  1  1  1  1 -1 -1  1 -1  1  1  1  1  1  1  1  1 -1  1  1
 -1  1  1 -1  1  1] [ 1  2  3  4 10 11 18 19 20 21 23 26 27 28 29 34 35 36 37 42 44 45 46 47
 50 51 52 53 54 61] [15872 14850  3371  9811  4663  3378  3729  3101  4149  9771 13194  3468
  9422  3072  4484  5607  7409  4366 11966  3169  3355  5415  5615  7995
 14777  6781  7456  4952  6423  6538] [] 1716186719.5296723843
[1 1 1 1 1 1 1 1 1 1 1 1 1 1 1 1 1 1 1 1 1 1 1 1 1 1 1 1 1 1] [ 1  2  3  4 10 11 18 19 20 21 23 26 27 28 29 34 35 36 37 42 44 45 46 47
 50 51 52 53 54 61] [15852 14248  3266  9705  4453  3269  3579  3041  4013  9746 13120  3252
  9323  2901  4467  5119  6884  3958 11925  3038  3111  5146  5340  5405
  9038  5980  6943  4735  6177  6365] [] 1716186719.5726375580
[ 1 -1  1  1  1  1  1  1  1 -1 -1  1  1  1  1  1 -1  1  1  1  1  1  1  1
  1  1  1  1  1  1] [ 1  2  3  4 10 11 18 19 20 21 23 26 27 28 29 34 35 36 37 42 44 45 46 47
 50 51 52 53 54 61] [15663 15456  3259  9474  4303  3178  3511  2986  3921  9880 13136  3247
  9210  2750  4379  4974  7026  3780 11908  2890  3021  4945  5310  4976
  8856  5652  6093  4680  6095  6236] [] 1716186719.6155085564
[ 1  1  1  1  1  1 -1  1  1  1  1  1  1  1  1  1 -1  1  1  1  1 -1  1 -1
 -1  1  1  1  1  1  1  1  1  1] [ 1  2  3  4 10 11 12 18 19 20 21 23 26 27 28 29 32 34 35 36 37 38 42 43
 44 45 46 47 50 51 52 53 54 61] [15486 15020  3205  9361  4109  3080 15861  3345  2956  3879  9877 13067
  3189  8941  2690  4081 14195  4704  6998  3719  9470 13949  2818 16087
  3028  4763  5245  4617  8619  5357  5992  4398  6025  6172] [] 1716186719.6587665081
[ 1  1  1 -1  1  1  1  1  1  1  1 -1  1  1  1  1  1 -1  1  1 -1  1  1  1
  1  1  1  1  1  1  1  1  1  1] [ 1  2  3  4 10 11 12 18 19 20 21 23 26 27 28 29 32 34 35 36 37 38 42 43
 44 45 46 47 50 51 52 53 54 61] [15219 10330  3087  9433  4039  2909 15844  3327  2933  3844  9828 13526
  3178  8058  2629  4023 12341  4719  6906  3653  9492 13807  2652 15773
  2944  4678  5191  4298  8618  5148  5421  4292  5939  6026] [] 1716186719.7025995255
[ 1  1  1  1  1  1  1  1  1 -1  1  1  1  1  1  1  1  1  1  1  1 -1  1  1
  1  1  1 -1  1 -1  1 -1 -1  1] [ 1  2  3  4 10 11 12 18 19 20 21 23 26 27 28 29 32 34 35 36 37 38 42 44
 45 46 47 50 51 52 53 54 55 61] [14747  8527  2825  9226  3829  2757 15016  3227  2890  3915  8981 13519
  3028  7832  2599  3991 11673  4559  6774  3496  9376 13951  2485  2880
  4331  5189  4038  8687  5069  6271  4210  5959 12351  6008] [] 1716186719.7456033230
[ 1  1  1  1  1  1  1  1  1  1 -1  1  1 -1  1  1  1  1  1  1  1  1  1 -1
  1  1 -1  1  1  1 -1  1  1  1  1] [ 1  2  3  4 10 11 12 18 19 20 21 23 26 27 28 29 32 34 35 36 37 38 42 43
 44 45 46 47 50 51 52 53 54 55 61] [14718  8513  2646  9049  3731  2661 14314  3193  2864  3906  9150 13461
  2960  7904  2535  3943 10955  4147  6070  3297  8788 13946  2412 15671
  2816  4275  5237  3950  8664  5009  6736  4016  5767 11002  5976] [] 1716186719.7885112762
[ 1  1  1  1 -1  1  1 -1  1  1  1 -1 -1 -1  1  1 -1  1 -1  1 -1  1  1  1
  1 -1  1  1  1  1  1  1  1  1 -1] [ 1  2  3  4 10 11 12 18 19 20 21 23 26 27 28 29 32 34 35 36 37 38 42 43
 44 45 46 47 50 51 52 53 54 55 61] [14609  8326  2606  8948  3944  2576 14207  3199  2854  3804  9141 13551
  2970  8094  2460  3915 11317  4079  6432  3245  8875 13089  2410 15279
  2784  4303  5204  3948  8534  4987  6702  4004  5691 10499  6035] [] 1716186719.8316080570
[ 1 -1  1  1 -1  1 -1  1  1 -1 -1  1  1  1  1  1  1  1  1 -1  1  1  1 -1
 -1  1  1 -1 -1 -1 -1 -1  1  1  1] [ 1  2  3  4 10 11 12 18 19 20 21 23 26 27 28 29 32 34 35 36 37 38 42 43
 44 45 46 47 50 51 52 53 54 55 61] [14459  8561  2559  8897  3988  2521 14239  3152  2841  3826  9177 13527
  2900  7211  2401  3903 11303  3991  6016  3257  8845 11667  2380 15567
  2792  4143  5153  3956  8547  5015  6744  4149  5622 10427  5920] [] 1716186719.8747179508
[-1  1  1 -1  1  1 -1  1  1  1  1 -1  1  1  1 -1 -1 -1  1  1 -1  1 -1 -1
  1 -1 -1 -1  1  1  1  1 -1 -1 -1] [ 1  2  3  4 10 11 12 18 19 20 21 23 26 27 28 29 32 34 35 36 37 38 42 43
 44 45 46 47 50 51 52 53 54 55 61] [14481  8302  2551  8938  3968  2495 14299  3151  2828  3792  9078 13587
  2881  6522  2365  3911 11475  3999  5941  3167  9174 11524  2386 15719
  2752  4191  5166  3979  8487  4926  6656  4081  5647 10484  5965] [] 1716186719.9176404476
[ 1 -1  1  1  1  1  1  1  1  1  1  1  1  1  1  1  1  1  1 -1  1  1 -1  1
 -1 -1  1  1  1 -1  1 -1  1  1] [ 1  2  3  4 10 11 12 18 19 20 21 23 26 27 28 29 32 34 35 36 37 38 42 43
 44 45 46 47 50 51 52 53 54 61] [14362  8575  2548  8908  3913  2490 14143  3131  2824  3748  8891 13475
  2842  6476  2361  3851 11142  3966  5836  3171  9143 11300  2420 15531
  2776  4263  5134  3868  8416  4986  6088  4213  5543  5910] [] 1716186719.9606330395
[ 1  1 -1  1  1 -1  1 -1 -1  1 -1 -1  1  1 -1 -1 -1 -1 -1  1 -1 -1 -1 -1
 -1 -1 -1 -1 -1 -1 -1  1 -1 -1 -1] [ 1  2  3  4 10 11 12 15 18 19 20 21 23 26 27 28 29 32 34 35 36 37 38 42
 43 44 45 46 47 50 51 52 53 54 61] [14326  8344  2557  8869  3628  2501 13750 15119  3135  2824  3796  9014
 13439  2818  7462  2380  3895 11444  3991  5282  3261  9319 11561  2552
 15535  2826  4415  5195  4180  8518  5045  6079  4388  5877  5972] [] 1716186720.0036830902
[ 1 -1 -1 -1 -1 -1  1 -1 -1 -1 -1  1 -1 -1 -1  1 -1 -1  1 -1 -1 -1 -1 -1
 -1 -1 -1 -1 -1 -1 -1 -1 -1 -1] [ 1  2  3  4 10 11 12 18 19 20 21 23 26 27 28 29 32 34 35 36 37 38 42 43
 44 45 46 47 50 51 52 53 54 61] [14071  8399  2695  8873  3643  2580 13622  3183  2859  3907  9049 13327
  2967  7537  2478  3895 12339  4198  5279  3329  9374 11641  2700 15739
  2900  4565  5227  4732  8929  5207  6218  4467  5989  6094] [] 1716186720.0464913845
[-1 -1 -1  1 -1 -1 -1 -1 -1 -1  1 -1 -1 -1 -1 -1 -1 -1 -1 -1  1 -1 -1  1
 -1 -1  1 -1 -1 -1 -1 -1 -1 -1] [ 1  2  3  4 10 11 12 18 19 20 21 23 26 27 28 29 32 34 35 36 37 38 42 43
 44 45 46 47 50 51 52 53 54 61] [14093 10215  2815  8856  3714  2781 14250  3239  2878  3925  8861 13375
  3063  7597  2521  3911 14513  4541  5358  3356  9363 11688  2712 15695
  2936  4621  5218  5239 14197  5517  6408  4514  6067  6196] [] 1716186720.0893239975
[-1 -1 -1  1 -1 -1 -1 -1 -1  1 -1  1 -1 -1 -1 -1 -1 -1 -1 -1 -1 -1 -1 -1
 -1 -1  1 -1 -1 -1 -1 -1] [ 1  2  3  4 10 11 12 18 19 20 21 23 26 27 28 29 34 35 36 37 38 42 43 44
 45 46 50 51 52 53 54 61] [14178 14999  3041  8850  3857  3012 14976  3269  2882  3904  9362 13287
  3111  8471  2605  3931  4661  5851  3402 11581 14277  2972 15831  3024
  4983  5629 14119  6194  7485  4556 11260  6347] [] 1716186720.1325192451
[ 1  1 -1 -1 -1 -1 -1 -1 -1 -1 -1 -1 -1  1 -1 -1 -1 -1 -1  1 -1 -1  1 -1
 -1 -1 -1 -1 -1 -1 -1 -1] [ 1  2  3  4 10 11 12 18 19 20 21 23 26 27 28 29 34 35 36 37 38 42 43 44
 45 46 50 51 52 53 54 61] [14050 14815  3155  8933  4065  3195 15147  3371  2917  4026  9588 13405
  3152  8433  2707  4281  5375  6441  3686 11490 14972  3161 15735  3208
  5112  5710 14333  8660  7863  4639 11640  6544] [] 1716186720.1756756306
[-1  1 -1  1 -1 -1 -1 -1 -1  1  1  1 -1  1 -1  1 -1  1 -1 -1  1  1 -1 -1
 -1 -1 -1  1 -1] [ 1  2  3  4 10 11 12 18 19 20 21 23 26 27 28 29 34 35 36 37 42 43 44 45
 46 51 52 53 54] [14411 14703  3231  8915  4276  3268 15399  3421  2952  3958  9522 13275
  3327  8386  2748  4277  5692  6418  3805 11745  3138 15615  3288  5133
  6626 10386  8779  4590 11875] [] 1716186720.2185783386
[-1 -1 -1  1 -1 -1 -1 -1 -1  1 -1 -1  1 -1 -1 -1  1 -1  1 -1 -1 -1 -1 -1
 -1 -1] [ 1  2  3  4 10 11 18 19 20 21 23 26 27 28 29 34 35 36 37 42 44 45 46 51
 52 53] [14484 14767  3391  8911  4466  3450  3582  2984  4035  9476 13299  3447
  8287  2911  4301  5964  6383  3965 11528  3154  3335  5496  7352 10490
 10653  5130] [] 1716186720.2615988255
[-1  1 -1 -1 -1 -1 -1 -1 -1  1  1 -1 -1 -1  1 -1 -1 -1  1 -1 -1 -1 -1 -1
 -1] [ 1  2  3  4 10 11 18 19 20 21 23 26 27 28 29 34 35 36 37 42 44 45 46 52
 53] [14672 14082  3471  8986  4740  3643  3996  3062  4571  9384 13008  3805
  8306  3090  4293  6133  6442  4189 11246  3685  3447  5867  7689 11683
  6012] [] 1716186720.3043918610
[-1  1 -1 -1 -1 -1 -1 -1 -1  1  1 -1 -1 -1 -1 -1 -1 -1 -1 -1 -1 -1 -1 -1
 -1] [ 1  2  3  4 10 11 18 19 20 21 23 26 27 28 29 34 35 36 37 42 44 45 46 52
 53] [15566 13712  3553  9036  5382  4069  4255  3171  4879  9297 12960  4179
  8431  3225  4377  6318  6832  4456 11585  3962  3683  6287 10801 13010
  7256] [] 1716186720.3476090431
[-1 -1 -1 -1 -1 -1 -1 -1 -1 -1 -1 -1 -1 -1 -1 -1 -1 -1  1 -1 -1  1 -1] [ 1  2  3  4 10 11 18 19 20 21 23 26 27 28 29 34 35 36 37 42 44 45 53] [16072 13864  3583  9074  5927  4875  4727  3182  4981  9359 12997  4659
  8503  3439  4547  7203  6990  4590 11320  4852  3684  6193 10951] [] 1716186720.3906335831
[-1  1 -1 -1 -1 -1 -1 -1 -1 -1  1 -1 -1 -1 -1 -1 -1 -1 -1 -1 -1  1] [ 1  2  3  4 10 11 18 19 20 21 23 26 27 28 29 34 35 36 37 42 44 45] [16203 13746  3741  9444  6195  5874  6339  3235  5288  9398 12978  5189
  8557  3869  5295  7428  7033  4839 12075  7403  3706  6104] [] 1716186720.4335718155
[ 1  1 -1 -1 -1 -1 -1 -1  1 -1 -1 -1 -1 -1 -1 -1 -1 -1 -1 -1] [ 2  3 10 11 18 19 20 21 23 26 27 28 29 34 35 36 37 42 44 45] [13256  3662  6433  6321  6433  3335  5884  9424 12811  6647  8583  4235
  5907  8463  8133  5307 13320  8473  3800  6143] [] 1716186720.4764497280
[ 1 -1 -1 -1 -1 -1  1 -1 -1 -1 -1 -1 -1 -1 -1 -1 -1 -1 -1 -1] [ 2  3 10 11 18 19 20 21 23 26 27 28 29 34 35 36 37 42 44 45] [13139  3669  6760  7329  6530  3411  5837  9450 12848  7556  8683  4431
  7711  8597  8305  5620 13384 10556  4181  6455] [] 1716186720.5194580555
[-1 -1 -1 -1 -1 -1 -1 -1 -1 -1 -1 -1 -1  1 -1 -1 -1 -1 -1] [ 2  3 10 11 18 19 20 21 23 26 27 28 29 34 35 36 42 44 45] [13179  3727  6831  7342  9848  3499  5841  9575 13013  7761  8879  5189
  8078  8571 11451  6652 14542  4476  7911] [] 1716186720.5626449585
[ 1 -1 -1 -1 -1 -1 -1 -1 -1  1 -1 -1 -1 -1 -1 -1 -1] [ 2  3 10 11 18 19 20 21 23 26 27 28 29 34 35 36 44] [13097  3929  6966  7454 10037  3554  6102  9634 13095  7722  9182  5793
  8155  8638 11929  7525  4690] [] 1716186720.6054351330
[-1 -1 -1 -1 -1 -1 -1 -1  1 -1  1 -1 -1 -1 -1 -1 -1] [ 2  3 10 11 18 19 20 21 23 26 27 28 29 34 35 36 44] [13835  3993  7330  7490 10206  3671  6517  9701 12991  7865  9043  7959
  8172 11307 12340  9585  5344] [] 1716186720.6484673023
[ 1 -1 -1  1 -1 -1 -1 -1 -1 -1 -1 -1 -1 -1 -1 -1 -1] [ 2  3 10 11 18 19 20 21 23 26 27 28 29 34 35 36 44] [12655  4879  7602  7463 10473  3787  6936  9809 13451  8011  9064  8512
  9759 15186 13270 10879  8562] [] 1716186720.6915919781
[-1 -1 -1 -1 -1 -1 -1 -1 -1 -1 -1 -1 -1] [ 2  3 10 11 19 20 21 26 27 28 29 36 44] [13092  4995  8347  7466  3897  8381  9822  8087  9147  9959  9785 10922
 12150] [] 1716186720.7345933914
[ 1 -1 -1 -1 -1 -1 -1 -1 -1 -1 -1 -1 -1] [ 2  3 10 11 19 20 21 26 27 28 29 36 44] [12642  5136  9214  7572  4216  9583 10030  8441  9627 10296  9875 11191
 12757] [] 1716186720.7774682045
[ 1 -1 -1 -1 -1 -1 -1 -1  1 -1 -1 -1] [ 2  3 10 11 19 20 21 26 27 28 29 36] [12589  5219 10138  7641  4375  9609 10184  8767  9520 10316  9906 11483] [] 1716186720.8205394745
[ 1 -1 -1 -1 -1 -1 -1 -1  1 -1 -1] [ 2  3 10 11 19 20 21 27 28 29 36] [12481  7035 13099  8576  4496  9866 10569 12465 10308 10301 13624] [] 1716186720.8632953167
[ 1 -1 -1 -1 -1 -1 -1  1  1  1] [ 2  3 10 11 19 20 21 27 28 29] [12434  7429 13396  8652  4791 10139 10697 12228 10179 10235] [] 1716186720.9062139988
[-1 -1 -1 -1 -1 -1 -1 -1 -1 -1] [ 2  3 10 11 19 20 21 27 28 29] [12848  7769 13659  8784  5411 10788 10996 12323 10387 10710] [] 1716186720.9491715431
[-1 -1  1 -1 -1 -1 -1 -1] [ 2  3 11 19 20 27 28 29] [13796  9001  8769  7242 11707 12663 10943 10905] [] 1716186720.9920558929
[ 1  1  1  1  1 -1] [ 2 11 19 20 28 29] [13695  8566  7195 11662 10749 11001] [] 1716186721.0351746082
[-1 -1 -1 -1 -1] [ 2 11 19 20 28] [14375  8746  9374 14200 10792] [] 1716186721.0781075954
[ 1 -1 -1 -1 -1] [ 2 11 19 20 28] [14239  9174  9650 16302 10991] [] 1716186721.1211616993
[ 1 -1 -1] [11 19 28] [ 9127  9667 11012] [] 1716186721.1640503407
[-1 -1] [11 28] [ 9268 11363] [] 1716186721.2073185444
[-1] [11] [9275] [] 1716186721.2502546310
2 2 2 1716186721.4224393368
