FA TAX ADC PRES TS
[1] [11] [8770] [] 1716186589.1311199665
[1] [11] [8736] [] 1716186589.1741180420
[1] [11] [8691] [] 1716186589.2169463634
[-1 -1] [11 28] [ 9140 11554] [] 1716186589.2600133419
[ 1 -1  1] [11 19 28] [ 9026 13440 11053] [] 1716186589.3030030727
[1 1 1] [11 19 28] [ 8946 10127 11046] [] 1716186589.3460738659
[1 1 1] [11 19 28] [ 8877  9763 10860] [] 1716186589.3890612125
[ 1  1 -1  1] [11 19 20 28] [ 8784  9057 15740 10802] [] 1716186589.4319918156
[-1  1  1  1] [11 19 20 28] [ 8788  6626 15045 10675] [] 1716186589.4750473499
[-1 -1  1  1 -1] [ 3 11 19 20 28] [ 8443  8888  6119 14344 10824] [] 1716186589.5180664062
[ 1  1  1  1  1 -1] [ 3 11 19 20 28 44] [ 7693  8749  5281 13155 10789 12717] [] 1716186589.5610067844
[ 1  1  1  1 -1 -1  1] [ 3 11 19 20 27 28 44] [ 5563  8743  5002 12299 13164 10944 12637] [] 1716186589.6041173935
[ 1 -1 -1  1  1  1 -1 -1] [ 3 10 11 19 20 27 28 44] [ 5442 15313  8794  4830 12016 12508 11001 12666] [] 1716186589.6472651958
[ 1  1  1  1  1  1 -1 -1  1] [ 3 10 11 19 20 27 28 29 44] [ 5303 14432  8720  4731 11881 12490 11013 11765 12655] [] 1716186589.6902606487
[ 1  1 -1  1  1 -1 -1  1  1  1  1] [ 3 10 11 19 20 21 26 27 28 29 44] [ 5171 13606  8763  4509 11650 11083 13629 12413 10839 11321  9690] [] 1716186589.7332966328
[ 1  1 -1 -1  1  1  1  1  1  1  1] [ 3 10 11 19 20 21 26 27 28 29 44] [ 5044 13382  8786  4524 11570 11021 11169 12312 10771 11276  7055] [] 1716186589.7763078213
[1 1 1 1 1 1 1 1 1 1 1] [ 3 10 11 19 20 21 26 27 28 29 44] [ 4974 10384  7940  4333 10665 10577  9225 12247 10732 10998  5755] [] 1716186589.8192765713
[ 1  1  1  1  1  1  1  1 -1  1 -1  1] [ 3 10 11 19 20 21 26 27 28 29 36 44] [ 4227  9933  6959  4073 10563 10376  8964 12127 10746 10652 16217  4953] [] 1716186589.8623065948
[-1  1 -1  1  1  1 -1  1  1  1  1  1  1] [ 2  3 10 11 19 20 21 26 27 28 29 36 44] [15247  4105 10061  6452  3930 10389 10449  8779 11972 10467 10548 15563
  4413] [] 1716186589.9051482677
[-1  1 -1  1  1  1  1  1 -1  1  1  1  1] [ 2  3 10 11 19 20 21 26 27 28 29 36 44] [15301  4003 10127  6063  3769 10207 10262  8557 12049 10399 10336 12795
  4343] [] 1716186589.9482896328
[-1  1  1  1  1  1  1  1 -1  1  1 -1 -1  1 -1 -1 -1] [ 2  3 10 11 19 20 21 26 27 28 29 34 35 36 42 44 45] [15605  3891  9280  5647  3640  9200 10153  8382 12329  8706 10062 11439
 15255 12566 13485  4364 11951] [] 1716186589.9913299084
[-1  1  1  1  1  1 -1  1  1  1  1  1  1  1  1 -1  1] [ 2  3 10 11 19 20 21 26 27 28 29 34 35 36 42 44 45] [15712  3835  8208  4602  3557  8320 10161  8248 12047  6793  9927 11403
 14010 12407 12429  4409  6971] [] 1716186590.0342986584
[-1 -1 -1  1  1 -1 -1  1  1  1 -1  1  1  1  1  1  1  1  1] [ 2  3  4 10 11 18 19 20 21 26 27 28 29 34 35 36 42 44 45] [16135  3913 11180  8009  4361 10681  3564  7066 10078  8228 12277  6414
  8550 11395 10895 12251 10979  4083  6707] [] 1716186590.0772707462
[-1  1  1  1  1  1  1  1 -1  1  1  1  1  1 -1  1 -1  1  1  1] [ 2  3  4 10 11 18 19 20 21 26 27 28 29 34 35 36 37 42 44 45] [16306  3877 10599  7653  4171 10256  3524  6727 10099  8129  9989  5424
  7921 11392 12462 11659 16330 10635  4015  6550] [] 1716186590.1202781200
[ 1  1  1  1  1  1  1  1 -1  1  1  1  1  1  1  1  1  1  1  1] [ 3  4 10 11 18 19 20 21 23 26 27 28 29 34 35 36 37 42 44 45] [ 3809 10141  7310  3947  9937  3502  6463 10098 14869  7937  9612  4964
  6714 11178  9851 11282 12181  8165  3730  6264] [] 1716186590.1633057594
[ 1  1  1  1  1  1  1  1  1  1  1  1  1  1  1  1  1  1 -1 -1 -1] [ 3  4 10 11 18 19 20 21 23 26 27 28 29 34 35 36 37 42 44 45 53] [ 3753  9697  7039  3531  9749  3378  6142 10026 13692  7825  9358  4660
  6453  8520  8935 10819 11891  7628  3742  6317 11637] [] 1716186590.2062332630
[ 1 -1  1  1  1  1 -1  1  1  1  1  1 -1  1 -1  1  1  1  1  1  1] [ 3  4 10 11 18 19 20 21 23 26 27 28 29 34 35 36 37 42 44 45 53] [ 3727  9747  6948  3432  7303  3348  6157  9834 13556  7706  9150  4436
  6466  8336  8945 10813 11659  6320  3647  6155 10957] [] 1716186590.2492547035
[ 1 -1  1  1  1  1  1  1  1  1  1  1  1  1 -1  1  1  1  1 -1  1] [ 3  4 10 11 18 19 20 21 23 26 27 28 29 34 35 36 37 42 44 45 53] [ 3697  9839  6877  3342  7241  3301  5897  9673 13340  6781  8959  4153
  6183  8216  9353  9681 11488  5054  3519  6183  6388] [] 1716186590.2923302650
[-1  1 -1  1  1  1  1  1 -1  1  1 -1  1  1 -1  1  1 -1  1  1 -1  1] [ 1  3  4 10 11 18 19 20 21 23 26 27 28 29 34 35 36 37 42 44 45 53] [14917  3565 10133  6770  3123  7137  3198  5717  9681 12998  6341  8994
  3823  5379  8227  7612  9655 11515  4728  3271  6213  6088] [] 1716186590.3353183270
[ 1  1  1  1  1  1  1  1  1  1  1  1  1  1 -1 -1  1  1 -1 -1  1 -1 -1  1] [ 1  3  4 10 11 18 19 20 21 23 26 27 28 29 34 35 36 37 42 44 45 46 51 53] [14764  3538  9719  6711  3066  7071  3113  5345  9673 12929  5746  7217
  3595  4441  8228  7758  6320 11514  4882  3327  5663 10708  8882  6085] [] 1716186590.3782389164
[-1  1  1  1  1  1  1  1  1 -1  1  1  1  1  1 -1  1 -1  1  1  1  1  1  1] [ 1  3  4 10 11 18 19 20 21 23 26 27 28 29 34 35 36 37 42 44 45 46 51 53] [14784  3450  9382  6038  2911  6972  3086  5123  9650 12968  5400  7121
  3349  4375  8198  7762  5778 11661  4758  3163  5527 10559  8438  5844] [] 1716186590.4212565422
[ 1  1  1  1  1  1  1  1  1  1  1  1  1  1  1  1  1 -1  1  1  1  1  1  1] [ 1  3  4 10 11 18 19 20 21 23 26 27 28 29 34 35 36 37 42 44 45 46 51 53] [14588  3431  9284  5535  2735  6937  3036  5027  9602 12860  4972  7029
  3179  4245  7199  7023  5508 11843  4566  3059  5403 10225  8199  5672] [] 1716186590.4643130302
[ 1  1  1  1  1  1  1  1  1 -1  1  1  1  1 -1  1  1 -1  1  1  1  1  1  1
 -1 -1] [ 1  3  4 10 11 18 19 20 21 23 26 27 28 29 34 35 36 37 42 44 45 46 51 53
 54 61] [14125  3285  9242  5321  2703  6907  2968  4655  9535 12960  4691  6983
  3101  4194  7257  6740  5331 11899  4423  2815  4927  7351  8143  5616
 11969  6500] [] 1716186590.5073108673
[ 1  1  1  1  1  1  1  1  1 -1  1  1  1 -1  1  1  1  1  1  1  1  1 -1 -1
 -1  1  1 -1] [ 1  3  4 10 11 18 19 20 21 23 26 27 28 29 34 35 36 37 42 44 45 46 47 50
 51 53 54 61] [13984  3141  9226  4917  2462  6310  2904  4455  9427 12974  4397  6964
  2968  4207  7141  6051  5250  8979  4171  2751  4819  7147 10499 14480
  8146  5602 11694  6507] [] 1716186590.5503206253
[ 1  1  1  1  1  1  1  1 -1 -1  1  1  1  1  1 -1  1  1 -1  1  1  1  1  1
 -1  1 -1  1  1  1] [ 1  3  4 10 11 18 19 20 21 23 26 27 28 29 34 35 36 37 38 42 44 45 46 47
 50 51 52 53 54 61] [13882  3081  9188  4670  2398  6138  2894  3874  9430 13034  4205  6940
  2852  4142  7098  6132  5056  8843 14094  3646  2750  4585  7132  6860
 14962  7983 15270  5433 11495  6436] [] 1716186590.5932865143
[ 1  1 -1  1  1  1  1  1 -1 -1  1  1  1  1  1  1  1  1  1  1  1  1 -1  1
  1  1  1  1  1  1] [ 1  3  4 10 11 18 19 20 21 23 26 27 28 29 34 35 36 37 38 42 44 45 46 47
 50 51 52 53 54 61] [13775  3030  9266  4383  2367  5508  2862  3764  9556 13296  3901  6922
  2791  4107  7056  5860  4886  8793 13988  3432  2681  4516  7176  5589
 14569  7946 13045  5353 11492  6250] [] 1716186590.6362977028
[-1 -1  1  1  1  1  1 -1  1 -1  1  1  1  1 -1  1  1  1  1  1  1  1  1 -1
  1  1 -1  1  1  1  1] [ 1  2  3  4 10 11 18 19 20 21 23 26 27 28 29 34 35 36 37 38 42 44 45 46
 47 50 51 52 53 54 61] [13922 16124  2901  9072  4194  2338  5282  2882  3684  9569 13104  3711
  6811  2736  4126  6929  5788  4734  8578 13855  3234  2649  4219  7208
  5001  8992  8055 12823  4845  7342  6210] [] 1716186590.6793110371
[ 1  1  1  1  1  1 -1  1  1  1 -1 -1  1  1  1  1  1  1  1 -1  1  1  1  1
  1  1  1  1 -1  1  1  1] [ 1  2  3  4 10 11 15 18 19 20 21 23 26 27 28 29 34 35 36 37 38 42 44 45
 46 47 50 51 52 53 54 61] [13846 15504  2803  8952  4144  2290 16125  5280  2855  3639  9570 13136
  3671  6503  2596  4079  6546  5608  4422  8658 13835  3043  2595  4133
  6246  4308  8803  7446 13323  4652  6268  6026] [] 1716186590.7223386765
[ 1  1  1 -1  1  1  1 -1  1  1 -1 -1  1  1  1 -1  1  1  1  1  1  1  1  1
  1  1  1  1  1  1  1 -1 -1] [ 1  2  3  4 10 11 15 18 19 20 21 23 26 27 28 29 34 35 36 37 38 42 44 45
 46 47 50 51 52 53 54 60 61] [13772 14706  2761  8959  4032  2213 15007  5283  2765  3507  9630 13146
  3551  6457  2464  4103  6304  5577  4328  8451 13477  2848  2558  3994
  6178  4109  8656  7440 12079  4141  6043 13466  6114] [] 1716186590.7652828693
[-1 -1  1 -1  1  1  1 -1 -1  1 -1 -1  1 -1  1  1  1 -1  1  1 -1  1  1  1
  1  1  1 -1  1  1  1  1  1] [ 1  2  3  4 10 11 15 18 19 20 21 23 26 27 28 29 34 35 36 37 38 42 44 45
 46 47 50 51 52 53 54 60 61] [13775 15028  2670  8999  3912  2198 14783  5297  2772  3493  9688 13154
  3463  6484  2455  4047  6149  5786  4213  8035 13658  2715  2479  3697
  5679  3925  8360  7520  7778  4100  6019 12368  6063] [] 1716186590.8083376884
[-1  1  1  1  1  1  1  1  1  1 -1  1  1  1  1  1 -1  1  1  1  1  1  1  1
  1 -1 -1 -1  1 -1  1 -1 -1  1 -1] [ 1  2  3  4 10 11 15 18 19 20 21 23 26 27 28 29 32 34 35 36 37 38 42 44
 45 46 47 50 51 52 53 54 55 60 61] [13846 14810  2601  8904  3828  2139 14495  5245  2742  3425  9724 13136
  3283  6128  2402  3980 13388  5706  5780  3857  7620 13391  2654  2411
  3404  5685  4037  8422  6904  8117  3800  6134 12247 12352  6099] [] 1716186590.8512358665
[-1  1  1 -1 -1  1 -1 -1  1  1  1  1  1  1 -1  1  1  1  1 -1  1  1  1  1
  1  1  1 -1  1 -1 -1  1  1  1 -1  1] [ 1  2  3  4 10 11 12 15 18 19 20 21 23 26 27 28 29 32 34 35 36 37 38 42
 44 45 46 47 50 51 52 53 54 55 60 61] [13855 14356  2481  8965  4124  2099 15919 15591  4532  2735  3376  9628
 13110  3158  6264  2361  3950 13367  5706  5793  3737  7396 13377  2612
  2388  3395  5619  4039  8421  6943  8123  3762  6109 12233 12422  6076] [] 1716186590.8943247795
[-1  1 -1  1  1  1  1  1  1  1  1  1  1 -1 -1  1  1  1  1 -1  1  1  1  1
 -1 -1  1  1  1 -1 -1 -1  1 -1  1  1] [ 1  2  3  4 10 11 12 15 18 19 20 21 23 26 27 28 29 32 34 35 36 37 38 42
 44 45 46 47 50 51 52 53 54 55 60 61] [13931 10706  2539  8855  4106  2064 15823 15383  4385  2681  3338  9603
 13044  3174  6426  2346  3907 13358  5439  5804  3668  7345 13295  2604
  2399  3437  5555  4032  8248  6961  8295  3780  5965 12326 11014  6073] [] 1716186590.9373061657
[-1  1  1 -1  1  1 -1 -1  1 -1  1 -1 -1  1 -1 -1 -1  1  1 -1  1  1  1 -1
  1  1 -1  1  1  1 -1 -1  1 -1 -1  1] [ 1  2  3  4 10 11 12 15 18 19 20 21 23 26 27 28 29 32 34 35 36 37 38 42
 44 45 46 47 50 51 52 53 54 55 60 61] [13995 10656  2493  8863  4096  2062 15839 15387  4351  2710  3314  9607
 13048  3125  6479  2361  3934 12460  5393  5822  3637  7320 13221  2606
  2387  3383  5597  3974  8211  6952  8500  3845  5865 13751 12222  6032] [] 1716186590.9803633690
[-1  1 -1 -1  1 -1  1  1  1  1 -1  1 -1  1  1  1  1  1 -1  1 -1 -1 -1 -1
 -1 -1 -1 -1 -1 -1  1 -1 -1  1] [ 1  2  3  4 10 11 12 15 18 19 20 21 23 26 27 28 29 32 34 35 36 37 38 42
 44 45 46 47 50 51 52 53 54 61] [14110 10577  2497  8916  3736  2071 15612 14139  4307  2667  3392  9581
 13116  3107  6331  2348  3878 12333  5439  5402  3639  7477 13235  2678
  2399  3465  5712  4095  8346  7459  8210  4053  5919  5951] [] 1716186591.0232791901
[-1 -1 -1  1  1 -1  1  1 -1 -1  1  1  1 -1 -1 -1 -1 -1 -1  1 -1  1 -1 -1
 -1 -1 -1 -1 -1 -1 -1 -1 -1 -1] [ 1  2  3  4 10 11 12 15 18 19 20 21 23 26 27 28 29 32 34 35 36 37 38 42
 44 45 46 47 50 51 52 53 54 61] [14219 11947  2559  8852  3732  2099 15534 14111  5047  2730  3364  9518
 13006  3324  6415  2354  3885 13480  5671  5338  3884  7421 13552  2934
  2483  3647  6567  4309  8723  7491  8793  4112  7047  6015] [] 1716186591.0662250519
[ 1 -1 -1  1 -1 -1 -1 -1 -1  1 -1 -1 -1 -1  1 -1 -1 -1 -1 -1  1  1 -1 -1
 -1 -1 -1 -1 -1 -1 -1 -1 -1] [ 1  2  3  4 10 11 12 15 18 19 20 21 23 26 27 28 29 34 35 36 37 38 42 44
 45 46 47 50 51 52 53 54 61] [14046 13346  2659  8820  3856  2146 15636 14463  5231  2730  3369  9621
 13046  3392  6387  2380  3955  5763  5370  3994  7297 13542  3025  2522
  3790  7779  4820 14353  7792 10907  4212  9064  6165] [] 1716186591.1093366146
[ 1  1 -1 -1 -1 -1 -1  1 -1 -1  1 -1 -1 -1 -1 -1 -1 -1 -1 -1 -1 -1 -1 -1
  1 -1  1 -1 -1 -1 -1 -1] [ 1  2  3  4 10 11 15 18 19 20 21 23 26 27 28 29 34 35 36 37 38 42 44 45
 46 47 50 51 52 53 54 61] [14042 13328  2729  8833  3892  2249 14903  5199  2745  3447  9508 13167
  3424  6393  2459  3960  5782  5446  4047  7417 13813  3250  2586  3973
  7747  6205 14155  7995 12781  5166 11511  6256] [] 1716186591.1523592472
[ 1 -1 -1  1 -1 -1 -1 -1 -1  1 -1 -1 -1 -1 -1 -1  1 -1 -1  1 -1 -1 -1 -1
 -1  1 -1 -1  1 -1] [ 1  2  3  4 10 11 18 19 20 21 23 26 27 28 29 34 35 36 37 38 42 44 45 46
 47 51 52 53 54 61] [13680 15298  2784  8780  4083  2291  5887  2797  3524  9415 13172  3588
  6892  2561  4015  6667  5350  4206  7522 13777  3332  2599  4244  7856
  7718  7874 13406  5244 11502  6320] [] 1716186591.1952886581
[ 1 -1 -1  1 -1 -1 -1 -1 -1  1 -1  1 -1 -1  1  1 -1 -1 -1 -1 -1  1 -1 -1
 -1 -1] [ 1  3  4 10 11 18 19 20 21 23 26 27 28 29 34 35 36 37 42 44 45 46 51 53
 54 61] [13618  2859  8785  4077  2301  5917  2841  3564  9443 13084  3779  6767
  2635  4027  6575  5269  4282  7739  3672  2663  4557  7783  8025  5346
 12532  6381] [] 1716186591.2383227348
[ 1 -1 -1 -1 -1 -1  1 -1  1  1 -1 -1 -1 -1 -1  1 -1 -1 -1 -1 -1 -1 -1 -1] [ 1  3  4 10 11 18 19 20 21 23 26 27 28 29 34 35 36 37 42 44 45 46 51 53] [13375  3085  8809  4196  2402  5964  2816  3652  9334 13029  4249  6790
  2720  4114  6582  5269  4438  7919  3816  2735  4754 10237  8131  5350] [] 1716186591.2812051773
[-1 -1  1 -1 -1 -1 -1 -1 -1  1 -1 -1 -1  1 -1 -1 -1 -1 -1 -1 -1 -1 -1 -1] [ 1  3  4 10 11 18 19 20 21 23 26 27 28 29 34 35 36 37 42 44 45 46 51 53] [13562  3139  8790  4898  2544  6749  2857  4095  9339 12990  4478  6934
  2840  4073  6991  5348  4743  8060  4076  2876  4979 10607  8501  5632] [] 1716186591.3242831230
[-1 -1 -1 -1 -1 -1 -1 -1 -1  1 -1 -1 -1 -1 -1 -1 -1 -1 -1 -1 -1 -1] [ 1  3  4 10 11 18 19 20 21 23 26 27 28 29 34 35 36 37 42 44 45 53] [13584  3281  8792  5071  2685  6831  2890  4229  9396 12978  4937  6989
  2947  4146  7145  6018  4995  8384  4462  2951  5426  5928] [] 1716186591.3672685623
[-1 -1  1 -1 -1 -1 -1 -1  1 -1 -1 -1 -1 -1  1 -1 -1 -1 -1 -1 -1 -1] [ 1  3  4 10 11 18 19 20 21 23 26 27 28 29 34 35 36 37 42 44 45 53] [13832  3307  8787  5579  2776  6853  2973  4811  9329 13116  5325  7021
  3049  4207  7123  6813  5062  8682  5567  3315  6001  7150] [] 1716186591.4102680683
[ 1 -1 -1 -1 -1 -1 -1 -1  1  1 -1 -1 -1 -1 -1 -1 -1 -1 -1 -1  1] [ 1  3  4 10 11 18 19 20 21 23 26 27 28 29 34 35 36 37 42 44 45] [13778  3455  8826  6279  2943  6927  3015  5154  9250 13043  6512  7126
  3205  4986  8253  6957  5838 10910  8320  3330  5932] [] 1716186591.4531543255
[-1 -1 -1 -1 -1 -1 -1 -1 -1  1 -1 -1 -1 -1 -1 -1 -1 -1 -1 -1 -1] [ 1  3  4 10 11 18 19 20 21 23 26 27 28 29 34 35 36 37 42 44 45] [15500  3470  8839  6299  3036  7003  3098  5621  9348 12825  7477  7258
  3625  5178  8322  7959  7889 11622 11159  3399  6055] [] 1716186591.4962463379
[ 1 -1 -1 -1 -1 -1 -1  1  1  1 -1 -1 -1 -1 -1 -1 -1  1 -1 -1 -1] [ 1  3  4 10 11 18 19 20 21 23 26 27 28 29 34 35 36 37 42 44 45] [15365  3611  8942  6527  3214  7052  3149  5605  9323 12700  7692  9151
  3874  6380  8441  8460  9927 11555 11987  3601  6245] [] 1716186591.5392537117
[ 1 -1  1 -1 -1 -1 -1 -1 -1 -1 -1 -1 -1 -1 -1  1 -1 -1 -1 -1] [ 1  3  4 10 11 18 19 20 21 23 26 27 28 29 34 35 36 37 44 45] [15022  3671  8941  6731  3573  7234  3287  5712  9399 12864  7797  9199
  4301  6901  8638  8142 10095 11916  3918  6671] [] 1716186591.5823047161
[ 1  1 -1 -1 -1 -1 -1 -1 -1  1 -1 -1 -1 -1 -1 -1 -1 -1 -1] [ 3  4 10 11 18 19 20 21 23 26 27 28 29 34 35 36 37 44 45] [ 3631  8870  6837  3883  9774  3316  5935  9612 13269  7794  9285  4741
  7189 11118  8817 10467 12223  4003 11672] [] 1716186591.6252503395
[-1 -1 -1 -1 -1 -1 -1 -1 -1  1 -1 -1 -1 -1 -1  1] [ 3  4 10 11 18 19 20 21 26 27 28 29 34 35 36 44] [ 3695  8989  7193  4365  9907  3423  6260  9632  7958  8844  5419  8153
 11268  9813 11425  3983] [] 1716186591.6682682037
[-1 -1 -1 -1 -1 -1 -1 -1 -1 -1 -1 -1 -1 -1 -1 -1] [ 3  4 10 11 18 19 20 21 26 27 28 29 34 35 36 44] [ 3732  9107  7648  4604 10168  3511  6802  9672  8243  9054  6101  9647
 11435 12231 11809  4516] [] 1716186591.7112321854
[ 1 -1 -1 -1  1 -1 -1 -1 -1 -1  1 -1 -1] [ 3  4 10 11 19 20 21 26 27 28 29 36 44] [ 3668 15006  8257  5819  3428  8842  9903  8302 11501  9133  9611 12401
  5640] [] 1716186591.7542860508
[-1 -1 -1 -1 -1 -1 -1  1 -1 -1 -1 -1] [ 3 10 11 19 20 21 26 27 28 29 36 44] [ 3718  9390  6275  3576  9634 10199  8593 11216 10224 10095 12893  7219] [] 1716186591.7972958088
[-1 -1 -1 -1 -1  1 -1 -1  1 -1 -1 -1] [ 3 10 11 19 20 21 26 27 28 29 36 44] [ 4179  9784  7492  3705  9876 10104 10054 11956 10137 10331 14889 11977] [] 1716186591.8402416706
[-1 -1 -1 -1 -1 -1 -1 -1 -1 -1] [ 3 10 11 19 20 21 27 28 29 44] [ 4847 10229  7526  3931 10281 10391 12285 10221 10649 12785] [] 1716186591.8832814693
[-1 -1 -1 -1 -1 -1  1 -1 -1 -1 -1] [ 3 10 11 19 20 21 27 28 29 36 44] [ 4947 11640  7553  4115 10462 10608 12129 10284 10676 15739 12881] [] 1716186591.9262318611
[-1 -1 -1 -1 -1 -1 -1 -1 -1] [ 3 10 11 19 20 21 27 28 29] [ 5075 13097  8575  4433 10658 10699 12354 10514 11178] [] 1716186591.9692404270
[-1 -1 -1 -1 -1 -1 -1 -1] [ 3 10 11 19 20 21 27 28] [ 5174 13448  8619  4629 11238 10818 12425 10560] [] 1716186592.0122449398
[-1  1 -1 -1 -1 -1] [ 3 11 19 20 27 28] [ 7001  8563  5109 12224 13000 10636] [] 1716186592.0552372932
[-1 -1 -1 -1 -1] [ 3 11 19 20 28] [ 7918  8665  6133 12926 10714] [] 1716186592.0982043743
[-1 -1 -1 -1] [11 19 20 28] [ 8692  7211 16377 10970] [] 1716186592.1411998272
[ 1 -1  1] [11 19 28] [ 8568  9097 10946] [] 1716186592.1841752529
[-1 -1 -1] [11 19 28] [ 8756  9543 11149] [] 1716186592.2272000313
[-1 -1] [11 28] [ 8808 11374] [] 1716186592.2702078819
[1] [11] [8497] [] 1716186592.3131854534
[-1] [11] [8609] [] 1716186592.3738381863
2 2 2 1716186592.3740992546
