FA TAX ADC PRES TS
[1 1] [11 28] [10323 12152] [] 1716186617.7311539650
[1 1] [11 28] [10100 11971] [] 1716186617.7740664482
[1 1] [11 28] [ 9823 11590] [] 1716186617.8169982433
[1 1] [11 28] [ 9675 11354] [] 1716186617.8599185944
[1 1] [11 28] [ 9084 10670] [] 1716186617.9028682709
[1 1] [11 28] [ 8916 10582] [] 1716186617.9458420277
[1 1] [11 28] [ 8647 10435] [] 1716186617.9888470173
[-1 -1 -1] [11 28 29] [ 8848 10795 11853] [] 1716186618.0318624973
[-1 -1 -1 -1  1] [11 19 20 28 29] [ 8945 10626 14582 11040 11447] [] 1716186618.0749359131
[-1 -1  1  1  1  1] [ 3 11 19 20 28 29] [10396  9006 10236 13479 10867 10999] [] 1716186618.1180016994
[ 1  1  1  1 -1  1] [ 3 11 19 20 28 29] [ 8239  8948  9913 13372 10904 10801] [] 1716186618.1608979702
[ 1  1 -1  1 -1 -1  1] [ 3 11 19 20 27 28 29] [ 6056  8923 10000 12621 12939 10945 10682] [] 1716186618.2038784027
[ 1  1  1  1  1  1  1 -1] [ 3 11 19 20 27 28 29 44] [ 5815  8751  9731 12015 12462 10786 10406 13449] [] 1716186618.2468867302
[ 1  1  1  1  1  1 -1  1] [ 3 11 19 20 27 28 29 44] [ 5554  8703  7628 11798 12428 10683 10482 12757] [] 1716186618.2899608612
[1 1 1 1 1 1 1 1] [ 3 11 19 20 27 28 29 44] [ 5379  8700  7343 11419 12125 10415 10217 12473] [] 1716186618.3329422474
[ 1 -1  1  1 -1 -1 -1 -1 -1  1] [ 3 11 19 20 21 26 27 28 29 44] [ 5305  8828  7001 11277 11243 11027 12159 10483 10279 11059] [] 1716186618.3758816719
[1 1 1 1 1 1 1 1 1 1] [ 3 11 19 20 21 26 27 28 29 44] [ 5279  7994  6691 11250 10615 10623  9894 10405 10248  8305] [] 1716186618.4188644886
[ 1  1 -1  1  1  1  1  1  1  1  1] [ 3 11 18 19 20 21 26 27 28 29 44] [ 5211  7910 11128  6335 11065 10433 10531  9860 10402 10101  6993] [] 1716186618.4619007111
[ 1  1  1  1  1  1  1  1 -1  1  1] [ 3 11 18 19 20 21 26 27 28 29 44] [ 5147  7790 10783  6031 10780 10145  8747  9784 10433 10061  5139] [] 1716186618.5048780441
[ 1  1  1  1  1 -1  1  1  1  1  1] [ 3 11 18 19 20 21 26 27 28 29 44] [ 4898  7626 10455  5674 10428 10244  8327  9737 10424  9976  4768] [] 1716186618.5478861332
[ 1 -1  1  1  1  1  1  1  1  1 -1  1 -1] [ 3 11 18 19 20 21 26 27 28 29 36 44 45] [ 4881  7681 10163  5310 10311 10130  8165  7472 10324  9922 14812  4740
  8613] [] 1716186618.5908834934
[ 1  1  1  1  1  1 -1  1 -1 -1 -1 -1  1 -1 -1  1  1] [ 3 11 18 19 20 21 23 26 27 28 29 35 36 37 42 44 45] [ 4506  7114  7923  4907 10113 10111 14119  8047  7502 10360 10036 14258
 14289 16367 11118  4598  6794] [] 1716186618.6339132786
[ 1  1  1  1  1  1  1  1 -1  1 -1 -1  1  1  1  1  1  1] [ 3 11 18 19 20 21 23 26 27 28 29 34 35 36 37 42 44 45] [ 4162  5831  7514  4685  9574 10082 13531  7984  8652 10238 10140 12009
 13513 13469 13221 10457  4423  6643] [] 1716186618.6769309044
[ 1  1  1  1  1  1  1  1  1 -1  1  1  1 -1  1  1  1  1] [ 3 11 18 19 20 21 23 26 27 28 29 34 35 36 37 42 44 45] [ 4029  5211  7330  4465  8014  9996 13381  7889  7069 10297 10051  9375
 13176 13478 12861  9724  4221  6522] [] 1716186618.7199232578
[-1 -1 -1  1  1  1  1 -1  1  1  1  1  1  1  1  1  1  1  1  1] [ 2  3  4 11 18 19 20 21 23 26 27 28 29 34 35 36 37 42 44 45] [12865  4122 12979  4545  7253  4147  7014 10050 13083  7825  6583  9175
  8233  8904 10626 13119 12657  6609  3720  6147] [] 1716186618.7629199028
[ 1  1  1  1  1  1  1 -1  1  1  1  1  1  1 -1  1  1  1  1 -1 -1] [ 2  3  4 11 18 19 20 21 23 26 27 28 29 34 35 36 37 42 44 45 53] [12789  4102 10279  3747  7162  3952  6356 10056 12849  6868  6008  8943
  7099  8609 11065 12742 12284  5984  3717  6175 14985] [] 1716186618.8059632778
[-1  1  1 -1  1  1  1 -1  1 -1  1  1  1  1  1 -1 -1  1  1  1 -1 -1  1] [ 2  3  4 10 11 18 19 20 21 23 26 27 28 29 34 35 36 37 42 44 45 51 53] [12908  4075 10070 15099  3567  6493  3874  6498  9889 12934  6558  5843
  8770  6293  8539 11787 12899 12198  5422  3689  6214 11870  9411] [] 1716186618.8489730358
[-1  1  1  1  1  1  1  1  1 -1  1 -1  1  1 -1  1  1 -1  1  1  1 -1  1  1] [ 2  3  4 10 11 18 19 20 21 23 26 27 28 29 34 35 36 37 42 44 45 46 51 53] [12938  4047 10054 14824  3426  6340  3746  6278  9864 13050  6421  5864
  8470  6119  8552 10498 12669 12311  4613  3619  6198 10780 11192  6864] [] 1716186618.8919746876
[-1  1 -1  1  1  1  1  1 -1  1  1  1  1  1  1  1  1  1  1  1  1  1  1  1
  1] [ 1  2  3  4 10 11 18 19 20 21 23 26 27 28 29 34 35 36 37 42 44 45 46 51
 53] [16070 12937  4071  9649 12275  3303  6310  3696  6310  9699 12891  5877
  5715  6728  6030  8255 10216 12286 11689  4516  3466  6101 10428  8459
  6614] [] 1716186618.9349451065
[1 1 1 1 1 1 1 1 1 1 1 1 1 1 1 1 1 1 1 1 1 1 1 1 1] [ 1  2  3  4 10 11 18 19 20 21 23 26 27 28 29 34 35 36 37 42 44 45 46 51
 53] [15856  8872  4018  9543 11903  3255  5683  3641  6271  9651 12835  5493
  5662  6015  5535  8208  9267 11702 11473  4288  3415  5957  9032  8239
  5704] [] 1716186618.9779331684
[ 1  1  1 -1  1  1  1  1  1 -1 -1  1 -1  1  1  1  1  1 -1  1  1  1  1  1
  1] [ 1  2  3  4 10 11 18 19 20 21 23 26 27 28 29 34 35 36 37 42 44 45 46 51
 53] [15644  8678  4011  9609 11132  3107  5239  3571  5863  9685 12928  5051
  5702  5359  5473  8200  9162 11576 12034  4076  3303  5847  6778  8015
  4950] [] 1716186619.0209391117
[-1 -1 -1  1  1  1  1  1  1  1  1  1  1  1  1  1  1 -1 -1  1 -1  1  1  1
 -1 -1 -1] [ 1  2  3  4 10 11 18 19 20 21 23 26 27 28 29 34 35 36 37 42 44 45 46 51
 53 54 61] [15776  8712  4015  9385  9722  2930  4885  3459  5224  9610 12844  4227
  5553  4831  4607  7166  9087 11685 12282  3809  3343  5797  6239  7921
  5157 11894  6885] [] 1716186619.0640158653
[-1  1  1 -1  1  1  1  1  1  1 -1  1  1  1  1  1  1  1 -1  1  1  1  1  1
 -1  1  1  1] [ 1  2  3  4 10 11 18 19 20 21 23 26 27 28 29 34 35 36 37 42 44 45 46 51
 52 53 54 61] [15792  8530  3631  9409  7954  2755  4779  3395  4997  9411 12909  3899
  5506  4360  4535  7131  8501  9404 12355  3584  3279  5663  5922  7669
 13967  5077 11625  6686] [] 1716186619.1071596146
[ 1 -1  1 -1  1  1  1  1  1  1  1  1  1  1  1  1  1  1  1  1  1  1  1  1
  1  1 -1  1] [ 1  2  3  4 10 11 18 19 20 21 23 26 27 28 29 34 35 36 37 42 44 45 46 51
 52 53 54 61] [15389  8543  3538  9587  7749  2666  4665  3326  4928  9354 12908  3770
  5493  4015  4431  7097  6782  6830 10615  3449  3243  5181  5875  7561
 13067  4889 11708  6553] [] 1716186619.1501379013
[-1  1  1  1 -1  1  1  1  1 -1 -1  1 -1  1 -1  1  1  1  1  1  1  1 -1 -1
 -1 -1  1  1  1  1] [ 1  2  3  4 10 11 18 19 20 21 23 26 27 28 29 34 35 36 37 42 44 45 46 47
 50 51 52 53 54 61] [15417  8442  3397  9511  7756  2535  4185  3275  4807  9434 12978  3693
  5619  3567  4445  7067  6645  6602  9941  3322  3146  5131  5941  9292
 10188  7649  8602  4706  9154  6427] [] 1716186619.1931543350
[-1 -1  1 -1  1  1  1  1  1 -1 -1  1  1  1  1  1  1  1  1 -1  1  1  1 -1
  1  1  1  1  1  1  1] [ 1  2  3  4 10 11 18 19 20 21 23 26 27 28 29 34 35 36 37 38 42 44 45 46
 47 50 51 52 53 54 61] [15631  8693  3327  9557  7513  2464  4133  3172  4563  9744 13110  3549
  5605  3307  4387  6251  6566  6189  9418 14087  3162  3107  4797  6032
  6593 10060  5691  8157  4496  9112  6407] [] 1716186619.2361752987
[ 1 -1  1 -1 -1  1  1  1  1  1 -1  1  1  1 -1  1 -1  1  1  1 -1 -1  1  1
  1  1  1  1  1  1  1  1] [ 1  2  3  4 10 11 18 19 20 21 23 26 27 28 29 34 35 36 37 38 41 42 44 45
 46 47 50 51 52 53 54 61] [15564  8718  3177  9802  7545  2431  4127  3116  4463  9682 13156  3462
  5334  3155  4409  6135  6777  5951  9323 13893 14315  3184  3041  4303
  6003  5642  9877  5661  7842  4320  8809  6282] [] 1716186619.2790262699
[-1  1  1  1  1  1 -1  1  1  1  1  1  1 -1  1  1  1  1  1  1  1 -1  1  1
  1  1  1  1  1  1  1  1  1] [ 1  2  3  4 10 11 12 18 19 20 21 23 26 27 28 29 34 35 36 37 38 41 42 44
 45 46 47 50 51 52 53 54 61] [15816  8560  3049  9709  7396  2351 15270  4093  3109  4418  9195 13024
  3367  5343  3040  4354  6131  6487  5545  9201 13661 14359  2976  2975
  4136  5855  4826  9783  5619  6385  4087  7438  6164] [] 1716186619.3220067024
[-1  1  1  1  1  1  1  1  1  1  1  1  1  1  1  1 -1  1  1  1  1 -1  1  1
  1  1  1  1 -1  1 -1  1  1 -1 -1] [ 1  2  3  4 10 11 12 18 19 20 21 23 26 27 28 29 32 34 35 36 37 38 41 42
 44 45 46 47 50 51 52 53 54 55 61] [16367  8229  2835  9539  6940  2331 15152  3907  3058  4106  8652 13005
  3206  5211  2851  4305 12529  6103  6274  5245  9024 13973 14143  2800
  2951  4104  5825  4415  9915  5566  6633  3896  6950 12987  6198] [] 1716186619.3649446964
[ 1  1  1  1 -1  1  1  1  1  1  1 -1  1 -1  1  1  1  1 -1  1  1  1  1 -1
 -1 -1  1  1  1  1  1  1 -1  1  1 -1 -1] [ 1  2  3  4 10 11 12 18 19 20 21 23 26 27 28 29 32 34 35 36 37 38 41 42
 43 44 45 46 47 50 51 52 53 54 55 60 61] [15992  7777  2690  9403  6989  2131 14079  3790  3006  3869  8482 13048
  3149  5256  2700  4251 11541  5883  6284  5147  8642 13774 14107  2856
 15743  2964  3921  5773  4322  8842  5134  6595  3905  6887 11071 12652
  6254] [] 1716186619.4080460072
[ 1  1  1  1 -1  1  1  1  1  1  1 -1  1  1  1 -1  1  1 -1  1  1  1 -1  1
 -1  1  1 -1  1  1  1 -1  1 -1  1  1  1] [ 1  2  3  4 10 11 12 18 19 20 21 23 26 27 28 29 32 34 35 36 37 38 41 42
 43 44 45 46 47 50 51 52 53 54 55 60 61] [15909  7710  2663  9254  7108  2103 13951  3725  2966  3696  8381 13471
  3071  5230  2695  4254 11237  5755  6343  4861  8388 13503 14172  2802
 16331  2944  3898  5785  4307  8735  5087  7149  3841  6991 10223 12526
  6217] [] 1716186619.4510514736
[-1  1  1  1 -1 -1 -1  1  1  1 -1 -1  1 -1  1  1  1  1 -1  1  1  1  1  1
  1  1 -1  1  1  1  1 -1 -1  1  1  1  1] [ 1  2  3  4 10 11 12 18 19 20 21 23 26 27 28 29 32 34 35 36 37 38 41 42
 43 44 45 46 47 50 51 52 53 54 55 60 61] [15967  7593  2656  9203  7644  2115 13997  3681  2965  3664  8409 13567
  3045  5282  2631  4243 11091  5685  6930  4723  8347 13471 14102  2798
 15439  2944  3903  5736  4245  8677  5078  7154  3848  6951 10030 12440
  6210] [] 1716186619.4940257072
[ 1  1  1  1 -1  1 -1  1 -1  1  1  1  1  1  1 -1  1 -1 -1  1 -1 -1  1  1
  1  1  1 -1 -1  1  1  1  1  1  1 -1 -1] [ 1  2  3  4 10 11 12 18 19 20 21 23 26 27 28 29 32 34 35 36 37 38 41 42
 43 44 45 46 47 50 51 52 53 54 55 60 61] [15871  7590  2623  9139  7671  2091 14023  3665  2987  3628  8375 13557
  3004  5240  2580  4259 10861  5694  6965  4474  8397 13565 13983  2789
 15319  2924  3823  5790  4249  8628  5075  7123  3840  6923  9951 12472
  6214] [] 1716186619.5369617939
[ 1  1 -1  1  1  1  1 -1  1  1 -1  1 -1 -1  1  1 -1 -1 -1  1 -1  1 -1  1
  1  1 -1  1 -1 -1  1  1 -1  1 -1  1] [ 1  2  3  4 10 11 12 18 19 20 21 23 26 27 28 29 32 34 35 36 37 38 41 42
 43 44 45 46 47 50 51 52 53 54 55 61] [15855  7424  2669  9103  7554  2071 13947  3701  2968  3614  8459 13539
  3027  5253  2560  4234 10875  5711  6997  4367  8434 13427 14061  2780
 15259  2914  3829  5739  4284  9808  4966  7052  3844  6909 11979  6097] [] 1716186619.5800080299
[-1  1  1 -1  1 -1  1  1 -1 -1  1 -1  1  1 -1 -1  1 -1  1 -1  1 -1 -1 -1
 -1 -1 -1 -1 -1 -1  1 -1 -1 -1] [ 1  2  3  4 10 11 12 18 19 20 21 23 26 27 28 29 32 34 35 36 37 38 41 42
 44 45 46 47 50 51 52 53 54 61] [15867  7409  2638  9171  6811  2087 13922  3650  2979  3630  8336 13639
  3026  5147  2581  4243 10718  5838  6290  4718  8258 13831 14111  2920
  2984  4079  5768  4614  9827  5537  6501  3934  8454  6135] [] 1716186619.6230127811
[ 1 -1 -1  1 -1 -1 -1 -1  1 -1 -1  1 -1  1 -1 -1 -1 -1  1 -1 -1  1  1  1
 -1 -1 -1 -1 -1 -1 -1 -1 -1] [ 1  2  3  4 10 11 12 18 19 20 21 23 26 27 28 29 32 34 35 36 37 38 42 44
 45 46 47 50 51 52 53 54 61] [15846  7658  2689  9043  6942  2175 14630  3685  2967  3664  8418 13451
  3095  5126  2667  4303 13919  5926  6199  4943  8352 13793  2910  2970
  4103  5826  5314  9886  5625  6785  4032  8698  6198] [] 1716186619.6660239697
[ 1  1 -1 -1 -1 -1 -1 -1 -1 -1  1  1 -1 -1 -1  1 -1  1 -1  1 -1 -1  1 -1
 -1 -1 -1 -1 -1 -1 -1] [ 1  2  3  4 10 11 12 18 19 20 21 23 26 27 28 29 34 35 36 37 38 42 44 45
 46 47 51 52 53 54 61] [15747  7555  2830  9055  7039  2239 15883  3895  2993  4181  8390 12993
  3199  5176  2700  4245  5972  6195  5005  8282 13975  2930  2948  4221
  5837 10713  5865  6912  4316  8863  6247] [] 1716186619.7089936733
[-1 -1 -1  1  1 -1  1 -1 -1 -1 -1  1 -1  1 -1  1 -1  1 -1 -1 -1 -1 -1  1
 -1 -1 -1 -1 -1] [ 1  2  3  4 10 11 12 18 19 20 21 23 26 27 28 29 34 35 36 37 42 44 45 46
 51 52 53 54 61] [15800  7582  2966  9017  6702  2290 15800  3999  3053  4332  8392 12940
  3208  5103  2850  4232  6022  6188  5206  8367  3125  3023  4774  5802
  7905  9768  4364 11256  6356] [] 1716186619.7519931793
[ 1 -1 -1  1 -1 -1 -1 -1  1 -1 -1 -1 -1 -1 -1 -1 -1 -1 -1 -1 -1 -1 -1 -1
 -1 -1 -1 -1 -1] [ 1  2  3  4 10 11 12 18 19 20 21 23 26 27 28 29 34 35 36 37 42 44 45 46
 51 52 53 54 61] [15394  8254  3238  8993  7121  2341 16112  4035  3030  4337  8781 12944
  3393  5124  3023  4255  6090  6316  5477  8502  3558  3071  5105  6226
  8103 13415  4554 11872  6645] [] 1716186619.7949702740
[-1 -1 -1 -1 -1 -1 -1 -1 -1 -1 -1 -1 -1 -1 -1 -1 -1 -1 -1 -1 -1 -1 -1  1
 -1 -1 -1 -1] [ 1  2  3  4 10 11 18 19 20 21 23 26 27 28 29 34 35 36 37 42 44 45 46 51
 52 53 54 61] [15436  8578  3300  9008  7338  2534  4101  3117  4737  9089 13018  3543
  5423  3267  4283  6898  7534  6192  9582  3696  3148  5148  6842  8053
 14597  4750 11957  6833] [] 1716186619.8379466534
[-1 -1 -1  1 -1 -1 -1 -1 -1 -1  1 -1  1 -1 -1 -1  1 -1 -1 -1 -1 -1 -1 -1
  1] [ 1  2  3  4 10 11 18 19 20 21 23 26 27 28 29 34 35 36 37 42 44 45 46 51
 53] [15498  8624  3512  8932  7348  2570  4155  3149  4822  9101 13013  3583
  5359  3664  4303  6904  7475  6590  9591  3891  3171  5402  7558  8200
  4706] [] 1716186619.8809726238
[ 1 -1 -1 -1 -1 -1 -1 -1 -1 -1 -1 -1 -1 -1 -1 -1  1 -1  1 -1 -1 -1 -1 -1
 -1] [ 1  2  3  4 10 11 18 19 20 21 23 26 27 28 29 34 35 36 37 42 44 45 46 51
 53] [15371  8666  3767  8967  7606  2731  4654  3263  5013  9286 13040  4247
  5373  3989  4383  6973  7472  7991  9338  4310  3261  5833  8310  8397
  5409] [] 1716186619.9239809513
[-1 -1 -1 -1 -1 -1 -1 -1 -1 -1  1 -1 -1 -1 -1 -1 -1 -1 -1 -1 -1 -1 -1 -1
 -1] [ 1  2  3  4 10 11 18 19 20 21 23 26 27 28 29 34 35 36 37 42 44 45 46 51
 53] [15402  8782  3897  8970  8216  3039  5554  3299  5353  9318 13007  4569
  5413  4468  5359  8020  7795  9933  9618  5324  3371  6006 10935 11033
  7641] [] 1716186619.9669706821
[-1 -1 -1 -1 -1 -1 -1 -1 -1 -1  1 -1 -1 -1 -1 -1 -1 -1 -1 -1  1  1 -1] [ 1  2  3  4 10 11 18 19 20 21 23 26 27 28 29 34 35 36 37 42 44 45 53] [15674  8944  3949  8983  8335  3113  6182  3378  5567  9373 12988  5108
  5442  4738  5415  8302  8055 11171  9674  6758  3353  5889 14457] [] 1716186620.0099365711
[-1 -1 -1  1 -1 -1 -1 -1 -1 -1 -1 -1 -1 -1 -1 -1 -1 -1 -1 -1 -1 -1] [ 1  2  3  4 10 11 18 19 20 21 23 26 27 28 29 34 35 36 37 42 44 45] [15890 12603  3971  8902 11630  3272  6264  3551  5991  9394 13031  6277
  5593  6039  5847  8320  8449 12176 11509 10483  3466  6079] [] 1716186620.0529592037
[-1 -1  1 -1 -1 -1 -1 -1 -1 -1  1 -1 -1 -1 -1 -1 -1 -1 -1 -1 -1 -1] [ 1  2  3  4 10 11 18 19 20 21 23 26 27 28 29 34 35 36 37 42 44 45] [15914 12740  3940  8945 12884  3463  6819  3587  6247  9507 12931  7537
  5625  7508  6676  8453  9713 12247 11871 12165  3633  6311] [] 1716186620.0961220264
[-1 -1 -1 -1 -1 -1 -1 -1 -1 -1 -1 -1 -1 -1  1 -1 -1 -1 -1] [ 2  3  4 11 18 19 20 21 23 26 27 28 29 34 35 36 37 44 45] [12765  3957  9037  4057  7010  3678  6457  9611 12941  7595  5726  8417
  6859  8569  9273 12329 12315  3949  6582] [] 1716186620.1389291286
[-1 -1  1 -1 -1 -1 -1  1 -1 -1 -1 -1 -1 -1 -1  1 -1  1 -1 -1] [ 1  2  3  4 11 18 19 20 21 23 26 27 28 29 34 35 36 37 44 45] [16372 12895  3955  9047  4732  7082  3861  6339  9642 13016  7629  6573
  8748  6934  8675  9143 12501 12284  4434 12077] [] 1716186620.1819217205
[-1 -1 -1 -1 -1 -1 -1  1 -1 -1 -1 -1 -1 -1  1 -1 -1] [ 3  4 11 18 19 20 21 23 26 27 28 29 34 35 36 37 44] [ 3963  9057  5612  7292  3990  6712  9722 13004  7817  6776  9032  7697
 11690 10125 12483 12863  4546] [] 1716186620.2249133587
[-1 -1 -1 -1 -1 -1  1 -1 -1 -1 -1 -1 -1 -1 -1] [ 3  4 11 18 19 20 21 23 26 27 28 29 35 36 44] [ 3985  9211  7217  7452  4215  8924  9624 13471  7990  6798 10023  9604
 13570 12914  5387] [] 1716186620.2679052353
[ 1 -1 -1 -1 -1 -1 -1 -1 -1  1  1 -1 -1] [ 3 11 18 19 20 21 26 27 28 29 35 36 44] [ 3938  7447 10064  4415  9418  9700  8201  6964 10122  9522 13465 13099
  7486] [] 1716186620.3108811378
[-1 -1 -1 -1 -1 -1 -1  1 -1 -1 -1] [ 3 11 18 19 20 21 26 27 28 29 44] [ 4795  7553 10464  5122  9703  9875  8578  6935 10212  9739 12350] [] 1716186620.3538911343
[-1 -1 -1 -1 -1 -1 -1 -1 -1 -1 -1] [ 3 11 18 19 20 21 26 27 28 29 44] [ 4959  7703 10840  5836 10076  9954 12444  7367 10276  9830 12798] [] 1716186620.3968770504
[ 1  1 -1 -1 -1  1  1 -1 -1] [ 3 11 19 20 21 27 28 29 44] [ 4939  7625  6127 10418 10216  7338 10143  9876 13149] [] 1716186620.4398629665
[-1 -1 -1 -1 -1 -1  1 -1] [ 3 11 19 20 21 27 28 29] [ 5099  7689  7004 10742 10472  8311 10043  9926] [] 1716186620.4828550816
[-1 -1 -1 -1 -1 -1 -1 -1] [ 3 11 19 20 21 27 28 29] [ 5326  7876  9000 11349 10823  8704 10312 10360] [] 1716186620.5258901119
[-1 -1 -1 -1 -1 -1 -1] [ 3 11 19 20 27 28 29] [ 5510  8695  9633 11534  8889 10313 10536] [] 1716186620.5688459873
[-1 -1  1 -1 -1  1 -1] [ 3 11 19 20 27 28 29] [ 7639  8719  9619 12036 15806 10252 10648] [] 1716186620.6118724346
[ 1 -1 -1 -1 -1] [11 19 20 28 29] [ 8673  9727 13977 10519 11200] [] 1716186620.6548359394
[1 1] [11 28] [ 8366 10132] [] 1716186620.6978516579
[-1 -1] [11 28] [ 8510 10535] [] 1716186620.7407922745
[-1 -1] [11 28] [ 8943 11099] [] 1716186620.7838387489
[-1] [11] [9483] [] 1716186620.8268156052
[1] [11] [9287] [] 1716186620.8698024750
[-1] [11] [10119] [] 1716186620.9269621372
2 2 2 1716186620.9271831512
