FA TAX ADC PRES TS
[-1 -1] [11 28] [10076 11597] [] 1716186603.3002111912
[1 1] [11 28] [ 9830 11189] [] 1716186603.3431549072
[-1 -1] [11 28] [10039 11778] [] 1716186603.3862888813
[1 1] [11 28] [ 9753 11411] [] 1716186603.4291031361
[1 1] [11 28] [ 9242 10904] [] 1716186603.4722797871
[ 1 -1  1] [11 19 28] [ 9194 12788 10847] [] 1716186603.5152616501
[1 1 1] [11 19 28] [ 8863 10988 10696] [] 1716186603.5582296848
[1 1 1] [11 19 28] [ 8770  9526 10642] [] 1716186603.6012303829
[-1  1  1  1] [ 2 11 19 28] [12859  8709  9421 10575] [] 1716186603.6442794800
[-1  1 -1 -1 -1 -1] [ 2 11 19 21 27 28] [15456  8707  9719 11702 14380 10899] [] 1716186603.6872437000
[ 1 -1 -1 -1  1  1 -1 -1] [ 2  3 11 19 21 27 28 29] [13046 13200  8850  9817 11274 12816 11033 12705] [] 1716186603.7302403450
[ 1  1  1 -1  1  1  1  1 -1] [ 3 11 19 20 21 27 28 29 44] [12547  8795  7613 15155 11003 12537 10742 11931 15067] [] 1716186603.7731156349
[ 1 -1  1  1  1  1 -1  1  1] [ 3 11 19 20 21 27 28 29 44] [12206  8874  7361 15086 10985 12393 10832 11768 14451] [] 1716186603.8161919117
[-1  1  1  1  1  1  1  1  1] [ 3 11 19 20 21 27 28 29 44] [12837  8715  6780 14771 10707 12207 10730 11215 14165] [] 1716186603.8592388630
[-1  1  1  1  1  1  1  1  1] [ 3 11 19 20 21 27 28 29 44] [13121  8648  5710 14439 10609 12101 10498 10925 13476] [] 1716186603.9022428989
[-1  1 -1  1  1  1  1  1  1  1] [ 2  3 11 19 20 21 27 28 29 44] [16307 12500  8707  5283 14126 10604 11996 10494 10777  9839] [] 1716186603.9452948570
[ 1  1 -1  1  1  1 -1 -1 -1  1  1] [ 2  3 11 19 20 21 26 27 28 29 44] [16063  6143  8771  5051 13782 10537 12789 12144 10784 10707  6636] [] 1716186603.9882023335
[ 1  1  1  1  1  1  1 -1  1  1  1] [ 2  3 11 19 20 21 26 27 28 29 44] [15819  5537  8639  4557 12556 10301 11648 12238 10713 10476  6049] [] 1716186604.0311434269
[ 1  1  1  1  1  1  1 -1  1  1  1] [ 2  3 11 19 20 21 26 27 28 29 44] [14584  5289  8612  4313 12325 10203  8591 12264 10517 10469  5311] [] 1716186604.0742793083
[-1  1  1  1  1  1  1  1  1  1  1 -1] [ 2  3 11 19 20 21 26 27 28 29 44 45] [14934  5143  8553  4194 11963  9917  8447 12105 10453 10279  4991 11665] [] 1716186604.1173107624
[ 1  1  1 -1  1  1 -1  1 -1  1  1  1  1] [ 2  3 11 18 19 20 21 26 27 28 29 44 45] [14440  4137  7791 10676  4138 11575 10072  8253 12241 10344  8654  4896
 11486] [] 1716186604.1602454185
[ 1  1  1  1  1  1  1 -1  1  1 -1 -1 -1 -1  1] [ 3 11 18 19 20 21 26 27 28 29 35 36 42 44 45] [ 4050  6421 10492  3961  9392  9935  8163 12282  9974  8575 13744 13630
 12350  5086  7357] [] 1716186604.2031433582
[-1 -1  1  1  1  1  1 -1 -1  1 -1 -1  1  1  1  1  1] [ 2  3 11 18 19 20 21 26 27 28 29 34 35 36 42 44 45] [15871  4058  6154 10285  3811  8721  9831  8183 12636  9526  8628  9515
 12659 12967 11968  4598  6615] [] 1716186604.2462816238
[ 1  1  1  1  1  1  1  1  1  1  1  1 -1  1  1  1  1] [ 2  3 11 18 19 20 21 26 27 28 29 34 35 36 42 44 45] [15731  4031  5758  9970  3759  8628  9692  8035  9874  8803  8331  9060
 12835 12823 11955  4474  6447] [] 1716186604.2892830372
[-1  1 -1  1  1  1  1  1  1  1  1  1  1  1  1  1  1  1] [ 2  3 10 11 18 19 20 21 26 27 28 29 34 35 36 42 44 45] [16347  3857 14944  5571  9836  3716  8577  9647  7893  9747  7724  8158
  8814 12769 12787 10185  4338  6258] [] 1716186604.3322765827
[ 1  1  1  1  1  1  1  1 -1 -1  1  1 -1  1  1  1  1  1  1] [ 2  3 10 11 18 19 20 21 23 26 27 28 29 34 35 36 42 44 45] [15509  3815 14334  5306  7856  3624  8230  9618 14091  7930  9642  7465
  8233  7826 11301 12382  8952  4176  6143] [] 1716186604.3752961159
[-1  1  1  1  1  1  1  1  1  1  1  1  1  1  1  1 -1  1  1  1] [ 2  3 10 11 18 19 20 21 23 26 27 28 29 34 35 36 37 42 44 45] [15519  3801 13263  4976  7184  3571  7765  9572 13813  7071  9608  6975
  8147  6852  9793 10161 16370  6073  3890  5931] [] 1716186604.4182577133
[ 1  1  1  1  1  1  1 -1  1  1 -1  1  1  1 -1  1  1  1  1 -1 -1] [ 2  3 10 11 18 19 20 21 23 26 27 28 29 34 35 36 37 42 44 45 53] [15179  3663 12372  4709  6337  3554  7657  9663 13383  6772  9708  6515
  8115  6375  9927  8299 12046  5206  3883  6027 10841] [] 1716186604.4612627029
[-1  1  1  1 -1  1  1  1  1  1  1  1  1  1  1  1  1  1  1 -1 -1 -1  1] [ 2  3 10 11 18 19 20 21 23 26 27 28 29 34 35 36 37 42 44 45 46 51 53] [15231  3483 10355  4240  6496  3465  7383  9578 13218  5575  9601  5668
  8114  6179  9578  6737 11216  4892  3874  6107 11669 14384  9853] [] 1716186604.5042428970
[-1  1  1  1  1  1 -1  1  1  1  1  1  1  1  1  1 -1  1  1  1  1  1  1] [ 2  3 10 11 18 19 20 21 23 26 27 28 29 34 35 36 37 42 44 45 46 51 53] [15373  3116  9740  4167  6237  3419  7462  9578 13099  5290  9588  5434
  7999  5521  8056  6594 11583  4644  3774  6104 10897 11046  7128] [] 1716186604.5471992493
[ 1  1  1  1 -1  1  1 -1  1  1  1  1  1  1  1  1  1  1  1  1  1  1  1] [ 2  3 10 11 18 19 20 21 23 26 27 28 29 34 35 36 37 42 44 45 46 51 53] [15187  3007  8859  3823  6254  3411  7039  9580 13083  4803  8459  5351
  6805  5336  7709  6323 11436  4463  3682  6031  8085 10713  5864] [] 1716186604.5901558399
[1 1 1 1 1 1 1 1 1 1 1 1 1 1 1 1 1 1 1 1 1 1 1] [ 2  3 10 11 18 19 20 21 23 26 27 28 29 34 35 36 37 42 44 45 46 51 53] [14992  2826  8790  3609  5473  3307  6409  9580 12923  4441  8040  4543
  5801  5096  7161  5989  9643  4250  3573  5913  7777  8215  5348] [] 1716186604.6332592964
[-1  1  1  1  1  1  1  1  1  1  1  1  1  1  1  1  1  1  1  1  1  1  1] [ 2  3 10 11 18 19 20 21 23 26 27 28 29 34 35 36 37 42 44 45 46 51 53] [15144  2783  8362  3512  5297  3271  6263  9504 12840  4201  7909  4059
  5755  4999  7064  5597  8890  3788  3352  5853  6355  8100  4619] [] 1716186604.6763243675
[ 1  1  1  1  1  1  1 -1  1  1  1  1 -1  1  1  1 -1  1  1 -1 -1  1 -1 -1
 -1] [ 2  3 10 11 18 19 20 21 23 26 27 28 29 34 35 36 37 42 44 45 46 51 53 54
 61] [14891  2687  8319  3398  5164  3231  6162  9555 12796  4022  7887  3811
  5814  4956  6933  5194  9110  3548  3282  5878  6517  7818  4705 12241
  8972] [] 1716186604.7190852165
[ 1  1  1  1  1  1  1  1 -1  1 -1  1  1  1  1  1  1 -1  1 -1  1  1 -1 -1
 -1  1  1  1] [ 2  3 10 11 18 19 20 21 23 26 27 28 29 34 35 36 37 38 42 44 45 46 47 50
 51 53 54 61] [14459  2585  8067  3349  4513  3199  6003  9449 13000  3920  7890  3501
  5679  4909  6601  5082  8484 14083  3535  3290  5753  6055 11577 14238
  7985  4479 11742  6821] [] 1716186604.7623243332
[ 1  1  1  1  1  1  1 -1 -1  1  1  1  1  1  1  1  1  1  1  1  1  1  1 -1
 -1 -1  1  1  1] [ 2  3 10 11 18 19 20 21 23 26 27 28 29 34 35 36 37 38 42 44 45 46 47 50
 51 52 53 54 61] [14386  2527  7140  3238  4095  3153  5829  9531 13091  3779  7477  3284
  5672  4841  6584  4751  7842 13853  3378  3268  5559  6031  8214 14315
  8300 15215  4430  9549  6751] [] 1716186604.8052935600
[-1  1  1  1  1  1  1  1 -1  1  1  1  1  1  1  1 -1  1  1  1  1  1  1  1
 -1  1  1  1  1] [ 2  3 10 11 18 19 20 21 23 26 27 28 29 34 35 36 37 38 42 44 45 46 47 50
 51 52 53 54 61] [14573  2463  6840  3129  3999  3130  5813  9520 13228  3747  6925  3130
  4809  4776  6075  4299  8383 13843  3335  3130  5433  6008  5599  9105
  8424 13768  4246  6490  6556] [] 1716186604.8483345509
[-1  1  1  1  1  1  1  1 -1 -1  1  1  1  1 -1  1  1  1  1  1  1  1  1 -1
  1  1  1  1  1  1  1] [ 1  2  3 10 11 18 19 20 21 23 26 27 28 29 32 34 35 36 37 38 42 44 45 46
 47 50 51 52 53 54 61] [16136 13944  2447  5854  2920  3755  3041  5489  9578 13307  3628  6452
  2961  4271 14736  4743  5985  3897  8021 13545  3196  3048  5270  6021
  5180  8855  8422 12433  4063  6300  6406] [] 1716186604.8913004398
[-1 -1  1  1  1  1 -1  1  1  1  1 -1  1  1  1  1  1  1 -1  1  1  1  1 -1
  1  1  1  1  1  1  1] [ 1  2  3 10 11 18 19 20 21 23 26 27 28 29 32 34 35 36 37 38 42 44 45 46
 47 50 51 52 53 54 61] [16343 13988  2319  5401  2717  3679  3061  4982  9572 13133  3224  6477
  2856  4049 13679  4623  5738  3722  8415 13300  3103  2888  4616  6051
  4859  8680  8229 11652  3946  6134  6338] [] 1716186604.9341616631
[ 1  1  1  1  1  1  1  1 -1 -1  1  1  1  1  1  1  1  1  1  1 -1  1  1  1
  1  1 -1  1  1  1 -1 -1 -1] [ 1  2  3 10 11 18 19 20 21 23 26 27 28 29 32 34 35 36 37 38 41 42 44 45
 46 47 50 51 52 53 54 55 61] [15812 13251  2254  5111  2528  3563  2989  4434  9621 13257  3215  6343
  2766  4023 10559  4499  5736  3651  8124 13287 15813  3005  2794  4031
  5995  4808  9067  8096 10757  3806  6247 13455  6343] [] 1716186604.9773190022
[ 1  1  1  1  1 -1  1  1 -1  1 -1  1  1  1  1 -1  1  1 -1  1  1  1  1  1
  1  1  1  1  1  1  1  1] [ 2  3 10 11 18 19 20 21 23 26 27 28 29 32 34 35 36 37 38 41 42 44 45 46
 47 50 51 52 53 54 55 61] [11228  2222  4949  2515  3405  2991  4303  9541 13266  3079  6672  2747
  3547 10367  4381  5799  3559  7926 13319 13837  2871  2778  3948  5934
  4448  8973  8072 10342  3702  6140 12087  6216] [] 1716186605.0203342438
[-1  1  1  1  1 -1  1  1  1 -1  1  1  1  1  1 -1  1  1  1 -1  1 -1  1  1
  1 -1  1  1  1  1  1  1  1 -1  1] [ 1  2  3 10 11 12 18 19 20 21 23 26 27 28 29 32 34 35 36 37 38 41 42 44
 45 46 47 50 51 52 53 54 55 60 61] [15882 10807  2175  4587  2391 16187  3307  2939  3961  9618 13206  3006
  6568  2657  3469 10442  4185  5791  3551  8279 13177 14204  2680  2720
  3653  5948  4171  8511  8057  9754  3588  6015  6864 12608  6192] [] 1716186605.0632843971
[ 1  1  1  1  1  1  1  1  1  1  1  1  1  1  1  1  1  1  1  1  1  1  1  1
  1  1  1  1 -1  1  1  1  1  1  1] [ 1  2  3 10 11 12 18 19 20 21 23 26 27 28 29 32 34 35 36 37 38 41 42 44
 45 46 47 50 51 52 53 54 55 60 61] [15579  8069  2136  4415  2371 15867  3257  2846  3895  9609 13125  2935
  6502  2601  3423 10439  4014  5783  3513  8179 13111 14075  2629  2704
  3605  5302  4060  8434  8069  9692  3540  5942  6755 12453  6168] [] 1716186605.1063199043
[ 1 -1  1  1  1  1  1  1  1 -1 -1  1  1  1  1  1  1 -1  1  1 -1  1  1  1
  1  1  1  1 -1 -1 -1  1  1  1 -1] [ 1  2  3 10 11 12 18 19 20 21 23 26 27 28 29 32 34 35 36 37 38 41 42 44
 45 46 47 50 51 52 53 54 55 60 61] [15347  8361  2114  4415  2330 15807  3199  2797  3805  9680 13158  2911
  6478  2521  3247 10313  3919  5809  3362  8095 13147 13999  2590  2702
  3605  5287  4058  7835  8107  9728  3580  5934  6646 12380  6184] [] 1716186605.1493241787
[ 1 -1  1  1  1  1 -1  1  1  1 -1  1  1  1  1  1  1  1  1  1  1 -1  1  1
  1 -1 -1  1  1  1  1  1  1 -1  1] [ 1  2  3 10 11 12 18 19 20 21 23 26 27 28 29 32 34 35 36 37 38 41 42 44
 45 46 47 50 51 52 53 54 55 60 61] [15273  8426  2098  4383  2316 15663  3223  2787  3793  9657 13167  2911
  6452  2512  3230 10196  3901  5774  3335  7933 12849 14573  2585  2666
  3569  5326  4059  7801  8052  9629  3416  5932  6628 12460  6128] [] 1716186605.1922972202
[ 1 -1 -1  1  1  1  1  1  1  1  1 -1  1  1  1  1  1 -1  1  1  1  1 -1  1
  1  1 -1 -1  1  1 -1 -1 -1  1] [ 1  2  3 10 11 12 18 19 20 21 23 26 27 28 29 32 34 35 36 37 38 41 42 44
 45 46 47 50 51 52 53 54 55 61] [15017  8664  2123  4307  2291 15603  3189  2774  3789  9516 13051  2933
  6406  2476  3221 10183  3895  5791  3254  7581 10773 14299  2606  2652
  3551  5322  4212  8394  8012  9598  3564  6028  7718  6116] [] 1716186605.2353270054
[ 1  1  1 -1 -1 -1  1 -1 -1  1  1  1 -1 -1 -1 -1 -1 -1 -1 -1  1 -1 -1 -1
 -1  1 -1  1 -1  1  1  1 -1] [ 1  2  3 10 11 12 18 19 20 21 23 26 27 28 29 32 34 35 36 37 38 41 42 44
 45 46 47 50 51 52 53 54 61] [15011  8492  2095  4319  2303 15743  3103  2798  3849  9490 13039  2915
  6416  2488  3235 10258  3943  5799  3289  7619 10383 14666  2663  2688
  3919  5270  4332  8371  8016  9420  3537  5903  6146] [] 1716186605.2782673836
[ 1 -1  1  1 -1  1 -1 -1 -1  1 -1 -1  1 -1 -1  1 -1  1 -1 -1  1 -1 -1 -1
 -1 -1 -1 -1 -1 -1 -1 -1] [ 1  2  3 10 11 12 18 19 20 21 23 26 27 28 29 32 34 35 36 37 38 42 44 45
 46 47 50 51 52 53 54 61] [14941  8676  2092  4307  2366 15648  3127  2822  3862  9480 13158  2933
  6307  2611  3401 10130  3951  5659  3401  8006 10366  2786  2746  4017
  5861  4773  8558  8133  9781  3691  6091  6196] [] 1716186605.3211824894
[ 1 -1 -1 -1 -1 -1 -1 -1 -1  1  1 -1 -1  1 -1  1 -1  1 -1 -1  1 -1 -1 -1
 -1 -1 -1  1 -1 -1 -1 -1] [ 1  2  3 10 11 12 18 19 20 21 23 26 27 28 29 32 34 35 36 37 38 42 44 45
 46 47 50 51 52 53 54 61] [14847 12396  2152  4663  2432 15693  3145  2888  4132  9463 13140  2950
  6401  2603  3447  9906  4351  5593  3490  8075 10343  2949  2776  4067
  5978  4996  8761  8080 10662  3732  6123  6335] [] 1716186605.3644316196
[ 1 -1 -1 -1 -1 -1 -1  1 -1 -1 -1 -1  1 -1 -1 -1 -1 -1 -1  1 -1 -1 -1 -1
 -1 -1 -1 -1 -1 -1 -1 -1] [ 1  2  3 10 11 12 18 19 20 21 23 26 27 28 29 32 34 35 36 37 38 42 44 45
 46 47 50 51 52 53 54 61] [14709 14319  2170  4851  2458 15908  3237  2881  4271  9502 13230  2988
  6369  2619  3852 10077  4364  5637  3655  8011 10408  3037  2829  4669
  5999  9496 14523  8082 11912  3840 11457  6457] [] 1716186605.4072637558
[-1 -1 -1 -1 -1 -1 -1 -1 -1  1 -1  1 -1 -1 -1 -1  1 -1 -1 -1 -1 -1 -1  1
 -1 -1 -1 -1  1 -1] [ 1  2  3 10 11 18 19 20 21 23 26 27 28 29 32 34 35 36 37 38 42 44 45 46
 50 51 52 53 54 61] [14883 15000  2310  5209  2798  3567  2946  4639  9562 13200  3141  6217
  2677  3899 11768  4429  5571  3812  8044 10769  3164  2874  4692  5772
 14643  8106 12743  3889 11451  6517] [] 1716186605.4502272606
[-1  1 -1 -1 -1 -1 -1 -1  1  1 -1 -1 -1 -1 -1 -1 -1 -1 -1 -1 -1 -1 -1  1
 -1  1] [ 1  2  3 10 11 18 19 20 21 23 26 27 28 29 34 35 36 37 38 42 44 45 46 51
 52 53] [14938 14863  2351  5541  3027  3843  2963  4693  9430 13141  3275  6233
  2767  3959  4602  5582  3923  8067 13829  3231  3100  5119  6138  7952
 14759  3815] [] 1716186605.4932870865
[ 1  1 -1 -1 -1 -1 -1 -1 -1  1 -1 -1 -1 -1 -1 -1 -1 -1 -1 -1 -1 -1 -1 -1
  1] [ 1  2  3 10 11 18 19 20 21 23 26 27 28 29 34 35 36 37 38 42 44 45 46 51
 53] [14902 14792  2463  6624  3080  3916  2992  5225  9436 13047  3625  6406
  2816  5305  4778  5629  4045  8135 14788  3501  3140  5479  6485  8091
  3810] [] 1716186605.5361993313
[-1  1 -1 -1 -1 -1 -1 -1  1 -1 -1 -1 -1 -1 -1  1 -1  1 -1 -1 -1 -1 -1 -1] [ 1  2  3 10 11 18 19 20 21 23 26 27 28 29 34 35 36 37 42 44 45 46 51 53] [16034 14619  2526  7919  3343  5423  3027  5735  9436 13140  3739  7640
  2975  5334  4939  5575  4229  8105  3992  3239  5783  7812  8559  4196] [] 1716186605.5792212486
[ 1 -1 -1 -1 -1 -1 -1  1  1  1 -1  1 -1 -1 -1 -1 -1  1 -1 -1 -1 -1 -1 -1] [ 1  2  3 10 11 18 19 20 21 23 26 27 28 29 34 35 36 37 42 44 45 46 51 53] [15645 14803  2614  8050  3511  5568  3058  5317  9357 12976  3779  7617
  3181  5365  5009  5668  4346  8055  4214  3401  5831 11299 15471  5815] [] 1716186605.6222820282
[ 1  1 -1 -1 -1 -1 -1 -1  1 -1 -1 -1 -1 -1 -1 -1 -1 -1 -1 -1 -1 -1 -1] [ 1  2  3 10 11 18 19 20 21 23 26 27 28 29 34 35 36 37 42 44 45 46 53] [15224 13802  2879  8307  3669  5955  3163  5888  9334 13102  4125  7687
  3745  5462  5180  6204  4805  8303  4642  3460  5866 12359  6590] [] 1716186605.6652848721
[-1  1 -1 -1 -1 -1  1 -1  1  1 -1  1 -1 -1 -1 -1 -1 -1 -1 -1  1] [ 1  2  3 10 11 18 19 20 21 23 26 27 28 29 34 35 36 37 42 44 45] [15260 13482  2894  8359  4043  6120  3161  6054  9330 12931  4301  7683
  3933  5666  5530  6247  4969  8475  5930  3488  5862] [] 1716186605.7082846165
[ 1  1 -1 -1 -1 -1 -1 -1 -1  1 -1 -1 -1 -1 -1 -1 -1 -1 -1 -1 -1] [ 1  2  3 10 11 18 19 20 21 23 26 27 28 29 34 35 36 37 42 44 45] [15082 13277  3197  8656  4388  6421  3277  6268  9333 12814  4670  7837
  4843  6356  6441  6603  5456  8771  8858  3794  6059] [] 1716186605.7511582375
[-1 -1 -1 -1 -1 -1 -1 -1 -1  1 -1 -1 -1 -1 -1 -1 -1 -1 -1 -1 -1] [ 1  2  3 10 11 18 19 20 21 23 26 27 28 29 34 35 36 37 42 44 45] [15739 14235  3491  9212  4775  6558  3327  6452  9342 12807  5521  7867
  5192  6451  6660  6829  5595  9338  9909  4123  6357] [] 1716186605.7941963673
[-1  1 -1 -1 -1 -1 -1 -1  1 -1 -1 -1 -1 -1 -1 -1 -1 -1 -1 -1 -1] [ 1  2  3 10 11 18 19 20 21 23 26 27 28 29 34 35 36 37 42 44 45] [16154 14007  3640  9923  5048  7288  3429  7003  9321 12925  6649  7927
  5435  6692  6894  8567  6284 11634 12180  4536  6607] [] 1716186605.8372786045
[-1 -1 -1 -1 -1 -1 -1 -1 -1 -1 -1 -1 -1 -1 -1 -1  1 -1 -1 -1] [ 2  3 10 11 18 19 20 21 23 26 27 28 29 34 35 36 37 42 44 45] [14147  3765 14060  5257  7329  3583  7721  9361 13605  7035  8025  6231
  6715  8887  9076  7485 11572 12445  4680  7679] [] 1716186605.8802523613
[-1  1 -1 -1 -1 -1 -1 -1 -1 -1 -1 -1 -1 -1 -1 -1 -1  1 -1] [ 2  3 10 11 18 19 20 21 23 26 27 28 29 34 35 36 37 44 45] [14267  3731 14098  5834  9920  3655  7874  9427 15730  7919  9566  6883
  8196  9075  9304  9068 15039  4616 12027] [] 1716186605.9231677055
[-1  1 -1 -1  1 -1 -1 -1 -1 -1 -1 -1 -1 -1 -1] [ 2  3 11 18 19 20 21 26 27 28 29 34 35 36 44] [15073  3677  6554 10144  3601  8076  9475  7963  9605  8031  8262 11485
 11695 12429  5110] [] 1716186605.9661841393
[ 1 -1 -1 -1 -1 -1 -1 -1 -1 -1 -1  1 -1] [ 3 11 18 19 20 21 26 27 28 29 35 36 44] [ 3661  7699 10355  3734  8150  9574  8070  9697  8761  8436 13541 12415
  5925] [] 1716186606.0092477798
[-1 -1 -1 -1 -1 -1 -1 -1 -1 -1 -1 -1] [ 3 11 18 19 20 21 26 27 28 29 35 44] [ 3880  8492 10636  3952  8463  9679  8299  9824 10098  9942 14169  8923] [] 1716186606.0523400307
[-1  1  1 -1 -1 -1  1 -1 -1 -1] [ 3 11 19 20 21 26 27 28 29 44] [ 3990  8435  3949 10899  9739  8384  9682 10122 10044 12327] [] 1716186606.0951685905
[-1 -1 -1 -1 -1 -1 -1 -1 -1 -1] [ 3 11 19 20 21 26 27 28 29 44] [ 4103  8453  3995 10912 10010 12761 11694 10215 10341 13219] [] 1716186606.1382620335
[-1  1 -1 -1  1  1 -1 -1] [ 3 11 19 20 21 27 28 29] [ 4984  8430  4485 11743  9982 11647 10511 10792] [] 1716186606.1812615395
[-1 -1 -1 -1 -1 -1 -1 -1 -1] [ 2  3 11 19 20 21 27 28 29] [15381  5212  8461  5074 12751 10246 11944 10618 10797] [] 1716186606.2242259979
[-1 -1 -1 -1 -1 -1  1 -1] [ 3 11 19 20 21 27 28 29] [ 5486  8514  6053 13346 10535 12285 10583 11057] [] 1716186606.2672157288
[-1 -1 -1 -1 -1  1 -1 -1] [ 3 11 19 20 21 27 28 29] [ 6969  8561  7129 14470 10655 12262 10815 11648] [] 1716186606.3102128506
[-1 -1 -1  1 -1 -1 -1] [ 3 11 19 20 21 27 28] [12321  8691  9591 14468 10826 12532 10879] [] 1716186606.3532214165
[ 1  1  1 -1  1] [11 19 20 21 28] [ 8577  9448 14183 11742 10703] [] 1716186606.3962144852
[-1 -1 -1] [11 19 28] [ 8819  9706 10812] [] 1716186606.4389748573
[1 1] [11 28] [ 8691 10558] [] 1716186606.4821999073
[-1 -1] [11 28] [ 8906 10823] [] 1716186606.5252358913
[ 1 -1] [11 28] [ 8854 11420] [] 1716186606.5681774616
[1] [11] [8691] [] 1716186606.6110725403
[-1] [11] [9183] [] 1716186606.6542122364
2 2 2 1716186606.6544444561
