FA TAX ADC PRES TS
[-1 -1] [11 28] [10314 11782] [] 1716186375.3194808960
[1 1] [11 28] [10217 11711] [] 1716186375.3624527454
[ 1 -1] [11 28] [10194 11866] [] 1716186375.4054331779
[1 1] [11 28] [ 9738 11354] [] 1716186375.4485058784
[1 1] [11 28] [ 9618 11115] [] 1716186375.4914345741
[1 1] [11 28] [ 9281 10818] [] 1716186375.5345270634
[ 1 -1 -1] [11 19 28] [ 9249 13509 10940] [] 1716186375.5774488449
[1 1 1] [11 19 28] [ 9073  9975 10677] [] 1716186375.6205031872
[1 1 1] [11 19 28] [ 8894  9727 10675] [] 1716186375.6634383202
[-1 -1 -1 -1] [11 19 28 29] [ 9046  9945 11093 12087] [] 1716186375.7064461708
[1 1 1 1] [11 19 28 29] [ 8874  9796 11064 11636] [] 1716186375.7494437695
[ 1  1 -1  1  1] [11 19 20 28 29] [ 8765  9666 15554 10946 11163] [] 1716186375.7925083637
[-1 -1 -1  1 -1  1] [ 3 11 19 20 28 29] [ 9773  8998  9709 14266 11018 11100] [] 1716186375.8354671001
[ 1 -1  1  1 -1 -1 -1] [ 3 11 19 20 27 28 29] [ 8013  9080  8087 13707 13132 11230 11149] [] 1716186375.8784632683
[ 1  1  1 -1 -1  1 -1  1] [ 3 11 19 20 21 27 28 29] [ 7746  8945  7949 13966 12270 12971 11255 10945] [] 1716186375.9214744568
[ 1  1  1  1  1  1  1  1 -1] [ 3 11 19 20 21 27 28 29 44] [ 5814  8885  7231 12835 11327 12867 11192 10905 13371] [] 1716186375.9645340443
[ 1  1  1  1  1  1  1 -1  1] [ 3 11 19 20 21 27 28 29 44] [ 5691  8859  6848 12582 11284 12830 11188 11129 12903] [] 1716186376.0074889660
[ 1 -1  1  1  1 -1  1  1  1  1] [ 3 11 19 20 21 26 27 28 29 44] [ 5516  8894  6577 12226 10902 13869 12543 11174 11038 12681] [] 1716186376.0504832268
[ 1  1  1  1  1  1  1  1  1 -1] [ 3 11 19 20 21 26 27 28 29 44] [ 5386  8837  6046 12140 10779 11075 12477 11103 10898 12789] [] 1716186376.0937354565
[1 1 1 1 1 1 1 1 1 1] [ 3 11 19 20 21 26 27 28 29 44] [ 5302  8787  5814 11773 10529  9241 12440 11035 10700 12635] [] 1716186376.1366777420
[ 1  1  1 -1  1  1  1  1  1  1] [ 3 11 19 20 21 26 27 28 29 44] [ 5172  8721  5141 11798 10444  8885 12310 11009 10560 12586] [] 1716186376.1796607971
[ 1  1  1  1 -1  1 -1  1  1 -1 -1] [ 3 11 19 20 21 26 27 28 29 44 45] [ 5127  8673  4850 11368 10500  8571 12360 10963 10449 12798  8554] [] 1716186376.2227265835
[ 1 -1 -1 -1  1  1 -1  1 -1 -1 -1  1  1] [ 3 11 18 19 20 21 26 27 28 29 34 44 45] [ 5065  8714 11084  4941 11004 10335  8758 12279 11151 10576 11986 11772
  6988] [] 1716186376.2657151222
[ 1  1  1  1  1  1  1  1  1  1  1 -1  1  1] [ 3 11 18 19 20 21 26 27 28 29 34 42 44 45] [ 4906  8700 10764  4781 10768 10289  8509 10262 11025 10410 11568 11316
 11370  6863] [] 1716186376.3085658550
[ 1  1  1  1  1  1  1  1 -1  1  1 -1  1  1  1] [ 3 11 18 19 20 21 26 27 28 29 34 36 42 44 45] [ 4815  8027 10580  4508 10404 10104  8460  9921 11036 10340 11547 14807
 11053 10435  6519] [] 1716186376.3515315056
[ 1  1  1  1  1  1  1  1  1  1  1  1  1  1 -1] [ 3 11 18 19 20 21 26 27 28 29 34 36 42 44 45] [ 4797  7672 10416  4359 10199  9983  8226  9855 11001  8436  9030 14135
 10336 10335  6522] [] 1716186376.3945634365
[ 1  1  1  1 -1  1  1  1  1  1  1 -1  1 -1  1  1 -1 -1] [ 3 11 18 19 20 21 26 27 28 29 34 35 36 37 42 44 45 53] [ 4731  7525 10130  4280 10288  9950  8158  9849 10754  7327  8986 13787
 13649 16338  9292  8762  6654 11781] [] 1716186376.4375183582
[ 1 -1  1  1  1 -1  1 -1 -1  1  1  1  1  1  1  1  1  1] [ 3 11 18 19 20 21 26 27 28 29 34 35 36 37 42 44 45 53] [ 4211  7547  7646  4223 10204  9977  8065  9902 10849  7284  8829 13449
 13558 13769  9183  6752  6598 11552] [] 1716186376.4805810452
[ 1  1  1  1  1 -1 -1  1  1  1 -1  1 -1  1  1  1  1 -1 -1  1] [ 3 11 18 19 20 21 23 26 27 28 29 34 35 36 37 42 44 45 46 53] [ 3791  7522  6818  4154 10125  9978 14708  7858  9753 10559  7306  8612
 13611 12861 13351  7418  5938  6692 12038  8275] [] 1716186376.5235323906
[ 1 -1  1  1  1 -1  1  1  1 -1  1  1 -1  1  1  1  1  1  1  1  1] [ 3 10 11 18 19 20 21 23 26 27 28 29 34 35 36 37 42 44 45 46 53] [ 3773 15682  7511  6766  4063 10160  9909 14259  7817  9829  8799  7304
  8627 13501 12818 12792  7086  5536  6510 11398  7166] [] 1716186376.5665485859
[ 1  1  1  1  1  1  1 -1  1  1  1  1  1  1  1  1  1  1  1  1  1] [ 3 10 11 18 19 20 21 23 26 27 28 29 34 35 36 37 42 44 45 46 53] [ 3750 14320  7472  6728  3961 10106  9884 14537  7755  9765  8127  7152
  7691 13456 12386 12512  6757  5077  6329 10111  6522] [] 1716186376.6096208096
[ 1  1  1  1  1  1 -1  1  1  1  1  1  1  1  1  1  1  1 -1  1  1 -1] [ 3 10 11 18 19 20 21 23 26 27 28 29 34 35 36 37 42 44 45 46 53 61] [ 3663 12085  7436  5838  3894  8335  9899 13588  7723  9630  7615  6717
  7576 12578 11546 11684  6568  4986  6539  8757  6274  8674] [] 1716186376.6526105404
[ 1  1 -1  1  1  1 -1 -1  1 -1  1  1  1 -1  1 -1 -1 -1 -1  1  1 -1  1] [ 3 10 11 18 19 20 21 23 26 27 28 29 34 35 36 37 42 44 45 46 53 54 61] [ 3585 11792  7535  5729  3716  8111  9940 13655  7570  9752  7146  6191
  7515 13433 11335 12074  6628  4990  6609  8638  6269 12470  7328] [] 1716186376.6956882477
[ 1  1  1  1  1  1  1 -1  1  1  1  1  1  1 -1 -1  1  1  1  1  1  1  1] [ 3 10 11 18 19 20 21 23 26 27 28 29 34 35 36 37 42 44 45 46 53 54 61] [ 3404 11689  7427  5722  3710  7885  9776 13688  6879  9258  6976  6065
  6828  9961 11385 12185  6173  4736  6429  8298  5842 11817  6965] [] 1716186376.7386260033
[ 1  1  1  1  1  1 -1 -1  1  1  1  1  1 -1  1 -1  1  1  1  1 -1  1  1  1] [ 3 10 11 18 19 20 21 23 26 27 28 29 34 35 36 37 42 44 45 46 52 53 54 61] [ 3255 10109  7046  5245  3601  7746  9784 13798  6527  8083  6052  5421
  6465 10089  7785 12316  5676  4671  6338  8110 15493  5629 11530  6652] [] 1716186376.7816500664
[ 1  1  1  1  1  1 -1 -1  1  1  1  1 -1 -1  1 -1  1  1  1  1 -1  1  1  1
  1] [ 3 10 11 18 19 20 21 23 26 27 28 29 34 35 36 37 42 44 45 46 47 52 53 54
 61] [ 3111 10076  5775  5100  3519  7461  9787 13993  6449  7771  5627  4575
  6485 11376  7562 12388  5039  4446  6216  8047 15091 14177  5530  9274
  6590] [] 1716186376.8246893883
[ 1  1  1  1  1  1  1  1  1  1  1  1  1  1  1  1  1  1  1  1  1 -1  1  1
  1 -1] [ 3 10 11 18 19 20 21 23 26 27 28 29 34 35 36 37 42 44 45 46 47 51 52 53
 54 61] [ 2983  8428  5438  4837  3470  7363  9762 13371  6138  7244  5084  4430
  6423 10982  6632 12328  4903  4286  6146  7993 12220 12246 12587  5400
  6913  6655] [] 1716186376.8676145077
[ 1  1  1  1  1  1 -1  1  1 -1  1  1  1  1  1  1  1  1 -1 -1  1 -1  1  1
  1  1  1] [ 3 10 11 18 19 20 21 23 26 27 28 29 34 35 36 37 42 44 45 46 47 50 51 52
 53 54 61] [ 2849  8275  4870  4527  3401  7071  9766 13062  5020  7945  4781  4333
  6395  9498  6218 12324  4671  4077  6161  8058  8531 10089 11636 12517
  5288  6475  6578] [] 1716186376.9106500149
[ 1  1  1  1  1  1  1  1  1  1  1  1  1 -1  1  1  1  1  1  1  1  1  1  1
  1  1  1] [ 3 10 11 18 19 20 21 23 26 27 28 29 34 35 36 37 42 44 45 46 47 50 51 52
 53 54 61] [ 2797  8163  4475  4495  3363  6922  9724 13005  4663  7206  4505  4290
  6339  9919  6109 12256  4218  4058  6065  7882  7182 10006 11033 11841
  4987  6303  6451] [] 1716186376.9536550045
[ 1  1  1  1 -1 -1  1 -1  1  1  1  1  1  1  1  1  1  1  1  1  1  1  1  1
  1  1  1] [ 3 10 11 18 19 20 21 23 26 27 28 29 34 35 36 37 42 44 45 46 47 50 51 52
 53 54 61] [ 2725  7634  4397  4245  3381  6937  9645 13562  4504  6762  4199  4278
  6336  8752  5658 10912  4032  3887  5974  6919  6693  9869 10677 10983
  4630  6183  6447] [] 1716186376.9966609478
[ 1  1  1  1  1  1  1  1  1  1  1  1  1 -1  1 -1  1 -1  1  1  1  1  1  1
  1  1  1] [ 3 10 11 18 19 20 21 23 26 27 28 29 34 35 36 37 42 44 45 46 47 50 51 52
 53 54 61] [ 2642  7270  4243  4095  3264  6669  9639 13386  4383  6606  3975  4242
  6147  9169  5349 12004  3727  3984  5958  6891  6000  9715  8463  9862
  4626  6035  6245] [] 1716186377.0396311283
[ 1  1  1  1  1  1 -1 -1  1  1  1  1  1  1  1  1  1  1  1  1  1  1  1  1
  1  1 -1 -1] [ 3 10 11 18 19 20 21 23 26 27 28 29 34 35 36 37 42 44 45 46 47 50 51 52
 53 54 60 61] [ 2550  7010  4014  3979  3232  6490  9768 13422  4267  6536  3693  4187
  5763  7530  5295 10232  3443  3792  5851  6461  5615  8616  8342  9750
  4469  5902 14425  6285] [] 1716186377.0827231407
[-1  1  1  1  1  1  1  1  1  1  1  1  1 -1  1  1  1  1  1  1  1  1  1  1
  1  1  1 -1 -1  1 -1] [ 1  3 10 11 18 19 20 21 23 26 27 28 29 32 34 35 36 37 42 44 45 46 47 50
 51 52 53 54 55 60 61] [15727  2486  6551  3558  3799  3174  6062  9669 13318  4082  6492  3357
  4091 13624  5628  7338  5153  9796  3274  3678  5646  6130  5512  8385
  8283  9546  4327  6026 11925 12700  6333] [] 1716186377.1257369518
[ 1  1  1  1  1  1  1 -1 -1  1 -1  1  1 -1  1  1  1  1 -1  1 -1  1  1  1
 -1  1  1 -1 -1  1  1  1] [ 1  3 10 11 18 19 20 21 23 26 27 28 29 32 34 35 36 37 41 42 44 45 46 47
 50 51 52 53 54 55 60 61] [15548  2450  6271  3388  3743  3144  6046  9699 13319  4012  6503  3230
  4083 13917  5569  6904  5036  9569 12517  3222  3707  5265  5978  5175
  8394  8081  9342  4348  6034  7225  9767  6325] [] 1716186377.1687073708
[ 1 -1 -1 -1  1  1  1  1 -1  1 -1  1  1  1  1  1 -1 -1  1  1 -1  1 -1  1
  1  1  1  1  1  1  1  1  1  1] [ 1  2  3  4 10 11 18 19 20 21 23 26 27 28 29 32 34 35 36 37 41 42 44 45
 46 47 50 51 52 53 54 55 60 61] [15150 13794  2486 12583  6160  3194  3618  3098  6087  9685 13477  3923
  6354  3196  4073 13364  5656  6956  4572  9203 13348  3034  3719  5143
  5907  4915  8316  7707  9320  4241  5987  6786  9337  6262] [] 1716186377.2116677761
[-1  1  1  1  1  1 -1  1  1  1 -1  1  1  1  1 -1  1  1 -1  1  1 -1 -1  1
  1  1 -1  1 -1  1 -1  1  1  1 -1  1] [ 1  2  3  4 10 11 15 18 19 20 21 23 26 27 28 29 32 34 35 36 37 38 41 42
 44 45 46 47 50 51 52 53 54 55 60 61] [15160  9217  2475 12029  5892  3055 15989  3490  3050  5996  9753 13452
  3693  6310  3052  4093 11135  5550  7298  4417  9112 14121 15849  2900
  3647  4603  5975  4900  8492  6847  9387  4002  5901  5478  9364  6226] [] 1716186377.2547395229
[-1  1  1  1  1  1  1  1  1  1  1 -1  1  1  1 -1  1  1  1  1  1  1  1  1
  1  1  1  1  1  1  1  1  1  1  1  1] [ 1  2  3  4 10 11 15 18 19 20 21 23 26 27 28 29 32 34 35 36 37 38 41 42
 44 45 46 47 50 51 52 53 54 55 60 61] [15350  9010  2439 11879  5552  2975 15727  3413  3038  5723  9690 13454
  3603  6292  3047  4123 10865  5527  7004  4402  8691 14035 15423  2797
  3611  4471  5900  4638  8475  5778  9375  3616  5823  4496  8475  6184] [] 1716186377.2977263927
[-1  1  1 -1  1  1  1 -1  1  1 -1 -1  1  1  1  1 -1  1  1  1  1 -1  1 -1
  1  1  1  1  1  1 -1  1  1  1 -1  1] [ 1  2  3  4 10 11 15 18 19 20 21 23 26 27 28 29 32 34 35 36 37 38 41 42
 44 45 46 47 50 51 52 53 54 55 60 61] [15439  8944  2367 13478  5180  2805 15039  3415  2990  5597  9721 13496
  3391  6256  2913  4035 11883  5277  6108  4373  8462 14110 14051  2798
  3551  4255  5862  4554  8422  5695  9399  3527  5759  4058  8567  6161] [] 1716186377.3407351971
[-1  1  1  1  1  1  1  1  1  1 -1 -1  1  1  1  1  1  1  1  1  1  1  1  1
  1  1  1  1 -1  1  1  1  1  1 -1  1] [ 1  2  3  4 10 11 15 18 19 20 21 23 26 27 28 29 32 34 35 36 37 38 41 42
 44 45 46 47 50 51 52 53 54 55 60 61] [15499  8676  2302 13039  5028  2698 14719  3319  2947  5318  9733 13513
  3341  5370  2762  4013 10378  5277  5968  4216  8383 13853 11358  2658
  3211  4139  5375  4404  8524  5574  6925  3417  5749  3670  8586  6064] [] 1716186377.3836350441
[-1  1  1 -1  1  1  1  1 -1  1  1  1  1  1  1  1 -1  1  1  1  1  1 -1  1
  1  1  1  1  1  1  1  1  1  1  1  1] [ 1  2  3  4 10 11 15 18 19 20 21 23 26 27 28 29 32 34 35 36 37 38 41 42
 44 45 46 47 50 51 52 53 54 55 60 61] [15607  8005  2253 13294  4853  2635 14591  3189  2950  5104  9610 13357
  3215  5260  2705  3961 10534  5217  5888  3722  8213 13771 11501  2652
  3211  4047  5244  4219  8360  5563  6328  3364  5663  3604  8498  6046] [] 1716186377.4267671108
[-1  1  1  1  1  1  1  1  1  1  1 -1  1  1  1 -1  1  1  1  1 -1  1  1 -1
  1  1  1  1  1 -1 -1  1  1  1  1  1] [ 1  2  3  4 10 11 15 18 19 20 21 23 26 27 28 29 32 34 35 36 37 38 41 42
 44 45 46 47 50 51 52 53 54 55 60 61] [15766  7860  2233 12659  4837  2599 14447  3158  2942  4805  9596 13450
  3203  5175  2705  4011 10360  5146  5789  3647  8259 13771 11137  2662
  3155  3927  5182  4094  8305  5583  6579  3236  5617  3598  8493  6030] [] 1716186377.4697575569
[-1  1  1 -1  1  1  1  1  1  1  1  1 -1  1  1  1  1 -1 -1  1  1 -1  1  1
  1  1  1  1  1 -1  1  1  1  1 -1  1] [ 1  2  3  4 10 11 15 18 19 20 21 23 26 27 28 29 32 34 35 36 37 38 41 42
 44 45 46 47 50 51 52 53 54 55 60 61] [16122  7711  2217 12823  4569  2538 14319  3147  2926  4658  9595 13421
  3209  5175  2656  3942 10324  5165  5870  3521  8236 13804 11026  2648
  3135  3870  5158  4068  8239  5595  6320  3158  5613  3557  8561  6026] [] 1716186377.5126476288
[ 1  1 -1  1  1  1  1  1  1  1  1 -1 -1  1  1  1 -1 -1 -1  1  1  1 -1  1
 -1 -1  1 -1  1  1  1 -1 -1 -1 -1 -1] [ 1  2  3  4 10 11 15 18 19 20 21 23 26 27 28 29 32 34 35 36 37 38 41 42
 44 45 46 47 50 51 52 53 54 55 60 61] [15977  7711  2247 12639  4546  2523 14263  3097  2926  4630  9565 13562
  3227  5172  2652  3918 10340  5295  6177  3478  8230 13615 11079  2614
  3141  3882  5151  4076  8129  5557  6150  3196  5694  3614  8598  6086] [] 1716186377.5557618141
[ 1  1  1 -1 -1 -1 -1  1  1 -1 -1  1  1  1  1  1  1  1  1 -1  1 -1 -1 -1
 -1 -1 -1 -1 -1 -1 -1 -1 -1 -1 -1  1] [ 1  2  3  4 10 11 15 18 19 20 21 23 26 27 28 29 32 34 35 36 37 38 41 42
 44 45 46 47 50 51 52 53 54 55 60 61] [15946  7679  2235 12689  4560  2535 14271  3091  2923  4634  9604 13500
  3215  5170  2641  3910 10328  5258  6168  3507  8201 13709 11084  2693
  3371  4028  5727  4354  8264  6455  6981  3229  5714  4069  8719  6040] [] 1716186377.5986490250
[-1 -1 -1  1 -1 -1 -1 -1 -1 -1 -1  1  1  1 -1 -1  1  1  1 -1 -1 -1 -1 -1
 -1 -1 -1 -1 -1 -1  1 -1 -1 -1  1 -1] [ 1  2  3  4 10 11 15 18 19 20 21 23 26 27 28 29 32 34 35 36 37 38 41 42
 44 45 46 47 50 51 52 53 54 55 60 61] [16014  7746  2282 12173  4826  2598 14303  3159  2940  5264  9640 13416
  3209  5169  2662  3919 10253  5005  6128  3862  8247 14169 14099  2810
  3461  4227  5770  4532  8271  7429  6866  3274  5719  5247  8566  6052] [] 1716186377.6417310238
[ 1 -1 -1  1 -1 -1 -1 -1 -1 -1  1 -1 -1  1 -1 -1  1  1 -1 -1  1  1 -1 -1
 -1 -1 -1 -1  1 -1 -1 -1 -1 -1  1 -1] [ 1  2  3  4 10 11 15 18 19 20 21 23 26 27 28 29 32 34 35 36 37 38 41 42
 44 45 46 47 50 51 52 53 54 55 60 61] [15907 10258  2375 11500  5229  2730 14411  3213  2999  5593  9525 13424
  3327  5166  2812  3958 10163  4974  6171  4131  8083 14023 14786  2848
  3493  4431  5877  4550  8267  7506  7871  3444  5785  5929  8456  6084] [] 1716186377.6847109795
[-1  1 -1  1 -1 -1 -1 -1  1 -1 -1  1 -1  1 -1 -1  1 -1 -1 -1 -1 -1 -1 -1
 -1 -1 -1  1 -1  1 -1 -1 -1 -1 -1] [ 1  2  3  4 10 11 15 18 19 20 21 23 26 27 28 29 32 34 35 36 37 41 42 44
 45 46 47 50 51 52 53 54 55 60 61] [16120 10155  2403 11498  5296  2853 14479  3263  2962  5644  9566 13339
  3474  5160  2883  4027 10145  5065  6176  4135  8187 15839  2992  3577
  5009  5882  4728  8208  7539  7672  3822  5846  6788  9741  6155] [] 1716186377.7276980877
[ 1 -1 -1  1 -1 -1 -1 -1  1  1  1 -1 -1 -1  1  1 -1 -1 -1  1 -1 -1 -1 -1
  1 -1 -1  1 -1 -1  1 -1 -1 -1] [ 1  2  3  4 10 11 18 19 20 21 23 26 27 28 29 32 34 35 36 37 41 42 44 45
 46 47 50 51 52 53 54 55 60 61] [15286 10854  2466 11490  5581  3037  3349  3000  5507  9494 13264  3578
  5190  2931  4021  9993  5831  6308  4163  8182 16249  3022  3583  5211
  5836  4879  9489  7434  9388  3904  5764 10698  9848  6199] [] 1716186377.7707841396
[ 1 -1  1 -1 -1 -1 -1 -1  1  1 -1 -1 -1  1 -1 -1 -1 -1 -1 -1 -1 -1 -1 -1
 -1 -1  1 -1 -1  1] [ 1  3  4 10 11 18 19 20 21 23 26 27 28 29 32 34 35 36 37 42 44 45 46 47
 50 51 52 53 54 61] [15115  2490 11410  5948  3170  3429  3044  5607  9424 12846  3750  5195
  3012  3967 10142  5837  7463  4327  8416  3346  3677  5385  6206  4916
  9650  7501  9248  3924  5771  6034] [] 1716186377.8137598038
[-1 -1 -1 -1 -1 -1 -1 -1 -1 -1 -1 -1 -1  1 -1 -1 -1 -1 -1 -1 -1 -1 -1 -1
 -1 -1 -1 -1 -1 -1] [ 1  3  4 10 11 18 19 20 21 23 26 27 28 29 32 34 35 36 37 42 44 45 46 47
 50 51 52 53 54 61] [15484  2594 12007  6441  3476  3519  3092  5825  9458 12858  3986  5236
  3148  3964 11860  6128  8103  4537  8767  3638  3807  5708  6895  5277
  9873  7570  9293  4092  5790  6075] [] 1716186377.8567013741
[-1 -1  1 -1 -1 -1 -1 -1  1  1 -1 -1 -1 -1 -1 -1 -1 -1 -1 -1  1 -1 -1 -1
 -1 -1 -1 -1 -1] [ 1  3  4 10 11 18 19 20 21 23 26 27 28 29 34 35 36 37 42 44 45 46 47 50
 51 52 53 54 61] [15490  2681 11570  6809  4062  3703  3185  6051  9427 12814  4187  5247
  3242  3995  6514  8133  4802  8898  4028  3859  5565  7791  5903 10235
  7733  9793  4332  5990  6314] [] 1716186377.8996677399
[ 1 -1  1 -1 -1 -1 -1 -1 -1 -1 -1 -1 -1 -1 -1 -1 -1 -1 -1 -1 -1 -1 -1 -1
 -1 -1 -1 -1] [ 1  3  4 10 11 18 19 20 21 23 26 27 28 29 34 35 36 37 42 44 45 46 47 51
 52 53 54 61] [15488  2819 10717  7594  4161  3904  3206  6525  9478 12869  4438  5320
  3609  4023  7001  8544  5379  9202  4212  4085  5669  7909  7968  7804
 11557  4534  7183  6388] [] 1716186377.9426946640
[ 1 -1  1 -1 -1 -1 -1 -1  1 -1 -1 -1 -1 -1  1 -1  1 -1 -1 -1 -1  1 -1 -1
 -1 -1 -1 -1] [ 1  3  4 10 11 18 19 20 21 23 26 27 28 29 34 35 36 37 42 44 45 46 47 51
 52 53 54 61] [15309  3037 10175  7692  4409  4235  3311  6720  9443 12961  4769  5377
  4012  4187  6983  8628  5316  9706  4753  4198  5955  7845 13851 10034
 11781  4902  8919  6455] [] 1716186377.9857230186
[ 1 -1  1 -1 -1 -1  1 -1 -1  1 -1 -1 -1  1 -1 -1 -1 -1 -1 -1 -1 -1 -1 -1
 -1 -1] [ 1  3  4 10 11 18 19 20 21 23 26 27 28 29 34 35 36 37 42 44 45 46 52 53
 54 61] [15208  3045 10086  8019  5321  4356  3298  6820  9594 12880  5055  5429
  4391  4184  7023  8857  5937 11802  5184  4543  6086  7860 13360  5562
 11381  6546] [] 1716186378.0286679268
[-1 -1 -1 -1 -1 -1 -1 -1  1  1 -1 -1 -1 -1 -1 -1 -1 -1 -1 -1 -1 -1 -1 -1
 -1] [ 1  3  4 10 11 18 19 20 21 23 26 27 28 29 34 35 36 37 42 44 45 46 53 54
 61] [15604  3369 10433  8399  7042  4405  3375  7329  9499 12864  6303  5538
  5036  4872  7119  9340  7502 12476  6544  4719  6200  9875  5988 11667
  6762] [] 1716186378.0716693401
[ 1 -1 -1 -1 -1 -1 -1 -1 -1 -1 -1 -1 -1 -1 -1 -1 -1  1 -1  1 -1 -1 -1 -1
 -1] [ 1  3  4 10 11 18 19 20 21 23 26 27 28 29 34 35 36 37 42 44 45 46 53 54
 61] [15567  3450 11603  9919  7329  4941  3462  7452  9626 12912  6638  5647
  5540  5220  7236 11973  8235 12217  7135  4688  6370 10231  6337 11971
  7041] [] 1716186378.1147460938
[-1 -1 -1 -1 -1 -1 -1  1  1 -1 -1 -1  1 -1 -1 -1  1 -1 -1  1 -1 -1  1] [ 1  3 10 11 18 19 20 21 23 26 27 28 29 34 35 36 37 42 44 45 46 53 61] [15816  3485 10256  7366  5476  3538  7519  9596 12784  6762  6693  5894
  5159  7328 12640  8877 12147  8161  4778  6273 10783  6623  6998] [] 1716186378.1577098370
[ 1 -1 -1 -1 -1 -1 -1  1  1 -1 -1 -1 -1 -1 -1 -1 -1  1 -1 -1 -1 -1 -1] [ 1  3 10 11 18 19 20 21 23 26 27 28 29 34 35 36 37 42 44 45 46 53 61] [15714  3612 10593  7407  5637  3585  7615  9568 12759  7551  6856  6248
  5240  7454 12681 10007 12338  7849  4971  6497 11097  6847  8130] [] 1716186378.2006433010
[-1 -1 -1 -1 -1 -1 -1 -1  1 -1 -1 -1 -1 -1 -1 -1  1 -1 -1  1  1] [ 1  3 10 11 18 19 20 21 23 26 27 28 29 34 35 36 37 42 44 45 53] [16138  3642 12907  7491  5823  3702  9405  9602 12713  7651  8001  6871
  5579  7677 12878 10957 12256  8501  5233  6401  6625] [] 1716186378.2436521053
[-1 -1 -1  1 -1 -1 -1 -1 -1 -1  1 -1 -1 -1 -1 -1 -1 -1 -1 -1 -1] [ 1  3 10 11 18 19 20 21 23 26 27 28 29 34 35 36 37 42 44 45 53] [16282  3897 14614  7480  6581  3709  9484  9635 12939  7752  7998  8331
  8027  8681 12911 11157 12393  9229  5635  6492  6799] [] 1716186378.2866404057
[ 1  1 -1 -1 -1  1 -1 -1 -1 -1  1 -1 -1 -1  1 -1 -1  1] [ 3 11 18 19 20 21 23 26 27 28 29 34 35 36 37 42 44 45] [ 3851  7464  6652  3746  9712  9620 12985  7765  8182  8945  7916  8698
 12927 11693 12153 10408  6285  6442] [] 1716186378.3296494484
[-1 -1 -1 -1 -1 -1 -1 -1  1 -1  1 -1 -1 -1 -1 -1 -1 -1] [ 3 11 18 19 20 21 23 26 27 28 29 34 35 36 37 42 44 45] [ 3900  7508  6991  3823  9818  9864 13486  7907  8165  9469  7184  8873
 13059 12077 13260 11684  8310  6654] [] 1716186378.3726100922
[-1  1 -1 -1 -1  1 -1 -1 -1 -1  1 -1 -1 -1 -1 -1 -1] [ 3 11 18 19 20 21 23 26 27 28 29 34 35 36 37 44 45] [ 3955  7493 10127  3956 10003  9806 15439  8159  9517 10413  7107  9069
 13111 12113 13834  8447  6873] [] 1716186378.4156258106
[-1  1 -1 -1 -1 -1 -1 -1 -1 -1 -1 -1 -1 -1 -1 -1] [ 3 11 18 19 20 21 26 27 28 29 34 35 36 37 44 45] [ 4742  7492 10251  4033 10298  9826  8194  9769 10435  7309 12028 14255
 12350 14271 11459  7220] [] 1716186378.4586184025
[-1 -1 -1 -1 -1 -1  1 -1  1 -1 -1 -1 -1 -1] [ 3 11 18 19 20 21 26 27 28 29 35 36 44 45] [ 4746  7599 10570  4172 10385 10005  8160 12022 10341  8398 14596 12997
 12099 12040] [] 1716186378.5015730858
[-1 -1 -1 -1 -1 -1 -1 -1  1 -1 -1 -1] [ 3 11 18 19 20 21 26 27 28 29 36 44] [ 4903  8506 10787  4487 10498 10042  8449 12074 10339  9997 13935 12364] [] 1716186378.5445904732
[-1 -1 -1 -1 -1 -1 -1 -1 -1 -1 -1] [ 3 11 19 20 21 26 27 28 29 36 44] [ 4923  8514  4644 10882 10296  8489 12152 10490 10091 14193 12994] [] 1716186378.5876343250
[-1 -1 -1 -1 -1 -1 -1 -1  1  1] [ 3 11 19 20 21 26 27 28 29 44] [ 5095  8564  4960 11118 10385 10046 12227 10509 10022 12873] [] 1716186378.6306257248
[-1  1 -1 -1 -1 -1  1  1] [ 3 11 19 20 21 27 28 29] [ 5231  8506  5688 11592 10529 12509 10459  9957] [] 1716186378.6735947132
[-1 -1 -1 -1 -1  1 -1 -1] [ 3 11 19 20 21 27 28 29] [ 5386  8510  5834 12470 10645 12494 10467 10031] [] 1716186378.7165484428
[-1 -1 -1 -1 -1 -1 -1 -1] [ 3 11 19 20 21 27 28 29] [ 7295  8564  6391 12728 10843 12665 10658 10252] [] 1716186378.7595539093
[-1 -1 -1 -1 -1  1 -1 -1] [ 3 11 19 20 21 27 28 29] [ 7747  8660  7497 13436 13620 12519 10700 10620] [] 1716186378.8026022911
[-1  1 -1 -1 -1 -1  1] [ 3 11 19 20 27 28 29] [13496  8635  7820 14855 12742 10886 10566] [] 1716186378.8455998898
[ 1 -1 -1  1 -1] [11 19 20 28 29] [ 8570  9479 15736 10731 10856] [] 1716186378.8885526657
[-1 -1  1 -1] [11 19 28 29] [ 8677  9550 10696 11418] [] 1716186378.9315540791
[-1 -1 -1] [11 19 28] [ 8885  9671 10700] [] 1716186378.9745414257
[ 1 -1] [11 28] [ 8885 10898] [] 1716186379.0175235271
[-1 -1] [11 28] [ 9172 11079] [] 1716186379.0605273247
[-1 -1] [11 28] [ 9616 11591] [] 1716186379.1035549641
[1] [11] [9563] [] 1716186379.1467645168
[-1] [11] [9947] [] 1716186379.2084610462
2 2 2 1716186379.2086925507
