FA TAX ADC PRES TS
[-1 -1 -1] [11 28 29] [10203 13251 11825] [] 1716187109.4984340668
[1 1 1] [11 28 29] [ 9491 11651 11325] [] 1716187109.5414483547
[1 1 1] [11 28 29] [ 9282 11508 11173] [] 1716187109.5842213631
[1 1 1] [11 28 29] [ 9112 11295 10751] [] 1716187109.6274268627
[1 1 1] [11 28 29] [ 8971 11146 10601] [] 1716187109.6704521179
[ 1  1  1 -1] [11 28 29 44] [ 8723 10915 10406 13425] [] 1716187109.7134151459
[-1  1 -1  1] [11 28 29 44] [ 8734 10857 10465 12988] [] 1716187109.7564513683
[ 1 -1  1  1  1] [11 21 28 29 44] [ 8669 12671 10672 10065 12607] [] 1716187109.7994368076
[-1 -1 -1  1 -1  1  1] [11 19 20 21 28 29 44] [ 8745 10215 14745 11941 10750  9874 12444] [] 1716187109.8424584866
[ 1 -1 -1  1  1 -1 -1 -1] [11 19 20 21 28 29 44 45] [ 8602 10220 15251 11032 10724 10094 12526  9086] [] 1716187109.8855061531
[-1  1  1  1 -1  1 -1  1  1] [11 19 20 21 26 28 29 44 45] [ 8692  9818 14604 10519 11833 10656 10114 12470  7602] [] 1716187109.9284434319
[-1  1  1  1  1 -1 -1 -1 -1 -1  1] [11 19 20 21 26 27 28 29 42 44 45] [ 8709  9353 13649 10234 10833 13292 10682 10122 12805 12484  7442] [] 1716187109.9714477062
[ 1  1  1 -1 -1  1 -1  1  1  1  1 -1] [11 19 20 21 26 27 28 29 42 44 45 53] [ 8637  9025 12789 10265 10855 12778 10757  9601 12249 12385  7436 11287] [] 1716187110.0144765377
[-1  1  1  1  1  1 -1  1 -1  1  1  1  1] [11 19 20 21 26 27 28 29 37 42 44 45 53] [ 8691  6705 12041 10246 10767 12474 10779  9213 16325 12117 12258  7369
  8143] [] 1716187110.0574560165
[-1  1  1  1 -1  1  1  1  1  1  1  1 -1  1] [10 11 19 20 21 26 27 28 29 37 42 44 45 53] [15144  8589  6250 11882 10271 10642 12460 10691  7692 12911 12090 12022
  7449  7357] [] 1716187110.1003930569
[ 1  1  1  1  1 -1  1  1  1  1  1 -1 -1 -1 -1  1] [10 11 19 20 21 26 27 28 29 37 42 44 45 47 52 53] [14615  8573  5799 11699 10170 10688 12301 10566  7435 12673 11135 12121
  7481 14443 13515  7357] [] 1716187110.1433787346
[ 1  1  1  1 -1  1  1 -1  1 -1 -1  1 -1  1  1  1  1] [10 11 19 20 21 26 27 28 29 36 37 42 44 45 47 52 53] [12931  8550  5432 11495 10183  8819 12224 10649  7302 14205 12679 10597
 12272  7413  9470 12351  6449] [] 1716187110.1864976883
[ 1 -1 -1  1  1  1  1  1 -1  1  1  1  1  1  1  1  1  1] [10 11 18 19 20 21 26 27 28 29 36 37 42 44 45 47 52 53] [10287  8559 10980  5055 11118 10101  8607  9968 10887  7109 13871 12344
 10438 12027  7355  8202 11762  6246] [] 1716187110.2295162678
[ 1  1  1  1  1 -1  1  1  1 -1  1 -1  1  1  1  1  1  1] [10 11 18 19 20 21 26 27 28 29 36 37 42 44 45 47 52 53] [ 9259  8556 10584  4812 11034 10192  8543  9753 10773  7219 13661 12353
 10109 12005  7225  8050 10906  5744] [] 1716187110.2723526955
[-1  1  1  1  1  1  1  1  1  1  1 -1  1  1  1 -1  1  1 -1  1  1] [ 3 10 11 18 19 20 21 26 27 28 29 35 36 37 42 44 45 47 51 52 53] [12220  8772  8555 10331  4606 10701 10116  8402  9521 10715  7037 15783
 12999 12218  9323 12224  7110  7344 11997  9815  5445] [] 1716187110.3154988289
[ 1  1  1  1  1  1 -1 -1 -1  1  1 -1  1  1 -1  1  1  1  1  1  1  1] [ 3 10 11 18 19 20 21 26 27 28 29 34 35 36 37 42 44 45 47 51 52 53] [ 7617  8150  8535  9884  4354 10450 10150  8420  9542 10671  6950 13049
 12437 12831 12318  9269 12107  7004  6926  9296  9206  5300] [] 1716187110.3585088253
[ 1  1  1  1  1 -1  1  1 -1  1  1  1  1  1  1 -1 -1  1  1  1 -1 -1 -1] [ 3 10 11 18 19 20 21 26 27 28 29 34 35 36 37 42 44 45 47 51 52 53 61] [ 5187  8049  8419  9804  4210 10526  9980  8187  9645  8406  6910 11781
 12049 12263 11786  9951 12165  6463  6729  8831  9288  5514  7734] [] 1716187110.4015603065
[ 1  1 -1  1  1  1  1  1 -1  1 -1  1  1 -1  1  1  1  1 -1 -1  1  1  1 -1
  1] [ 3 10 11 18 19 20 21 26 27 28 29 34 35 36 37 42 44 45 46 47 51 52 53 54
 61] [ 5049  7610  8428  7951  4131  8451  9948  8012  9647  6700  6950 11605
 11135 12495 11738  9557 12021  6191 11559  6761  8671  9153  5514 12349
  6958] [] 1716187110.4444379807
[ 1  1  1  1  1  1  1 -1  1  1  1  1 -1  1  1  1  1  1  1  1  1  1  1  1
  1 -1  1] [ 3 10 11 18 19 20 21 23 26 27 28 29 34 35 36 37 42 44 45 46 47 51 52 53
 54 55 61] [ 4981  6470  7125  7263  4026  8108  9826 15376  7915  8820  5466  5635
 11656 11059 11713 11706  9271 11859  6161 10833  6423  8507  7543  5482
 10054 12153  6950] [] 1716187110.4874956608
[ 1  1  1  1 -1  1  1  1  1  1  1  1  1 -1  1 -1  1 -1  1  1  1  1  1  1
  1  1  1] [ 3 10 11 18 19 20 21 23 26 27 28 29 34 35 36 37 42 44 45 46 47 51 52 53
 54 55 61] [ 4938  6448  6706  7185  4031  7736  9757 14327  7884  8660  5198  5465
 11373 11534 11539 12306  8317 11968  5984  9151  5893  8349  7183  5361
  9870  8617  6789] [] 1716187110.5305249691
[ 1  1  1  1  1  1  1  1  1  1  1  1 -1  1  1 -1  1  1  1  1  1  1  1  1
  1  1  1] [ 3 10 11 18 19 20 21 23 26 27 28 29 34 35 36 37 42 44 45 46 47 51 52 53
 54 55 61] [ 4880  6101  6130  7125  3894  7486  9718 14048  6903  8641  4564  5394
 11441 11383 11305 12331  8270  9531  5913  8870  5401  8272  7048  5076
  9644  7503  6614] [] 1716187110.5735368729
[ 1  1  1  1  1  1  1  1  1  1  1  1 -1  1  1  1  1  1  1  1  1  1  1  1
  1  1  1] [ 3 10 11 18 19 20 21 23 26 27 28 29 34 35 36 37 42 44 45 46 47 51 52 53
 54 55 61] [ 4863  5287  5761  7101  3817  6686  9694 13746  6406  8573  4450  5294
 11505 11361 11154 12324  8194  9066  5825  8586  4775  8098  6333  4808
  9427  6718  6450] [] 1716187110.6165640354
[ 1  1  1  1  1  1 -1  1  1 -1  1  1  1  1  1  1  1  1  1  1  1  1  1  1
  1  1  1] [ 3 10 11 18 19 20 21 23 26 27 28 29 34 35 36 37 42 44 45 46 47 51 52 53
 54 55 61] [ 4749  4951  4949  7086  3737  5787  9776 13389  5037  8602  4085  5265
  8604 10225 10157 12285  7713  6873  5738  8332  4553  7956  6169  4650
  9221  6239  6264] [] 1716187110.6595489979
[ 1  1  1  1  1  1  1  1  1  1  1 -1  1 -1  1  1  1  1  1  1  1  1  1  1
  1  1  1] [ 3 10 11 18 19 20 21 23 26 27 28 29 34 35 36 37 42 44 45 46 47 51 52 53
 54 55 61] [ 4699  4921  4819  7015  3530  5654  9736 13305  5010  8359  3909  5266
  8527 10930 10047 11936  6576  6181  5565  8202  4432  7382  6013  4450
  8623  6115  6173] [] 1716187110.7024734020
[-1  1  1  1  1  1  1  1 -1  1  1  1 -1  1  1  1  1  1  1  1  1  1 -1  1
 -1  1  1  1] [ 3 10 11 18 19 20 21 23 26 27 28 29 32 34 35 36 37 42 44 45 46 47 51 52
 53 54 55 61] [ 4727  4858  4509  6948  3503  5500  9692 13118  5027  8289  3661  5221
 13184  8360 10165 10034 11901  5921  5038  5519  6879  4259  7876  5866
  4464  7270  5584  6095] [] 1716187110.7454733849
[ 1  1  1  1  1  1 -1  1  1  1  1 -1  1  1  1  1  1  1  1 -1  1  1 -1  1
  1  1  1  1 -1] [ 3 10 11 18 19 20 21 23 26 27 28 29 32 34 35 36 37 42 44 45 46 47 50 51
 52 53 54 55 61] [ 4645  4593  4273  6180  3491  4888  9720 13020  4532  7473  3493  5284
 11373  8351  9767  8167 11732  5574  4767  5537  6641  4036 10115  7858
  5706  4045  6115  4774  6156] [] 1716187110.7885282040
[ 1 -1  1  1  1  1 -1  1  1  1  1 -1  1  1  1  1  1 -1  1  1  1  1  1  1
 -1  1  1  1  1] [ 3 10 11 18 19 20 21 23 26 27 28 29 32 34 35 36 37 42 44 45 46 47 50 51
 52 53 54 55 61] [ 4627  4645  4105  6146  3386  4804  9864 12971  4299  7212  3369  5327
 11308  8341  8426  6351 11687  5610  4651  5492  6419  3833 10089  7762
  5722  3950  6015  4364  6071] [] 1716187110.8314993382
[ 1  1  1  1  1 -1  1  1  1  1  1  1 -1  1  1  1 -1  1  1  1  1  1  1  1
  1  1  1  1  1] [ 3 10 11 18 19 20 21 23 26 27 28 29 32 34 35 36 37 42 44 45 46 47 50 51
 52 53 54 55 61] [ 4543  4567  3577  5381  3331  4807  9752 12786  4085  6675  3319  5303
 11716  8328  8211  6227 11720  5446  4366  5437  6388  3708 10000  7678
  5346  3909  5920  4303  5943] [] 1716187110.8744792938
[ 1  1  1  1  1  1  1  1  1  1  1  1  1  1  1  1 -1  1  1  1  1  1  1  1
  1  1  1  1 -1 -1] [ 3 10 11 18 19 20 21 23 26 27 28 29 32 34 35 36 37 42 44 45 46 47 50 51
 52 53 54 55 60 61] [ 4234  4509  3206  5189  3183  4648  9681 12664  3851  6209  3118  5241
 10247  8259  7990  5969 11785  5036  4345  5364  5648  3520  9985  7654
  5320  3755  5866  3848 15592  5974] [] 1716187110.9174869061
[ 1  1  1 -1  1  1 -1  1  1  1  1  1  1  1  1  1 -1  1  1  1  1  1 -1 -1
 -1 -1 -1  1  1  1 -1] [ 3 10 11 18 19 20 21 23 26 27 28 29 32 34 35 36 37 42 44 45 46 47 48 50
 51 52 53 54 55 60 61] [ 4183  4213  3131  5229  3141  4548  9689 12649  3758  5137  3017  5229
 10237  8180  7078  5953 11994  4890  4015  5255  5614  3434 15818 10052
  7668  5322  3775  5806  3836 10320  6000] [] 1716187110.9604566097
[ 1 -1  1  1 -1  1  1 -1 -1  1  1  1  1 -1  1  1  1  1  1  1  1 -1  1  1
  1  1  1  1  1  1  1  1] [ 3  4 10 11 18 19 20 21 23 26 27 28 29 32 34 35 36 37 42 44 45 46 47 48
 50 51 52 53 54 55 60 61] [ 4075 11803  4001  3076  5247  3115  4522  9690 12672  3645  4953  2927
  4731 10374  8105  6721  5580 11939  4456  3935  5231  5680  3320 13283
  9949  7270  4893  3640  5796  3713  9129  5968] [] 1716187111.0035209656
[-1  1  1  1  1  1  1  1 -1  1  1  1  1  1 -1  1  1  1  1  1  1  1  1  1
  1 -1  1  1  1  1  1  1] [ 3  4 10 11 18 19 20 21 23 26 27 28 29 32 34 35 36 37 42 44 45 46 47 48
 50 51 52 53 54 55 60 61] [ 4135 10879  3799  2958  4955  3044  4416  9638 12707  3593  4795  2863
  4329 10220  8227  6393  5350 11928  4340  3910  4915  5608  3304 13122
  9919  7332  4877  3560  5794  3688  8490  5925] [] 1716187111.0465090275
[ 1  1 -1  1  1  1  1  1  1  1  1  1  1  1  1  1  1  1  1  1 -1  1  1  1
 -1  1  1  1  1 -1 -1  1] [ 3  4 10 11 18 19 20 21 23 26 27 28 29 32 34 35 36 37 42 44 45 46 47 48
 50 51 52 53 54 55 60 61] [ 4047 10719  3802  2904  4683  3015  4336  9607 12640  3467  4631  2824
  4205 10115  8073  5940  4616 11851  4295  3859  4917  5590  3293 11990
  9921  7044  4802  3478  5790  3695  8629  5920] [] 1716187111.0894896984
[ 1  1  1  1  1  1  1  1  1 -1 -1  1 -1 -1  1  1  1  1  1 -1 -1  1  1  1
  1  1  1  1  1  1  1 -1] [ 3  4 10 11 18 19 20 21 23 26 27 28 29 32 34 35 36 37 42 44 45 46 47 48
 50 51 52 53 54 55 60 61] [ 4036 10599  3782  2898  4669  2996  4299  9604 12576  3503  4643  2806
  4211 10116  7402  5838  4610 11750  4236  3867  4942  5536  3276 11862
  9907  6964  4765  3414  5729  3683  8300  5951] [] 1716187111.1325061321
[ 1  1  1  1  1  1  1  1 -1  1  1 -1 -1  1  1 -1 -1 -1  1  1  1  1  1 -1
 -1  1  1  1  1  1 -1  1] [ 3  4 10 11 18 19 20 21 23 26 27 28 29 32 34 35 36 37 42 44 45 46 47 48
 50 51 52 53 54 55 60 61] [ 3974 10407  3772  2894  4615  2992  4286  9594 12589  3410  4543  2808
  4252 10063  7336  5919  4618 12014  4232  3823  4916  5511  3245 12004
  9985  6943  4761  3412  5704  3673  8854  5933] [] 1716187111.1754708290
[ 1  1  1  1  1  1 -1  1 -1 -1  1 -1  1 -1  1  1 -1  1 -1 -1 -1  1 -1 -1
  1  1 -1 -1 -1 -1 -1  1] [ 3  4 10 11 18 19 20 21 23 26 27 28 29 32 34 35 36 37 42 44 45 46 47 48
 50 51 52 53 54 55 60 61] [ 3962 10129  3738  2885  4584  2985  4346  9576 12600  3425  4517  2831
  4212 10087  7134  5884  4683 11664  4236  3883  5238  5457  3323 15993
  9889  6870  4785  3532  5707  3679 12610  5915] [] 1716187111.2184612751
[-1  1 -1 -1 -1 -1  1 -1 -1 -1 -1  1 -1  1 -1 -1 -1 -1 -1 -1 -1 -1 -1  1
  1  1  1 -1 -1  1] [ 3  4 10 11 18 19 20 21 23 26 27 28 29 32 34 35 36 37 42 44 45 46 47 50
 51 52 53 54 55 61] [ 4013  9135  3760  2922  4855  2998  4343  9578 12745  3497  4713  2822
  4256  9904  7289  6335  5079 12022  4506  3949  5271  5483  3400  9887
  6861  4729  3506  5753  3789  5815] [] 1716187111.2614517212
[-1 -1 -1 -1 -1 -1 -1  1  1 -1 -1 -1 -1 -1 -1  1  1  1 -1 -1  1 -1 -1 -1
 -1  1 -1 -1 -1 -1] [ 3  4 10 11 18 19 20 21 23 26 27 28 29 32 34 35 36 37 42 44 45 46 47 50
 51 52 53 54 55 61] [ 4195 10539  3879  2970  5271  3019  4454  9531 12716  3521  4866  2889
  4447 10044  8077  6077  5062 11986  4847  4046  5263  6285  3607 10044
  6931  4713  3513  5846  4094  5840] [] 1716187111.3045575619
[-1 -1 -1  1 -1 -1  1  1 -1 -1 -1 -1  1  1 -1 -1 -1 -1 -1 -1 -1 -1  1 -1
 -1 -1 -1 -1 -1] [ 3 10 11 18 19 20 21 23 26 27 28 29 32 34 35 36 37 42 44 45 46 47 50 51
 52 53 54 55 61] [ 4369  4115  3102  5192  3181  4544  9490 12554  3608  5687  3121  4721
  9886  8074  6684  5124 12380  5523  4199  5352  6351  3685  9983  7065
  4821  3545  6915  4816  5907] [] 1716187111.3475217819
[-1 -1 -1 -1 -1 -1  1 -1 -1 -1 -1 -1 -1 -1 -1 -1 -1 -1 -1  1 -1 -1 -1 -1
 -1 -1 -1 -1] [ 3 10 11 18 19 20 21 23 26 27 28 29 32 34 35 36 37 42 44 45 46 47 51 52
 53 54 55 61] [ 4465  4577  3166  5448  3211  4563  9480 12557  3741  6077  3174  5144
 10009  8104  7595  5338 12462  5607  4507  5305  6471  3895  7203  5210
  3643  7111  5396  6010] [] 1716187111.3904950619
[ 1 -1 -1 -1 -1 -1  1 -1 -1 -1 -1 -1 -1 -1  1 -1  1 -1 -1 -1 -1 -1 -1 -1
 -1 -1 -1 -1] [ 3 10 11 18 19 20 21 23 26 27 28 29 32 34 35 36 37 42 44 45 46 47 51 52
 53 54 55 61] [ 4407  4625  3621  6215  3268  5005  9458 12636  3919  6182  3333  5163
 10057  8143  7546  5697 12260  6191  4773  5338  6623  4020  7436  5630
  3721  7247  6131  6062] [] 1716187111.4335215092
[-1  1 -1  1 -1 -1  1 -1 -1 -1 -1 -1 -1 -1  1 -1 -1 -1 -1 -1 -1 -1 -1 -1
 -1 -1 -1 -1] [ 3 10 11 18 19 20 21 23 26 27 28 29 32 34 35 36 37 42 44 45 46 47 51 52
 53 54 55 61] [ 4566  4530  3981  6215  3311  5036  9444 12668  4017  6593  3438  5194
 10075  8182  7528  5724 12341  7538  5907  5485  7811  4380  7836  5958
  4125  9035  7145  6354] [] 1716187111.4766268730
[-1 -1 -1 -1  1 -1 -1 -1 -1 -1 -1 -1 -1 -1 -1  1 -1 -1 -1 -1 -1 -1 -1 -1
 -1 -1 -1] [ 3 10 11 18 19 20 21 23 26 27 28 29 34 35 36 37 42 44 45 46 47 51 52 53
 54 55 61] [ 4615  4768  4504  6843  3305  5270  9504 12730  4705  7679  3801  5224
  8451  7923  7205 12058  7679  6291  5661  7937  4817  7939  6726  4240
  9135 10393  6430] [] 1716187111.5195374489
[ 1 -1 -1 -1 -1 -1  1  1 -1 -1 -1 -1 -1  1 -1 -1 -1 -1 -1 -1 -1 -1 -1 -1
  1 -1] [ 3 10 11 18 19 20 21 23 26 27 28 29 34 35 36 37 42 44 45 46 47 51 52 53
 54 61] [ 4532  4808  4615  6895  3348  6014  9483 12632  4861  7896  4055  5233
  9051  7780  8225 12196  7703  7578  5700  8015  5144  8089  6828  4415
  9108  6534] [] 1716187111.5624904633
[-1 -1 -1 -1 -1 -1  1 -1 -1 -1 -1  1 -1 -1 -1 -1  1 -1 -1 -1 -1 -1 -1 -1
 -1] [ 3 10 11 18 19 20 21 23 26 27 28 29 34 35 36 37 42 44 45 47 51 52 53 54
 61] [ 4566  4945  4791  6900  3408  6514  9458 12654  5468  8486  4292  5225
 10997  7793  8242 12289  7598  9257  5848  5558  8247  7098  4802  9311
  6803] [] 1716187111.6055276394
[-1 -1 -1 -1 -1 -1  1 -1 -1  1 -1 -1 -1  1 -1  1 -1 -1 -1 -1 -1 -1 -1  1] [ 3 10 11 18 19 20 21 23 26 27 28 29 34 35 36 37 42 44 45 47 51 52 53 61] [ 4601  5832  5687  6969  3539  7535  9457 12823  7692  8410  5118  5272
 11057  7752  8909 12124  7731 11689  5854  5884  8463  7846  4914  6800] [] 1716187111.6483895779
[-1 -1 -1 -1 -1 -1 -1 -1 -1  1 -1 -1 -1 -1 -1  1 -1  1 -1 -1  1 -1  1] [ 3 10 11 18 19 20 21 23 26 27 28 29 34 35 36 37 42 44 45 47 51 52 53] [ 4713  6068  6112  7064  3729  7616  9616 13084  7739  8389  6154  5327
 11197  8123  8948 12056  7759 11574  6428  6216  8376  9108  4743] [] 1716187111.6915431023
[-1 -1 -1 -1 -1 -1  1 -1 -1 -1 -1 -1 -1  1 -1 -1 -1  1 -1 -1 -1 -1 -1] [ 3 10 11 18 19 20 21 23 26 27 28 29 34 35 36 37 42 44 45 47 51 52 53] [ 4941  6418  6383  7138  3845  7807  9616 13288  7851  8446  6756  6590
 11333  7934  9768 12122  8265 11554  6861  6828  8634  9122  5497] [] 1716187111.7345311642
[-1 -1 -1 -1 -1 -1 -1 -1 -1 -1 -1  1 -1 -1 -1 -1 -1 -1 -1 -1 -1 -1] [ 3 10 11 18 19 20 21 23 26 27 28 29 34 35 36 37 42 44 45 47 52 53] [ 7052  7676  7375  9516  3925  9689  9639 13931  7919  8704  9774  6559
 11681 10413 10419 12176  9897 11677  7043 11451  9590  5682] [] 1716187111.7775003910
[-1 -1 -1 -1 -1 -1  1 -1 -1 -1 -1 -1 -1 -1  1 -1 -1 -1 -1 -1] [ 3 10 11 18 19 20 21 26 27 28 29 34 35 36 37 42 44 45 52 53] [ 7173  8108  8289  9949  4161  9941  9584  8102  8961  9843  6621 11944
 11663 10809 12168 10127 11991  7135  9999  5812] [] 1716187111.8203730583
[-1 -1  1 -1 -1 -1 -1 -1 -1 -1 -1 -1 -1  1 -1 -1 -1 -1 -1] [ 3 10 11 18 19 20 21 26 27 28 29 35 36 37 42 44 45 52 53] [12105  8354  8274  9974  4371  9945  9674  8206  9653  9902  6666 12013
 10860 12137 10367 12209  7160 11309  5988] [] 1716187111.8634512424
[-1 -1 -1 -1 -1  1 -1 -1  1 -1 -1 -1 -1 -1 -1 -1 -1 -1] [10 11 18 19 20 21 26 27 28 29 35 36 37 42 44 45 52 53] [ 8920  8285 10033  4599 10081  9657  8386  9774  9902  6723 14741 11319
 12250 12198 12381  7239 14367  7942] [] 1716187111.9064433575
[-1 -1 -1 -1 -1 -1 -1 -1 -1 -1 -1 -1 -1 -1  1 -1] [10 11 18 19 20 21 26 27 28 29 36 37 42 44 45 53] [11634  8391 10230  5381 10718  9856  8692 12206 10079  6944 12579 12413
 13083 12417  7062 10676] [] 1716187111.9494755268
[-1 -1 -1 -1 -1  1 -1 -1 -1 -1 -1  1  1  1] [10 11 18 19 20 21 26 27 28 29 36 37 44 45] [12051  8529 10720  5823 11308  9849  8807 12282 10196  7125 12998 12184
 12225  6826] [] 1716187111.9923892021
[-1  1 -1 -1 -1 -1  1  1  1 -1 -1 -1] [10 11 19 20 21 26 27 28 29 37 44 45] [13712  8486  6192 11558 10064 10224 12210 10031  7065 12799 12349  7149] [] 1716187112.0354113579
[ 1 -1 -1 -1 -1 -1 -1 -1  1] [11 19 20 21 26 27 28 29 44] [ 8442  8708 11688 10177 10499 12711 10082  8637 12160] [] 1716187112.0784466267
[-1 -1 -1 -1 -1 -1  1] [11 19 20 21 28 29 44] [ 8495  9254 12262 10252 10309  9792 12043] [] 1716187112.1214182377
[-1 -1 -1 -1 -1 -1 -1] [11 19 20 21 28 29 44] [ 8555  9631 12424 10430 10333  9888 12325] [] 1716187112.1644253731
[-1 -1 -1 -1 -1 -1] [11 19 20 21 28 29] [ 8579 11504 14040 10819 10394 10264] [] 1716187112.2074265480
[ 1 -1  1] [11 28 29] [ 8385 10442 10150] [] 1716187112.2502937317
[-1 -1 -1] [11 28 29] [ 8439 10639 10267] [] 1716187112.2934179306
[-1  1 -1] [11 28 29] [ 8525 10638 10686] [] 1716187112.3364751339
[-1 -1 -1] [11 28 29] [ 8841 10827 10963] [] 1716187112.3794119358
[-1  1] [11 28] [ 8929 10753] [] 1716187112.4224317074
[-1] [11] [9215] [] 1716187112.4654204845
2 2 2 1716187112.7808277607
