FA TAX ADC PRES TS
[1 1] [11 28] [10410 11978] [] 1716186903.6122112274
[1 1] [11 28] [10351 11886] [] 1716186903.6552579403
[1 1] [11 28] [10288 11880] [] 1716186903.6983194351
[1 1] [11 28] [10037 11651] [] 1716186903.7413077354
[1 1] [11 28] [ 9419 11058] [] 1716186903.7843387127
[1 1] [11 28] [ 9027 10785] [] 1716186903.8273279667
[ 1 -1 -1] [11 20 28] [ 8857 16204 10792] [] 1716186903.8703198433
[ 1  1 -1] [11 20 28] [ 8781 13014 10882] [] 1716186903.9132494926
[-1 -1  1 -1] [11 19 20 28] [ 8802 11960 12617 10918] [] 1716186903.9562976360
[-1 -1  1  1 -1 -1] [ 3 11 19 20 21 28] [ 9136  8854 10045 11856 11890 11070] [] 1716186903.9993302822
[1 1 1 1 1 1] [ 3 11 19 20 21 28] [ 7445  8822  9871 11637 11551 11009] [] 1716186904.0422198772
[ 1 -1 -1  1  1 -1  1] [ 3 11 19 20 21 27 28] [ 7363  8933  9906 11336 11032 12946 10942] [] 1716186904.0851724148
[ 1  1  1  1 -1  1  1 -1] [ 3 11 19 20 21 27 28 29] [ 5713  8887  9903 11109 11048 12643 10934 12153] [] 1716186904.1282119751
[ 1 -1 -1  1  1  1  1  1  1] [ 3 11 18 19 20 21 27 28 29] [ 5448  8965 11138  9872 10578 10764 12446 10819 11428] [] 1716186904.1712713242
[ 1  1  1  1  1  1  1  1  1 -1] [ 3 11 18 19 20 21 27 28 29 44] [ 5355  8850 10786  9711 10417 10618 12412 10738 11029 13811] [] 1716186904.2143085003
[-1 -1 -1  1  1  1 -1  1 -1 -1 -1  1] [ 2  3 11 18 19 20 21 27 28 29 36 44] [15616  5391  8929 10661  8827 10169 10810 12257 10756 11038 13236 13405] [] 1716186904.2573628426
[ 1  1  1  1  1  1  1  1 -1  1  1  1] [ 2  3 11 18 19 20 21 27 28 29 36 44] [14747  5272  8555 10511  7927 10033 10726 11645 10757 10574 13005 12721] [] 1716186904.3002419472
[ 1  1  1  1  1  1  1 -1 -1  1  1  1  1] [ 2  3 11 18 19 20 21 26 27 28 29 36 44] [14603  5180  8217 10440  6666  9459 10458 13179 11728 10733 10553 12400
 12711] [] 1716186904.3433599472
[ 1  1  1  1  1  1 -1  1 -1  1  1  1 -1] [ 2  3 11 18 19 20 21 26 27 28 29 36 44] [14597  4599  8053  8208  6334  8719 10492  9342 11851  9729 10553 12116
 12714] [] 1716186904.3862774372
[-1  1  1  1  1 -1  1  1 -1  1  1 -1  1 -1  1] [ 2  3 11 18 19 20 21 26 27 28 29 34 36 37 44] [14740  4322  7866  7307  5642  8866 10455  9085 12012  9134 10431 12721
 11662 16359 11555] [] 1716186904.4294021130
[1 1 1 1 1 1 1 1 1 1 1 1 1 1 1] [ 2  3 11 18 19 20 21 26 27 28 29 34 36 37 44] [14403  4161  7825  7005  4973  7823 10105  8445 11713  7864 10171 11687
 11072 13182 10080] [] 1716186904.4723474979
[ 1  1  1  1  1  1  1  1  1  1  1  1  1  1  1 -1] [ 2  3 11 18 19 20 21 26 27 28 29 34 36 37 44 45] [14271  4123  7719  6792  4570  7660 10012  8381 11481  6950 10161  9231
 10030 12808  9497 13584] [] 1716186904.5154109001
[-1  1  1  1  1  1  1  1  1  1  1  1  1 -1 -1  1  1] [ 2  3 11 18 19 20 21 26 27 28 29 34 36 37 42 44 45] [14335  3883  7623  6676  4384  7600  9984  8205 11255  6543 10074  8901
  8536 12834 14519  6449  8137] [] 1716186904.5583178997
[-1  1  1  1  1 -1  1 -1  1  1  1 -1 -1  1 -1  1  1  1] [ 2  3 11 18 19 20 21 23 26 27 28 29 34 36 37 42 44 45] [14742  3794  7539  5234  4174  7653  9911 14670  8030  8290  5025 10213
  8916  6859 12836 10523  5840  7795] [] 1716186904.6013185978
[ 1 -1  1  1  1  1  1  1  1  1  1  1  1 -1  1  1  1  1  1 -1] [ 2  3 11 18 19 20 21 23 26 27 28 29 34 35 36 37 42 44 45 53] [14629  3822  7500  5021  4085  6920  9900 14231  7980  8201  4759 10134
  8846 15998  6839 12646  9810  5508  7703 14586] [] 1716186904.6442639828
[-1  1 -1  1  1  1  1  1  1  1  1  1 -1 -1  1  1 -1  1  1  1  1] [ 2  3 10 11 18 19 20 21 23 26 27 28 29 34 35 36 37 42 44 45 53] [14811  3743 16178  6705  4241  3986  6828  9855 14020  7888  8101  4368
 10189  8880 13485  5961 12718  7863  5212  7479  9885] [] 1716186904.6873583794
[-1  1  1  1  1  1  1 -1  1  1  1  1  1  1  1  1  1  1  1  1  1] [ 2  3 10 11 18 19 20 21 23 26 27 28 29 34 35 36 37 42 44 45 53] [15150  3477 13148  5055  3951  3761  6687  9911 13271  7727  6892  3879
  9840  7129 13227  5331 12411  6105  4912  7291  6484] [] 1716186904.7303116322
[1 1 1 1 1 1 1 1 1 1 1 1 1 1 1 1 1 1 1 1 1] [ 2  3 10 11 18 19 20 21 23 26 27 28 29 34 35 36 37 42 44 45 53] [14650  3274 11193  4729  3754  3610  5786  9812 13104  7670  6778  3455
  9780  6892 11408  4882 12340  5473  4414  7150  6098] [] 1716186904.7733559608
[-1  1  1  1  1  1  1  1  1  1  1  1  1  1  1  1 -1  1  1  1 -1  1] [ 2  3 10 11 18 19 20 21 23 26 27 28 29 34 35 36 37 42 44 45 46 53] [14955  3163 10658  4016  3605  3570  5397  9730 13101  7647  5820  3267
  6817  6759 10061  4564 12417  4526  4034  7001 11060  5916] [] 1716186904.8162817955
[-1 -1  1  1  1  1  1  1 -1  1  1  1  1  1  1  1  1  1  1  1  1  1  1] [ 1  2  3 10 11 18 19 20 21 23 26 27 28 29 34 35 36 37 42 44 45 46 53] [15968 15619  3069  9619  3397  3563  3435  5138  9746 13055  6006  5769
  3075  6221  6354  9343  4181 12405  4086  3820  6901 10679  5611] [] 1716186904.8592982292
[ 1  1  1  1  1  1  1  1 -1  1  1  1  1  1  1  1  1  1  1  1  1  1 -1 -1] [ 1  2  3 10 11 18 19 20 21 23 26 27 28 29 34 35 36 37 42 44 45 46 53 61] [15451 15186  2970  9458  3325  3425  3377  4619  9853 12982  5671  5635
  2943  4707  6276  8125  3883 11547  3802  3781  5908  8035  5716  6761] [] 1716186904.9023222923
[ 1  1  1  1  1  1  1  1 -1 -1  1  1  1  1  1  1  1  1  1  1  1  1  1  1] [ 1  2  3 10 11 18 19 20 21 23 26 27 28 29 34 35 36 37 42 44 45 46 53 61] [15236 13471  2763  7510  3232  3391  3338  4511  9950 13178  5393  5580
  2778  4547  6224  7986  3770 11420  3759  3682  5748  7822  5628  6561] [] 1716186904.9452891350
[ 1  1  1  1  1  1 -1  1 -1  1  1  1  1  1  1  1  1  1 -1  1 -1 -1 -1 -1
 -1  1 -1 -1] [ 1  2  3 10 11 18 19 20 21 23 26 27 28 29 34 35 36 37 42 44 45 46 50 51
 52 53 54 61] [14888 10578  2669  6467  3064  3330  3347  4378  9971 12979  5182  5343
  2695  4506  6020  7817  3634 11138  3808  3439  5830  7917 14269 11211
 15147  5550 12198  6652] [] 1716186904.9882650375
[ 1  1  1  1  1  1  1  1  1 -1  1 -1  1  1  1  1  1 -1  1  1  1  1 -1  1
  1  1  1  1] [ 1  2  3 10 11 18 19 20 21 23 26 27 28 29 34 35 36 37 42 44 45 46 50 51
 52 53 54 61] [14736  9697  2506  5548  2807  3213  3181  4218  9968 13045  4739  5369
  2547  4468  5826  7765  3487 11338  3646  3357  5773  7813 14411 10841
 13292  5302 11785  6521] [] 1716186905.0312411785
[ 1  1  1  1  1  1  1 -1 -1  1  1  1  1  1  1 -1  1  1  1  1 -1  1 -1  1
  1 -1 -1  1] [ 1  2  3 10 11 18 19 20 21 23 26 27 28 29 34 35 36 37 42 44 45 46 50 51
 52 53 54 61] [14655  8583  2447  5208  2554  3108  3114  4285 10023 13034  4452  5282
  2475  4436  5595  7916  3360 10554  3468  3327  5786  6971 14955 10734
 12845  5328 11960  6453] [] 1716186905.0742456913
[-1 -1  1 -1  1  1  1  1 -1  1 -1  1  1  1  1  1  1  1  1 -1  1  1  1 -1
 -1 -1  1  1  1  1  1] [ 1  2  3  4 10 11 18 19 20 21 23 26 27 28 29 34 35 36 37 38 42 44 45 46
 47 50 51 52 53 54 61] [14916  8888  2411 13898  4989  2493  3017  3082  4286  9895 13110  4276
  5259  2412  4404  5575  7882  3248  9845 16283  3160  3242  5587  7070
 13507 15143 10472 12363  4894  9233  6341] [] 1716186905.1172595024
[ 1  1  1  1  1  1 -1  1  1  1 -1 -1  1  1  1  1  1  1  1  1  1  1 -1  1
  1  1  1  1  1  1  1] [ 1  2  3  4 10 11 15 18 19 20 21 23 26 27 28 29 34 35 36 37 42 44 45 46
 47 50 51 52 53 54 61] [14602  8845  2319 11639  4464  2336 16215  2910  3075  4109  9975 13302
  3991  5208  2322  4354  5507  7402  3044  9376  3098  3175  5691  6536
  6436  9111  9586 11635  4861  9138  6313] [] 1716186905.1602776051
[ 1  1  1  1  1  1  1  1  1  1 -1 -1  1  1  1  1  1  1  1 -1  1  1  1  1
  1  1  1  1  1  1  1] [ 1  2  3  4 10 11 15 18 19 20 21 23 26 27 28 29 34 35 36 37 42 44 45 46
 47 50 51 52 53 54 61] [14132  8844  2317 11334  4178  2280 14807  2899  2996  3855 10059 13366
  3921  5010  2252  4305  5335  7184  2995  9390  3005  3115  5645  6418
  5448  8841  8209 11259  4748  7389  6273] [] 1716186905.2032661438
[ 1 -1  1  1  1  1  1  1  1  1  1  1  1 -1  1  1  1  1  1 -1 -1  1  1  1
  1  1  1  1  1  1  1  1] [ 1  2  3  4 10 11 15 18 19 20 21 23 26 27 28 29 34 35 36 37 38 42 44 45
 46 47 50 51 52 53 54 61] [14114  8883  2246 11183  4085  2248 14357  2833  2981  3795  9595 13165
  3859  5011  2227  4269  5333  6344  2870  9628 13965  2746  3041  5460
  5467  4580  8759  7643 10735  4615  7126  6164] [] 1716186905.2462570667
[-1  1  1  1  1  1  1  1  1  1  1  1  1  1  1  1  1  1  1  1  1  1  1  1
  1  1  1  1  1  1  1  1] [ 1  2  3  4 10 11 15 18 19 20 21 23 26 27 28 29 34 35 36 37 38 42 44 45
 46 47 50 51 52 53 54 61] [14248  8354  2170 10377  3936  2127 13975  2745  2942  3704  8397 13027
  3463  4905  2169  4247  4875  6232  2779  8520 13791  2516  2981  5209
  5316  4453  8290  7369  9939  4312  6447  6084] [] 1716186905.2893061638
[ 1  1  1 -1  1  1  1  1  1  1  1 -1  1  1  1  1 -1  1  1  1 -1  1  1  1
  1 -1  1 -1 -1 -1  1  1 -1 -1 -1] [ 1  2  3  4 10 11 15 18 19 20 21 23 26 27 28 29 32 34 35 36 37 38 42 44
 45 46 47 50 51 52 53 54 55 60 61] [14058  6742  2165 11083  3714  2082 13691  2713  2905  3496  8375 13125
  3375  4868  2098  4197 11148  4402  6057  2687  9030 13613  2448  2938
  4751  5335  4376  8478  7493 10583  4141  5988 13039 12656  6227] [] 1716186905.3322830200
[ 1  1  1  1 -1  1 -1 -1  1  1 -1 -1  1 -1  1  1  1  1 -1  1 -1  1  1  1
  1  1  1  1 -1 -1  1 -1  1  1  1] [ 1  2  3  4 10 11 15 18 19 20 21 23 26 27 28 29 32 34 35 36 37 38 42 44
 45 46 47 50 51 52 53 54 55 60 61] [14019  6667  2129  9851  3780  2055 14223  2775  2792  3280  8385 13126
  3317  5024  2033  4179 10690  4313  6421  2562  9159 12985  2366  2831
  4613  5255  4318  7519  7665 10871  3850  6138  9172  8016  6206] [] 1716186905.3752322197
[-1  1 -1  1 -1  1 -1 -1  1  1  1 -1  1  1 -1  1  1  1  1  1  1 -1 -1  1
  1  1 -1  1  1  1  1  1  1  1  1  1] [ 1  2  3  4 10 11 12 15 18 19 20 21 23 26 27 28 29 32 34 35 36 37 38 42
 44 45 46 47 50 51 52 53 54 55 60 61] [14159  6667  2135  9390  3856  2006 16367 14623  2695  2790  3129  8395
 13076  3247  5068  1997  4149 10504  4041  6204  2524  9448 13730  2336
  2771  4597  5267  4156  7394  7602 10782  3829  5974  8437  7988  6181] [] 1716186905.4182608128
[ 1  1  1 -1  1  1  1 -1  1  1  1  1  1  1  1  1 -1  1  1  1  1  1  1  1
  1 -1  1  1 -1 -1  1 -1 -1  1  1  1] [ 1  2  3  4 10 11 12 15 18 19 20 21 23 26 27 28 29 32 34 35 36 37 38 42
 44 45 46 47 50 51 52 53 54 55 60 61] [14110  6355  2088  9426  3814  1989 16031 14843  2665  2722  3060  8342
 13036  3158  4994  1989  4163 10410  4023  6048  2446  8313 13708  2336
  2727  4599  5231  4148  7410  7606 10773  3842  6026  8387  7864  6162] [] 1716186905.4613027573
[-1  1  1 -1  1  1  1  1  1  1 -1 -1 -1  1 -1  1  1  1  1  1  1  1  1  1
  1 -1 -1  1  1 -1 -1  1  1  1 -1  1] [ 1  2  3  4 10 11 12 15 18 19 20 21 23 26 27 28 29 32 34 35 36 37 38 42
 44 45 46 47 50 51 52 53 54 55 60 61] [14208  6213  2067  9551  3792  1986 16027 14837  2651  2709  3088  8352
 13166  3143  5000  1964  4125 10393  4015  5974  2438  8222 13467  2320
  2712  4651  5243  4148  7375  7614 10799  3832  5790  8327  7899  6153] [] 1716186905.5042603016
[ 1  1 -1 -1 -1 -1  1  1 -1 -1  1 -1  1  1  1  1  1  1 -1  1  1 -1  1 -1
 -1  1  1  1 -1 -1  1  1  1 -1  1] [ 1  2  3  4 10 11 12 15 18 19 20 21 23 26 27 28 29 32 34 35 36 37 38 42
 44 45 46 47 50 51 52 53 54 60 61] [14069  6193  2068  9571  3808  1989 15935 14653  2661  2710  3023  8420
 12971  3131  4986  1954  4119 10386  4075  5913  2431  8283 12373  2328
  2761  4547  5226  4033  8447  7686  9937  3816  5534  9257  6076] [] 1716186905.5472900867
[ 1 -1 -1  1  1  1  1  1  1 -1 -1  1 -1 -1  1 -1  1  1 -1  1 -1 -1 -1 -1
  1 -1 -1 -1  1  1 -1 -1 -1 -1] [ 1  2  3  4 10 11 12 15 18 19 20 21 23 26 27 28 29 32 34 35 36 37 38 42
 44 45 46 47 50 51 52 53 54 61] [13928  6205  2103  9556  3458  1988 15934 13439  2647  2712  3139  8288
 13019  3136  4885  1958  4111 10276  4123  5424  2439  8414 13685  2449
  2734  4798  5271  4441  8440  7563 10043  3868  5631  6119] [] 1716186905.5902960300
[ 1  1 -1  1 -1 -1  1  1 -1 -1 -1  1 -1 -1 -1 -1 -1 -1 -1 -1 -1 -1 -1 -1
 -1 -1 -1 -1 -1  1 -1 -1  1] [ 1  2  3  4 10 11 15 18 19 20 21 23 26 27 28 29 32 34 35 36 37 38 42 44
 45 46 47 50 51 52 53 54 61] [13907  6189  2155  9465  3490  2006 13343  2623  2883  3161  8293 12953
  3239  4933  2008  4123 10470  4143  5526  2471  8671 13771  2572  2789
  5191  5367  4821  8587  7729  9987  3872  6587  6092] [] 1716186905.6332840919
[-1 -1  1  1 -1 -1 -1 -1  1 -1 -1 -1 -1  1 -1 -1 -1 -1 -1 -1  1  1 -1 -1
 -1 -1 -1 -1 -1  1 -1 -1 -1] [ 1  2  3  4 10 11 15 18 19 20 21 23 26 27 28 29 32 34 35 36 37 38 42 44
 45 46 47 50 51 52 53 54 61] [13951  6274  2143  9368  3572  2047 13415  2663  2858  3407  8312 12984
  3276  4908  2034  4187 12295  4255  5880  2508  8590 13003  2761  2927
  5370  5991  5422  8702  7901  9878  4339  8851  6195] [] 1716186905.6763248444
[ 1 -1 -1  1 -1 -1  1 -1 -1 -1 -1  1 -1  1 -1  1 -1 -1 -1 -1 -1 -1 -1 -1
  1 -1 -1 -1 -1 -1  1] [ 1  2  3  4 10 11 15 18 19 20 21 23 26 27 28 29 34 35 36 37 38 42 44 45
 46 50 51 52 53 54 61] [13890  7113  2175  9247  3704  2080 13183  2687  2874  3545  8397 12948
  3469  4867  2075  4164  4809  5894  2610  8845 15669  2872  3028  5407
  5975 13244  8326 11261  4534 11300  6156] [] 1716186905.7192432880
[-1 -1 -1 -1 -1 -1 -1 -1 -1 -1  1  1 -1 -1 -1  1 -1 -1 -1  1  1 -1 -1 -1
 -1 -1 -1  1 -1 -1 -1] [ 1  2  3  4 10 11 15 18 19 20 21 23 26 27 28 29 34 35 36 37 38 42 44 45
 46 50 51 52 53 54 61] [14074  7434  2234  9253  3880  2202 13915  2751  2897  3592  8386 12921
  3645  5113  2175  4159  4863  5992  2683  8631 13669  3060  3103  5631
  6986 13369 10398 11239  4680 11869  6318] [] 1716186905.7622737885
[-1 -1 -1 -1 -1 -1 -1 -1 -1 -1 -1  1 -1  1 -1 -1 -1 -1 -1 -1 -1  1 -1 -1
 -1 -1 -1 -1 -1 -1] [ 1  2  3  4 10 11 15 18 19 20 21 23 26 27 28 29 34 35 36 37 38 42 44 45
 46 51 52 53 54 61] [14190  8039  2280  9275  4156  2271 14527  2775  2927  3702  9763 12870
  3749  5074  2183  4222  5345  6030  2718  8742 16117  3042  3191  5677
  7818 10418 12444  5002 12248  6387] [] 1716186905.8052611351
[-1  1 -1 -1 -1 -1 -1 -1 -1  1 -1 -1  1 -1 -1 -1  1 -1  1 -1 -1  1  1 -1
 -1 -1] [ 1  2  3  4 10 11 18 19 20 21 23 26 27 28 29 34 35 36 37 42 44 45 46 51
 53 61] [14270  7943  2324  9455  4256  2351  2791  2997  3892  9736 12882  3959
  5053  2215  4247  5435  5958  2817  8620  3282  3514  5658  7690 10690
  5226  6546] [] 1716186905.8482482433
[-1 -1 -1  1 -1 -1 -1 -1 -1  1 -1 -1 -1 -1 -1 -1 -1 -1 -1  1  1  1  1  1] [ 1  2  3  4 10 11 18 19 20 21 23 26 27 28 29 34 35 36 37 42 44 45 46 53] [14304  9040  2479  9225  5616  2552  2909  3037  4091  9710 13040  4373
  5153  2349  4255  5551  6657  3042  9136  3280  3386  5647  7640  4836] [] 1716186905.8912153244
[ 1  1 -1  1 -1 -1 -1 -1 -1  1  1 -1 -1 -1 -1 -1  1 -1  1 -1 -1 -1 -1 -1] [ 1  2  3  4 10 11 18 19 20 21 23 26 27 28 29 34 35 36 37 42 44 45 46 53] [14105  9031  2590  9091  5916  2639  3033  3055  4156  9668 12940  4659
  5162  2407  4351  5554  6562  3124  8891  3584  3471  6647  8189  5185] [] 1716186905.9342195988
[-1 -1 -1 -1 -1 -1 -1 -1 -1  1 -1 -1 -1 -1 -1 -1 -1 -1 -1 -1 -1  1 -1] [ 1  2  3  4 10 11 18 19 20 21 23 26 27 28 29 34 35 36 37 42 44 45 53] [14178 11290  2686  9284  6153  3046  3178  3157  4252  9557 13032  4907
  5213  2526  4423  5781  7245  3246 10029  4504  3698  6621  5348] [] 1716186905.9772303104
[-1 -1 -1  1 -1 -1 -1 -1 -1 -1  1 -1 -1 -1 -1 -1 -1 -1  1 -1 -1 -1 -1] [ 1  2  3  4 10 11 18 19 20 21 23 26 27 28 29 34 35 36 37 42 44 45 53] [14394 13708  3000  9191  7407  3187  3276  3190  4397  9635 12971  5793
  5531  2737  4454  6517  8023  3555 10013  7160  4009  6974  8195] [] 1716186906.0203044415
[-1  1 -1 -1 -1 -1 -1 -1 -1  1 -1 -1 -1 -1 -1 -1 -1 -1 -1 -1 -1  1 -1] [ 1  2  3  4 10 11 18 19 20 21 23 26 27 28 29 34 35 36 37 42 44 45 53] [14922 13512  3142  9459  7705  3375  3382  3293  5091  9417 13080  7510
  6114  2907  5969  6622  8626  3967 10304  7760  4291  6955 14877] [] 1716186906.0632774830
[-1 -1 -1 -1 -1 -1 -1 -1 -1 -1 -1 -1 -1 -1 -1 -1 -1 -1 -1 -1 -1 -1] [ 1  2  3  4 10 11 18 19 20 21 23 26 27 28 29 34 35 36 37 42 44 45] [15610 13524  3205 10187  9396  3667  3453  3321  5310  9427 13110  7711
  6169  3022  6041  6809  9184  4204 10874 10041  4544  7258] [] 1716186906.1063411236
[-1 -1 -1 -1 -1 -1 -1 -1 -1 -1  1  1 -1 -1 -1 -1 -1 -1 -1 -1 -1] [ 1  2  3  4 10 11 18 19 20 21 23 26 27 28 29 34 35 36 37 44 45] [16206 14514  3369 10816  9781  4048  3548  3414  6200  9459 13044  7614
  6216  3164  6688  8583  9690  4377 11861  5129  7744] [] 1716186906.1493020058
[ 1 -1 -1 -1 -1 -1 -1 -1  1 -1 -1 -1 -1  1 -1 -1 -1 -1 -1] [ 2  3 10 11 18 19 20 21 23 26 27 28 29 34 35 36 37 44 45] [13333  3543 11961  6210  3902  3605  6314  9578 12908  7705  7354  3481
  9856  7870 12404  5402 12835  5516  8250] [] 1716186906.1922535896
[-1 -1 -1 -1 -1 -1 -1 -1 -1 -1 -1 -1 -1 -1 -1 -1  1 -1] [ 2  3 10 11 18 19 20 21 23 26 27 28 29 34 35 36 37 44] [15726  3547 14897  6565  4119  3755  6482  9659 13095  7777  7459  3963
  9896  7985 12501  5894 12254  6667] [] 1716186906.2352428436
[ 1 -1 -1 -1 -1 -1 -1 -1 -1 -1 -1  1 -1 -1 -1 -1 -1] [ 2  3 11 18 19 20 21 23 26 27 28 29 34 35 36 37 44] [15286  3698  7389  5407  3827  7299  9712 13279  7918  7610  4220  9538
  8833 14200  6398 12803  9714] [] 1716186906.2782671452
[ 1 -1 -1 -1 -1 -1 -1 -1 -1 -1 -1 -1 -1 -1] [ 2  3 11 18 19 20 21 26 27 28 29 36 37 44] [13799  3767  7406  6089  4083  7370  9743  8131  7728  4932  9565  7386
 13439 12389] [] 1716186906.3212745190
[-1 -1 -1 -1 -1 -1 -1 -1 -1 -1 -1 -1 -1] [ 2  3 11 18 19 20 21 26 27 28 29 36 44] [14662  4010  7453  6845  4287  7556  9785  9328  7904  5883  9856  9266
 12815] [] 1716186906.3641688824
[-1 -1 -1 -1 -1 -1 -1 -1 -1 -1 -1 -1 -1] [ 2  3 11 18 19 20 21 26 27 28 29 36 44] [15427  4087  7627  7021  4711  7699  9972 12917  8175  7835  9960 10146
 13045] [] 1716186906.4073076248
[-1 -1 -1 -1 -1 -1 -1 -1 -1 -1] [ 3 11 18 19 20 21 27 28 29 36] [ 4231  7690  7770  5103  8387 10145  8446  9461 10330 10608] [] 1716186906.4500660896
[-1 -1 -1 -1 -1 -1 -1 -1 -1 -1 -1] [ 2  3 11 18 19 20 21 27 28 29 36] [15966  5080  7767 10307  6183  9588 10379  8596 10647 10614 11416] [] 1716186906.4932851791
[ 1 -1 -1 -1 -1 -1 -1  1  1 -1 -1] [ 2  3 11 18 19 20 21 27 28 29 36] [15963  5175  7817 10518  6938  9727 10559  8556 10641 11055 11875] [] 1716186906.5362596512
[-1 -1 -1 -1 -1 -1 -1  1 -1] [ 3 11 18 19 20 21 27 28 29] [ 5321  7844 10738  9373 10094 10625 11690 10540 11086] [] 1716186906.5793352127
[-1 -1 -1 -1 -1 -1 -1] [ 3 11 19 20 21 27 28] [ 7051  8203  9613 10342 10699 12155 10706] [] 1716186906.6222939491
[-1 -1  1 -1 -1  1] [ 3 11 19 20 21 28] [ 7435  8804  9543 10497 10830 10623] [] 1716186906.6652426720
[-1 -1 -1 -1 -1 -1] [ 3 11 19 20 21 28] [ 8809  8962  9787 11192 11091 10719] [] 1716186906.7082746029
[-1 -1 -1 -1 -1] [11 19 20 21 28] [ 9055 11146 12406 12121 11125] [] 1716186906.7512571812
[1 1] [11 28] [ 8751 10799] [] 1716186906.7942588329
[-1 -1 -1] [11 20 28] [ 9259 11850 11124] [] 1716186906.8372037411
[-1 -1] [11 28] [10542 11709] [] 1716186906.8801519871
[1] [11] [9279] [] 1716186906.9232378006
[-1] [11] [9391] [] 1716186906.9662063122
[-1] [11] [9703] [] 1716186907.0213105679
2 2 2 1716186907.0215294361
