FA TAX ADC PRES TS
[-1] [11] [13272] [] 1716187256.2730982304
[1] [11] [10647] [] 1716187256.3159596920
[1] [11] [10201] [] 1716187256.3590431213
[1] [11] [9519] [] 1716187256.4020266533
[ 1 -1 -1] [11 20 28] [ 9136 15529 12094] [] 1716187256.4450769424
[-1 -1  1  1] [11 19 20 28] [ 9286 10397 15063 11734] [] 1716187256.4881308079
[1 1 1 1] [11 19 20 28] [ 9185 10139 13551 11525] [] 1716187256.5311765671
[-1 -1 -1  1 -1 -1  1] [ 2  3 11 19 20 21 28] [14118  9401  9217 10056 13614 11487 11478] [] 1716187256.5740768909
[-1  1  1  1  1  1  1 -1] [ 2  3 11 19 20 21 28 29] [14258  8175  9191  9119 12829 11409 11177 12337] [] 1716187256.6170716286
[-1  1  1  1  1  1 -1 -1  1] [ 2  3 11 19 20 21 27 28 29] [14426  7997  9125  8243 12431 11291 13290 11364 11522] [] 1716187256.6601443291
[ 1  1 -1  1  1  1  1 -1  1] [ 2  3 11 19 20 21 27 28 29] [14143  6077  9222  7282 12368 11164 12584 11373 11129] [] 1716187256.7031078339
[1 1 1 1 1 1 1 1 1] [ 2  3 11 19 20 21 27 28 29] [13166  5830  9074  6095 11595 10887 11773 11127 10864] [] 1716187256.7461235523
[1 1 1 1 1 1 1 1 1] [ 2  3 11 19 20 21 27 28 29] [13160  5569  8984  5559 11350 10842 10787 10907 10629] [] 1716187256.7890944481
[1 1 1 1 1 1 1 1 1] [ 2  3 11 19 20 21 27 28 29] [12871  5373  8915  5237 10929 10723  8871 10751 10569] [] 1716187256.8321213722
[ 1  1 -1 -1  1  1  1 -1  1  1  1 -1] [ 2  3 10 11 19 20 21 26 27 28 29 44] [12837  4635 15145  8953  4817 10410 10633 13504  8470 10659 10417 14100] [] 1716187256.8749971390
[-1 -1  1 -1 -1  1 -1  1  1 -1 -1  1 -1  1] [ 2  3 10 11 18 19 20 21 26 27 28 29 36 44] [12996  4639 14576  8977 12142  4747 10425 10481  9746  8779 10882 10328
 14478 12877] [] 1716187256.9181079865
[1 1 1 1 1 1 1 1 1 1 1 1 1 1] [ 2  3 10 11 18 19 20 21 26 27 28 29 36 44] [12917  4481 13554  8900 11398  4462 10147 10352  8901  8765 10805 10024
 13901 11150] [] 1716187256.9611496925
[1 1 1 1 1 1 1 1 1 1 1 1 1 1] [ 2  3 10 11 18 19 20 21 26 27 28 29 36 44] [12766  4294 12031  8828 10608  4220  8287 10061  8512  8210  9784  9838
 13007  8116] [] 1716187257.0041234493
[ 1  1  1  1  1  1  1  1  1  1  1  1 -1 -1  1] [ 2  3 10 11 18 19 20 21 26 27 28 29 34 36 44] [12645  4231 10767  8613  8995  4110  7379  9972  8475  7580  8827  9589
 11985 13074  5518] [] 1716187257.0471551418
[-1  1  1  1  1  1  1 -1  1  1  1  1  1  1  1] [ 2  3 10 11 18 19 20 21 26 27 28 29 34 36 44] [12761  3992  9283  6993  7189  4057  7036  9978  8241  7384  7231  7302
 11612 12313  4689] [] 1716187257.0901067257
[-1  1  1  1  1  1  1 -1  1  1  1  1  1  1 -1  1] [ 2  3 10 11 18 19 20 21 26 27 28 29 34 36 37 44] [12789  3935  8800  6334  6914  3921  6856 10031  8105  7310  5744  6453
  8831 12106 16324  4120] [] 1716187257.1331551075
[ 1  1  1  1  1  1  1 -1 -1  1  1  1  1  1 -1  1  1  1] [ 2  3 10 11 18 19 20 21 23 26 27 28 29 34 35 36 37 44] [12447  3885  8030  5000  5739  3710  6701 10046 14847  7929  7089  5167
  6450  8511 13487 10309 12976  3910] [] 1716187257.1761682034
[ 1  1  1  1  1  1  1  1  1  1  1  1  1 -1  1  1  1  1] [ 2  3 10 11 18 19 20 21 23 26 27 28 29 34 35 36 37 44] [11671  3733  7810  4507  4778  3630  6695  9927 13695  7755  7025  4543
  6414  8528 13117 10114 12759  3796] [] 1716187257.2191004753
[ 1  1  1  1  1  1  1 -1  1  1  1  1  1  1  1  1  1 -1 -1] [ 2  3 10 11 18 19 20 21 23 26 27 28 29 34 35 36 37 44 45] [11149  3416  7617  4155  4627  3599  6506  9983 13087  7717  6842  4197
  5797  8407 12260  8950 12728  3851  9787] [] 1716187257.2621312141
[ 1  1 -1  1  1  1  1  1 -1  1  1  1  1  1  1  1  1  1 -1  1  1] [ 2  3  4 10 11 18 19 20 21 23 26 27 28 29 34 35 36 37 42 44 45] [10998  3413 12323  7311  3802  4451  3474  5956 10151 13061  6147  6066
  3812  5007  7532  9570  6924 12468 10090  3769  8510] [] 1716187257.3051908016
[-1  1  1  1  1  1  1  1  1  1 -1  1  1  1  1 -1  1  1  1  1  1  1] [ 1  2  3  4 10 11 18 19 20 21 23 26 27 28 29 34 35 36 37 42 44 45] [14845 10537  3302 11325  7099  3607  4197  3358  5661 10080 13071  5415
  5801  3607  4735  7557  9515  6409 12278  8093  3727  6454] [] 1716187257.3482260704
[1 1 1 1 1 1 1 1 1 1 1 1 1 1 1 1 1 1 1 1 1 1] [ 1  2  3  4 10 11 18 19 20 21 23 26 27 28 29 34 35 36 37 42 44 45] [14790 10378  3199 10857  6718  3336  3989  3282  5565  9962 13015  5136
  5543  3336  4679  7401  8871  6225 12166  6230  3573  6185] [] 1716187257.3911533356
[ 1  1  1 -1  1  1  1  1  1 -1  1  1  1  1  1  1  1  1 -1  1  1 -1 -1 -1
 -1] [ 1  2  3  4 10 11 18 19 20 21 23 26 27 28 29 34 35 36 37 42 44 45 46 52
 53] [14715  9209  3013 10921  6680  3218  3865  3211  5388 10128 12897  4585
  5275  3167  4642  7184  8780  5664 12441  4693  3386  6257 14032 13927
 12555] [] 1716187257.4341189861
[ 1 -1  1 -1  1  1  1  1  1  1 -1  1  1  1  1  1  1  1 -1  1  1  1  1  1
  1] [ 1  2  3  4 10 11 18 19 20 21 23 26 27 28 29 34 35 36 37 42 44 45 46 52
 53] [14280  9508  2795 11429  5197  2879  3683  3133  5222  9969 13148  3969
  5100  2991  4523  6364  8424  5321 12737  4088  3383  5839  9314 12566
  8034] [] 1716187257.4771652222
[-1 -1  1 -1  1  1  1  1  1  1 -1  1  1  1  1  1 -1  1 -1  1  1  1  1  1
  1] [ 1  2  3  4 10 11 18 19 20 21 23 26 27 28 29 34 35 36 37 42 44 45 46 52
 53] [14607  9876  2707 11537  4917  2793  3479  3090  4666  9953 13188  3861
  5031  2880  4447  6064  8485  5276 12947  3718  3251  5615  8734 12355
  7104] [] 1716187257.5202453136
[-1  1  1 -1  1  1  1  1  1  1 -1  1 -1  1  1  1  1  1  1  1  1  1  1 -1
  1  1] [ 1  2  3  4 10 11 18 19 20 21 23 26 27 28 29 34 35 36 37 42 44 45 46 51
 52 53] [14656  9580  2614 11877  4640  2775  3305  3027  4479  8530 13234  3771
  5065  2831  4393  5882  8349  5120 12850  3506  3226  5083  8037 10973
 11640  5104] [] 1716187257.5631709099
[-1  1  1 -1  1  1  1  1  1  1 -1  1  1  1 -1  1  1  1 -1 -1  1  1 -1  1
  1  1  1] [ 1  2  3  4 10 11 18 19 20 21 23 26 27 28 29 34 35 36 37 38 42 44 45 46
 51 52 53] [14747  7797  2547 11955  4340  2536  3125  2993  4177  8365 13306  3643
  4900  2657  4407  5438  7068  4427 12986 12580  3460  3162  5159  7263
 10764 11321  4865] [] 1716187257.6060459614
[ 1  1  1  1  1  1  1  1  1 -1  1  1 -1  1  1  1  1  1  1  1  1  1  1  1
  1  1  1] [ 1  2  3  4 10 11 18 19 20 21 23 26 27 28 29 34 35 36 37 38 42 44 45 46
 51 52 53] [14728  7235  2430 11378  4245  2504  3027  2931  4073  8439 13145  3527
  4909  2596  4329  5311  6878  4232 12609 11934  3352  3097  4894  7083
 10647 10800  4245] [] 1716187257.6489915848
[ 1 -1  1 -1  1  1 -1  1  1  1  1 -1  1 -1  1  1  1  1  1  1 -1  1  1  1
  1  1  1  1] [ 1  2  3  4 10 11 12 18 19 20 21 23 26 27 28 29 34 35 36 37 38 42 44 45
 46 51 52 53] [14630  7303  2354 11511  4049  2375 15580  2938  2907  4026  8368 13149
  3397  4991  2573  4279  5211  6826  3966 12236 12462  3188  2938  4447
  6141 10433  9793  3994] [] 1716187257.6919844151
[ 1 -1  1  1  1  1  1 -1  1  1  1 -1 -1  1  1  1  1  1  1  1  1  1  1 -1
 -1  1  1 -1 -1 -1 -1 -1] [ 1  2  3  4 10 11 12 15 18 19 20 21 23 26 27 28 29 34 35 36 37 38 42 43
 44 45 46 50 51 52 53 61] [14560  8779  2258 10439  3672  2289 15530 16245  2844  2855  4023  8520
 13551  3159  4869  2393  4263  4903  5642  3740  9551 10073  3134 15015
  2980  4159  5968 14877 10533 10423  4117  6586] [] 1716187257.7350006104
[ 1  1  1  1  1  1  1 -1 -1  1  1 -1 -1  1 -1  1 -1  1 -1  1  1 -1  1 -1
  1  1  1  1  1  1  1 -1  1] [ 1  2  3  4 10 11 12 15 18 19 20 21 23 26 27 28 29 34 35 36 37 38 42 43
 44 45 46 50 51 52 53 54 61] [14439  7493  2251 10174  3626  2268 13509 16373  2847  2814  3807  8591
 13606  3087  4941  2320  4271  4653  5712  3662  9023 10804  3077 15127
  2948  4159  5911 14835 10489 10391  4048 13224  6554] [] 1716187257.7779884338
[ 1 -1  1  1  1  1  1  1  1  1 -1 -1  1  1 -1  1 -1  1  1  1  1  1  1  1
  1  1  1 -1 -1  1  1  1  1  1] [ 1  2  3  4 10 11 12 15 18 19 20 21 23 26 27 28 29 34 35 36 37 38 42 43
 44 45 46 47 50 51 52 53 54 61] [14243  7640  2231 10056  3530  2222 13026 14551  2831  2795  3823  8594
 13567  3027  4946  2285  4327  4287  5664  3598  8759  9171  2914 14627
  2794  4015  5391 15363 15312 10259  8637  3896 12320  6416] [] 1716187257.8210237026
[ 1 -1  1  1  1  1  1  1  1  1  1  1  1  1  1  1  1  1  1  1  1 -1  1  1
  1  1 -1  1  1  1  1  1  1  1] [ 1  2  3  4 10 11 12 15 18 19 20 21 23 26 27 28 29 34 35 36 37 38 42 43
 44 45 46 47 50 51 52 53 54 61] [13963  7773  2162  9934  3440  2149 10446 14111  2740  2758  3736  8543
 13535  2969  4881  2182  4265  4119  5552  3360  8379 10257  2774 14559
  2752  3859  5423  6496 14508  9864  7996  3821 12032  6405] [] 1716187257.8640975952
[ 1  1  1  1  1  1  1  1  1  1  1  1 -1  1 -1  1  1 -1  1  1  1  1  1  1
 -1  1  1 -1  1  1  1  1  1  1  1] [ 1  2  3  4 10 11 12 15 18 19 20 21 23 26 27 28 29 32 34 35 36 37 38 42
 43 44 45 46 47 50 51 52 53 54 61] [13757  7301  2113  9916  3360  2112 10129 13871  2711  2735  3711  8518
 13615  2815  4883  2109  4243 14346  3972  5220  3245  8255  9614  2740
 14653  2728  3743  5435  6140 14267  8141  7743  3716 11876  6330] [] 1716187257.9071648121
[-1 -1  1  1  1 -1  1  1 -1  1  1 -1  1  1  1  1 -1  1  1  1  1  1  1  1
  1  1  1  1  1 -1  1 -1  1  1  1] [ 1  2  3  4 10 11 12 15 18 19 20 21 23 26 27 28 29 32 34 35 36 37 38 42
 43 44 45 46 47 50 51 52 53 54 61] [13863  7618  2102  9911  3333  2123 10103 13647  2731  2716  3596  8541
 13615  2804  4829  2107  4317 13703  3799  5078  3203  8081  9473  2717
 14567  2712  3675  5388  6060 14342  7977  7865  3668 11216  6322] [] 1716187257.9501783848
[ 1 -1  1  1  1  1 -1  1  1 -1  1  1  1  1 -1  1  1 -1  1  1  1  1  1 -1
 -1 -1 -1  1  1  1  1  1  1  1  1  1] [ 1  2  3  4 10 11 12 15 18 19 20 21 23 26 27 28 29 32 34 35 36 37 38 41
 42 43 44 45 46 47 50 51 52 53 54 61] [13722  7639  2086  9855  3312  2115 10202 13643  2691  2735  3568  8511
 13597  2787  4876  2089  4213 13739  3787  5046  3162  8039  9132 15291
  2736 14685  2724  3637  5284  5909 13575  7940  7765  3628 11059  6278] [] 1716187257.9931704998
[ 1  1 -1 -1 -1  1  1  1  1  1 -1 -1 -1 -1  1  1  1 -1 -1  1  1 -1  1 -1
 -1  1  1 -1  1 -1 -1  1 -1 -1 -1 -1] [ 1  2  3  4 10 11 12 15 18 19 20 21 23 26 27 28 29 32 34 35 36 37 38 41
 42 43 44 45 46 47 50 51 52 53 54 61] [13585  7358  2089  9901  3340  2083 10093 13567  2675  2698  3586  8545
 13671  2803  4788  2072  4199 13799  3791  4995  3135  8044  8937 15593
  2746 14591  2710  3693  5256 10210 14245  7768  8006  3688 11866  6362] [] 1716187258.0361671448
[ 1 -1  1  1  1  1 -1 -1 -1 -1  1  1  1  1  1 -1 -1 -1 -1 -1 -1  1  1 -1
 -1 -1 -1  1  1 -1 -1 -1 -1  1] [ 1  2  3  4 10 11 12 15 18 19 20 21 23 26 27 28 29 32 34 35 36 37 38 42
 43 44 45 46 50 51 52 53 54 61] [13494  7408  2088  9897  3308  2054 10161 13669  2681  2710  3521  8497
 13615  2803  4787  2084  4235 14101  3830  5037  3147  8027  8830  2778
 14751  2720  3927  5193 14146  9082  8126  3724 12240  6340] [] 1716187258.0791788101
[-1  1 -1  1 -1 -1  1 -1 -1 -1  1  1  1  1  1 -1  1 -1 -1 -1  1  1 -1  1
 -1  1  1 -1 -1  1 -1] [ 1  2  3  4 10 11 12 15 18 19 20 21 23 26 27 28 29 34 35 36 37 38 42 43
 44 45 46 51 52 53 61] [13642  7218  2106  9839  3349  2107 10104 13759  2707  2743  3477  8485
 13515  2773  4785  2139  4189  3850  5314  3242  7941  8828  2796 14637
  2768  3903  5107  9858  8231  3700  6375] [] 1716187258.1220903397
[ 1 -1 -1  1 -1 -1 -1 -1  1  1 -1 -1  1 -1  1 -1  1 -1  1 -1 -1 -1 -1 -1
 -1 -1 -1 -1 -1 -1] [ 1  2  3  4 10 11 12 15 18 19 20 21 23 26 27 28 29 34 35 36 37 38 42 43
 44 45 46 51 52 53] [13541  7286  2124  9727  3424  2135 10595 14103  2700  2730  3527  8536
 13363  2800  4703  2163  4111  4014  5296  3296  8051  8986  2984 14703
  2900  4075  5847 10402  9743  3721] [] 1716187258.1649782658
[ 1  1 -1  1 -1 -1 -1 -1 -1 -1 -1  1  1 -1 -1 -1 -1 -1 -1 -1  1 -1 -1  1
 -1 -1 -1 -1 -1 -1] [ 1  2  3  4 10 11 12 15 18 19 20 21 23 26 27 28 29 34 35 36 37 38 42 43
 44 45 46 51 52 53] [13410  7277  2199  9594  3472  2207 12864 15271  2737  2767  3711  8482
 13323  2949  4710  2255  4189  4363  5392  3536  7944 10207  3072 14679
  2956  4183  5904 10417  9973  3886] [] 1716187258.2079963684
[-1  1 -1  1 -1 -1 -1 -1  1 -1  1  1 -1 -1 -1 -1 -1  1 -1 -1 -1 -1 -1 -1
 -1 -1 -1 -1] [ 1  2  3  4 10 11 12 18 19 20 21 23 26 27 28 29 34 35 36 37 38 42 44 45
 46 51 52 53] [13618  7157  2215  9437  3570  2230 13650  2773  2753  3747  8448 13295
  3133  4757  2288  4191  4585  5348  3638  8346 10611  3194  3043  4788
  7955 10653 10206  5377] [] 1716187258.2509553432
[-1 -1 -1  1 -1 -1 -1 -1 -1 -1  1  1 -1 -1 -1  1 -1 -1 -1 -1 -1 -1 -1 -1
 -1 -1 -1] [ 1  2  3  4 10 11 12 18 19 20 21 23 26 27 28 29 34 35 36 37 38 42 44 45
 46 52 53] [13796  7793  2387  9318  3776  2439 15116  2853  2842  3751  8393 12886
  3315  4777  2415  4187  5449  5756  3744 10262 11624  3418  3069  5155
  8126 10855  6710] [] 1716187258.2939820290
[ 1 -1 -1  1 -1 -1 -1 -1 -1 -1 -1 -1 -1 -1 -1 -1 -1 -1 -1 -1 -1 -1 -1 -1
 -1] [ 1  2  3  4 10 11 18 19 20 21 23 26 27 28 29 34 35 36 37 42 44 45 46 52
 53] [13496 10194  2488  9207  3980  2502  3004  2856  3796  8410 12944  3385
  4853  2543  4205  5623  5888  4063 10998  3920  3122  5346 11253 11789
 13083] [] 1716187258.3369636536
[-1 -1 -1 -1 -1 -1 -1 -1 -1  1  1 -1  1 -1 -1 -1 -1 -1 -1 -1  1 -1] [ 1  2  3  4 10 11 18 19 20 21 23 26 27 28 29 34 35 36 37 42 44 45] [13510 10414  2567  9286  4262  2558  3109  2939  3929  8355 12845  3628
  4834  2588  4263  5835  6073  4517 11412  6716  3009  5716] [] 1716187258.3799493313
[ 1 -1 -1  1 -1 -1 -1 -1 -1 -1 -1 -1 -1 -1  1 -1 -1 -1 -1 -1 -1 -1] [ 1  2  3  4 10 11 18 19 20 21 23 26 27 28 29 34 35 36 37 42 44 45] [13497 10942  2775  9233  4781  2702  3336  2949  4060  9843 12972  3801
  4919  2712  4251  5919  6981  4786 12883 10180  3200  6040] [] 1716187258.4229199886
[-1  1 -1 -1 -1 -1 -1 -1 -1  1  1 -1 -1 -1 -1 -1 -1 -1  1 -1 -1] [ 1  2  3  4 10 11 18 19 20 21 23 26 27 28 29 34 35 36 37 44 45] [13794 10312  3104  9262  6099  2882  3648  3037  4880  9663 12877  4537
  4978  2899  4345  6536  7303  5166 12800  3574  6373] [] 1716187258.4659442902
[-1 -1 -1  1 -1 -1 -1 -1 -1 -1  1 -1 -1 -1 -1 -1 -1 -1 -1 -1 -1] [ 1  2  3  4 10 11 18 19 20 21 23 26 27 28 29 34 35 36 37 44 45] [15593 12596  3215  9093  6357  3133  3875  3084  5285  9711 12813  5105
  5264  3044  4467  7284  7510  5491 12862  3640  6819] [] 1716187258.5089285374
[-1  1 -1 -1 -1 -1 -1 -1 -1  1 -1 -1 -1 -1 -1 -1 -1 -1 -1  1] [ 1  2  3  4 10 11 18 19 20 21 23 26 27 28 29 34 35 36 37 44] [15859 11730  3311  9218  6375  3349  3966  3140  5345  9706 12920  5559
  5401  3209  4559  7297  7734  5949 12897  3612] [] 1716187258.5519146919
[ 1 -1 -1 -1 -1 -1 -1 -1  1 -1 -1 -1 -1 -1 -1 -1 -1  1 -1] [ 2  3  4 10 11 18 19 20 21 23 26 27 28 29 34 35 36 37 44] [11262  3461  9369  6972  4031  4378  3293  5477  9629 12943  7610  6197
  3602  5565  8432  8598  6656 12643  3942] [] 1716187258.5949273109
[ 1 -1 -1 -1 -1 -1 -1 -1  1 -1 -1 -1 -1 -1 -1 -1 -1 -1 -1] [ 2  3  4 10 11 18 19 20 21 23 26 27 28 29 34 35 36 37 44] [10911  3784  9407  7226  4589  5661  3511  5977  9596 12945  7709  6301
  4179  5807  8705  9486  7469 12876  4512] [] 1716187258.6379554272
[-1 -1 -1 -1 -1 -1 -1 -1 -1 -1 -1 -1 -1 -1 -1 -1 -1 -1 -1] [ 2  3  4 10 11 18 19 20 21 23 26 27 28 29 34 35 36 37 44] [11683  3848  9910  7475  4902  5951  3589  6227  9717 13207  8003  6427
  4529  6393 11391 13423  8838 13247 10819] [] 1716187258.6809394360
[ 1 -1 -1 -1 -1 -1 -1 -1  1 -1 -1 -1 -1 -1 -1] [ 2  3 10 11 18 19 20 21 26 27 28 29 35 36 44] [11615  4011  7738  6630  6888  3755  6643  9743  7975  6959  5423  6404
 14169 10333 12853] [] 1716187258.7238953114
[-1 -1 -1 -1 -1 -1 -1 -1 -1  1 -1 -1 -1] [ 2  3 10 11 18 19 20 21 26 27 28 29 36] [12564  4111  8147  7843 10282  3841  6756  9781  8272  6920  8989  9523
 11307] [] 1716187258.7668881416
[-1 -1 -1 -1 -1 -1 -1 -1 -1 -1 -1  1 -1] [ 2  3 10 11 18 19 20 21 26 27 28 29 36] [12796  4156  9441  7897 10500  3959  7886  9867 12569  7240  9521  9521
 11369] [] 1716187258.8099215031
[-1 -1 -1 -1 -1 -1 -1 -1 -1 -1 -1 -1 -1] [ 2  3 10 11 18 19 20 21 26 27 28 29 36] [13635  4229  9909  8030 10626  4097  8369  9900 13307  7917 10459  9693
 11885] [] 1716187258.8528802395
[-1 -1 -1  1 -1 -1 -1 -1 -1 -1] [ 2  3 10 11 19 20 21 27 28 29] [13832  4365 13590  8030  4360  9876 10114  8198 10462  9938] [] 1716187258.8958938122
[ 1 -1 -1 -1 -1 -1 -1 -1 -1 -1] [ 2  3 10 11 19 20 21 27 28 29] [13811  5352 13822  8193  4551 10089 10335  8381 10507 10373] [] 1716187258.9388959408
[ 1 -1 -1 -1 -1 -1 -1 -1 -1] [ 2  3 11 19 20 21 27 28 29] [13738  5567  8263  5154 10518 10589  8716 10844 10664] [] 1716187258.9819567204
[-1 -1 -1 -1 -1 -1 -1 -1] [ 2  3 11 19 20 21 27 28] [14006  7532  8943  6527 11109 11012 10885 11180] [] 1716187259.0248765945
[-1 -1 -1 -1 -1 -1 -1 -1] [ 2  3 11 19 20 21 27 28] [14494  8357  9084  9753 11541 11225 11891 11205] [] 1716187259.0678908825
[ 1  1 -1 -1 -1 -1] [ 2 11 19 20 21 28] [14293  9074 10084 12613 11579 11710] [] 1716187259.1108300686
[1 1 1] [ 2 11 20] [13992  8970 12511] [] 1716187259.1538376808
[-1] [11] [9311] [] 1716187259.1968114376
[-1] [11] [11052] [] 1716187259.2397933006
2 2 2 1716187259.3407442570
