FA TAX ADC PRES TS
[1] [11] [13431] [] 1716187205.7589488029
[1] [11] [13228] [] 1716187205.8019835949
[1] [11] [13098] [] 1716187205.8448350430
[1] [11] [10807] [] 1716187205.8879570961
[1] [11] [10436] [] 1716187205.9309458733
[1] [11] [9742] [] 1716187205.9739420414
[1] [11] [8781] [] 1716187206.0169315338
[-1 -1] [11 19] [ 9168 11044] [] 1716187206.0599861145
[-1  1 -1] [11 19 28] [ 9231 10583 11934] [] 1716187206.1029601097
[-1  1  1 -1 -1  1] [ 3 11 19 20 21 28] [ 8446  9069  9966 14304 12740 11451] [] 1716187206.1460065842
[1 1 1 1 1 1] [ 3 11 19 20 21 28] [ 8047  9012  8601 13361 11319 11384] [] 1716187206.1889894009
[ 1 -1  1  1  1  1 -1] [ 3 11 19 20 21 28 29] [ 7809  9104  6829 12799 11313 11384 11766] [] 1716187206.2319560051
[1 1 1 1 1 1 1] [ 3 11 19 20 21 28 29] [ 5937  9029  6176 12323 11181 11060 11081] [] 1716187206.2747976780
[ 1  1  1  1  1 -1 -1  1] [ 3 11 19 20 21 27 28 29] [ 5722  8986  5747 12117 10828 12747 11180 10709] [] 1716187206.3177812099
[1 1 1 1 1 1 1 1] [ 3 11 19 20 21 27 28 29] [ 5491  8879  5144 11776 10702 12532 10925 10628] [] 1716187206.3606967926
[ 1 -1  1  1 -1  1 -1  1] [ 3 11 19 20 21 27 28 29] [ 5234  8898  4855 11454 10715 12321 11018 10543] [] 1716187206.4037373066
[ 1  1 -1  1  1  1  1  1  1 -1] [ 3 11 18 19 20 21 27 28 29 36] [ 5041  8868 11208  4571 10995 10490 11955 10966 10362 13645] [] 1716187206.4467606544
[ 1 -1 -1  1  1  1 -1  1  1  1  1] [ 3 10 11 18 19 20 21 27 28 29 36] [ 4398 14821  8905 11037  4484 10892 10617 11303 10744 10289 13162] [] 1716187206.4897644520
[ 1  1  1  1  1  1  1 -1  1 -1  1  1 -1] [ 3 10 11 18 19 20 21 26 27 28 29 36 44] [ 4293 11476  8407 10758  4405 10551 10302 10238  8862 10760 10237 12703
 12721] [] 1716187206.5327599049
[ 1  1  1  1  1  1  1  1  1 -1  1  1  1] [ 3 10 11 18 19 20 21 26 27 28 29 36 44] [ 4245 10851  8300 10397  4216  9046 10050  9543  8655 10947 10179 12178
 12685] [] 1716187206.5757505894
[-1  1  1  1  1  1 -1  1  1  1  1  1  1  1] [ 2  3 10 11 18 19 20 21 26 27 28 29 36 44] [15247  4237  9642  8185  7349  4142  9227 10042  9240  8593  9894 10047
 12032  6915] [] 1716187206.6187593937
[-1  1  1 -1  1  1  1  1  1  1  1  1 -1  1  1] [ 2  3 10 11 18 19 20 21 26 27 28 29 34 36 44] [15375  4085  8946  8230  7321  4100  7687  9994  9002  7372  9581  9853
 11786 11771  5090] [] 1716187206.6617820263
[ 1  1  1  1  1  1  1 -1 -1  1  1  1  1  1 -1  1 -1  1] [ 2  3 10 11 18 19 20 21 23 26 27 28 29 34 35 36 37 44] [15229  3892  8211  8049  7018  3948  7195 10223 14451  8317  7199  8533
  7431  8955 13638 10633 16366  4648] [] 1716187206.7047727108
[1 1 1 1 1 1 1 1 1 1 1 1 1 1 1 1 1 1] [ 2  3 10 11 18 19 20 21 23 26 27 28 29 34 35 36 37 44] [15197  3835  7940  7958  6676  3790  7050 10041 14087  8126  7033  6914
  6890  8687 13386  9794 13312  4328] [] 1716187206.7478106022
[ 1 -1  1  1  1  1  1  1  1  1 -1  1  1  1  1  1  1  1] [ 2  3 10 11 18 19 20 21 23 26 27 28 29 34 35 36 37 44] [14945  3843  7710  6527  5247  3717  6864  9988 13635  8078  7049  5730
  6555  8633 13305  9368 12896  4134] [] 1716187206.7907242775
[ 1  1  1  1  1  1  1 -1  1  1  1  1  1  1  1  1  1 -1  1 -1] [ 2  3 10 11 18 19 20 21 23 26 27 28 29 34 35 36 37 42 44 45] [14738  3759  7578  6053  4766  3598  6325 10031 13311  7933  6910  5166
  5806  7870 13176  7305 12616 13937  4060 11824] [] 1716187206.8338217735
[ 1  1  1  1  1  1  1 -1  1  1  1  1  1  1  1  1 -1  1  1  1] [ 2  3 10 11 18 19 20 21 23 26 27 28 29 34 35 36 37 42 44 45] [14254  3494  7325  5298  4567  3530  6082 10310 13298  6979  6909  4796
  4962  7707 12546  6432 12757  9297  3996  6844] [] 1716187206.8767898083
[-1  1 -1  1  1  1  1  1  1  1  1  1  1  1  1  1  1  1  1  1  1] [ 2  3  4 10 11 18 19 20 21 23 26 27 28 29 34 35 36 37 42 44 45] [14374  3418 12903  7117  4250  4311  3459  5935 10274 13171  5666  5950
  4418  4822  7692  9490  6021 12609  6829  3947  6541] [] 1716187206.9198281765
[ 1  1 -1  1  1  1  1  1  1  1  1  1  1  1  1  1  1 -1  1  1  1] [ 2  3  4 10 11 18 19 20 21 23 26 27 28 29 34 35 36 37 42 44 45] [14327  3272 12931  6816  4072  4138  3359  5877 10171 13089  5353  5789
  4032  4749  7339  8871  5631 12788  5880  3838  6482] [] 1716187206.9627828598
[ 1  1  1  1  1  1  1  1  1  1  1  1  1  1  1  1  1  1  1  1  1 -1] [ 2  3  4 10 11 18 19 20 21 23 26 27 28 29 34 35 36 37 42 44 45 53] [13843  3259 12115  6235  3531  4036  3267  5653 10140 13086  4960  5631
  3664  4621  7106  8528  5250 12270  4453  3443  6010 14524] [] 1716187207.0057690144
[-1  1  1  1  1  1  1  1  1 -1  1  1  1  1  1 -1  1 -1  1 -1 -1 -1 -1  1] [ 2  3  4 10 11 18 19 20 21 23 26 27 28 29 34 35 36 37 42 44 45 46 52 53] [14446  3099 11883  5815  3389  3861  3181  4922 10042 13208  4533  5629
  3407  4557  6681  8643  5035 12516  4060  3453  6127  9062 13203 11255] [] 1716187207.0488276482
[ 1  1  1  1  1  1 -1  1  1  1  1  1  1 -1  1 -1  1  1  1  1  1  1  1  1] [ 2  3  4 10 11 18 19 20 21 23 26 27 28 29 34 35 36 37 42 44 45 46 52 53] [13404  2784 11303  4589  3069  3597  3183  4589  8583 13136  3999  5208
  3202  4661  6054  9102  4762 12490  3746  3423  6022  8475 12549  8193] [] 1716187207.0917952061
[-1  1  1 -1  1  1  1  1  1  1 -1  1  1  1  1  1  1  1  1  1  1  1  1 -1
  1  1] [ 1  2  3  4 10 11 18 19 20 21 23 26 27 28 29 34 35 36 37 42 44 45 46 51
 52 53] [15560 10888  2746 11327  4452  3023  3488  3100  4529  8537 13186  3911
  5179  3131  4591  5741  8930  4682 10881  3654  3418  5719  7150 11033
 11154  6005] [] 1716187207.1348288059
[ 1 -1  1  1  1  1  1  1  1  1  1  1  1  1  1  1  1  1  1 -1  1  1  1 -1
  1  1  1] [ 1  2  3  4 10 11 18 19 20 21 23 26 27 28 29 34 35 36 37 38 42 44 45 46
 51 52 53] [15251 11620  2593 11145  4160  2725  3281  3041  4270  8505 13090  3672
  5081  2985  4455  5607  7421  4568  9753 13602  3442  3345  5295  7236
 10945 10384  5546] [] 1716187207.1777930260
[-1  1  1  1  1  1  1  1  1 -1 -1  1  1  1 -1 -1  1  1  1  1  1  1  1  1
  1  1  1] [ 1  2  3  4 10 11 18 19 20 21 23 26 27 28 29 34 35 36 37 38 42 44 45 46
 51 52 53] [15317  9626  2541 10946  4089  2697  3185  3023  4119  8517 13162  3594
  5055  2899  4479  5637  6939  4281  9599 10595  3225  3223  4933  6918
 10571  9624  4948] [] 1716187207.2208306789
[-1  1  1  1  1  1  1  1  1  1  1  1  1  1  1  1  1  1  1  1  1  1  1  1
  1  1 -1 -1] [ 1  2  3  4 10 11 18 19 20 21 23 26 27 28 29 34 35 36 37 38 42 44 45 46
 51 52 53 61] [15474  9248  2471 10633  3821  2631  2983  2948  3947  8495 13161  3384
  5014  2747  4441  5199  6792  3815  8850  9062  3140  3114  4628  6085
 10536  9119  5132  6716] [] 1716187207.2638261318
[ 1  1  1  1  1  1 -1  1  1  1 -1 -1  1 -1  1  1  1  1  1  1  1 -1 -1 -1
  1  1 -1  1  1  1] [ 1  2  3  4 10 11 15 18 19 20 21 23 26 27 28 29 34 35 36 37 38 42 43 44
 45 46 51 52 53 61] [15128  9083  2347 10570  3712  2403 14699  2919  2898  3821  8560 13421
  3234  5023  2479  4367  4336  6281  3744  8517  8865  3160 16167  3116
  4499  5902 10638  8887  4844  6585] [] 1716187207.3067889214
[-1  1  1  1  1  1  1  1  1 -1  1 -1  1  1  1  1 -1  1  1  1 -1  1  1  1
  1 -1  1  1  1  1] [ 1  2  3  4 10 11 15 18 19 20 21 23 26 27 28 29 34 35 36 37 38 42 44 45
 46 50 51 52 53 61] [15196  9069  2315 10427  3648  2371 14349  2866  2867  3835  8518 13639
  3165  4958  2419  4327  4351  6052  3660  8457  9113  2978  2976  4359
  5777 15262 10480  8522  4803  6482] [] 1716187207.3498656750
[ 1  1  1  1  1  1 -1 -1  1  1  1 -1  1  1 -1  1 -1  1 -1  1 -1 -1  1 -1
  1  1  1 -1  1  1  1 -1  1] [ 1  2  3  4 10 11 12 15 18 19 20 21 23 26 27 28 29 34 35 36 37 38 42 43
 44 45 46 50 51 52 53 54 61] [14845  8616  2283 10157  3648  2289 15087 14733  2817  2845  3731  8525
 13543  3062  4997  2332  4363  4107  6492  3478  8621  9598  2834 15503
  2890  4111  5198 15312  9969  7636  4070 11980  6288] [] 1716187207.3928682804
[ 1  1  1 -1  1  1  1  1  1  1  1  1  1  1 -1  1  1  1  1  1  1  1  1  1
  1  1 -1  1  1  1  1 -1  1] [ 1  2  3  4 10 11 12 15 18 19 20 21 23 26 27 28 29 34 35 36 37 38 42 43
 44 45 46 50 51 52 53 54 61] [14713  6359  2248 10445  3448  2277 14890 14231  2774  2827  3650  8466
 13511  2983  5047  2276  4327  3983  6226  3300  8586  8899  2820 15351
  2864  4095  5213 14995  8659  7102  3798 12048  6249] [] 1716187207.4358441830
[ 1  1  1  1  1  1  1  1  1  1  1 -1 -1  1 -1  1  1  1  1  1  1  1  1 -1
  1  1  1 -1  1  1  1  1  1] [ 1  2  3  4 10 11 12 15 18 19 20 21 23 26 27 28 29 34 35 36 37 38 42 43
 44 45 46 50 51 52 53 54 61] [14498  6153  2235 10227  3412  2215 14609 14143  2707  2755  3599  8520
 13539  2981  5088  2234  4281  3767  6206  3216  8444  8797  2790 15477
  2844  4031  5168 15027  8632  6868  3713 11980  6234] [] 1716187207.4788830280
[-1  1  1 -1  1  1  1  1  1  1  1 -1  1  1 -1  1  1  1 -1 -1  1  1  1 -1
  1  1  1 -1 -1  1 -1  1  1] [ 1  2  3  4 10 11 12 15 18 19 20 21 23 26 27 28 29 34 35 36 37 38 42 43
 44 45 46 50 51 52 53 54 61] [14681  6060  2192 10342  3364  2211 14507 14015  2707  2746  3539  8565
 13503  2873  5138  2219  4255  3715  6224  3234  8276  8727  2744 15599
  2820  4015  5154 15035  8658  6845  3714 11921  6203] [] 1716187207.5218608379
[-1  1  1  1  1 -1  1  1  1 -1 -1  1  1  1  1  1  1  1  1  1  1  1  1 -1
  1 -1  1 -1 -1 -1  1 -1  1 -1] [ 1  2  3  4 10 11 12 15 18 19 20 21 23 26 27 28 29 34 35 36 37 38 42 43
 44 45 46 47 50 51 52 53 54 61] [14738  5996  2179 10342  3338  2217 14440 13983  2691  2761  3541  8476
 13495  2859  5067  2209  4243  3681  6101  3177  8155  8683  2716 15611
  2820  4079  5151 15817 15131  8667  6724  3734 11844  6219] [] 1716187207.5648839474
[ 1 -1  1  1  1  1  1  1  1 -1  1  1 -1  1  1  1  1  1  1  1 -1  1 -1 -1
 -1  1  1  1  1 -1 -1 -1 -1] [ 1  2  3  4 10 11 12 15 18 19 20 21 23 26 27 28 29 34 35 36 37 38 42 43
 44 45 46 50 51 52 53 54 61] [14575  6080  2169 10235  3312  2173 14312 13903  2673  2771  3500  8420
 13567  2848  4999  2187  4237  3641  6036  3141  8170  8620  2824 15759
  2848  4019  5080 14373  8372  7234  3748 15632  6342] [] 1716187207.6078464985
[-1 -1 -1  1 -1 -1  1 -1 -1  1 -1  1  1 -1 -1 -1 -1 -1 -1 -1  1  1  1  1
  1  1  1  1 -1 -1 -1] [ 1  2  3  4 10 11 12 15 18 19 20 21 23 26 27 28 29 34 35 36 37 38 42 43
 44 45 46 51 52 53 61] [14616  6096  2202 10190  3349  2205 13714 14121  2687  2767  3532  8409
 13513  2881  5039  2217  4285  3786  6081  3181  8000  8608  2794 15583
  2832  3979  5035  8172  8572  3752  6360] [] 1716187207.6508371830
[ 1 -1 -1  1 -1  1 -1  1 -1  1 -1 -1  1 -1  1 -1  1 -1  1 -1 -1  1 -1  1
 -1 -1 -1 -1 -1 -1] [ 1  2  3  4 10 11 12 15 18 19 20 21 23 26 27 28 29 34 35 36 37 38 42 43
 44 45 46 51 52 53] [14586  6120  2219 10171  3360  2198 14538 13965  2695  2731  3571  8478
 13343  2911  4980  2237  4167  3873  5968  3261  8180  8588  2924 15119
  2960  4283  5660  8965  9063  4308] [] 1716187207.6938340664
[ 1 -1 -1  1 -1 -1 -1 -1 -1 -1 -1  1 -1 -1  1 -1 -1 -1 -1 -1  1 -1 -1  1
 -1 -1 -1 -1 -1 -1] [ 1  2  3  4 10 11 12 15 18 19 20 21 23 26 27 28 29 34 35 36 37 38 42 43
 44 45 46 51 52 53] [14449  6806  2282  9906  3478  2362 15039 15725  2762  2796  3775  8436
 13391  3091  4974  2302  4251  3932  6188  3403  8124  9260  3022 14795
  3030  4566  5948  9985  9346  4424] [] 1716187207.7367825508
[-1 -1 -1  1 -1 -1 -1 -1  1 -1  1 -1 -1 -1  1 -1  1 -1  1 -1 -1 -1 -1 -1
 -1 -1 -1] [ 1  2  3  4 10 11 18 19 20 21 23 26 27 28 29 34 35 36 37 38 42 44 45 46
 51 52 53] [14505  6987  2313  9746  3593  2415  2788  2838  3755  8464 13303  3120
  5019  2383  4206  4070  5982  3546  8084 11923  3170  3200  4868  7031
 10681  9834  5490] [] 1716187207.7798051834
[-1 -1 -1  1 -1 -1 -1 -1 -1  1 -1 -1  1 -1 -1 -1 -1 -1 -1  1 -1 -1 -1 -1
 -1 -1 -1] [ 1  2  3  4 10 11 18 19 20 21 23 26 27 28 29 34 35 36 37 38 42 44 45 46
 51 52 53] [14523  7229  2446  9606  3809  2563  2933  2882  3790  8409 13467  3243
  4979  2643  4243  5045  6056  3692  8386 11324  3426  3272  5746  7953
 13117 10456  7660] [] 1716187207.8228390217
[ 1 -1 -1  1 -1 -1 -1 -1 -1  1  1 -1 -1 -1 -1 -1 -1 -1 -1 -1 -1  1  1 -1
 -1 -1] [ 1  2  3  4 10 11 18 19 20 21 23 26 27 28 29 34 35 36 37 38 42 44 45 46
 52 53] [14458  9232  2559  9504  4000  2613  3027  2916  3915  8405 12964  3495
  5055  2744  4250  5457  6317  3984  8736 15011  3665  3147  5649 10988
 12671 13675] [] 1716187207.8657937050
[-1 -1 -1  1 -1 -1 -1 -1 -1  1 -1 -1 -1 -1 -1 -1 -1 -1 -1 -1  1  1] [ 1  2  3  4 10 11 18 19 20 21 23 26 27 28 29 34 35 36 37 42 44 45] [14500  9606  2662  9397  4193  2725  3153  2957  4003  8395 13040  3573
  5133  2839  4310  5607  6638  4046  9587  4640  3112  5583] [] 1716187207.9088120461
[-1 -1 -1  1 -1 -1 -1 -1 -1  1  1 -1 -1 -1 -1 -1 -1 -1  1 -1 -1 -1] [ 1  2  3  4 10 11 18 19 20 21 23 26 27 28 29 34 35 36 37 42 44 45] [15092 11608  2835  9246  4782  2923  3409  2998  4161  8391 12867  3845
  5225  2969  4335  5755  7365  4550  9395  7440  3310  5972] [] 1716187207.9518043995
[-1 -1 -1  1 -1 -1 -1 -1 -1  1  1 -1 -1 -1 -1 -1 -1 -1 -1 -1 -1] [ 1  2  3  4 10 11 18 19 20 21 23 26 27 28 29 34 35 36 37 44 45] [15302 12001  3125  9236  5721  3170  3791  3073  4467  8338 12843  4437
  5438  3130  4377  6137  7682  4674 10982  3755  6459] [] 1716187207.9947924614
[-1  1 -1  1 -1 -1 -1 -1 -1 -1 -1 -1 -1 -1 -1 -1 -1 -1 -1 -1 -1] [ 1  2  3  4 10 11 18 19 20 21 23 26 27 28 29 34 35 36 37 44 45] [16150 11705  3305  9207  6275  3878  4037  3158  5383  9773 12922  5137
  5607  3573  4607  7336  7700  5067 12416  3775  8653] [] 1716187208.0377275944
[ 1 -1 -1 -1 -1 -1 -1 -1 -1  1 -1 -1 -1 -1 -1 -1 -1 -1  1 -1] [ 2  3  4 10 11 18 19 20 21 23 26 27 28 29 34 35 36 37 44 45] [11483  3353  9243  6486  4042  4122  3238  5535  9857 12838  5595  6529
  3910  4631  7386  8140  5247 12464  3744 13041] [] 1716187208.0808541775
[-1 -1 -1 -1 -1 -1 -1  1  1 -1 -1 -1 -1 -1 -1 -1 -1 -1 -1] [ 2  3  4 10 11 18 19 20 21 23 26 27 28 29 34 35 36 37 44] [11790  3591  9265  6874  4786  4431  3301  5533  9774 12931  6845  6594
  4205  5557  7451 10563  5955 12525  3954] [] 1716187208.1237852573
[-1 -1 -1 -1 -1 -1 -1 -1  1 -1 -1 -1 -1 -1 -1 -1 -1 -1 -1] [ 2  3  4 10 11 18 19 20 21 23 26 27 28 29 34 35 36 37 44] [12627  3803  9523  7067  5901  5580  3523  5672  9699 13100  7901  6773
  4722  5580  8681 12034  6598 12777  4936] [] 1716187208.1667299271
[-1 -1 -1 -1 -1 -1 -1 -1 -1 -1 -1 -1 -1 -1 -1 -1 -1 -1 -1] [ 2  3  4 10 11 18 19 20 21 23 26 27 28 29 34 35 36 37 44] [13791  3821 11794  7337  7460  6519  3625  6280  9808 13362  8171  6909
  5847  5935  9253 12990  8206 13503 10081] [] 1716187208.2097702026
[-1 -1 -1 -1 -1 -1 -1  1  1  1 -1 -1  1 -1 -1] [ 2  3 10 11 18 19 20 21 26 27 28 29 35 36 44] [14467  3975  7671  7519  6843  3666  6553  9769  8062  6718  7721  6707
 12815  8933 12694] [] 1716187208.2527532578
[ 1 -1 -1 -1 -1 -1 -1 -1 -1 -1 -1 -1 -1 -1] [ 2  3 10 11 18 19 20 21 26 27 28 29 35 36] [14311  4085  8132  7588  7735  3846  6605  9867  8231  6737  9012  9214
 14449  9567] [] 1716187208.2957291603
[ 1 -1 -1 -1 -1 -1 -1 -1 -1 -1 -1 -1 -1] [ 2  3 10 11 18 19 20 21 26 27 28 29 36] [13903  4113  8445  7637 10240  3878  7628 10001 12984  6822 10461  9417
 10445] [] 1716187208.3387253284
[-1 -1 -1 -1 -1 -1 -1  1 -1 -1 -1 -1] [ 2  3 10 11 18 19 20 21 27 28 29 36] [14488  4242  9802  7715 10627  4025  8435  9997  8123 10490  9716 11534] [] 1716187208.3817234039
[-1 -1 -1 -1 -1 -1 -1 -1 -1 -1 -1 -1] [ 2  3 10 11 18 19 20 21 27 28 29 36] [15000  4341 11479  8002 10916  4228  9828 10149  8211 10543  9916 12525] [] 1716187208.4246597290
[ 1 -1 -1 -1 -1 -1 -1 -1  1 -1] [ 2  3 10 11 19 20 21 27 28 29] [14665  5265 13979  8831  4610 10235 10476  8407 10531 10104] [] 1716187208.4677453041
[-1 -1  1 -1 -1 -1 -1 -1 -1] [ 2  3 11 19 20 21 27 28 29] [14696  5307  8750  4735 10498 10617  8604 10627 10437] [] 1716187208.5107083321
[-1 -1 -1 -1 -1 -1 -1 -1 -1] [ 2  3 11 19 20 21 27 28 29] [14991  5950  9019  5318 10995 10983 11037 11169 11450] [] 1716187208.5536708832
[-1 -1  1 -1 -1  1 -1  1] [ 2  3 11 19 20 21 27 28] [15304  7957  9009  7226 11886 10979 14929 10873] [] 1716187208.5966415405
[-1 -1 -1 -1 -1 -1 -1] [ 2  3 11 19 20 21 28] [15576  9388  9205 10029 12807 11551 11855] [] 1716187208.6396837234
[ 1  1 -1 -1] [ 2 11 19 20] [15440  9019 10249 13049] [] 1716187208.6826868057
[-1] [11] [9173] [] 1716187208.7256593704
[-1] [11] [10148] [] 1716187208.7685985565
[-1] [11] [10751] [] 1716187208.8116366863
[-1] [11] [11962] [] 1716187208.8677508831
2 2 2 1716187208.8679583073
