FA TAX ADC PRES TS
[-1] [11] [11888] [] 1716190652.5601737499
[1] [11] [11838] [] 1716190652.6031780243
[1] [11] [11788] [] 1716190652.6461358070
[1] [11] [10589] [] 1716190652.6891639233
[1] [11] [9727] [] 1716190652.7321887016
[1] [11] [9010] [] 1716190652.7751536369
[ 1 -1] [11 28] [ 8983 12426] [] 1716190652.8181548119
[-1 -1 -1  1] [ 3 11 19 28] [ 9688  9479 10657 12117] [] 1716190652.8611636162
[ 1  1  1 -1  1] [ 3 11 19 20 28] [ 9073  9183 10082 14575 11498] [] 1716190652.9041969776
[ 1 -1 -1  1 -1 -1 -1] [ 3 11 19 20 27 28 29] [ 7986  9268 10215 13717 11911 11752 12264] [] 1716190652.9471621513
[ 1  1  1  1 -1  1  1  1] [ 3 11 19 20 21 27 28 29] [ 6061  9214  9538 13151 11863 11867 11688 11563] [] 1716190652.9901659489
[1 1 1 1 1 1 1 1] [ 3 11 19 20 21 27 28 29] [ 5890  9186  9119 12669 11551  9621 11564 11045] [] 1716190653.0331747532
[1 1 1 1 1 1 1 1] [ 3 11 19 20 21 27 28 29] [ 5630  8962  8125 11955 11167  8899 11196 10923] [] 1716190653.0761740208
[ 1  1  1  1  1  1 -1  1] [ 3 11 19 20 21 27 28 29] [ 5362  8957  6600 11553 10911  8779 11239 10827] [] 1716190653.1192402840
[ 1  1  1  1  1  1  1  1 -1] [ 3 11 19 20 21 27 28 29 36] [ 4943  8839  5971 11354 10851  8755 11238 10671 13481] [] 1716190653.1621713638
[ 1 -1 -1  1  1  1  1  1  1  1] [ 3 11 18 19 20 21 27 28 29 36] [ 4404  8937 11125  5674 11106 10757  8735 11110 10581 12569] [] 1716190653.2051768303
[ 1 -1  1  1 -1 -1 -1  1  1  1  1 -1] [ 3 11 18 19 20 21 26 27 28 29 36 44] [ 4347  8990 10954  5423 11209 10778  9365  8693 10949 10479 12531 14272] [] 1716190653.2482089996
[ 1 -1  1  1  1  1  1  1  1  1 -1  1] [ 3 11 18 19 20 21 26 27 28 29 36 44] [ 4174  9019 10617  4981 10594 10583  8707  8469 10928 10434 12922 12525] [] 1716190653.2911863327
[1 1 1 1 1 1 1 1 1 1 1 1] [ 3 11 18 19 20 21 26 27 28 29 36 44] [ 4078  8854 10062  4651 10268 10237  8401  8325  8105 10331 11441 10702] [] 1716190653.3341915607
[-1 -1  1  1  1  1 -1 -1 -1  1  1 -1  1  1] [ 3 10 11 18 19 20 21 26 27 28 29 34 36 44] [ 4083 14513  8854  8106  4561  8723 10380  8514  8473  7863 10284 11661
 11129  7382] [] 1716190653.3771662712
[ 1  1  1  1  1  1  1  1  1  1  1  1  1 -1  1] [ 3 10 11 18 19 20 21 26 27 28 29 34 36 37 44] [ 3893 12095  8827  7703  4383  7418 10268  8409  8332  7612  8372 11500
 10947 16331  5485] [] 1716190653.4201955795
[ 1  1  1  1  1  1  1 -1  1  1  1  1  1  1  1  1] [ 3 10 11 18 19 20 21 23 26 27 28 29 34 36 37 44] [ 3666 10000  8827  6772  4161  7295 10238 14359  7972  8212  6995  6827
  9549 10680 12835  4776] [] 1716190653.4631829262
[ 1  1  1  1  1  1  1  1  1  1  1  1  1  1  1  1 -1] [ 3 10 11 18 19 20 21 23 26 27 28 29 34 36 37 44 45] [ 3591  9265  8735  5862  4014  6975 10012 13306  7849  8119  5802  6557
  9195  9781 12484  4505  9390] [] 1716190653.5061831474
[-1  1  1  1  1  1 -1  1 -1  1  1 -1  1  1 -1 -1  1  1] [ 3 10 11 18 19 20 21 23 26 27 28 29 34 36 37 42 44 45] [ 3621  8336  8697  5140  3938  6853 10145 12941  7912  7827  4973  6621
  8408  8767 12747 13089  4349  7037] [] 1716190653.5492210388
[ 1  1  1  1  1  1 -1  1  1  1  1  1 -1 -1  1 -1  1  1  1] [ 3 10 11 18 19 20 21 23 26 27 28 29 34 35 36 37 42 44 45] [ 3529  8210  8253  4493  3810  6555 10253 12908  7409  7780  4329  6548
  8609 14335  8398 12751 11796  4031  6531] [] 1716190653.5922074318
[-1  1  1  1  1  1  1 -1  1  1  1  1  1 -1  1  1 -1  1  1  1] [ 1  3 10 11 18 19 20 21 23 26 27 28 29 34 35 36 37 42 44 45] [15820  3407  7837  7544  4393  3713  6447 10479 12834  6271  7749  4008
  6453  8617 13831  7626 13091  7499  3746  6269] [] 1716190653.6352038383
[-1  1  1  1  1  1  1  1  1  1  1  1  1  1  1  1  1  1  1  1 -1] [ 1  3 10 11 18 19 20 21 23 26 27 28 29 34 35 36 37 42 44 45 53] [16207  3195  6702  5664  4125  3599  6301 10298 12569  5406  7095  3634
  4879  7672 13107  7085 12759  6293  3727  6261 14686] [] 1716190653.6782040596
[ 1  1  1  1  1  1  1 -1  1  1  1  1  1  1  1  1  1  1  1 -1  1] [ 3 10 11 18 19 20 21 23 26 27 28 29 34 35 36 37 42 44 45 46 53] [ 3140  6343  5347  3935  3501  6203 10181 12663  5223  6818  3529  4808
  7573 12745  6045 12650  4937  3365  6210  9981 11743] [] 1716190653.7212266922
[-1  1  1  1  1  1  1  1 -1  1  1  1  1  1  1  1 -1  1 -1  1  1 -1  1] [ 1  3 10 11 18 19 20 21 23 26 27 28 29 34 35 36 37 42 44 45 46 52 53] [16250  2854  5449  4783  3596  3427  5823 10071 12701  4161  6301  3213
  4737  7522  9968  5891 13004  4547  3479  6147  9364 15033  8021] [] 1716190653.7642219067
[-1  1  1  1  1  1  1  1 -1  1  1  1  1 -1  1  1 -1  1  1  1  1  1  1] [ 2  3 10 11 18 19 20 21 23 26 27 28 29 34 35 36 37 42 44 45 46 52 53] [14382  2843  5116  4371  3515  3324  5665 10015 12967  4013  5950  3053
  4707  7539  9741  5507 13347  4239  3296  6081  8961 14486  6268] [] 1716190653.8072366714
[-1  1  1  1  1  1  1  1  1 -1  1  1  1  1  1  1  1  1 -1  1  1  1  1 -1
  1  1] [ 1  2  3 10 11 18 19 20 21 23 26 27 28 29 34 35 36 37 38 42 44 45 46 51
 52 53] [15392 14235  2721  4709  3788  3413  3283  5008  9971 13111  3901  5774
  2971  4563  7503  9441  5197 13202 10467  4094  3210  5995  7492 13309
 12325  5367] [] 1716190653.8502004147
[-1  1  1  1  1  1  1  1  1 -1  1  1  1 -1  1  1  1 -1  1  1  1  1  1  1
  1  1] [ 1  2  3 10 11 18 19 20 21 23 26 27 28 29 34 35 36 37 38 42 44 45 46 51
 52 53] [16040 14099  2666  4196  3090  3148  3205  4905  9931 13280  3748  5631
  2825  4575  7355  8714  5048 13216 10196  3933  3103  5894  7115 12468
 11992  4996] [] 1716190653.8931677341
[ 1  1  1  1  1  1  1  1 -1 -1  1  1  1  1  1  1  1  1  1  1  1  1 -1  1
 -1  1] [ 1  2  3 10 11 18 19 20 21 23 26 27 28 29 34 35 36 37 38 42 44 45 46 51
 52 53] [15189  8478  2665  4102  2979  3066  3105  4801 10004 13281  3657  5517
  2753  4559  6682  8178  4848 12872 10138  3864  3000  5779  7227 11376
 12053  4843] [] 1716190653.9362390041
[ 1  1  1  1  1 -1  1  1  1  1  1  1 -1  1  1  1 -1  1  1  1  1 -1  1  1
 -1  1  1 -1 -1 -1] [ 1  2  3 10 11 12 18 19 20 21 23 26 27 28 29 34 35 36 37 38 42 44 45 46
 50 51 52 53 54 61] [13829  7669  2505  3957  2835 15162  2968  3099  4711  9998 13244  3436
  5554  2706  4472  6357  8256  4477 12700  9791  3679  3010  5458  6121
 15145 10989 11543  5047 12835  6719] [] 1716190653.9792377949
[ 1  1  1  1  1  1 -1  1  1  1 -1 -1  1  1  1 -1  1 -1  1  1  1  1  1  1
  1 -1  1  1  1  1  1] [ 1  2  3 10 11 12 15 18 19 20 21 23 26 27 28 29 34 35 36 37 38 42 44 45
 46 50 51 52 53 54 61] [13472  7509  2375  3872  2581 13128 15103  2885  3013  4543 10179 13321
  3223  5378  2666  4505  5630  9081  4074 12067  9744  3423  2975  4999
  5671 15562 10693 11159  4897 12470  6594] [] 1716190654.0222077370
[-1  1  1  1  1  1  1  1  1  1 -1 -1  1  1  1 -1  1  1  1  1 -1 -1 -1  1
  1  1 -1  1  1  1  1  1 -1] [ 1  2  3 10 11 12 15 18 19 20 21 23 26 27 28 29 34 35 36 37 38 42 43 44
 45 46 47 50 51 52 53 54 61] [13813  7491  2305  3721  2543 12985 14813  2823  2958  4373 10305 13341
  3108  5342  2579  4539  5292  8623  3612 11718  9748  3482 12471  2928
  4895  5251 15380 15162 10675 10764  4773 12429  6623] [] 1716190654.0652813911
[-1  1  1  1  1 -1  1  1  1  1 -1 -1  1  1  1  1  1  1  1 -1 -1  1  1  1
  1 -1  1  1  1  1  1  1  1] [ 1  2  3 10 11 12 15 18 19 20 21 23 26 27 28 29 34 35 36 37 38 42 43 44
 45 46 47 50 51 52 53 54 61] [13870  7476  2207  3440  2473 13035 14443  2775  2921  4057 10374 13595
  3016  5283  2527  4495  4952  7585  3519 12208  9800  3216 12443  2920
  4495  5274  7016 14843 10670 10707  4596  9657  6491] [] 1716190654.1082394123
[-1 -1  1  1  1  1  1  1  1  1 -1  1  1  1  1  1  1  1  1 -1  1  1  1  1
  1 -1  1  1  1  1  1  1  1] [ 1  2  3 10 11 12 15 18 19 20 21 23 26 27 28 29 34 35 36 37 38 42 43 44
 45 46 47 50 51 52 53 54 61] [14608  7509  2154  3396  2405 11453 14063  2727  2873  4006 10420 13587
  2943  5099  2470  4447  4647  7349  3427 12857  8593  3096 12343  2818
  4095  5333  5372  8781 10558 10435  4556  9393  6318] [] 1716190654.1512432098
[ 1 -1  1  1  1  1  1  1  1  1  1 -1  1  1  1  1  1  1  1 -1 -1  1  1  1
  1  1  1  1  1  1  1  1  1] [ 1  2  3 10 11 12 15 18 19 20 21 23 26 27 28 29 34 35 36 37 38 42 43 44
 45 46 47 50 51 52 53 54 61] [14394  7564  2106  3312  2349 10935 13463  2639  2819  3819 10230 13591
  2905  5039  2421  4349  4367  6818  3183 12892  8693  3070 12281  2786
  4007  5253  5037  8262 10523 10307  4344  9380  6202] [] 1716190654.1942408085
[-1 -1  1  1  1  1  1  1  1  1 -1  1  1  1  1  1  1  1  1  1 -1  1  1  1
  1  1  1  1  1 -1  1  1 -1] [ 1  2  3 10 11 12 15 18 19 20 21 23 26 27 28 29 34 35 36 37 38 42 43 44
 45 46 47 50 51 52 53 54 61] [14547  7594  2094  3289  2253 10790 13439  2633  2785  3760 10268 13495
  2875  4956  2391  4301  4277  6766  3102 10532  8702  3056 12259  2772
  3955  5238  4902  8196 10511 10319  4332  9248  6253] [] 1716190654.2372241020
[-1  1  1 -1  1  1 -1  1 -1  1  1 -1  1  1  1 -1  1  1  1 -1 -1  1 -1  1
  1  1  1 -1 -1 -1  1  1  1] [ 1  2  3 10 11 12 15 18 19 20 21 23 26 27 28 29 34 35 36 37 38 42 43 44
 45 46 47 50 51 52 53 54 61] [14675  7561  2053  3300  2228 10774 13451  2623  2803  3666 10261 13623
  2856  4899  2354  4311  4254  6659  3102 11009  8708  3023 12295  2764
  3939  5216  4830  8209 10528 10351  4290  9175  6238] [] 1716190654.2801568508
[-1  1 -1  1  1  1  1  1  1  1 -1 -1 -1  1  1  1 -1 -1  1 -1  1 -1 -1 -1
 -1 -1 -1 -1  1  1  1 -1 -1] [ 1  2  3 10 11 12 15 18 19 20 21 23 26 27 28 29 34 35 36 37 38 42 43 44
 45 46 47 50 51 52 53 54 61] [15469  7516  2054  3297  2224 10690 13431  2601  2786  3652 10309 13679
  2864  4877  2335  4293  4290  6692  3093 11072  8644  3034 12299  2800
  3975  5238  5314  8272 10486 10313  4288  9253  6295] [] 1716190654.3232185841
[ 1 -1  1  1 -1  1  1  1 -1 -1 -1  1  1  1 -1 -1  1  1 -1  1  1  1 -1 -1
 -1  1 -1 -1 -1 -1 -1 -1] [ 1  2  3 10 11 12 15 18 19 20 21 23 26 27 28 29 34 35 36 37 38 42 43 44
 45 46 50 51 52 53 54 61] [15097  7580  2053  3281  2255 10675 13311  2598  2788  3654 10336 13567
  2858  4856  2367  4347  4255  6641  3119 11065  8520  3030 12327  2804
  4527  5091 14353 10557 10503  4568 12304  6321] [] 1716190654.3662130833
[ 1  1 -1 -1  1 -1 -1 -1 -1 -1  1  1  1 -1 -1  1 -1 -1 -1  1 -1 -1 -1 -1
 -1  1  1 -1 -1  1 -1 -1] [ 1  2  3 10 11 12 15 18 19 20 21 23 26 27 28 29 34 35 36 37 38 42 43 44
 45 46 50 51 52 53 54 61] [15072  7557  2073  3288  2246 11182 13357  2623  2825  3687 10209 13421
  2853  4887  2384  4283  4392  6698  3138 10998  8576  3150 12339  2842
  4631  5058 14234 10573 10627  4498 12400  6400] [] 1716190654.4092099667
[ 1  1 -1 -1 -1 -1 -1 -1 -1 -1  1  1 -1 -1 -1  1 -1 -1 -1  1  1 -1 -1 -1
 -1 -1 -1 -1 -1 -1 -1] [ 1  2  3 10 11 12 15 18 19 20 21 23 26 27 28 29 34 35 36 37 38 42 43 44
 45 46 51 52 53 54 61] [15071  7392  2143  3344  2379 13027 13703  2670  2834  3793 10110 13183
  2877  4985  2425  4255  4552  6770  3238 10968  8505  3222 12557  2948
  4835  5359 10618 10821  4562 13232  6587] [] 1716190654.4522254467
[-1 -1 -1 -1 -1  1 -1 -1 -1 -1  1 -1 -1 -1 -1 -1 -1  1 -1 -1 -1  1  1 -1
 -1  1 -1  1] [ 1  2  3 10 11 12 15 18 19 20 21 23 26 27 28 29 34 35 36 37 38 42 44 45
 46 51 52 53] [15170  7484  2175  3408  2461 12744 14091  2695  2853  3863 10028 13201
  2959  5115  2503  4391  4906  6656  3453 12104  9601  3196  2856  4983
  5480 10474 10991  4358] [] 1716190654.4952483177
[ 1 -1 -1 -1 -1  1 -1 -1 -1 -1 -1  1 -1 -1  1  1 -1 -1 -1  1 -1 -1 -1 -1
 -1 -1 -1 -1] [ 1  2  3 10 11 12 15 18 19 20 21 23 26 27 28 29 34 35 36 37 38 42 44 45
 46 51 52 53] [14916  7520  2259  3680  2522 12563 14719  2733  2872  4093 10058 13045
  3095  5119  2486  4383  5234  7353  3669 11868  9648  3443  2960  5667
  6847 10951 11319  4807] [] 1716190654.5381879807
[ 1 -1 -1 -1 -1 -1 -1 -1 -1  1  1 -1 -1 -1  1 -1  1 -1  1 -1 -1 -1 -1 -1
 -1 -1] [ 1  2  3 10 11 12 18 19 20 21 23 26 27 28 29 34 35 36 37 38 42 44 45 46
 52 53] [14758  7528  2466  3797  2710 12859  2812  2926  4191 10020 12940  3261
  5406  2573  4358  5674  7323  3983 11285  9920  3565  2977  5799  7813
 11523  6100] [] 1716190654.5811576843
[-1 -1 -1 -1 -1 -1 -1 -1  1  1 -1  1 -1 -1 -1  1 -1 -1 -1 -1 -1 -1 -1 -1
 -1] [ 1  2  3 10 11 18 19 20 21 23 26 27 28 29 34 35 36 37 38 42 44 45 46 52
 53] [14806 13573  2513  4018  2907  2976  3033  4249  9949 12937  3421  5250
  2656  4388  6345  7203  4296 11865 10221  3767  3155  5918  8038 11546
  7634] [] 1716190654.6241621971
[ 1 -1 -1 -1 -1 -1  1 -1  1 -1 -1 -1 -1 -1 -1 -1 -1 -1 -1  1  1 -1 -1 -1] [ 1  2  3 10 11 18 19 20 21 23 26 27 28 29 34 35 36 37 42 44 45 46 52 53] [14260 13944  2621  4416  3063  3127  3013  4281  9919 12984  3589  5309
  2711  4489  7202  8561  4566 12326  4338  3129  5852 11859 15143 14850] [] 1716190654.6671540737
[ 1 -1 -1 -1 -1 -1 -1  1 -1 -1 -1 -1 -1 -1 -1 -1 -1 -1 -1  1] [ 1  3 10 11 18 19 20 21 23 26 27 28 29 34 35 36 37 42 44 45] [14082  2657  5181  3640  3238  3064  4527  9885 12991  3722  5391  2834
  4515  7300  8587  4862 12460  6262  3144  5831] [] 1716190654.7101469040
[ 1 -1 -1 -1 -1 -1 -1  1  1 -1 -1 -1 -1 -1 -1 -1 -1 -1 -1 -1] [ 1  3 10 11 18 19 20 21 23 26 27 28 29 34 35 36 37 42 44 45] [14031  2926  5981  4512  3429  3124  4979  9706 12941  4126  5477  3003
  4531  7418  9211  5167 12462 11315  3618  6171] [] 1716190654.7531392574
[-1 -1 -1 -1 -1 -1 -1 -1 -1 -1 -1 -1 -1 -1 -1 -1 -1  1 -1 -1] [ 1  2  3 10 11 18 19 20 21 23 26 27 28 29 34 35 36 37 44 45] [16100 15439  3192  6847  5067  3876  3205  6027  9712 13109  5033  6461
  3261  4707  7590  9918  5731 12237  3800  6459] [] 1716190654.7961387634
[-1  1 -1 -1 -1 -1 -1  1 -1  1 -1 -1 -1 -1 -1 -1 -1 -1 -1 -1] [ 1  2  3 10 11 18 19 20 21 23 26 27 28 29 34 35 36 37 44 45] [16328 15359  3223  7130  5877  4079  3289  6016  9732 13077  5379  6469
  3514  4890  7645 10038  6225 12241  4012  6783] [] 1716190654.8391265869
[ 1 -1  1 -1 -1 -1 -1  1 -1 -1 -1 -1 -1 -1 -1  1 -1] [ 2  3 10 11 18 19 20 21 23 26 27 28 29 34 36 37 44] [15286  3411  7073  7398  4249  3363  6096  9694 13135  7692  7254  3883
  6463  8716  6428 11990  4115] [] 1716190654.8821232319
[-1 -1 -1 -1 -1 -1 -1 -1  1 -1 -1 -1 -1 -1 -1 -1 -1] [ 2  3 10 11 18 19 20 21 23 26 27 28 29 34 36 37 44] [15533  3515  8052  8452  5881  3483  6215  9742 12919  7834  7385  4262
  6471  8895  7700 12239  4864] [] 1716190654.9251079559
[-1 -1  1 -1 -1 -1 -1 -1 -1 -1 -1 -1 -1 -1 -1 -1 -1] [ 2  3 10 11 18 19 20 21 23 26 27 28 29 34 36 37 44] [15779  3559  7601  8522  6497  3711  6401  9884 13046  8014  7561  5019
  6603  9934  8899 12478  8215] [] 1716190654.9681231976
[-1 -1 -1 -1 -1 -1 -1 -1 -1 -1 -1 -1 -1 -1 -1 -1 -1] [ 2  3 10 11 18 19 20 21 23 26 27 28 29 34 36 37 44] [16071  3655  7905  8573  6753  3803  6598  9971 13633  8082  7646  6145
  6806 11435 10199 12607 12811] [] 1716190655.0111126900
[ 1 -1 -1 -1 -1 -1 -1 -1  1 -1 -1  1 -1] [ 2  3 10 11 18 19 20 21 26 27 28 29 36] [16054  3703 10907  8575  7440  3908  6986  9997  8073  7713  6871  6733
 10787] [] 1716190655.0540668964
[-1 -1 -1 -1 -1 -1 -1 -1 -1 -1 -1 -1] [ 3 10 11 18 19 20 21 26 27 28 29 36] [ 3790 13984  8647  7660  4095  8429 10077  8346  7890  7889 10276 11066] [] 1716190655.0970695019
[-1  1 -1 -1 -1 -1 -1 -1 -1 -1 -1] [ 3 11 18 19 20 21 26 27 28 29 36] [ 3871  8614 10424  4214  9789 10174  8867  8020 10774 10278 11801] [] 1716190655.1400728226
[-1 -1 -1 -1 -1 -1 -1  1 -1  1] [ 3 11 18 19 20 21 27 28 29 36] [ 4135  8644 10832  4667 10209 10437  8285 10657 10319 11747] [] 1716190655.1830780506
[-1 -1 -1 -1 -1 -1 -1 -1 -1 -1] [ 3 11 18 19 20 21 27 28 29 36] [ 4279  8759 11367  4858 10556 10581  8437 10805 10392 12649] [] 1716190655.2260551453
[-1  1 -1  1 -1  1  1 -1] [ 3 11 19 20 21 27 28 29] [ 5105  8705  5091 10505 10844  8412 10737 10510] [] 1716190655.2690749168
[-1 -1 -1 -1 -1 -1 -1 -1] [ 3 11 19 20 21 27 28 29] [ 5540  8974  6634 11560 11111  9135 11070 10946] [] 1716190655.3121628761
[-1 -1 -1 -1 -1 -1 -1 -1] [ 3 11 19 20 21 27 28 29] [ 5677  9078  7482 11785 11337 10725 11231 11845] [] 1716190655.3550784588
[-1 -1 -1 -1 -1 -1 -1] [ 3 11 19 20 21 27 28] [ 7898  9135  9772 12726 11427 11317 11512] [] 1716190655.3980257511
[-1  1 -1 -1 -1 -1] [ 3 11 19 20 21 28] [ 8906  9081  9960 13630 11468 11686] [] 1716190655.4410142899
[ 1 -1] [11 28] [ 8628 11776] [] 1716190655.4840121269
[-1] [11] [9159] [] 1716190655.5269820690
[-1] [11] [9655] [] 1716190655.5699946880
[-1] [11] [9911] [] 1716190655.6129753590
[-1] [11] [13732] [] 1716190655.6560304165
2 2 2 1716190655.6563229561
