FA TAX ADC PRES TS
[-1] [11] [10698] [] 1716191623.8283605576
[1] [11] [9601] [] 1716191623.8712685108
[1] [11] [9138] [] 1716191623.9143033028
[1] [11] [9031] [] 1716191623.9573338032
[-1 -1] [11 28] [ 9057 12867] [] 1716191624.0003855228
[1 1] [11 28] [ 8918 11073] [] 1716191624.0433433056
[1 1] [11 28] [ 8851 10833] [] 1716191624.0863430500
[1 1] [11 28] [ 8671 10551] [] 1716191624.1293299198
[1 1] [11 28] [ 8610 10406] [] 1716191624.1723463535
[-1 -1] [11 28] [ 8627 10417] [] 1716191624.2153367996
[1 1] [11 28] [ 8536 10275] [] 1716191624.2583045959
[-1 -1 -1] [11 27 28] [ 8574 14545 10367] [] 1716191624.3012948036
[ 1  1 -1] [11 27 28] [ 8515 14507 10401] [] 1716191624.3443932533
[-1  1  1] [11 27 28] [ 8557 12467 10301] [] 1716191624.3873558044
[-1 -1 -1 -1  1 -1 -1] [11 18 19 20 27 28 29] [ 8848 11922 12949 15181 10086 10699 12734] [] 1716191624.4301872253
[-1 -1  1  1  1 -1 -1 -1  1] [ 3 11 18 19 20 26 27 28 29] [13369  9039 10822 11397 14194 13411 10091 10927 11901] [] 1716191624.4733150005
[ 1  1  1  1  1  1  1  1  1 -1] [ 3 11 18 19 20 26 27 28 29 44] [12997  8890 10734 10424 13983 10479 10061 10895 11711 13631] [] 1716191624.5163614750
[ 1  1  1  1  1 -1  1  1 -1 -1 -1  1] [ 3 11 18 19 20 21 26 27 28 29 42 44] [ 7944  8127 10391 10038 13845 11763  9261  9896 10982 11713 13863 12788] [] 1716191624.5592470169
[1 1 1 1 1 1 1 1 1 1 1 1] [ 3 11 18 19 20 21 26 27 28 29 42 44] [ 5860  7977  7433  9909 12842 11107  9094  9763 10893 11391 12663 12677] [] 1716191624.6021535397
[ 1  1  1  1  1  1  1  1  1  1  1  1 -1] [ 3 11 18 19 20 21 26 27 28 29 42 44 45] [ 5738  7915  7239  9801 12683 10891  8921  9749 10790 11369 12556 12618
 12258] [] 1716191624.6451745033
[ 1  1  1  1  1  1  1 -1  1  1  1  1  1] [ 3 11 18 19 20 21 26 27 28 29 42 44 45] [ 5581  7783  6562  8566 12100 10585  7730  9827 10765 11167 11414 12315
  8223] [] 1716191624.6881575584
[ 1  1  1  1  1  1  1 -1  1  1  1  1  1] [ 3 11 18 19 20 21 26 27 28 29 42 44 45] [ 5413  7710  6326  7704 11630 10570  6585  9933 10732 10948 11147 12157
  6939] [] 1716191624.7311751842
[ 1 -1  1  1  1  1  1 -1  1  1 -1  1 -1  1] [ 3 11 18 19 20 21 26 27 28 29 36 42 44 45] [ 5355  7740  6253  7618 11326 10507  6216  9942 10705 10806 15593 10617
 12227  6543] [] 1716191624.7741768360
[ 1  1  1  1  1  1  1  1  1  1  1  1 -1 -1 -1] [ 3 11 18 19 20 21 26 27 28 29 36 42 44 45 53] [ 5295  7671  5555  7537 11212 10311  5862  8697 10623 10638 14519  9292
 12267  6737 10941] [] 1716191624.8171536922
[ 1  1  1  1  1  1  1  1  1  1  1  1 -1  1  1] [ 3 11 18 19 20 21 26 27 28 29 36 42 44 45 53] [ 4339  7588  5397  7309 11038 10129  5269  8372 10618 10594 13516  7965
 12336  6698  7766] [] 1716191624.8601522446
[ 1 -1 -1  1  1 -1  1  1  1 -1  1 -1 -1  1  1 -1  1  1] [ 3 10 11 18 19 20 21 26 27 28 29 34 35 36 42 44 45 53] [ 4270 15136  7683  5104  7251 11058 10068  5109  8222 10651 10368 11864
 14172 13338  6773 12389  6589  7587] [] 1716191624.9033815861
[ 1  1  1  1  1  1 -1  1  1  1  1  1  1  1  1  1  1  1] [ 3 10 11 18 19 20 21 26 27 28 29 34 35 36 42 44 45 53] [ 4227 13253  7617  4991  7136 10665 10127  4806  8148 10630 10320 11571
 10292 13132  6053 10980  6383  7254] [] 1716191624.9463350773
[ 1  1  1  1  1  1  1  1  1  1  1  1  1  1  1  1 -1 -1 -1 -1] [ 3 10 11 18 19 20 21 26 27 28 29 34 35 36 42 44 45 51 53 61] [ 4154 12906  7555  4588  6821  8575 10116  4591  7919  9127 10274 11416
  9848 12330  5563  9342  6607 12708  7811  7713] [] 1716191624.9893729687
[-1 -1  1  1  1  1  1  1  1 -1  1  1  1  1  1  1  1  1  1  1  1] [ 3  4 10 11 18 19 20 21 26 27 28 29 34 35 36 42 44 45 51 53 61] [ 4189 12748 12380  7252  4101  6224  8561  9821  4433  7924  7815 10184
  8858  9705 12163  5316  6419  6497 11602  7322  7393] [] 1716191625.0323066711
[-1  1  1  1  1  1  1  1  1  1  1  1  1 -1  1 -1  1  1  1  1  1  1] [ 3  4 10 11 18 19 20 21 26 27 28 29 34 35 36 37 42 44 45 51 53 61] [ 4203 12583 11123  7064  4010  6130  8104  9745  4198  7731  7361 10177
  8629 10326 11873 16379  5301  5946  6373 11506  6950  7165] [] 1716191625.0753190517
[ 1  1  1  1  1  1  1 -1 -1  1  1  1  1  1 -1  1  1  1  1 -1 -1  1  1  1] [ 3  4 10 11 18 19 20 21 23 26 27 28 29 34 35 36 37 42 44 45 46 51 53 61] [ 4124 11839  9241  7056  3887  5739  7584  9832 15234  4029  6584  6115
 10174  8548 10970 11680 12793  5161  5051  6546 12313 10896  6863  7115] [] 1716191625.1183669567
[ 1  1  1 -1  1  1 -1  1  1  1  1  1  1  1  1  1  1  1  1 -1  1 -1  1  1
 -1 -1] [ 3  4 10 11 18 19 20 21 23 26 27 28 29 34 35 36 37 42 44 45 46 47 51 53
 54 61] [ 4083 10915  8972  7263  3681  5623  7599  9770 13668  3907  6546  5507
 10046  8498  9210  9651 10284  4707  4843  6652  9263 13571  8615  6639
 12631  7231] [] 1716191625.1613824368
[ 1 -1  1  1  1  1  1 -1  1  1  1  1 -1 -1  1  1  1  1  1  1  1  1  1  1
  1  1] [ 3  4 10 11 18 19 20 21 23 26 27 28 29 34 35 36 37 42 44 45 46 47 51 53
 54 61] [ 4070 11074  8306  6394  3533  5583  7359  9781 13136  3783  6361  5049
 10097  8535  8743  9380 10049  4526  4573  6530  8917 11466  8413  6092
 12503  6977] [] 1716191625.2042717934
[ 1 -1  1 -1  1  1 -1 -1 -1  1  1  1  1  1  1  1  1  1  1  1  1  1 -1 -1
  1  1  1] [ 3  4 10 11 18 19 20 21 23 26 27 28 29 34 35 36 37 42 44 45 46 47 50 51
 53 54 61] [ 4033 11546  8160  6425  3490  5455  7463  9830 13208  3721  6275  4610
 10008  8407  8667  9087  9966  4472  4438  6517  8827  9699 10291  8501
  5582 11841  6918] [] 1716191625.2472288609
[ 1 -1  1  1  1  1  1 -1 -1  1  1  1  1 -1 -1  1  1  1  1  1  1  1  1  1
 -1  1  1  1] [ 3  4 10 11 18 19 20 21 23 26 27 28 29 34 35 36 37 42 44 45 46 47 50 51
 52 53 54 61] [ 4001 12638  8006  5520  3391  5058  7047  9832 13800  3631  6261  4157
  9808  8485  8821  7762  9678  4096  4211  6342  8583  8294 10211  8366
 16089  5367  6705  6820] [] 1716191625.2901976109
[1 1 1 1 1 1 1 1 1 1 1 1 1 1 1 1 1 1 1 1 1 1 1 1 1 1 1 1] [ 3  4 10 11 18 19 20 21 23 26 27 28 29 34 35 36 37 42 44 45 46 47 50 51
 52 53 54 61] [ 3987 12603  7822  5235  3311  4629  6557  9809 13730  3487  6130  3935
  8273  7865  8765  7555  9532  4012  4119  6216  8355  7676 10056  8201
 15775  5091  6561  6716] [] 1716191625.3332090378
[-1  1  1  1  1  1  1  1 -1  1  1  1  1  1 -1  1  1 -1  1  1  1  1  1  1
  1  1  1  1  1] [ 3  4 10 11 18 19 20 21 23 26 27 28 29 34 35 36 37 38 42 44 45 46 47 50
 51 52 53 54 61] [ 4039 11879  7766  4769  3221  4392  6365  9805 14000  3412  6079  3734
  8178  7432  9693  6812  9484 14116  3764  3827  5730  7083  6621 10020
  8189 12877  5006  6384  6595] [] 1716191625.3762593269
[-1  1  1  1  1  1  1  1 -1  1  1  1  1  1  1  1 -1  1  1  1  1  1  1  1
  1  1 -1  1  1  1] [ 1  3  4 10 11 18 19 20 21 23 26 27 28 29 34 35 36 37 38 42 44 45 46 47
 50 51 52 53 54 61] [16134  3877 11149  6603  4344  3187  4200  6285  9833 13512  3348  5703
  3486  8127  6718  8442  6847  8856 14015  3474  3695  5682  6903  5848
  9881  7507 13428  4725  6358  6498] [] 1716191625.4193599224
[ 1  1 -1  1  1  1  1  1 -1  1  1  1  1  1 -1  1  1  1  1  1  1  1  1 -1
  1  1 -1  1  1 -1 -1  1] [ 1  3  4 10 11 18 19 20 21 23 26 27 28 29 32 34 35 36 37 38 42 44 45 46
 47 50 51 52 53 54 55 61] [15871  3863 11165  6385  3899  3114  4043  6117  9881 13344  3273  5366
  3353  8116 11600  6398  7863  5375  8801 13846  3302  3675  5291  6967
  5641  8680  7551 11975  4569  6402 11341  6445] [] 1716191625.4623482227
[ 1  1  1  1  1 -1  1  1  1 -1 -1  1  1  1  1  1  1 -1  1 -1 -1  1  1  1
  1  1  1  1  1  1 -1  1  1] [ 1  3  4 10 11 15 18 19 20 21 23 26 27 28 29 32 34 35 36 37 38 42 44 45
 46 47 50 51 52 53 54 55 61] [15799  3419 10654  6276  3641 15887  3103  3938  6036  9936 13388  3158
  5240  3266  5982 11421  6393  7864  5056  8888 14059  3249  3567  5184
  6910  5356  8456  7124 11279  4392  6458  8496  6380] [] 1716191625.5054368973
[ 1  1  1  1  1  1  1  1  1 -1  1  1  1  1  1  1  1  1  1 -1  1  1  1  1
  1  1  1  1  1  1  1  1  1] [ 1  3  4 10 11 15 18 19 20 21 23 26 27 28 29 32 34 35 36 37 38 42 44 45
 46 47 50 51 52 53 54 55 61] [15628  3339 10578  6084  3234 14859  3017  3810  5630  9971 13356  2983
  5027  3113  5553 11168  6266  7747  4719  9056 13841  3080  3407  4894
  5715  4706  8355  6954 11131  4268  6201  7234  6313] [] 1716191625.5483567715
[ 1  1  1  1  1  1  1  1  1 -1  1  1  1  1  1  1  1  1  1  1  1  1  1  1
 -1  1 -1  1  1  1  1  1 -1 -1] [ 1  3  4 10 11 15 18 19 20 21 23 26 27 28 29 32 34 35 36 37 38 42 44 45
 46 47 50 51 52 53 54 55 60 61] [15534  3119 10358  5980  3071 14663  2965  3704  5143 10061 13264  2942
  4953  3037  5057 11108  6195  7427  4589  8937  9795  2970  3355  4701
  5733  4593  8550  5975 10539  4220  5851  6526 12700  6355] [] 1716191625.5912675858
[ 1  1  1  1  1  1 -1  1  1 -1  1  1  1  1  1  1  1 -1  1  1 -1  1  1  1
  1  1  1  1  1  1  1  1  1  1] [ 1  3  4 10 11 15 18 19 20 21 23 26 27 28 29 32 34 35 36 37 38 42 44 45
 46 47 50 51 52 53 54 55 60 61] [15426  2975 10062  5558  2915 14527  2992  3601  4917 10128 13105  2848
  4856  2951  4788 11075  5915  7442  4383  8501 11202  2888  3333  4558
  5668  4554  8485  5829  9761  4102  5788  6013 12621  6313] [] 1716191625.6341912746
[ 1  1  1  1  1  1  1  1  1  1  1  1  1  1  1 -1 -1  1  1  1  1  1  1  1
  1  1  1  1  1  1 -1  1  1  1] [ 1  3  4 10 11 15 18 19 20 21 23 26 27 28 29 32 34 35 36 37 38 42 44 45
 46 47 50 51 52 53 54 55 60 61] [15285  2923  9717  5288  2878 14221  2943  3581  4452 10029 13027  2825
  4837  2913  4732 11177  5941  7348  4120  8370 10312  2790  3211  4343
  5619  4178  8400  5699  9500  3800  5806  5109  9962  6245] [] 1716191625.6772742271
[-1  1  1  1  1  1  1  1  1 -1  1  1  1  1  1  1  1  1  1 -1  1  1  1  1
  1  1 -1  1  1  1  1  1  1  1] [ 1  3  4 10 11 15 18 19 20 21 23 26 27 28 29 32 34 35 36 37 38 42 44 45
 46 47 50 51 52 53 54 55 60 61] [15356  2847  9313  5014  2681 13943  2831  3438  4438 10193 12956  2759
  4687  2817  4443 11071  5911  7218  4014  8527  8635  2669  3195  4174
  5541  4016  8411  5564  9078  3668  5639  4626  8854  6198] [] 1716191625.7202308178
[-1  1  1  1  1  1  1  1 -1  1  1  1 -1  1  1  1  1  1  1  1  1  1  1  1
  1  1  1  1 -1  1  1  1  1  1] [ 1  3  4 10 11 15 18 19 20 21 23 26 27 28 29 32 34 35 36 37 38 42 44 45
 46 47 50 51 52 53 54 55 60 61] [16040  2778  9127  4498  2603 13749  2755  3354  4507 10053 12949  2725
  4717  2738  4281 10862  5752  7036  3770  8266  8183  2653  3131  4047
  5466  3947  8372  5523  9093  3509  5577  4606  8707  6168] [] 1716191625.7632396221
[ 1 -1 -1  1  1  1  1 -1  1  1 -1 -1  1  1  1  1  1  1 -1  1  1  1  1  1
  1  1 -1  1  1  1  1  1  1 -1] [ 1  3  4 10 11 15 18 19 20 21 23 26 27 28 29 32 34 35 36 37 38 42 44 45
 46 47 50 51 52 53 54 55 60 61] [16027  2799  9128  4496  2563 13715  2732  3391  4460  9946 13056  2751
  4703  2700  4241 10638  5719  6993  3809  8174  8102  2636  3103  3946
  5415  3780  8415  5466  9068  3485  5560  4538  8631  6209] [] 1716191625.8063626289
[ 1  1  1  1  1  1  1  1  1 -1  1  1  1  1  1  1  1  1  1  1 -1  1 -1 -1
  1  1  1 -1  1 -1 -1  1  1  1] [ 1  3  4 10 11 15 18 19 20 21 23 26 27 28 29 32 34 35 36 37 38 42 44 45
 46 47 50 51 52 53 54 55 60 61] [15915  2779  9103  4448  2523 13591  2719  3321  4346  9964 12944  2751
  4666  2684  4230 10194  5718  6650  3775  8044  8108  2614  3165  3958
  5415  3738  8341  5515  9057  3522  5667  4476  8548  6118] [] 1716191625.8493845463
[-1 -1 -1  1 -1 -1 -1  1  1  1 -1 -1  1  1 -1  1  1 -1  1  1 -1  1  1 -1
  1 -1  1  1  1  1  1  1 -1  1 -1] [ 1  2  3  4 10 11 15 18 19 20 21 23 26 27 28 29 32 34 35 36 37 38 42 44
 45 46 47 50 51 52 53 54 55 60 61] [16131 14232  2782  9012  4522  2559 13647  2717  3296  4311  9990 13221
  2701  4666  2711  4229  9745  5756  6440  3731  8071  8064  2602  3205
  3935  5419  3737  8333  5445  9026  3481  5615  4532  8411  6121] [] 1716191625.8924047947
[-1 -1  1  1  1  1  1  1  1  1  1  1  1  1  1  1  1  1 -1  1  1 -1 -1  1
 -1 -1 -1  1 -1  1 -1 -1 -1 -1 -1] [ 1  2  3  4 10 11 15 18 19 20 21 23 26 27 28 29 32 34 35 36 37 38 42 44
 45 46 47 50 51 52 53 54 55 60 61] [16314 14264  2773  8991  4468  2515 13619  2707  3293  4304  9932 13200
  2695  4652  2666  4223  9703  5753  6482  3723  8009  9762  2644  3159
  3975  5423  3918  8308  5487  9014  3541  5625  4892  9686  6136] [] 1716191625.9354133606
[ 1 -1 -1 -1 -1  1  1 -1 -1  1  1 -1  1 -1 -1  1  1 -1 -1 -1  1 -1 -1 -1
 -1 -1  1 -1 -1 -1 -1 -1 -1 -1] [ 1  3  4 10 11 15 18 19 20 21 23 26 27 28 29 32 34 35 36 37 38 42 44 45
 46 47 50 51 52 53 54 55 60 61] [16095  2806  9015  4738  2536 13491  2705  3309  4461  9880 13008  2725
  4633  2688  4230  9674  5735  6938  3759  8080  9695  2733  3252  4098
  5439  4259  8083  5615  9348  3826  5655  6090 12509  6229] [] 1716191625.9784064293
[ 1 -1  1 -1 -1 -1 -1 -1 -1  1  1 -1 -1 -1 -1 -1 -1  1 -1  1 -1 -1 -1 -1
 -1 -1 -1 -1 -1 -1 -1 -1  1] [ 1  3  4 10 11 15 18 19 20 21 23 26 27 28 29 32 34 35 36 37 38 42 44 45
 46 47 50 51 52 53 54 55 61] [15999  2859  8969  4924  2601 13647  2717  3356  4476  9816 12982  2761
  4670  2733  4248 10641  5803  6925  3941  7996  9722  2792  3382  4249
  5653  4514  8255  6711  9495  3916  6007  6759  6102] [] 1716191626.0213685036
[ 1 -1 -1 -1 -1 -1 -1 -1 -1  1 -1  1 -1 -1 -1  1 -1 -1  1  1 -1 -1 -1 -1
  1 -1 -1 -1 -1 -1 -1 -1 -1] [ 1  3  4 10 11 15 18 19 20 21 23 26 27 28 29 32 34 35 36 37 38 42 44 45
 46 47 50 51 52 53 54 55 61] [15829  2912  8976  5260  2770 14087  2723  3454  4633  9816 13189  2734
  4691  2763  4338 10486  5883  6934  3930  7885 10187  2804  3415  4477
  5629  4584  8450  6789  9666  3989  6098  7053  6154] [] 1716191626.0643908978
[-1 -1 -1 -1 -1 -1 -1 -1  1  1  1 -1 -1 -1 -1  1  1  1 -1  1 -1 -1 -1 -1
 -1 -1 -1  1 -1 -1  1  1] [ 1  3  4 10 11 15 18 19 20 21 23 26 27 28 29 32 34 35 36 37 38 42 44 45
 46 47 50 51 52 53 54 61] [15951  2943  8979  5618  2831 14183  2774  3531  4584  9781 13141  2769
  4702  2799  4409 10485  5871  6885  3975  7873 13626  2978  3455  4760
  6581  4748  8592  6788 10861  4068  5937  6151] [] 1716191626.1073362827
[ 1 -1 -1 -1 -1 -1 -1 -1 -1  1  1 -1 -1 -1 -1 -1 -1  1 -1  1  1 -1 -1 -1
 -1 -1 -1 -1 -1 -1 -1 -1] [ 1  3  4 10 11 15 18 19 20 21 23 26 27 28 29 32 34 35 36 37 38 42 44 45
 46 47 50 51 52 53 54 61] [15763  3213  8985  5856  2961 14479  2833  3558  4992  9780 13111  2951
  4706  2887  4626 10588  6095  6872  4070  7623 13566  3160  3567  5106
  6706  5098  9733  7111 11535  4392  6113  6306] [] 1716191626.1503772736
[ 1 -1  1 -1 -1 -1 -1 -1 -1  1  1 -1 -1 -1 -1 -1 -1 -1 -1 -1 -1 -1 -1 -1
 -1 -1 -1 -1 -1 -1 -1] [ 1  3  4 10 11 15 18 19 20 21 23 26 27 28 29 34 35 36 37 38 42 44 45 46
 47 50 51 52 53 54 61] [15715  3464  8955  6612  3198 15007  2903  3632  5410  9648 13105  2965
  4847  2988  8012  6174  6950  4184  7722 13683  3280  3623  5261  6836
  5864  9937  7762 11811  4552  6332  6427] [] 1716191626.1933417320
[ 1 -1 -1 -1 -1 -1 -1  1  1  1 -1 -1 -1 -1 -1 -1 -1 -1 -1 -1 -1 -1 -1 -1
 -1 -1 -1 -1 -1 -1] [ 1  3  4 10 11 18 19 20 21 23 26 27 28 29 34 35 36 37 38 42 44 45 46 47
 50 51 52 53 54 61] [15457  3767  8967  6640  3661  2975  3712  5372  9601 13064  3055  4873
  3111  8022  6203  6956  4450  7783 14118  3672  3815  5445  8027  7146
 10247  7981 13109  4972  7707  6646] [] 1716191626.2366502285
[-1 -1 -1 -1 -1 -1 -1 -1  1 -1 -1 -1 -1  1 -1 -1 -1 -1 -1 -1 -1 -1 -1  1
 -1 -1 -1 -1] [ 1  3  4 10 11 18 19 20 21 23 26 27 28 29 34 35 36 37 42 44 45 46 47 51
 52 53 54 61] [15488  3816  9007  6889  4227  3031  3906  5526  9500 13089  3179  5100
  3315  7881  6295  8393  5155  8159  3848  3985  6146  8105  7754  7725
 15032  5132 11808  6771] [] 1716191626.2791800499
[ 1 -1 -1 -1 -1  1 -1 -1  1  1 -1 -1 -1 -1 -1 -1 -1 -1 -1 -1  1  1 -1 -1
  1] [ 1  3  4 10 11 18 19 20 21 23 26 27 28 29 34 35 36 37 42 44 45 46 51 53
 61] [15336  3917  9010  7055  4655  3018  3969  5550  9416 13064  3271  5237
  3460  7898  6837  8446  5365  8170  4012  4095  5982  8019  7758  5238
  6634] [] 1716191626.3221693039
[-1 -1 -1 -1 -1 -1 -1 -1  1  1 -1 -1 -1 -1 -1  1 -1 -1 -1 -1 -1 -1 -1 -1
 -1] [ 1  3  4 10 11 18 19 20 21 23 26 27 28 29 34 35 36 37 42 44 45 46 51 53
 61] [15595  3949  9045  7368  5165  3155  4197  5642  9410 12990  3471  5347
  3790  7928  8075  8251  6104  8289  4236  4351  6225  8153  8141  5421
  6737] [] 1716191626.3651478291
[-1 -1 -1 -1 -1 -1 -1 -1  1 -1 -1 -1 -1 -1 -1 -1 -1 -1 -1 -1 -1 -1 -1 -1
 -1] [ 1  3  4 10 11 18 19 20 21 23 26 27 28 29 34 35 36 37 42 44 45 46 51 53
 61] [16001  3999  9139  7530  5503  3245  4598  5774  9406 13012  3551  6181
  4350  7950  8297  8549  7257  9037  4720  4890  6455 11406  8604  5797
  7068] [] 1716191626.4081697464
[ 1 -1 -1 -1 -1 -1 -1 -1 -1 -1 -1 -1 -1 -1 -1 -1 -1 -1 -1  1 -1 -1 -1 -1] [ 3  4 10 11 18 19 20 21 23 26 27 28 29 34 35 36 37 42 44 45 46 51 53 61] [ 3987  9291  7895  6337  3312  5105  6095  9429 13120  3746  6389  4961
  9329  8599  8698  8149  9804  4773  4943  6400 15271  9542  5920  7142] [] 1716191626.4511611462
[ 1 -1 -1 -1 -1 -1 -1 -1  1 -1 -1 -1 -1  1 -1 -1 -1 -1 -1 -1 -1 -1 -1] [ 3  4 10 11 18 19 20 21 23 26 27 28 29 34 35 36 37 42 44 45 51 53 61] [ 3980  9300  8014  6935  3397  5183  6401  9457 13012  3813  6494  5287
  9359  8595  8819  8383  9938  4846  5575  6470 11249  6783  7320] [] 1716191626.4942877293
[-1 -1 -1 -1 -1 -1 -1 -1  1 -1 -1 -1 -1 -1 -1 -1 -1 -1 -1  1  1] [ 3  4 10 11 18 19 20 21 23 26 27 28 29 34 35 36 37 42 44 45 53] [ 4031  9374  8603  7072  3621  5376  6450  9560 12938  4037  6859  5848
  9751  8788  8918  9034 11903  4989  9957  6279  6346] [] 1716191626.5372710228
[-1 -1 -1 -1 -1 -1 -1 -1 -1 -1 -1 -1 -1 -1 -1 -1 -1 -1 -1 -1] [ 3  4 10 11 18 19 20 21 23 26 27 28 29 34 35 36 42 44 45 53] [ 4059  9927  8729  7373  3935  5806  6539  9598 12992  4299  7058  7293
  9822  8866  9518 10861  6038 12133  6481  6928] [] 1716191626.5803158283
[-1  1 -1 -1 -1 -1 -1 -1 -1 -1 -1 -1 -1 -1 -1 -1 -1 -1 -1 -1] [ 3  4 10 11 18 19 20 21 23 26 27 28 29 34 35 36 42 44 45 53] [ 4155  9740 10832  7409  4095  6111  7731  9665 13480  4579  7157  8629
  9871  8966  9818 11257  7581 12232  6611  8855] [] 1716191626.6232383251
[-1 -1 -1 -1 -1 -1 -1 -1 -1 -1 -1 -1 -1 -1 -1 -1 -1 -1  1 -1] [ 3  4 10 11 18 19 20 21 23 26 27 28 29 34 35 36 42 44 45 53] [ 4179  9929 11357  7421  4396  6702  8241  9737 13802  4779  7288  9404
  9940 11587  9893 11427  8719 12438  6475 13297] [] 1716191626.6662821770
[-1 -1 -1 -1 -1 -1 -1 -1 -1 -1 -1 -1 -1 -1 -1 -1 -1 -1] [ 3  4 10 11 18 19 20 21 26 27 28 29 34 35 36 42 44 45] [ 4209 10765 14160  7427  4851  6860 10502  9886  5114  7477 10321 10148
 11773  9949 12731 10071 12592  6537] [] 1716191626.7092838287
[-1 -1 -1 -1 -1 -1  1 -1 -1 -1 -1 -1 -1 -1 -1 -1 -1] [ 3  4 10 11 18 19 20 21 26 27 28 29 35 36 42 44 45] [ 4662 11117 14898  7591  5311  7231 10495 10117  5721  7583 10496 10426
 10210 12741 10247 12676  6696] [] 1716191626.7523326874
[-1  1  1 -1 -1 -1 -1 -1 -1  1 -1 -1 -1 -1 -1] [ 3  4 11 18 19 20 21 26 27 28 29 36 42 44 45] [ 5176  9719  7495  5315  7290 10597 10249  6012  7622 10389 10560 13161
 11533 12752  8399] [] 1716191626.7953362465
[-1  1 -1 -1 -1 -1 -1 -1 -1  1 -1 -1  1] [ 3  4 11 18 19 20 21 26 27 28 29 42 44] [ 5311  9715  7606  6101  8911 10999 10575  8306  8750 10143 10761 13266
 12547] [] 1716191626.8382613659
[-1 -1 -1 -1 -1 -1 -1 -1 -1  1 -1] [ 3 11 18 19 20 21 26 27 28 29 44] [ 5374  7712  6951  9473 11193 10741  8538  8910 10146 10679 12695] [] 1716191626.8812110424
[-1 -1 -1 -1 -1 -1 -1 -1 -1 -1 -1] [ 3 11 18 19 20 21 26 27 28 29 44] [ 5652  7833  7062  9535 11646 11040  8629  9136 10332 10705 16234] [] 1716191626.9243273735
[-1 -1 -1 -1 -1 -1 -1  1 -1  1] [ 3 11 18 19 20 21 26 27 28 29] [ 7389  7917  7883  9591 12009 11075 12719  9016 10341 10690] [] 1716191626.9672582150
[-1  1 -1 -1  1 -1 -1 -1  1] [ 3 11 18 19 20 26 27 28 29] [ 7403  7895 10245  9627 11754 13752  9120 10401 10526] [] 1716191627.0102958679
[-1 -1 -1 -1 -1 -1 -1 -1] [ 3 11 18 19 20 27 28 29] [ 7747  8727 10606  9829 12465 11181 10631 11032] [] 1716191627.0532450676
[ 1 -1 -1 -1  1  1 -1] [11 18 19 20 27 28 29] [ 8622 10750 10163 13051 11032 10582 11327] [] 1716191627.0962812901
[1 1 1] [11 27 28] [ 8386 10518 10103] [] 1716191627.1393759251
[-1 -1 -1] [11 27 28] [ 8448 10734 10415] [] 1716191627.1819756031
[ 1 -1 -1] [11 27 28] [ 8412 15306 10656] [] 1716191627.2249922752
[-1 -1 -1] [11 27 28] [ 8523 15512 10934] [] 1716191627.2680056095
[-1 -1 -1] [11 27 28] [ 8673 16150 11150] [] 1716191627.3109755516
[-1  1] [11 27] [ 8748 16074] [] 1716191627.3539760113
[1] [11] [8644] [] 1716191627.3969347477
[-1] [11] [8918] [] 1716191627.4399743080
[-1] [11] [10821] [] 1716191627.4829435349
2 2 2 1716191627.6211750507
