FA TAX ADC PRES TS
[-1] [11] [10308] [] 1716191639.6405575275
[1] [11] [9770] [] 1716191639.6835632324
[1] [11] [9094] [] 1716191639.7266011238
[-1 -1] [11 28] [ 9241 12678] [] 1716191639.7695672512
[1 1] [11 28] [ 9071 11407] [] 1716191639.8126070499
[1 1] [11 28] [ 8846 11023] [] 1716191639.8555335999
[-1 -1 -1 -1] [11 19 28 42] [ 8913 11265 11056 12899] [] 1716191639.8985483646
[-1  1  1  1] [11 19 28 42] [ 8922 10653 10834 11881] [] 1716191639.9415435791
[ 1  1  1 -1] [11 19 28 42] [ 8833 10134 10797 12060] [] 1716191639.9845767021
[ 1  1 -1 -1  1] [11 19 27 28 42] [ 8741  9597 13181 10807 12026] [] 1716191640.0276925564
[1 1 1 1 1] [11 19 27 28 42] [ 8698  9464 12724 10716 11853] [] 1716191640.0706877708
[-1 -1 -1 -1  1 -1  1] [ 2  3 11 19 27 28 42] [15720 13201  8741  9603 12379 10849 11774] [] 1716191640.1135561466
[ 1  1 -1  1 -1  1  1 -1] [ 2  3 11 19 20 27 28 42] [15457  8467  8770  9538 15503 12369 10831 12073] [] 1716191640.1566531658
[1 1 1 1 1 1 1 1] [ 2  3 11 19 20 27 28 42] [15040  5873  8739  9490 14075 12347 10672 11482] [] 1716191640.1995716095
[ 1  1 -1  1  1 -1  1 -1  1 -1] [ 2  3 11 19 20 26 27 28 42 45] [14159  5736  8871  9483 13464 12927 12230 11004  9758 11618] [] 1716191640.2425901890
[-1 -1 -1 -1 -1 -1 -1  1 -1 -1 -1  1  1] [ 2  3 10 11 18 19 20 26 27 28 29 42 45] [14354  5846 16327  8972 11904  9888 13481 11435 12430 11277 12388  8719
  9118] [] 1716191640.2855746746
[ 1  1  1 -1  1  1  1 -1  1 -1  1  1  1 -1  1] [ 2  3 10 11 18 19 20 21 26 27 28 29 42 44 45] [14225  5711 13937  9060 11138  9743 13159 12350 11326 12553 11023 11725
  7547 13421  8311] [] 1716191640.3286108971
[-1  1  1  1  1  1  1  1  1  1 -1  1  1  1  1] [ 2  3 10 11 18 19 20 21 26 27 28 29 42 44 45] [14561  5474 13846  8905 10827  9381 12906 11621 10959 12380 11054 11285
  6551 13091  8031] [] 1716191640.3715894222
[-1  1  1  1  1  1  1  1  1 -1  1  1  1  1  1] [ 2  3 10 11 18 19 20 21 26 27 28 29 42 44 45] [14650  5331 13525  8902  8179  9054 12380 11138 10835 12453 10925 10976
  6123 12775  7943] [] 1716191640.4145998955
[ 1  1  1  1  1  1  1  1  1 -1  1  1  1  1  1 -1] [ 2  3 10 11 18 19 20 21 26 27 28 29 42 44 45 53] [14613  5232 12746  8866  8078  8205 11485 10783  8986 12536 10794 10631
  5486 12722  7234  9629] [] 1716191640.4575951099
[-1  1  1 -1  1  1  1  1  1 -1  1  1  1  1  1  1] [ 2  3 10 11 18 19 20 21 26 27 28 29 42 44 45 53] [14673  5182 12442  8881  7370  6639 11212 10660  8893 12688 10667 10533
  5332 12607  7032  8057] [] 1716191640.5006215572
[ 1 -1  1  1  1  1  1  1  1  1  1  1  1 -1  1  1] [ 2  3 10 11 18 19 20 21 26 27 28 29 42 44 45 53] [14331  5206 11312  8779  6669  5980 10991 10440  8722 12660 10602 10443
  4917 12611  6751  7880] [] 1716191640.5436077118
[ 1  1  1  1  1  1  1  1  1 -1  1  1  1  1  1  1] [ 2  3 10 11 18 19 20 21 26 27 28 29 42 44 45 53] [14283  4929 10321  8761  6491  5619 10930 10234  8589 12661 10362 10430
  4727 12565  6620  7557] [] 1716191640.5866427422
[ 1  1 -1  1 -1  1  1 -1  1  1  1  1  1  1 -1 -1 -1] [ 2  3 10 11 18 19 20 21 26 27 28 29 42 44 45 53 61] [14202  4217 10391  8713  6497  5227 10531 10250  8390 12555  9484 10042
  4399 10106  6850  8005  8909] [] 1716191640.6296432018
[-1  1  1  1  1  1  1 -1 -1  1  1  1  1 -1  1  1 -1  1  1] [ 2  3 10 11 18 19 20 21 23 26 27 28 29 35 42 44 45 53 61] [14463  4015  8532  8323  6390  5015  9226 10306 14649  8067 11344  7600
  8536 14688  4343  9023  6885  7780  8545] [] 1716191640.6726322174
[1 1 1 1 1 1 1 1 1 1 1 1 1 1 1 1 1 1 1] [ 2  3 10 11 18 19 20 21 23 26 27 28 29 35 42 44 45 53 61] [14084  3926  7798  7804  6289  4953  9130 10216 14402  8009  9282  7427
  8495 14104  3937  7555  6436  7085  7224] [] 1716191640.7156016827
[-1  1  1  1  1  1  1  1  1  1  1  1  1  1  1  1 -1 -1  1 -1  1] [ 2  3 10 11 18 19 20 21 23 26 27 28 29 35 42 44 45 46 53 54 61] [14450  3862  7468  7632  6008  4606  7957 10176 13972  7926  8820  6135
  7430 12895  3574  6728  6618 11667  6388 12387  7037] [] 1716191640.7586522102
[ 1  1  1  1  1  1 -1  1  1  1  1  1  1  1  1  1  1  1  1  1  1] [ 2  3 10 11 18 19 20 21 23 26 27 28 29 35 42 44 45 46 53 54 61] [13149  3837  6883  7580  5826  4252  8086 10116 13325  7735  8620  5320
  6800 12604  3514  5771  6486 11130  6149 12022  6915] [] 1716191640.8016233444
[-1 -1  1  1  1  1  1  1  1 -1 -1  1  1 -1 -1  1  1  1  1  1  1  1] [ 2  3 10 11 18 19 20 21 23 26 27 28 29 34 35 42 44 45 46 53 54 61] [13172  3839  6685  7514  5181  4140  7637 10077 13097  7764  8724  4895
  6683 12011 12765  3364  5013  6421 10907  5722 11701  6719] [] 1716191640.8446226120
[ 1  1  1  1  1  1  1  1  1  1  1  1  1  1  1  1  1  1  1 -1  1  1  1] [ 2  3 10 11 18 19 20 21 23 26 27 28 29 34 35 42 44 45 46 51 53 54 61] [13024  3771  6315  7452  4929  3940  7521  9982 12981  7639  8550  4557
  5143 11417 12485  3238  4609  6077 10616 14516  5411  9387  6604] [] 1716191640.8876283169
[-1  1  1  1  1  1  1  1  1  1 -1  1  1  1  1 -1 -1 -1  1  1  1 -1  1 -1
  1 -1] [ 2  3 10 11 18 19 20 21 23 26 27 28 29 34 35 36 37 42 44 45 46 47 51 53
 54 61] [13209  3735  6126  7430  4829  3849  6625  9909 12911  6719  8611  4309
  4915  8806 10251 14053 16345  3253  4392  5659 10187 11341 12243  5414
  9249  6645] [] 1716191640.9306812286
[-1  1  1  1  1  1  1  1 -1  1  1  1 -1  1  1  1  1  1  1  1  1  1  1  1
 -1  1] [ 2  3 10 11 18 19 20 21 23 26 27 28 29 34 35 36 37 42 44 45 46 47 51 53
 54 61] [13759  3693  5947  7393  4573  3840  6505  9792 12951  6545  8589  4068
  4942  8515  9187 13880 13675  3172  4232  5429  9640  8433  8688  5224
  9284  6534] [] 1716191640.9736764431
[-1  1  1  1 -1  1  1  1 -1  1  1  1  1  1  1  1  1  1  1  1  1  1  1 -1
  1  1  1] [ 2  3 10 11 18 19 20 21 23 26 27 28 29 34 35 36 37 42 44 45 46 47 51 52
 53 54 61] [13987  3597  5908  7343  4598  3744  6360  9792 12985  5845  8535  3801
  4785  8477  9136 13619 13218  2988  4125  5154  8869  7404  8324 12336
  4780  9136  6509] [] 1716191641.0166311264
[ 1  1  1 -1  1  1  1  1 -1  1 -1  1  1  1 -1  1  1 -1  1  1  1  1 -1  1
  1  1  1  1] [ 2  3 10 11 18 19 20 21 23 26 27 28 29 34 35 36 37 42 44 45 46 47 50 51
 52 53 54 61] [12658  3420  5330  7405  4346  3677  5192  9728 13193  5343  8575  3606
  4669  8374  9299 13253 13056  3007  3838  4943  7297  6068 10290  8233
 10623  4711  9036  6429] [] 1716191641.0597221851
[ 1  1  1  1  1  1  1 -1 -1  1  1  1  1  1  1  1  1  1  1  1 -1  1  1  1
 -1  1  1  1] [ 2  3 10 11 18 19 20 21 23 26 27 28 29 34 35 36 37 42 44 45 46 47 50 51
 52 53 54 61] [12600  3214  5048  7303  3974  3624  4759  9738 13249  4994  8557  3427
  4605  8339  9293 12908 12872  2908  3791  4831  7299  5581 10141  8153
 10639  4639  8919  6352] [] 1716191641.1026339531
[ 1 -1  1  1  1  1  1 -1  1  1 -1  1  1  1 -1  1  1  1  1  1  1  1  1  1
  1  1  1  1] [ 2  3 10 11 18 19 20 21 23 26 27 28 29 34 35 36 37 42 44 45 46 47 50 51
 52 53 54 61] [ 9081  3252  4976  7261  3915  3575  4613  9808 13079  4735  8577  3308
  4535  8306  9304 12625 12770  2875  3594  4590  7215  5258  9997  8114
  9753  4464  7167  6222] [] 1716191641.1457540989
[-1  1  1  1  1  1  1  1  1  1  1  1  1 -1  1  1  1  1  1  1  1  1  1 -1
  1 -1  1  1  1] [ 2  3 10 11 18 19 20 21 23 26 27 28 29 33 34 35 36 37 42 44 45 46 47 50
 51 52 53 54 61] [ 9092  3015  4816  6408  3655  3488  4440  9714 13068  4494  8181  3211
  4206 12576  8252  8603 12369 12426  2700  3502  4153  7005  4610 10009
  7934  9947  4296  7027  6091] [] 1716191641.1886377335
[-1  1  1  1  1  1  1  1  1  1  1  1  1  1  1  1  1 -1  1  1  1  1  1  1
  1  1  1  1  1] [ 2  3 10 11 18 19 20 21 23 26 27 28 29 33 34 35 36 37 42 44 45 46 47 50
 51 52 53 54 61] [10535  2835  4424  6097  3416  3350  4221  9666 13044  4206  7685  3055
  4140 12234  8069  6934 12184 12472  2622  3436  3857  6960  4304  9883
  7843  9205  4246  6182  6047] [] 1716191641.2316329479
[ 1  1  1  1  1  1  1 -1 -1  1  1  1  1  1 -1  1 -1  1  1  1  1  1  1  1
  1  1  1  1  1] [ 2  3 10 11 18 19 20 21 23 26 27 28 29 33 34 35 36 37 42 44 45 46 47 50
 51 52 53 54 61] [ 9755  2721  4297  6039  3222  3275  3867  9742 13077  4179  7629  2923
  4087 12191  8097  6581 12271 12416  2611  3348  3818  6900  4255  9794
  6473  9170  4223  6007  6013] [] 1716191641.2746400833
[ 1  1  1  1 -1  1  1  1 -1  1  1  1  1 -1 -1 -1 -1  1 -1 -1  1  1  1 -1
 -1  1  1  1  1 -1 -1 -1] [ 2  3 10 11 15 18 19 20 21 23 26 27 28 29 33 34 35 36 37 38 42 44 45 46
 47 50 51 52 53 54 55 61] [ 9496  2597  4000  5943 14879  3143  3176  3723  9841 13019  4125  7471
  2785  4126 12640  8177  6643 11653 12584 13069  2406  3259  3679  6967
  4379  9543  5941  8399  3713  6078  7730  6072] [] 1716191641.3177075386
[ 1  1  1  1  1  1  1  1 -1  1  1  1  1  1  1  1  1  1  1  1  1  1  1  1
  1  1  1  1 -1  1  1  1] [ 2  3 10 11 15 18 19 20 21 23 26 27 28 29 33 34 35 36 37 38 42 44 45 46
 47 50 51 52 53 54 55 61] [ 9491  2471  3856  5630 14359  2981  3141  3498  9864 13018  3977  6041
  2705  4085 12117  7969  6378 10421 12576 12430  2356  3251  3607  6709
  4217  8230  5908  8246  3728  6009  7028  6047] [] 1716191641.3605899811
[ 1  1 -1  1  1  1  1  1 -1 -1  1  1  1  1  1 -1  1  1 -1  1 -1  1  1  1
  1  1  1  1  1  1  1  1  1] [ 2  3 10 11 15 18 19 20 21 23 26 27 28 29 33 34 35 36 37 38 41 42 44 45
 46 47 50 51 52 53 54 55 61] [ 8500  2413  3876  5503 14251  2949  3113  3496 10003 13099  3908  5853
  2663  4011 12105  8014  6245 10087 12588  9673 16288  2328  3151  3529
  6674  4046  6872  5844  7532  3541  5983  6404  6035] [] 1716191641.4037327766
[-1  1  1 -1  1  1  1  1  1  1 -1  1  1  1  1  1 -1  1  1  1  1  1  1  1
  1  1  1  1  1  1  1  1  1  1] [ 1  2  3 10 11 15 18 19 20 21 23 26 27 28 29 33 34 35 36 37 38 41 42 44
 45 46 47 50 51 52 53 54 55 61] [16154  7167  2390  3892  5052 13885  2922  3082  3388  9984 13161  3835
  5777  2615  3991 12089  8023  6052  9885 12402  8348 15763  2295  2896
  3409  6447  3997  6807  5813  6988  3353  5867  5361  5920] [] 1716191641.4468042850
[ 1  1  1  1  1  1  1  1  1  1  1  1  1  1  1 -1 -1  1  1  1  1  1  1  1
  1  1  1  1 -1  1  1  1  1  1  1] [ 1  2  3 10 11 15 18 19 20 21 23 26 27 28 29 32 33 34 35 36 37 38 41 42
 44 45 46 47 50 51 52 53 54 55 61] [15926  6942  2359  3728  4395 13821  2867  3018  3269  9949 13104  3679
  5686  2461  3948 13708 12132  6033  5740  9489 12202  7841 15415  2174
  2844  3269  6414  3917  6869  5261  6660  3198  5794  4563  5877] [] 1716191641.4897210598
[ 1 -1  1  1  1  1  1  1  1 -1 -1  1 -1  1  1  1 -1  1  1  1 -1  1  1  1
  1  1  1  1  1  1  1  1  1  1  1] [ 1  2  3 10 11 15 18 19 20 21 23 26 27 28 29 32 33 34 35 36 37 38 41 42
 44 45 46 47 50 51 52 53 54 55 61] [15746  8131  2261  3556  3988 13229  2806  2946  3226  9968 13182  3593
  5810  2402  3887 12559 12144  5774  5650  9243 12280  7633 15379  2144
  2842  3191  5641  3804  6765  4888  6338  3152  5487  4246  5836] [] 1716191641.5327160358
[ 1 -1  1  1  1  1  1  1  1 -1  1  1  1  1 -1  1  1 -1 -1  1  1  1  1 -1
  1  1  1  1 -1  1  1  1  1  1  1] [ 1  2  3 10 11 15 18 19 20 21 23 26 27 28 29 32 33 34 35 36 37 38 41 42
 44 45 46 47 50 51 52 53 54 55 61] [15419  8144  2225  3496  3767 13135  2738  2924  3164 10098 13162  3439
  5733  2365  3911 12349 12066  5783  5812  7272 12170  7531 12209  2150
  2773  3154  5628  3744  6837  4847  6134  3100  5482  4123  5812] [] 1716191641.5756967068
[ 1  1 -1  1  1  1  1 -1  1  1  1  1  1  1  1 -1  1  1  1  1 -1  1  1 -1
  1  1  1 -1  1  1  1  1  1 -1 -1 -1] [ 1  2  3 10 11 15 18 19 20 21 23 26 27 28 29 32 33 34 35 36 37 38 41 42
 44 45 46 47 50 51 52 53 54 55 61 62] [15223  7566  2229  3446  3702 13087  2705  2927  3129  8355 12981  3391
  5609  2339  3832 12558 12008  5709  5506  7108 12290  7458 12030  2157
  2754  3139  5611  3761  6794  4847  6080  3097  5432  4132  5831 15936] [] 1716191641.6187822819
[ 1 -1  1  1  1 -1 -1  1 -1 -1 -1  1  1  1  1 -1  1 -1  1  1 -1  1 -1  1
  1  1  1  1  1  1 -1  1  1 -1 -1  1] [ 1  2  3 10 11 15 18 19 20 21 23 26 27 28 29 32 33 34 35 36 37 38 41 42
 44 45 46 47 50 51 52 53 54 55 61 62] [15124  7615  2213  3424  3600 13269  2739  2904  3159  8462 13072  3387
  5475  2307  3823 12581 12008  5723  5464  6976 12352  7453 12043  2155
  2748  3135  5584  3756  6778  4826  6085  3095  5431  4133  5856 15648] [] 1716191641.6617970467
[ 1  1  1 -1  1 -1  1  1  1 -1  1  1  1  1  1  1 -1  1 -1  1 -1  1 -1  1
  1 -1 -1  1  1  1  1  1  1 -1  1] [ 1  2  3 10 11 15 18 19 20 21 23 26 27 28 29 32 33 34 35 36 37 38 41 42
 44 45 46 47 50 51 52 53 54 55 61] [15030  7365  2211  3428  3593 13275  2727  2900  3143  8511 13033  3369
  5462  2294  3799 12475 12009  5699  5570  6932 12524  7352 12115  2122
  2740  3163  5623  3753  6710  4776  6058  3078  5411  4134  5762] [] 1716191641.7046461105
[ 1  1 -1 -1 -1  1 -1  1  1  1  1  1  1  1  1  1 -1 -1  1 -1  1  1 -1 -1
 -1  1 -1 -1  1 -1 -1 -1 -1 -1 -1] [ 1  2  3 10 11 15 18 19 20 21 23 26 27 28 29 32 33 34 35 36 37 38 41 42
 44 45 46 47 50 51 52 53 54 55 61] [14975  7328  2219  3504  3598 13023  2731  2888  3084  8420 13022  3363
  5458  2293  3787 12409 12011  5742  5569  6956 12196  7330 15455  2157
  2772  3143  6334  3791  6577  5079  6154  3089  5690  4754  5821] [] 1716191641.7476625443
[-1 -1 -1 -1 -1 -1  1  1 -1 -1  1 -1  1 -1  1  1  1  1  1 -1  1 -1 -1 -1
 -1 -1 -1 -1 -1 -1 -1 -1 -1 -1 -1] [ 1  2  3 10 11 15 18 19 20 21 23 26 27 28 29 32 33 34 35 36 37 38 41 42
 44 45 46 47 50 51 52 53 54 55 61] [15043  7438  2228  3508  3766 13127  2717  2885  3117  9784 12954  3405
  5432  2318  3781 12255 11957  5731  5560  7454 12149  8428 15695  2195
  2786  3195  6415  3838  6871  5727  6242  3115  5778  5823  5852] [] 1716191641.7906560898
[ 1 -1 -1 -1 -1  1 -1 -1 -1  1 -1 -1 -1 -1 -1 -1  1 -1  1 -1  1 -1  1 -1
 -1  1 -1 -1 -1 -1 -1 -1 -1 -1] [ 1  2  3 10 11 15 18 19 20 21 23 26 27 28 29 32 33 34 35 36 37 38 42 44
 45 46 47 50 51 52 53 54 55 61] [14773  7497  2295  3570  4039 13055  2723  2928  3194  9761 12972  3487
  5482  2359  3807 12787 11911  5775  5458  9037 12058  8801  2188  2823
  3243  6401  3943  6886  5770  6304  3245  5915  6407  5896] [] 1716191641.8336677551
[ 1  1 -1 -1 -1 -1 -1 -1 -1  1  1 -1 -1 -1 -1 -1  1 -1 -1 -1  1 -1 -1 -1
 -1 -1 -1 -1 -1 -1 -1  1 -1 -1] [ 1  2  3 10 11 15 18 19 20 21 23 26 27 28 29 32 33 34 35 36 37 38 42 44
 45 46 47 50 51 52 53 54 55 61] [14725  7315  2315  3624  4287 13101  2749  3017  3222  9707 12944  3511
  5566  2431  3843 13201 11898  6565  5472  9158 11928  8840  2226  2946
  3343  6437  4032  9349  5777  6475  3317  5877  7572  5926] [] 1716191641.8766126633
[-1 -1 -1 -1 -1 -1 -1  1 -1 -1 -1 -1  1 -1 -1 -1 -1 -1 -1 -1 -1 -1 -1 -1
 -1 -1 -1 -1 -1 -1  1  1] [ 1  2  3 10 11 15 18 19 20 21 23 26 27 28 29 33 34 35 36 37 38 42 44 45
 46 47 50 51 52 53 54 61] [14728  7399  2351  3716  4389 13462  2799  3002  3291  9773 12994  3572
  5555  2505  3887 11997  7932  5516  9207 11938 11534  2336  3130  3409
  6558  4079  9488  6245  6941  3450  5815  5896] [] 1716191641.9196577072
[-1 -1 -1 -1 -1 -1 -1 -1 -1  1  1 -1 -1 -1 -1  1 -1 -1 -1  1 -1 -1 -1 -1
 -1  1 -1 -1  1 -1 -1 -1] [ 1  2  3 10 11 15 18 19 20 21 23 26 27 28 29 33 34 35 36 37 38 42 44 45
 46 47 50 51 52 53 54 61] [14762  8533  2476  3816  5237 14443  2860  3041  3579  9508 12822  3792
  5666  2611  3989 11926  7963  5602  9343 11842 12645  2421  3152  3455
  6735  3972  9659  6629  6936  3528  5843  5940] [] 1716191641.9626574516
[ 1  1 -1 -1 -1 -1  1 -1  1  1 -1 -1 -1 -1 -1  1 -1 -1 -1 -1 -1 -1  1 -1
 -1 -1 -1 -1 -1 -1] [ 1  2  3 10 11 18 19 20 21 23 26 27 28 29 33 34 35 36 37 42 44 45 46 47
 50 51 52 53 54 61] [14741  8488  2597  3954  5261  2891  3036  3648  9434 12667  3843  5999
  2659  3994 11984  7910  5741  9383 12030  2623  3217  3805  6726  4292
 10193  7900  7327  3602  5865  6011] [] 1716191642.0056955814
[-1 -1 -1 -1 -1 -1 -1 -1  1 -1 -1 -1 -1 -1 -1 -1 -1 -1 -1 -1 -1 -1 -1 -1
 -1 -1 -1 -1 -1 -1] [ 1  2  3 10 11 18 19 20 21 23 26 27 28 29 33 34 35 36 37 42 44 45 46 47
 50 51 52 53 54 61] [14746  8757  2746  4138  5672  3003  3123  3721  9353 12707  3954  6999
  2765  4054 12161  8052  6744  9637 12115  2703  3285  4009  6849  4639
 10290  7941  7532  3890  6979  6175] [] 1716191642.0486021042
[ 1 -1 -1 -1 -1 -1 -1 -1  1 -1 -1 -1 -1 -1 -1 -1 -1 -1 -1  1 -1 -1 -1 -1
 -1 -1 -1 -1 -1] [ 1  2  3 10 11 18 19 20 21 23 26 27 28 29 33 34 35 36 37 42 44 45 46 47
 51 52 53 54 61] [14736  9332  2931  4390  5779  3225  3174  4075  9323 12784  4063  7134
  2917  4085 12210  8107  6795 10081 12662  2636  3435  4546  6967  5350
  7990  7798  4031  8776  6207] [] 1716191642.0916438103
[-1 -1 -1 -1 -1 -1 -1 -1 -1 -1 -1 -1 -1 -1 -1 -1 -1 -1 -1 -1 -1 -1 -1 -1
 -1 -1 -1 -1 -1] [ 1  2  3 10 11 18 19 20 21 23 26 27 28 29 33 34 35 36 37 42 44 45 46 47
 51 52 53 54 61] [15376  9719  3079  4582  5818  3316  3295  4116  9380 12836  4172  7436
  2997  4363 12222  8195  7222 11159 12696  2748  3570  4731  7118  6099
  8045  8656  4180  8960  6327] [] 1716191642.1346578598
[-1 -1 -1 -1 -1 -1 -1 -1 -1 -1 -1 -1 -1 -1 -1 -1 -1 -1 -1 -1 -1 -1 -1 -1
 -1 -1 -1 -1 -1] [ 1  2  3 10 11 18 19 20 21 23 26 27 28 29 33 34 35 36 37 42 44 45 46 47
 51 52 53 54 61] [15943 13894  3217  4888  6284  3459  3344  4352  9452 12884  4650  8188
  3223  4455 12477  8209  9121 11570 12752  2961  3825  4949  8026 11221
  8259 11039  4508  9143  6478] [] 1716191642.1776232719
[-1 -1 -1 -1 -1 -1 -1  1 -1 -1 -1 -1 -1 -1 -1 -1 -1 -1 -1 -1 -1 -1 -1 -1
 -1  1] [ 2  3 10 11 18 19 20 21 23 26 27 28 29 34 35 36 37 42 44 45 46 51 52 53
 54 61] [15390  3487  5408  6989  3823  3501  4800  9409 13054  5037  8252  3423
  4578  8288  9147 12209 12838  3059  4008  5104  8035 10788 15117  4841
 11560  6450] [] 1716191642.2206106186
[ 1 -1 -1 -1 -1  1 -1 -1  1 -1 -1 -1 -1 -1  1 -1 -1  1 -1 -1 -1 -1  1 -1
  1] [ 2  3 10 11 18 19 20 21 23 26 27 28 29 34 35 36 37 42 44 45 46 51 53 54
 61] [15246  3571  5552  7131  4164  3499  5282  9497 12947  5468  8346  3499
  4706  8370  9043 12482 12982  3042  4082  5431  9392 13579  4794 11579
  6436] [] 1716191642.2635958195
[-1  1 -1 -1 -1 -1 -1  1  1 -1 -1 -1 -1 -1  1 -1 -1 -1 -1 -1 -1 -1 -1 -1] [ 2  3 10 11 18 19 20 21 23 26 27 28 29 34 35 36 37 42 44 45 46 53 54 61] [15722  3565  5623  7325  4390  3512  6143  9452 12931  6366  8352  3703
  4788  8378  8980 12691 13183  3284  4438  6122 10783  5436 12080  6817] [] 1716191642.3066034317
[-1 -1 -1 -1 -1 -1 -1 -1 -1 -1 -1 -1 -1 -1 -1 -1 -1 -1  1 -1  1] [ 2  3 10 11 18 19 20 21 23 26 27 28 29 34 35 36 42 44 45 53 61] [15970  3610  5833  7379  4757  3656  7038  9611 12985  7497  8382  4101
  4924  8920  9082 13250  3390  5090  5951  5612  6736] [] 1716191642.3498699665
[ 1 -1 -1 -1 -1 -1 -1 -1 -1 -1 -1 -1 -1 -1 -1 -1 -1 -1 -1 -1] [ 2  3 10 11 18 19 20 21 23 26 27 28 29 34 35 42 44 45 53 61] [14638  3711  6066  7389  4957  3748  7165  9622 13113  7674  8409  4782
  5447 11634  9322  3673  6107  6101  6032  7017] [] 1716191642.3927550316
[ 1  1 -1 -1 -1 -1 -1 -1  1 -1  1 -1 -1 -1  1 -1 -1 -1  1] [ 2  3 10 11 18 19 20 21 23 26 27 28 29 34 35 42 44 45 53] [14451  3701  6419  7432  5716  3864  7383  9743 13047  7681  8409  5110
  5903 11731  9247  3836  7047  6261  5942] [] 1716191642.4356751442
[-1 -1 -1 -1 -1 -1 -1 -1 -1 -1  1 -1 -1 -1 -1 -1 -1 -1] [ 2  3 10 11 18 19 20 21 23 26 27 28 29 35 42 44 45 53] [15932  3708  6468  7487  5847  4093  7410  9783 13097  7790  8407  6689
  6549  9406  4082 10059  6571  6740] [] 1716191642.4785974026
[-1 -1 -1 -1 -1 -1 -1 -1 -1 -1 -1 -1 -1 -1 -1 -1 -1 -1] [ 2  3 10 11 18 19 20 21 23 26 27 28 29 35 42 44 45 53] [16018  3811  6751  7531  6010  4579  8166  9959 13257  7878  8543  8409
  8436 13670  4529 12147  6735  7273] [] 1716191642.5216476917
[ 1 -1 -1 -1 -1 -1 -1 -1 -1 -1 -1 -1 -1 -1 -1 -1 -1 -1] [ 2  3 10 11 18 19 20 21 23 26 27 28 29 35 42 44 45 53] [15993  3831  7197  7561  6305  4900  9876 10122 14670  8172  8726  9281
  9926 14055  4622 12553  6869  7344] [] 1716191642.5645360947
[-1 -1 -1 -1 -1 -1 -1 -1 -1 -1 -1 -1 -1  1] [ 3 10 11 18 19 20 21 26 27 28 29 42 44 45] [ 4091  7775  7751  6374  5144 10150 10266  8215 11730 10041 10174  5008
 12566  6486] [] 1716191642.6076037884
[-1 -1 -1 -1 -1 -1 -1 -1  1  1 -1 -1 -1 -1] [ 3 10 11 18 19 20 21 26 27 28 29 42 44 45] [ 4899  9257  8668  7098  5726 10403 10456  8398 11672 10038 10285  5311
 12675  6611] [] 1716191642.6505100727
[-1 -1 -1 -1 -1 -1 -1 -1 -1 -1 -1 -1 -1 -1] [ 3 10 11 18 19 20 21 26 27 28 29 42 44 45] [ 4955  9417  8694  7475  6319 10526 10469  8589 11755 10136 10490  6172
 12974  7184] [] 1716191642.6935825348
[-1 -1 -1 -1 -1 -1 -1 -1 -1 -1 -1 -1 -1] [ 3 10 11 18 19 20 21 26 27 28 29 42 45] [ 5086 10064  8820  8079  7742 10918 10625  9008 11801 10243 11024  8453
 10005] [] 1716191642.7366955280
[-1 -1  1 -1 -1 -1 -1 -1 -1 -1 -1 -1] [ 3 10 11 18 19 20 21 26 27 28 29 42] [ 5201 11254  8750  8498  9433 11429 10877 10953 11967 10580 11140 10130] [] 1716191642.7797076702
[-1 -1  1 -1 -1 -1 -1 -1  1 -1] [ 3 10 11 18 19 20 21 27 28 42] [ 5317 13242  8661 10740  9825 11859 11700 12188 10579 10253] [] 1716191642.8228399754
[-1 -1  1 -1  1 -1  1  1 -1] [ 3 10 11 18 19 20 27 28 42] [ 5430 13324  8652 11001  9709 12232 12183 10284 10767] [] 1716191642.8657150269
[-1 -1  1  1 -1 -1 -1 -1] [ 3 10 11 19 20 27 28 42] [ 7685 13445  8595  9645 13048 12221 10462 12505] [] 1716191642.9087488651
[ 1  1 -1  1 -1] [11 19 27 28 42] [ 8459  9376 12309 10333 12717] [] 1716191642.9516756535
[-1 -1 -1 -1] [11 19 27 28] [ 8533  9494 12317 10610] [] 1716191642.9947378635
[-1 -1 -1] [11 19 28] [ 8558  9620 10993] [] 1716191643.0377137661
[-1 -1 -1] [11 19 28] [ 8674 10959 11071] [] 1716191643.0807070732
[ 1 -1] [11 28] [ 8655 11158] [] 1716191643.1236526966
[1] [11] [8561] [] 1716191643.1666612625
[-1] [11] [8882] [] 1716191643.2096910477
2 2 2 1716191643.4248507023
