FA TAX ADC PRES TS
[-1] [28] [12744] [] 1716192669.5664565563
[1] [28] [11554] [] 1716192669.6094753742
[1] [28] [10798] [] 1716192669.6523180008
[-1  1] [11 28] [12423 10742] [] 1716192669.6953897476
[1 1] [11 28] [ 9988 10733] [] 1716192669.7384190559
[ 1 -1] [11 28] [ 9727 10831] [] 1716192669.7814214230
[ 1 -1  1 -1] [11 20 28 61] [ 9317 15135 10618  9210] [] 1716192669.8243267536
[-1  1 -1 -1  1] [11 20 28 45 61] [ 9444 14611 10806 12683  8270] [] 1716192669.8674907684
[-1 -1  1 -1 -1  1  1] [11 19 20 28 42 45 61] [ 9469 11213 13902 11304 12557 12478  7830] [] 1716192669.9105036259
[1 1 1 1 1 1 1] [11 19 20 28 42 45 61] [ 9380 11018 12541 11091 11505  8967  7549] [] 1716192669.9535238743
[ 1  1  1 -1  1  1  1] [11 19 20 28 42 45 61] [ 9332 10297 12352 11185 10576  8737  7532] [] 1716192669.9963788986
[ 1  1  1  1 -1  1  1  1] [11 19 20 28 36 42 45 61] [ 9197  9799 11992 10868 14683 10288  8318  7129] [] 1716192670.0393874645
[ 1  1  1 -1  1 -1 -1 -1 -1 -1] [11 19 20 28 36 42 44 45 53 61] [ 9059  6757 11394 11035 10823 10347 13444  8562 15331  7243] [] 1716192670.0824553967
[-1 -1  1  1 -1 -1 -1  1  1  1  1 -1  1] [11 18 19 20 27 28 29 36 42 44 45 53 61] [ 9271 11755  6435 11300 13748 11441 12049  8360 10151 12766  8259 15594
  6923] [] 1716192670.1255402565
[-1  1  1  1  1  1  1  1  1  1  1  1  1  1] [ 3 11 18 19 20 27 28 29 36 42 44 45 53 61] [ 9229  9261 11187  5932 11260 13611 11288 11526  7715  9926 12708  7897
 14731  6573] [] 1716192670.1683211327
[ 1  1  1  1  1 -1 -1  1 -1  1  1  1  1  1  1] [ 3 11 18 19 20 27 28 29 35 36 42 44 45 53 61] [ 7939  9181  8976  5539 10750 13773 11514 10914 14592  6829  9924 12453
  7625 13873  6390] [] 1716192670.2115435600
[ 1 -1  1  1  1  1  1 -1  1  1  1  1  1  1  1  1] [ 3 10 11 18 19 20 27 28 29 35 36 42 44 45 53 61] [ 7496 16076  8264  8502  5140 10542 13648 11540 10620 14242  6181  9829
 12345  7498 12839  6200] [] 1716192670.2545049191
[ 1  1  1  1  1  1  1  1  1 -1  1  1  1  1  1 -1  1] [ 3 10 11 18 19 20 27 28 29 35 36 42 44 45 53 54 61] [ 6578 14447  8183  8430  4912  9056 13594 11344 10420 14259  5771  9801
 12236  7372 12440 12374  6193] [] 1716192670.2975349426
[ 1  1  1  1  1  1 -1  1 -1  1  1  1 -1  1  1  1  1] [ 3 10 11 18 19 20 27 28 29 35 36 42 44 45 53 54 61] [ 5908 13634  8067  8159  4726  8496 13612 11039 10476 14219  5185  9764
 12278  6259 12334 11951  6065] [] 1716192670.3406989574
[1 1 1 1 1 1 1 1 1 1 1 1 1 1 1 1 1] [ 3 10 11 18 19 20 27 28 29 35 36 42 44 45 53 54 61] [ 5443 13503  7890  7387  4601  7953 13252 10952  8692 13731  4727  9360
 12165  6125 10222 11487  5972] [] 1716192670.3834631443
[ 1  1  1  1  1  1  1  1  1 -1  1  1  1  1  1  1  1] [ 3 10 11 18 19 20 27 28 29 35 36 42 44 45 53 54 61] [ 5239 13377  7808  6152  4363  7711 13119 10943  8659 13883  4422  9357
 11911  6079 10022 11279  5939] [] 1716192670.4264984131
[ 1  1  1  1  1  1  1  1 -1  1  1  1  1  1  1  1  1] [ 3 10 11 18 19 20 27 28 29 35 36 42 44 45 53 54 61] [ 4397 13226  7736  5957  4161  7492 13056 10896  8662 13163  4129  9079
  8414  6056  9156 11211  5912] [] 1716192670.4695384502
[ 1  1  1  1  1  1 -1 -1  1 -1 -1 -1  1 -1  1  1 -1 -1  1  1  1] [ 3 10 11 18 19 20 23 26 27 28 29 35 36 42 44 45 50 51 53 54 61] [ 3641 11723  7065  5896  4082  6759 14197 14774  9135 10934  8717 13602
  3833  9219  8004  5996 15970 11495  6787 11070  5909] [] 1716192670.5124030113
[ 1  1  1  1  1  1 -1  1  1 -1  1  1  1  1 -1  1  1  1  1  1  1] [ 3 10 11 18 19 20 23 26 27 28 29 35 36 42 44 45 50 51 53 54 61] [ 3543  9793  6304  5739  4047  6331 14609  9996  9075 11006  8498 11761
  3747  9150  8112  5948 15532 11120  6462  8915  5878] [] 1716192670.5554902554
[ 1  1  1  1  1 -1 -1 -1  1  1 -1  1  1  1  1  1 -1  1  1  1  1  1] [ 3 10 11 18 19 20 21 23 26 27 28 29 35 36 42 44 45 50 51 53 54 61] [ 3295  9409  5327  5575  3880  6383  9412 15670  9576  9002 11030  8480
 10169  3548  8505  7259  6009 15515  7829  5782  8854  5815] [] 1716192670.5984845161
[ 1  1  1  1  1  1  1  1  1 -1 -1  1  1  1  1  1  1  1  1  1 -1 -1 -1] [ 3 10 11 18 19 20 21 23 26 27 28 29 35 36 42 44 45 50 51 53 54 55 61] [ 3077  7027  4173  5385  3711  6022  8381 13151  9051  9292 11040  8441
  9244  3377  8156  7201  5759 15389  7609  5156 11123 10851  5893] [] 1716192670.6415233612
[-1  1  1  1  1  1  1  1 -1  1  1  1  1  1  1  1  1  1 -1  1  1  1 -1  1
  1] [ 2  3 10 11 18 19 20 21 23 26 27 28 29 35 36 42 44 45 46 50 51 53 54 55
 61] [14623  2967  6838  3533  5083  3606  5312  8237 13393  8402  8107 10951
  8227  8844  3210  7945  7040  5695 11155 15131  7411  5080 11244 10127
  5843] [] 1716192670.6844248772
[ 1  1  1  1 -1  1  1  1  1  1  1  1  1  1  1  1  1  1 -1  1  1  1  1  1
  1 -1] [ 2  3 10 11 12 18 19 20 21 23 26 27 28 29 35 36 42 44 45 46 50 51 53 54
 55 61] [12847  2832  6782  3277 15303  4943  3553  5185  8097 13144  8253  7956
 10935  6957  8324  3076  7860  6407  5713 10825 14575  6570  4806 11206
  7128  5865] [] 1716192670.7275507450
[ 1  1 -1  1  1  1  1  1 -1 -1  1  1 -1  1 -1  1  1  1  1  1  1 -1  1 -1
  1  1  1  1] [ 2  3 10 11 12 18 19 20 21 23 26 27 28 29 34 35 36 42 44 45 46 50 51 52
 53 54 55 61] [12781  2739  6783  3091 14775  4587  3388  4929  8146 13194  7053  7495
 10980  6927 13797  8149  3017  7736  5932  5589 10668 15519  6387 16168
  4651 11090  6012  5790] [] 1716192670.7705283165
[-1  1  1  1  1  1  1  1  1  1  1  1 -1  1  1  1  1  1  1  1  1  1  1  1
  1 -1  1  1] [ 2  3 10 11 12 18 19 20 21 23 26 27 28 29 34 35 36 42 44 45 46 50 51 52
 53 54 55 61] [13560  2588  5987  2878 11211  4346  3336  4575  7937 13100  5518  6754
 11150  6892  7944  7365  2874  7642  5447  5155 10576 15335  5032 15976
  4533 11109  5184  5702] [] 1716192670.8135631084
[ 1  1  1  1  1  1  1  1  1  1  1  1  1 -1  1  1  1 -1  1  1  1  1  1  1
  1  1  1  1] [ 2  3 10 11 12 18 19 20 21 23 26 27 28 29 34 35 36 42 44 45 46 50 51 52
 53 54 55 61] [11966  2555  5773  2750  9937  4183  3285  4439  7567 12949  4846  6648
 11103  6917  7480  7165  2798  7691  5168  4453  9581 15083  4945 13568
  4404 11030  4757  5668] [] 1716192670.8565614223
[1 1 1 1 1 1 1 1 1 1 1 1 1 1 1 1 1 1 1 1 1 1 1 1 1 1 1 1] [ 2  3 10 11 12 18 19 20 21 23 26 27 28 29 34 35 36 42 44 45 46 50 51 52
 53 54 55 61] [11919  2534  5723  2674  9497  4051  3242  4138  7540 12927  4493  6413
 11083  6916  7365  7007  2726  7596  4746  4114  8387 14955  4399 12584
  4359 11014  4296  5633] [] 1716192670.8995327950
[-1  1  1  1  1  1  1  1  1 -1  1  1  1  1  1  1  1 -1 -1  1  1  1  1 -1
  1  1  1 -1 -1  1] [ 2  3 10 11 12 18 19 20 21 23 26 27 28 29 34 35 36 37 38 42 44 45 46 50
 51 52 53 54 55 61] [13246  2419  5135  2585  8407  3729  3071  3640  7462 12982  4157  5664
 10085  6714  7211  6879  2561 16374 13979  7125  4634  4011  7894 15039
  4290 12472  3934 11066  4320  5614] [] 1716192670.9425597191
[ 1  1  1  1  1  1  1  1 -1 -1  1  1  1  1 -1  1  1  1  1 -1  1  1 -1 -1
  1  1 -1  1 -1  1  1] [ 2  3 10 11 12 18 19 20 21 23 26 27 28 29 34 35 36 37 38 42 44 45 46 47
 50 51 52 53 54 55 61] [11825  2395  4935  2459  7611  3563  3013  3399  7510 13046  3981  5381
 10031  6326  7226  6788  2511 13032 13649  7308  4411  3911  7939 11689
 14955  4243 12791  3606 11076  4320  5571] [] 1716192670.9855656624
[-1  1 -1  1  1  1  1  1 -1 -1  1  1  1  1  1 -1  1  1  1  1  1  1  1  1
  1  1  1 -1  1  1  1] [ 2  3 10 11 12 18 19 20 21 23 26 27 28 29 34 35 36 37 38 42 44 45 46 47
 50 51 52 53 54 55 61] [12651  2347  5212  2374  7036  3413  2954  3351  7578 13134  3837  5088
  9967  6139  7144  7114  2450 12456 13279  7069  4179  3887  6941  9019
  8613  4216 11735  3632 11008  4232  5520] [] 1716192671.0285046101
[ 1  1  1  1  1 -1  1  1  1  1 -1  1  1  1  1  1  1  1 -1  1 -1  1  1  1
  1  1  1  1  1 -1  1  1] [ 2  3 10 11 12 15 18 19 20 21 23 26 27 28 29 34 35 36 37 38 42 44 45 46
 47 50 51 52 53 54 55 61] [12170  2339  4876  2271  6887 15965  3207  2891  3114  7437 13177  3658
  4770  9963  6063  7140  7112  2382 12480 12967  7188  3962  3634  6408
  7636  8528  4202 11143  3543 11009  4028  5493] [] 1716192671.0715253353
[ 1  1  1  1  1  1  1  1  1  1  1  1  1 -1  1  1  1  1 -1 -1  1  1  1 -1
  1 -1  1  1  1 -1  1 -1] [ 2  3 10 11 12 15 18 19 20 21 23 26 27 28 29 34 35 36 37 38 42 44 45 46
 47 50 51 52 53 54 55 61] [11207  2287  4454  2165  6219 15213  2973  2786  2991  7355 13150  3490
  4336 10104  5969  6484  6752  2332 12562 13019  7087  3886  3519  6420
  6456  8613  4189 10979  3489 11019  3828  5497] [] 1716192671.1145737171
[ 1  1  1  1  1  1  1  1  1  1 -1  1  1 -1  1  1  1  1 -1 -1  1  1  1  1
  1 -1 -1  1 -1 -1  1  1] [ 2  3 10 11 12 15 18 19 20 21 23 26 27 28 29 34 35 36 37 38 42 44 45 46
 47 50 51 52 53 54 55 61] [10954  2242  4370  2101  5140 14679  2841  2698  2893  7053 13158  3229
  4048 10110  5951  5916  6658  2265 12632 13130  6774  3858  3462  6269
  5870  8625  4197 10855  3508 11070  3728  5473] [] 1716192671.1575500965
[ 1 -1  1  1  1  1  1  1  1 -1  1  1  1  1  1 -1  1  1  1 -1 -1 -1 -1  1
  1 -1  1 -1 -1  1  1 -1] [ 2  3 10 11 12 15 18 19 20 21 23 26 27 28 29 34 35 36 37 38 42 44 45 46
 47 50 51 52 53 54 55 61] [10836  2243  4324  2078  4712 14503  2834  2648  2785  7055 13064  3171
  3968 10098  5933  5919  6593  2242 12600 13299  6782  3898  3467  6241
  5833  8691  4122 11021  3512 11053  3664  5534] [] 1716192671.2004518509
[-1  1  1 -1  1  1  1  1  1  1 -1  1  1 -1 -1  1 -1  1 -1 -1  1  1  1  1
  1 -1  1  1  1  1  1  1] [ 2  3 10 11 12 15 18 19 20 21 23 26 27 28 29 34 35 36 37 38 42 44 45 46
 47 50 51 52 53 54 55 61] [10939  2210  4290  2095  4636 14495  2811  2603  2744  6973 13110  3122
  3888 10256  5938  5917  6673  2226 12612 13457  6758  3796  3430  6211
  5797  8756  4115 10775  3493 11050  3652  5519] [] 1716192671.2435598373
[ 1 -1  1  1  1  1 -1  1  1  1  1  1  1  1  1  1  1 -1 -1  1  1  1  1  1
  1  1  1  1  1  1 -1  1] [ 2  3 10 11 12 15 18 19 20 21 23 26 27 28 29 34 35 36 37 38 42 44 45 46
 47 50 51 52 53 54 55 61] [10775  2247  4256  2060  4568 14439  2841  2590  2734  6871 13098  3110
  3872  9978  5918  5878  6546  2228 12772 13112  6667  3789  3405  6206
  5722  8750  4106 10703  3464 10997  3672  5489] [] 1716192671.2865698338
[ 1  1  1  1  1 -1  1  1 -1  1 -1  1  1  1 -1  1  1 -1  1 -1 -1 -1 -1 -1
 -1  1 -1  1 -1 -1 -1  1] [ 2  3 10 11 12 15 18 19 20 21 23 26 27 28 29 34 35 36 37 38 42 44 45 46
 47 50 51 52 53 54 55 61] [10549  2207  4228  2049  4560 14487  2774  2562  2737  6835 13136  3070
  3817  9933  5947  5867  6536  2238 12554 13237  6669  3796  3459  6261
  6346  8611  4128 10687  3477 11006  3792  5440] [] 1716192671.3295524120
[-1 -1 -1 -1 -1  1 -1 -1 -1 -1  1 -1 -1 -1  1  1  1  1  1 -1 -1 -1 -1 -1
 -1 -1  1 -1  1  1 -1  1] [ 2  3 10 11 12 15 18 19 20 21 23 26 27 28 29 34 35 36 37 38 42 44 45 46
 47 50 51 52 53 54 55 61] [10649  2251  4268  2074  4664 14399  2810  2639  2744  7036 13132  3164
  3820 10102  5925  5844  6530  2223 12547 13376  6692  3840  3543  6311
  7493  8655  4115 10733  3465 10980  3940  5428] [] 1716192671.3725175858
[-1  1 -1 -1 -1 -1 -1 -1 -1 -1 -1 -1 -1 -1  1 -1  1 -1  1  1 -1 -1 -1 -1
 -1 -1 -1 -1 -1  1 -1 -1] [ 2  3 10 11 12 15 18 19 20 21 23 26 27 28 29 34 35 36 37 38 42 44 45 46
 47 50 51 52 53 54 55 61] [10748  2222  4315  2097  5292 14423  2845  2688  2772  7131 13214  3415
  4056 10175  5866  5905  6520  2232 12437 13242  6757  3876  3645  6522
  8918  8663  4147 11071  3514 10860  4016  5434] [] 1716192671.4155728817
[-1 -1 -1 -1 -1 -1 -1 -1 -1  1  1 -1 -1 -1  1 -1 -1 -1  1  1 -1 -1 -1 -1
  1 -1 -1 -1 -1 -1 -1] [ 2  3 10 11 12 15 18 19 20 21 23 26 27 28 29 34 35 36 37 38 42 44 45 46
 50 51 52 53 54 55 61] [10882  2239  4387  2148  5402 14859  2943  2730  2849  7114 13192  3436
  4280 10444  5838  6973  6602  2260 12376 13239  7161  4054  3705  7487
  8483  4211 11365  3552 10928  4113  5454] [] 1716192671.4585618973
[ 1 -1 -1 -1 -1 -1 -1 -1 -1  1  1 -1 -1  1 -1 -1 -1 -1 -1 -1 -1 -1 -1 -1
  1  1 -1 -1 -1 -1 -1] [ 2  3 10 11 12 15 18 19 20 21 23 26 27 28 29 34 35 36 37 38 42 44 45 46
 50 51 52 53 54 55 61] [10706  2285  4706  2242  6454 16367  3109  2778  2937  7023 13045  3565
  4520 10278  5892  7014  6979  2287 12570 13720  7376  4234  3977  7497
  8471  4182 12184  3915 11105  4354  5559] [] 1716192671.5015625954
[-1 -1  1 -1 -1 -1 -1 -1 -1  1 -1 -1  1 -1 -1  1 -1 -1  1 -1 -1 -1  1 -1
 -1  1  1 -1  1] [ 2  3 10 11 12 18 19 20 21 23 26 27 28 29 34 35 36 37 42 44 45 46 50 51
 52 53 54 55 61] [10838  2319  4603  2318  6896  3248  2865  3137  7269 12926  3863  4976
 10100  5955  7025  6479  2390 12671  7186  4727  4043  7631  8437  4738
 12340  3906 11044  5016  5523] [] 1716192671.5445933342
[-1 -1 -1 -1 -1 -1 -1 -1  1 -1 -1 -1 -1 -1 -1 -1  1 -1 -1 -1 -1 -1 -1 -1
 -1  1 -1 -1] [ 2  3 10 11 12 18 19 20 21 23 26 27 28 29 34 35 36 42 44 45 46 50 51 52
 53 54 55 61] [10967  2372  4743  2415  8133  3431  2998  3245  7166 13051  4114  5588
 10122  6003  7110  6521  2389  7535  4828  4191  8455 14061  4748 12362
  4031 11000  5740  5556] [] 1716192671.5875821114
[ 1 -1 -1 -1 -1 -1 -1 -1 -1  1 -1 -1  1 -1 -1 -1 -1 -1 -1 -1 -1  1 -1 -1
 -1 -1 -1 -1] [ 2  3 10 11 12 18 19 20 21 23 26 27 28 29 34 35 36 42 44 45 46 50 51 52
 53 54 55 61] [10925  2410  4823  2506  8344  3505  3052  3473  7214 12949  4653  6025
  9539  6364  7199  6645  2459  7664  4921  4951 10407 13887  4823 15360
  4110 11032  7120  5607] [] 1716192671.6305027008
[-1 -1 -1 -1 -1 -1 -1 -1 -1 -1 -1 -1 -1 -1 -1 -1 -1 -1 -1 -1 -1  1 -1  1
 -1  1  1] [ 2  3 10 11 12 18 19 20 21 23 26 27 28 29 34 35 36 42 44 45 46 50 51 52
 53 54 61] [10980  2495  5565  2676  9079  3927  3175  3899  7469 13069  6276  6675
 10886  6586  7353  6650  2616  7715  5551  5444 10709 13838  5585 14616
  4127 10856  5551] [] 1716192671.6735246181
[-1 -1  1 -1 -1 -1 -1 -1  1  1 -1 -1  1 -1 -1  1 -1 -1 -1 -1  1 -1 -1 -1
 -1 -1] [ 2  3 10 11 12 18 19 20 21 23 26 27 28 29 34 35 36 42 44 45 50 51 52 53
 54 61] [11185  2559  5551  2739  9872  4100  3226  4239  7379 12943  7251  6904
 10858  6717  7385  6585  2672  7929  6464  5474 13543  6502 15536  4273
 10896  5580] [] 1716192671.7165634632
[-1 -1 -1 -1 -1 -1 -1 -1  1 -1 -1 -1 -1 -1 -1 -1 -1 -1 -1 -1 -1 -1 -1  1
 -1] [ 2  3 10 11 12 18 19 20 21 23 26 27 28 29 34 35 36 42 44 45 50 51 53 54
 61] [11498  2677  6025  2957 11287  4499  3304  4405  7323 12951  8575  7125
 10893  6815  9454  6710  2764  8023  6845  5483 13742  7418  4559  8707
  5608] [] 1716192671.7595212460
[-1 -1 -1 -1 -1 -1 -1 -1 -1 -1 -1 -1  1 -1  1 -1 -1 -1 -1 -1 -1 -1 -1 -1] [ 2  3 10 11 12 18 19 20 21 23 26 27 28 29 35 36 42 44 45 50 51 53 54 61] [11995  2883  6087  3395 13717  4730  3389  4881  7746 13007  8771  7425
 10790  7028  6535  2888  9317  7065  5757 13931 10452  5156 10990  5658] [] 1716192671.8025085926
[-1 -1 -1 -1 -1 -1 -1 -1 -1 -1 -1 -1  1 -1 -1 -1  1 -1 -1 -1 -1 -1 -1 -1] [ 2  3 10 11 12 18 19 20 21 23 26 27 28 29 35 36 42 44 45 50 51 53 54 61] [15190  3047  6581  3908 14524  5023  3581  4992  7923 13057  9148  8729
 10721  8388  6602  3034  8981  7696  6015 14367 10794  5759 11056  5726] [] 1716192671.8454964161
[-1 -1 -1 -1 -1 -1 -1 -1 -1 -1 -1  1  1 -1 -1 -1 -1  1 -1 -1 -1 -1] [ 3 10 11 12 18 19 20 21 23 26 27 28 29 35 36 42 44 45 50 53 54 61] [ 3400  6909  5222 15431  5364  3762  5337  7962 13227 11590  8825 10703
  8277  7002  3168  8999  7977  5969 14620  6882 11078  5858] [] 1716192671.8885936737
[-1 -1 -1 -1 -1 -1 -1  1 -1 -1  1 -1 -1 -1 -1 -1 -1 -1 -1 -1] [ 3 10 11 18 19 20 21 23 26 27 28 29 35 36 42 44 45 53 54 61] [ 3612 10811  5871  5549  3831  5853  8148 12963 11870  8903 10666  8360
  8031  3308  9066 11770  6137  7396 11545  5935] [] 1716192671.9315028191
[-1 -1 -1 -1 -1 -1 -1 -1 -1 -1  1 -1 -1 -1 -1  1 -1 -1 -1 -1] [ 3 10 11 18 19 20 21 23 26 27 28 29 35 36 42 44 45 53 54 61] [ 4917 11376  6829  5995  4135  6321 12793 13115 12257  9031 10542  8514
  9012  3666  9180 11698  6197  7664 12377  5955] [] 1716192671.9745330811
[-1 -1 -1 -1 -1 -1 -1 -1  1 -1 -1  1 -1 -1 -1 -1 -1 -1 -1] [ 3 10 11 18 19 20 21 23 26 27 28 29 35 36 42 44 45 53 61] [ 4920 13191  7067  6669  4281  6460 12949 13377 12184  9051 10648  8500
  9131  3793  9293 11755  6212  7860  6053] [] 1716192672.0175745487
[-1 -1 -1 -1 -1 -1 -1 -1  1 -1 -1 -1  1 -1 -1 -1 -1] [ 3 10 11 18 19 20 26 27 28 29 35 36 42 44 45 53 61] [ 5319 13442  7801  6897  4566  6749 12559  9397 10627  8533  9291  4062
  9282 11889  7318 10847  6142] [] 1716192672.0605504513
[-1  1  1 -1 -1 -1 -1 -1 -1 -1 -1 -1 -1 -1 -1 -1] [ 3 10 11 18 19 20 27 28 29 35 36 42 44 45 53 61] [ 5541 13403  7777  7357  4658  7372  9460 10658 10090 10566  4456  9383
 12455  7522 11912  6443] [] 1716192672.1035706997
[-1 -1 -1 -1 -1 -1 -1 -1 -1 -1 -1 -1 -1 -1 -1 -1] [ 3 10 11 18 19 20 27 28 29 35 36 42 44 45 53 61] [ 6037 13656  7932  7597  4860  7747  9561 10856 10331 13124  5022  9586
 12691  7767 12835  6648] [] 1716192672.1464719772
[-1 -1 -1 -1 -1 -1 -1 -1 -1 -1 -1 -1 -1 -1 -1 -1] [ 3 10 11 18 19 20 27 28 29 35 36 42 44 45 53 61] [ 7558 14940  7991  7736  5141  9973  9788 10967 10494 14081  5849  9833
 12887  8236 13477  7226] [] 1716192672.1894352436
[-1 -1 -1 -1 -1 -1 -1 -1 -1 -1 -1 -1 -1 -1] [ 3 11 18 19 20 27 28 29 35 36 42 45 53 61] [ 8931  8159  8644  5437 10258  9989 11247 10642 14603  6610 10183  8626
 14134  7773] [] 1716192672.2323777676
[-1 -1 -1 -1 -1 -1 -1 -1 -1 -1 -1 -1] [11 18 19 20 27 28 29 36 42 45 53 61] [ 8967 11237  6394 10459 11679 11442 11203  7579 12407  9050 14145  8239] [] 1716192672.2754299641
[ 1 -1 -1  1  1 -1  1 -1] [11 19 20 27 28 29 36 45] [ 8830  6901 10699 11582 11315 11539  7551 11645] [] 1716192672.3183999062
[-1 -1 -1 -1  1 -1 -1] [11 19 20 27 28 36 45] [ 8917  9799 11391 11602 11048 10370 11648] [] 1716192672.3615729809
[ 1 -1 -1  1 -1 -1] [11 19 20 28 36 45] [ 8897  9830 11861 10971 13122 11989] [] 1716192672.4045011997
[-1 -1 -1 -1 -1] [11 19 20 28 36] [ 8992 10039 12618 11118 13869] [] 1716192672.4473736286
[ 1 -1  1] [11 20 28] [ 8865 13741 10744] [] 1716192672.4903714657
[-1 -1] [11 28] [ 9128 10754] [] 1716192672.5333614349
[-1] [28] [10755] [] 1716192672.5763156414
[1] [28] [10731] [] 1716192672.6193463802
[-1] [28] [11386] [] 1716192672.6623404026
2 2 2 1716192673.5654430389
