FA TAX ADC PRES TS
[-1] [11] [11038] [] 1716195112.2028546333
[1] [11] [10205] [] 1716195112.2458279133
[-1 -1] [11 28] [10586 12590] [] 1716195112.2888047695
[1 1] [11 28] [10460 12028] [] 1716195112.3318629265
[1 1] [11 28] [ 9767 11197] [] 1716195112.3748443127
[1 1] [11 28] [ 9696 10969] [] 1716195112.4178280830
[1 1] [11 28] [ 9545 10887] [] 1716195112.4608466625
[-1  1] [11 28] [ 9555 10850] [] 1716195112.5038330555
[1 1] [11 28] [ 9451 10809] [] 1716195112.5468382835
[-1 -1 -1 -1] [11 21 28 29] [ 9551 12083 11209 14207] [] 1716195112.5898745060
[1 1 1 1] [11 21 28 29] [ 9446 11984 11182 12445] [] 1716195112.6328675747
[-1 -1  1 -1  1] [ 3 11 21 28 29] [12495  9530 11677 11255 12080] [] 1716195112.6758451462
[-1  1 -1  1  1  1] [ 3 11 19 21 28 29] [12926  9490 13304 11378 11134 11720] [] 1716195112.7188620567
[1 1 1 1 1 1] [ 3 11 19 21 28 29] [ 9985  9368 12656 11015 11111 11478] [] 1716195112.7618558407
[ 1  1 -1 -1  1  1] [ 3 11 19 21 28 29] [ 9107  9352 12703 11183 11076 11286] [] 1716195112.8048610687
[ 1 -1 -1 -1  1 -1  1] [ 3 11 18 19 21 28 29] [ 8441  9391 11694 12881 11058 11270 11086] [] 1716195112.8478617668
[ 1  1  1 -1  1  1  1] [ 3 11 18 19 21 28 29] [ 8013  9313 11450 13561 10953 11092 11014] [] 1716195112.8908715248
[ 1 -1  1  1 -1  1 -1 -1 -1 -1 -1] [ 3 11 18 19 20 21 26 27 28 29 44] [ 7825  9457 11260 10734 15596 10878 11266 15706 11135 11046 13223] [] 1716195112.9338645935
[ 1  1  1  1  1  1  1  1 -1  1 -1  1] [ 3 11 18 19 20 21 26 27 28 29 42 44] [ 6091  9442 10986 10534 15156 10779 11075 13393 11316 10943 13151 13028] [] 1716195112.9769065380
[ 1  1  1 -1  1 -1 -1  1 -1  1 -1 -1] [ 3 11 18 19 20 21 26 27 28 29 42 44] [ 6063  9429 10942 10573 14232 10788 11182 13229 11442 10931 13175 13065] [] 1716195113.0198726654
[ 1  1  1 -1  1  1  1  1  1  1  1  1] [ 3 11 18 19 20 21 26 27 28 29 42 44] [ 5947  9373 10753 10591 14058 10747 11047 13113 11422 10896 12803 12635] [] 1716195113.0628993511
[ 1  1  1  1  1  1  1  1  1  1  1 -1] [ 3 11 18 19 20 21 26 27 28 29 42 44] [ 5855  9242 10441 10347 13464 10634 10850 12825 11095 10760 12293 12737] [] 1716195113.1058809757
[ 1 -1  1  1  1  1  1  1 -1  1  1  1 -1] [ 3 11 18 19 20 21 26 27 28 29 42 44 45] [ 5183  9245  9187 10117 12755 10587 10828 12586 11139 10566 12271 12671
 14567] [] 1716195113.1489386559
[ 1 -1  1  1  1  1  1  1 -1  1  1  1  1] [ 3 11 18 19 20 21 26 27 28 29 42 44 45] [ 5161  9254  8245 10096 12598 10501 10796 12561 11193 10540 11635 12547
 12614] [] 1716195113.1918857098
[ 1  1  1  1  1  1  1 -1  1  1  1  1  1] [ 3 11 18 19 20 21 26 27 28 29 42 44 45] [ 5027  9192  7923  9855 12202 10474 10646 12578 10955 10417 11091 12431
 12151] [] 1716195113.2349114418
[ 1  1  1  1  1 -1  1 -1 -1 -1 -1  1 -1  1] [ 3 11 18 19 20 21 26 27 28 29 35 42 44 45] [ 4851  8649  7807  9562 11792 10477 10463 12704 10996 10425 16062 10448
 12525 11917] [] 1716195113.2778835297
[1 1 1 1 1 1 1 1 1 1 1 1 1 1] [ 3 11 18 19 20 21 26 27 28 29 35 42 44 45] [ 4703  8239  7698  9469 11070 10258 10319 12611 10975 10358 15951  9414
 11703 11609] [] 1716195113.3209104538
[ 1  1  1  1  1  1 -1 -1  1  1  1  1  1 -1 -1] [ 3 11 18 19 20 21 26 27 28 29 35 42 44 45 53] [ 4431  7738  7576  9316 10746 10050 10328 12738 10773 10312 15168  9093
  8415 11638 12774] [] 1716195113.3639149666
[ 1  1  1  1  1  1  1 -1  1  1  1  1  1  1  1] [ 3 11 18 19 20 21 26 27 28 29 35 42 44 45 53] [ 4110  6704  7488  9181 10658 10015 10142 12830 10694  9849 13352  8915
  8392 11610 12635] [] 1716195113.4068996906
[ 1  1  1  1  1 -1  1  1 -1  1  1 -1  1 -1  1 -1] [ 3 11 18 19 20 21 26 27 28 29 35 36 42 44 45 53] [ 3999  6434  7434  7974 10538 10078 10092 12782 10756  7528 13146 13180
  8712  8506 11525 12789] [] 1716195113.4499280453
[ 1 -1  1  1  1  1  1  1  1 -1  1  1  1 -1 -1  1 -1  1] [ 3  4 11 18 19 20 21 26 27 28 29 35 36 42 43 44 45 53] [ 3911 13651  6201  7324  6047 10151 10066  9937 12595 10803  6285 12184
 12900  8875 15456  7830 11531 12779] [] 1716195113.4929189682
[ 1  1  1  1  1  1  1 -1  1 -1  1  1  1  1  1  1  1  1] [ 3  4 11 18 19 20 21 26 27 28 29 35 36 42 43 44 45 53] [ 3819 13581  6021  7225  5761  9681  9970  9992 12492 10850  5583 12159
 12651  8350 14733  6958 11524 12575] [] 1716195113.5359244347
[ 1 -1  1  1  1  1  1  1  1  1  1  1  1  1  1  1  1  1] [ 3  4 11 18 19 20 21 26 27 28 29 35 36 42 43 44 45 53] [ 3666 13911  5961  7103  5247  9642  9931  9897 12375 10028  5348 11987
 12593  7383 14298  6103  8772 12399] [] 1716195113.5789287090
[ 1 -1  1  1  1  1  1  1  1  1  1  1  1  1  1  1  1 -1 -1] [ 3  4 11 18 19 20 21 26 27 28 29 35 36 42 43 44 45 53 61] [ 3582 14095  5489  6163  5115  9535  9879  9881 12303  9309  5135 11397
 12543  6811 14224  5535  8681 12482  7721] [] 1716195113.6219117641
[ 1  1  1  1  1  1 -1  1 -1  1  1  1  1  1  1  1  1 -1  1 -1  1] [ 3  4 11 18 19 20 21 26 27 28 29 35 36 42 43 44 45 47 53 54 61] [ 3569 11593  5258  5725  4913  9399  9948  9795 12364  8560  4881 10935
 10381  6339 11656  5079  8359 14709 10834 12057  7524] [] 1716195113.6649286747
[ 1 -1  1  1  1  1  1 -1 -1  1 -1  1  1  1 -1  1  1  1 -1  1  1  1] [ 3  4 11 18 19 20 21 26 27 28 29 35 36 42 43 44 45 47 51 53 54 61] [ 3420 12085  4850  5549  4734  9305  9937  9883 12390  7981  4892  8295
  9860  5875 11860  4805  6688 10733 12486 10705 11811  7330] [] 1716195113.7079639435
[ 1  1  1  1  1  1  1  1  1  1  1  1  1  1 -1  1  1 -1  1  1  1  1 -1] [ 3  4 11 18 19 20 21 26 27 28 29 35 36 42 43 44 45 46 47 51 53 54 61] [ 3250 10900  4511  5509  4619  9176  9871  9755 12372  7589  4822  7571
  8849  5478 12012  4653  6666 11715 10389 11888 10655 11728  7368] [] 1716195113.7509434223
[ 1  1  1  1  1  1  1 -1 -1  1  1  1  1 -1  1  1  1  1  1  1  1  1 -1  1] [ 3  4 11 18 19 20 21 26 27 28 29 35 36 41 42 43 44 45 46 47 51 53 54 61] [ 3219 10715  4310  5447  4486  8801  9817  9770 12416  7493  4807  7475
  8566 14105  4478 11309  4548  6516  9254 10029 11751 10579 11804  7107] [] 1716195113.7939467430
[ 1  1  1  1  1  1 -1 -1 -1  1  1  1 -1  1  1  1  1  1  1  1  1  1  1  1
  1] [ 3  4 11 18 19 20 21 23 26 27 28 29 35 36 41 42 43 44 45 46 47 51 53 54
 61] [ 3079 10392  3866  5369  4270  8651  9883 15451  9771 12396  6362  4786
  7610  8179 11980  4150 11025  4183  6450  9201  9814 11609 10357  8195
  6918] [] 1716195113.8369877338
[ 1  1  1  1  1  1 -1  1  1  1  1 -1  1  1  1  1  1  1  1  1  1  1  1  1
  1] [ 3  4 11 18 19 20 21 23 26 27 28 29 35 36 41 42 43 44 45 46 47 51 53 54
 61] [ 2978  9379  3489  5029  4164  8469  9891 13814  9751 12327  5948  4838
  6949  7089 11478  3936 10633  4050  6323  8891  9030  9082 10251  7476
  6855] [] 1716195113.8799993992
[ 1  1  1  1  1  1  1  1 -1  1  1  1 -1  1  1  1 -1 -1 -1 -1  1 -1  1  1
 -1  1] [ 3  4 11 18 19 20 21 23 26 27 28 29 35 36 41 42 43 44 45 46 47 50 51 53
 54 61] [ 2951  8930  3342  4927  4042  8323  9809 13808  9816 12286  5884  4643
  6974  5574 10601  3846 11071  4056  6324  8910  7637 10446  8728 10189
  7640  6833] [] 1716195113.9231090546
[ 1  1  1  1  1  1 -1 -1  1 -1  1  1  1  1 -1  1  1  1 -1 -1  1  1 -1 -1
 -1  1 -1] [ 3  4 11 18 19 20 21 23 26 27 28 29 35 36 41 42 43 44 45 46 47 50 51 52
 53 54 61] [ 2825  8668  3186  4828  3992  8265  9839 14117  9723 12424  5481  4519
  6420  5253 10648  3826 11049  4011  6338  8979  7528 10430  8756 11664
 10206  6714  6972] [] 1716195113.9658918381
[ 1  1  1  1  1  1 -1  1  1  1  1  1 -1  1  1  1 -1  1  1  1  1 -1  1  1
  1  1  1] [ 3  4 11 18 19 20 21 23 26 27 28 29 35 36 41 42 43 44 45 46 47 50 51 52
 53 54 61] [ 2745  8531  3115  4772  3919  8242  9865 13999  9714 12422  5447  4423
  6444  5146  9518  3543 11331  3864  6314  8878  6342 10683  8635 11040
  7821  6460  6961] [] 1716195114.0088739395
[ 1  1  1 -1  1  1  1 -1  1 -1 -1  1  1 -1  1  1  1  1 -1  1  1  1  1  1
  1 -1  1  1  1] [ 3  4 11 12 18 19 20 21 23 26 27 28 29 34 35 36 41 42 43 44 45 46 47 50
 51 52 53 54 61] [ 2731  8401  2837 16064  4695  3759  8205 10002 13651  9810 12652  5285
  4159 12206  6242  4913  9119  3432 11391  3764  6256  8410  6217 10670
  8484 11322  6529  6059  6854] [] 1716195114.0518953800
[ 1 -1  1  1  1  1  1 -1  1 -1  1  1  1  1  1  1  1 -1  1  1  1  1  1  1
  1 -1  1  1] [ 3  4 11 18 19 20 21 23 26 27 28 29 34 35 36 41 42 43 44 45 46 47 50 51
 52 53 54 61] [ 2669  8440  2626  4651  3547  8137  8362 13691  8005 12654  4918  3867
 12034  6005  4749  8219  3154 11471  3656  6079  8307  5179 10557  8357
 11144  6591  5515  6762] [] 1716195114.0948877335
[-1 -1 -1  1 -1 -1 -1  1 -1  1 -1 -1  1  1  1  1 -1  1  1  1 -1  1  1 -1
  1  1  1  1  1  1  1] [ 2  3  4 11 12 15 18 19 20 21 23 26 27 28 29 34 35 36 41 42 43 44 45 46
 47 50 51 52 53 54 61] [11711  2751  8545  2555 11520 14376  4757  3431  8153  8349 13879  8084
 12639  4447  3803 11889  6079  4546  7132  3083 11785  3548  6079  8358
  4767 10372  8258  9564  6136  5386  6659] [] 1716195114.1379086971
[-1 -1  1  1  1  1  1  1  1  1  1  1  1  1  1  1  1  1  1  1  1 -1  1  1
 -1 -1 -1  1  1  1 -1 -1 -1] [ 1  2  3  4 11 12 15 18 19 20 21 23 26 27 28 29 34 35 36 41 42 43 44 45
 46 47 50 51 52 53 54 55 61] [16362 12047  2655  8360  2479 10924 14291  4631  3320  8075  8315 13579
  8031 12633  4172  3691 11831  6078  4458  6670  2982 11927  3464  5599
  8654  4857 10452  8109  8704  5918  5411  8421  6708] [] 1716195114.1809132099
[ 1  1  1  1  1  1  1  1  1  1  1 -1 -1 -1  1 -1  1  1  1  1  1 -1  1  1
  1  1 -1 -1  1  1  1  1  1  1] [ 1  2  3  4 11 12 15 18 19 20 21 23 26 27 28 29 34 35 36 41 42 43 44 45
 46 47 48 50 51 52 53 54 55 61] [16321 11289  2643  8032  2437 10611 13884  4621  3167  7042  8309 13631
  8041 12967  3996  3775 11725  6047  4266  6452  2834 12731  3316  5367
  8254  4671 14480 10458  7815  8171  5305  5179  7636  6658] [] 1716195114.2239303589
[ 1  1  1 -1  1  1  1  1  1  1  1 -1  1  1  1  1  1  1  1  1  1 -1  1  1
  1  1  1 -1  1  1  1  1  1 -1] [ 1  2  3  4 11 12 15 18 19 20 21 23 26 27 28 29 34 35 36 41 42 43 44 45
 46 47 48 50 51 52 53 54 55 61] [16115 11119  2573  8229  2378 10043 13100  4455  3121  6861  8284 13767
  7249 12927  3805  3674 11624  5854  4033  6044  2794 12985  3268  5151
  7619  4375 14256 10471  7709  7479  5298  4981  7106  6660] [] 1716195114.2669005394
[ 1  1 -1  1  1  1 -1  1  1  1  1  1 -1  1  1  1  1  1  1 -1  1  1 -1  1
 -1 -1  1  1  1 -1  1  1  1  1  1] [ 1  2  3  4 11 12 15 18 19 20 21 23 26 27 28 29 34 35 36 37 41 42 43 44
 45 46 47 48 50 51 52 53 54 55 61] [16112 10135  2585  7426  2313  9310 13192  4317  3082  6267  7323 13735
  7291 12871  3667  3597 10561  5759  3848 16354  5768  2758 13181  3226
  5307  7961  4308 12188 10387  7756  6837  5227  4855  6484  6578] [] 1716195114.3099145889
[ 1  1  1  1  1  1  1  1  1  1 -1  1  1  1 -1  1  1  1  1  1  1 -1  1  1
  1  1  1  1  1  1  1  1  1  1] [ 2  3  4 11 12 15 18 19 20 21 23 26 27 28 29 34 35 36 37 41 42 43 44 45
 46 47 48 50 51 52 53 54 55 61] [ 9935  2521  7289  2267  8463 13160  4285  2976  5696  7224 14015  7263
 10955  3371  3623  8615  5701  3802 13044  5618  2699 13195  3106  5151
  7129  4093 10754 10245  7508  6737  5060  4687  6416  6511] [] 1716195114.3529050350
[-1  1  1  1  1  1  1  1  1  1 -1  1  1  1  1  1  1  1  1  1  1  1  1  1
  1  1  1  1 -1  1  1  1  1  1  1] [ 1  2  3  4 11 12 15 18 19 20 21 23 26 27 28 29 34 35 36 37 41 42 43 44
 45 46 47 48 50 51 52 53 54 55 61] [16171  7454  2507  7196  2223  7175 12988  4250  2868  5381  7234 13951
  7219  7982  3237  3495  8457  5554  3631 13025  5444  2582 12711  3052
  4667  6956  3807  9376 10287  6588  6309  4765  4413  6176  6379] [] 1716195114.3959293365
[ 1  1  1  1  1  1  1  1  1  1  1 -1 -1  1  1  1  1  1  1  1  1  1  1  1
  1  1  1  1  1  1  1  1  1  1 -1] [ 2  3  4 11 12 15 18 19 20 21 23 25 26 27 28 29 34 35 36 37 41 42 43 44
 45 46 47 48 50 51 52 53 54 55 61] [ 6196  2487  7111  2127  7045 12936  4194  2708  5305  7186 13935 15142
  7301  7700  2961  3487  7940  5453  3524 10303  5368  2570 11805  3000
  4647  6182  3668  9366 10257  6535  5990  4637  4317  5996  6383] [] 1716195114.4390232563
[-1  1  1  1  1  1  1 -1  1 -1  1  1  1  1 -1  1  1  1  1  1  1  1  1  1
  1 -1  1  1  1  1  1  1  1  1  1 -1] [ 1  2  3  4 11 12 15 18 19 20 21 23 25 26 27 28 29 34 35 36 37 41 42 43
 44 45 46 47 48 50 51 52 53 54 55 61] [15840  5442  2447  7053  2087  6944 12928  4199  2641  5340  7179 13749
 14431  7297  8436  2866  3323  7019  5415  3429 10098  5347  2567 11525
  2952  4671  6127  3606  9153 10159  6530  5911  4568  4315  5962  6431] [] 1716195114.4819016457
[ 1  1  1  1  1 -1 -1  1  1  1  1 -1  1  1 -1  1  1  1 -1  1  1 -1  1 -1
  1  1  1  1  1  1  1 -1  1  1  1  1] [ 1  2  3  4 11 12 15 18 19 20 21 23 25 26 27 28 29 34 35 36 37 41 42 43
 44 45 46 47 48 50 51 52 53 54 55 61] [15784  5200  2429  7005  2071  6948 12992  4085  2631  5302  7023 13790
 14170  7244  8461  2839  3263  6890  5429  3406  9918  5378  2513 11539
  2916  4655  6071  3572  8649 10147  6520  5951  4523  4279  5878  6320] [] 1716195114.5248579979
[ 1  1  1  1 -1  1  1  1  1  1  1  1  1  1  1  1  1 -1  1  1  1  1  1  1
  1 -1 -1 -1  1  1  1  1 -1  1 -1 -1] [ 1  2  3  4 11 12 15 18 19 20 21 23 25 26 27 28 29 34 35 36 37 41 42 43
 44 45 46 47 48 50 51 52 53 54 55 61] [15629  5160  2420  6979  2079  6912 12840  4070  2601  5287  7011 13757
 14158  7143  8382  2829  3219  6907  5325  3381  9669  5322  2513 11171
  2904  4663  6109  3584  8555 10114  6473  5927  4532  4247  5916  6332] [] 1716195114.5679435730
[ 1  1 -1 -1  1 -1 -1 -1  1  1 -1 -1  1  1  1 -1 -1 -1  1  1  1 -1 -1  1
 -1  1  1 -1 -1 -1 -1  1 -1 -1 -1 -1] [ 1  2  3  4 11 12 15 18 19 20 21 23 25 26 27 28 29 34 35 36 37 41 42 43
 44 45 46 47 48 50 51 52 53 54 55 61] [15608  5152  2423  6997  2079  6927 12845  4077  2595  5265  7019 13775
 14060  7119  8291  2837  3263  7014  5311  3374  9579  5378  2524 11135
  2928  4634  6092  3708  9162 10154  6518  5873  4656  4375  5954  6352] [] 1716195114.6109259129
[-1 -1  1 -1 -1  1  1  1  1  1  1  1 -1 -1 -1 -1  1 -1 -1 -1 -1 -1 -1 -1
 -1 -1 -1 -1 -1 -1 -1 -1 -1 -1 -1 -1] [ 1  2  3  4 11 12 15 18 19 20 21 23 25 26 27 28 29 34 35 36 37 41 42 43
 44 45 46 47 48 50 51 52 53 54 55 61] [15774  5328  2419  7002  2087  6912 12808  4077  2592  5238  7012 13679
 14189  7151  8316  2851  3259  7043  5331  3392  9698  5483  2551 12207
  2994  5077  6772  4036  9751 10202  6989  6103  4776  4567  6221  6455] [] 1716195114.6539022923
[ 1 -1 -1 -1 -1 -1 -1 -1 -1 -1  1 -1 -1  1 -1 -1 -1 -1 -1 -1 -1 -1 -1  1
 -1 -1 -1 -1 -1  1 -1 -1 -1 -1 -1 -1] [ 1  2  3  4 11 12 15 18 19 20 21 23 25 26 27 28 29 34 35 36 37 41 42 43
 44 45 46 47 48 50 51 52 53 54 55 61] [15608  7134  2439  7130  2135  7120 12920  4135  2691  5264  6975 13787
 14946  7138  8361  2912  3419  8050  5407  3514  9878  5722  2636 12195
  3072  5087  6866  4206 11514 10199  7414  6303  4823  4630  6792  6482] [] 1716195114.6968998909
[ 1 -1 -1  1 -1 -1  1  1 -1 -1  1 -1  1 -1 -1 -1 -1 -1 -1  1 -1 -1 -1 -1
 -1  1 -1 -1 -1 -1 -1 -1 -1 -1 -1] [ 1  2  3  4 11 12 15 18 19 20 21 23 26 27 28 29 34 35 36 37 41 42 43 44
 45 46 47 48 50 51 52 53 54 55 61] [15462  8751  2455  7063  2223  8160 12740  4135  2787  5340  6962 13823
  7093  8496  3079  3527  8333  5453  3545  9871  6365  2718 12526  3170
  5235  6861  4354 12896 10202  7467  6869  5184  4683  7928  6582] [] 1716195114.7399384975
[-1 -1 -1 -1 -1 -1 -1 -1 -1 -1 -1 -1  1 -1 -1 -1 -1 -1 -1 -1 -1 -1 -1 -1
 -1 -1  1 -1  1 -1 -1 -1  1  1] [ 1  2  3  4 11 12 15 18 19 20 21 23 26 27 28 29 34 35 36 37 41 42 43 44
 45 46 47 48 50 51 52 53 54 61] [15465  9978  2466  7083  2235  9675 12994  4159  2931  5455  7122 13895
  7083 10579  3194  3615  8362  5567  3782 10495  6766  2792 12763  3212
  5407  8290  4298 14821 10191  7629  7915  5621  4683  6522] [] 1716195114.7829136848
[-1 -1 -1  1 -1 -1 -1 -1 -1 -1 -1  1 -1 -1 -1 -1 -1 -1 -1 -1 -1 -1 -1 -1
 -1  1 -1  1 -1 -1 -1  1] [ 1  2  3  4 11 12 15 18 19 20 21 23 26 27 28 29 34 35 36 41 42 43 44 45
 46 47 50 51 52 53 54 61] [15648 10265  2495  6942  2345 10671 13077  4227  3012  7027  8037 13797
  7981 12236  3550  3709 11539  5725  3879  7037  2840 12795  3268  5877
  8374  4229 10303  7577  9926  5685  4815  6520] [] 1716195114.8258845806
[-1 -1 -1  1  1 -1 -1 -1 -1 -1  1 -1  1 -1 -1 -1 -1 -1 -1 -1 -1  1 -1  1
 -1 -1 -1 -1 -1 -1 -1 -1] [ 1  2  3  4 11 12 15 18 19 20 21 23 26 27 28 29 34 35 36 41 42 43 44 45
 46 47 50 51 52 53 54 61] [15856 10549  2525  6885  2325 10711 13245  4231  3088  7056  7994 13893
  7891 12261  3615  3807 11701  5814  3997  8427  2995 12411  3360  5849
  8441  4690 10432  7658 11182  6144  5061  6600] [] 1716195114.8689179420
[ 1 -1 -1 -1 -1 -1 -1 -1 -1  1  1 -1 -1 -1 -1 -1  1 -1 -1 -1 -1  1 -1 -1
 -1 -1 -1 -1 -1 -1 -1 -1] [ 1  2  3  4 11 12 15 18 19 20 21 23 26 27 28 29 34 35 36 41 42 43 44 45
 46 47 50 51 52 53 54 61] [15698 10739  2602  7024  2398 13664 14130  4363  3199  6816  7994 13915
  7956 12285  3772  3887 11694  5874  4243  8867  3196 12383  3536  6115
  8684  5701 10549  7765 11371  7564  5535  6699] [] 1716195114.9119455814
[-1 -1 -1 -1 -1 -1 -1  1  1  1  1 -1 -1 -1 -1 -1 -1 -1 -1 -1 -1  1 -1 -1
  1 -1 -1 -1 -1 -1] [ 2  3  4 11 12 18 19 20 21 23 26 27 28 29 34 35 36 41 42 43 44 45 46 47
 50 51 52 53 54 61] [12879  2618  7455  2651 13933  4469  3333  6727  7977 13813  7859 12379
  4074  3903 11899  5897  4616 10980  3538 12505  3634  6109  9031  6619
 10435  7869 14988  8697  6153  6728] [] 1716195114.9549167156
[-1 -1 -1 -1 -1 -1  1 -1  1 -1  1 -1 -1 -1 -1 -1 -1 -1  1 -1 -1 -1 -1 -1
  1  1 -1  1] [ 2  3  4 11 18 19 20 21 23 26 27 28 29 34 35 36 41 42 43 44 45 46 47 50
 51 53 54 61] [13071  2643  8062  2893  4619  3497  6421  9437 13587  8499 12068  4242
  4003 12422  6317  4763 11057  3601 12266  3666  6175  9162  6973 10441
  7841  8518  7119  6722] [] 1716195114.9979689121
[-1 -1  1 -1 -1  1 -1 -1 -1 -1 -1 -1 -1 -1  1 -1 -1  1  1 -1 -1  1 -1 -1
 -1 -1  1] [ 1  2  3  4 11 18 19 20 21 23 26 27 28 29 35 36 41 42 43 44 45 46 47 51
 53 54 61] [16096 15263  2631  8185  3031  4607  3526  6462  9463 13615  9641 12115
  4634  4111  6262  4859 11601  3600 12159  3794  6219  9029  7517  7848
  8745  7345  6708] [] 1716195115.0408022404
[-1 -1 -1 -1 -1  1  1 -1  1  1 -1 -1 -1 -1 -1 -1  1 -1 -1 -1 -1 -1 -1 -1
 -1] [ 3  4 11 18 19 20 21 23 26 27 28 29 35 36 41 42 43 44 45 46 47 51 53 54
 61] [ 2655  9103  3139  4670  3612  6386  9423 13695  9630 12059  4727  4205
  6351  4927 14011  4021 11937  3933  6339  9360  9570  8693  9638 11452
  6947] [] 1716195115.0838768482
[-1 -1 -1 -1 -1 -1 -1  1 -1  1 -1 -1 -1 -1 -1  1 -1 -1 -1 -1 -1 -1 -1 -1] [ 3  4 11 18 19 20 21 23 26 27 28 29 35 36 42 43 44 45 46 47 51 53 54 61] [ 2751  9175  3517  4736  3766  6491  9481 13593  9798 12036  5242  4472
  6590  5606  4304 11597  4011  6457 16048  9989 11589  9822 11829  6972] [] 1716195115.1268656254
[-1 -1 -1 -1 -1 -1 -1  1 -1  1 -1 -1 -1 -1 -1 -1 -1 -1 -1 -1 -1 -1 -1 -1] [ 1  3  4 11 18 19 20 21 23 26 27 28 29 35 36 42 43 44 45 47 51 53 54 61] [16136  2803  9189  4002  4783  3870  7468  9473 13674  9711 12194  5846
  4630  6891  7095  5026 11609  4404  6532 11021 11840 10327 12064  7107] [] 1716195115.1698486805
[-1 -1 -1 -1 -1 -1 -1 -1  1 -1 -1 -1 -1 -1 -1  1 -1 -1 -1 -1 -1 -1] [ 3  4 11 18 19 20 21 23 26 27 28 29 35 36 42 43 44 45 51 53 54 61] [ 2892  9334  4559  5119  4074  8463  9483 14429  9603 12199  5965  4691
  7184  7282  5548 11283  4491  6583 11880 10464 12323  7141] [] 1716195115.2127885818
[-1 -1 -1 -1 -1 -1 -1 -1 -1 -1 -1  1 -1 -1 -1 -1 -1 -1 -1 -1  1] [ 1  3  4 11 18 19 20 21 26 27 28 29 35 36 42 43 44 45 51 53 61] [16227  3013  9433  4895  5143  4101  8940  9568  9669 12312  7426  4660
  7494  7651  6033 11402  4698  6639 11963 10560  7080] [] 1716195115.2558143139
[-1  1 -1 -1 -1 -1  1 -1  1 -1 -1 -1 -1 -1 -1 -1 -1  1] [ 3  4 11 18 19 20 21 26 27 28 29 35 36 42 43 44 45 53] [ 3027  9354  5077  5454  4263  9039  9509  9701 12255  8134  4711  8464
  8854  6270 12847  4981  7449 10146] [] 1716195115.2988085747
[-1 -1 -1 -1 -1 -1 -1 -1 -1 -1 -1 -1 -1 -1 -1 -1 -1 -1] [ 3  4 11 18 19 20 21 26 27 28 29 35 36 42 43 44 45 53] [ 3213  9451  5480  5746  4505  9190  9601  9766 12279  8634  4799  8469
 12834  6578 13173  6057  7532 10237] [] 1716195115.3418190479
[-1 -1 -1 -1 -1 -1 -1 -1 -1 -1 -1 -1 -1 -1 -1 -1 -1 -1] [ 3  4 11 18 19 20 21 26 27 28 29 35 36 42 43 44 45 53] [ 3450  9547  5839  6025  4724  9371  9638  9938 12324  9337  4901  9433
 13146  6907 13977  7557  7647 12065] [] 1716195115.3846914768
[-1 -1 -1 -1 -1 -1 -1 -1 -1 -1 -1 -1 -1 -1 -1 -1 -1 -1] [ 3  4 11 18 19 20 21 26 27 28 29 35 36 42 43 44 45 53] [ 3583  9829  6309  6169  4939  9555  9658  9978 12340 10518  5011 10994
 13158  7977 14120  7858  7905 12226] [] 1716195115.4278163910
[-1 -1 -1 -1 -1 -1  1 -1  1 -1 -1  1 -1  1 -1 -1 -1] [ 3  4 11 18 19 20 21 26 27 28 29 35 36 42 43 44 45] [ 3702 10004  6467  6910  5293  9617  9656  9980 12308 10535  5622 10949
 13233  6965 14223  8533  8745] [] 1716195115.4708418846
[ 1 -1 -1 -1 -1 -1 -1 -1 -1 -1 -1  1 -1  1 -1 -1] [ 3 11 18 19 20 21 26 27 28 29 35 36 42 43 44 45] [ 3642  6638  7081  5950  9945  9717 10166 12339 10808  7298 11577 13145
  9268 14135 12197 11187] [] 1716195115.5137903690
[-1 -1 -1 -1 -1 -1 -1 -1  1 -1 -1 -1 -1 -1 -1 -1] [ 3 11 18 19 20 21 26 27 28 29 35 36 42 43 44 45] [ 3813  7530  7373  7058 10211  9797 10310 12354 10658  7400 11911 13301
  9609 14201 12206 11407] [] 1716195115.5567486286
[-1 -1 -1 -1 -1 -1 -1 -1  1 -1 -1 -1  1 -1] [ 3 11 18 19 20 21 26 27 28 29 35 42 44 45] [ 4023  7800  7489  8285 10381  9886 10449 12532 10643  7742 12111  9907
 12175 11774] [] 1716195115.5998868942
[-1 -1 -1 -1 -1 -1 -1  1  1 -1 -1 -1 -1] [ 3 11 18 19 20 21 26 27 28 29 35 42 44] [ 4343  7913  7619  9054 10795  9966 10570 12452 10637  8052 12992 10250
 12196] [] 1716195115.6428077221
[-1 -1 -1 -1 -1  1  1 -1  1 -1 -1 -1] [ 3 11 18 19 20 21 26 27 28 29 42 44] [ 4482  8874  7655  9118 11163  9903 10479 12488 10567  8073 11347 12889] [] 1716195115.6857633591
[-1 -1 -1 -1 -1 -1 -1 -1 -1 -1 -1  1] [ 3 11 18 19 20 21 26 27 28 29 42 44] [ 4849  8896  7822  9666 11769 10045 10765 12527 10616 10254 14137 12689] [] 1716195115.7286310196
[-1 -1 -1 -1 -1 -1 -1 -1 -1 -1  1 -1] [ 3 11 18 19 20 21 26 27 28 29 42 44] [ 4932  8978  7895  9698 12195 10115 10817 12537 10741 10298 12963 12852] [] 1716195115.7716608047
[-1 -1 -1 -1 -1 -1 -1 -1 -1 -1 -1] [ 3 11 18 19 20 21 26 27 28 29 44] [ 5614  9166 10599  9888 12770 10347 10986 12692 10789 10431 13305] [] 1716195115.8148331642
[-1  1 -1 -1 -1 -1  1 -1 -1 -1] [ 3 11 18 19 20 21 26 27 28 29] [ 5722  9117 10884  9925 13112 10550 10984 12726 10858 10512] [] 1716195115.8578076363
[-1  1  1  1 -1  1 -1 -1] [ 3 11 18 19 20 21 28 29] [ 7633  9018 10883  9790 13734 10538 10968 10547] [] 1716195115.9006311893
[-1 -1 -1 -1 -1 -1  1 -1] [ 3 11 18 19 20 21 28 29] [ 7710  9113 10938  9930 15922 10804 10788 10721] [] 1716195115.9437365532
[ 1 -1 -1 -1  1 -1 -1] [ 3 11 18 19 21 28 29] [ 7707  9137 12484  9949 10802 11127 10750] [] 1716195115.9868197441
[-1  1 -1 -1 -1 -1] [ 3 11 19 21 28 29] [ 7955  9093 10074 10966 11269 11011] [] 1716195116.0297222137
[-1 -1 -1 -1 -1 -1] [ 3 11 19 21 28 29] [ 8303  9234 10470 11296 11542 11389] [] 1716195116.0727653503
[1 1 1] [11 21 28] [ 8877 10938 11355] [] 1716195116.1156785488
[-1 -1 -1] [11 21 28] [ 8975 11064 11511] [] 1716195116.1587135792
[-1  1 -1] [11 21 28] [ 9137 11016 11588] [] 1716195116.2017319202
[-1 -1 -1] [11 21 28] [ 9453 11428 11855] [] 1716195116.2445871830
[1] [11] [8983] [] 1716195116.2876689434
[-1] [11] [9332] [] 1716195116.3306367397
[-1] [11] [9477] [] 1716195116.3737952709
[-1] [11] [10148] [] 1716195116.4166085720
[-1] [11] [14469] [] 1716195116.4598555565
2 2 2 1716195116.5887999535
