FA TAX ADC PRES TS
[-1] [28] [11186] [] 1716194252.5507471561
[1] [28] [10951] [] 1716194252.5937893391
[1] [28] [10818] [] 1716194252.6369016171
[1] [28] [10805] [] 1716194252.6797406673
[1] [28] [10713] [] 1716194252.7227149010
[ 1 -1 -1] [28 42 45] [10556 12972 13533] [] 1716194252.7657499313
[-1 -1  1  1] [11 28 42 45] [12292 11308 12613 12119] [] 1716194252.8087627888
[1 1 1 1] [11 28 42 45] [10052 10952 12547 12017] [] 1716194252.8517932892
[1 1 1 1] [11 28 42 45] [ 9804 10819 12455 11789] [] 1716194252.8948144913
[1 1 1 1] [11 28 42 45] [ 9622 10773 12318 11570] [] 1716194252.9378068447
[1 1 1 1] [11 28 42 45] [ 9512 10679 12219 11307] [] 1716194252.9806945324
[ 1  1 -1 -1 -1] [11 28 42 45 53] [ 9289 10533 12327 11438 15416] [] 1716194253.0237896442
[-1 -1 -1 -1 -1  1] [11 19 28 42 45 53] [ 9426 14207 10635 12459 11555 13184] [] 1716194253.0667715073
[-1  1  1  1 -1  1] [11 19 28 42 45 53] [ 9454 13399 10604 12388 11649 12714] [] 1716194253.1097688675
[-1  1  1 -1 -1 -1  1] [11 19 28 42 44 45 53] [ 9543 12724 10580 12529 15915 11749 12647] [] 1716194253.1527662277
[-1  1  1  1  1  1  1] [11 19 28 42 44 45 53] [ 9622 11836 10539 11553 14168 10519  9859] [] 1716194253.1957759857
[ 1  1 -1 -1  1  1  1] [11 19 28 42 44 45 53] [ 9488 11001 10609 11732 13874  9261  9464] [] 1716194253.2387592793
[ 1  1  1  1  1 -1 -1] [11 19 28 42 44 45 53] [ 9432 10146 10419 11156 13314  9586  9499] [] 1716194253.2817883492
[ 1  1 -1 -1 -1  1 -1  1] [11 19 28 29 42 44 45 53] [ 9409 10121 10565 12114 11357 13285 11684  9332] [] 1716194253.3246939182
[-1  1 -1  1  1 -1  1  1  1] [11 19 26 28 29 42 44 45 53] [ 9539 10094 13509 10534 11776 11509 12828 11654  9241] [] 1716194253.3677890301
[ 1  1  1  1  1  1 -1  1 -1] [11 19 26 28 29 42 44 45 53] [ 9279  9930 12917 10436 11483 11443 12912  8246  9317] [] 1716194253.4107222557
[-1 -1  1 -1 -1  1 -1  1  1  1] [11 19 26 27 28 29 42 44 45 53] [ 9433  9948 12715 15969 10518 11312 11502 12617  8084  9282] [] 1716194253.4538178444
[ 1 -1  1  1 -1  1  1  1  1  1] [11 19 26 27 28 29 42 44 45 53] [ 9315  9959 12535 13800 10573 10996 11438 12594  8014  9191] [] 1716194253.4967556000
[ 1 -1  1  1 -1  1  1  1 -1 -1 -1] [11 19 26 27 28 29 42 44 45 53 61] [ 9183 10060 12394 12790 10580 10857 11405 12427  8113  9377 13275] [] 1716194253.5398151875
[ 1  1  1  1  1  1  1 -1 -1 -1  1] [11 19 26 27 28 29 42 44 45 53 61] [ 9114  9916 12391 12692 10567 10820 11303 12486  8141  9537  8085] [] 1716194253.5828378201
[ 1  1  1  1 -1  1 -1  1  1 -1 -1  1] [11 19 26 27 28 29 42 44 45 53 54 61] [ 9038  9833 12086 12605 10674 10708 11346 12461  7624  9707 12773  7946] [] 1716194253.6258018017
[-1  1 -1  1 -1 -1  1  1 -1  1 -1  1 -1] [11 19 20 26 27 28 29 42 44 45 53 54 61] [ 9098  9831 15910 11965 12653 10882 10704 11255 12631  7432  9733 12446
  7959] [] 1716194253.6687543392
[-1 -1 -1  1  1  1  1  1  1 -1  1  1  1  1] [ 3 11 19 20 26 27 28 29 42 44 45 53 54 61] [ 9632  9225  9896 15103 11897 12617 10805 10691 10999 12647  7405  9675
 12241  7806] [] 1716194253.7118322849
[ 1  1  1  1  1  1 -1  1  1  1  1  1  1  1] [ 3 11 19 20 26 27 28 29 42 44 45 53 54 61] [ 9378  9175  9821 13627 11866 12547 10850 10687 10542 12514  7243  9631
 12115  7691] [] 1716194253.7548477650
[ 1  1  1  1  1  1  1  1 -1  1  1  1  1  1] [ 3 11 19 20 26 27 28 29 42 44 45 53 54 61] [ 7880  9012  9741 13310 11626 12337 10756 10544 10555 12259  7178  9539
 12053  7548] [] 1716194253.7978513241
[ 1  1  1 -1  1  1  1  1 -1  1  1 -1  1 -1] [ 3 11 19 20 26 27 28 29 42 44 45 53 54 61] [ 7707  8962  8592 13787 11429 12257 10684 10447 10695 12159  7131  9616
 11975  7549] [] 1716194253.8408789635
[ 1  1  1  1  1 -1  1  1 -1 -1  1  1 -1  1  1  1] [ 3 11 19 20 26 27 28 29 34 42 44 45 50 53 54 61] [ 7448  8933  8455 13318 10689 12309 10584 10378 14409 10852 12093  7105
 13070  9565 11870  7518] [] 1716194253.8838489056
[ 1  1  1  1  1  1  1  1  1  1  1 -1  1 -1  1 -1 -1] [ 3 11 19 20 26 27 28 29 42 44 45 47 50 53 54 55 61] [ 7365  8877  7537 13039 10377 12256 10485 10205 10803 10351  7095 15171
 11698  9677 10119 11646  7657] [] 1716194253.9268529415
[-1 -1  1  1 -1 -1  1 -1 -1  1  1  1  1  1  1 -1  1  1] [ 3 11 19 20 26 27 28 29 34 42 44 45 47 50 53 54 55 61] [ 7453  8897  7080 12281 10481 12323 10438 10304 13345 10687  8544  7048
 15127 11004  9416 10760 11245  7601] [] 1716194253.9698400497
[ 1 -1  1  1 -1 -1  1  1 -1  1  1 -1  1  1 -1  1  1 -1] [ 3 11 19 20 26 27 28 29 34 42 44 45 47 50 53 54 55 61] [ 7321  8923  6806 12280 11190 12446 10415 10238 13401 10286  7442  7079
 12359 10801  9631  9961 11146  7624] [] 1716194254.0127735138
[ 1 -1  1 -1  1 -1  1 -1  1  1  1 -1  1  1  1 -1  1  1] [ 3 11 19 20 26 27 28 29 34 42 44 45 47 50 53 54 55 61] [ 5485  8948  6562 12455 11134 12567 10396 10293 12554  9447  6938  7094
 10739 10697  9506 10014  9085  7620] [] 1716194254.0558071136
[ 1  1  1  1  1 -1 -1  1  1  1  1  1  1  1  1  1  1  1] [ 3 11 19 20 26 27 28 29 34 42 44 45 47 50 53 54 55 61] [ 5387  8805  5768 11800  8977 12898 10508 10236 11555  9196  6396  7038
 10173 10477  9467  9956  8450  7539] [] 1716194254.0988459587
[ 1 -1 -1  1  1 -1 -1  1 -1  1  1  1  1  1  1  1  1  1  1  1] [ 3 11 18 19 20 21 26 27 28 29 34 42 44 45 47 50 53 54 55 61] [ 5311  8854 12323  5480 11552 12096  9034 12817 10531 10047 11517  9190
  5940  6975  9931 10353  9365  9879  8318  7397] [] 1716194254.1418192387
[ 1 -1  1  1 -1  1  1  1 -1 -1  1 -1  1  1  1  1  1  1  1  1] [ 3 11 18 19 20 21 26 27 28 29 34 42 44 45 47 50 53 54 55 61] [ 5228  8861 11759  5274 11636 11377  8824 12644 10585 10314 11302  9471
  5721  6803  9922 10345  9227  9721  7881  7221] [] 1716194254.1849708557
[ 1  1  1  1  1  1  1 -1  1  1  1  1  1  1 -1  1  1  1  1  1  1] [ 3 11 18 19 20 21 26 27 28 29 34 42 44 45 46 47 50 53 54 55 61] [ 5177  8783 11216  5122 11500 11105  8456 12777 10506  9953  9574  9121
  5451  6762 13681  9318 10225  8395  9711  7254  7136] [] 1716194254.2278213501
[ 1  1  1  1  1  1  1 -1  1  1  1  1  1  1  1  1  1  1  1  1  1] [ 3 11 18 19 20 21 26 27 28 29 34 42 44 45 46 47 50 53 54 55 61] [ 5134  8763 10872  5027 11423 10826  8342 12937 10494  9868  9050  8961
  5158  6709 13485  8707 10099  7363  9582  6969  7006] [] 1716194254.2708621025
[ 1  1  1  1  1  1  1 -1  1 -1  1  1  1  1  1  1  1 -1  1  1 -1] [ 3 11 18 19 20 21 26 27 28 29 34 42 44 45 46 47 50 53 54 55 61] [ 5059  8695 10685  4961 11324 10708  8294 13122 10458  9885  8907  8709
  4970  6601 13387  8590 10069  7389  9533  6767  7026] [] 1716194254.3138267994
[ 1  1  1  1 -1  1  1  1  1  1  1  1  1 -1 -1  1  1  1  1  1  1] [ 3 11 18 19 20 21 26 27 28 29 34 42 44 45 46 47 50 53 54 55 61] [ 5013  8657 10528  4751 11408 10558  8181 12822 10455  8683  8663  7592
  4838  6613 13643  7967  9977  6804  9418  6512  6855] [] 1716194254.3568928242
[ 1  1 -1  1  1  1  1  1 -1  1  1  1  1  1  1  1  1  1  1  1  1] [ 3 11 18 19 20 21 26 27 28 29 34 42 44 45 46 47 50 53 54 55 61] [ 4733  8654 10538  4637 11278 10508  8055 12579 10534  8415  8628  6974
  4677  6503 13605  7628  9965  6294  9377  6302  6739] [] 1716194254.3998379707
[ 1  1  1  1  1  1  1  1  1  1  1  1  1  1  1  1 -1  1  1  1  1] [ 3 11 18 19 20 21 26 27 28 29 34 42 44 45 46 47 50 53 54 55 61] [ 4167  8617 10424  4552 11125 10273  8008 12457 10355  8215  8493  6945
  4565  6491 12008  7551  9988  6046  9332  5994  6713] [] 1716194254.4429416656
[-1  1  1  1  1  1  1  1  1  1  1  1  1  1  1  1  1  1  1  1  1] [ 3 11 18 19 20 21 26 27 28 29 34 42 44 45 46 47 50 53 54 55 61] [ 4187  8566 10382  4469 10986 10220  7944 12284 10289  8171  8389  6636
  4407  6378 10289  7157  9877  5815  9215  5462  6537] [] 1716194254.4862151146
[ 1 -1 -1  1  1  1  1  1  1  1  1  1  1  1  1  1  1  1  1  1  1  1] [ 3 10 11 18 19 20 21 26 27 28 29 34 42 44 45 46 47 50 53 54 55 61] [ 4175 16200  8575 10116  4355 10862 10122  7820 12270  9417  8010  7360
  6447  4234  6376  8264  6363  9771  5703  9127  5166  6517] [] 1716194254.5286936760
[ 1  1 -1 -1  1  1 -1  1  1  1  1  1  1  1  1  1  1  1  1  1  1  1] [ 3 10 11 18 19 20 21 26 27 28 29 34 42 44 45 46 47 50 53 54 55 61] [ 4094 16016  8636 10200  4184 10792 10230  7714 12193  8633  7016  7314
  6245  4095  6244  7841  6059  9726  5559  8940  4854  6347] [] 1716194254.5717649460
[ 1  1 -1  1  1  1  1  1 -1  1  1 -1  1  1  1  1  1 -1 -1  1  1  1 -1] [ 3 10 11 18 19 20 21 26 27 28 29 34 42 44 45 46 47 50 51 53 54 55 61] [ 4069 12800  8639  9970  4044 10721 10117  7615 12244  7453  6863  7350
  6136  4059  6223  7701  5935  9744 12119  5443  8925  4728  6356] [] 1716194254.6147615910
[1 1 1 1 1 1 1 1 1 1 1 1 1 1 1 1 1 1 1 1 1 1 1] [ 3 10 11 18 19 20 21 26 27 28 29 34 42 44 45 46 47 50 51 53 54 55 61] [ 4020 12312  8632  9906  4033 10638 10073  6773 12244  7342  6804  7318
  5522  3926  6103  7522  5475  8738 11679  5139  8625  4535  6261] [] 1716194254.6577210426
[ 1  1 -1 -1  1  1  1  1  1  1  1  1  1  1  1  1  1  1  1  1  1  1  1] [ 3 10 11 18 19 20 21 26 27 28 29 34 42 44 45 46 47 50 51 53 54 55 61] [ 4002 11821  8687  9914  3986  9929 10011  6269 12157  7159  6592  7271
  4995  3902  6088  7460  5374  8663 11365  5074  7123  4383  6261] [] 1716194254.7007703781
[ 1  1 -1 -1  1  1  1  1  1  1 -1 -1 -1 -1  1  1  1  1  1  1  1  1  1  1
  1] [ 3 10 11 18 19 20 21 26 27 28 29 34 35 36 42 44 45 46 47 50 51 53 54 55
 61] [ 3935 11210  8706  9936  3938  9547  9960  5882 12096  7041  6608  7313
 15789 14907  4718  3650  6053  7426  5138  8564 11207  5011  6741  4340
  6235] [] 1716194254.7437155247
[ 1  1  1  1  1  1 -1  1  1  1  1  1  1  1  1  1  1  1  1  1  1  1  1  1
  1] [ 3 10 11 18 19 20 21 26 27 28 29 34 35 36 42 44 45 46 47 50 51 53 54 55
 61] [ 3790 10441  8688  9789  3896  9228  9979  5698 11917  6887  5427  6137
 11750 12518  4315  3599  5935  7375  4652  8381 10303  4911  6667  4109
  6174] [] 1716194254.7867519855
[-1  1  1  1  1  1  1  1  1  1  1  1  1  1  1 -1  1  1  1  1  1 -1 -1  1
  1 -1] [ 3 10 11 18 19 20 21 26 27 28 29 34 35 36 42 44 45 46 47 50 51 52 53 54
 55 61] [ 3861  9994  7988  8346  3884  8859  9961  5665 11832  6560  5345  6001
 11530 10081  4170  3613  5805  7223  4549  8314 10169 13896  4948  6562
  4015  6219] [] 1716194254.8297452927
[ 1  1  1  1  1  1 -1  1  1  1 -1 -1  1  1 -1  1  1  1  1  1  1  1  1 -1
  1  1  1] [ 3 10 11 18 19 20 21 26 27 28 29 34 35 36 37 42 44 45 46 47 50 51 52 53
 54 55 61] [ 3829  9953  7894  6273  3862  8357 10042  5477 11730  5703  5349  6032
 11440  9058 16320  4050  3548  5581  7200  4522  8263  9932 13383  4967
  6288  3978  6168] [] 1716194254.8728020191
[-1 -1  1  1  1  1  1  1  1  1  1  1  1  1  1  1  1  1  1  1  1  1  1  1
  1  1  1  1] [ 1  3 10 11 18 19 20 21 26 27 28 29 34 35 36 37 42 44 45 46 47 50 51 52
 53 54 55 61] [16239  3849  9748  7103  6049  3842  7608  9977  5244 11668  5207  5347
  6017 11245  8514 14368  3880  3490  5476  6395  4415  8238  9740 12199
  4891  6221  3848  6089] [] 1716194254.9157426357
[ 1  1  1  1  1  1  1 -1  1 -1  1  1  1  1  1 -1  1  1  1  1  1  1 -1  1
  1  1 -1  1] [ 1  3 10 11 18 19 20 21 26 27 28 29 34 35 36 37 42 44 45 46 47 50 51 52
 53 54 55 61] [15276  3835  9025  6845  5997  3803  7445  9980  4989 11728  4935  5279
  6014 11106  8275 14440  3607  3391  5250  6325  4236  8218  9847 10771
  4751  5495  3882  6053] [] 1716194254.9587621689
[ 1  1  1  1  1  1  1  1  1 -1  1  1  1  1  1  1  1  1  1  1  1 -1 -1  1
 -1  1  1 -1 -1] [ 1  3 10 11 18 19 20 21 26 27 28 29 34 35 36 37 42 44 45 46 47 50 51 52
 53 54 55 60 61] [15065  3629  8994  6702  5901  3712  7282  9858  4859 11921  4572  5205
  5839 11017  7860 13712  3575  3348  5142  6179  4190  8323  9988 10060
  4756  5441  3865 12974  6110] [] 1716194255.0017554760
[ 1  1  1  1  1  1 -1  1  1  1  1  1 -1  1  1  1  1  1  1  1  1  1  1 -1
 -1  1  1  1  1  1] [ 1  3 10 11 18 19 20 21 26 27 28 29 32 34 35 36 37 42 44 45 46 47 50 51
 52 53 54 55 60 61] [15054  3541  8723  6657  5521  3663  7314  9760  4669 11828  4431  5152
 13052  5575 10878  7800 13558  3403  3275  5074  6118  4090  8260 10328
 10115  4596  5322  3781 12708  6061] [] 1716194255.0447809696
[ 1  1  1  1  1 -1  1  1  1  1  1  1  1  1 -1  1  1  1  1  1  1  1  1 -1
  1 -1  1  1  1  1] [ 1  3 10 11 18 19 20 21 26 27 28 29 32 34 35 36 37 42 44 45 46 47 50 51
 52 53 54 55 60 61] [14944  3520  8660  6235  5388  3677  7019  9689  4591 11583  4218  5128
 11881  5519 10889  7733 13339  3226  3205  4686  5983  4050  8113 10666
  9081  4611  4904  3761 10962  6041] [] 1716194255.0877444744
[ 1  1  1  1  1  1  1  1  1 -1  1  1  1  1  1  1  1  1  1  1  1  1 -1 -1
  1  1  1  1  1 -1] [ 1  3 10 11 18 19 20 21 26 27 28 29 32 34 35 36 37 42 44 45 46 47 50 51
 52 53 54 55 60 61] [14920  3204  8403  5843  4910  3620  6966  9621  4423 11676  4048  5064
 11012  5454 10521  7270 12620  3167  3151  4617  5842  3939  8190 10698
  7897  4591  4696  3638  8133  6054] [] 1716194255.1307442188
[ 1  1  1  1  1  1  1 -1  1  1  1  1  1 -1  1  1  1  1  1  1  1  1  1  1
  1  1  1  1  1 -1] [ 1  3 10 11 18 19 20 21 26 27 28 29 32 34 35 36 37 42 44 45 46 47 50 51
 52 53 54 55 60 61] [14888  3091  8290  5499  4847  3520  6931  9686  4359 11532  3921  5034
 10551  5511  9926  6935 12265  3062  3131  4552  5828  3860  8015 10587
  7591  4504  4652  3577  8067  6077] [] 1716194255.1737372875
[ 1  1  1  1  1  1 -1  1  1 -1  1  1 -1  1  1  1  1 -1 -1  1  1 -1 -1  1
 -1 -1  1  1  1  1  1  1] [ 1  3 10 11 18 19 20 21 26 27 28 29 32 34 35 36 37 38 41 42 44 45 46 47
 50 51 52 53 54 55 60 61] [14636  2990  7869  5097  4407  3446  7025  9617  4191 11537  3724  4777
 10627  5404  9583  6442 11849 15071 13269  3007  3079  4575  5858  3760
  8090 10594  7407  4178  4591  3508  7671  6014] [] 1716194255.2167906761
[-1  1  1  1  1  1  1 -1  1 -1  1  1 -1 -1  1  1  1  1  1  1  1  1  1  1
  1  1  1  1  1  1  1  1] [ 1  3 10 11 18 19 20 21 26 27 28 29 32 34 35 36 37 38 41 42 44 45 46 47
 50 51 52 53 54 55 60 61] [14730  2911  7772  4926  4391  3407  6875  9680  4075 11621  3674  4704
 10869  5421  9569  6345 11832 14243 12625  2940  3039  4303  5771  3669
  7985 10582  7120  4124  4457  3432  6447  5993] [] 1716194255.2598321438
[ 1  1  1  1  1  1  1 -1  1  1  1  1  1 -1  1  1 -1 -1  1  1  1  1  1  1
  1 -1  1  1  1  1  1  1] [ 1  3 10 11 18 19 20 21 26 27 28 29 32 34 35 36 37 38 41 42 44 45 46 47
 50 51 52 53 54 55 60 61] [14642  2798  7329  4597  4325  3360  6828  9760  3945 11506  3643  4695
 10863  5503  9225  6107 11856 14310 12620  2935  3007  4032  5728  3572
  7618 10588  6872  4117  4318  3415  6318  5960] [] 1716194255.3027768135
[-1  1  1  1  1  1  1  1  1 -1  1  1 -1 -1  1  1  1  1  1  1  1  1  1  1
  1  1  1  1  1  1  1  1] [ 1  3 10 11 18 19 20 21 26 27 28 29 32 34 35 36 37 38 41 42 44 45 46 47
 50 51 52 53 54 55 60 61] [14760  2707  7109  4419  4287  3334  6726  9658  3865 11580  3554  4621
 10959  5529  8809  5851 11755 13933 12452  2737  2947  3906  5220  3469
  7539  9086  6810  4006  4308  3323  6026  5940] [] 1716194255.3457822800
[ 1  1  1  1  1 -1  1  1  1  1  1  1 -1  1  1  1  1 -1  1  1  1  1  1  1
  1  1  1  1  1  1  1  1] [ 1  3 10 11 18 19 20 21 26 27 28 29 32 34 35 36 37 38 41 42 44 45 46 47
 50 51 52 53 54 55 60 61] [14630  2679  6787  4253  4191  3345  6466  9610  3807 11447  3417  4563
 11091  5309  7640  5748 11648 14099 12439  2666  2928  3896  4982  3424
  7001  9064  6723  3956  4259  3252  5870  5927] [] 1716194255.3888442516
[ 1  1  1  1  1  1 -1 -1  1  1  1 -1  1  1  1  1 -1 -1  1  1  1 -1  1 -1
  1  1  1  1 -1  1  1  1] [ 1  3 10 11 18 19 20 21 26 27 28 29 32 34 35 36 37 38 41 42 44 45 46 47
 50 51 52 53 54 55 60 61] [14563  2607  6761  4092  4169  3264  6487  9703  3635 11351  3242  4591
 10938  5025  7624  5286 11880 14117 12420  2652  2901  3904  4963  3436
  6806  9040  6682  3949  4269  3250  5776  5903] [] 1716194255.4318273067
[ 1  1  1  1  1 -1 -1  1  1  1  1  1  1  1 -1  1  1  1 -1  1 -1  1  1  1
  1 -1 -1  1  1  1 -1 -1] [ 1  3 10 11 18 19 20 21 26 27 28 29 32 34 35 36 37 38 41 42 44 45 46 47
 50 51 52 53 54 55 60 61] [14507  2591  6678  4046  4157  3299  6497  9578  3558 11324  3216  4519
 10895  5003  7629  5197 11652 14012 12483  2632  2939  3824  4951  3405
  6717  9078  6691  3940  4214  3232  5810  5992] [] 1716194255.4749562740
[ 1  1 -1  1 -1  1  1  1  1 -1  1  1  1  1  1  1  1  1  1 -1  1  1  1  1
  1 -1  1 -1  1 -1 -1  1] [ 1  3 10 11 18 19 20 21 26 27 28 29 32 34 35 36 37 38 41 42 44 45 46 47
 50 51 52 53 54 55 60 61] [14431  2569  6759  4027  4163  3235  6460  9569  3541 11339  3190  4495
 10814  4988  7610  5162 11602 13907 12419  2671  2890  3820  4924  3392
  6703  9099  6675  3961  4192  3237  5863  5892] [] 1716194255.5179390907
[ 1 -1  1  1 -1  1 -1  1 -1  1  1  1  1  1 -1  1  1 -1  1  1  1  1 -1 -1
  1 -1 -1 -1 -1  1  1 -1] [ 1  3 10 11 18 19 20 21 26 27 28 29 32 34 35 36 37 38 41 42 44 45 46 47
 50 51 52 53 54 55 60 61] [14390  2591  6658  4007  4183  3224  6466  9536  3551 11311  3173  4288
 10784  4983  7638  5067 11515 13955 12121  2659  2889  3820  4933  3440
  6677  9172  6719  3990  4194  3225  5846  5894] [] 1716194255.5609450340
[-1  1 -1 -1  1 -1 -1 -1 -1  1 -1  1  1 -1 -1 -1  1  1 -1 -1 -1 -1 -1 -1
 -1 -1 -1  1 -1 -1 -1 -1] [ 1  3 10 11 18 19 20 21 26 27 28 29 32 34 35 36 37 38 41 42 44 45 46 47
 50 51 52 53 54 55 60 61] [14507  2589  6684  4041  4159  3225  6479  9544  3567 11254  3182  4138
 10651  5021  7690  5199 11344 13773 12276  2689  2927  3849  5459  3498
  6933 10404  6748  3954  4247  3263  5954  5948] [] 1716194255.6039090157
[-1 -1 -1 -1 -1 -1 -1 -1 -1  1 -1 -1 -1 -1 -1 -1  1 -1  1 -1 -1 -1 -1 -1
 -1  1 -1 -1 -1 -1 -1 -1] [ 1  3 10 11 18 19 20 21 26 27 28 29 32 34 35 36 37 38 41 42 44 45 46 47
 50 51 52 53 54 55 60 61] [14517  2649  6973  4166  4207  3248  6738  9570  3685 11242  3338  4530
 10801  5191  7695  5788 11342 14363 11729  2825  2959  4268  5562  3630
  7777 10394  6981  4153  4399  3389  6446  6004] [] 1716194255.6469302177
[ 1 -1 -1 -1 -1 -1  1  1 -1  1 -1 -1  1 -1 -1 -1 -1  1 -1 -1 -1 -1 -1  1
  1 -1 -1 -1 -1 -1  1] [ 1  3 10 11 18 19 20 21 26 27 28 29 32 34 35 36 37 41 42 44 45 46 47 50
 51 52 53 54 55 60 61] [14409  2693  7022  4369  4283  3286  6655  9531  3781 11206  3367  4534
 10799  5237  8622  5817 11416 11669  2900  2996  4297  5616  3701  7683
 10347  7167  4364  4413  3432  6821  5975] [] 1716194255.6899526119
[ 1 -1 -1 -1 -1 -1 -1  1 -1 -1 -1 -1  1 -1 -1 -1 -1 -1 -1  1 -1 -1 -1  1
  1 -1 -1 -1 -1 -1  1] [ 1  3 10 11 18 19 20 21 26 27 28 29 32 34 35 36 37 41 42 44 45 46 47 50
 51 52 53 54 55 60 61] [14271  2839  7255  4677  4287  3304  6823  9530  3815 11228  3449  4564
 10500  5289  8652  5960 11496 16273  2963  2991  4325  5675  3880  7657
 10344  7211  4424  4482  3495 10931  5954] [] 1716194255.7329216003
[ 1 -1 -1 -1 -1 -1 -1  1 -1  1 -1 -1 -1  1  1 -1 -1 -1 -1 -1 -1 -1  1 -1
 -1  1 -1 -1 -1  1] [ 1  3 10 11 18 19 20 21 26 27 28 29 32 34 35 36 37 42 44 45 46 47 50 51
 52 53 54 55 60 61] [14162  2943  7397  4946  4646  3362  6874  9525  3818 11103  3615  4870
 10515  5253  8560  6136 11581  3147  3033  4453  5850  3959  7542 10394
  7372  4424  4595  3645 14012  5914] [] 1716194255.7758898735
[-1 -1 -1 -1 -1 -1 -1 -1 -1  1 -1 -1 -1 -1 -1 -1 -1 -1 -1 -1 -1 -1 -1 -1
 -1 -1 -1 -1  1] [ 1  3 10 11 18 19 20 21 26 27 28 29 32 34 35 36 37 42 44 45 46 47 50 51
 52 53 54 55 61] [14270  3287  7889  5441  4756  3428  7044  9533  4123 11051  3793  4898
 10707  5259  8746  6612 11814  3278  3150  4653  6063  4005  7590 10492
  7687  4461  5248  3679  5888] [] 1716194255.8188872337
[-1 -1 -1 -1 -1 -1  1 -1 -1  1 -1 -1 -1 -1 -1 -1 -1 -1 -1 -1 -1 -1 -1 -1
  1 -1 -1 -1 -1] [ 1  3 10 11 18 19 20 21 26 27 28 29 32 34 35 36 37 42 44 45 46 47 50 51
 52 53 54 55 61] [14378  3545  8294  5946  5247  3500  6930  9629  4497 11038  3992  5020
 14539  5297  8750  7054 12100  3473  3253  4672  6096  4038  7687 10605
  7684  4514  5376  3815  5939] [] 1716194255.8619346619
[-1 -1 -1 -1 -1 -1 -1 -1 -1 -1 -1  1 -1 -1 -1 -1 -1 -1 -1 -1 -1 -1  1 -1
 -1 -1 -1 -1] [ 1  3 10 11 18 19 20 21 26 27 28 29 34 35 36 37 42 44 45 46 47 50 51 52
 53 54 55 61] [14592  3666  8359  6579  5653  3577  7010  9648  4568 11103  4054  5008
  5390  9003  7170 12268  3734  3575  5289  6893  4121  7710  9678  8107
  4559  5877  3859  5993] [] 1716194255.9048681259
[-1 -1 -1 -1 -1 -1 -1 -1 -1  1 -1 -1 -1 -1 -1 -1 -1 -1 -1 -1 -1 -1  1 -1
 -1 -1 -1 -1] [ 1  3 10 11 18 19 20 21 26 27 28 29 34 35 36 37 42 44 45 46 47 50 51 52
 53 54 55 61] [16328  3722  9118  6651  5776  3634  7170  9684  4741 11007  4284  5111
  5423  9015  7283 12494  4088  3642  5757  6935  4349  7867  9644  8249
  4747  6008  4009  6107] [] 1716194255.9478559494
[ 1 -1 -1 -1 -1 -1 -1 -1  1 -1 -1  1 -1 -1 -1 -1 -1 -1 -1 -1 -1 -1 -1 -1
 -1 -1 -1] [ 3 10 11 18 19 20 21 26 27 28 29 34 35 36 37 42 44 45 46 47 50 51 52 53
 54 55 61] [ 3720  9382  7745  6149  3765  7335  9779  5058  9870  4732  5155  5412
  9832  8115 12902  4307  3696  5837  6943  4521  7996  9838  8504  4822
  6066  4072  6166] [] 1716194255.9909272194
[-1 -1 -1 -1 -1 -1  1 -1  1 -1 -1 -1  1 -1 -1 -1 -1 -1 -1 -1 -1 -1 -1 -1
 -1 -1 -1] [ 3 10 11 18 19 20 21 26 27 28 29 34 35 36 37 42 44 45 46 47 50 51 52 53
 54 55 61] [ 3754 10527  7800  6525  3790  8972  9776  5452  9426  5029  5368  5458
  9813  8493 13153  4491  3760  5866  7005  4696  9277 10222  9723  4943
  6195  4185  6206] [] 1716194256.0338861942
[-1 -1 -1 -1 -1  1  1 -1 -1 -1 -1 -1 -1 -1  1 -1 -1 -1 -1 -1 -1 -1 -1 -1
 -1 -1 -1] [ 3 10 11 18 19 20 21 26 27 28 29 34 35 36 37 42 44 45 46 47 50 51 52 53
 54 55 61] [ 3838 11756  8558  7366  3866  8768  9747  6005 10402  5561  6432  6398
  9985  9159 13097  4862  3890  6013  7135  4985  9343 10861 10462  4997
  6327  4292  6318] [] 1716194256.0768468380
[-1 -1  1 -1 -1 -1 -1 -1  1 -1 -1 -1 -1  1 -1 -1 -1 -1 -1 -1 -1 -1 -1 -1
 -1  1] [ 3 10 11 18 19 20 21 26 27 28 29 34 35 36 37 42 44 45 46 47 50 52 53 54
 55 61] [ 3965 12105  8496  7594  3928  9072  9843  6354  9630  5593  6521  6447
 10029  9013 13106  5443  3982  6076  7260  5303  9355 12626  5115  8719
  4756  6309] [] 1716194256.1198313236
[ 1 -1 -1 -1 -1 -1 -1 -1 -1 -1 -1 -1 -1 -1 -1 -1 -1  1 -1 -1  1  1 -1 -1
 -1 -1] [ 3 10 11 18 19 20 21 26 27 28 29 34 35 36 37 42 44 45 46 47 50 52 53 54
 55 61] [ 3939 12898  8570  9810  3958 10239  9868  7480 11438  5937  6684  7256
 13619  9283 13631  5468  4020  6069  7389  5981  9343 12273  5141  8814
  5175  6387] [] 1716194256.1628918648
[-1 -1  1 -1 -1 -1 -1 -1 -1 -1 -1 -1 -1 -1 -1 -1 -1 -1 -1 -1 -1 -1 -1 -1
 -1] [ 3 10 11 18 19 20 21 26 27 28 29 34 35 36 42 44 45 46 47 50 52 53 54 55
 61] [ 3971 13506  8561  9913  3967 10363  9920  7519 11461  6002  6750  7323
 15445 13331  6372  4223  6135  7922  6578  9385 14949  5532  8987  5666
  6491] [] 1716194256.2058529854
[-1 -1  1 -1 -1 -1 -1 -1 -1 -1 -1 -1 -1 -1 -1 -1 -1 -1 -1 -1 -1 -1] [ 3 10 11 18 19 20 21 26 27 28 29 34 42 44 45 46 47 50 53 54 55 61] [ 4066 13571  8555 10141  4009 10484 10055  7706 11567  6799  6758  7412
  6888  4427  6315  9462  7302  9501  5783  9236  6301  6644] [] 1716194256.2488191128
[-1 -1 -1  1 -1 -1 -1 -1 -1 -1 -1 -1 -1 -1  1 -1 -1 -1  1  1 -1 -1] [ 3 10 11 18 19 20 21 26 27 28 29 34 42 44 45 46 47 50 53 54 55 61] [ 4183 14066  8629 10042  4132 10573 10162  7795 11738  7436  6951  8541
  7312  4475  6311 13556  7371  9644  5780  9209  6923  6664] [] 1716194256.2918484211
[-1  1 -1 -1  1 -1  1  1 -1 -1 -1 -1 -1 -1 -1 -1 -1 -1 -1 -1 -1 -1] [ 3 11 18 19 20 21 26 27 28 29 34 35 42 44 45 46 47 50 53 54 55 61] [ 4829  8588 10300  4145 10518 10210  7777 11665 10044  7720  8577 16226
  8702  4651  6425 13802  8567  9759  6462  9303  7689  6815] [] 1716194256.3348155022
[-1 -1 -1 -1 -1 -1 -1 -1  1 -1 -1 -1 -1 -1 -1 -1 -1 -1 -1 -1 -1] [ 3 11 18 19 20 21 26 27 28 29 34 42 44 45 46 47 50 53 54 55 61] [ 4935  8599 10509  4337 10793 10353  8015 12015  9943  9393  8669  8909
  4751  6465 13988  9420 10056  6886  9379  8216  6911] [] 1716194256.3776695728
[-1 -1 -1 -1 -1 -1 -1 -1 -1 -1 -1  1 -1 -1  1 -1 -1 -1 -1 -1 -1] [ 3 11 18 19 20 21 26 27 28 29 34 42 44 45 46 47 50 53 54 55 61] [ 4995  8649 10603  4588 10873 10443  8131 12054  9999  9422  8780  8767
  4974  6642 13983  9929 10223  6998  9539  8732  7021] [] 1716194256.4206037521
[ 1 -1 -1 -1 -1 -1 -1  1 -1 -1  1 -1 -1 -1 -1 -1 -1  1 -1 -1] [ 3 11 18 19 20 21 26 27 28 29 34 42 44 45 47 50 53 54 55 61] [ 4981  8740 10724  4812 10946 10474  8282 12054 10041  9555  8741  8925
  5288  6708 10228 10465  7159  9523 11099  7100] [] 1716194256.4636564255
[-1 -1 -1 -1 -1 -1 -1 -1  1 -1 -1 -1 -1 -1 -1 -1  1  1 -1] [ 3 11 18 19 20 21 26 27 28 29 34 42 44 45 47 50 53 54 61] [ 5091  8742 10962  5004 11083 10578  8414 12092  9988  9656  8895  9323
  5569  6728 15566 10653  7103  9342  7173] [] 1716194256.5066301823
[ 1  1 -1 -1  1 -1  1 -1 -1 -1 -1 -1 -1 -1 -1 -1 -1] [ 3 11 19 20 21 26 27 28 29 34 42 44 45 50 53 54 61] [ 5081  8644  5072 11221 10573  8527 11984 10012  9853  8978  9484  6268
  6779 10728  7322  9424  7225] [] 1716194256.5496587753
[-1 -1 -1 -1 -1 -1 -1  1  1 -1 -1 -1 -1 -1 -1 -1 -1] [ 3 11 19 20 21 26 27 28 29 34 42 44 45 50 53 54 61] [ 5256  8734  5232 11400 10717 10016 12032  9955  9713 11483  9948  6835
  6873 11019  7567  9562  7462] [] 1716194256.5926084518
[-1  1 -1  1 -1 -1 -1 -1  1 -1  1 -1 -1 -1 -1  1] [ 3 11 19 20 21 26 27 28 29 34 42 44 45 53 54 61] [ 5365  8657  5363 11378 10799 10174 12320  9974  9678 12086  9621  9233
  6953  7906 12028  7461] [] 1716194256.6356139183
[-1 -1 -1  1  1 -1 -1 -1 -1 -1 -1 -1  1  1] [ 3 11 19 20 26 27 28 29 42 44 45 53 54 61] [ 5525  8687  5839 11366 10141 12391 10094  9739  9982 11889  6959  7929
 11967  7403] [] 1716194256.6785902977
[-1 -1 -1 -1 -1 -1  1 -1  1 -1 -1 -1 -1 -1] [ 3 11 19 20 26 27 28 29 42 44 45 53 54 61] [ 5643  8751  6542 12253 10220 12394  9945  9744  9937 11998  7043  8019
 12118  7527] [] 1716194256.7215807438
[-1  1 -1 -1 -1 -1 -1 -1 -1  1 -1 -1 -1 -1] [ 3 11 19 20 26 27 28 29 42 44 45 53 54 61] [ 5795  8739  7150 12346 10349 12545  9985  9888 10071 11989  7202  8250
 12351  7743] [] 1716194256.7645621300
[-1 -1 -1 -1 -1 -1 -1 -1 -1  1  1  1] [ 3 11 19 20 26 27 28 29 42 44 45 53] [ 7534  8851  7466 13468 10381 12662 10041  9985 10173 11803  6812  7970] [] 1716194256.8075528145
[-1  1 -1 -1  1  1 -1  1  1 -1 -1 -1] [ 3 11 19 20 26 27 28 29 42 44 45 53] [ 7617  8784  9451 14383 10333 12498 10151  9867 10101 11903  6953  8009] [] 1716194256.8505961895
[-1 -1 -1 -1 -1 -1 -1 -1 -1 -1 -1 -1] [ 3 11 19 20 26 27 28 29 42 44 45 53] [ 7791  8817  9467 14986 10495 12585 10187 10197 10119 12014  7699  8258] [] 1716194256.8935663700
[-1 -1 -1 -1 -1  1 -1 -1  1 -1 -1 -1] [ 3 11 19 20 26 27 28 29 42 44 45 53] [10304  8884  9559 15015 10748 12368 10317 10337  9990 12241  7807  8996] [] 1716194256.9365956783
[-1  1 -1 -1 -1 -1  1 -1  1 -1 -1 -1] [ 3 11 19 20 26 27 28 29 42 44 45 53] [16276  8859  9643 15256 10778 12504 10309 10344  9818 12526  7847  9055] [] 1716194256.9796090126
[-1 -1 -1 -1 -1 -1 -1 -1 -1 -1 -1] [11 19 20 26 27 28 29 42 44 45 53] [ 8867  9828 15321 11424 12624 10497 10490 10361 12741  7903  9268] [] 1716194257.0225477219
[-1  1 -1 -1 -1  1 -1 -1  1 -1 -1] [11 19 20 26 27 28 29 42 44 45 53] [ 8974  9805 15999 11865 12782 10449 10669 10467 12647  8029  9488] [] 1716194257.0655541420
[-1 -1 -1  1 -1 -1  1 -1  1 -1] [11 19 26 27 28 29 42 44 45 53] [ 9105  9870 12105 12695 10465 10990 10425 12777  7752 13275] [] 1716194257.1085829735
[ 1  1  1 -1 -1  1  1] [11 19 27 28 42 44 45] [ 9062  9684 12636 10542 10986 12614  7581] [] 1716194257.1515569687
[-1 -1  1  1  1 -1 -1] [11 19 27 28 42 44 45] [ 9216  9763 12588 10500 10868 13889  7633] [] 1716194257.1945488453
[-1 -1  1 -1 -1 -1] [11 19 27 28 42 45] [ 9320  9804 12580 10581 11679  7705] [] 1716194257.2375237942
[ 1 -1 -1 -1 -1 -1] [11 19 27 28 42 45] [ 9298  9886 12780 10672 11871  7808] [] 1716194257.2805438042
[ 1  1 -1 -1 -1] [11 19 28 42 45] [ 9238  9871 10715 12412  8309] [] 1716194257.3235471249
[-1 -1 -1 -1 -1] [11 19 28 42 45] [ 9455 10110 10995 12688 10224] [] 1716194257.3665413857
[-1 -1 -1  1 -1] [11 19 28 42 45] [ 9469 10868 11009 12685 14747] [] 1716194257.4095382690
[ 1 -1  1  1] [11 19 28 42] [ 9399 14487 10841 12517] [] 1716194257.4527297020
[1 1 1] [11 28 42] [ 9233 10489 12442] [] 1716194257.4956488609
[ 1 -1 -1] [11 28 42] [ 9230 10562 12594] [] 1716194257.5387108326
[-1  1 -1] [11 28 42] [ 9458 10445 12690] [] 1716194257.5816550255
[-1 -1 -1] [11 28 42] [ 9630 10473 12899] [] 1716194257.6246244907
[-1 -1] [11 28] [ 9890 10750] [] 1716194257.6677956581
[-1 -1] [11 28] [10006 10873] [] 1716194257.7105705738
[-1 -1] [11 28] [13129 11059] [] 1716194257.7535343170
[-1] [28] [11793] [] 1716194257.7967109680
2 2 2 1716194258.2196459770
