FA TAX ADC PRES TS
[-1] [19] [15393] [] 1716193343.7099406719
[1] [19] [14203] [] 1716193343.7527768612
[-1] [19] [14727] [] 1716193343.7959425449
[1] [19] [12214] [] 1716193343.8389024734
[1] [19] [11743] [] 1716193343.8819136620
[-1] [19] [11861] [] 1716193343.9248247147
[-1] [19] [12085] [] 1716193343.9678218365
[1] [19] [11983] [] 1716193344.0109186172
[1] [19] [11495] [] 1716193344.0539236069
[1] [19] [10566] [] 1716193344.0968530178
[ 1 -1] [19 42] [10420 14678] [] 1716193344.1398329735
[-1  1] [19 42] [10589 12104] [] 1716193344.1829152107
[1 1] [19 42] [10479 11655] [] 1716193344.2259082794
[1 1] [19 42] [10397 11516] [] 1716193344.2688341141
[1 1] [19 42] [10302 10511] [] 1716193344.3120291233
[-1 -1 -1 -1 -1] [11 19 29 42 45] [12989 10729 12433 10702 12737] [] 1716193344.3550007343
[ 1 -1  1 -1  1] [11 19 29 42 45] [10012 10943 12185 10779 12317] [] 1716193344.3979082108
[1 1 1 1 1] [11 19 29 42 45] [ 9914 10925 11689 10504 12051] [] 1716193344.4408910275
[ 1 -1  1  1  1  1] [11 18 19 29 42 45] [ 9656 16139 10851 11119  9616 11972] [] 1716193344.4839425087
[ 1  1 -1  1 -1  1] [11 18 19 29 42 45] [ 9598 10320 11235 10925  9667 11705] [] 1716193344.5268929005
[1 1 1 1 1 1] [11 18 19 29 42 45] [ 9504  9390 10859  8868  9280 11514] [] 1716193344.5699741840
[1 1 1 1 1 1] [11 18 19 29 42 45] [ 9406  8577 10810  8629  9226 11381] [] 1716193344.6129584312
[1 1 1 1 1 1] [11 18 19 29 42 45] [ 9268  8407 10474  8444  8450 11073] [] 1716193344.6559770107
[1 1 1 1 1 1] [11 18 19 29 42 45] [ 9153  7274 10177  8201  8122 10773] [] 1716193344.6989340782
[1 1 1 1 1 1] [11 18 19 29 42 45] [8935 6425 9843 7917 8043 7458] [] 1716193344.7419404984
[ 1 -1  1 -1  1  1 -1 -1] [11 18 19 27 29 42 44 45] [ 8876  6438  9771 13333  7526  7862 13139  7571] [] 1716193344.7850117683
[ 1  1  1  1 -1  1  1 -1 -1] [11 18 19 27 29 42 44 45 53] [ 8809  6007  9531 12871  7600  7815 13091  7883 11562] [] 1716193344.8280785084
[ 1  1  1 -1  1 -1  1  1 -1  1] [11 18 19 21 27 29 42 44 45 53] [ 8788  5700  9485 12756 12812  7660  7549 12926  7915  9199] [] 1716193344.8709678650
[ 1  1  1  1  1  1  1  1  1 -1  1] [11 18 19 21 27 29 42 44 45 50 53] [ 8730  5537  9193 12153 12717  7524  6566 12738  7741 15288  8063] [] 1716193344.9139816761
[-1  1  1  1 -1 -1  1 -1  1  1  1  1  1] [11 18 19 21 27 28 29 34 42 44 45 50 53] [ 8759  5110  7601 11273 12804 12460  6334 12102  6140 12683  7617 14930
  6978] [] 1716193344.9570059776
[1 1 1 1 1 1 1 1 1 1 1 1 1] [11 18 19 21 27 28 29 34 42 44 45 50 53] [ 8675  4812  7502 11000 12604 11871  6218 11917  6097 12499  7575 14812
  6688] [] 1716193345.0000140667
[ 1  1  1 -1 -1  1  1  1  1  1  1  1  1] [11 18 19 21 27 28 29 34 42 44 45 50 53] [ 8669  4617  7421 11026 12730 11795  5352 11651  5953 12438  7391 14496
  6393] [] 1716193345.0430209637
[ 1  1  1  1  1  1  1  1  1  1  1 -1  1] [11 18 19 21 27 28 29 34 42 44 45 50 53] [ 8652  4303  6998 10673 12504 11410  5080 11591  5239 12308  7234 14742
  6074] [] 1716193345.0859873295
[ 1  1  1 -1  1  1  1  1  1  1 -1  1  1  1] [11 18 19 20 21 27 28 29 34 42 44 45 50 53] [ 8509  3918  6493 15447 10509 12290 11176  4912 11523  4508 12333  7201
 13996  5812] [] 1716193345.1290376186
[-1 -1  1  1  1  1 -1  1  1 -1 -1  1  1 -1 -1  1] [ 3 11 18 19 20 21 27 28 29 34 41 42 44 45 50 53] [ 9255  8625  3879  6268 14654 10337 12372 11054  4796 11590 14327  4346
 11319  7270 14178  5759] [] 1716193345.1720788479
[ 1  1  1  1  1 -1  1  1  1  1  1  1  1  1 -1  1] [ 3 11 18 19 20 21 27 28 29 34 41 42 44 45 50 53] [ 7887  8553  3726  5805 14481 10405 12245 10996  4740 11395 13901  3946
 10853  7150 14528  5609] [] 1716193345.2150290012
[ 1  1  1  1  1  1 -1  1  1  1 -1  1  1  1 -1 -1 -1  1] [ 3 11 18 19 20 21 27 28 29 34 35 41 42 44 45 50 52 53] [ 7422  8509  3478  5521 13629 10095 12302 10879  4641  9300 13849 13489
  3656 10344  7166 14662 14693  5379] [] 1716193345.2580389977
[ 1  1  1  1  1  1 -1  1 -1  1 -1  1  1  1  1  1  1  1] [ 3 11 18 19 20 21 27 28 29 34 35 41 42 44 45 50 52 53] [ 7367  8493  3406  5349 13283  9922 12467 10839  4669  8834 13898 13032
  3562  9306  7141 10253 13908  5245] [] 1716193345.3010902405
[ 1  1  1  1  1 -1 -1  1  1  1  1  1  1  1  1  1  1  1] [ 3 11 18 19 20 21 27 28 29 34 35 41 42 44 45 50 52 53] [ 7217  8343  3233  5313 12784  9933 12536 10798  4587  8443 13872  9474
  3424  7703  7116  7683 12505  4704] [] 1716193345.3440961838
[-1  1  1  1  1  1 -1  1  1  1  1  1  1  1  1  1  1  1  1] [ 1  3 11 18 19 20 21 27 28 29 34 35 41 42 44 45 50 52 53] [15347  5252  7787  3085  5090 12325  9956 12529 10787  4290  8325 13298
  9209  3196  6835  7028  7063 12097  4646] [] 1716193345.3870501518
[-1  1 -1  1  1  1  1  1  1 -1  1  1 -1 -1 -1  1  1 -1  1  1  1] [ 1  3  4 11 18 19 20 21 27 28 29 34 35 37 41 42 44 45 50 52 53] [15554  5141 15855  7575  2923  4983 12126  9788 10056 10793  4189  8197
 13346 16360  9303  3072  6028  7551  6590  9815  4532] [] 1716193345.4300298691
[ 1  1  1  1  1  1 -1 -1 -1 -1 -1 -1  1 -1  1  1  1  1  1  1 -1  1 -1] [ 1  3  4 11 18 19 20 21 24 27 28 29 34 35 37 41 42 44 45 50 51 52 53] [15130  5101 14553  7502  2795  4917 12195  9922 11919 10182 10918  4276
  7278 13363 13067  9051  2984  5511  7056  6029 12382  9087  4572] [] 1716193345.4730367661
[-1  1  1  1  1  1  1 -1  1  1  1  1  1 -1  1  1  1  1  1 -1  1  1  1] [ 1  3  4 11 18 19 20 21 24 27 28 29 34 35 37 41 42 44 45 50 51 52 53] [15256  5005 14266  7468  2678  4619 11836  9972 11638  9977 10860  4216
  7258 13540 12944  8695  2826  5289  6907  6436 11990  6768  4500] [] 1716193345.5160639286
[ 1  1  1  1  1  1  1 -1  1  1  1  1  1  1  1  1  1  1  1  1  1  1 -1] [ 1  3  4 11 18 19 20 21 24 27 28 29 34 35 37 41 42 44 45 50 51 52 53] [15232  4991 14121  7435  2534  4418 11613  9988 10557  9768 10835  3903
  7180 11758 12926  8599  2749  5227  6867  5649 11894  6364  4530] [] 1716193345.5590100288
[ 1 -1 -1  1  1  1  1  1  1  1  1  1 -1  1  1  1  1 -1  1 -1  1 -1  1 -1
 -1 -1] [ 1  3  4 11 18 19 20 21 24 27 28 29 34 35 37 41 42 43 44 45 50 51 52 53
 54 60] [14852  5015 14239  7374  2497  4325 10404  9894 10184  9692 10789  3796
  7200 11053 12654  7899  2702 16274  4983  6965  5353 11940  6051  4556
  8743 12862] [] 1716193345.6021628380
[ 1 -1 -1  1 -1  1  1 -1 -1  1  1  1 -1  1 -1  1  1  1  1  1  1  1  1  1
  1  1] [ 1  3  4 11 18 19 20 21 24 27 28 29 34 35 37 41 42 43 44 45 50 51 52 53
 54 60] [10498  5023 14287  6172  2520  4195  9074 10028 10400  9687 10778  3779
  7210 10485 13000  7675  2602 16270  4778  6925  5105 11762  5683  4408
  7570 12773] [] 1716193345.6450476646
[-1  1  1  1  1  1  1  1  1  1 -1  1  1  1  1  1  1  1  1 -1  1  1  1 -1
 -1 -1  1] [ 1  3  4 11 18 19 20 21 24 27 28 29 34 35 37 41 42 43 44 45 50 51 52 53
 54 55 60] [10922  4625 14247  6117  2451  4107  8926  9998 10276  9406 10834  3678
  7147 10215 12683  7008  2474 15064  4436  6938  4863  9099  5477  4504
  7759  8271 11261] [] 1716193345.6879744530
[-1  1 -1 -1  1 -1  1  1  1  1 -1  1  1 -1  1 -1  1  1 -1  1 -1  1  1  1
 -1 -1  1 -1 -1] [ 1  3  4 10 11 18 19 20 21 24 27 28 29 34 35 37 41 42 43 44 45 50 51 52
 53 54 55 60 61] [11224  4177 14349 16246  5783  2463  4047  8760  9998 10214  9453 10710
  3585  7167 10146 12842  6536  2372 15355  4319  6956  4366  8720  5431
  4690  7929  7359 11413  9726] [] 1716193345.7310397625
[ 1  1  1  1  1  1  1  1  1  1 -1  1  1  1  1  1  1  1  1  1 -1  1  1  1
  1  1  1  1  1] [ 1  3  4 10 11 18 19 20 21 24 27 28 29 34 35 37 41 42 43 44 45 50 51 52
 53 54 55 60 61] [10708  4115 14333 15924  5499  2359  3961  8695  9994 10202  9495 10623
  3549  7052  9823 12642  6280  2312 14706  4223  6985  4226  8530  5126
  4480  6886  6649  9353  7219] [] 1716193345.7742123604
[ 1  1 -1  1  1  1  1  1  1  1  1 -1  1  1 -1  1  1  1 -1  1  1  1  1  1
  1  1  1  1  1] [ 1  3  4 10 11 18 19 20 21 24 27 28 29 34 35 37 41 42 43 44 45 50 51 52
 53 54 55 60 61] [10693  4009 14659 15909  5175  2268  3887  8542  9343 10114  9385 10781
  3471  6662 10040 12432  5824  2244 14729  4063  6914  4184  8405  4832
  4141  6571  5724  7991  6918] [] 1716193345.8170959949
[ 1  1  1  1  1  1  1  1  1  1  1 -1  1  1  1 -1  1  1  1  1  1  1  1  1
  1  1  1  1  1] [ 1  3  4 10 11 18 19 20 21 24 27 28 29 34 35 37 41 42 43 44 45 50 51 52
 53 54 55 60 61] [10664  3989 11311 13826  4819  2209  3819  8374  9000  9919  7761 10814
  3239  6501  9568 12452  5717  2194 14008  3938  6910  3998  8264  4681
  4084  6426  5316  7521  6882] [] 1716193345.8601136208
[ 1  1  1  1  1  1  1  1  1  1  1 -1  1  1  1 -1 -1  1  1 -1  1 -1  1  1
  1  1  1  1  1  1] [ 1  3  4 10 11 18 19 20 21 24 27 28 29 34 35 36 37 41 42 43 44 45 50 51
 52 53 54 55 60 61] [10592  3972 11106 13692  4676  2193  3704  8259  8927  9227  7546 10821
  3115  6388  9502 14416 12562  5314  2170 14256  3791  7059  3612  8181
  4474  4056  6334  5078  7237  6770] [] 1716193345.9030678272
[ 1 -1 -1  1  1  1 -1  1  1  1  1 -1  1  1  1  1  1  1 -1  1  1 -1  1 -1
  1  1  1  1  1  1  1  1] [ 1  2  3  4 10 11 18 19 20 21 24 25 27 28 29 34 35 36 37 41 42 43 44 45
 50 51 52 53 54 55 60 61] [10476 14316  4057 10159 12972  4517  2225  3605  8203  8836  8006 15580
  6634 10723  3101  5318  9420 14308 12784  5192  2094 14779  3664  7429
  3236  8095  4375  3862  5907  4671  6469  6674] [] 1716193345.9461522102
[ 1 -1  1  1  1  1  1  1  1 -1 -1  1 -1  1  1  1  1 -1  1  1 -1  1 -1  1
  1  1 -1  1  1  1  1  1  1] [ 1  2  3  4 10 11 18 19 20 21 23 24 25 27 28 29 34 35 36 37 41 42 43 44
 45 50 51 52 53 54 55 60 61] [ 8737 14671  3930  8291 12108  4511  2124  3563  8145  8864 16061  6460
 15768  5992 10591  2905  4636  9561 13845 12605  5201  2076 15399  3632
  7405  3146  8149  4283  3808  5823  4574  6330  6630] [] 1716193345.9888803959
[-1 -1  1  1  1  1  1  1  1  1  1  1  1  1  1 -1  1  1  1  1  1  1  1  1
 -1 -1  1  1  1  1 -1  1  1] [ 1  2  3  4 10 11 18 19 20 21 23 24 25 27 28 29 34 35 36 37 41 42 43 44
 45 50 51 52 53 54 55 60 61] [ 8823 14743  3918  8096 11944  4401  2106  3505  8059  8821 15967  6084
 13540  5744 10528  2935  4515  9393 13765 12541  5182  2064 15103  3600
  7436  3198  8078  4221  3790  5797  4603  6318  6600] [] 1716193346.0321073532
[ 1  1  1 -1 -1  1 -1  1  1  1 -1  1  1  1 -1  1  1  1 -1 -1  1  1  1  1
 -1  1  1  1 -1 -1  1  1 -1] [ 1  2  3  4 10 11 18 19 20 21 23 24 25 27 28 29 34 35 36 37 41 42 43 44
 45 50 51 52 53 54 55 60 61] [ 8750 14541  3864  8199 11956  4303  2119  3496  8017  8787 16341  5878
 13360  5671 10559  2831  4451  9325 13775 12596  5162  2058 15103  3554
  7583  3132  8024  4188  3796  5831  4538  6245  6623] [] 1716193346.0750992298
[ 1  1  1 -1  1  1  1  1  1  1  1  1  1  1  1 -1  1  1 -1 -1  1  1 -1  1
 -1  1  1 -1 -1 -1 -1  1 -1] [ 1  2  3  4 10 11 18 19 20 21 23 24 25 27 28 29 34 35 36 37 41 42 43 44
 45 50 51 52 53 54 55 60 61] [ 8742 14431  3831  8354 11600  4271  2097  3477  7961  8661 15807  5800
 12856  5659 10495  2841  4385  9112 13809 12631  5066  2048 15187  3544
 10486  3110  8016  4195  3814  5848  4584  6238  6629] [] 1716193346.1180636883
[ 1 -1 -1 -1  1  1  1  1 -1  1  1  1  1  1  1 -1  1 -1  1  1 -1 -1  1 -1
  1 -1 -1 -1 -1 -1 -1 -1 -1] [ 1  2  3  4 10 11 18 19 20 21 23 24 25 27 28 29 34 35 36 37 41 42 43 44
 45 50 51 52 53 54 55 60 61] [ 8695 14503  3875  8425 11533  4215  2088  3455  7977  8657 15759  5742
 12603  5589 10484  2879  4350  9244 13761 12586  5148  2064 15181  3585
 10420  3263  8062  4304  3913  6293  4943  6369  6719] [] 1716193346.1610250473
[-1  1 -1  1 -1 -1 -1 -1  1  1 -1 -1 -1 -1  1  1 -1  1  1  1  1 -1  1  1
  1 -1  1 -1 -1 -1 -1 -1 -1] [ 1  2  3  4 10 11 18 19 20 21 23 24 25 27 28 29 34 35 36 37 41 42 43 44
 45 50 51 52 53 54 55 60 61] [ 8838 14373  3886  8205 11577  4241  2101  3518  7966  8644 15935  5967
 12876  5658 10423  2879  4495  9026 13761 12442  5099  2081 14699  3555
 10409  3567  8056  4397  3940  6451  5092  6941  6828] [] 1716193346.2040934563
[-1  1 -1  1 -1 -1 -1  1 -1 -1 -1 -1  1 -1 -1 -1 -1 -1 -1 -1  1 -1  1 -1
 -1 -1 -1 -1 -1 -1 -1] [ 1  2  3  4 10 11 18 19 20 21 24 27 28 29 34 35 36 37 41 42 43 44 45 50
 51 52 53 54 55 60 61] [10267 14255  3982  7993 11718  4296  2137  3492  8050  8724  6523  6489
 10319  2933  4731  9183 14117 12534  5242  2116 14663  3764 10372  3863
  8153  4623  3995  7554  6345  7530  6911] [] 1716193346.2471330166
[-1  1 -1 -1 -1 -1  1  1  1 -1 -1  1 -1 -1  1  1 -1 -1 -1 -1  1 -1 -1 -1
 -1 -1 -1 -1  1] [ 1  3  4 10 11 18 19 20 21 24 27 28 29 34 35 37 41 42 43 44 45 50 51 52
 53 54 55 60 61] [10494  3909  9606 11790  4553  2160  3489  8037  8521  8404  7106 10294
  2994  5509  8957 12302  5371  2160 14734  3903 10290  4006  8277  4753
  4042  7627  7080  7793  6909] [] 1716193346.2900145054
[-1  1 -1 -1 -1 -1 -1  1  1 -1 -1  1 -1 -1  1 -1 -1 -1  1 -1 -1 -1  1 -1
  1  1 -1  1] [ 1  3  4 10 11 18 19 20 21 24 27 28 29 34 35 37 41 42 43 44 45 50 51 52
 53 54 60 61] [10704  3901 12439 11926  4615  2181  3529  8005  8398  8489  7129 10287
  3043  6276  8447 12333  5760  2214 14731  4114 10325  4032  8247  4963
  3979  7401  8910  6785] [] 1716193346.3329648972
[-1  1 -1 -1 -1 -1 -1 -1  1 -1  1 -1 -1 -1 -1  1 -1 -1 -1 -1  1 -1 -1 -1
 -1 -1 -1 -1] [ 1  3  4 10 11 18 19 20 21 24 27 28 29 34 35 37 41 42 43 44 45 50 51 52
 53 54 60 61] [11040  3887 14751 12098  5212  2273  3635  8075  8389  9260  7055 10322
  3295  6417  9041 12059  6044  2309 14904  4363 10325  4261  8366  5233
  4268  8807 11072  6813] [] 1716193346.3760762215
[-1 -1  1 -1 -1 -1 -1 -1  1 -1 -1  1 -1 -1 -1  1 -1 -1  1 -1  1 -1 -1 -1
  1 -1  1] [ 1  3  4 10 11 18 19 20 21 24 27 28 29 34 35 37 41 42 43 44 45 50 51 52
 53 60 61] [11259  3904 14118 12658  5447  2319  3735  8144  8362  9347  7077 10317
  3327  6795  9424 11904  6220  2372 14775  4453 10222  4632  8495  5465
  4218 12941  6595] [] 1716193346.4190626144
[-1 -1 -1 -1 -1 -1  1 -1 -1 -1 -1  1 -1 -1  1 -1 -1 -1  1 -1 -1 -1 -1 -1
  1 -1] [ 1  3  4 10 11 18 19 20 21 24 27 28 29 34 35 37 41 42 43 44 45 50 51 52
 53 60] [15181  3925 14123 13042  5549  2334  3724  8236  8767  9414  7111 10283
  3387  7012  9396 12315  6938  2524 14712  4711 10297  4867 11640  5993
  4180 13113] [] 1716193346.4620099068
[ 1 -1  1 -1 -1 -1 -1 -1 -1 -1 -1  1 -1 -1 -1 -1 -1 -1 -1 -1  1 -1  1  1
 -1] [ 1  3  4 10 11 18 19 20 21 24 27 28 29 34 35 37 41 42 43 44 45 50 51 52
 53] [14854  3959 13989 15616  5867  2436  3832  8411  9657  9634  7241 10273
  3406  7071  9585 12340  7312  2596 14785  5057 10177  5125 11623  5964
  4182] [] 1716193346.5049335957
[-1 -1 -1 -1 -1 -1 -1  1 -1 -1 -1 -1  1 -1  1 -1 -1 -1 -1 -1 -1 -1 -1 -1] [ 1  3  4 11 18 19 20 21 24 27 28 29 34 35 37 41 42 43 44 45 50 51 52 53] [14856  4697 14535  6171  2489  3905  8558  9638  9775  7403 10408  3655
  7037  9934 12337  8558  2794 16198  5548 10234  5681 11825  6923  4272] [] 1716193346.5481216908
[ 1 -1  1 -1 -1 -1 -1  1 -1  1  1 -1 -1 -1 -1 -1 -1  1 -1  1 -1 -1 -1 -1] [ 1  3  4 11 18 19 20 21 24 27 28 29 34 35 37 41 42 43 44 45 50 51 52 53] [14753  4797 14463  6789  2621  4006  8579  9595 10169  7390 10397  3759
  7113 11000 12653  9027  2876 15168  5684  8919  6454 11877  7228  4360] [] 1716193346.5910789967
[ 1  1 -1 -1 -1 -1 -1  1 -1 -1 -1 -1  1 -1 -1  1 -1 -1  1 -1 -1 -1 -1] [ 1  3  4 11 18 19 20 21 24 27 28 29 34 35 37 41 42 44 45 50 51 52 53] [14536  4773 14691  7343  2695  4100 10877  9524 10395  7487 10449  3799
  7105 12521 13047  8833  2994  6782  7809  6751 12897 10129  4625] [] 1716193346.6340184212
[ 1 -1  1 -1 -1 -1  1 -1 -1 -1 -1 -1 -1 -1 -1 -1 -1 -1 -1 -1] [ 1  3 11 18 19 20 21 27 28 29 34 35 37 41 42 44 45 50 52 53] [14188  4883  7307  2941  4214 10983  9439  8515 10508  3941  8158 12607
 16127 11843  3049  7469  9801  8677 11654  4674] [] 1716193346.6769764423
[ 1 -1 -1 -1 -1 -1  1 -1 -1 -1  1 -1 -1 -1 -1  1 -1 -1 -1] [ 1  3 11 18 19 20 21 27 28 29 34 35 41 42 44 45 50 52 53] [14108  4898  7455  3069  4449 11049  9369  8571 10565  3999  8116 12800
 12011  3187  9004  8065 14040 12033  5048] [] 1716193346.7200710773
[ 1 -1  1 -1 -1 -1 -1 -1 -1 -1 -1 -1 -1 -1 -1  1  1 -1 -1] [ 1  3 11 18 19 20 21 27 28 29 34 35 41 42 44 45 50 52 53] [13962  6823  7405  3263  4697 11175  9470  8637 10679  4250  8306 13453
 14359  3454 10178  7142 11741 15550  6317] [] 1716193346.7631030083
[-1 -1 -1 -1 -1 -1 -1  1 -1 -1 -1 -1 -1 -1 -1 -1] [ 1  3 11 18 19 20 21 27 28 29 34 42 44 45 50 53] [15494  7139  7555  3485  4946 11412  9579  8581 10742  4372 10716  3556
 11892  7252 14574  6662] [] 1716193346.8060126305
[-1 -1 -1 -1 -1 -1 -1 -1 -1 -1 -1 -1 -1 -1 -1] [ 3 11 18 19 20 21 27 28 29 34 42 44 45 50 53] [ 7225  7643  3723  5259 11825  9757  8684 10825  4606 10854  3914 12647
  7602 14807  6744] [] 1716193346.8489437103
[-1 -1 -1 -1 -1 -1 -1 -1 -1 -1 -1 -1 -1  1 -1] [ 3 11 18 19 20 21 27 28 29 34 42 44 45 50 53] [ 8610  7694  4167  5532 11927  9811  8903 10873  4811 11142  4195 12764
  7870 14624  7464] [] 1716193346.8920063972
[-1 -1 -1 -1 -1 -1 -1 -1 -1 -1 -1 -1 -1 -1] [11 18 19 20 21 27 28 29 34 42 44 45 50 53] [ 8518  4407  6313 12123  9901  9048 10958  5015 11346  4881 12869  8145
 14949 11138] [] 1716193346.9350237846
[ 1 -1 -1 -1 -1 -1 -1 -1 -1 -1 -1 -1 -1] [11 18 19 20 21 27 28 29 34 42 44 45 50] [ 8504  5263  7341 12820 10303  9193 11071  5198 11705  5717 13179  8146
 15327] [] 1716193346.9779000282
[ 1 -1 -1 -1 -1 -1  1 -1  1 -1 -1] [11 18 19 20 21 27 28 29 34 42 45] [ 8487  5748  7530 13148 10325  9271 11045  5404 11696  5869 10632] [] 1716193347.0208683014
[-1 -1 -1 -1 -1 -1 -1 -1 -1 -1 -1] [11 18 19 20 21 27 28 29 34 42 45] [ 8519  6412  9114 13689 10435  9354 11227  6170 12012  6070 11118] [] 1716193347.0640425682
[-1 -1 -1  1 -1 -1 -1 -1 -1 -1] [11 18 19 20 21 27 28 29 42 45] [ 8581  7244  9316 13359 10673  9728 11568  7520  6609 11482] [] 1716193347.1070489883
[-1 -1 -1 -1 -1 -1  1 -1  1 -1] [11 18 19 20 21 27 28 29 42 45] [ 8599  8139  9608 15086 10876 15445 11371  7680  6159 11953] [] 1716193347.1499614716
[ 1 -1  1  1 -1 -1 -1  1] [11 18 19 21 27 29 42 45] [ 8577  9534  9526 10873 15676  7688  6675 11866] [] 1716193347.1928036213
[-1 -1  1 -1 -1 -1  1 -1] [11 18 19 21 27 29 42 45] [ 8659 13495  9277 11889 16307  8345  6675 12522] [] 1716193347.2359895706
[ 1  1 -1 -1] [11 19 29 42] [8621 9135 8352 7108] [] 1716193347.2789776325
[-1 -1  1 -1] [11 19 29 42] [8682 9148 8171 9603] [] 1716193347.3219459057
[-1 -1 -1 -1] [11 19 29 42] [8871 9423 8403 9945] [] 1716193347.3649759293
[-1 -1 -1  1] [11 19 29 42] [ 8967  9623 10342  9799] [] 1716193347.4079468250
[-1 -1 -1 -1] [11 19 29 42] [ 9079  9743 10910 12301] [] 1716193347.4509525299
[-1 -1 -1  1] [11 19 29 42] [ 9399  9960 11440 12159] [] 1716193347.4939103127
[-1 -1  1] [11 19 29] [ 9695 10162 11385] [] 1716193347.5368878841
[ 1 -1] [11 28] [ 9534 11439] [] 1716193347.5799357891
[ 1 -1] [11 34] [ 9517 11373] [] 1716193347.6229414940
[ 1 -1] [11 44] [ 9141 13198] [] 1716193347.6658592224
[-1 -1 -1] [11 28 44] [ 9825 11147 13390] [] 1716193347.7089548111
[-1 -1 -1] [11 27 28] [10998 14183 11807] [] 1716193347.7519495487
[1 1] [11 28] [ 9758 10712] [] 1716193347.7949318886
[-1] [29] [11088] [] 1716193347.8378667831
[-1 -1] [28 44] [11315 13001] [] 1716193347.8807737827
[-1] [28] [11779] [] 1716193347.9239447117
[1] [28] [10771] [] 1716193347.9669249058
[-1] [44] [12100] [] 1716193348.1819171906
[-1] [44] [12341] [] 1716193348.2248265743
[1] [44] [11849] [] 1716193348.2679405212
[-1] [44] [11934] [] 1716193348.3109202385
[-1] [44] [12379] [] 1716193348.3538467884
[1] [44] [11985] [] 1716193348.3967816830
[1] [44] [11891] [] 1716193348.4399094582
[-1] [44] [12130] [] 1716193348.4973003864
2 2 2 1716193348.4975736141
