FA TAX ADC PRES TS
[-1 -1] [11 29] [11157 13353] [] 1716193406.9914278984
[ 1 -1  1] [11 21 29] [10539 13059 12525] [] 1716193407.0344543457
[1 1 1] [11 21 29] [10141 12142 11805] [] 1716193407.0774068832
[1 1 1] [11 21 29] [10006 12002 11569] [] 1716193407.1204910278
[ 1 -1  1] [11 21 29] [ 9939 12313 11465] [] 1716193407.1634681225
[ 1  1 -1 -1] [11 21 28 29] [ 9898 11592 12321 11468] [] 1716193407.2064633369
[1 1 1 1] [11 21 28 29] [ 9798 11391 12111 11103] [] 1716193407.2494530678
[1 1 1 1] [11 21 28 29] [ 9483 10947 11750 10762] [] 1716193407.2924368382
[ 1  1  1 -1] [11 21 28 29] [ 9389 10756 11600 10847] [] 1716193407.3354949951
[1 1 1 1] [11 21 28 29] [ 9322 10741 11131 10571] [] 1716193407.3784234524
[1 1 1 1] [11 21 28 29] [ 9151 10657 11022 10553] [] 1716193407.4215295315
[1 1 1 1] [11 21 28 29] [ 8962 10505 10755 10432] [] 1716193407.4644310474
[1 1 1 1] [11 21 28 29] [ 8939 10109 10643 10365] [] 1716193407.5074808598
[1 1 1 1] [11 21 28 29] [ 8915 10000 10599 10163] [] 1716193407.5504324436
[ 1  1 -1  1] [11 21 28 29] [ 8841  9884 10674 10070] [] 1716193407.5933346748
[ 1  1 -1 -1] [11 21 28 29] [ 8796  9866 10733 10079] [] 1716193407.6364009380
[-1 -1  1 -1  1 -1] [11 20 21 23 28 29] [ 8819 16072  9843 15471 10709 10087] [] 1716193407.6793973446
[1 1 1 1 1 1] [11 20 21 23 28 29] [ 8782 14819  9805 14552 10690 10016] [] 1716193407.7223532200
[-1 -1  1  1  1 -1 -1] [ 3 11 20 21 23 28 29] [ 9280  8885 13285  9743 13635 10851 10030] [] 1716193407.7653899193
[ 1 -1 -1  1 -1  1  1  1] [ 3 11 19 20 21 23 28 29] [ 8905  8943 11680 13249  9808 12937 10725  7368] [] 1716193407.8085200787
[ 1 -1  1  1  1  1 -1  1] [ 3 11 19 20 21 23 28 29] [ 7763  8998 10353 13098  9768 12873 10797  6747] [] 1716193407.8513913155
[1 1 1 1 1 1 1 1] [ 3 11 19 20 21 23 28 29] [ 7551  8894  9980 12952  9733 12708 10586  6459] [] 1716193407.8944706917
[1 1 1 1 1 1 1 1] [ 3 11 19 20 21 23 28 29] [ 7371  8836  9783 12856  9709 12600 10546  6269] [] 1716193407.9374155998
[ 1  1  1  1  1 -1  1  1] [ 3 11 19 20 21 23 28 29] [ 6518  8790  9607 12309  9585 12602 10367  6200] [] 1716193407.9804558754
[ 1  1  1  1 -1  1  1  1] [ 3 11 19 20 21 23 28 29] [ 5647  7356  9501 12155  9592 12554 10358  6147] [] 1716193408.0234756470
[ 1  1  1  1 -1 -1 -1  1 -1] [ 3 11 19 20 21 23 28 29 32] [ 4462  6385  9336 11880  9705 12728 10666  5763 16361] [] 1716193408.0664408207
[ 1  1  1  1 -1 -1 -1  1  1] [ 3 11 19 20 21 23 28 29 32] [ 3858  6140  9253 11527  9766 12749 10746  5720 12012] [] 1716193408.1094365120
[ 1  1  1  1 -1 -1 -1 -1  1] [ 3 11 19 20 21 23 28 29 32] [ 3535  5952  9168 11088  9770 12789 10882  5876 11265] [] 1716193408.1523067951
[ 1  1 -1  1  1 -1  1  1  1] [ 3 11 19 20 21 23 28 29 32] [ 3367  5871  9171 10998  9707 12831 10749  5176 11072] [] 1716193408.1950771809
[ 1  1 -1  1  1 -1  1  1  1  1] [ 3 11 12 19 20 21 23 28 29 32] [ 3106  4603 16150  9027 10707  9710 12649  9239  4883  9860] [] 1716193408.2379748821
[ 1  1  1 -1  1  1  1  1 -1  1 -1] [ 3 11 12 19 20 21 23 28 29 32 47] [ 3053  4470 15423  9057 10626  9678 12586  6962  4934  9124 14303] [] 1716193408.2809798717
[ 1  1  1  1  1 -1 -1  1  1 -1  1] [ 3 11 12 19 20 21 23 28 29 32 47] [ 2970  4325 13983  8752 10559  9716 12616  6163  4846  9135 11547] [] 1716193408.3239936829
[ 1  1  1  1  1  1  1  1  1  1 -1] [ 3 11 12 19 20 21 23 28 29 32 47] [ 2882  3999 13131  7021 10437  8361 12492  4868  4515  8245 11803] [] 1716193408.3669927120
[ 1  1 -1  1 -1  1 -1  1  1  1 -1  1] [ 3 11 12 19 20 21 23 28 29 32 44 47] [ 2808  3758 13169  6513 10551  6825 12495  4150  4250  7405 13721 10396] [] 1716193408.4100320339
[ 1  1 -1  1  1  1 -1  1  1  1 -1  1] [ 3 11 12 19 20 21 23 28 29 32 44 47] [ 2749  3535 13252  5942 10298  6726 12594  3899  4159  7170 13949  9535] [] 1716193408.4529840946
[ 1  1  1  1  1  1  1 -1  1  1  1 -1  1  1] [ 3 11 12 19 20 21 23 26 28 29 32 35 44 47] [ 2739  3411 13148  5198  8329  5782 12485 13346  3696  4062  6989 16015
 12927  8695] [] 1716193408.4960117340
[ 1  1  1 -1  1  1  1 -1  1  1  1  1  1  1  1] [ 3 11 12 18 19 20 21 23 26 28 29 32 35 44 47] [ 2619  3315 12970 11708  4674  8206  5739 12543 12362  3512  3637  6437
 15618 12804  6962] [] 1716193408.5390174389
[ 1  1  1  1  1  1 -1 -1  1  1  1  1  1  1  1] [ 3 11 12 18 19 20 21 23 26 28 29 32 35 44 47] [ 2574  3204 12310 11406  4455  8153  5745 12652  9150  3353  3620  6252
 12566 12552  6538] [] 1716193408.5819923878
[ 1  1  1  1  1  1  1 -1  1  1  1  1  1 -1  1 -1  1 -1] [ 3 11 12 18 19 20 21 23 26 28 29 32 35 42 44 45 47 51] [ 2511  3146 10810 10950  4325  8114  5691 12669  8853  3241  3591  6214
 11823 12165 12535  8366  6352 14503] [] 1716193408.6250109673
[ 1 -1 -1  1  1  1  1  1  1 -1  1  1  1 -1  1  1 -1  1  1  1] [ 3  4  7 11 12 18 19 20 21 23 26 28 29 32 35 42 44 45 47 51] [ 2507 11704 15525  3042  8477 10572  4198  7960  5470 12770  6441  3061
  3590  6246 10301 12011 12605  8163  5907 11308] [] 1716193408.6679542065
[ 1  1  1  1  1  1  1  1  1  1  1  1 -1  1  1  1  1  1  1  1] [ 3  4  7 11 12 18 19 20 21 23 26 28 29 32 35 42 44 45 47 51] [ 2476 11105 15078  2990  8267 10490  4133  7926  5404 12753  5229  2917
  3616  6185  9829 11883 12361  7989  5216 10853] [] 1716193408.7110347748
[1 1 1 1 1 1 1 1 1 1 1 1 1 1 1 1 1 1 1 1] [ 3  4  7 11 12 18 19 20 21 23 26 28 29 32 35 42 44 45 47 51] [ 2372 11015 14605  2884  7554 10482  3996  7831  5190 12704  4457  2835
  3551  5942  9522 11775 12265  6684  4689 10605] [] 1716193408.7540090084
[ 1  1  1  1  1  1  1  1 -1 -1  1  1  1  1 -1  1 -1  1  1  1] [ 3  4  7 11 12 18 19 20 21 23 26 28 29 32 35 42 44 45 47 51] [ 2327 10594 11324  2770  7320 10226  3803  7775  5243 12863  4049  2670
  3513  5693  9569 11652 12315  6448  4125 10365] [] 1716193408.7970240116
[ 1  1  1  1  1  1  1  1  1 -1  1  1  1  1 -1  1  1  1  1  1] [ 3  4  7 11 12 18 19 20 21 23 26 28 29 32 35 42 44 45 47 51] [ 2269 10545 10748  2640  6921  9902  3658  7675  4880 12957  3675  2536
  3472  5545  9770 11563 12192  6333  4010 10299] [] 1716193408.8400449753
[ 1  1  1 -1  1  1  1  1  1  1  1  1  1  1  1 -1 -1 -1 -1 -1  1 -1] [ 3  4  7 11 12 18 19 20 21 23 26 28 29 32 35 38 42 43 44 45 47 51] [ 2179 10358 10505  2655  6422  9012  3616  7637  4798 12864  3520  2489
  3464  5348  9664 14006 11588 11994 12420  6377  3859 10312] [] 1716193408.8830575943
[ 1 -1  1  1  1  1  1  1  1 -1  1  1  1 -1  1 -1  1 -1  1 -1 -1  1 -1 -1] [ 3  4  7 11 12 18 19 20 21 23 26 28 29 32 35 37 38 42 43 44 45 47 51 53] [ 2151 10452  8866  2595  5949  7409  3583  7582  4749 13056  3412  2388
  3430  5388  9456 16335 13589 11635 11912 12512  6588  3632 10359  8879] [] 1716193408.9259750843
[ 1  1  1  1  1  1  1  1  1  1  1  1  1  1  1 -1  1 -1  1 -1 -1  1  1 -1] [ 3  4  7 11 12 18 19 20 21 23 26 28 29 32 35 38 42 43 44 45 47 51 53 54] [ 2097 10232  7927  2491  5443  7240  3433  7464  4708 13028  3328  2309
  3407  5257  9221 13739 11531 11952 12157  6681  3757 10321  7231 12155] [] 1716193408.9690163136
[ 1  1  1  1  1  1  1  1  1  1 -1  1  1 -1 -1  1 -1 -1 -1  1  1 -1  1 -1
 -1  1  1] [ 3  4  7 11 12 18 19 20 21 23 24 26 28 29 32 35 37 38 42 43 44 45 47 48
 51 53 54] [ 2081 10191  7912  2430  5336  7160  3419  7378  4600 12985 12582  3260
  2208  3420  5378  8886 16375 13830 11563 11879 11132  6685  3695 12509
 10330  6574 10404] [] 1716193409.0121371746
[ 1  1  1  1  1  1  1  1  1  1 -1  1  1  1  1  1  1  1  1  1  1  1  1  1
  1  1  1] [ 3  4  7 11 12 18 19 20 21 23 24 26 28 29 32 35 37 38 42 43 44 45 47 48
 51 53 54] [ 2053 10151  7669  2392  5021  7068  3303  7259  4581 12872 12684  3127
  2130  3405  5357  8020 12556 13642 11546 11768  9823  6643  3585 11083
 10299  5714  9476] [] 1716193409.0552248955
[ 1  1  1  1  1 -1  1  1  1 -1 -1  1  1  1 -1 -1  1  1 -1 -1 -1  1  1  1
  1  1  1  1] [ 3  4  7 11 12 15 18 19 20 21 23 24 26 28 29 32 35 37 38 42 43 44 45 47
 48 51 53 54] [ 2011 10111  7363  2302  4827 14249  6919  3153  7122  4582 12992 10757
  3005  2041  3419  5370  7594 12273 13796 11571 11896  8638  6537  3453
 10432 10257  5414  9394] [] 1716193409.0982196331
[ 1 -1  1  1  1  1  1  1 -1 -1 -1  1  1  1 -1 -1 -1  1  1  1  1  1  1  1
  1  1  1  1] [ 3  4  7 11 12 15 18 19 20 21 23 24 26 28 29 32 35 37 38 42 43 44 45 47
 48 51 53 54] [ 2007 10167  7290  2222  4749 14149  6638  3118  7156  4620 13024 10650
  2959  1985  3430  5387  7610  9836 12935 11571 11829  8343  6502  3448
 10324 10229  5373  9268] [] 1716193409.1412508488
[ 1  1  1  1  1  1  1  1  1  1  1 -1  1  1  1  1  1 -1  1 -1  1  1 -1  1
  1  1  1  1] [ 3  4  7 11 12 15 18 19 20 21 23 24 26 28 29 32 35 37 38 42 43 44 45 47
 48 51 53 54] [ 1957 10073  7223  2206  4604 14128  6635  3106  7076  4611 12919 10674
  2925  1979  3389  5313  7479  9957 11289 11615 11738  8254  6568  3415
 10243 10198  5371  9202] [] 1716193409.1842467785
[ 1 -1 -1  1  1 -1  1  1  1  1  1  1 -1  1 -1  1  1 -1  1  1  1  1  1  1
 -1 -1  1  1] [ 3  4  7 11 12 15 18 19 20 21 23 24 26 28 29 32 35 37 38 42 43 44 45 47
 48 51 53 54] [ 1944 10172  7230  2190  4511 14129  6611  3094  7019  4584 12916 10488
  2943  1961  3396  5254  7444  9974 10276 11599 11730  8153  6564  3408
 10257 10210  5368  9176] [] 1716193409.2271163464
[ 1  1  1  1  1  1  1  1  1  1  1  1  1 -1  1  1  1 -1 -1 -1 -1 -1  1 -1
 -1 -1 -1  1] [ 3  4  7 11 12 15 18 19 20 21 23 24 26 28 29 32 35 37 38 42 43 44 45 47
 48 51 53 54] [ 1931 10111  7148  2183  4477 14073  6473  3083  6992  4515 12864 10432
  2903  1964  3396  5226  7386  9995 11007 11629 11843  8207  6495  3492
 10512 10230  5426  9048] [] 1716193409.2702360153
[-1  1 -1 -1 -1 -1 -1 -1 -1  1 -1 -1  1 -1 -1 -1 -1  1 -1  1  1 -1 -1  1
 -1  1 -1 -1] [ 3  4  7 11 12 15 18 19 20 21 23 24 26 28 29 32 35 37 38 42 43 44 45 47
 48 51 53 54] [ 1942 10081  7185  2225  4543 14138  6494  3105  7007  4500 12970 10459
  2897  1995  3400  5249  7407  9959 13535 11626 11704  8881  6498  3400
 14486 10220  6133 11459] [] 1716193409.3132920265
[-1  1  1  1 -1 -1  1 -1  1  1  1 -1  1  1  1  1 -1  1 -1 -1 -1  1  1 -1
 -1] [ 3  4  7 11 12 18 19 20 21 23 24 26 28 29 32 35 37 38 42 43 44 45 47 51
 53] [ 1967  9994  7043  2202  4671  6543  3097  7096  4480 12904 10433  2972
  1983  3344  5083  7366 12398 13397 11643 11748 10904  6396  3385 10340
  7506] [] 1716193409.3562276363
[ 1  1 -1 -1 -1 -1 -1  1  1 -1 -1 -1 -1  1  1  1 -1  1 -1 -1 -1 -1 -1 -1
 -1] [ 3  4  7 11 12 18 19 20 21 23 24 26 28 29 32 35 37 38 42 43 44 45 47 51
 53] [ 1959  9942  7136  2271  4739  6902  3165  7044  4440 12932 10992  3100
  2016  3333  4945  6998 12417 13373 11719 11884 11360  6491  3652 10364
 11780] [] 1716193409.3991663456
[-1 -1 -1 -1 -1 -1 -1 -1 -1 -1 -1 -1 -1 -1  1 -1 -1 -1  1 -1 -1  1 -1 -1] [ 3  4  7 11 12 18 19 20 21 23 24 26 28 29 32 35 37 38 42 43 44 45 47 51] [ 2008 10001  7396  2329  4891  6992  3209  7124  4441 12937 12420  3304
  2095  3345  4898  7699 12735 13531 11623 12053 11681  6441  3711 10392] [] 1716193409.4422101974
[-1  1 -1 -1 -1 -1 -1 -1 -1  1 -1 -1 -1  1 -1 -1  1 -1  1 -1  1] [ 3  4  7 11 12 18 19 20 21 23 26 28 29 32 35 38 42 44 45 47 51] [ 2043  9886  7619  2391  5126  7163  3254  7165  4443 12776  3403  2178
  3351  4693  8474 13938 11571 11691  6299  4048 10379] [] 1716193409.4851944447
[-1 -1 -1 -1 -1 -1 -1 -1 -1  1 -1 -1 -1 -1 -1 -1 -1 -1 -1 -1] [ 3  4  7 11 12 18 19 20 21 23 26 28 29 32 35 42 44 45 47 51] [ 2086  9912  8084  2530  5300  9642  3366  7256  4483 12642  3594  2317
  3391  4731  8680 11735 11733  6476  4538 10639] [] 1716193409.5281784534
[-1  1 -1 -1 -1 -1 -1 -1  1  1 -1 -1  1  1 -1 -1 -1 -1 -1 -1] [ 3  4  7 11 12 18 19 20 21 23 26 28 29 32 35 42 44 45 47 51] [ 2137  9855  9590  2542  5641  9783  3482  7321  4452 12629  3857  2384
  3345  4731  8818 11886 11879  6630  5259 11761] [] 1716193409.5709969997
[-1 -1 -1 -1 -1 -1 -1  1 -1 -1 -1 -1  1 -1 -1 -1 -1 -1] [ 3  4  7 11 12 18 19 20 21 23 26 28 29 32 35 44 45 47] [ 2185 10002 10234  2670  6023  9828  3531  7280  4454 12730  4127  2486
  3340  4854  9039 11913  9046  5647] [] 1716193409.6139862537
[-1  1 -1 -1 -1 -1 -1 -1 -1  1 -1 -1 -1 -1 -1 -1 -1 -1] [ 3  4  7 11 12 18 19 20 21 23 26 28 29 32 35 44 45 47] [ 2287  9977 14484  2770  6769  9890  3627  7449  4535 12724  6393  2577
  3347  4980  9238 12031 11407  6545] [] 1716193409.6569967270
[-1  1 -1 -1 -1 -1 -1 -1  1 -1 -1 -1 -1 -1 -1 -1] [ 3  4 11 12 18 19 20 21 23 26 28 29 32 35 44 47] [ 2385  9961  2890  7092 10096  3774  7488  4726 12560  8217  2679  3376
  5169  9239 12075  7246] [] 1716193409.7000207901
[-1 -1 -1 -1 -1 -1 -1 -1 -1 -1 -1  1 -1 -1 -1 -1] [ 3  4 11 12 18 19 20 21 23 26 28 29 32 35 44 47] [ 2471 10030  2954  7552 10304  3850  7535  4811 12595  8569  2819  3359
  5348  9439 12139  9532] [] 1716193409.7431309223
[-1  1 -1 -1 -1 -1 -1  1  1 -1 -1 -1 -1 -1 -1] [ 3  4 11 12 18 19 20 21 23 26 28 29 32 35 44] [ 2579 10024  3137  9368 10574  4061  7819  4807 12491 11689  3149  3481
  5493 10118 12400] [] 1716193409.7861442566
[-1  1 -1 -1 -1  1 -1  1 -1  1  1 -1 -1] [ 3  4 11 12 19 20 21 23 28 29 32 35 44] [ 2676  9977  3155 10790  4123  7668  5133 12476  3418  3435  5454 11899
 12652] [] 1716193409.8291425705
[-1 -1 -1 -1 -1 -1 -1  1 -1 -1 -1 -1 -1] [ 3  4 11 12 19 20 21 23 28 29 32 35 44] [ 2740 10060  3337 11106  4381  7714  5175 12419  3739  3471  5828 14726
 13258] [] 1716193409.8721442223
[-1  1 -1 -1 -1  1 -1 -1 -1 -1 -1 -1] [ 3  4 11 12 19 20 21 23 28 29 32 35] [ 2803 10034  3404 12733  4708  7702  5190 12459  3952  3508  6123 15179] [] 1716193409.9149663448
[ 1 -1 -1 -1 -1 -1  1 -1 -1 -1] [ 3 11 12 19 20 21 23 28 29 32] [ 2722  3807 12839  6091  7876  6413 12364  5376  3791  6384] [] 1716193409.9578869343
[-1 -1 -1 -1 -1 -1  1 -1 -1 -1] [ 3 11 12 19 20 21 23 28 29 32] [ 2823  3913 12955  7606  8036  6560 12309  6319  3824  6475] [] 1716193410.0009438992
[-1 -1 -1 -1 -1 -1 -1 -1 -1 -1] [ 3 11 12 19 20 21 23 28 29 32] [ 2920  4299 12985  9087 10049  6623 12386  8893  4015  6871] [] 1716193410.0439183712
[-1 -1 -1  1 -1 -1  1 -1 -1 -1] [ 3 11 12 19 20 21 23 28 29 32] [ 3040  5674 13162  9026 10320  7615 12331 10216  4260  8375] [] 1716193410.0868496895
[-1 -1 -1 -1 -1 -1  1 -1 -1 -1] [ 3 11 12 19 20 21 23 28 29 32] [ 3367  5754 13247  9134 10720  9374 12317 10235  4548 10667] [] 1716193410.1298744678
[-1 -1 -1 -1 -1  1  1  1 -1] [ 3 11 12 19 20 21 23 28 29] [ 3878  6066 13293  9162 10950  9327 12302 10210  4564] [] 1716193410.1729247570
[-1 -1 -1 -1 -1  1 -1 -1 -1] [ 3 11 12 19 20 21 23 28 29] [ 4669  7117 14166  9258 10952  9301 12378 10276  4662] [] 1716193410.2158985138
[-1 -1 -1 -1 -1 -1 -1  1 -1] [ 3 11 12 19 20 21 23 28 29] [ 7488  7576 15014  9558 11414  9413 12510 10175  5060] [] 1716193410.2588598728
[-1 -1 -1 -1  1  1 -1 -1] [ 3 11 19 20 21 23 28 29] [ 7583  8743  9611 11697  9356 12484 10395  5153] [] 1716193410.3018720150
[-1 -1 -1 -1 -1 -1 -1 -1] [ 3 11 19 20 21 23 28 29] [ 8411  8769  9764 12064  9429 12494 10413  5225] [] 1716193410.3448636532
[-1 -1 -1 -1  1 -1  1 -1] [ 3 11 19 20 21 23 28 29] [ 8717  8872  9981 13234  9422 12684 10335  5681] [] 1716193410.3878793716
[ 1  1  1 -1 -1 -1] [11 20 21 23 28 29] [ 8564 13010  9400 12833 10362  5739] [] 1716193410.4308459759
[-1 -1 -1  1  1 -1] [11 20 21 23 28 29] [ 8670 13851  9406 12774 10282  7430] [] 1716193410.4738526344
[-1  1 -1 -1 -1 -1] [11 20 21 23 28 29] [ 8694 13137  9529 12803 10431  7560] [] 1716193410.5168116093
[-1 -1 -1 -1 -1 -1] [11 20 21 23 28 29] [ 8783 13568  9573 12911 10732  7911] [] 1716193410.5598685741
[-1 -1 -1 -1 -1  1] [11 20 21 23 28 29] [ 8849 14546  9663 13052 10739  7698] [] 1716193410.6028437614
[-1 -1 -1 -1 -1] [11 21 23 28 29] [ 9048  9783 13307 10779  8145] [] 1716193410.6458625793
[ 1 -1 -1  1 -1] [11 20 21 28 29] [ 9034 15059  9845 10709 10004] [] 1716193410.6888451576
[-1  1  1 -1 -1] [11 20 21 28 29] [ 9186 13231  9763 10959 10239] [] 1716193410.7318348885
[-1 -1 -1 -1 -1] [11 20 21 28 29] [ 9241 15174  9878 11322 10263] [] 1716193410.7748901844
[-1 -1 -1 -1] [11 21 28 29] [ 9533 10264 11732 10733] [] 1716193410.8180153370
[-1 -1 -1 -1] [11 21 28 29] [ 9756 10387 11992 10751] [] 1716193410.8608074188
[-1 -1 -1 -1] [11 21 28 29] [10110 10758 12121 11225] [] 1716193410.9039213657
[1 1] [21 29] [10521 10818] [] 1716193410.9468522072
[ 1 -1] [21 29] [10452 11016] [] 1716193410.9898171425
[ 1 -1] [21 29] [10378 11348] [] 1716193411.0328233242
[1] [21] [10075] [] 1716193411.0758910179
[-1] [28] [11782] [] 1716193411.2457859516
[1] [28] [11446] [] 1716193411.2887718678
[1] [28] [11404] [] 1716193411.3318135738
2 2 2 1716193411.8088741302
