FA TAX ADC PRES TS
[-1] [20] [16300] [] 1716193616.7522864342
[1] [20] [14211] [] 1716193616.7954978943
[ 1 -1] [20 28] [14127 12287] [] 1716193616.8383989334
[-1  1  1] [11 20 28] [13465 13686 11614] [] 1716193616.8814806938
[1 1 1] [11 20 28] [10712 13245 11267] [] 1716193616.9245538712
[1 1 1] [11 20 28] [10395 12669 11044] [] 1716193616.9675111771
[ 1  1  1 -1] [11 20 28 54] [10171 12293 10844 13080] [] 1716193617.0105183125
[ 1  1 -1  1] [11 20 28 54] [10100 11987 10882 11867] [] 1716193617.0534420013
[ 1  1 -1  1] [11 20 28 54] [ 9899 11534 10936 11691] [] 1716193617.0964450836
[1 1 1 1] [11 20 28 54] [ 9816 11278 10878 11471] [] 1716193617.1394717693
[1 1 1 1] [11 20 28 54] [ 9677 10822 10792  8973] [] 1716193617.1824727058
[1 1 1 1] [11 20 28 54] [ 9571 10548 10773  8861] [] 1716193617.2254536152
[1 1 1 1] [11 20 28 54] [ 9462 10391 10721  8832] [] 1716193617.2684299946
[ 1  1  1 -1 -1] [11 20 28 35 54] [ 9439 10102 10697 15142  8893] [] 1716193617.3114304543
[ 1 -1 -1 -1  1 -1 -1] [11 19 20 28 35 45 54] [ 9411 15018 10188 10815 13760 13932  9013] [] 1716193617.3544785976
[-1  1 -1 -1 -1 -1  1 -1] [11 19 20 28 35 42 45 54] [ 9484 10513 10282 10847 13859 14109  8876  9239] [] 1716193617.3974599838
[-1  1  1 -1 -1 -1  1  1  1 -1] [11 19 20 21 27 28 35 42 45 54] [ 9564 10086 10193 11457 13359 10956 13358 13400  8454  9265] [] 1716193617.4405000210
[1 1 1 1 1 1 1 1 1 1] [11 19 20 21 27 28 35 42 45 54] [ 9520  9842  9967 10983 12756 10852 12932  8534  8073  9148] [] 1716193617.4834823608
[1 1 1 1 1 1 1 1 1 1] [11 19 20 21 27 28 35 42 45 54] [ 9494  9678  8282 10731 10845 10036 11869  7705  7897  9043] [] 1716193617.5264997482
[-1  1  1  1  1  1 -1  1 -1 -1 -1] [11 19 20 21 27 28 35 42 45 46 54] [ 9508  9511  7877 10633  8906  9445 12123  7206  8097 11515  9329] [] 1716193617.5695004463
[ 1  1  1 -1 -1  1  1  1  1  1  1  1] [11 19 20 21 23 27 28 35 42 45 46 54] [ 9408  9459  7695 10794 15752  8651  9284 10986  5790  7770 11215  9161] [] 1716193617.6123983860
[ 1  1  1  1 -1 -1  1  1  1 -1  1 -1] [11 19 20 21 23 27 28 35 42 45 46 54] [ 9314  7137  6926 10274 15877  8667  7539  9473  5007  7779  9287  9206] [] 1716193617.6555027962
[ 1  1  1 -1  1  1  1  1 -1  1  1  1 -1  1] [11 19 20 21 23 27 28 35 36 42 45 46 53 54] [ 9259  6789  5955 10327 15644  8276  6926  9165 15655  4429  6851  8691
 13934  9115] [] 1716193617.6983435154
[-1 -1 -1  1  1  1  1  1  1  1  1  1  1  1  1 -1] [ 2  3 11 19 20 21 23 27 28 35 36 42 45 46 53 54] [14516  9750  9404  6301  5605 10119 15116  7299  6743  9066 14113  4031
  6616  8528 13300  9134] [] 1716193617.7412674427
[ 1  1  1  1  1  1  1  1  1  1  1  1  1  1 -1  1  1] [ 2  3 11 19 20 21 23 27 28 35 36 42 45 46 50 53 54] [14296  8643  9381  5613  5489 10013 14424  7091  5839  8232 13634  3832
  6507  8392 15896 13057  8963] [] 1716193617.7842409611
[ 1  1  1  1  1 -1 -1  1  1  1  1  1  1  1  1  1 -1] [ 2  3 11 19 20 21 23 27 28 35 36 42 45 46 50 53 54] [14082  8186  9222  5260  5300 10167 14932  7013  5678  7530 13527  3481
  6455  7919 15019 12537  9017] [] 1716193617.8272523880
[ 1  1  1  1  1  1 -1  1  1  1  1 -1 -1 -1 -1 -1 -1 -1 -1] [ 2  3 11 19 20 21 23 27 28 35 36 38 42 45 46 50 53 54 61] [11787  7743  9158  4770  5083 10071 15068  6867  5384  7313 12671 14048
  3640  6595  8073 15120 12700  9154  8850] [] 1716193617.8702700138
[ 1  1 -1  1  1 -1  1  1  1 -1  1  1  1  1 -1  1 -1  1  1 -1  1] [ 2  3 11 19 20 21 23 27 28 34 35 36 38 42 45 46 50 53 54 55 61] [11230  7480  9175  4591  5055 10202 14681  6828  5300 12285  7007 12313
 13061  3496  6695  8063 15195  9076  9132 10453  7769] [] 1716193617.9132854939
[-1  1  1  1  1  1 -1  1  1  1 -1  1  1  1  1  1  1  1  1  1  1] [ 2  3 11 19 20 21 23 27 28 34 35 36 38 42 45 46 50 53 54 55 61] [11486  7138  9121  4267  4939 10138 15204  6733  4827 11572  7770 12045
 11548  3247  6604  6927 14339  8637  9063 10334  7345] [] 1716193617.9562673569
[ 1  1  1  1  1  1  1  1  1 -1  1  1  1  1  1  1 -1  1  1  1  1] [ 2  3 11 19 20 21 23 27 28 34 35 36 38 42 45 46 50 53 54 55 61] [10505  6515  9121  4094  4375 10023 13892  6573  4294 11655  7575 11773
 10524  3074  6450  6820 14401  8352  8992  9395  7074] [] 1716193617.9994447231
[ 1  1  1 -1  1  1 -1  1  1  1  1  1  1 -1  1 -1  1  1 -1  1  1 -1  1  1] [ 2  3 11 13 19 20 21 23 27 28 34 35 36 38 42 44 45 46 47 50 53 54 55 61] [10458  6363  9087 12840  3923  4028 10131 13685  6557  3880 11311  6899
 11386 10864  2994 13990  5797  6301 15638 11791  7443  9122  6620  6947] [] 1716193618.0425074100
[ 1  1  1  1  1  1  1  1  1  1  1  1  1  1  1  1  1  1  1 -1  1 -1  1  1] [ 2  3 11 13 19 20 21 23 27 28 34 35 36 38 42 44 45 46 47 50 53 54 55 61] [ 7737  6131  9066 10083  3739  3824  8831 13621  6253  3481  8806  6654
 10190 10529  2876 13400  5662  6246 15086 11840  7071  9123  6166  6920] [] 1716193618.0854923725
[ 1  1  1  1  1  1 -1  1  1  1  1 -1  1 -1  1  1 -1  1  1  1  1  1  1  1
  1 -1] [ 2  3 11 13 19 20 21 23 27 28 34 35 36 37 38 42 44 45 46 47 50 53 54 55
 61 62] [ 7486  5853  9065  8675  3622  3824  8845 13572  5962  3325  8708  6780
  8922 16335 10224  2716 13508  5477  6084 11393 11629  6650  9115  6029
  6914 11927] [] 1716193618.1285288334
[ 1  1 -1  1  1  1 -1 -1  1  1  1  1  1  1  1  1  1  1  1  1  1  1  1  1
  1  1] [ 2  3 11 13 19 20 21 23 27 28 34 35 36 37 38 42 44 45 46 47 50 53 54 55
 61 62] [ 7306  4819  9116  7058  3429  3799  8857 13623  5772  3191  8704  6469
  7523 14127  9631  2664 13367  5383  5879  9041 11294  6039  9009  5812
  6849 10031] [] 1716193618.1715812683
[ 1  1  1  1  1  1  1  1  1  1 -1  1  1  1  1  1  1  1  1  1  1  1  1  1
  1  1] [ 2  3 11 13 19 20 21 23 27 28 34 35 36 37 38 42 44 45 46 47 50 53 54 55
 61 62] [ 7295  4700  9021  6111  3350  3703  8151 13448  5538  3033  8758  5897
  7006 13715  9331  2534 12987  5186  5669  7525  9907  5629  8823  5400
  6738  9478] [] 1716193618.2145061493
[ 1  1 -1  1  1  1  1 -1  1  1  1  1  1  1  1  1  1  1  1  1  1 -1  1 -1
  1  1  1] [ 2  3 11 13 19 20 21 23 27 28 34 35 36 37 38 42 44 45 46 47 50 51 53 54
 55 61 62] [ 7122  4564  9108  5631  3284  3697  7305 13508  5480  2981  8386  5878
  6854 13184  9222  2501 12831  4795  5534  5900  8291 13775  5218  8850
  4927  6678  8513] [] 1716193618.2575457096
[ 1  1  1  1  1  1  1  1  1  1  1 -1  1  1  1  1  1  1  1  1  1  1  1  1
  1  1 -1] [ 2  3 11 13 19 20 21 23 27 28 34 35 36 37 38 42 44 45 46 47 50 51 53 54
 55 61 62] [ 7106  4417  9059  4731  3253  3615  5832 13360  5469  2815  7638  5949
  5835 13107  8586  2498 12684  4699  5503  5175  7887 10182  4827  8728
  4564  6678  8519] [] 1716193618.3005259037
[-1  1 -1 -1 -1  1  1  1  1  1 -1  1  1 -1  1  1 -1  1  1  1  1  1  1  1
  1  1  1  1  1] [ 2  3 10 11 12 13 19 20 21 23 27 28 34 35 36 37 38 42 44 45 46 47 50 51
 53 54 55 61 62] [ 7127  4390 14736  9117 16063  4543  3222  3559  5215 13304  5588  2765
  7269  6031  5567 12946 10055  2434 12581  4399  5420  4637  6276  8660
  4352  8643  4080  6620  8079] [] 1716193618.3435809612
[-1  1  1  1  1  1  1  1  1  1  1  1  1  1  1  1  1  1 -1  1 -1  1  1  1
  1  1  1  1 -1] [ 2  3 10 11 12 13 19 20 21 23 27 28 34 35 36 37 38 42 44 45 46 47 50 51
 53 54 55 61 62] [ 7165  4359 11732  9050 14099  4087  3139  3455  4448 13184  5080  2603
  7116  5823  5112 12462  6531  2314 12725  4291  5447  4492  5496  8534
  4092  8623  3820  6508  8196] [] 1716193618.3864579201
[ 1  1  1  1  1  1  1  1  1  1  1  1  1  1  1  1  1  1  1  1  1  1  1  1
  1  1  1  1 -1] [ 2  3 10 11 12 13 19 20 21 23 27 28 34 35 36 37 38 42 44 45 46 47 50 51
 53 54 55 61 62] [ 6995  3863 10624  9033 13499  4015  3101  3387  4091 13116  4917  2526
  7039  5331  4929 12412  4943  2224 12701  4053  5445  4167  5064  8482
  3671  8418  3504  6483  8206] [] 1716193618.4295301437
[ 1  1  1 -1  1  1  1  1  1  1  1  1  1  1  1  1  1  1  1  1  1  1  1  1
  1  1  1  1  1] [ 2  3 10 11 12 13 19 20 21 23 27 28 34 35 36 37 38 42 44 45 46 47 50 51
 53 54 55 61 62] [ 6913  3798 10306  9048 10115  3875  3079  3255  3797 13041  4832  2423
  5946  4789  4364 12246  4748  2168 12553  3847  5334  3949  4738  8253
  3500  8031  3242  6361  8017] [] 1716193618.4725131989
[ 1  1  1 -1  1  1  1  1  1  1 -1  1  1  1  1 -1 -1  1 -1  1  1  1  1  1
  1  1  1  1  1] [ 2  3 10 11 12 13 19 20 21 23 27 28 34 35 36 37 38 42 44 45 46 47 50 51
 53 54 55 61 62] [ 6436  3730  9449  9080  7620  3825  3051  3069  3565 12863  4857  2343
  4967  4675  4114 12278  4838  2127 12622  3677  5325  3839  4538  8154
  3346  7909  3112  6252  7963] [] 1716193618.5155467987
[ 1 -1  1  1  1  1  1  1  1  1  1  1  1 -1  1  1  1  1  1  1  1  1  1  1
  1  1  1 -1  1] [ 2  3 10 11 12 13 19 20 21 23 27 28 34 35 36 37 38 42 44 45 46 47 50 51
 53 54 55 61 62] [ 6338  3732  6683  9038  7185  3764  3037  3039  3423 12849  4824  2281
  4653  4725  3908 11989  4505  2094 12482  3491  5141  3543  4044  8009
  3210  7204  2844  6253  7711] [] 1716193618.5585887432
[-1  1  1 -1  1  1  1  1  1  1 -1  1  1  1  1  1  1  1  1  1  1  1  1  1
  1  1  1  1  1] [ 2  3 10 11 12 13 19 20 21 23 27 28 34 35 36 37 38 42 44 45 46 47 50 51
 53 54 55 61 62] [ 6418  3603  5751  9141  6790  3693  2943  2903  3226 12760  5056  2271
  4052  4647  3634  9053  4296  2018 12447  3391  5113  3497  3792  7988
  3127  6551  2772  6202  7629] [] 1716193618.6015026569
[ 1  1  1  1  1  1  1  1  1 -1  1  1  1  1  1  1  1  1 -1 -1  1  1  1  1
  1  1  1  1  1  1] [ 2  3 10 11 12 13 19 20 21 23 27 28 34 35 36 37 38 42 43 44 45 46 47 50
 51 53 54 55 61 62] [ 6418  3566  5395  9045  6284  3597  2893  2821  3080 12973  4854  2152
  3715  4429  3270  8596  4112  1954 12811 12731  3359  4977  3359  3538
  7969  2912  6153  2656  6190  7395] [] 1716193618.6444303989
[-1  1  1  1  1  1  1  1  1 -1  1  1  1  1  1  1  1  1  1  1  1  1  1  1
  1  1  1  1  1  1] [ 2  3 10 11 12 13 19 20 21 23 27 28 34 35 36 37 38 42 43 44 45 46 47 50
 51 53 54 55 61 62] [ 6464  3526  4939  9032  6148  3413  2890  2693  2986 12991  4640  2071
  3567  4366  3123  8575  4034  1917 12607 12613  3279  4910  3277  3476
  7916  2817  5631  2656  6096  6783] [] 1716193618.6875882149
[ 1 -1  1  1  1  1  1  1  1  1  1  1  1 -1  1  1 -1 -1  1  1  1  1  1  1
 -1 -1  1  1 -1  1] [ 2  3 10 11 12 13 19 20 21 23 27 28 34 35 36 37 38 42 43 44 45 46 47 50
 51 53 54 55 61 62] [ 6204  3527  4847  9015  6016  3343  2843  2679  2930 12839  4424  2055
  3521  4475  3023  8367  4037  1935 12567 12503  3235  4853  3225  3448
  7918  2835  5611  2632  6136  6644] [] 1716193618.7304952145
[ 1  1  1  1  1  1 -1 -1  1  1  1  1  1  1  1  1  1  1 -1  1  1 -1  1  1
  1  1 -1  1 -1  1] [ 2  3 10 11 12 13 19 20 21 23 27 28 34 35 36 37 38 42 43 44 45 46 47 50
 51 53 54 55 61 62] [ 6188  3501  4807  8995  5950  3286  2847  2703  2901 12823  4356  2039
  3510  4439  3014  8138  3984  1904 12579 12471  3207  4886  3222  3440
  7888  2748  5663  2612  6148  6563] [] 1716193618.7734582424
[ 1  1 -1  1  1  1  1  1  1  1  1  1 -1  1  1  1 -1 -1 -1  1 -1  1 -1 -1
 -1 -1 -1 -1  1 -1] [ 2  3 10 11 12 13 19 20 21 23 27 28 34 35 36 37 38 42 43 44 45 46 47 50
 51 53 54 55 61 62] [ 6184  3428  4843  8995  5905  3274  2837  2629  2895 12799  4289  2036
  3548  4431  2968  8025  4014  1910 12851 12437  3231  4857  3243  3448
  7901  2757  5679  2644  6139  7264] [] 1716193618.8165159225
[ 1 -1  1 -1 -1  1  1  1 -1 -1  1  1 -1 -1 -1  1 -1 -1  1 -1 -1 -1 -1  1
 -1 -1 -1 -1 -1] [ 2  3 10 11 12 13 19 20 21 23 27 28 34 35 36 37 38 42 44 45 46 47 50 51
 53 54 55 61 62] [ 6181  3435  4843  8996  5943  3268  2831  2623  2911 12823  4288  2036
  3582  4447  3020  7885  4171  1942 12345  3258  4991  3423  3604  7883
  2850  6221  2780  6166  7323] [] 1716193618.8595168591
[-1 -1 -1  1 -1 -1 -1 -1 -1  1 -1 -1 -1  1 -1 -1 -1 -1 -1 -1 -1 -1 -1 -1
 -1 -1 -1 -1 -1] [ 2  3 10 11 12 13 19 20 21 23 27 28 34 35 36 37 38 42 44 45 46 47 50 51
 53 54 55 61 62] [ 6256  3502  5341  8994  6072  3283  2847  2683  2971 12544  4544  2069
  3792  4431  3290  7928  4376  2004 12377  3391  5070  3639  4200  7946
  2988  6587  2984  6209  7477] [] 1716193618.9024770260
[ 1 -1 -1 -1 -1 -1 -1 -1 -1  1 -1 -1 -1 -1 -1 -1 -1 -1  1 -1 -1 -1 -1 -1
 -1 -1 -1 -1  1] [ 2  3 10 11 12 13 19 20 21 23 27 28 34 35 36 37 38 42 44 45 46 47 50 51
 53 54 55 61 62] [ 6121  3530  5951  9009  6333  3455  2906  2874  3067 12503  4632  2156
  4029  4526  3712  8277  4610  2041 12285  3397  5087  3765  4466  8002
  3077  6843  3212  6268  7471] [] 1716193618.9456236362
[ 1  1 -1  1 -1 -1  1 -1 -1 -1 -1 -1 -1 -1 -1 -1 -1 -1  1 -1 -1 -1 -1 -1
 -1 -1 -1 -1 -1] [ 2  3 10 11 12 13 19 20 21 23 27 28 34 35 36 37 38 42 44 45 46 47 50 51
 53 54 55 61 62] [ 6037  3519  6947  9006  6506  3503  2873  2911  3102 12528  4740  2188
  4134  4599  3844  9106  4846  2123 12258  3567  5131  4009  5056  8128
  3343  7876  3666  6390  7627] [] 1716193618.9885895252
[-1 -1 -1  1 -1 -1 -1 -1 -1  1 -1 -1 -1 -1 -1 -1 -1 -1  1 -1 -1 -1 -1 -1
 -1 -1 -1 -1 -1] [ 2  3 10 11 12 13 19 20 21 23 27 28 34 35 36 37 38 42 44 45 46 47 50 51
 53 54 55 61 62] [ 6439  3534  8790  8994  6938  3655  2913  3003  3377 12475  4768  2267
  4852  4719  3937  9249  4968  2147 12221  3627  5177  4329  5322  8189
  3451  7881  3802  6515  8301] [] 1716193619.0315763950
[-1 -1 -1 -1 -1 -1 -1 -1 -1 -1  1 -1 -1 -1 -1 -1 -1 -1 -1 -1 -1 -1 -1 -1
 -1 -1 -1 -1 -1] [ 2  3 10 11 12 13 19 20 21 23 27 28 34 35 36 37 38 42 44 45 46 47 50 51
 53 54 55 61 62] [ 6490  3565  9160  9021  7365  3764  2917  3123  3487 12479  4705  2299
  5794  4817  4110  9359  7407  2234 12290  3959  5305  4767  7560  8403
  3796  8080  4260  6564  8383] [] 1716193619.0744872093
[-1 -1 -1 -1 -1 -1 -1 -1 -1 -1 -1 -1 -1 -1 -1 -1 -1 -1 -1 -1 -1 -1 -1 -1
 -1 -1 -1 -1 -1] [ 2  3 10 11 12 13 19 20 21 23 27 28 34 35 36 37 38 42 44 45 46 47 50 51
 53 54 55 61 62] [ 6493  3679  9422  9027  9859  3879  2947  3223  3672 12622  4717  2359
  6736  5081  4478 11417  9417  2360 12362  4259  5359  5729  9717  8731
  4117  8368  5048  6636  9221] [] 1716193619.1175293922
[-1  1 -1  1 -1 -1 -1 -1 -1  1 -1 -1 -1 -1 -1 -1 -1 -1  1 -1 -1 -1 -1 -1
 -1 -1 -1  1 -1] [ 2  3 10 11 12 13 19 20 21 23 27 28 34 35 36 37 38 42 44 45 46 47 50 51
 53 54 55 61 62] [ 6743  3667 10528  9016 13087  3964  2987  3233  3948 12538  5004  2437
  6809  5578  4752 11571  9452  2426 12287  4522  5444  8831 12253 12139
  4967  8398  5268  6588 10656] [] 1716193619.1604678631
[-1 -1 -1 -1 -1 -1 -1 -1 -1 -1 -1 -1 -1 -1 -1 -1 -1  1 -1 -1 -1 -1 -1 -1
 -1 -1  1] [ 2  3 10 11 12 13 19 20 21 23 27 28 34 35 36 37 38 42 44 45 46 47 50 53
 54 55 61] [ 6836  3670 11408  9023 14887  4187  3028  3363  4346 12557  5060  2454
  6903  5711  4840 11631  9745  2385 12348  4719  5487 15026 13535  5132
  8473  6010  6391] [] 1716193619.2035312653
[-1 -1 -1  1 -1 -1  1 -1  1  1 -1 -1 -1 -1 -1  1 -1  1 -1  1 -1 -1 -1 -1
 -1] [ 2  3 10 11 13 19 20 21 23 27 28 34 35 36 37 38 42 44 45 46 50 53 54 55
 61] [ 7109  4195 16116  8988  4937  3057  3313  4975 12500  4843  2639  7758
  5753  5580 11789  9079  2432 12342  4989  5434 14451  5725  8494  7644
  6421] [] 1716193619.2464771271
[ 1 -1  1 -1 -1 -1 -1 -1 -1 -1 -1  1 -1 -1 -1 -1 -1 -1 -1  1 -1 -1 -1 -1] [ 2  3 11 13 19 20 21 23 27 28 34 35 36 37 38 42 44 45 46 50 53 54 55 61] [ 7081  4203  8918  5637  3058  3343  5826 12703  4986  2773  8194  5679
  5701 12613  9437  2671 12501  5451  6082 14105  6151  8682 10138  6550] [] 1716193619.2896027565
[-1 -1  1 -1 -1 -1 -1  1 -1 -1 -1 -1 -1 -1  1 -1 -1 -1 -1 -1 -1  1 -1 -1] [ 2  3 11 13 19 20 21 23 27 28 34 35 36 37 38 42 44 45 46 50 53 54 55 61] [10099  4247  8916  7614  3159  3395  6979 12671  5145  3002  8737  6300
  6124 13375  9121  2895 12723  5581  6153 14643  6696  8619 10543  6775] [] 1716193619.3324635029
[ 1 -1 -1 -1 -1 -1 -1 -1 -1 -1 -1 -1 -1 -1 -1 -1 -1 -1 -1 -1 -1 -1] [ 2  3 11 13 19 20 21 23 27 28 34 35 36 38 42 45 46 50 53 54 55 61] [10003  4315  8942 12035  3255  3398  8327 12752  5568  3284 11351  6351
  6667  9471  3082  6438  6801 14932  8201  8843 12378  6876] [] 1716193619.3754980564
[-1 -1 -1 -1 -1 -1  1 -1 -1 -1 -1 -1 -1 -1 -1  1  1 -1 -1  1] [ 2  3 11 13 19 20 21 23 27 28 34 35 36 38 42 45 46 50 53 54] [10117  4919  9007 12546  3297  3571  8306 12853  5647  3549 11398  6455
  7347 10587  3245  6246  6787 15061  9404  8585] [] 1716193619.4184305668
[ 1 -1  1 -1 -1  1 -1 -1 -1  1 -1 -1 -1 -1 -1 -1 -1 -1] [ 2  3 11 19 20 21 23 27 28 34 35 36 38 42 45 46 53 54] [10073  5844  8986  3426  3778  8261 12924  5907  4057 11202  6487  9702
 11754  3363  6344  7900 10080  8610] [] 1716193619.4614410400
[-1 -1 -1 -1 -1 -1 -1 -1 -1 -1 -1 -1 -1 -1 -1 -1 -1 -1] [ 2  3 11 19 20 21 23 27 28 34 35 36 38 42 45 46 53 54] [13028  7005  9002  3807  4533  8434 13072  6203  4507 12105  6624 10440
 12800  3769  6490  8051 12323  8795] [] 1716193619.5044295788
[-1 -1 -1 -1 -1 -1  1 -1 -1 -1 -1 -1 -1 -1 -1 -1 -1 -1] [ 2  3 11 19 20 21 23 27 28 34 35 36 38 42 45 46 53 54] [13428  7020  9031  3944  4703  9764 13047  6273  4854 12559  6972 11359
 15163  3962  6683  8443 12829  8927] [] 1716193619.5474417210
[-1 -1 -1 -1 -1 -1 -1 -1 -1 -1 -1 -1 -1 -1 -1 -1] [ 2  3 11 19 20 21 23 27 28 35 36 42 45 46 53 54] [14280  7117  9091  4098  4834  9902 13093  6403  5151  7559 11837  4635
  6697  8623 16318  8947] [] 1716193619.5905311108
[-1  1 -1 -1 -1 -1 -1 -1 -1 -1 -1 -1 -1 -1] [ 3 11 19 20 21 23 27 28 35 36 42 45 46 54] [ 7411  9057  4362  5182  9985 13152  6614  5430  8063 12597  5653  6771
  9971  9014] [] 1716193619.6334347725
[-1 -1 -1 -1  1 -1 -1 -1 -1 -1 -1 -1 -1 -1] [ 3 11 19 20 21 23 27 28 35 36 42 45 46 54] [ 9308  9198  4834  5286  9939 13248  6778  6061  8214 12903  6487  7892
 11239  9225] [] 1716193619.6764476299
[ 1 -1 -1  1 -1 -1 -1  1 -1 -1 -1 -1 -1] [11 19 20 21 23 27 28 35 36 42 45 46 54] [ 9043  5305  5529  9880 13333  8208  7944  7733 13311  6967  7930 11545
  9374] [] 1716193619.7194561958
[-1 -1 -1 -1 -1 -1 -1 -1 -1 -1  1 -1] [11 19 20 21 23 27 28 35 36 42 45 54] [ 9102  6097  5779 10077 13521  8461  8854  8460 13847 10893  7921  9577] [] 1716193619.7625467777
[-1 -1 -1  1  1 -1 -1 -1 -1 -1 -1] [11 19 20 21 23 27 28 35 42 45 54] [ 9141  7867  7433 10001 13497  8612  9231  8854 12046  8053 11677] [] 1716193619.8054428101
[-1 -1  1 -1 -1 -1 -1 -1 -1 -1] [11 19 20 21 23 27 28 35 45 54] [ 9277  9547  7356 10152 13656  8763 10029  9570  8415 11836] [] 1716193619.8484983444
[ 1 -1 -1 -1 -1 -1 -1 -1 -1] [11 19 20 21 23 27 28 35 45] [ 9243  9673  8134 10211 15586  8970 10125 11861  9931] [] 1716193619.8914372921
[-1 -1 -1 -1 -1 -1 -1 -1] [11 19 20 21 27 28 35 45] [ 9337  9775 10000 10476 10948 10492 11975 10025] [] 1716193619.9343771935
[-1 -1  1 -1 -1 -1 -1] [11 19 20 21 27 28 35] [ 9370  9809  9970 10700 13693 10506 12465] [] 1716193619.9774119854
[-1 -1 -1  1  1 -1] [11 19 20 27 28 35] [ 9383 10033 10111 13495 10370 12919] [] 1716193620.0204329491
[1 1 1] [11 20 28] [ 9147  9914 10270] [] 1716193620.0633623600
[-1 -1  1] [11 20 28] [ 9303 10544 10183] [] 1716193620.1064057350
[-1 -1 -1] [11 20 28] [ 9501 10845 10306] [] 1716193620.1493709087
[-1 -1 -1] [11 20 28] [12241 12558 10579] [] 1716193620.1922454834
[-1  1 -1] [20 28 36] [13378 10526 15215] [] 1716193620.2353031635
[-1 -1 -1] [20 28 36] [15461 10554 15226] [] 1716193620.2782866955
[-1 -1 -1] [20 28 36] [16107 11119 15594] [] 1716193620.3213782310
[ 1 -1  1 -1] [20 28 36 44] [14107 11336 15017 15774] [] 1716193620.3642561436
[-1 -1 -1] [20 28 36] [15477 11713 15529] [] 1716193620.4073681831
[1 1] [28 36] [11457 15043] [] 1716193620.4503436089
[1 1] [28 36] [11406 14960] [] 1716193620.4933278561
[1] [28] [10488] [] 1716193620.5364356041
[-1] [28] [11527] [] 1716193620.5793204308
[-1] [28] [12201] [] 1716193620.7083721161
[-1  1] [19 28] [11785 11312] [] 1716193620.7552194595
2 2 2 1716193620.7555088997
