FA TAX ADC PRES TS
[-1] [28] [10739] [] 1716194237.9991168976
[1] [28] [10550] [] 1716194238.0420722961
[1] [28] [10490] [] 1716194238.0850751400
[1] [28] [10426] [] 1716194238.1281495094
[-1] [28] [10477] [] 1716194238.1711776257
[-1 -1] [11 28] [13079 10740] [] 1716194238.2141234875
[1 1] [11 28] [ 9665 10714] [] 1716194238.2571387291
[-1  1] [11 28] [ 9742 10677] [] 1716194238.3001303673
[1 1] [11 28] [ 9540 10532] [] 1716194238.3430879116
[ 1 -1 -1] [11 28 42] [ 9297 10539 12599] [] 1716194238.3861629963
[-1  1  1] [11 28 42] [ 9435 10531 12589] [] 1716194238.4291517735
[ 1  1  1 -1] [11 28 42 45] [ 9291 10423 12463  8770] [] 1716194238.4721293449
[-1 -1  1  1] [11 28 42 45] [ 9447 10620 12365  8102] [] 1716194238.5150840282
[ 1 -1  1  1  1] [11 20 28 42 45] [ 9433 15662 10606 12205  8035] [] 1716194238.5580258369
[1 1 1 1 1] [11 20 28 42 45] [ 9315 15330 10535 12031  7960] [] 1716194238.6011419296
[1 1 1 1 1] [11 20 28 42 45] [ 9275 15310 10503 12030  7925] [] 1716194238.6441371441
[1 1 1 1 1] [11 20 28 42 45] [ 9186 14943 10427 11959  7713] [] 1716194238.6871082783
[1 1 1 1 1] [11 20 28 42 45] [ 9077 14857 10398 11696  7629] [] 1716194238.7301301956
[ 1  1  1 -1  1] [11 20 28 42 45] [ 9030 14637 10345 11717  7553] [] 1716194238.7731299400
[ 1 -1  1  1 -1 -1] [11 20 28 42 44 45] [ 9001 14725 10298 11593 14575  7690] [] 1716194238.8161427975
[ 1  1 -1 -1  1  1] [11 20 28 42 44 45] [ 8927 14604 10399 11687 13065  7690] [] 1716194238.8591108322
[ 1  1  1 -1 -1 -1] [11 20 28 42 44 45] [ 8910 13817 10308 11971 13136  7695] [] 1716194238.9020819664
[ 1  1 -1 -1  1  1 -1 -1] [11 20 27 28 42 44 45 53] [ 8887 13682 13669 10398 11569 12750  7799 15385] [] 1716194238.9452958107
[-1  1  1 -1  1  1  1  1] [11 20 27 28 42 44 45 53] [ 8980 13603 12875 10438 10981 12732  7734 13586] [] 1716194238.9881932735
[ 1 -1 -1 -1  1 -1  1 -1  1] [11 19 20 27 28 42 44 45 53] [ 8901 12902 13644 12896 10425 11284 12658  7829 12922] [] 1716194239.0310628414
[ 1  1 -1  1 -1  1  1  1 -1] [11 19 20 27 28 42 44 45 53] [ 8885 10399 13756 12699 10463 11049 12541  7763 13239] [] 1716194239.0741472244
[ 1  1  1  1  1 -1  1  1 -1] [11 19 20 27 28 42 44 45 53] [ 8791  9827 13406 12588 10434 11138 12451  7637 13981] [] 1716194239.1171219349
[ 1  1  1  1  1  1 -1 -1  1] [11 19 20 27 28 42 44 45 53] [ 8712  9692 12527 12510 10363 11009 12533  7644 12954] [] 1716194239.1601185799
[-1 -1 -1 -1  1 -1 -1 -1  1  1] [ 3 11 19 20 27 28 42 44 45 53] [13601  8745  9737 13117 12500 10374 11024 12534  7569 12651] [] 1716194239.2031068802
[ 1 -1 -1  1 -1  1  1 -1  1 -1  1] [ 3 11 19 20 26 27 28 42 44 45 53] [12505  8944  9765 12363 15453 12493 10351 11168 12344  7709 10804] [] 1716194239.2461588383
[-1  1 -1  1  1 -1 -1 -1  1  1  1 -1] [ 3 11 19 20 26 27 28 29 42 44 45 53] [13240  8873  9782 12318 14974 12580 10675 12940 11115 12189  7706 13210] [] 1716194239.2891469002
[ 1  1 -1  1  1  1  1  1 -1 -1 -1  1] [ 3 11 19 20 26 27 28 29 42 44 45 53] [13199  8854  9787 12046 14016 12415 10571 11781 11332 12221  7847 10400] [] 1716194239.3321175575
[ 1 -1  1 -1  1  1  1  1 -1  1  1  1] [ 3 11 19 20 26 27 28 29 42 44 45 53] [ 8821  8905  9766 12055 13700 12396 10552 11629 11527 12185  7727 10035] [] 1716194239.3750817776
[ 1  1  1 -1  1  1 -1  1  1 -1  1  1] [ 3 11 19 20 26 27 28 29 42 44 45 53] [ 6487  8865  9743 12194 13330 12346 10575 11470 11154 12395  7637 10035] [] 1716194239.4181487560
[ 1  1  1  1  1  1  1  1  1  1 -1 -1 -1] [ 3 11 19 20 26 27 28 29 42 44 45 47 53] [ 5659  8831  8650 11859 13206 12230 10422 11272 11125 12355  7725 15673
 10082] [] 1716194239.4611277580
[ 1 -1  1 -1  1  1 -1  1  1  1 -1  1  1] [ 3 11 19 20 26 27 28 29 42 44 45 47 53] [ 5626  8883  7962 12376 13099 12217 10462 11226 10702  9971  7760 15025
  9957] [] 1716194239.5041708946
[ 1 -1  1  1 -1 -1 -1 -1  1 -1  1 -1  1 -1] [ 3 11 19 20 21 26 27 28 29 42 44 45 47 53] [ 5569  8937  6794 12131 11533 13467 12305 10614 11204 10794  9843  7813
 14639 10003] [] 1716194239.5471973419
[ 1 -1  1 -1  1  1 -1  1 -1 -1 -1 -1 -1  1 -1 -1] [ 3 11 19 20 21 26 27 28 29 34 42 44 45 47 53 61] [ 4872  8947  6623 12168 11277 13224 12390 10575 11255 12207 10806  9862
  8101 12011 10383  8063] [] 1716194239.5901398659
[ 1  1  1  1  1 -1  1  1  1 -1 -1  1 -1  1  1 -1  1] [ 3 11 19 20 21 26 27 28 29 34 42 44 45 47 53 54 61] [ 4814  8892  6494 11800 11135 13468 12383 10571 11220 12277 10866  9780
  8125 11921 10239 15212  7657] [] 1716194239.6331822872
[ 1  1  1 -1  1  1 -1  1  1  1  1  1  1  1  1  1  1] [ 3 11 19 20 21 26 27 28 29 34 42 44 45 47 53 54 61] [ 4614  8892  6298 12166 11123 13269 12475 10550 11201 12159 10694  9448
  8087 11669  9020 12607  7608] [] 1716194239.6761229038
[ 1  1  1  1  1  1 -1  1  1  1 -1  1  1  1 -1 -1  1  1] [ 3 11 19 20 21 26 27 28 29 34 42 44 45 47 50 53 54 61] [ 4450  8839  5946 12061 11044 13070 12566 10418 11023 12043 10749  8882
  7998 11601 10845  9419 12355  7446] [] 1716194239.7190825939
[ 1  1  1  1  1  1 -1 -1  1 -1 -1  1  1  1  1 -1  1  1] [ 3 11 19 20 21 26 27 28 29 34 42 44 45 47 50 53 54 61] [ 4403  8811  5804 11896 10916 12992 12730 10488 10836 12049 10790  8568
  7946 11365 10582 10183 12235  7325] [] 1716194239.7621560097
[ 1  1  1  1  1  1 -1 -1  1  1 -1  1  1  1 -1  1  1 -1 -1  1] [ 3 11 19 20 21 26 27 28 29 34 35 42 44 45 47 50 53 54 55 61] [ 4374  8759  5747 11783 10896 12666 12884 10503 10799 11984 12950 10544
  7285  7907 11600 10385  9663 12363 11619  7321] [] 1716194239.8051993847
[ 1 -1 -1  1  1  1  1  1 -1 -1  1 -1  1  1  1  1  1  1  1  1  1] [ 3 11 18 19 20 21 26 27 28 29 34 35 42 44 45 47 50 53 54 55 61] [ 4363  8879 11024  5645 11717 10739 12647 12804 10577 10803 11880 13029
 10352  6523  7012 10737 10337  8885 12149 11149  7220] [] 1716194239.8481266499
[ 1  1  1  1  1  1  1 -1  1  1 -1  1  1  1  1  1  1 -1  1  1  1] [ 3 11 18 19 20 21 26 27 28 29 34 35 42 44 45 47 50 53 54 55 61] [ 4346  8838 10842  5263 11612 10625 10313 12900 10525 10738 11916 13013
 10345  6227  6989 10462 10273  8972 12114 10903  7162] [] 1716194239.8910820484
[ 1  1  1  1  1  1  1  1 -1 -1  1 -1  1  1  1  1  1  1 -1  1  1] [ 3 11 18 19 20 21 26 27 28 29 34 35 42 44 45 47 50 53 54 55 61] [ 4311  8801 10792  5173 11493 10502  9961 12865 10610 10776 11755 13284
 10171  5923  6871  9723 10189  7803 12223  9145  7123] [] 1716194239.9341864586
[ 1  1  1  1  1 -1  1 -1  1  1 -1  1  1  1  1  1  1  1  1  1  1] [ 3 11 18 19 20 21 26 27 28 29 34 35 42 44 45 47 50 53 54 55 61] [ 4110  8801 10626  4872 11379 10576  9783 12924  9914 10629 11828 12832
  9229  5554  6702  8806 10091  7281 11393  7666  7060] [] 1716194239.9771690369
[ 1  1  1  1  1  1 -1 -1  1  1  1  1  1  1  1 -1  1  1  1  1  1] [ 3 11 18 19 20 21 26 27 28 29 34 35 42 44 45 47 50 53 54 55 61] [ 4103  8740 10499  4795 11283 10431  9786 13121  9584 10539 11775 11720
  8523  5451  6699  9531  9918  7038  9916  6941  6914] [] 1716194240.0201165676
[ 1  1  1  1 -1  1  1  1  1 -1  1  1  1  1  1 -1  1  1 -1  1  1 -1] [ 3 11 18 19 20 21 26 27 28 29 34 35 42 44 45 46 47 50 53 54 55 61] [ 4005  8726 10404  4724 11338 10386  9636 13013  9453 10579 11697 11491
  8306  5321  6678 13583  8695  9906  7109  9911  6839  6974] [] 1716194240.0631134510
[ 1 -1  1  1  1  1 -1 -1  1  1 -1  1  1  1  1  1  1  1  1  1  1  1] [ 3 11 18 19 20 21 26 27 28 29 34 35 42 44 45 46 47 50 53 54 55 61] [ 3981  8746  8987  4719 11212 10333  9670 13100  9007 10473 11706 11359
  7327  5222  6491 13559  8538  9737  6890  9745  6385  6828] [] 1716194240.1061742306
[-1  1  1  1  1  1  1  1  1  1  1  1 -1 -1  1  1  1  1 -1  1  1  1  1  1] [ 1  3 11 18 19 20 21 26 27 28 29 34 35 36 42 44 45 46 47 50 53 54 55 61] [16297  3873  8730  7836  4599 10997 10201  9432 13036  8742 10349 10053
 11513 13826  6723  5048  6399 12983  9009  9713  6774  9443  5719  6706] [] 1716194240.1491169930
[ 1  1  1  1  1  1  1  1  1  1  1 -1 -1  1  1  1 -1  1  1  1 -1 -1 -1  1
 -1] [ 1  3 11 18 19 20 21 26 27 28 29 34 35 36 42 44 45 46 47 50 51 53 54 55
 61] [16211  3861  8653  7742  4477 10907 10183  9395 12852  8219  9897 10485
 11609 13712  6416  5043  6409  9051  8263  9626 13149  6830  9465  5601
  6725] [] 1716194240.1921994686
[ 1 -1  1  1 -1 -1 -1  1  1  1  1  1  1  1  1  1  1  1 -1  1  1  1  1  1] [ 3 11 18 19 20 21 26 27 28 29 34 35 36 42 44 45 46 47 50 51 53 54 55 61] [ 3800  8720  7732  4425 10983 10273  9417 12533  7233  9835  9686 11272
 12335  6002  4875  6327  8787  7357  9635 12576  6207  9254  5092  6563] [] 1716194240.2350924015
[ 1  1  1  1  1  1  1  1  1  1  1 -1 -1  1  1  1  1  1  1  1  1  1  1  1] [ 3 11 18 19 20 21 26 27 28 29 34 35 36 42 44 45 46 47 50 51 53 54 55 61] [ 3725  8668  6847  4341 10943 10110  8707 12482  6563  9712  9142 11300
 12809  5503  4633  6240  8722  6576  9603 12154  6100  9116  4901  6486] [] 1716194240.2780900002
[ 1  1  1  1  1 -1  1  1  1  1  1  1  1  1  1  1  1  1 -1  1 -1  1  1  1] [ 3 11 18 19 20 21 26 27 28 29 34 35 36 42 44 45 46 47 50 51 53 54 55 61] [ 3501  8024  6748  4270 10909 10201  8422 12444  6525  9642  8110 11153
 12665  5235  4548  6200  8677  6236  9650 11781  6152  9034  4872  6469] [] 1716194240.3212716579
[ 1 -1  1  1 -1  1  1  1  1  1  1  1  1  1 -1  1  1 -1  1  1  1  1  1  1
  1  1] [ 3 10 11 18 19 20 21 26 27 28 29 34 35 36 37 42 44 45 46 47 50 51 53 54
 55 61] [ 3314 14821  7814  6712  4277 10791 10137  7865 12438  6160  9623  7751
 11089 12530 16328  5107  4479  6227  8529  5825  9578 11448  5935  8638
  4702  6379] [] 1716194240.3642163277
[ 1 -1  1 -1  1  1  1 -1  1 -1  1 -1  1  1  1  1  1  1  1  1  1 -1  1  1
  1  1  1] [ 3 10 11 13 18 19 20 21 26 27 28 29 34 35 36 37 42 44 45 46 47 50 51 53
 54 55 61] [ 3111 14924  7791 13909  5751  4144 10779 10318  7103 12472  5568  9674
  7637 11053 11161 14450  4590  4378  6098  7489  5630  9653 11315  5461
  8594  4379  6343] [] 1716194240.4071393013
[ 1  1 -1  1  1  1  1  1  1  1  1  1  1 -1  1  1  1  1  1  1  1  1  1  1
  1  1  1] [ 3 10 11 13 18 19 20 21 26 27 28 29 34 35 36 37 42 44 45 46 47 50 51 53
 54 55 61] [ 3010 13570  7825 13857  4931  4128 10661 10228  6502 12308  5359  9660
  7622 11106 10239 13625  4369  4035  5794  7412  5221  9308 11157  5397
  8309  4137  6308] [] 1716194240.4502031803
[ 1  1 -1 -1  1  1  1  1  1  1  1  1  1 -1  1  1  1  1  1  1  1  1 -1 -1
  1  1  1] [ 3 10 11 13 18 19 20 21 26 27 28 29 34 35 36 37 42 44 45 46 47 50 51 53
 54 55 61] [ 2895 12420  7836 13933  4859  4084 10539 10100  6218 12221  5079  9565
  7415 11140  9623 13501  4301  3966  5640  7349  4999  8931 11197  5447
  7359  4089  6269] [] 1716194240.4931945801
[ 1  1  1  1  1  1  1  1  1 -1  1  1  1  1  1  1  1  1  1  1  1  1  1 -1
  1  1  1  1] [ 3 10 11 13 18 19 20 21 26 27 28 29 34 35 36 37 42 44 45 46 47 50 51 52
 53 54 55 61] [ 2852 11808  7406 13924  4807  4046 10481 10052  5895 12348  5025  9535
  6581 11051  9321 13371  4201  3807  5541  7261  4845  8489 11001 14357
  5371  6555  3898  6228] [] 1716194240.5362524986
[ 1  1  1  1  1  1  1  1  1  1  1  1  1  1  1  1  1  1  1  1  1  1  1 -1
  1  1  1  1] [ 3 10 11 13 18 19 20 21 26 27 28 29 34 35 36 37 42 44 45 46 47 50 51 52
 53 54 55 61] [ 2735 11124  6951 13908  4667  3960  9713  9962  5192 12260  4703  7735
  6303 10518  8924 13180  4053  3784  5503  7212  4709  8454 10898 14390
  5233  6449  3737  6112] [] 1716194240.5791862011
[ 1  1  1  1 -1  1  1 -1  1  1  1 -1  1  1  1  1  1 -1  1  1  1  1  1  1
  1  1  1 -1] [ 3 10 11 13 18 19 20 21 26 27 28 29 34 35 36 37 42 44 45 46 47 50 51 52
 53 54 55 61] [ 2719 10977  6661 13843  4691  3908  9235 10002  5093 12193  4503  7749
  6272 10513  8676 13069  3969  3817  5479  7172  4651  8115 10819 11010
  5194  6327  3668  6124] [] 1716194240.6221418381
[ 1  1  1 -1  1  1 -1  1  1  1  1  1  1 -1  1 -1  1  1  1 -1  1  1  1  1
  1 -1  1  1] [ 3 10 11 13 18 19 20 21 26 27 28 29 34 35 36 37 42 44 45 46 47 50 51 52
 53 54 55 61] [ 2603 10850  6542 14012  4463  3892  9815  9867  4891 12170  4471  5959
  6225 10588  8473 13176  3792  3752  5193  7207  4524  7707 10459 10993
  5088  6381  3557  6029] [] 1716194240.6651446819
[ 1  1  1  1  1  1  1 -1  1  1  1  1 -1  1  1  1 -1  1  1  1  1  1 -1  1
  1  1  1  1  1] [ 3 10 11 13 18 19 20 21 26 27 28 29 34 35 36 37 41 42 44 45 46 47 50 51
 52 53 54 55 61] [ 2491 10230  6243 13889  4365  3860  9374  9877  4801 12148  4027  5895
  6245 10301  7453 13064 14179  3759  3698  4951  7023  4407  8074 10345
 10487  5012  6200  3459  5993] [] 1716194240.7081677914
[ 1 -1  1 -1  1  1  1  1  1  1  1  1  1  1  1  1  1  1  1  1 -1  1  1  1
  1  1  1  1  1] [ 3 10 11 13 18 19 20 21 26 27 28 29 34 35 36 37 41 42 44 45 46 47 50 51
 52 53 54 55 61] [ 2447 10403  5972 13947  4279  3809  8675  9812  4759 12109  3723  5768
  6211  9929  6778 12988 13961  3537  3623  4937  7043  4314  7307 10240
  9497  4869  6183  3437  5957] [] 1716194240.7511498928
[ 1  1  1  1  1  1  1  1  1  1  1  1  1  1  1 -1 -1  1  1  1  1  1 -1  1
  1  1  1  1  1] [ 3 10 11 13 18 19 20 21 26 27 28 29 34 35 36 37 41 42 44 45 46 47 50 51
 52 53 54 55 61] [ 2408 10002  5583 13916  4149  3785  8511  9786  4683 12074  3632  5738
  5720  9818  6494 13072 14077  3371  3550  4764  6251  4209  7315 10161
  8624  4680  6001  3341  5914] [] 1716194240.7941448689
[ 1  1  1 -1  1  1  1 -1  1  1  1  1 -1  1 -1  1  1  1  1  1  1 -1 -1  1
  1  1  1  1  1  1] [ 3 10 11 13 18 19 20 21 26 27 28 29 32 34 35 36 37 41 42 44 45 46 47 50
 51 52 53 54 55 61] [ 2350  9567  5083 13988  4041  3670  8309  9808  4461 11931  3533  5689
 13723  5435  9918  5721 13040 14046  3268  3436  4677  6306  4213  7081
 10022  8605  4634  5906  3311  5858] [] 1716194240.8370890617
[ 1  1  1  1  1  1  1  1  1  1  1  1  1  1  1  1  1  1  1  1  1  1  1  1
  1  1  1 -1  1 -1 -1] [ 3 10 11 13 18 19 20 21 26 27 28 29 32 34 35 36 37 41 42 44 45 46 47 50
 51 52 53 54 55 60 61] [ 2313  8804  4779 13959  3979  3659  8154  9741  4348 11536  3461  5678
 11713  5242  9799  5307 13030 13967  3207  3396  4590  6217  4154  7075
  9491  8369  4564  6047  3255 16263  5889] [] 1716194240.8801093102
[ 1  1  1 -1 -1  1  1  1 -1  1  1  1  1  1 -1  1 -1 -1  1  1  1  1  1 -1
  1  1  1  1  1  1 -1] [ 3 10 11 13 18 19 20 21 26 27 28 29 32 34 35 36 37 41 42 44 45 46 47 50
 51 52 53 54 55 60 61] [ 2301  8773  4554 14368  4052  3606  7272  9718  4371  9480  3378  5667
 11267  5141  9832  5234 13054 13969  3146  3375  4422  6127  4046  7122
  9487  8010  4489  5904  3184 11448  5939] [] 1716194240.9230589867
[ 1  1  1  1  1  1  1 -1  1  1  1  1  1  1  1  1  1 -1  1  1  1  1  1  1
 -1  1  1  1  1  1 -1] [ 3 10 11 13 18 19 20 21 26 27 28 29 32 34 35 36 37 41 42 44 45 46 47 50
 51 52 53 54 55 60 61] [ 2250  8603  4335 14215  4041  3520  7065  9722  4145  9216  3300  5643
 10622  5077  9745  5202 12969 14124  3000  3314  4392  6015  3946  6712
  9768  7949  4382  4893  3144 10901  5977] [] 1716194240.9661092758
[-1  1  1  1  1 -1  1  1 -1 -1  1  1  1  1  1  1  1  1 -1  1  1  1  1 -1
  1 -1  1  1  1 -1  1 -1  1  1] [ 1  3 10 11 13 18 19 20 21 23 26 27 28 29 32 34 35 36 37 41 42 44 45 46
 47 48 50 51 52 53 54 55 60 61] [16350  2221  8061  4207 14084  4061  3466  6170  9792 14733  3957  9113
  3175  5425 10335  4916  9677  5122 13164 14035  2932  3242  4325  6190
  3828 14194  6434  8256  7785  4388  4827  3170  9701  5952] [] 1716194241.0091314316
[ 1  1  1 -1  1  1  1 -1  1  1 -1  1  1  1  1  1  1 -1  1  1  1  1  1  1
  1  1  1  1  1  1  1  1  1] [ 3 10 11 13 18 19 20 21 23 26 27 28 29 32 34 35 36 37 41 42 44 45 46 47
 48 50 51 52 53 54 55 60 61] [ 2211  7784  3948 14111  3828  3444  5950  9822 14194  3871  9157  3079
  5114 10319  4807  9240  4885 13346 13995  2852  3211  3896  6066  3696
 13965  5868  8149  7505  4326  4823  3082  8958  5944] [] 1716194241.0520350933
[-1 -1  1  1  1  1  1 -1  1 -1  1 -1  1  1 -1  1  1  1 -1  1  1  1  1  1
  1  1  1  1  1  1  1  1  1  1] [ 1  3 10 11 13 18 19 20 21 23 26 27 28 29 32 34 35 36 37 41 42 44 45 46
 47 48 50 51 52 53 54 55 60 61] [16343  2235  7576  3867 14110  3719  3395  5956  9757 14237  3799  9246
  2995  5013 10369  4663  8604  4707 13388 13943  2830  3184  3830  5972
  3652 13738  5822  7939  7439  4291  4738  3055  8908  5939] [] 1716194241.0951211452
[ 1  1  1  1  1  1  1  1  1  1  1  1 -1  1  1  1  1 -1 -1  1  1  1  1  1
  1  1  1  1  1  1  1  1 -1 -1] [ 3 10 11 13 18 19 20 21 23 26 27 28 29 32 34 35 36 37 38 41 42 44 45 46
 47 48 50 51 52 53 54 55 60 61] [ 2187  7216  3800 14092  3694  3390  5838  9755 13749  3771  9098  2964
  5037 10197  4555  8390  4628 13610 15423 13941  2824  3164  3771  5869
  3640 13608  5790  7698  7434  4256  4707  3025  8947  5977] [] 1716194241.1381382942
[ 1  1  1 -1  1  1  1  1  1  1  1  1  1  1  1  1  1  1  1  1  1  1  1  1
  1  1 -1  1  1  1 -1  1  1  1] [ 3 10 11 13 18 19 20 21 23 26 27 28 29 32 34 35 36 37 38 41 42 44 45 46
 47 48 50 51 52 53 54 55 60 61] [ 2164  7036  3788 14094  3673  3379  5770  9732 13712  3747  9028  2942
  5015 10157  4517  8319  4618 13456 15391 13939  2802  3164  3759  5831
  3622 13586  5795  7679  7365  4234  4726  3016  8941  5917] [] 1716194241.1811840534
[ 1  1  1  1 -1  1 -1  1 -1  1  1  1 -1  1 -1  1  1 -1 -1 -1 -1 -1 -1 -1
 -1 -1  1 -1  1  1 -1 -1 -1] [ 3 10 11 13 18 19 20 21 23 26 27 28 29 32 34 35 36 37 41 42 44 45 46 47
 48 50 51 52 53 54 55 60 61] [ 2150  6980  3787 14080  3677  3360  5772  9706 13744  3691  9023  2932
  5022 10121  4543  8287  4591 13560 13993  2808  3167  3879  5873  3684
 14609  5812  7547  7430  4229  4723  3024  9225  5940] [] 1716194241.2241032124
[-1 -1 -1 -1  1  1 -1 -1  1  1  1 -1 -1 -1  1  1  1  1 -1 -1 -1 -1 -1 -1
 -1 -1 -1 -1 -1 -1 -1  1] [ 3 10 11 13 18 19 20 21 23 26 27 28 29 32 34 35 36 37 41 42 44 45 46 47
 50 51 52 53 54 55 60 61] [ 2171  7019  3807 14094  3671  3346  5789  9732 13563  3683  9023  2999
  5032 10133  4495  8193  4591 13440 13995  2888  3185  4140  6018  3894
  6535  8326  7529  4232  4751  3080 11187  5908] [] 1716194241.2671129704
[-1 -1 -1 -1 -1 -1 -1 -1  1 -1 -1 -1  1 -1  1  1 -1 -1  1  1 -1 -1 -1  1
 -1 -1 -1 -1 -1 -1 -1  1] [ 1  3 10 11 13 18 19 20 21 23 26 27 28 29 32 34 35 36 37 41 42 44 45 46
 47 50 51 52 53 54 55 61] [16250  2195  7413  4093 14152  3845  3366  5859  9643 13593  3711  9032
  2999  5094  9905  4488  8194  4717 13344 13989  2900  3230  4350  5963
  3991  6653  8339  7674  4273  4783  3136  5796] [] 1716194241.3100910187
[ 1 -1 -1 -1  1 -1 -1 -1  1 -1 -1 -1 -1 -1 -1 -1  1 -1  1 -1 -1 -1 -1 -1
  1  1  1 -1 -1 -1 -1 -1] [ 1  3 10 11 13 18 19 20 21 23 26 27 28 29 32 34 35 36 37 41 42 44 45 46
 47 50 51 52 53 54 55 61] [16218  2207  7612  4163 13893  3889  3451  5913  9629 13615  3767  9053
  3082  5554  9917  4569  8163  4802 13288 14010  2965  3254  4401  6055
  3990  6652  8284  7695  4315  4851  3169  5812] [] 1716194241.3530926704
[-1 -1 -1 -1  1 -1  1 -1  1 -1 -1  1 -1 -1 -1 -1 -1 -1 -1  1 -1 -1 -1 -1
 -1 -1  1 -1 -1 -1 -1 -1] [ 1  3 10 11 13 18 19 20 21 23 26 27 28 29 32 34 35 36 37 41 42 44 45 46
 47 50 51 52 53 54 55 61] [16318  2239  7738  4243 13809  3895  3444  6147  9609 13653  3869  9046
  3150  5587  9955  4609  8245  4974 13368 13999  3134  3370  4671  6755
  4087  6949  8188  8104  4370  5377  3286  5857] [] 1716194241.3961160183
[-1 -1 -1 -1 -1 -1 -1 -1 -1 -1 -1 -1 -1 -1 -1 -1 -1 -1  1 -1 -1 -1 -1 -1
  1 -1  1 -1 -1 -1 -1 -1] [ 1  3 10 11 13 18 19 20 21 23 26 27 28 29 32 34 35 36 37 41 42 44 45 46
 47 50 51 52 53 54 55 61] [16323  2279  9370  4587 13931  4029  3491  7182  9698 13747  4245  9705
  3316  5656 10433  5255  9335  5335 12980 14133  3250  3415  4705  6812
  4036  7151  8177  8547  4486  5426  3312  5888] [] 1716194241.4390978813
[-1 -1 -1 -1 -1 -1  1 -1  1 -1 -1 -1 -1  1 -1  1 -1  1 -1 -1 -1 -1 -1  1
 -1 -1 -1 -1 -1 -1] [ 1  3 10 11 13 18 19 20 21 23 26 27 28 29 34 35 36 37 42 44 45 46 47 50
 51 52 53 54 55 61] [16332  2285  9535  4895 14128  4125  3474  8075  9559 13943  4267 11440
  3402  5618  5412  9300  5862 12832  3369  3526  4866  6901  4193  7103
  8418  8687  4740  5554  3502  5946] [] 1716194241.4820516109
[ 1 -1 -1 -1 -1 -1 -1 -1 -1 -1 -1 -1 -1 -1 -1  1 -1 -1 -1 -1 -1 -1 -1 -1
  1 -1 -1 -1 -1 -1] [ 1  3 10 11 13 18 19 20 21 23 26 27 28 29 34 35 36 37 42 44 45 46 47 50
 51 52 53 54 55 61] [16320  2331  9861  5432 14179  4233  3511  8296  9584 13953  4399 11450
  3567  5682  5527  9293  6525 12864  3701  3620  5118  7071  4392  7328
  8307 10095  4851  5654  3672  6031] [] 1716194241.5251133442
[ 1 -1 -1 -1 -1 -1 -1 -1 -1 -1 -1  1 -1 -1 -1 -1 -1 -1 -1 -1 -1  1 -1 -1
 -1 -1 -1 -1 -1 -1] [ 1  3 10 11 13 18 19 20 21 23 26 27 28 29 34 35 36 37 42 44 45 46 47 50
 51 52 53 54 55 61] [16118  2455 10097  6005 14450  4551  3571  8366  9692 14194  4643 11371
  3742  5795  6124  9390  6986 12961  3816  3651  5357  7062  4526  8255
  8323 12864  4944  5916  3846  6097] [] 1716194241.5682301521
[-1 -1 -1 -1 -1 -1 -1  1  1 -1 -1 -1 -1 -1  1 -1 -1  1 -1 -1 -1  1 -1  1
  1 -1 -1 -1 -1 -1] [ 1  3 10 11 13 18 19 20 21 23 26 27 28 29 34 35 36 37 42 44 45 46 47 50
 51 52 53 54 55 61] [16213  2515 10237  6335 14817  4605  3613  8058  9656 14227  4983 11425
  3887  7723  5930  9425  7295 12814  3931  3679  5425  7057  4588  8250
  8213 14398  5102  5960  3996  6138] [] 1716194241.6110930443
[ 1 -1 -1 -1 -1  1 -1  1 -1 -1 -1 -1 -1 -1  1 -1 -1 -1 -1 -1 -1 -1 -1 -1
 -1 -1 -1 -1 -1 -1] [ 1  3 10 11 13 18 19 20 21 23 26 27 28 29 34 35 36 37 42 44 45 46 47 50
 51 52 53 54 55 61] [16187  2603 10334  6747 14894  4596  3701  7973  9672 14972  5281 11584
  4370  8897  5828  9519  7543 13088  4162  4120  5493  7167  4776  8780
  8394 15947  5142  6445  4159  6277] [] 1716194241.6540539265
[-1 -1 -1 -1 -1 -1 -1 -1 -1 -1 -1  1 -1 -1 -1 -1 -1 -1 -1 -1 -1 -1 -1 -1
 -1 -1 -1 -1 -1] [ 1  3 10 11 13 18 19 20 21 23 26 27 28 29 34 35 36 37 42 44 45 46 47 50
 51 53 54 55 61] [16201  2839 10652  7353 14968  4675  3763  8033  9732 15997  6119 11554
  4673  8912  6602  9822  7677 13152  4431  4197  5743  8149  5152  9370
  8627  5267  7350  4639  6286] [] 1716194241.6971056461
[ 1 -1 -1 -1 -1 -1 -1 -1 -1  1 -1 -1 -1 -1 -1 -1 -1 -1 -1 -1 -1 -1 -1  1
 -1 -1 -1 -1 -1] [ 1  3 10 11 13 18 19 20 21 23 26 27 28 29 34 35 36 37 42 44 45 46 47 50
 51 53 54 55 61] [16184  3041 10904  7812 15203  4889  3828  8868  9795 15515  6925 11666
  5275  8955  6687 10070  8054 13367  4633  4268  5822  8212  5361  9335
  8658  5330  8863  4828  6316] [] 1716194241.7400972843
[ 1 -1 -1 -1 -1 -1  1 -1 -1  1 -1 -1 -1 -1 -1 -1 -1 -1 -1 -1 -1 -1 -1 -1
 -1 -1 -1 -1 -1] [ 1  3 10 11 13 18 19 20 21 23 26 27 28 29 34 35 36 37 42 44 45 46 47 50
 51 53 54 55 61] [16052  3114 11634  7839 15248  5618  3797  8940  9841 15497  6980 11676
  5649  9236  6749 10104  9026 13427  4958  4404  6169  8310  6017  9369
  8920  5782  8926  5212  6463] [] 1716194241.7830467224
[-1 -1 -1  1  1 -1 -1 -1 -1  1 -1 -1 -1 -1 -1 -1 -1 -1 -1 -1  1 -1 -1 -1
 -1 -1 -1 -1 -1] [ 1  3 10 11 13 18 19 20 21 23 26 27 28 29 34 35 36 37 42 44 45 46 47 50
 51 53 54 55 61] [16190  3389 11816  7818 15040  6647  3831  9784  9917 15338  7576 11703
  5943  9451  6884 10304 10000 13631  5405  4420  6114 11071  6868  9508
 15566  6144  9247  6148  6550] [] 1716194241.8260791302
[ 1 -1 -1 -1 -1 -1 -1 -1 -1 -1 -1 -1 -1 -1 -1 -1 -1 -1 -1 -1 -1 -1 -1 -1
 -1 -1 -1] [ 1  3 10 11 13 18 19 20 21 23 26 27 28 29 34 35 36 42 44 45 46 47 50 53
 54 55 61] [16140  3579 13600  8475 15372  7433  3907 10132 10054 16257  7939 11813
  6797  9485  8678 10485 12323  6095  4458  6220 11241  7365  9535  6661
  9369  6455  6612] [] 1716194241.8690352440
[ 1  1 -1 -1  1 -1 -1 -1  1 -1 -1 -1 -1 -1 -1 -1 -1 -1 -1 -1 -1 -1 -1 -1
 -1 -1] [ 1  3 10 11 13 18 19 20 21 26 27 28 29 34 35 36 42 44 45 46 47 50 53 54
 55 61] [16048  3558 15034  8523 15145  7557  4012 10408  9998  8050 11847  7491
  9522  9283 10954 13139  6488  4730  6254 14651  7581  9729  6789  9447
  7269  6737] [] 1716194241.9120616913
[-1 -1 -1 -1 -1 -1 -1 -1 -1 -1 -1 -1  1 -1  1 -1 -1 -1 -1 -1 -1 -1 -1 -1
 -1] [ 1  3 10 11 13 18 19 20 21 26 27 28 29 34 35 36 42 44 45 47 50 53 54 55
 61] [16160  3737 15768  8572 15543  7633  4091 10546 10142  8335 11922  7511
  9467  9760 10872 15478  6882  4913  6343  7737  9740  7097  9705  7645
  6789] [] 1716194241.9550530910
[-1 -1 -1 -1 -1 -1 -1 -1 -1 -1 -1  1 -1 -1 -1 -1 -1 -1  1 -1 -1 -1] [ 3 11 18 19 20 21 26 27 28 29 34 35 36 42 44 45 47 50 53 54 55 61] [ 3754  8585  7673  4216 10746 10275  8479 11932  8105  9668  9930 10778
 15583  8103  5327  6404  8185  9904  7000 12019  8575  6914] [] 1716194241.9980382919
[-1  1 -1 -1 -1  1 -1 -1 -1 -1 -1 -1 -1 -1  1 -1 -1  1 -1 -1 -1 -1 -1] [ 3 11 13 18 19 20 21 26 27 28 29 34 35 36 42 44 45 47 50 53 54 55 61] [ 3897  8556 16020  8272  4416 10626 10437  8839 12093  9986 10077 12031
 10834 15986  8077  5418  6456  8153  9941  7015 12047 10902  6933] [] 1716194242.0410740376
[-1  1 -1 -1  1 -1 -1 -1  1 -1 -1  1 -1  1 -1 -1 -1 -1 -1 -1 -1 -1] [ 3 11 13 18 19 20 21 26 27 28 29 34 35 36 42 44 45 47 50 53 54 61] [ 3945  8553 16114 10376  4405 10818 10496  9181 12092 10030 10097 12014
 10903 15967  8293  5740  6595  8827 10027  7195 12121  6945] [] 1716194242.0840680599
[-1 -1 -1 -1 -1  1 -1 -1  1 -1 -1 -1  1 -1 -1 -1 -1 -1 -1 -1 -1] [ 3 11 18 19 20 21 26 27 28 29 34 35 36 42 44 45 47 50 53 54 61] [ 3947  8664 10645  4517 10977 10486 10931 12160  9995 10267 12065 11176
 15961  8367  6242  6858  9311 10552  7528 12337  7237] [] 1716194242.1270232201
[-1  1 -1 -1 -1 -1 -1 -1 -1 -1 -1 -1 -1 -1 -1 -1 -1 -1  1 -1] [ 3 11 18 19 20 21 26 27 28 29 34 35 42 44 45 47 50 53 54 61] [ 4125  8623 10880  4744 11067 10660 11078 12240 10047 10351 12206 11652
  9519  6619  7724  9599 10661  7558 12297  7279] [] 1716194242.1700165272
[-1 -1 -1 -1 -1  1 -1 -1 -1 -1  1 -1  1 -1 -1 -1 -1 -1 -1] [ 3 11 18 19 20 21 26 27 28 29 34 35 42 44 45 47 53 54 61] [ 4176  8682 11181  4832 11096 10630 11229 12246 10066 10438 12074 11824
  9469  7869  7845  9877  7709 12443  7399] [] 1716194242.2130336761
[ 1 -1 -1 -1 -1  1 -1 -1 -1  1 -1 -1 -1 -1 -1 -1 -1 -1] [ 3 11 19 20 21 26 27 28 29 34 35 42 44 45 47 53 54 61] [ 4152  8738  5043 11121 10729 11063 12252 10093 10492 11955 12453  9476
  9599  7945 12278  7880 12639  7535] [] 1716194242.2561542988
[-1 -1 -1 -1 -1 -1 -1  1 -1 -1 -1 -1  1 -1 -1 -1] [ 3 11 19 20 21 26 27 28 29 34 42 44 45 47 53 61] [ 4211  8744  5349 11533 10880 11469 12310 10063 10678 11987  9633  9821
  7908 14685  8446  7807] [] 1716194242.2991013527
[-1 -1 -1  1  1 -1 -1 -1 -1  1  1  1  1  1] [ 3 11 19 20 21 26 27 28 29 34 42 44 45 53] [ 4301  8755  5640 11514 10875 11623 12406 10186 10775 11929  9593  9701
  7572  7963] [] 1716194242.3421416283
[-1 -1 -1 -1 -1 -1 -1  1  1 -1 -1 -1 -1 -1] [ 3 11 19 20 21 26 27 28 29 34 42 44 45 53] [ 4371  8800  5914 11583 10989 11843 12443 10063 10721 12258  9725 10312
  7679  8100] [] 1716194242.3849730492
[-1  1 -1 -1 -1 -1  1 -1 -1 -1 -1 -1 -1 -1] [ 3 11 19 20 21 26 27 28 29 34 42 44 45 53] [ 5109  8780  6078 11674 11239 12299 12388 10272 10874 12330  9769 12131
  7747  8122] [] 1716194242.4281306267
[-1  1 -1 -1  1 -1  1  1 -1  1  1  1  1 -1] [ 3 11 19 20 21 26 27 28 29 34 42 44 45 53] [ 5187  8747  6435 12234 11163 12689 12334 10174 11045 12141  9471 12064
  7639  9958] [] 1716194242.4710776806
[-1 -1 -1 -1 -1 -1 -1 -1 -1 -1 -1  1 -1] [ 3 11 19 20 21 26 27 28 29 42 44 45 53] [ 5241  8753  7042 12362 11349 12803 12567 10248 11196  9507 12384  7585
 10003] [] 1716194242.5140810013
[-1  1 -1  1 -1 -1  1 -1 -1  1  1 -1] [ 3 11 19 20 21 26 27 28 42 44 45 53] [ 7051  8708  8035 12123 12504 13276 12280 10254  9577 12276  7559 10039] [] 1716194242.5570082664
[-1 -1 -1 -1 -1  1  1 -1 -1  1 -1] [ 3 11 19 20 26 27 28 42 44 45 53] [ 7212  8780  8550 12301 14665 12252 10118  9599 12339  7555 12721] [] 1716194242.6001002789
[-1  1 -1 -1  1  1  1  1  1] [ 3 11 19 20 27 28 42 44 45] [ 7644  8636  8721 12586 12149 10117  9572 12278  7234] [] 1716194242.6430382729
[-1  1 -1 -1 -1 -1 -1 -1 -1] [ 3 11 19 20 27 28 42 44 45] [12731  8584  9513 12765 12292 10127 10073 12761  7501] [] 1716194242.6860439777
[-1 -1 -1 -1 -1 -1 -1 -1 -1] [ 3 11 19 20 27 28 42 44 45] [13386  8606  9643 13165 12421 10205 10373 12940  7565] [] 1716194242.7290494442
[-1 -1 -1  1 -1 -1 -1  1 -1] [ 3 11 19 20 27 28 42 44 45] [13504  8645  9732 13113 12432 10339 10463 12686  7677] [] 1716194242.7721524239
[ 1 -1  1 -1  1  1 -1 -1 -1] [ 3 11 19 20 27 28 42 44 45] [13257  8694  9689 13433 12227 10165 10798 13049  7704] [] 1716194242.8150465488
[-1 -1 -1 -1 -1 -1 -1 -1] [11 19 20 27 28 42 44 45] [ 8733  9832 13903 12364 10415 10979 14319  7823] [] 1716194242.8580594063
[ 1 -1 -1 -1 -1  1 -1  1] [11 19 20 27 28 42 44 45] [ 8725 10368 14661 12414 10442 10969 15917  7753] [] 1716194242.9010658264
[ 1  1  1  1 -1  1] [11 20 27 28 42 45] [ 8691 14578 12307 10425 11244  7619] [] 1716194242.9441177845
[-1 -1 -1  1 -1 -1] [11 20 27 28 42 45] [ 8705 14982 12362 10252 11389  7779] [] 1716194242.9871242046
[-1 -1  1 -1 -1] [11 27 28 42 45] [ 8812 13833 10202 12314  9736] [] 1716194243.0300111771
[ 1 -1 -1 -1] [11 28 42 45] [ 8775 10337 12831  9919] [] 1716194243.0730624199
[-1  1 -1] [11 28 42] [ 8791 10298 15307] [] 1716194243.1160845757
[-1  1] [11 28] [ 8801 10219] [] 1716194243.1590318680
[-1 -1] [11 28] [ 8857 10286] [] 1716194243.2019803524
[-1  1] [11 28] [ 8926 10283] [] 1716194243.2451102734
[-1  1] [11 28] [ 8957 10199] [] 1716194243.2880597115
[-1 -1] [11 28] [ 9274 10379] [] 1716194243.3310585022
[-1 -1] [11 28] [ 9623 10564] [] 1716194243.3740482330
[-1 -1] [11 28] [10952 11019] [] 1716194243.4169578552
[1] [28] [10806] [] 1716194243.4600503445
[-1] [28] [10843] [] 1716194243.5030274391
[-1] [28] [10907] [] 1716194243.5460269451
2 2 2 1716194243.8899095058
