FA TAX ADC PRES TS
[-1] [28] [11688] [] 1716195077.1394135952
[1] [28] [11644] [] 1716195077.1823797226
[-1] [28] [11659] [] 1716195077.2254378796
[1] [28] [11589] [] 1716195077.2682838440
[1] [28] [11530] [] 1716195077.3113608360
[1] [28] [11482] [] 1716195077.3543701172
[1] [28] [11239] [] 1716195077.3972821236
[-1 -1] [11 28] [13819 11446] [] 1716195077.4402866364
[ 1 -1] [11 28] [11815 11550] [] 1716195077.4833760262
[1 1] [11 28] [10330 11458] [] 1716195077.5263600349
[1 1] [11 28] [ 9725 11326] [] 1716195077.5692906380
[1 1] [11 28] [ 9413 11262] [] 1716195077.6124222279
[1 1] [11 28] [ 9326 11167] [] 1716195077.6553959846
[ 1 -1 -1] [11 19 28] [ 9224 11905 11233] [] 1716195077.6983799934
[1 1 1] [11 19 28] [ 9191 11790 11183] [] 1716195077.7414724827
[1 1 1] [11 19 28] [ 9113 11199 11037] [] 1716195077.7843220234
[-1 -1  1 -1 -1 -1] [ 2 11 19 26 28 29] [16230  9589 10620 11375 11500 12075] [] 1716195077.8274152279
[1 1 1 1 1 1] [ 2 11 19 26 28 29] [15398  9553 10462 11181 11386 11963] [] 1716195077.8703989983
[-1  1  1 -1  1  1  1] [ 2 11 19 20 26 28 29] [15896  9521 10411 15766 11125 11368 11934] [] 1716195077.9134113789
[ 1  1  1  1  1  1  1 -1] [ 2 11 19 20 26 28 29 42] [15567  9360 10335 15284 10801 11305 11289 13119] [] 1716195077.9563305378
[ 1  1  1 -1 -1  1  1] [11 19 20 26 28 29 42] [ 9305 10253 15022 10833 11308 11157 12906] [] 1716195077.9993989468
[ 1 -1  1  1  1  1  1] [11 19 20 26 28 29 42] [ 9223 10263 14647 10791 11135 11026 12646] [] 1716195078.0422756672
[-1  1  1  1 -1 -1 -1  1  1] [ 2 11 19 20 26 27 28 29 42] [15919  9155 10051 14272 10818 13124 11149 10903 12473] [] 1716195078.0853996277
[-1  1  1  1  1  1 -1  1 -1 -1] [ 2 11 19 20 26 27 28 29 42 45] [16184  9084  9951 13810 10529 12973 11167 10837 12483 12597] [] 1716195078.1285195351
[ 1 -1 -1 -1  1 -1 -1 -1 -1  1  1] [ 2  3 11 19 20 26 27 28 29 42 45] [16066  9312  9228 10045 13804 10700 13477 11198 10906 12115 11906] [] 1716195078.1714901924
[ 1  1  1  1  1  1 -1 -1  1  1  1] [ 2  3 11 19 20 26 27 28 29 42 45] [15944  9008  9144  9846 13627 10460 13607 11224 10762 11687 11350] [] 1716195078.2145287991
[-1  1  1  1  1  1  1  1  1  1  1] [ 2  3 11 19 20 26 27 28 29 42 45] [15984  7540  9017  9685 13481 10212 12605 11059  7866 11567 11063] [] 1716195078.2574596405
[-1  1  1  1  1  1  1  1  1  1  1] [ 2  3 11 19 20 26 27 28 29 42 45] [16346  7444  8978  8057 13410 10123 12508 10991  7674 11457  7793] [] 1716195078.3005168438
[ 1  1  1  1  1  1 -1  1  1 -1 -1 -1 -1] [ 2  3 11 19 20 26 27 28 29 42 44 45 53] [16064  7397  8943  7604 13175 10098 12528 10888  7611 11602 13472  8350
 10749] [] 1716195078.3434884548
[-1  1 -1  1  1 -1  1 -1 -1 -1 -1  1 -1  1] [ 2  3 11 19 20 23 26 27 28 29 42 44 45 53] [16267  7350  8992  7463 13033 15725 10064 12671 11279  7682 11805 13426
  8389  8568] [] 1716195078.3865573406
[ 1  1  1  1 -1 -1  1 -1 -1  1 -1 -1 -1  1  1 -1] [ 2  3 11 19 20 21 23 26 27 28 29 34 42 44 45 53] [16139  6642  8939  7326 13058 12951 14398 10134 12934 11154  7711 11648
 11953 13030  8200  8652] [] 1716195078.4292745590
[ 1  1  1  1  1  1  1  1 -1  1  1  1 -1 -1  1  1] [ 2  3 11 19 20 21 23 26 27 28 29 34 42 44 45 53] [16098  6301  8896  7297 12952 11448 14206 10127 13104 10547  7691  9226
 12076 13183  7871  8131] [] 1716195078.4725692272
[-1  1  1  1 -1  1  1  1  1  1  1  1  1  1  1  1] [ 2  3 11 19 20 21 23 26 27 28 29 34 42 44 45 53] [16187  5238  8862  7134 12979 10855 13835 10044 12695  9086  7561  8777
 12027 12934  6847  7342] [] 1716195078.5155198574
[ 1  1  1  1  1 -1  1  1 -1  1  1  1  1  1 -1  1 -1] [ 2  3 11 19 20 21 23 26 27 28 29 34 42 44 45 53 54] [15859  4547  8715  7110 12873 10866 13658  9983 12862  8331  7533  6879
 12023 12862  7099  7109 12554] [] 1716195078.5585224628
[-1  1 -1  1 -1  1  1  1 -1  1 -1 -1 -1  1 -1 -1 -1 -1] [ 2  3 11 19 20 21 23 26 27 28 29 34 42 44 45 53 54 61] [15962  4015  8728  7051 12906 10789 13411  9912 12995  8098  7621  6911
 12088 12393  7193  7389 12578  9960] [] 1716195078.6014726162
[ 1  1  1  1  1  1  1  1  1  1  1 -1  1 -1 -1 -1 -1  1  1] [ 2  3 11 19 20 21 23 26 27 28 29 34 42 44 45 47 53 54 61] [15891  3787  8697  6688 12629 10731 13318  9870 12908  7880  7562  6919
 12037 13003  7249 10693  7617 12034  8094] [] 1716195078.6445627213
[ 1  1  1  1  1  1 -1  1  1  1 -1  1 -1 -1  1  1  1  1 -1  1] [ 2  3 11 19 20 21 23 26 27 28 29 34 36 42 44 45 47 53 54 61] [15795  3511  8616  6165 12618 10481 13347  9853 12410  6265  7675  6765
 14362 12065 12950  7079  9890  7312 12122  7602] [] 1716195078.6874830723
[ 1  1 -1  1  1  1 -1  1 -1  1  1  1 -1 -1  1  1 -1  1  1 -1  1] [ 2  3 11 19 20 21 23 26 27 28 29 34 35 36 42 44 45 47 53 54 61] [15608  3315  8677  5939 12493 10448 13373  9831 12508  5373  7577  6683
 15361 14383 11958 12661  7129  9473  7215 12144  7433] [] 1716195078.7305068970
[-1  1  1  1  1 -1 -1 -1  1  1  1  1  1  1  1  1  1  1  1  1 -1  1] [ 2  3 11 19 20 21 23 26 27 28 29 34 35 36 42 44 45 47 53 54 55 61] [15700  3225  8569  5891 12172 10573 13469  9851 12460  5077  7577  6228
 14359 14063 11955  9277  7114  8920  6514 10948 11688  7413] [] 1716195078.7736260891
[ 1  1  1  1  1  1 -1 -1  1  1  1  1  1  1  1  1  1  1  1  1  1  1] [ 2  3 11 19 20 21 23 26 27 28 29 34 35 36 42 44 45 47 53 54 55 61] [15592  3035  8530  5532 11890 10393 13571  9880 11970  4421  7520  5610
 14337 13074 11768  7776  6909  8769  6247 10008  9748  7132] [] 1716195078.8164200783
[-1  1 -1  1  1  1  1  1  1  1  1  1  1  1 -1  1  1  1 -1  1  1  1  1] [ 2  3 11 19 20 21 23 26 27 28 29 34 35 36 42 44 45 47 50 53 54 55 61] [15624  2881  8534  4994 11808  8161 13455  9761 11863  4204  7478  5260
 14224 12729 11791  7046  6823  8763 11554  6149  9851  8878  7091] [] 1716195078.8594224453
[-1  1 -1  1  1  1  1 -1 -1  1  1  1 -1  1  1  1  1 -1  1  1  1  1  1  1] [ 2  3 11 19 20 21 23 26 27 28 29 34 35 36 42 44 45 46 47 50 53 54 55 61] [15704  2797  8563  4933 11572  8122 13430  9779 11985  4023  7469  4844
 14389 12579 11785  6275  6433 11544  8315 10079  6040  9784  7609  7024] [] 1716195078.9025669098
[ 1  1  1  1  1  1 -1 -1  1  1  1  1  1  1 -1 -1  1  1  1  1 -1 -1  1  1
  1] [ 2  3 11 19 20 21 23 26 27 28 29 34 35 36 38 42 44 45 46 47 50 53 54 55
 61] [15241  2680  8494  4876 11146  7959 13670  9782 10876  3594  7323  4799
 14109 12367 13864 11908  6055  6324 11327  8213 10390  6052  9372  7110
  6926] [] 1716195078.9454984665
[-1 -1 -1 -1  1  1  1 -1  1 -1  1  1  1  1 -1  1  1  1  1  1  1 -1  1  1
  1  1] [ 2  3  4 11 19 20 21 23 26 27 28 29 34 35 36 38 42 44 45 46 47 50 53 54
 55 61] [15504  2761 13444  8495  4579 11118  7928 13746  9760 11007  3411  7291
  4615 12627 12409 13217 11661  5970  6050 11167  7819 10423  5579  8138
  6596  6813] [] 1716195078.9885458946
[ 1  1 -1 -1 -1 -1  1  1 -1  1  1  1  1  1  1  1  1  1  1  1  1  1 -1  1
 -1  1  1  1] [ 2  3  4 10 11 12 19 20 21 23 26 27 28 29 34 35 36 38 42 44 45 46 47 50
 53 54 55 61] [15088  2744 13567 12056  8513 12165  4396 10537  7972 13664  9616 10204
  3310  7270  4442 12276 12218 12189 11491  5842  6003  9475  7856 10269
  5657  7731  6314  6725] [] 1716195079.0315186977
[ 1 -1  1 -1  1  1  1  1 -1  1 -1  1  1  1  1  1  1  1  1  1  1  1  1  1
  1  1  1  1] [ 2  3  4 10 11 12 19 20 21 23 26 27 28 29 34 35 36 38 42 44 45 46 47 50
 53 54 55 61] [ 9944  2791 13471 12184  8495 10290  4280 10199  7984 13462  9638 10153
  3175  7233  4235 12184 10969 10912 11045  5479  5781  9005  7689 10203
  5326  7355  5786  6563] [] 1716195079.0745944977
[ 1  1  1  1  1  1 -1  1  1  1  1  1 -1  1 -1  1  1  1  1 -1  1  1  1 -1
  1 -1  1  1  1] [ 2  3  4 10 11 12 15 19 20 21 23 26 27 28 29 34 35 36 38 42 44 45 46 47
 50 53 54 55 61] [ 8703  2721 12983 12136  6285  9394 14520  4054 10151  7924 13403  9534
 10212  3008  7259  4012 12060  9473  9302 11059  4855  5669  8514  7702
 10121  5382  7065  5392  6479] [] 1716195079.1175754070
[-1  1 -1  1 -1  1  1  1  1  1  1 -1  1  1  1  1  1  1  1  1 -1  1  1  1
  1  1  1  1  1  1] [ 1  2  3  4 10 11 12 15 19 20 21 23 26 27 28 29 34 35 36 38 42 44 45 46
 47 50 53 54 55 61] [11487  7957  2763 12802 12304  6076  8196 13990  3986  9154  7891 13542
  9530 10047  2932  6612  3908 11880  8651  9005 11110  4791  5615  8443
  7418 10093  5330  6655  5068  6422] [] 1716195079.1606030464
[ 1  1  1  1  1  1  1  1  1  1 -1 -1  1  1  1  1  1  1  1  1  1  1  1  1
 -1  1  1  1  1  1] [ 1  2  3  4 10 11 12 15 19 20 21 23 26 27 28 29 34 35 36 38 42 44 45 46
 47 50 53 54 55 61] [11137  7245  2742 12671 12208  5631  7806 13782  3896  8232  7999 13557
  9497  9279  2885  6450  3839 11820  7543  7703 11007  4559  5191  7584
  7683 10035  5164  6119  4869  6271] [] 1716195079.2035906315
[ 1  1  1  1  1  1  1 -1  1  1  1 -1  1  1  1  1  1  1  1  1  1  1  1  1
  1 -1  1  1  1  1] [ 1  2  3  4 10 11 12 15 19 20 21 23 26 27 28 29 34 35 36 38 42 44 45 46
 47 50 53 54 55 61] [10999  6371  2683 12671 12052  4965  7241 13856  3854  7549  7960 13666
  9475  9128  2804  6353  3713 10500  7128  7218 10599  4418  5042  7454
  6858 10155  4646  5846  4528  6100] [] 1716195079.2465767860
[ 1  1  1 -1  1  1  1  1  1 -1  1 -1  1 -1  1  1  1  1  1  1 -1  1  1  1
  1  1  1  1  1  1] [ 1  2  3  4 10 11 12 15 19 20 21 23 26 27 28 29 34 35 36 38 42 44 45 46
 47 50 53 54 55 61] [10936  5499  2656 12973 11972  4701  6017 13836  3853  8016  7719 13772
  9405  9198  2709  6234  3655 10004  6510  7013 10759  4258  4948  7308
  6724 10013  4641  5483  4293  6038] [] 1716195079.2895109653
[-1  1  1 -1  1  1  1  1  1  1  1  1  1  1  1  1 -1  1  1  1  1  1 -1  1
  1  1  1  1  1  1  1  1] [ 1  2  3  4 10 11 12 15 19 20 21 23 26 27 28 29 33 34 35 36 38 42 43 44
 45 46 47 50 53 54 55 61] [10965  4966  2626 13128 11940  4581  5500 13754  3816  7421  7677 13533
  9388  9017  2679  5618 12302  3591  9936  6472  6684 10089 13515  4228
  4811  7293  5898  9993  4142  4671  4176  5916] [] 1716195079.3325035572
[ 1  1  1  1 -1  1  1 -1  1  1  1 -1 -1  1  1  1  1 -1  1  1 -1  1  1  1
  1  1 -1  1  1 -1  1  1  1] [ 1  2  3  4 10 11 12 15 19 20 21 23 26 27 28 29 33 34 35 36 37 38 42 43
 44 45 46 47 50 53 54 55 61] [ 9522  4732  2540 12749 11956  4343  5277 13832  3712  6748  7566 14157
  9405  8361  2545  5603 12293  3599  9870  5826 16362  6074  9235 12895
  4204  4501  7341  5710  8935  4193  4415  4044  5849] [] 1716195079.3755297661
[ 1  1  1  1  1  1  1  1  1  1 -1 -1  1  1  1  1 -1  1  1 -1  1  1  1  1
  1  1  1  1  1  1  1  1  1  1] [ 1  2  3  4 10 11 12 15 19 20 21 23 26 27 28 29 32 33 34 35 36 37 38 42
 43 44 45 46 47 50 53 54 55 61] [ 8816  4452  2527 12003 11872  4243  5036 13760  3618  6610  7655 14171
  9390  8201  2533  5518 12284 12207  3495 10136  5458 15898  5788  8801
 12615  3968  4343  7222  5113  8867  4130  4175  3940  5792] [] 1716195079.4185357094
[ 1  1  1 -1  1  1  1 -1  1  1  1  1  1 -1  1  1  1 -1  1  1  1  1  1  1
  1  1  1  1  1  1 -1  1  1  1] [ 1  2  3  4 10 11 12 15 19 20 21 23 26 27 28 29 32 33 34 35 36 37 38 42
 43 44 45 46 47 50 53 54 55 61] [ 8297  4240  2505 12142 11785  4101  4664 13780  3617  6543  7615 14071
  7689  8214  2417  5513 11082 12261  3447  9513  4857 15882  5583  8170
 12451  3860  4139  7155  4661  8769  4168  3867  3846  5760] [] 1716195079.4615564346
[ 1  1  1  1 -1  1  1  1  1  1  1  1 -1  1  1  1  1 -1  1  1  1  1  1  1
 -1  1  1  1  1  1 -1  1  1  1  1] [ 1  2  3  4 10 11 12 15 19 20 21 23 26 27 28 29 32 33 34 35 36 37 38 42
 43 44 45 46 47 50 51 53 54 55 61] [ 7554  4188  2487 11893 11792  3931  4564 13780  3588  6438  7581 13991
  7733  8101  2370  5511 10593 12971  3369  9440  4774 15707  5395  7099
 12571  3756  3967  6825  4372  8707 12320  4099  3773  3600  5700] [] 1716195079.5045101643
[ 1  1  1 -1 -1  1  1 -1  1  1  1  1  1  1  1 -1  1 -1  1  1  1  1  1  1
  1  1  1  1  1  1  1  1 -1  1  1] [ 1  2  3  4 10 11 12 15 19 20 21 23 26 27 28 29 32 33 34 35 36 37 38 42
 43 44 45 46 47 50 51 53 54 55 61] [ 7046  4072  2440 11971 11948  3724  4292 13792  3493  6433  6659 13823
  7643  8002  2319  5535 10116 13829  3311  9056  4283 14196  5366  7010
 12567  3704  3903  6718  4207  8642 11977  4026  3807  3560  5652] [] 1716195079.5475330353
[ 1  1  1  1 -1  1  1  1  1  1  1 -1 -1  1  1  1  1  1  1  1  1  1  1  1
  1  1  1 -1  1  1  1  1  1 -1  1] [ 1  2  3  4 10 11 12 15 19 20 21 23 26 27 28 29 32 33 34 35 36 37 38 42
 43 44 45 46 47 50 51 53 54 55 61] [ 6981  4068  2411 11409 12004  3688  4242 13740  3456  6371  6658 13863
  7650  7999  2285  5493  9986 12297  3119  8989  4206 13740  5258  6960
 12527  3584  3863  6728  4072  8623 11968  4021  3707  3568  5644] [] 1716195079.5905270576
[ 1 -1  1  1 -1 -1  1  1  1  1 -1  1  1  1 -1  1  1  1 -1  1  1  1 -1  1
 -1  1  1  1  1 -1  1  1  1  1  1] [ 1  2  3  4 10 11 12 15 19 20 21 23 26 27 28 29 32 33 34 35 36 37 38 42
 43 44 45 46 47 50 51 53 54 55 61] [ 6883  4080  2390 11279 12056  3701  4202 13684  3444  6325  6685 13863
  7614  7904  2317  5443  9933 12249  3133  8961  4174 13738  5277  6888
 12659  3564  3797  6631  4002  8661 11846  3977  3663  3528  5630] [] 1716195079.6334748268
[-1  1  1 -1  1  1 -1 -1 -1 -1  1 -1 -1 -1  1  1 -1 -1  1 -1  1  1  1 -1
  1  1  1  1  1  1  1 -1  1 -1 -1] [ 1  2  3  4 10 11 12 15 19 20 21 23 26 27 28 29 32 33 34 35 36 37 38 42
 43 44 45 46 47 50 51 53 54 55 61] [ 6982  4016  2383 11420 11968  3636  4248 13712  3461  6345  6625 13887
  7649  7922  2267  5353  9961 12303  3059  8974  4172 13714  5252  6977
 12479  3562  3767  6591  3997  8570 11844  4030  3655  3584  5641] [] 1716195079.6764912605
[ 1 -1 -1  1  1 -1  1  1  1  1  1  1 -1 -1  1  1  1  1 -1  1  1 -1 -1 -1
 -1 -1 -1 -1 -1 -1 -1  1 -1 -1  1] [ 1  2  3  4 10 11 12 15 19 20 21 23 26 27 28 29 32 33 34 35 36 37 38 42
 43 44 45 46 47 50 51 53 54 55 61] [ 6963  4028  2387 11215 11936  3663  4188 13665  3428  6264  6611 13765
  7699  8055  2263  5301  9884 12235  3091  8950  4167 13952  5320  6987
 12615  3600  3786  6619  4155  8641 11942  3988  3691  3592  5632] [] 1716195079.7195129395
[ 1 -1 -1  1  1 -1 -1 -1 -1  1  1 -1  1  1 -1 -1 -1 -1 -1 -1 -1  1 -1 -1
  1 -1 -1 -1 -1 -1 -1 -1 -1 -1] [ 1  2  3  4 10 11 12 15 19 20 21 23 26 27 28 29 32 33 34 35 36 37 38 42
 43 44 45 46 47 50 53 54 55 61] [ 6929  4032  2415 11194 11924  3689  4240 13736  3448  6251  6587 13883
  7642  7992  2283  5343  9925 12279  3127  9029  4235 13888  5404  7804
 12467  3672  3867  6899  4497  8677  4100  3935  3720  5654] [] 1716195079.7625336647
[-1 -1  1  1  1 -1 -1  1 -1 -1 -1  1  1  1 -1  1 -1  1 -1  1 -1 -1 -1 -1
  1 -1 -1 -1 -1 -1 -1 -1 -1 -1] [ 1  2  3  4 10 11 12 15 19 20 21 23 26 27 28 29 32 33 34 35 36 37 38 42
 43 44 45 46 47 50 53 54 55 61] [ 7267  4134  2397 11179 11912  3894  4328 13690  3459  6284  7591 13759
  7583  7987  2335  5307 10131 12183  3285  8983  4556 13968  5765  8636
 12467  3834  3935  6942  4844  8781  4139  4143  3762  5728] [] 1716195079.8055210114
[-1 -1 -1  1  1 -1 -1  1 -1 -1  1  1  1  1 -1 -1 -1  1 -1 -1 -1 -1 -1 -1
 -1 -1 -1 -1 -1 -1 -1 -1 -1] [ 1  2  3  4 10 11 12 15 19 20 21 23 26 27 28 29 33 34 35 36 37 38 42 43
 44 45 46 47 50 53 54 55 61] [ 8044  4264  2403 11157 11840  4095  4434 13648  3496  6359  7551 13663
  7559  7959  2371  5495 12245  3282  8993  4616 14511  5973  9326 12639
  3988  4189  6994  5263 10067  4168  4519  3956  5800] [] 1716195079.8484907150
[-1 -1 -1 -1  1 -1 -1 -1 -1 -1  1 -1 -1  1 -1 -1 -1 -1 -1 -1 -1 -1 -1 -1
 -1 -1 -1  1 -1 -1 -1 -1] [ 1  2  3  4 10 11 12 15 19 20 21 23 26 27 28 29 33 34 35 36 37 38 42 44
 45 46 47 50 53 54 55 61] [ 8536  4442  2420 11302 11780  4214  4690 13844  3500  6538  7454 13779
  7621  7927  2375  5497 12285  3292  9040  5409 15060  6592  9975  4138
  4428  7095  5366 10021  4312  5085  4184  5818] [] 1716195079.8915274143
[-1 -1 -1  1  1 -1 -1  1 -1  1 -1  1 -1 -1 -1  1 -1 -1 -1 -1 -1 -1 -1 -1
 -1 -1 -1 -1 -1 -1 -1 -1] [ 1  2  3  4 10 11 12 15 19 20 21 23 26 27 28 29 33 34 35 36 37 38 42 44
 45 46 47 50 53 54 55 61] [10112  4763  2448 11185 11580  4352  4806 13756  3583  6414  7478 13418
  9266  8005  2445  5487 12303  3372  9204  5829 15136  6924 10095  4277
  4711  7189  6276 10051  4421  5283  4560  5943] [] 1716195079.9345631599
[-1 -1 -1  1  1 -1 -1 -1 -1 -1 -1  1  1 -1 -1 -1 -1 -1 -1 -1 -1 -1 -1 -1
 -1 -1 -1 -1 -1 -1 -1] [ 1  2  3  4 10 11 12 15 19 20 21 23 26 27 28 29 34 35 36 37 38 42 44 45
 46 47 50 53 54 55 61] [10518  5350  2509 10679 11554  4617  5088 13900  3623  7025  7485 13376
  9215  8041  2549  5570  3478  9749  6365 16063  7864 10342  4415  5010
  7334  7167 10099  4521  5683  4996  6051] [] 1716195079.9775419235
[-1 -1 -1  1  1 -1 -1 -1 -1 -1 -1  1  1 -1 -1 -1 -1 -1 -1 -1 -1 -1 -1 -1
  1  1 -1 -1 -1 -1] [ 1  2  3  4 10 11 12 15 19 20 21 23 26 27 28 29 34 35 36 38 42 44 45 46
 47 50 53 54 55 61] [10519  7437  2523 10517 11538  5179  5652 13912  3643  7606  7492 13324
  9215  8076  2635  6330  3541 11512  6427  8003 10625  4502  5039  7380
  7027 10091  4806  5946  5402  6126] [] 1716195080.0204985142
[-1 -1 -1  1 -1 -1 -1 -1 -1 -1 -1 -1 -1 -1 -1  1  1  1 -1 -1 -1 -1 -1 -1
 -1 -1 -1 -1 -1 -1] [ 1  2  3  4 10 11 12 15 19 20 21 23 26 27 28 29 34 35 36 38 42 44 45 46
 47 50 53 54 55 61] [10612  8057  2536 10477 11540  5343  5856 13984  3686  7994  7522 13528
  9293  8475  2727  6282  3516 11187  6869 11677 10846  4751  5415  8686
  7103 10231  5312  6543  5833  6480] [] 1716195080.0634584427
[-1  1  1 -1 -1 -1 -1 -1 -1 -1  1 -1 -1 -1  1 -1 -1 -1 -1 -1 -1 -1 -1 -1
  1 -1 -1 -1 -1] [ 2  3  4 10 11 12 15 19 20 21 23 26 27 28 29 34 35 36 38 42 44 45 46 47
 50 53 54 55 61] [12272  2518 10294 11584  6050  6540 14384  3744  9391  7539 13278  9346
  9451  2835  6275  3636 11810  7183 11701 11246  4943  5506  9149  7255
 10197  5443  7332  6024  6586] [] 1716195080.1064989567
[-1  1  1 -1 -1 -1 -1 -1 -1 -1  1 -1 -1 -1 -1  1 -1 -1 -1 -1 -1 -1 -1 -1
 -1 -1 -1 -1] [ 2  3  4 10 11 12 19 20 21 23 26 27 28 29 34 35 36 38 42 44 45 46 47 50
 53 54 55 61] [14938  2514 10052 11696  8366  7976  3788  9772  7557 13376  9309  9674
  2949  6307  3775 11680  8281 11929 11411  5119  5876  9421  7388 10373
  5566  8051  6172  6662] [] 1716195080.1494936943
[-1  1  1 -1 -1 -1 -1 -1  1 -1 -1 -1 -1 -1  1 -1 -1 -1 -1 -1 -1 -1  1 -1
 -1 -1 -1] [ 3  4 10 11 12 19 20 21 23 26 27 28 29 34 35 36 38 42 44 45 46 47 50 53
 54 55 61] [ 2526  9813 11680  8399  8530  3871 10083  7619 13340  9364 10797  2950
  7134  3838 11628  9331 15675 11755  5197  6005 11208  7685 10371  5904
  8774  6868  6836] [] 1716195080.1924512386
[-1  1 -1  1 -1 -1 -1 -1  1 -1 -1 -1  1 -1 -1 -1 -1 -1 -1 -1 -1 -1 -1 -1
 -1] [ 3  4 10 11 12 19 20 21 23 26 27 28 29 34 35 36 42 44 45 46 47 53 54 55
 61] [ 2659  9726 11768  8361 10151  4087 10251  7676 13229  9432 11107  3233
  7054  4172 11820 11226 11858  5551  6325 11245  8180  6180  9637  9374
  6911] [] 1716195080.2354996204
[-1 -1  1 -1  1 -1  1 -1  1 -1 -1 -1 -1 -1 -1 -1  1 -1 -1 -1 -1 -1 -1 -1] [ 2  3  4 10 11 19 20 21 23 26 27 28 29 34 35 36 42 44 45 47 53 54 55 61] [15978  2779  9700 15005  8335  4216 10159  7786 13210  9482 11654  3551
  7102  4455 11847 11512 11819  6140  6413  8328  6189  9699 11392  6951] [] 1716195080.2784693241
[ 1 -1 -1  1 -1 -1 -1 -1 -1  1 -1 -1 -1 -1 -1 -1 -1 -1 -1  1 -1 -1] [ 2  3  4 11 19 20 21 23 26 27 28 29 34 35 36 42 44 45 47 53 54 61] [15656  2913  9747  8321  4241 10440  7894 13290  9602 11513  3718  7139
  4783 13979 11545 12031  6619  6838  8575  6136 11781  7033] [] 1716195080.3214676380
[-1 -1 -1 -1 -1 -1 -1  1  1  1 -1 -1 -1 -1 -1  1 -1 -1 -1 -1 -1 -1] [ 2  3  4 11 19 20 21 23 26 27 28 29 34 35 36 42 44 45 47 53 54 61] [15882  2968  9823  8412  4519 10616  7900 13200  9525 11498  3927  7192
  4889 14083 11621 12017  7361  7055  9881  6400 12072  7335] [] 1716195080.3644011021
[-1 -1 -1  1 -1 -1 -1 -1 -1 -1 -1 -1 -1  1 -1  1 -1  1  1 -1  1] [ 2  3  4 11 19 20 21 23 26 27 28 29 34 35 36 42 44 45 53 54 61] [16336  3155 10495  8373  4702 10861  8152 13282  9615 11608  4809  7287
  5464 14054 11871 11997  8953  6983  6372 12300  7309] [] 1716195080.4074501991
[ 1 -1  1 -1 -1  1 -1 -1 -1 -1 -1  1 -1  1 -1 -1 -1 -1 -1 -1 -1] [ 2  3  4 11 19 20 21 23 26 27 28 29 34 35 36 42 44 45 53 54 61] [16144  3225 10451  8381  4772 10750 10225 13314  9692 11692  5450  7234
  6122 14031 12023 12095  9496  7113  6819 12668  7422] [] 1716195080.4504373074
[ 1 -1 -1 -1 -1 -1 -1 -1 -1 -1 -1 -1 -1  1 -1 -1 -1  1  1] [ 2  3  4 11 19 20 21 23 26 27 28 29 34 35 36 42 44 45 53] [16144  3459 11480  8420  4989 11038 10319 13580  9773 11716  5873  7245
  6560 13931 12835 12222 12587  6821  6340] [] 1716195080.4933760166
[-1 -1  1 -1 -1 -1  1  1 -1 -1 -1  1 -1 -1 -1  1  1  1 -1] [ 2  3  4 11 19 20 21 23 26 27 28 29 34 35 36 42 44 45 53] [16300  4264 10719  8502  5545 11196 10300 13450  9802 11734  7518  7195
  6722 15008 13507 11869 12583  6762  6829] [] 1716195080.5363841057
[ 1 -1  1 -1 -1 -1  1 -1 -1 -1 -1 -1 -1 -1  1 -1 -1] [ 2  3 11 19 20 21 23 26 27 28 29 34 35 42 44 45 53] [16258  5027  8477  6425 11367 10407 13326  9960 11882  8228  7266  6950
 15059 11930 12493  7662  7101] [] 1716195080.5794394016
[-1 -1 -1 -1 -1 -1  1 -1 -1 -1 -1 -1 -1  1 -1 -1 -1] [ 2  3 11 19 20 21 23 26 27 28 29 34 35 42 44 45 53] [16341  5815  8534  6535 11590 10502 13263  9992 12028  9749  7293  7289
 15093 11731 13121  7693  7508] [] 1716195080.6224324703
[-1 -1 -1 -1 -1 -1  1 -1 -1 -1 -1  1 -1  1] [ 3 11 19 20 21 23 26 27 28 29 34 42 44 45] [ 6727  8632  6942 12086 10642 13276  9940 12233 10510  7404 11430 11407
 13147  7417] [] 1716195080.6653752327
[-1  1 -1 -1 -1 -1 -1 -1  1 -1  1 -1 -1 -1] [ 3 11 19 20 21 23 26 27 28 29 34 42 44 45] [ 7198  8613  7091 12282 10685 13406  9957 12398 10444  7577 11406 11461
 13639  7629] [] 1716195080.7083680630
[ 1 -1 -1 -1 -1 -1 -1 -1 -1 -1 -1  1 -1] [ 3 11 19 20 21 23 26 27 28 29 34 42 45] [ 7187  8638  7170 12431 10828 13675 10017 12564 10476  7651 11651 11305
  7645] [] 1716195080.7514181137
[-1 -1 -1 -1 -1 -1 -1 -1 -1  1 -1 -1 -1] [ 2  3 11 19 20 21 23 26 27 28 29 42 45] [16323  7263  8672  7190 12510 12544 13703 10020 12785 10393  7665 11389
 11533] [] 1716195080.7943964005
[-1 -1 -1 -1 -1 -1 -1 -1 -1] [ 3 11 19 20 26 27 28 29 42] [ 8028  8743  9226 12633 10191 12796 10491  7707 11550] [] 1716195080.8374092579
[-1 -1 -1 -1  1 -1 -1 -1 -1] [ 3 11 19 20 26 27 28 29 42] [ 9023  8894  9535 12787 10166 12854 10595  8213 11856] [] 1716195080.8803353310
[ 1 -1 -1 -1  1 -1 -1 -1] [11 19 20 26 27 28 29 42] [ 8764  9547 13114 10215 12806 10856 10199 12952] [] 1716195080.9233224392
[-1 -1 -1 -1 -1 -1 -1] [11 19 20 26 27 28 29] [ 8855  9698 14090 10382 13149 11044 10496] [] 1716195080.9663629532
[-1 -1  1 -1 -1  1 -1] [ 2 11 19 20 26 28 29] [16187  8907  9691 14703 10471 10971 10659] [] 1716195081.0093779564
[-1 -1 -1 -1 -1 -1 -1] [ 2 11 19 20 26 28 29] [16202  8965  9781 15160 10669 11070 10794] [] 1716195081.0523083210
[-1 -1 -1 -1 -1 -1] [11 19 20 26 28 29] [ 9163 10425 15572 11154 11251 11213] [] 1716195081.0954296589
[ 1 -1 -1  1 -1] [11 19 20 28 29] [ 8918 10471 15970 11164 11396] [] 1716195081.1383538246
[-1 -1  1] [11 19 28] [ 8940 10604 11004] [] 1716195081.1813771725
[-1 -1  1] [11 19 28] [ 9031 11495 10985] [] 1716195081.2243084908
[1 1] [11 28] [ 8961 10856] [] 1716195081.2673664093
[-1 -1] [11 28] [ 9255 10869] [] 1716195081.3103153706
[-1 -1] [11 28] [ 9449 10924] [] 1716195081.3533792496
[-1  1] [11 28] [11629 10892] [] 1716195081.3963158131
[1] [28] [10792] [] 1716195081.4393208027
[-1] [28] [10839] [] 1716195081.4823391438
[-1] [28] [11412] [] 1716195081.5252945423
2 2 2 1716195081.6546709538
