FA TAX ADC PRES TS
[-1] [11] [8504] [] 1716193819.6278557777
[1] [11] [8445] [] 1716193819.6708331108
[-1] [11] [8503] [] 1716193819.7138452530
[-1 -1 -1] [ 3 11 28] [10605  8932 11410] [] 1716193819.7568616867
[1 1 1] [ 3 11 28] [ 9317  8877 10870] [] 1716193819.7998595238
[ 1  1  1 -1] [ 3 11 28 44] [ 9100  8861 10596 13691] [] 1716193819.8428509235
[ 1 -1 -1 -1 -1] [ 3 11 28 29 44] [ 8971  8988 10767 12584 14251] [] 1716193819.8858647346
[ 1  1 -1  1  1] [ 3 11 28 29 44] [ 7754  8903 10818 11703 13726] [] 1716193819.9288768768
[ 1  1 -1  1  1] [ 3 11 28 29 44] [ 6402  8844 11071 11186 13261] [] 1716193819.9718620777
[1 1 1 1 1] [ 3 11 28 29 44] [ 5746  8754 10897 10869 13065] [] 1716193820.0148546696
[ 1 -1 -1  1  1  1] [ 3 10 11 28 29 44] [ 5588 15103  8777 10777 10416 12580] [] 1716193820.0578591824
[ 1  1  1 -1 -1 -1] [ 3 10 11 28 29 44] [ 5573 14579  8737 10853 10642 12656] [] 1716193820.1008245945
[ 1  1 -1  1  1  1] [ 3 10 11 28 29 44] [ 5481 13213  8771 10788 10567 12306] [] 1716193820.1438782215
[ 1  1  1  1 -1 -1] [ 3 10 11 28 29 44] [ 5025 12323  8631 10567 10574 12390] [] 1716193820.1869082451
[ 1 -1 -1  1  1  1] [ 3 10 11 28 29 44] [ 4635 12788  8646 10565 10011 12355] [] 1716193820.2299318314
[ 1  1  1  1  1 -1] [ 3 10 11 28 29 44] [ 4522 11921  8614 10530  9747 12365] [] 1716193820.2727787495
[ 1 -1  1  1  1 -1 -1] [ 3 10 11 28 29 42 44] [ 4436 12044  8567 10282  9688 12462 12602] [] 1716193820.3159742355
[-1  1 -1 -1 -1 -1 -1  1  1] [ 3 10 11 18 28 29 36 42 44] [ 4493 10388  8779 11260 10609  9990 14833 12312 12319] [] 1716193820.3589162827
[ 1  1  1  1 -1  1 -1  1 -1] [ 3 10 11 18 28 29 36 42 44] [ 4467  9829  8752  9815 10923  9825 14987 10006 12357] [] 1716193820.4019329548
[1 1 1 1 1 1 1 1 1] [ 3 10 11 18 28 29 36 42 44] [ 4439  9374  8610  9218 10731  9777 13939  7678 12255] [] 1716193820.4449152946
[ 1  1 -1  1 -1 -1  1  1 -1] [ 3 10 11 18 28 29 36 42 44] [ 4368  9151  8616  9106 10819  9841 12569  7362 12258] [] 1716193820.4879667759
[1 1 1 1 1 1 1 1 1] [ 3 10 11 18 28 29 36 42 44] [ 4291  9049  8580  8767 10787  9692 11213  5957  9335] [] 1716193820.5309410095
[ 1  1 -1  1  1  1  1  1  1] [ 3 10 11 18 28 29 36 42 44] [ 4089  8759  8662  7807 10657  8539 10337  5006  8518] [] 1716193820.5740404129
[ 1  1  1  1 -1  1  1  1  1] [ 3 10 11 18 28 29 36 42 44] [ 3988  8401  8603  6766 10785  8331  9853  4495  7662] [] 1716193820.6168863773
[ 1  1  1  1  1 -1 -1  1  1] [ 3 10 11 18 28 29 36 42 44] [ 3909  7892  8594  6723 10719  8409 10364  4075  6663] [] 1716193820.6600322723
[ 1  1  1  1 -1 -1  1  1  1  1 -1] [ 3 10 11 18 20 28 29 36 42 44 45] [ 3691  7551  8542  6535 13029 10802  8271  9417  3571  6348 13291] [] 1716193820.7030749321
[-1  1  1  1  1  1  1 -1  1  1  1  1] [ 2  3 10 11 18 20 28 29 36 42 44 45] [11176  3574  7045  8478  5986 11765 10757  8328  8259  3327  5796 12004] [] 1716193820.7459621429
[1 1 1 1 1 1 1 1 1 1 1 1] [ 2  3 10 11 18 20 28 29 36 42 44 45] [11039  3412  6791  8433  5917 11447 10675  8285  7876  3142  5279 11822] [] 1716193820.7890889645
[ 1  1  1  1  1  1 -1  1 -1 -1  1 -1  1  1 -1] [ 2  3 10 11 18 20 28 29 34 35 36 42 44 45 55] [10991  3335  6453  8413  5784 11221 10737  8062 12684 14764  7300  3210
  4957 11680 12050] [] 1716193820.8320376873
[ 1  1  1 -1  1  1 -1  1  1  1  1  1  1  1  1] [ 2  3 10 11 18 20 28 29 34 35 36 42 44 45 55] [ 9868  3254  5899  8419  5745 11077 10795  7159 12129 12001  6524  3147
  4788  8783  8981] [] 1716193820.8750443459
[1 1 1 1 1 1 1 1 1 1 1 1 1 1 1] [ 2  3 10 11 18 20 28 29 34 35 36 42 44 45 55] [ 9469  3053  5545  8401  5203 10738 10593  6231 11652 11140  6165  3074
  4661  7163  6665] [] 1716193820.9180665016
[-1  1  1  1  1  1  1  1  1  1  1  1  1  1  1] [ 2  3 10 11 18 20 28 29 34 35 36 42 44 45 55] [ 9944  2982  5193  8355  4458 10569 10286  5161 11295 10749  5740  2912
  4387  6749  5827] [] 1716193820.9610555172
[ 1  1  1  1  1  1  1  1 -1  1  1  1  1  1  1] [ 2  3 10 11 18 20 28 29 34 35 36 42 44 45 55] [ 9310  2904  4539  8337  4194 10364  9949  4964 11881 10673  5350  2837
  4156  6599  5271] [] 1716193821.0040519238
[ 1  1  1  1  1  1  1  1  1  1  1 -1  1  1  1  1] [ 2  3 10 11 18 20 28 29 34 35 36 37 42 44 45 55] [ 8732  2898  4406  7343  4145 10187  9844  4939 11374 10521  5178 16333
  2687  4036  6164  5008] [] 1716193821.0470569134
[ 1  1  1  1  1 -1 -1  1  1  1 -1  1  1  1  1 -1  1 -1] [ 2  3 10 11 18 19 20 28 29 34 35 36 37 42 44 45 55 61] [ 8587  2706  4223  6663  4055 13060 10198  9021  4851 11236 10679  5066
 12648  2644  3982  6203  4853  7816] [] 1716193821.0900468826
[ 1  1  1  1  1 -1  1  1  1 -1  1  1  1  1  1  1  1  1] [ 2  3 10 11 18 19 20 28 29 34 35 36 37 42 44 45 55 61] [ 8487  2626  4074  6639  3839 14068  8479  8383  4794 11326  8746  4899
 11627  2579  3876  6190  4471  6943] [] 1716193821.1330645084
[ 1  1  1  1  1 -1  1  1  1 -1  1  1  1  1  1  1  1  1] [ 2  3 10 11 18 19 20 28 29 34 35 36 37 42 44 45 55 61] [ 8483  2570  3865  6585  3765 14084  7619  8261  4751 11437  7994  4738
 11166  2442  3808  5886  4233  6751] [] 1716193821.1760125160
[-1  1  1  1  1  1  1  1  1 -1  1  1  1  1  1  1 -1  1  1] [ 2  3 10 11 18 19 20 28 29 34 35 36 37 42 44 45 53 55 61] [ 8681  2512  3668  6150  3733 12295  7253  8070  4685 11722  7597  4645
 11111  2417  3776  5773 13617  3987  6683] [] 1716193821.2190294266
[-1  1  1  1  1  1  1  1  1  1  1  1  1 -1  1  1 -1  1  1  1] [ 2  3 10 11 18 19 20 28 29 34 35 36 37 42 44 45 51 53 55 61] [ 8913  2428  3515  6027  3679 11365  6537  7092  4566 11676  6812  4457
 10978  2553  3664  5119 12140  9351  3672  6638] [] 1716193821.2620365620
[-1  1  1  1  1  1  1  1  1  1  1  1  1  1  1  1  1  1  1  1] [ 2  3 10 11 18 19 20 28 29 34 35 36 37 42 44 45 51 53 55 61] [ 9230  2365  3507  5815  3617 11067  6355  6819  4407  8246  6534  4434
 10932  2510  3573  4906 11782  9224  3625  6580] [] 1716193821.3050675392
[ 1  1  1  1  1  1  1  1  1 -1 -1  1  1 -1  1 -1  1  1 -1  1 -1  1  1] [ 2  3 10 11 18 19 20 28 29 32 34 35 36 37 42 43 44 45 47 51 53 55 61] [ 8771  2350  3415  5717  3573  8589  6195  6408  4232 12286  8253  6454
  4397 11056  2509 15539  3518  4718 15714 11393  9273  3574  6524] [] 1716193821.3480455875
[ 1  1  1  1  1 -1  1  1  1  1  1 -1  1  1  1  1  1  1  1  1  1  1  1] [ 2  3 10 11 18 19 20 28 29 32 34 35 36 37 42 43 44 45 47 51 53 55 61] [ 7835  2327  3380  5499  3423  8719  6102  5667  4039 11361  7856  6512
  4341 10725  2502 14629  3248  4271 15072  8424  8934  3388  6385] [] 1716193821.3910176754
[ 1  1  1  1 -1  1  1 -1 -1  1  1  1  1  1  1 -1  1  1  1  1  1  1  1 -1
  1] [ 2  3 10 11 12 18 19 20 21 28 29 32 34 35 36 37 42 43 44 45 47 51 53 55
 61] [ 7611  2295  3343  5063 13645  3306  8214  6224 11642  5020  3983 10865
  6111  6359  4086 10867  2493 14535  3220  4127 11477  8280  8838  3414
  6370] [] 1716193821.4340345860
[ 1  1  1  1  1  1  1  1  1 -1  1  1  1  1  1  1  1 -1 -1  1  1  1  1 -1
  1  1 -1  1] [ 2  3 10 11 12 18 19 20 21 23 28 29 32 34 35 36 37 38 42 43 44 45 47 51
 53 55 60 61] [ 6411  2257  3301  4712 13603  3280  8079  5614 11364 14591  4962  3899
 10733  5375  6191  4013  9674 14278  2528 14367  3168  4013 11080  8283
  8751  3356 11226  6370] [] 1716193821.4768943787
[-1  1  1  1 -1  1 -1  1  1  1  1 -1 -1  1  1  1  1  1 -1 -1  1  1  1 -1
  1  1 -1  1  1 -1] [ 2  3 10 11 12 18 19 20 21 23 28 29 32 34 35 36 37 38 42 43 44 45 47 50
 51 53 54 55 60 61] [ 6566  2195  3159  4015 13737  3275  8189  5440 11213 14383  4737  3919
 10760  4665  6049  3840  9555 13662  2606 15015  3104  3995 10015 12424
  8269  7888 12464  3354 10551  6485] [] 1716193821.5199577808
[ 1  1  1  1 -1  1  1 -1  1  1  1  1  1  1 -1  1  1 -1  1 -1 -1  1  1  1
 -1  1  1  1  1  1] [ 2  3 10 11 12 18 19 20 21 23 28 29 32 34 35 36 37 38 42 43 44 45 47 50
 51 53 54 55 60 61] [ 5676  2144  3111  3775 13784  3169  7489  5565 10877 13941  4561  3887
 10197  4399  6131  3831  8976 13837  2574 15283  3112  3871  9324  7629
  8365  7778 12080  3285  8252  6432] [] 1716193821.5629651546
[ 1 -1  1  1  1  1  1  1  1  1  1 -1  1  1  1  1  1  1  1  1  1  1  1  1
  1  1  1  1  1  1] [ 2  3 10 11 12 18 19 20 21 23 28 29 32 34 35 36 37 38 42 43 44 45 47 50
 51 53 54 55 60 61] [ 5149  2167  3071  3669 13524  3098  6672  5444 10599 13895  4393  3903
  9736  3861  5926  3775  8548 13623  2536 15135  3017  3707  8668  7266
  8230  7613 11826  3202  6728  6318] [] 1716193821.6059691906
[ 1  1  1  1 -1  1  1  1  1  1 -1  1  1  1  1  1  1  1 -1  1  1  1  1 -1
  1  1  1 -1  1  1  1  1] [ 2  3 10 11 12 18 19 20 21 23 27 28 29 32 34 35 36 37 38 42 43 44 45 46
 47 50 51 53 54 55 60 61] [ 4888  2062  2989  3595 13534  3045  6262  5404 10417 13863 12995  4270
  3791  9631  3666  5559  3675  8403 13627  2506 14747  2978  3695 11683
  8506  6520  7909  7618 11608  3186  6354  6273] [] 1716193821.6488935947
[ 1  1  1  1  1  1  1  1  1  1  1  1  1  1  1  1  1 -1 -1 -1  1  1  1  1
  1  1  1  1  1  1  1  1  1] [ 2  3 10 11 12 18 19 20 21 23 27 28 29 32 34 35 36 37 38 41 42 43 44 45
 46 47 50 51 53 54 55 60 61] [ 4772  2040  2887  3503 13439  2969  5913  5159 10404 13758 12863  4156
  3775  9555  3488  5539  3454  8435 13793 15885  2424 10979  2916  3573
 10988  8008  5910  5896  7413 11588  3132  5946  6153] [] 1716193821.6921010017
[ 1  1  1  1 -1  1  1  1  1 -1  1  1 -1  1  1  1  1  1 -1  1  1 -1  1  1
  1  1  1  1  1  1  1  1  1] [ 2  3 10 11 12 18 19 20 21 23 27 28 29 32 34 35 36 37 38 41 42 43 44 45
 46 47 50 51 53 54 55 60 61] [ 4684  1990  2843  3237 13533  2803  5690  5072 10358 13759 12683  4036
  3795  8232  3337  5519  3454  8391 13799 12885  2364 12519  2820  3463
  9544  7938  5426  5694  6496 11552  3104  5457  6128] [] 1716193821.7350509167
[ 1  1  1  1  1  1  1  1  1  1 -1  1  1  1  1  1  1  1 -1  1  1  1  1  1
  1  1  1  1  1  1  1  1  1] [ 2  3 10 11 12 18 19 20 21 23 27 28 29 32 34 35 36 37 38 41 42 43 44 45
 46 47 50 51 53 54 55 60 61] [ 4492  1972  2827  3176 13494  2779  5564  4895 10345 13599 12767  3911
  3699  8058  3214  5447  3365  8027 13823 12383  2319 12147  2768  3271
  8959  7235  5212  5395  6310 11452  3032  5202  6095] [] 1716193821.7780685425
[ 1  1 -1  1 -1 -1  1  1  1  1  1  1 -1  1  1 -1  1  1 -1  1 -1 -1  1  1
 -1  1  1 -1  1  1  1 -1  1] [ 2  3 10 11 12 18 19 20 21 23 27 28 29 32 34 35 36 37 38 41 42 43 44 45
 46 47 50 51 53 54 55 60 61] [ 4284  1949  2839  2956 13690  2799  5424  4692 10278 13503 12591  3808
  3701  7893  3057  5463  3185  7753 13920 12249  2320 12407  2744  3241
  8977  7134  5168  5398  6263  9628  3032  5271  6074] [] 1716193821.8210859299
[ 1  1  1  1  1  1  1  1  1  1  1  1  1  1  1  1  1  1  1  1  1  1 -1  1
  1  1  1  1  1  1  1  1  1] [ 2  3 10 11 12 18 19 20 21 23 27 28 29 32 34 35 36 37 38 41 42 43 44 45
 46 47 50 51 53 54 55 60 61] [ 4256  1946  2783  2897 11803  2767  5266  4627 10202 13343 12535  3720
  3677  7770  3036  5451  3008  7659 13767 12220  2284 12191  2760  3237
  8951  7055  5092  5366  6246  9491  3012  5087  6071] [] 1716193821.8641061783
[ 1  1  1  1  1  1  1 -1  1  1 -1  1  1 -1 -1 -1  1  1 -1 -1 -1 -1  1  1
 -1  1  1 -1 -1  1  1 -1  1] [ 2  3 10 11 12 18 19 20 21 23 27 28 29 32 34 35 36 37 38 41 42 43 44 45
 46 47 50 51 53 54 55 60 61] [ 4244  1938  2775  2877 11775  2735  5241  4632 10171 13343 12571  3680
  3675  7815  3061  5467  2994  7265 13807 12252  2287 12323  2736  3207
  8991  7036  5092  5419  6299  9445  3010  5105  6054] [] 1716193821.9071118832
[ 1  1  1  1 -1  1  1  1  1  1  1  1  1 -1  1 -1  1  1  1 -1 -1  1 -1 -1
 -1 -1 -1 -1  1 -1  1  1 -1] [ 2  3 10 11 12 18 19 20 21 23 27 28 29 32 34 35 36 37 38 41 42 43 44 45
 46 47 50 51 53 54 55 60 61] [ 4232  1935  2775  2867 11829  2727  5217  4607 10160 13271 12543  3671
  3663  7845  3025  5547  2980  7138 13463 14723  2288 11055  2786  3323
 10631  7791  5458  5666  6257 11424  3004  5091  6131] [] 1716193821.9500343800
[-1  1 -1 -1 -1  1 -1 -1 -1 -1  1 -1 -1  1 -1  1 -1 -1  1 -1 -1 -1 -1 -1
 -1 -1 -1 -1 -1 -1 -1  1] [ 2  3 10 11 12 18 19 20 21 23 27 28 29 32 34 35 36 37 38 42 43 44 45 46
 47 50 51 53 54 55 60 61] [ 4304  1935  2799  2871 14055  2727  5256  4632 10175 13287 12523  3723
  3679  7819  3108  5407  3065  7561 13457  2334 12427  2832  3391 10811
  7837  6064  7727  7277 11538  3088  5513  6075] [] 1716193821.9931218624
[-1 -1  1 -1  1 -1 -1 -1 -1 -1  1 -1 -1 -1 -1 -1 -1  1 -1 -1 -1  1 -1 -1
 -1 -1  1 -1 -1 -1 -1] [ 2  3 10 11 12 18 19 20 21 23 27 28 29 32 34 35 36 37 38 42 43 44 45 47
 50 51 53 54 55 60 61] [ 4468  1974  2783  2938 13743  2739  5313  4908 10193 13307 12447  3839
  3709  7948  3286  5453  3130  7546 13526  2383 12699  2826  3455  8218
  6821  7827  7262 11564  3104  5721  6228] [] 1716193822.0361425877
[-1  1 -1 -1 -1 -1 -1 -1 -1  1 -1 -1  1 -1 -1  1 -1  1 -1  1 -1 -1 -1  1
 -1 -1 -1  1 -1 -1  1] [ 2  3 10 11 12 18 19 20 21 23 27 28 29 32 34 35 36 37 38 42 43 44 45 47
 50 51 53 54 55 60 61] [ 4528  1969  2799  3158 14079  2799  5398  5013 10235 13301 12683  3855
  3635  8719  3338  5446  3175  7541 13701  2368 14439  2842  3583  8153
 10559  8056  7374 11532  3172  7639  6160] [] 1716193822.0790855885
[-1 -1 -1 -1 -1 -1 -1 -1 -1 -1 -1 -1 -1 -1 -1 -1 -1  1  1  1  1 -1 -1 -1
 -1 -1 -1 -1 -1 -1] [ 2  3 10 11 12 18 19 20 21 23 27 28 29 32 34 35 36 37 38 42 43 44 45 47
 51 53 54 55 60 61] [ 4760  2010  2879  3416 14127  2919  5528  5257 10350 13459 12791  3988
  3702  9272  3588  5485  3329  7538 13687  2318 14399  2880  3654  8698
  8133  7529 11928  3272  9568  6277] [] 1716193822.1221008301
[-1 -1  1 -1 -1 -1 -1 -1  1 -1 -1 -1 -1 -1 -1 -1 -1  1 -1 -1 -1 -1 -1 -1
 -1 -1  1  1] [ 2  3 10 11 12 18 19 20 21 23 27 28 29 32 34 35 36 37 38 42 43 44 45 47
 51 53 55 61] [ 4928  2041  2855  3446 14510  2983  5694  5321 10279 13643 13389  4161
  3739  9425  4147  5583  3483  7493 14139  2321 14427  2938  3879 11223
  8160  7572  3159  6136] [] 1716193822.1650183201
[-1 -1 -1 -1 -1 -1 -1 -1 -1 -1 -1  1 -1 -1  1 -1 -1 -1  1 -1 -1 -1 -1 -1
 -1 -1 -1] [ 2  3 10 11 12 18 19 20 21 23 28 29 32 34 35 36 37 42 43 44 45 47 51 53
 55 60 61] [ 5380  2060  2935  3535 14672  3047  6122  5383 10464 13811  4360  3655
  9609  4693  5412  3562  8116  2322 14255  2956  4175 14689  8212  8513
  3289 16352  6185] [] 1716193822.2081520557
[-1 -1 -1 -1 -1  1 -1 -1  1  1  1 -1 -1 -1 -1  1  1 -1  1 -1 -1 -1 -1 -1
 -1] [ 2  3 10 11 12 18 19 20 21 23 28 29 32 34 35 36 37 42 43 44 45 51 53 55
 61] [ 5736  2101  2941  3961 14722  3031  6179  5419 10440 13707  4353  3711
  9949  5270  5505  3558  7957  2356 14139  3016  4461 11512  8667  3472
  6252] [] 1716193822.2510523796
[-1 -1 -1 -1 -1 -1 -1 -1 -1 -1 -1 -1 -1 -1 -1 -1  1 -1 -1 -1 -1 -1 -1 -1
 -1] [ 2  3 10 11 12 18 19 20 21 23 28 29 32 34 35 36 37 42 43 44 45 51 53 55
 61] [ 6668  2130  2995  4272 14956  3069  6801  5753 11664 13991  4693  3799
 10077  6519  5802  3761  7908  2402 14143  3048  4531 11624  8780  3558
  6332] [] 1716193822.2940077782
[-1 -1 -1 -1 -1 -1 -1 -1 -1 -1 -1 -1 -1  1 -1  1 -1 -1 -1 -1 -1 -1 -1] [ 2  3 10 11 18 19 20 21 23 28 29 32 34 35 36 37 42 43 44 45 53 55 61] [ 6989  2144  3021  4547  3145  7167  5896 12385 14039  4999  4023 10290
  6607  5801  3848  7805  2428 14379  3136  4887  9070  3818  6526] [] 1716193822.3370022774
[-1 -1 -1 -1 -1  1 -1 -1 -1 -1 -1 -1 -1 -1 -1  1 -1 -1 -1 -1 -1] [ 2  3 10 11 18 19 20 23 28 29 34 35 36 37 42 43 44 45 53 55 61] [ 7489  2210  3243  5097  3284  7023  6039 14091  5615  4075  6721  5869
  3918  8036  2500 14191  3280  5653 13081  4150  6617] [] 1716193822.3800752163
[-1 -1 -1 -1 -1 -1 -1 -1 -1 -1 -1 -1 -1 -1 -1  1 -1 -1 -1 -1] [ 2  3 10 11 18 19 20 23 28 29 34 35 36 37 42 43 44 45 55 61] [ 7734  2278  3323  5626  3408  7146  6137 14455  5799  4143  9329  6005
  4022  8263  2576 14063  3380  5832  4569  6710] [] 1716193822.4230966568
[-1 -1 -1 -1 -1 -1 -1 -1 -1 -1 -1 -1 -1 -1 -1  1 -1 -1 -1 -1] [ 2  3 10 11 18 19 20 23 28 29 34 35 36 37 42 43 44 45 55 61] [ 8283  2373  3399  5741  3557  7447  6249 14967  6093  4215 11005  6137
  4137  8363  2682 13975  3468  6095  5016  7071] [] 1716193822.4660239220
[-1 -1 -1 -1 -1 -1 -1 -1 -1 -1 -1 -1 -1 -1 -1 -1  1 -1] [ 2  3 10 11 18 19 20 28 29 34 35 36 37 42 43 44 45 55] [ 8575  2406  3573  6033  3706  7713  6579  6150  4465 11411  6203  4157
  8697  2702 13998  3780  5995  5158] [] 1716193822.5090205669
[-1 -1 -1 -1 -1 -1 -1 -1 -1 -1 -1 -1 -1 -1 -1 -1 -1] [ 2  3 10 11 18 19 20 28 29 34 35 36 37 42 44 45 55] [ 8689  2462  3845  6502  3770  9588  9698  6382  4955 11676  6563  4410
  8998  2784  3930  6450  6926] [] 1716193822.5519859791
[ 1 -1 -1 -1 -1 -1 -1 -1 -1  1 -1 -1 -1 -1 -1 -1 -1] [ 2  3 10 11 18 19 20 28 29 34 35 36 37 42 44 45 55] [ 8684  2569  4146  6595  3995  9852  9880  7158  5095 11565  6687  4547
 11269  2847  4020  7568 10390] [] 1716193822.5949018002
[-1 -1 -1 -1 -1 -1  1 -1  1  1  1 -1 -1 -1 -1 -1] [ 2  3 10 11 18 19 20 28 29 34 35 36 37 42 44 45] [ 8863  2705  4276  6967  4067 10376  9879  7477  4954 11481  6636  4703
 11912  2974  4182  7583] [] 1716193822.6378166676
[-1  1 -1 -1 -1  1 -1 -1 -1 -1 -1 -1 -1 -1 -1 -1] [ 2  3 10 11 18 19 20 28 29 34 35 36 37 42 44 45] [10156  2701  4575  8321  4235 10294 10089  9826  5001 11544  7030  4968
 12287  3162  4394 12074] [] 1716193822.6807565689
[-1 -1 -1  1 -1 -1 -1  1 -1 -1 -1 -1 -1 -1] [ 2  3 10 11 18 19 20 28 29 34 35 36 42 44] [10476  2802  4943  8287  4577 12182 10357  9368  5390 12226  9973  5264
  3517  4782] [] 1716193822.7238843441
[-1 -1 -1  1 -1 -1 -1 -1 -1 -1 -1 -1] [ 2  3 10 11 18 20 28 29 35 36 42 44] [11518  3007  5520  8277  4611 10554  9809  5410 10004  5436  3704  5100] [] 1716193822.7668397427
[-1 -1 -1 -1 -1 -1 -1 -1 -1 -1  1 -1] [ 2  3 10 11 18 20 28 29 35 36 42 44] [11550  3149  5724  8291  4947 10836 10613  5451 11017  5632  3539  5695] [] 1716193822.8098425865
[-1 -1 -1 -1 -1 -1  1 -1 -1 -1 -1 -1] [ 2  3 10 11 18 20 28 29 35 36 42 44] [11627  3432  5996  8327  5491 11055 10477  6450 11515  6313  4194  7259] [] 1716193822.8527641296
[-1 -1 -1 -1 -1 -1 -1 -1 -1 -1 -1 -1] [ 2  3 10 11 18 20 28 29 35 36 42 44] [12299  3575  6614  8359  6161 12237 10707  6845 12205  7112  5222  8251] [] 1716193822.8958816528
[-1 -1 -1 -1 -1 -1  1 -1 -1 -1 -1 -1] [ 2  3 10 11 18 20 28 29 35 36 42 44] [12482  3782  7710  8484  6651 16127 10697  7688 12307  7596  6487  8575] [] 1716193822.9388468266
[-1 -1 -1 -1 -1 -1 -1 -1 -1 -1] [ 3 10 11 18 28 29 35 36 42 44] [ 4059  8718  8556  7798 10887  8301 13101  7834  6515  9742] [] 1716193822.9818358421
[-1 -1 -1 -1  1 -1 -1 -1 -1 -1] [ 3 10 11 20 28 29 35 36 42 44] [ 5535 10574  8707 15930 10760 10227 14925 10991  6827 10107] [] 1716193823.0247037411
[-1 -1 -1  1 -1  1 -1 -1 -1] [ 3 10 11 28 29 35 36 42 44] [ 6345 11318  8775 10566 10356 14255 13561  8642 12913] [] 1716193823.0678164959
[ 1 -1 -1 -1 -1 -1 -1 -1 -1] [ 3 10 11 28 29 35 36 42 44] [ 4383 14560  9065 10876 10609 15518 15955 11019 13353] [] 1716193823.1108076572
[-1 -1 -1 -1 -1 -1 -1 -1] [ 2  3 10 11 28 29 35 42] [14138  4457 14979  9101 11043 10772 16311 12091] [] 1716193823.1538081169
[ 1  1 -1 -1  1 -1] [ 3 10 11 28 29 42] [ 4415 12089  9194 11154 10756 12771] [] 1716193823.1966857910
[ 1  1 -1  1  1 -1] [ 3 10 11 28 29 42] [ 4325 11085  9233 11019 10623 14359] [] 1716193823.2398095131
[-1  1 -1 -1 -1] [ 3 10 11 28 29] [ 4723 10722  9358 11042 10821] [] 1716193823.2827939987
[-1 -1 -1  1 -1] [ 3 10 11 28 29] [ 4890 12066  9482 10933 11020] [] 1716193823.3257977962
[-1 -1  1 -1 -1] [ 3 10 11 28 29] [ 5675 12836  9449 11023 11138] [] 1716193823.3687114716
[-1 -1 -1 -1 -1] [ 3 10 11 28 29] [ 5926 13270  9658 11124 11405] [] 1716193823.4117939472
[-1 -1  1 -1] [ 3 10 11 28] [ 6943 14077  9449 11158] [] 1716193823.4548096657
[-1 -1 -1 -1 -1] [ 2  3 10 11 28] [14818  8024 15754  9691 11697] [] 1716193823.4977848530
[ 1 -1 -1 -1] [ 2  3 11 28] [14453  8292  9859 12031] [] 1716193823.5407285690
[-1 -1  1] [ 2  3 11] [14595 10406  9684] [] 1716193823.5837664604
[-1  1] [ 3 11] [12307  9554] [] 1716193823.6449348927
2 2 2 1716193823.6452155113
