FA TAX ADC PRES TS
[-1] [28] [11023] [] 1716194188.3067169189
[1] [28] [10941] [] 1716194188.3497049809
[-1] [28] [10986] [] 1716194188.3928139210
[1] [28] [10866] [] 1716194188.4357142448
[1] [28] [10844] [] 1716194188.4786710739
[1] [28] [10706] [] 1716194188.5216565132
[1] [28] [10639] [] 1716194188.5646858215
[1] [28] [10604] [] 1716194188.6075799465
[1] [28] [10548] [] 1716194188.6506440639
[-1 -1 -1] [11 28 42] [11577 10878 14779] [] 1716194188.6936652660
[ 1 -1  1] [11 28 42] [10555 10881 12500] [] 1716194188.7366759777
[ 1 -1  1] [11 28 42] [10129 10909 12342] [] 1716194188.7796952724
[1 1 1] [11 28 42] [ 9974 10839 12271] [] 1716194188.8226578236
[ 1  1 -1 -1] [11 28 42 45] [ 9739 10754 12303 14235] [] 1716194188.8657636642
[1 1 1 1] [11 28 42 45] [ 9604 10754 12225 10865] [] 1716194188.9087648392
[ 1  1 -1  1] [11 28 42 45] [ 9504 10657 12388  9972] [] 1716194188.9516816139
[ 1 -1  1  1] [11 28 42 45] [ 9492 10759 12177  8892] [] 1716194188.9946699142
[-1 -1  1  1 -1  1] [11 19 28 42 44 45] [ 9660 14243 10697 12077 15750  8821] [] 1716194189.0377335548
[-1  1 -1  1  1  1] [11 19 28 42 44 45] [ 9733 14018 10753 11779 14867  8769] [] 1716194189.0807170868
[ 1  1  1  1  1 -1] [11 19 28 42 44 45] [ 9467 13258 10719 11743 14189  9553] [] 1716194189.1236824989
[ 1  1  1 -1  1  1] [11 19 28 42 44 45] [ 9430 11925 10687 11753 13593  9522] [] 1716194189.1667087078
[-1  1 -1 -1  1 -1 -1] [11 19 28 29 42 44 45] [ 9690 10479 10929 12067 11248 13681 11959] [] 1716194189.2096810341
[-1 -1 -1  1  1 -1  1  1] [11 19 26 28 29 42 44 45] [ 9793 10506 13631 10853 11706 11535 13309 11897] [] 1716194189.2527415752
[-1  1  1 -1 -1  1  1  1  1 -1] [11 19 26 27 28 29 42 44 45 53] [ 9905 10455 13544 14081 10871 11692 10945 12901  9274 13503] [] 1716194189.2957096100
[ 1  1 -1  1 -1  1 -1 -1  1  1] [11 19 26 27 28 29 42 44 45 53] [ 9809 10380 13644 13820 10902 11468 10963 13365  8983 13060] [] 1716194189.3387384415
[1 1 1 1 1 1 1 1 1 1] [11 19 26 27 28 29 42 44 45 53] [ 9642 10317 13010 13468 10832 11270 10425 12761  8924 12809] [] 1716194189.3817043304
[ 1 -1  1  1 -1  1  1  1  1  1] [11 19 26 27 28 29 42 44 45 53] [ 9517 10333 12827 13057 10847 11210 10067 12605  8825 12671] [] 1716194189.4247643948
[ 1  1 -1 -1  1  1  1 -1 -1 -1  1] [11 19 20 26 27 28 29 42 44 45 53] [ 9447 10141 16307 12926 12912 10745 10982 10708 12805  9255 10667] [] 1716194189.4678049088
[-1 -1 -1  1  1  1  1  1  1  1  1  1] [ 3 11 19 20 26 27 28 29 42 44 45 53] [13130  9501 10146 16155 12603 12799 10687 10873 10605 12736  8870  9535] [] 1716194189.5107316971
[ 1  1  1  1  1 -1 -1  1  1 -1  1  1] [ 3 11 19 20 26 27 28 29 42 44 45 53] [10549  9384 10017 15098 12389 12834 10699 10751 10103 12809  8584  9307] [] 1716194189.5537264347
[ 1  1  1 -1  1  1 -1  1 -1 -1  1 -1] [ 3 11 19 20 26 27 28 29 42 44 45 53] [ 9751  9321  9955 15204 12286 12790 10704 10711 10622 13008  8268  9406] [] 1716194189.5968108177
[ 1  1  1  1  1  1 -1  1  1 -1  1  1] [ 3 11 19 20 26 27 28 29 42 44 45 53] [ 9305  9191  9888 14170 12129 12604 10713 10468  9993 13043  8109  9318] [] 1716194189.6397516727
[ 1  1 -1 -1  1  1 -1  1  1 -1  1  1] [ 3 11 19 20 26 27 28 29 42 44 45 53] [ 8986  9160  9890 14495 12113 12544 10791 10348  9723 13392  8053  9057] [] 1716194189.6827321053
[ 1  1  1  1  1 -1 -1  1 -1  1  1  1] [ 3 11 19 20 26 27 28 29 42 44 45 53] [ 7958  9120  9817 13656 11913 12576 10840 10321 10123 13065  7937  8996] [] 1716194189.7258422375
[ 1  1  1  1  1  1  1  1  1 -1  1  1] [ 3 11 19 20 26 27 28 29 42 44 45 53] [ 7834  9069  9671 13204 11893 12552 10687 10317  9673 13258  7932  8949] [] 1716194189.7687828541
[ 1  1  1  1  1 -1 -1  1  1  1  1  1] [ 3 11 19 20 26 27 28 29 42 44 45 53] [ 7723  9041  9514 12982 11683 12629 10722 10226  9475 13009  7886  8439] [] 1716194189.8117396832
[ 1  1  1 -1  1 -1  1 -1 -1  1  1  1] [ 3 11 19 20 26 27 28 29 42 44 45 53] [ 7629  8981  8556 13052 11602 12641 10645 10244  9860 12769  7791  8322] [] 1716194189.8547208309
[ 1 -1  1  1  1  1 -1 -1  1  1 -1 -1 -1] [ 3 11 19 20 26 27 28 29 42 44 45 53 54] [ 5822  9050  8046 13043 11451 12628 10658 10279  8986 12632  7974  8503
 12324] [] 1716194189.8977391720
[ 1 -1  1  1  1 -1 -1 -1  1  1 -1 -1 -1 -1 -1] [ 3 11 19 20 26 27 28 29 42 44 45 47 50 53 54] [ 5772  9129  7989 12587  9516 12643 10715 10297  8967 10950  8093 15481
 11098  8669 12357] [] 1716194189.9408168793
[ 1 -1  1 -1 -1  1 -1 -1 -1 -1  1 -1  1  1 -1 -1 -1] [ 3 11 19 20 21 26 27 28 29 42 44 45 47 50 53 54 61] [ 5726  9141  7367 12648 11549  9292 12924 10838 10355  9130 10827  8211
 14707 10894  8888 12405 10246] [] 1716194189.9837703705
[-1  1  1  1  1  1 -1 -1 -1  1  1 -1  1 -1 -1  1  1] [ 3 11 19 20 21 26 27 28 29 42 44 45 47 50 53 54 61] [ 5747  9083  7199 12315 11289  9270 12928 10853 10385  9026  8439  8223
 12525 11025  8907 12307  8455] [] 1716194190.0267665386
[ 1 -1  1  1  1  1 -1  1 -1  1  1  1  1  1 -1 -1 -1  1] [ 3 11 19 20 21 26 27 28 29 42 44 45 47 50 53 54 55 61] [ 5635  9085  6828 12023 11093  9151 12985 10849 10443  8847  8175  7971
 11135 10769  9011 12342 12239  8021] [] 1716194190.0697460175
[ 1 -1  1  1  1  1 -1  1 -1 -1  1  1  1  1  1  1  1  1  1] [ 3 11 19 20 21 26 27 28 29 34 42 44 45 47 50 53 54 55 61] [ 5553  9090  6263 11994 10983  9081 13125 10822 10518 13906  8529  7655
  7547 10357 10711  8989 11914 11922  7913] [] 1716194190.1128575802
[ 1  1  1  1  1  1 -1  1  1  1  1  1  1  1  1  1  1  1  1] [ 3 11 19 20 21 26 27 28 29 34 42 44 45 47 50 53 54 55 61] [ 5466  8967  6203 11776 10847  8745 13273 10728 10484 12869  8241  6901
  7446  9833 10617  8853 10382 10675  7807] [] 1716194190.1557528973
[ 1 -1  1  1  1  1  1 -1 -1  1 -1  1  1  1  1  1  1  1  1] [ 3 11 19 20 21 26 27 28 29 34 42 44 45 47 50 53 54 55 61] [ 5413  8985  5960 11638 10700  8372 13232 10840 10487 11929  8312  6324
  7303  9581 10567  8665 10101  9151  7665] [] 1716194190.1986904144
[ 1 -1 -1  1 -1  1 -1  1  1  1  1  1  1  1  1 -1  1  1  1  1] [ 3 11 18 19 20 21 26 27 28 29 34 42 44 45 47 50 53 54 55 61] [ 5397  8993 11344  5794 11838 10591  8448 13069 10816 10434 11856  8122
  6055  7108  9463 10573  8601  9981  8754  7528] [] 1716194190.2416579723
[-1  1  1  1 -1  1  1  1  1  1  1  1  1  1  1  1  1  1  1  1] [ 3 11 18 19 20 21 26 27 28 29 34 42 44 45 47 50 53 54 55 61] [ 5398  8946 11066  5702 12115 10549  8355 12974 10636 10357 11671  7949
  5766  7073  9343 10367  8498  9928  8639  7415] [] 1716194190.2848403454
[ 1  1  1  1  1  1  1  1  1  1 -1 -1  1  1  1  1  1  1  1  1] [ 3 11 18 19 20 21 26 27 28 29 34 42 44 45 47 50 53 54 55 61] [ 5339  8899  9781  5450 11711 10529  8295 12764 10530  9400 11755  7965
  5594  6897  9146 10352  7851  9826  8054  7295] [] 1716194190.3277420998
[ 1  1  1  1  1 -1 -1  1  1  1  1  1  1  1 -1  1  1  1  1  1  1] [ 3 11 18 19 20 21 26 27 28 29 34 42 44 45 46 47 50 53 54 55 61] [ 5310  8791  9162  5340 11440 10611  8317 12576 10501  8989 11605  7219
  5308  6891 13341  7986 10213  7687  9745  7497  7162] [] 1716194190.3707852364
[ 1  1  1  1  1  1  1  1  1  1  1  1  1  1  1  1  1  1  1  1 -1] [ 3 11 18 19 20 21 26 27 28 29 34 42 44 45 46 47 50 53 54 55 61] [ 5271  8727  8915  5271 11418 10562  8146 12536 10390  8976 11541  7003
  5190  6826 13319  7856 10147  7629  9678  6886  7217] [] 1716194190.4136967659
[ 1  1  1  1 -1 -1  1  1 -1  1 -1  1  1  1  1  1  1  1  1  1  1] [ 3 11 18 19 20 21 26 27 28 29 34 42 44 45 46 47 50 53 54 55 61] [ 5205  8694  8760  5096 11429 10647  8113 12464 10431  8953 11662  6859
  5010  6730 10837  7735  9054  7538  9631  6757  7066] [] 1716194190.4568130970
[ 1 -1  1  1  1  1  1 -1  1  1  1  1  1  1 -1  1  1  1  1  1  1] [ 3 11 18 19 20 21 26 27 28 29 34 42 44 45 46 47 50 53 54 55 61] [ 4557  8727  8573  4945 11251 10530  8050 12500 10401  8599  9823  6648
  4817  6620 10885  7579  8898  7232  9468  6232  6906] [] 1716194190.4997673035
[ 1  1  1  1 -1  1  1  1  1  1  1  1  1  1 -1  1  1  1  1  1  1] [ 3 11 18 19 20 21 26 27 28 29 34 42 44 45 46 47 50 53 54 55 61] [ 4270  8624  8296  4704 11270 10257  7931 12462 10380  7537  9395  5965
  4757  6565 11063  7109  8814  7120  9449  5893  6858] [] 1716194190.5427498817
[ 1  1  1  1  1 -1  1  1  1  1  1  1  1  1  1  1 -1 -1  1  1  1  1] [ 3 11 18 19 20 21 26 27 28 29 34 42 44 45 46 47 50 51 53 54 55 61] [ 4150  8617  8216  4642 11061 10394  7865 12157  9421  7345  9195  5666
  4728  6441  9601  6475  8821 14095  7023  9345  5461  6751] [] 1716194190.5857656002
[ 1 -1  1  1  1  1  1 -1 -1  1  1  1  1  1  1  1  1  1 -1  1  1  1  1] [ 3 10 11 18 19 20 21 26 27 28 29 34 42 44 45 46 47 50 51 53 54 55 61] [ 4117 15784  8605  6851  4582  9963 10262  7917 12189  8647  7198  8383
  5426  4548  6356  9364  6290  8798 14117  6969  9329  5083  6661] [] 1716194190.6287968159
[ 1 -1  1  1  1  1 -1  1  1  1  1  1  1  1  1  1  1  1  1  1  1  1  1] [ 3 11 18 19 20 21 23 26 27 28 29 34 42 44 45 46 47 50 51 53 54 55 61] [ 4005  8643  6558  4505  9730 10257 15333  7820 11995  7742  7148  7908
  5273  4463  6343  9350  5971  8756 13416  6891  9235  4900  6615] [] 1716194190.6718182564
[ 1 -1  1  1  1  1  1  1  1 -1  1  1  1  1  1  1  1  1  1  1  1  1  1  1] [ 3 10 11 18 19 20 21 23 26 27 28 29 34 42 44 45 46 47 50 51 53 54 55 61] [ 3967 15588  8615  6467  4473  9455 10144 15261  6719 12018  7503  6585
  7162  5112  4413  6183  9052  5833  8598 13026  6790  9047  4679  6516] [] 1716194190.7147860527
[ 1  1  1  1  1 -1 -1  1  1  1  1  1  1 -1  1  1  1  1  1  1  1  1  1  1
  1] [ 3 10 11 18 19 20 21 23 26 27 28 29 34 35 42 44 45 46 47 50 51 53 54 55
 61] [ 3819 14648  8544  6401  4381  9491 10147 15253  6357 11862  7002  6413
  6794 15488  4822  4367  6116  8666  5443  8588 12970  6695  8971  4444
  6471] [] 1716194190.7577612400
[-1  1 -1 -1  1  1  1 -1  1  1 -1  1  1  1 -1  1  1  1  1  1  1  1 -1  1
  1  1  1] [ 1  3 10 11 18 19 20 21 23 26 27 28 29 34 35 42 44 45 46 47 50 51 52 53
 54 55 61] [16362  3709 14718  8617  5747  4292  9286 10186 15079  5961 11908  6618
  6308  6677 15587  4568  4322  6088  8441  5117  8477 12370 15987  6493
  8826  4242  6326] [] 1716194190.8008475304
[ 1  1  1  1  1  1  1 -1  1  1  1  1  1  1  1  1  1  1  1  1  1  1  1  1
 -1  1  1] [ 1  3 10 11 18 19 20 21 23 26 27 28 29 34 35 42 44 45 46 47 50 51 52 53
 54 55 61] [15611  3487 13950  8567  5067  4251  9161 10224 14896  5961 11908  6392
  6229  6487 14491  4445  4215  6015  8145  5043  8402 11929 15851  6373
  8902  4059  6298] [] 1716194190.8437831402
[-1  1  1 -1  1 -1  1  1  1  1 -1  1  1  1  1  1  1  1  1  1 -1  1  1  1
  1  1  1] [ 1  3 10 11 18 19 20 21 23 26 27 28 29 34 35 42 44 45 46 47 50 51 52 53
 54 55 61] [15852  3381 13713  8582  5031  4259  9039 10097 14806  5776 11943  5895
  6114  6349 14481  4199  4105  5979  7066  4847  8467 11849 15708  6316
  8803  3879  6244] [] 1716194190.8868091106
[ 1  1  1 -1  1  1  1  1 -1  1  1  1  1  1  1 -1  1  1  1  1  1  1  1  1
  1  1  1  1] [ 1  3 10 11 18 19 20 21 23 26 27 28 29 34 35 36 42 44 45 46 47 50 51 52
 53 54 55 61] [15537  3247 13212  8619  4991  4152  8641 10037 15116  5643 11860  5745
  5977  6267 14318 14042  3896  3708  5887  6775  4523  8420 11307 11583
  6104  8749  3689  6208] [] 1716194190.9298040867
[ 1  1  1  1  1  1  1  1  1  1 -1  1  1  1  1  1  1  1  1  1  1  1  1  1
  1  1  1  1] [ 1  3 10 11 18 19 20 21 23 26 27 28 29 34 35 36 42 44 45 46 47 50 51 52
 53 54 55 61] [15432  3114 12633  8586  4633  4083  8588 10015 14901  5461 11933  5342
  5950  5786 14299 12413  3716  3683  5788  6598  4482  8367 11002 10797
  5672  7743  3618  6204] [] 1716194190.9728627205
[ 1  1  1 -1  1  1 -1  1 -1  1  1  1  1  1 -1  1  1  1  1  1  1 -1  1  1
  1  1  1  1] [ 1  3 10 11 18 19 20 21 23 26 27 28 29 34 35 36 42 44 45 46 47 50 51 52
 53 54 55 61] [15104  3016 11222  8631  4599  4012  8654  9936 14912  5042 11926  5218
  5919  5611 14385 11848  3384  3581  5647  6548  4342  8374 10385 10277
  5534  7230  3455  6182] [] 1716194191.0157825947
[ 1  1  1  1  1  1  1  1  1  1  1  1  1  1 -1  1  1  1  1  1  1  1  1  1
  1  1  1  1] [ 1  3 10 11 18 19 20 21 23 26 27 28 29 34 35 36 42 44 45 46 47 50 51 52
 53 54 55 61] [15036  2910 10457  7437  4528  3906  8619  9910 14242  4884 11832  4865
  5824  5455 14482 10742  3275  3466  5415  6504  4231  8123 10241  9989
  5483  7083  3349  6109] [] 1716194191.0588243008
[ 1  1  1  1  1  1  1  1  1  1  1  1  1  1 -1  1 -1  1  1  1 -1  1  1  1
  1  1  1  1  1] [ 1  3 10 11 18 19 20 21 23 26 27 28 29 34 35 36 37 42 44 45 46 47 50 51
 52 53 54 55 61] [14915  2892  9912  7069  4259  3839  8591  9898 14048  4655 11790  4633
  5802  5439 14948 10009 16360  3054  3383  5157  6568  4118  7625  9982
  9493  5457  6883  3285  5996] [] 1716194191.1018142700
[ 1  1  1  1  1  1  1 -1 -1  1  1  1  1  1 -1  1  1  1  1  1  1  1  1  1
  1  1  1  1  1] [ 1  3 10 11 18 19 20 21 23 26 27 28 29 34 35 36 37 42 44 45 46 47 50 51
 52 53 54 55 61] [14875  2869  9650  6895  4205  3814  8559  9984 14265  4508 11755  4400
  5075  5420 14971  9870 15324  2988  3342  5042  6461  3999  7422  9878
  9030  5396  6791  3234  5957] [] 1716194191.1448261738
[-1  1  1  1  1  1  1  1  1  1  1  1  1  1  1  1  1  1  1  1  1 -1  1 -1
  1  1  1  1 -1 -1] [ 1  3 10 11 18 19 20 21 23 26 27 28 29 34 35 36 37 42 44 45 46 47 50 51
 52 53 54 55 60 61] [14916  2703  9288  6662  4117  3750  7110  9967 14179  4329 11729  4213
  4862  5226 14707  9649 15290  2975  3279  4972  6377  4027  7031 10117
  7937  5387  6778  3233 14256  6022] [] 1716194191.1878001690
[ 1  1  1  1  1  1  1  1 -1  1  1  1  1 -1 -1  1  1  1  1  1  1  1  1  1
 -1  1  1  1  1  1 -1] [ 1  3 10 11 18 19 20 21 23 26 27 28 29 32 34 35 36 37 42 44 45 46 47 50
 51 52 53 54 55 60 61] [14812  2647  8929  6406  3975  3693  7001  9947 14260  4278 11670  4143
  4838 10913  5243 13285  9560 15140  2837  3149  4747  6236  3916  6554
 10207  7766  5369  6655  3133 10459  6031] [] 1716194191.2308106422
[ 1  1  1  1  1  1  1  1  1  1 -1  1  1  1  1  1  1  1  1  1  1  1 -1  1
 -1  1  1  1  1  1 -1] [ 1  3 10 11 18 19 20 21 23 26 27 28 29 32 34 35 36 37 42 44 45 46 47 50
 51 52 53 54 55 60 61] [14256  2582  8305  5939  3903  3611  6959  9842 14174  4167 11710  4001
  4717 10300  5212 13097  7911 15109  2795  3130  4492  6164  3951  5963
 10287  7620  5346  6360  3124  9329  6067] [] 1716194191.2738337517
[ 1  1  1  1  1  1  1  1  1  1 -1  1 -1  1  1  1  1  1  1  1  1  1  1  1
  1  1  1  1  1  1  1] [ 1  3 10 11 18 19 20 21 23 26 27 28 29 32 34 35 36 37 42 44 45 46 47 50
 51 52 53 54 55 60 61] [14219  2554  8140  5865  3899  3567  6868  9800 14121  4061 11929  3967
  4720 10120  5177 13051  7839 14854  2702  3093  4307  5438  3670  5691
  8808  7594  5154  5945  3046  7829  5992] [] 1716194191.3168418407
[-1  1  1  1  1  1 -1 -1  1  1  1  1  1  1  1  1  1  1  1  1  1  1  1  1
  1  1  1  1  1  1  1] [ 1  3 10 11 18 19 20 21 23 26 27 28 29 32 34 35 36 37 42 44 45 46 47 50
 51 52 53 54 55 60 61] [14233  2486  7117  5339  3831  3492  6987  9805 13988  3778 11690  3757
  4622  9921  5154 12950  7766 12733  2648  3071  3922  5396  3492  5460
  7885  7336  5004  5779  2990  6664  5964] [] 1716194191.3598279953
[ 1  1  1  1  1  1  1 -1 -1  1  1  1  1 -1  1  1  1  1 -1  1  1  1 -1  1
  1  1  1  1  1  1  1  1] [ 1  3 10 11 18 19 20 21 23 26 27 28 29 32 34 35 36 37 38 42 44 45 46 47
 50 51 52 53 54 55 60 61] [14094  2463  6565  4892  3749  3424  6803  9858 14318  3759 11521  3604
  4579 10102  4939 10813  6589 12170 14342  2636  3047  3855  5403  3404
  5176  7710  7129  4889  5523  2975  6411  5950] [] 1716194191.4028158188
[-1  1  1  1  1  1  1  1  1  1 -1  1 -1 -1  1  1  1  1  1  1  1  1  1  1
  1  1  1  1  1  1  1  1] [ 1  3 10 11 18 19 20 21 23 26 27 28 29 32 34 35 36 37 38 42 44 45 46 47
 50 51 52 53 54 55 60 61] [14166  2455  6435  4746  3643  3410  6721  9786 14201  3753 11547  3532
  4719 10299  4869 10480  6262 11828 14153  2598  3046  3737  5338  3372
  5159  7525  7001  4841  5408  2941  6306  5944] [] 1716194191.4458191395
[-1  1  1  1  1  1  1  1  1  1  1  1  1  1  1  1  1  1  1  1  1  1  1 -1
  1  1  1  1  1 -1  1  1] [ 1  3 10 11 18 19 20 21 23 26 27 28 29 32 34 35 36 37 38 42 44 45 46 47
 50 51 52 53 54 55 60 61] [14386  2379  5993  4669  3567  3338  6653  9741 14194  3695 11519  3440
  4472 10107  4707  9923  6121 11656 14078  2572  3016  3708  5310  3381
  5093  7420  6916  4747  5329  2963  6259  5925] [] 1716194191.4887778759
[ 1  1  1 -1 -1  1  1 -1 -1  1 -1  1  1 -1  1  1  1 -1 -1 -1  1  1  1  1
  1  1  1 -1  1  1  1 -1] [ 1  3 10 11 18 19 20 21 23 26 27 28 29 32 34 35 36 37 38 42 44 45 46 47
 50 51 52 53 54 55 60 61] [14271  2373  5858  4678  3597  3334  6633  9771 14200  3689 11546  3408
  4464 10182  4620  9772  6056 11736 14119  2575  3006  3697  5291  3340
  5074  7379  6896  4751  5276  2926  6255  5988] [] 1716194191.5318460464
[ 1 -1  1  1  1  1  1  1 -1 -1  1 -1 -1  1  1 -1 -1  1  1  1  1  1  1 -1
 -1  1 -1  1  1  1  1  1] [ 1  3 10 11 18 19 20 21 23 26 27 28 29 32 34 35 36 37 38 42 44 45 46 47
 50 51 52 53 54 55 60 61] [14191  2383  5731  4629  3591  3314  6589  9736 14400  3729 11491  3425
  4482 10178  4590  9809  6102 11481 14057  2563  3004  3673  5290  3386
  5080  7333  6897  4734  5227  2909  6185  5910] [] 1716194191.5747179985
[-1  1  1  1  1  1  1  1 -1  1  1  1  1  1 -1  1  1  1 -1 -1 -1 -1 -1  1
 -1 -1 -1  1 -1 -1 -1 -1] [ 1  3 10 11 18 19 20 21 23 26 27 28 29 32 34 35 36 37 38 42 44 45 46 47
 50 51 52 53 54 55 60 61] [14334  2381  5714  4575  3541  3313  6554  9604 14792  3703 11411  3393
  4325 10103  4691  9702  6064 11372 14459  2573  3050  3993  5339  3370
  5092  8640  6901  4720  5286  2940  6218  5914] [] 1716194191.6178140640
[ 1  1 -1 -1  1  1 -1  1  1  1  1 -1  1  1 -1 -1 -1  1 -1  1 -1 -1 -1 -1
 -1 -1 -1 -1 -1 -1 -1] [ 1  3 10 11 18 19 20 21 23 26 27 28 29 32 34 35 36 37 42 44 45 46 47 50
 51 52 53 54 55 60 61] [14312  2370  5940  4603  3523  3300  6560  9595 14577  3625 11371  3437
  4310 10052  4870  9705  6066 11214  2659  3038  4177  5397  3484  5477
  9100  7156  4816  5547  3004  8423  5928] [] 1716194191.6606149673
[ 1 -1 -1 -1 -1 -1 -1  1  1 -1  1 -1 -1  1 -1  1 -1 -1 -1 -1 -1 -1 -1 -1
 -1  1  1  1 -1 -1  1] [ 1  3 10 11 18 19 20 21 23 26 27 28 29 32 34 35 36 37 42 44 45 46 47 50
 51 52 53 54 55 60 61] [14039  2431  6657  5047  3636  3411  6600  9553 14392  3712 11311  3573
  4460  9857  4991  9600  6266 11377  2664  3042  4280  6002  3729  5486
  9145  7154  4801  5516  3010 11308  5926] [] 1716194191.7037904263
[-1 -1 -1 -1 -1 -1 -1  1  1 -1  1 -1 -1  1  1  1 -1  1 -1 -1 -1 -1 -1 -1
 -1  1 -1 -1 -1  1] [ 1  3 10 11 18 19 20 21 23 26 27 28 29 32 34 35 36 37 42 44 45 46 47 50
 51 52 53 54 55 61] [14089  2451  7082  5149  3643  3414  6624  9551 14322  3777 11274  3611
  4484  9838  4966  9514  6718 11332  2710  3105  4642  6077  3757  5822
  9840  7142  4910  5628  3032  5911] [] 1716194191.7468204498
[-1 -1 -1 -1 -1 -1 -1  1  1 -1  1 -1 -1 -1 -1 -1 -1 -1 -1 -1 -1 -1 -1 -1
  1  1 -1 -1 -1  1] [ 1  3 10 11 18 19 20 21 23 26 27 28 29 32 34 35 36 37 42 44 45 46 47 50
 51 52 53 54 55 61] [14157  2555  7768  5831  3711  3456  6797  9511 14085  3919 11258  3731
  4529 15666  5163  9634  7483 11728  2821  3183  4785  6103  3886  6995
  9534  7124  5182  5712  3121  5876] [] 1716194191.7898302078
[-1 -1 -1 -1 -1 -1  1  1  1 -1 -1 -1 -1 -1  1 -1 -1 -1 -1 -1 -1 -1 -1  1
 -1 -1 -1 -1 -1] [ 1  3 10 11 18 19 20 21 23 26 27 28 29 34 35 36 37 42 44 45 46 47 50 51
 52 53 54 55 61] [14216  2585  8708  6369  3871  3533  6786  9500 13968  3991 11297  3815
  4563  5262  9435  8444 14596  2924  3211  4956  6123  3984  7025  9487
  7430  5233  5770  3228  5898] [] 1716194191.8325567245
[-1 -1 -1 -1 -1  1 -1 -1 -1 -1 -1 -1 -1 -1 -1 -1 -1 -1 -1 -1 -1 -1 -1 -1
 -1 -1 -1 -1 -1] [ 1  3 10 11 18 19 20 21 23 26 27 28 29 34 35 36 37 42 44 45 46 47 50 51
 52 53 54 55 61] [14436  2695  9052  6667  3927  3524  6829  9578 14420  4163 11355  4037
  4775  5305  9449  8909 14824  3177  3307  5136  6239  4139  7425  9728
  7867  5426  5911  3380  6034] [] 1716194191.8758029938
[ 1 -1 -1 -1 -1 -1 -1  1  1 -1  1 -1 -1 -1 -1 -1 -1 -1 -1 -1 -1 -1 -1 -1
 -1 -1 -1 -1 -1] [ 1  3 10 11 18 19 20 21 23 26 27 28 29 34 35 36 37 42 44 45 46 47 50 51
 52 53 54 55 61] [14383  2805  9644  6778  3995  3578  8300  9546 13607  4283 11322  4320
  5816  5323  9762  9267 14936  3407  3412  5457  6321  4234  7593  9736
  8267  5482  7033  3556  6083] [] 1716194191.9187700748
[-1 -1 -1 -1 -1  1 -1  1 -1 -1 -1 -1 -1 -1 -1  1 -1 -1 -1 -1 -1 -1  1 -1
 -1 -1 -1 -1] [ 3 10 11 18 19 20 21 23 26 27 28 29 34 35 36 37 42 44 45 46 47 50 51 52
 53 54 55 61] [ 2963  9723  8510  4036  3655  8261  9561 13288  4471 11361  4735  5821
  5365 10215  9436 14880  3835  3767  5529  6860  4368  8001  8508  8341
  5499  7172  3748  6133] [] 1716194191.9617960453
[-1 -1 -1 -1 -1  1 -1  1 -1 -1 -1 -1 -1 -1 -1 -1 -1 -1 -1 -1 -1 -1  1 -1
 -1 -1 -1 -1] [ 3 10 11 18 19 20 21 23 26 27 28 29 34 35 36 37 42 44 45 46 47 50 51 52
 53 54 55 61] [ 3033 10564  8554  4095  3754  8251  9628 13204  4765 11528  5065  5837
  5407 10696  9847 15092  3952  3875  5588  7362  4445  8237  8229  8544
  5576  7249  3900  6242] [] 1716194192.0048508644
[-1 -1 -1 -1 -1 -1 -1 -1 -1  1 -1 -1 -1 -1 -1  1 -1 -1 -1 -1 -1 -1 -1 -1
 -1 -1 -1 -1] [ 3 10 11 18 19 20 21 23 26 27 28 29 34 35 36 37 42 44 45 46 47 50 51 52
 53 54 55 61] [ 3201 11844  8572  4415  3874  8349  9676 13422  5008 11490  5486  5926
  5565 14125 10207 15008  4401  4104  5937  7494  4753  8971  8356  8928
  5748  7367  4106  6444] [] 1716194192.0477776527
[-1 -1  1 -1  1 -1 -1 -1 -1 -1 -1 -1  1 -1 -1  1 -1 -1 -1 -1 -1  1 -1 -1
 -1 -1 -1 -1] [ 3 10 11 18 19 20 21 23 26 27 28 29 34 35 36 37 42 44 45 46 47 50 51 52
 53 54 55 61] [ 3263 12687  8559  4497  3866  8470  9753 13559  5221 11541  5721  6120
  5564 14342 11542 15008  4669  4209  6041  7691  4948  8880  8987  9860
  5761  7524  4517  6483] [] 1716194192.0907540321
[-1  1  1 -1 -1 -1 -1 -1 -1  1 -1 -1 -1  1 -1 -1 -1 -1 -1 -1 -1  1 -1 -1
 -1 -1 -1 -1] [ 3 10 11 18 19 20 21 23 26 27 28 29 34 35 36 37 42 44 45 46 47 50 51 52
 53 54 55 61] [ 3403 12502  8551  6127  4015  8529  9772 13632  5268 11474  6303  6158
  7436 14328 12559 15807  5032  4349  6101  7842  5237  8692  9215 10161
  5840  7710  5013  6563] [] 1716194192.1338105202
[-1 -1 -1 -1 -1  1 -1 -1  1 -1 -1 -1  1 -1  1 -1 -1 -1 -1 -1 -1 -1 -1 -1
 -1 -1 -1 -1] [ 1  3 10 11 18 19 20 21 23 26 27 28 29 34 35 36 42 44 45 46 47 50 51 52
 53 54 55 61] [15606  3519 13173  8598  6237  3981  8725  9798 13507  5586 11530  6913
  6120  7483 14267 12655  5394  4431  6208  8024  5641  9612 12605 11961
  6511  9503  5528  6630] [] 1716194192.1764893532
[ 1 -1 -1 -1 -1 -1 -1  1 -1 -1 -1 -1 -1  1 -1 -1 -1 -1 -1 -1 -1 -1 -1 -1
 -1] [ 1  3 11 18 19 20 21 23 26 27 28 29 34 35 42 44 45 46 47 50 52 53 54 55
 61] [15560  3794  8613  6449  4116  8912  9892 13280  6178 11540  7198  6493
  7512 14191  5429  4439  6375  8543  6066  9651 15125  6736  9525  6069
  6696] [] 1716194192.2197306156
[-1  1 -1 -1 -1 -1  1 -1  1 -1 -1 -1  1 -1 -1 -1 -1 -1 -1 -1  1 -1 -1] [ 3 11 18 19 20 21 23 26 27 28 29 34 35 42 44 45 46 47 50 53 54 55 61] [ 3853  8575  8142  4175  9251  9972 13130  6910 11461  7960  7143  7546
 13974  5945  4535  6462  8839  6517  9848  6877  9405  6844  6830] [] 1716194192.2627210617
[-1 -1 -1 -1 -1  1 -1 -1 -1 -1 -1 -1 -1 -1 -1 -1 -1 -1 -1 -1 -1 -1 -1] [ 3 11 18 19 20 21 23 26 27 28 29 34 35 42 44 45 46 47 50 53 54 55 61] [ 3955  8612  8287  4236 10824  9884 13403  7860 11492  9134  7423  7702
 14910  6197  4667  6499 10600  7031 10004  7062  9422  7365  6862] [] 1716194192.3057892323
[-1 -1  1 -1 -1 -1 -1 -1 -1 -1 -1 -1 -1 -1  1 -1 -1 -1 -1 -1 -1] [ 3 11 18 19 20 21 23 26 27 28 29 34 42 44 45 47 50 53 54 55 61] [ 4067  8654  8266  4343 10997  9934 13440  7903 11516 10056  8261  8852
  6671  4845  6472  7278 10229  7258  9431  7833  6963] [] 1716194192.3486766815
[-1 -1 -1 -1 -1 -1 -1 -1 -1 -1 -1 -1 -1 -1 -1 -1 -1 -1 -1 -1 -1] [ 3 11 18 19 20 21 23 26 27 28 29 34 42 44 45 47 50 53 54 55 61] [ 4159  8662  8471  4667 11234 10015 13888  7983 11522 10089  8642  8869
  6874  4879  6600  7626 10300  7330  9566  8392  7014] [] 1716194192.3917398453
[-1 -1 -1 -1  1  1 -1  1 -1 -1 -1 -1 -1 -1 -1 -1 -1 -1 -1 -1 -1] [ 3 11 18 19 20 21 23 26 27 28 29 34 42 44 45 47 50 53 54 55 61] [ 4185  8715  8548  4736 11113 10009 14127  7936 11549 10096  8843  9035
  7855  5310  6605  8432 10457  7399  9657  8877  7107] [] 1716194192.4347696304
[-1  1 -1 -1 -1 -1 -1 -1 -1  1  1 -1 -1 -1 -1 -1 -1 -1  1 -1] [ 3 11 18 19 20 21 23 26 27 28 29 34 42 44 45 47 50 53 54 61] [ 4266  8694  9693  4912 11227 10162 15852  8015 11588 10071  8757 11594
  8272  5729  6662  8795 10680  7908  9545  7114] [] 1716194192.4777529240
[-1 -1 -1 -1  1 -1 -1 -1 -1 -1  1  1 -1 -1 -1 -1 -1 -1 -1] [ 3 11 18 19 20 21 26 27 28 29 34 42 44 45 47 50 53 54 61] [ 4347  8793 10681  4980 11180 10253  8069 11618 10091  9917 11507  8171
  6319  6865  9041 11049  8291  9567  7309] [] 1716194192.5207276344
[-1  1 -1 -1 -1  1 -1 -1 -1  1 -1 -1 -1 -1 -1  1 -1 -1] [ 3 11 19 20 21 26 27 28 29 34 42 44 45 47 50 53 54 61] [ 4675  8671  5012 11299 10271  8066 11717 10121 10009 11359  8569  6666
  6940  9500 11083  8247  9781  7342] [] 1716194192.5637867451
[-1 -1 -1 -1 -1 -1 -1 -1 -1 -1 -1 -1 -1 -1 -1 -1 -1] [ 3 11 19 20 21 26 27 28 29 34 42 44 45 47 53 54 61] [ 5170  8719  5411 11376 10315  8216 11867 10159 10012 11481  8940  8135
  7201  9797  8643 12259  7628] [] 1716194192.6066367626
[-1 -1 -1 -1 -1 -1 -1 -1 -1 -1 -1 -1  1 -1  1 -1] [ 3 11 19 20 21 26 27 28 29 34 42 44 45 47 53 54] [ 5248  8834  5599 11808 10436  8392 12079 10250 10301 11486  8973 10368
  7108 12277  8327 12485] [] 1716194192.6496851444
[-1  1 -1  1 -1 -1 -1 -1  1 -1 -1 -1  1  1 -1] [ 3 11 19 20 21 26 27 28 29 34 42 44 45 53 54] [ 5426  8762  5946 11776 10582  8616 12363 10277 10207 11695  9702 11967
  6940  8195 14258] [] 1716194192.6926894188
[-1 -1 -1  1  1 -1 -1  1  1 -1  1  1 -1  1] [ 3 11 19 20 21 26 27 28 29 34 42 44 45 53] [ 5551  8768  6048 11465 10529  8767 12427 10163 10125 11865  9491 11851
  7697  8107] [] 1716194192.7357020378
[-1  1 -1 -1 -1 -1 -1 -1 -1 -1 -1 -1 -1 -1] [ 3 11 19 20 21 26 27 28 29 34 42 44 45 53] [ 7454  8765  6790 11515 10606 10320 12524 10212 10172 15602  9540 11925
  7707  8152] [] 1716194192.7787494659
[-1 -1 -1 -1 -1  1 -1 -1 -1 -1  1 -1 -1] [ 3 11 19 20 21 26 27 28 29 42 44 45 53] [ 7579  8798  7572 11817 10747 10298 12602 10235 10294  9683 11918  7778
  8720] [] 1716194192.8217124939
[-1 -1 -1 -1 -1  1 -1 -1 -1  1 -1  1 -1] [ 3 11 19 20 21 26 27 28 29 42 44 45 53] [ 7582  8861  7889 12078 10855 10275 12653 10365 10352  9649 12016  7759
  8842] [] 1716194192.8645899296
[-1 -1 -1 -1 -1  1 -1 -1  1 -1 -1 -1] [ 3 11 19 20 26 27 28 29 42 44 45 53] [ 7763  8903  9320 13066 10393 12553 10386 10409  9639 12233  7866  9026] [] 1716194192.9077143669
[-1 -1 -1 -1 -1 -1 -1 -1 -1 -1 -1 -1] [ 3 11 19 20 26 27 28 29 42 44 45 53] [ 7776  8931  9480 13538 10456 12593 10436 10427  9681 12525  7895  9141] [] 1716194192.9507029057
[-1 -1 -1 -1 -1 -1 -1 -1 -1 -1 -1 -1] [ 3 11 19 20 26 27 28 29 42 44 45 53] [ 8847  9008  9540 15834 10561 12610 10550 10484  9961 12615  7966 11435] [] 1716194192.9936773777
[-1 -1 -1 -1 -1 -1  1  1 -1  1 -1] [ 3 11 19 26 27 28 29 42 44 45 53] [ 9203  9089  9657 10744 12632 10642 10458  9896 12649  7902 13334] [] 1716194193.0367505550
[ 1  1 -1 -1 -1 -1 -1  1  1] [11 19 26 27 28 29 42 44 45] [ 9064  9563 10795 12754 10699 10517 10263 12559  7707] [] 1716194193.0797216892
[-1 -1 -1 -1 -1 -1 -1  1 -1] [11 19 26 27 28 29 42 44 45] [ 9161  9753 11996 12894 10931 10626 10434 12511  7802] [] 1716194193.1226773262
[ 1  1  1  1 -1 -1 -1 -1] [11 19 27 28 29 42 44 45] [ 9069  9708 12650 10925 10940 10990 12671  7831] [] 1716194193.1656897068
[-1 -1 -1 -1 -1 -1 -1 -1] [11 19 27 28 29 42 44 45] [ 9235  9734 13074 10977 11076 11250 13017  8049] [] 1716194193.2087285519
[-1 -1 -1 -1 -1 -1  1] [11 19 27 28 29 42 45] [ 9321  9829 13126 11067 11814 11567  8016] [] 1716194193.2517952919
[ 1  1  1  1 -1 -1] [11 19 27 28 42 45] [ 9299  9768 12780 10943 11714  8368] [] 1716194193.2946648598
[-1 -1 -1 -1 -1 -1] [11 19 27 28 42 45] [ 9501  9908 12845 11046 12164 10425] [] 1716194193.3377141953
[-1 -1  1  1  1] [11 19 27 28 42] [ 9533 10054 12827 11013 12083] [] 1716194193.3806159496
[ 1 -1 -1  1 -1] [11 19 27 28 42] [ 9521 10071 12932 10964 12817] [] 1716194193.4236724377
[ 1 -1 -1  1 -1] [11 19 27 28 42] [ 9439 10120 14304 10857 15847] [] 1716194193.4666779041
[-1 -1 -1  1] [11 19 27 28] [ 9449 11528 16292 10731] [] 1716194193.5096418858
[1 1] [11 28] [ 9276 10592] [] 1716194193.5525674820
[-1 -1] [11 28] [ 9461 10632] [] 1716194193.5956647396
[-1 -1] [11 28] [10035 10696] [] 1716194193.6386620998
[1] [28] [10465] [] 1716194193.6815130711
[-1] [28] [10587] [] 1716194193.7247092724
[-1] [28] [10751] [] 1716194193.7676696777
[-1] [28] [11032] [] 1716194193.8106770515
2 2 2 1716194194.2521049976
