FA TAX ADC PRES TS
[-1] [19] [10594] [] 1716192870.0973901749
[-1 -1] [11 19] [11152 10836] [] 1716192870.1402940750
[1 1] [11 19] [10743 10785] [] 1716192870.1833953857
[1 1] [11 19] [10185 10309] [] 1716192870.2263228893
[1 1] [11 19] [9838 9432] [] 1716192870.2694563866
[-1 -1  1] [11 18 19] [ 9920 11710  9101] [] 1716192870.3122568130
[1 1 1] [11 18 19] [ 9627 11187  7949] [] 1716192870.3554103374
[1 1 1] [11 18 19] [ 9445 10850  6734] [] 1716192870.3984160423
[-1  1  1] [11 18 19] [9530 8768 6059] [] 1716192870.4414045811
[-1 -1 -1 -1] [ 3 11 18 19] [9056 9736 8952 6115] [] 1716192870.4843246937
[ 1  1  1  1 -1] [ 3 11 18 19 20] [ 8417  9590  8642  5759 14616] [] 1716192870.5276577473
[1 1 1 1 1] [ 3 11 18 19 20] [ 8230  9474  8570  5531 13691] [] 1716192870.5706245899
[1 1 1 1 1] [ 3 11 18 19 20] [ 6184  9381  8322  5209 12475] [] 1716192870.6135115623
[1 1 1 1 1] [ 3 11 18 19 20] [ 5892  9321  8122  4925 11943] [] 1716192870.6562652588
[1 1 1 1 1] [ 3 11 18 19 20] [ 5695  9118  7404  4662 11857] [] 1716192870.6995050907
[1 1 1 1 1] [ 3 11 18 19 20] [ 5629  9059  7372  4520 11732] [] 1716192870.7424929142
[1 1 1 1 1] [ 3 11 18 19 20] [ 5510  9040  7276  4392 11356] [] 1716192870.7853989601
[-1  1  1  1  1] [ 3 11 18 19 20] [ 5523  8940  6661  4305 11106] [] 1716192870.8282957077
[ 1 -1  1  1  1] [ 3 11 18 19 20] [ 5419  8975  6470  4159 10974] [] 1716192870.8715493679
[1 1 1 1 1] [ 3 11 18 19 20] [ 5319  8813  5749  3961 10763] [] 1716192870.9146633148
[1 1 1 1 1] [ 3 11 18 19 20] [ 4623  8808  5603  3900 10738] [] 1716192870.9573683739
[ 1 -1  1  1  1  1] [ 3 10 11 18 19 20] [ 4570 16106  8755  5483  3818 10517] [] 1716192871.0003383160
[ 1  1 -1  1 -1  1 -1] [ 3 10 11 18 19 20 27] [ 4318 15549  8759  5351  3903  9726 12677] [] 1716192871.0435154438
[ 1  1  1  1  1 -1 -1  1 -1] [ 3 10 11 18 19 20 21 27 42] [ 4158 14796  8756  5119  3851  9910 13792 12464 13346] [] 1716192871.0865566730
[-1 -1  1  1  1  1  1  1  1  1] [ 2  3 10 11 18 19 20 21 27 42] [15678  4214 14506  8696  4731  3829  9609 12734 12312 12484] [] 1716192871.1296193600
[ 1  1  1 -1  1  1  1  1  1  1 -1] [ 2  3 10 11 18 19 20 21 27 42 44] [15550  4038 13586  8705  4486  3750  9076 11207 12170 10835 13791] [] 1716192871.1723051071
[-1  1  1 -1  1  1  1  1 -1 -1  1  1] [ 2  3 10 11 18 19 20 21 23 27 42 44] [15647  4002 13579  8714  4397  3717  8723 11052 15957 12326  8269 12957] [] 1716192871.2155005932
[1 1 1 1 1 1 1 1 1 1 1 1] [ 2  3 10 11 18 19 20 21 23 27 42 44] [15566  3785 13257  8080  4139  3589  8214 10666 15359 10425  6779 12753] [] 1716192871.2585189342
[ 1  1 -1  1  1  1 -1  1 -1  1  1 -1] [ 2  3 10 11 18 19 20 21 23 27 42 44] [15295  3733 13454  8041  4017  3526  8294 10485 16090 10318  5730 12932] [] 1716192871.3014311790
[-1  1  1  1  1  1 -1  1  1  1  1  1] [ 2  3 10 11 18 19 20 21 23 27 42 44] [15307  3610 13438  7925  3717  3433  8743 10369 14233  9150  4979 12586] [] 1716192871.3442611694
[1 1 1 1 1 1 1 1 1 1 1 1] [ 2  3 10 11 18 19 20 21 23 27 42 44] [14845  3379 13096  7839  3492  3274  8607 10357 14143  8857  4273  8617] [] 1716192871.3875305653
[ 1  1  1 -1  1  1  1  1  1  1  1  1] [ 2  3 10 11 18 19 20 21 23 27 42 44] [14365  3285 13082  7921  3305  3177  8106 10203 13721  8411  3595  8245] [] 1716192871.4306125641
[ 1  1 -1 -1  1  1 -1 -1  1 -1 -1  1  1 -1] [ 2  3 10 11 18 19 20 21 23 27 28 42 44 47] [ 9567  3212 13155  7930  3163  3052  8139 10422 13179  8571 11688  3347
  8138 14241] [] 1716192871.4735417366
[ 1  1  1  1 -1  1  1  1  1 -1  1 -1  1 -1  1] [ 2  3 10 11 18 19 20 21 23 27 28 36 42 44 47] [ 9334  3140  9834  7855  3187  3048  7192 10342 12916  8682 11242 14311
  3298  8169 11281] [] 1716192871.5163936615
[ 1  1  1  1 -1  1 -1  1  1 -1  1  1 -1  1  1  1 -1  1] [ 2  3 10 11 15 18 19 20 21 23 27 28 35 36 42 44 45 47] [ 9334  3115  9749  7770 16017  3151  3050  7140 10291 13109  8486 11053
 15285 13343  3080  7678 11686  9776] [] 1716192871.5595951080
[ 1  1  1  1  1  1  1  1  1 -1  1  1 -1  1  1  1  1  1  1] [ 2  3 10 11 15 18 19 20 21 23 27 28 32 35 36 42 44 45 47] [ 9265  2992  8576  7726 14374  3011  2928  6185 10207 13123  8377 10726
 12819 14698 12928  2984  6958 11576  9706] [] 1716192871.6026475430
[-1  1  1  1  1  1  1  1  1  1 -1  1  1  1  1  1  1  1  1  1] [ 2  3 10 11 15 18 19 20 21 23 26 27 28 32 35 36 42 44 45 47] [ 9427  2907  8200  7084 13789  2983  2858  5482  9986 13110 14230  8271
 10525 11571 13549 12457  2935  6132  7902  9639] [] 1716192871.6455752850
[ 1  1 -1  1  1 -1  1  1  1 -1 -1  1 -1  1  1  1  1 -1  1  1  1] [ 2  3  4 10 11 15 18 19 20 21 23 26 27 28 32 35 36 42 44 45 47] [ 9296  2899 10748  7776  7012 13887  2879  2810  5396 10007 13167 13200
  8330 10433 11116 12189 10855  3032  5821  7711  9562] [] 1716192871.6884071827
[ 1  1  1  1 -1  1  1  1  1 -1  1  1  1  1  1 -1  1  1  1  1  1  1] [ 2  3  4 10 11 15 18 19 20 21 23 26 27 28 32 34 35 36 42 44 45 47] [ 9199  2840 10351  7774  7060 13267  2803  2784  5317 10066 13141 13190
  8243 10406 10763 13586 11601 10468  2893  5293  6131  9543] [] 1716192871.7316274643
[ 1  1  1  1  1 -1  1  1  1  1  1 -1  1  1 -1  1  1  1  1  1  1  1 -1] [ 2  3  4 10 11 12 15 18 19 20 21 23 26 27 28 32 34 35 36 42 44 45 47] [ 9190  2768  9919  7376  7020 15019 12997  2775  2739  5201  9902 13156
 12995  8103 10414 10351 12119  9908  8890  2710  5106  5567  9709] [] 1716192871.7746255398
[-1  1  1  1  1  1  1  1  1  1  1 -1  1  1  1  1  1 -1  1  1  1  1  1 -1] [ 2  3  4 10 11 12 15 18 19 20 21 23 26 27 28 32 34 35 36 42 44 45 47 53] [ 9212  2717  9639  7018  6927 12626 12689  2653  2612  4752  9832 13167
 10996  7994 10371  9880 11647 10203  7364  2704  4915  5519  9610 14783] [] 1716192871.8175330162
[-1  1 -1  1  1  1  1  1  1  1  1  1  1  1 -1  1  1  1  1 -1  1 -1 -1 -1
 -1  1 -1] [ 2  3  4 10 11 12 15 18 19 20 21 23 26 27 28 32 34 35 36 37 42 44 45 47
 52 53 54] [ 9246  2657  9647  6876  6298 11967 12676  2579  2592  4600  9822 13155
 10003  7064 10510  9516 11624  9082  6443 16360  2634  5039  5793  9739
 14919 11283 10672] [] 1716192871.8604092598
[ 1  1  1  1  1  1 -1  1  1  1 -1  1  1  1  1  1 -1  1  1  1  1  1 -1  1
  1  1  1] [ 2  3  4 10 11 12 15 18 19 20 21 23 26 27 28 32 34 35 36 37 42 44 45 47
 52 53 54] [ 8092  2575  9581  6492  5809 11540 13099  2439  2556  4456  9998 13126
  9841  7010 10504  8644 11692  8877  5896 13140  2588  4815  5854  9693
 13535 11277  9364] [] 1716192871.9036307335
[ 1  1  1  1  1  1 -1  1 -1  1 -1 -1  1  1  1 -1  1  1  1  1 -1  1  1  1
 -1 -1  1  1 -1] [ 2  3  4 10 11 12 15 18 19 20 21 23 26 27 28 29 32 34 35 36 37 42 44 45
 47 48 52 53 54] [ 8004  2492  9513  5569  5760 11182 13191  2393  2559  4384 10018 13232
  9583  6987 10383 12849  8535  8899  8810  5695 13144  2424  4578  5539
  9788 11339 13119  9152  9369] [] 1716192871.9466710091
[ 1  1  1  1  1  1  1  1  1  1 -1 -1 -1  1 -1  1  1  1  1  1  1  1 -1 -1
  1  1  1 -1  1  1 -1] [ 2  3  4 10 11 12 15 18 19 20 21 23 24 26 27 28 29 32 34 35 36 37 42 44
 45 47 48 51 52 53 54] [ 7954  2414  9491  5104  5295 10424 13063  2339  2466  4097 10040 13330
 11908  8638  7014 10214 11889  7889  8678  8049  5442 12980  2456  4580
  5333  9563  7465  9085 12405  8630  9469] [] 1716192871.9896450043
[-1  1  1  1  1  1  1 -1  1  1  1  1  1  1  1  1 -1  1  1  1  1  1  1 -1
  1  1  1  1  1  1 -1  1 -1] [ 1  2  3  4 10 11 12 15 18 19 20 21 23 24 26 27 28 29 32 34 35 36 37 42
 44 45 47 48 51 52 53 54 61] [16381  7845  2379  9442  4882  5192  8497 13155  2261  2443  3709  9893
 13204 11751  8306  6926 10239  9408  6639  7849  7729  5319 12651  2458
  4479  5318  8570  6453  7554 11871  8754  9413  8487] [] 1716192872.0326886177
[ 1  1  1  1  1  1  1  1  1  1 -1  1  1  1  1 -1  1  1  1  1  1  1  1  1
  1  1  1  1  1  1  1  1] [ 2  3  4 10 11 12 15 18 19 20 21 23 24 26 27 28 29 32 34 35 36 37 42 44
 45 47 48 51 52 53 54 61] [ 7772  2343  9398  4832  5098  7318 13047  2239  2407  3654  9909 13160
 11590  8293  6846 10299  6465  6580  7503  7718  5218 12396  2320  4239
  4994  6970  5688  6658 11253  8303  7877  7335] [] 1716192872.0756978989
[-1 -1  1 -1  1  1  1 -1  1  1  1  1  1 -1  1  1 -1  1  1  1  1  1  1  1
  1  1 -1  1  1  1  1  1  1  1] [ 1  2  3  4 10 11 12 15 18 19 20 21 23 24 26 27 28 29 32 34 35 36 37 42
 44 45 46 47 48 51 52 53 54 61] [16294  7778  2278  9417  4752  5006  6185 13067  2213  2371  3593  9835
 13132 11664  7175  6771 10323  5619  6094  7393  7583  5055 12292  2228
  4103  4489 12640  6076  4981  6217 10604  8010  7656  6998] [] 1716192872.1186807156
[ 1  1 -1 -1  1  1  1 -1  1  1  1 -1 -1  1  1  1 -1  1  1  1  1  1 -1 -1
  1  1  1 -1  1  1  1  1  1 -1  1] [ 2  3  4  7 10 11 12 15 18 19 20 21 23 24 26 27 28 29 32 34 35 36 37 41
 42 44 45 46 47 48 51 52 53 54 61] [ 7488  2222  9598 14027  4633  4968  5717 13627  2213  2238  3249  9955
 13161 11620  5793  6721 10442  5444  5805  6410  7384  4839 12532 14729
  2198  3850  4079 12663  5185  4263  5516 10051  7628  8859  6770] [] 1716192872.1616880894
[ 1  1 -1  1  1 -1  1 -1  1  1  1 -1  1 -1  1  1  1  1 -1  1  1  1  1  1
  1  1  1  1  1  1  1  1  1  1  1] [ 2  3  4  7 10 11 12 15 18 19 20 21 23 24 26 27 28 29 32 34 35 36 37 41
 42 44 45 46 47 48 51 52 53 54 61] [ 6705  2191  9689 12932  4418  4997  5179 13959  2175  2180  3149 10004
 13140 11851  5343  6703 10392  5267  5810  5488  6597  4393 12232 13537
  2126  3725  3839 12297  5140  3978  5337  8547  7370  8699  6556] [] 1716192872.2045617104
[ 1  1 -1  1  1  1  1  1  1  1  1  1 -1  1  1  1  1  1  1  1  1  1 -1  1
  1 -1  1  1  1  1  1  1  1  1  1] [ 2  3  4  7 10 11 12 15 18 19 20 21 23 24 26 27 28 29 32 34 35 36 37 41
 42 44 45 46 47 48 51 52 53 54 61] [ 6694  2147  9819 12868  4168  4901  4895 13935  2105  2150  3128  9894
 13222 11608  5108  6615 10365  5203  5442  4549  6594  4302 12368 13479
  2092  3739  3755 12237  4967  3883  5313  8506  7272  8672  6523] [] 1716192872.2477035522
[-1  1 -1  1  1  1  1  1  1  1  1  1  1 -1  1  1 -1 -1  1  1 -1  1 -1 -1
  1  1  1  1  1  1  1  1  1  1  1] [ 2  3  4  7 10 11 12 15 18 19 20 21 23 24 26 27 28 29 32 34 35 36 37 41
 42 44 45 46 47 48 51 52 53 54 61] [ 6729  2143  9823 12814  4128  4877  4773 13919  2075  2130  3095  9865
 13106 11738  5039  6613 10371  5217  5434  4472  6668  4270 12437 13590
  2069  3666  3682 12170  4874  3858  5291  8427  7191  8632  6488] [] 1716192872.2906284332
[ 1 -1 -1 -1  1  1  1  1 -1  1  1  1 -1  1  1  1  1  1  1  1  1  1 -1 -1
  1  1  1 -1  1  1 -1  1 -1  1  1] [ 2  3  4  7 10 11 12 15 18 19 20 21 23 24 26 27 28 29 32 34 35 36 37 41
 42 44 45 46 47 48 51 52 53 54 61] [ 6651  2159  9878 12822  4106  4869  4695 13597  2081  2112  3074  9804
 13256 11686  5003  6573 10355  5163  5344  4376  6588  4251 12564 14044
  2056  3649  3663 12179  4708  3849  5310  8300  7205  8605  6486] [] 1716192872.3337252140
[-1  1  1  1 -1  1  1  1 -1  1  1 -1  1  1  1 -1  1 -1  1  1  1  1 -1  1
 -1 -1 -1  1 -1 -1  1 -1 -1  1 -1] [ 2  3  4  7 10 11 12 15 18 19 20 21 23 24 26 27 28 29 32 34 35 36 37 41
 42 44 45 46 47 48 51 52 53 54 61] [ 6673  2135  9823 12768  4137  4862  4669 13419  2099  2071  3045  9845
 13076 11620  4962  6582 10331  5183  5232  4250  6553  4222 12648 13933
  2101  3682  3727 11965  4888  3983  5294  9155  7236  8602  6597] [] 1716192872.3765673637
[ 1 -1 -1 -1  1 -1 -1  1  1 -1  1  1 -1  1 -1 -1  1  1 -1 -1 -1 -1  1 -1
 -1 -1 -1 -1 -1 -1 -1 -1 -1  1 -1] [ 2  3  4  7 10 11 12 15 18 19 20 21 23 24 26 27 28 29 32 34 35 36 37 41
 42 44 45 46 47 48 51 52 53 54 61] [ 6659  2155  9859 12901  4102  4863  4698 13349  2073  2082  3045  9728
 13130 11531  5055  6635 10292  5148  5260  4772  6614  4235 12472 14013
  2136  3739  3901 12142  5111  4335  5348  9298  7398  8479  6707] [] 1716192872.4196248055
[-1 -1  1  1 -1 -1 -1 -1 -1 -1 -1  1  1 -1 -1  1  1 -1 -1 -1 -1 -1  1 -1
 -1 -1 -1 -1 -1 -1 -1 -1  1 -1] [ 2  3  4  7 10 11 12 15 18 19 20 21 23 24 26 27 28 29 32 34 35 36 37 42
 44 45 46 47 48 51 52 53 54 61] [ 6669  2163  9736 12821  4116  4875  5079 13519  2084  2088  3099  9712
 13099 11559  5265  6595 10246  5262  5329  5554  6647  4536 12224  2148
  3890  4307 12980  6563  5229  6048  9860  7732  7695  7022] [] 1716192872.4626731873
[-1 -1  1  1 -1 -1 -1 -1 -1 -1 -1 -1  1  1 -1 -1  1 -1 -1 -1 -1 -1 -1 -1
 -1 -1 -1 -1 -1 -1 -1 -1 -1] [ 2  3  4  7 10 11 12 15 18 19 20 21 23 24 26 27 28 29 32 34 35 36 37 42
 44 45 47 48 51 52 53 54 61] [ 7143  2179  9685 12804  4320  4901  5515 13575  2109  2132  3108  9788
 13056 11529  5671  6629 10224  5290  5490  6295  7252  4607 12230  2210
  4018  4748  8677  5885  7082 10619  7894  7790  7380] [] 1716192872.5056459904
[ 1 -1  1 -1 -1 -1 -1  1 -1 -1 -1  1  1 -1 -1 -1  1 -1 -1 -1 -1 -1  1 -1
  1 -1 -1 -1 -1 -1  1  1] [ 2  3  4  7 10 11 12 15 18 19 20 21 23 24 26 27 28 29 32 34 35 36 37 42
 44 45 47 48 51 52 53 54] [ 7062  2187  9631 12865  4464  4935  6175 13543  2121  2144  3469  9740
 13052 11595  6888  6719 10034  5742  5512  7066  7337  4780 12166  2240
  3990  4895  9335  7803 12615 10925  7696  7745] [] 1716192872.5487234592
[-1 -1  1 -1  1 -1  1 -1 -1  1  1 -1  1 -1  1  1 -1 -1 -1 -1 -1 -1 -1 -1
 -1 -1 -1 -1 -1 -1] [ 2  3  4 10 11 12 15 18 19 20 21 23 24 26 27 28 29 32 34 35 36 37 42 44
 45 47 48 52 53 54] [ 7103  2217  9412  4554  4914  6947 13421  2153  2197  3455  9699 13057
 11488  7935  6665  9997  7383  5741  7214  7428  4879 12297  2280  4183
  5227  9710 16031 11983  7751  9292] [] 1716192872.5917170048
[-1 -1  1 -1 -1 -1 -1 -1 -1 -1  1  1  1 -1 -1  1 -1 -1 -1 -1 -1  1 -1 -1
 -1  1 -1 -1 -1] [ 2  3  4 10 11 12 15 18 19 20 21 23 24 26 27 28 29 32 34 35 36 37 42 44
 45 47 52 53 54] [ 7122  2271  9383  4728  5045  8990 13475  2183  2247  3494  9629 13036
 11290  7995  6693  9972 10720  6300  8682  7491  5084 12228  2386  4393
  5334  9636 12231 10827 11792] [] 1716192872.6346714497
[-1 -1  1 -1 -1 -1  1 -1 -1 -1  1  1  1 -1 -1 -1  1  1 -1 -1 -1 -1 -1 -1
  1 -1 -1] [ 2  3  4 10 11 12 15 18 19 20 21 23 26 27 28 29 32 34 35 36 37 42 44 45
 47 52 53] [ 7181  2303  9366  4854  5171  9946 13287  2223  2322  3546  9586 12946
  7923  6719 10009 10909  6006  8657  7982  5224 12528  2560  4451  5465
  9440 15757 11077] [] 1716192872.6777546406
[-1 -1 -1 -1 -1 -1  1 -1 -1 -1  1  1 -1  1  1 -1 -1 -1 -1 -1 -1 -1  1  1] [ 2  3  4 10 11 12 15 18 19 20 21 23 26 27 28 32 34 35 36 37 42 44 45 47] [ 8561  2382  9407  5516  5351 10495 13183  2293  2366  3663  9534 12904
  8039  6683  9935  6799 11293  8131  5450 13055  2580  4496  5223  9343] [] 1716192872.7204365730
[-1 -1  1 -1 -1 -1  1 -1 -1 -1  1  1 -1 -1 -1 -1  1  1 -1 -1 -1 -1 -1] [ 2  3  4 10 11 12 15 18 19 20 21 23 26 27 28 32 34 35 36 42 44 45 47] [ 8804  2546  9174  6183  5736 11284 12586  2339  2412  3943  9402 12762
  8065  6712 10020  7589 11247  8081  5796  2758  4663  5383  9414] [] 1716192872.7636585236
[-1 -1 -1 -1 -1 -1 -1 -1 -1 -1 -1 -1 -1 -1 -1 -1 -1 -1 -1 -1 -1 -1 -1] [ 2  3  4 10 11 12 15 18 19 20 21 23 26 27 28 32 34 35 36 42 44 45 47] [ 8928  2619  9183  6230  5871 12018 12618  2415  2460  4049  9483 12853
  8266  6803 10111  8136 11520  8200  6374  2894  4758  6003  9480] [] 1716192872.8066253662
[-1 -1 -1 -1 -1 -1 -1 -1 -1 -1  1  1 -1  1  1 -1 -1 -1 -1 -1 -1 -1 -1] [ 2  3  4 10 11 12 15 18 19 20 21 23 26 27 28 32 34 35 36 42 44 45 47] [ 9002  2627  9185  6400  6867 12500 12717  2487  2525  4116  9409 12812
  8573  6744 10045  8619 11980  8335  6955  2948  5370 10090  9796] [] 1716192872.8496916294
[-1 -1 -1 -1  1  1 -1 -1 -1 -1 -1 -1 -1 -1 -1 -1 -1 -1 -1 -1  1] [ 2  3  4 10 11 15 18 19 20 21 23 26 27 28 32 35 36 42 44 45 47] [ 9054  2730  9662  6717  6814 12703  2565  2560  4366  9507 12867 10345
  7604 10300 10111  9592  9363  3016  6518 11877  9673] [] 1716192872.8924715519
[-1  1 -1 -1 -1  1 -1 -1  1  1 -1 -1 -1 -1 -1 -1 -1  1] [ 2  3 10 11 15 18 19 20 21 23 26 27 28 35 36 42 44 45] [ 9127  2667  6961  6820 12752  2559  2622  4399  9495 12750 13704  7639
 10541 10075 11172  3050  6946 11698] [] 1716192872.9356195927
[-1 -1 -1  1  1 -1  1 -1 -1 -1 -1 -1 -1 -1 -1 -1] [ 2  3 10 11 15 18 19 20 21 23 27 28 35 36 42 44] [ 9196  2758  7503  6818 12688  2585  2583  4506  9532 12869  7678 10729
 10626 11935  3251  8016] [] 1716192872.9785978794
[-1 -1 -1 -1 -1 -1 -1 -1 -1 -1 -1 -1 -1 -1 -1 -1] [ 2  3 10 11 15 18 19 20 21 23 27 28 35 36 42 44] [ 9499  2856  7779  6825 12719  2693  2641  4629  9550 12885  7703 10757
 14255 12374  3788  8172] [] 1716192873.0215559006
[-1 -1 -1  1 -1 -1 -1 -1 -1  1 -1  1 -1 -1 -1 -1] [ 2  3 10 11 15 18 19 20 21 23 27 28 35 36 42 44] [14951  2875  8072  6805 13000  2761  2712  5385  9665 12853  7713 10726
 15217 13768  4857 11901] [] 1716192873.0644383430
[ 1 -1 -1 -1 -1 -1 -1 -1 -1 -1 -1 -1 -1 -1] [ 2  3 10 11 15 18 19 20 21 23 27 28 42 44] [14839  3059  9341  6851 13465  2955  2823  6896  9823 12953  7775 10893
  5432 12023] [] 1716192873.1075003147
[ 1 -1 -1 -1 -1 -1 -1 -1 -1 -1 -1 -1 -1 -1] [ 2  3 10 11 15 18 19 20 21 23 27 28 42 44] [14619  3135 10133  7454 13911  3111  2943  7658  9894 12981  7899 11142
  8091 12851] [] 1716192873.1505835056
[-1 -1 -1 -1 -1 -1 -1 -1 -1 -1 -1 -1 -1] [ 2  3 10 11 18 19 20 21 23 27 28 42 44] [14847  3313 12904  7605  3325  3021  7844 10111 13109  8035 12091  8978
 13133] [] 1716192873.1935381889
[-1 -1 -1 -1 -1 -1 -1 -1  1  1] [ 2  3 10 11 18 19 20 21 23 27] [14887  3481 13036  7641  3538  3105  7891 10250 13087  7794] [] 1716192873.2364101410
[ 1 -1  1 -1 -1 -1 -1 -1  1  1] [ 2  3 10 11 18 19 20 21 23 27] [14560  3641 13010  7723  3861  3170  8165 10330 12889  7727] [] 1716192873.2795596123
[-1 -1  1 -1 -1 -1  1 -1  1 -1] [ 2  3 10 11 18 19 20 21 23 27] [14738  3843 13006  8087  4145  3326  8151 10623 12737  7909] [] 1716192873.3224871159
[ 1 -1  1 -1 -1 -1 -1 -1 -1 -1] [ 2  3 10 11 18 19 20 21 23 27] [14536  4008 13001  8089  4475  3487  8180 10875 12953  8259] [] 1716192873.3655316830
[-1 -1 -1 -1 -1 -1 -1 -1 -1 -1] [ 2  3 10 11 18 19 20 21 23 27] [14621  4158 13060  8736  4891  3582  8193 11143 13721  8499] [] 1716192873.4083735943
[ 1 -1 -1  1 -1 -1 -1  1] [ 2  3 10 11 18 19 20 27] [14442  4351 13109  8655  5106  3652  8496  8372] [] 1716192873.4515538216
[ 1 -1 -1 -1 -1 -1 -1 -1] [ 2  3 10 11 18 19 20 27] [13882  5179 13266  8694  5817  3770 10183 10375] [] 1716192873.4945750237
[ 1 -1 -1 -1 -1 -1 -1 -1] [ 2  3 10 11 18 19 20 27] [13789  5241 13411  8818  6326  3844 10342 10477] [] 1716192873.5374238491
[-1  1  1 -1 -1 -1 -1] [ 2  3 11 18 19 20 27] [14271  5233  8752  6353  3925 10542 10639] [] 1716192873.5803425312
[-1 -1 -1 -1 -1 -1 -1] [ 2  3 11 18 19 20 27] [14567  5383  8758  6514  4095 10771 14795] [] 1716192873.6234169006
[-1 -1 -1 -1 -1 -1] [ 2  3 11 18 19 20] [14832  5615  8790  7002  4122 10956] [] 1716192873.6665227413
[-1 -1 -1 -1 -1] [ 3 11 18 19 20] [ 5762  8935  7160  4291 11425] [] 1716192873.7095441818
[-1 -1 -1 -1 -1] [ 3 11 18 19 20] [ 7619  8939  7925  4388 12495] [] 1716192873.7523708344
[-1 -1 -1 -1] [ 3 11 18 19] [7963 9131 8164 4657] [] 1716192873.7954976559
[ 1 -1 -1] [11 18 19] [9005 8213 4867] [] 1716192873.8384170532
[-1 -1 -1] [11 18 19] [ 9203 10746  5192] [] 1716192873.8815603256
[-1 -1 -1] [11 18 19] [ 9401 11319  6038] [] 1716192873.9243419170
[ 1 -1] [11 19] [9241 6105] [] 1716192873.9675223827
[-1 -1] [11 19] [9589 9794] [] 1716192874.0104889870
[-1 -1] [11 19] [ 9977 10206] [] 1716192874.0535180569
[-1 -1] [11 19] [12261 10718] [] 1716192874.0963742733
[-1] [11] [14318] [] 1716192874.2683866024
[-1] [11] [14382] [] 1716192874.3113987446
2 2 2 1716192874.4836509228
