FA TAX ADC PRES TS
[-1 -1] [11 44] [11259 14591] [] 1716193814.8343303204
[ 1 -1  1] [11 42 44] [ 9484 12567 13502] [] 1716193814.8771572113
[1 1 1] [11 42 44] [ 9241 11747 12713] [] 1716193814.9202959538
[1 1 1] [11 42 44] [ 9033 11460 12379] [] 1716193814.9631743431
[1 1 1] [11 42 44] [ 8934 10798 12214] [] 1716193815.0062832832
[ 1  1 -1] [11 42 44] [ 8914 10574 12454] [] 1716193815.0492265224
[-1 -1 -1  1 -1 -1] [11 19 28 42 44 51] [ 9233 11741 11698  8613 12475 12501] [] 1716193815.0922894478
[ 1 -1  1 -1  1  1] [11 19 28 42 44 51] [ 9171 13065 11422  8725 12424 11523] [] 1716193815.1353261471
[ 1 -1  1 -1 -1  1] [11 19 28 42 44 51] [ 9084 13679 11254  8988 12454 11179] [] 1716193815.1780791283
[1 1 1 1 1 1] [11 19 28 42 44 51] [ 9084 10701 11051  8415 12391 10725] [] 1716193815.2209508419
[1 1 1 1 1 1] [11 19 28 42 44 51] [ 9055  8000 10851  8373 12255 10523] [] 1716193815.2639760971
[ 1  1 -1 -1  1 -1  1] [11 19 28 29 42 44 51] [ 9053  6745 10935 11602  8225 12297 10469] [] 1716193815.3069295883
[ 1  1  1  1 -1  1 -1 -1] [11 19 28 29 42 44 50 51] [ 9016  5899 10895 10997  8912 10158 10415 10662] [] 1716193815.3499453068
[-1  1 -1  1 -1  1 -1 -1  1] [11 19 28 29 42 44 47 50 51] [ 9022  5185 11119 10580  9006  8893 13671 10471 10564] [] 1716193815.3929548264
[ 1  1  1  1  1  1 -1  1 -1] [11 19 28 29 42 44 47 50 51] [ 9001  4877 10927 10361  8249  6955 13978 10145 10637] [] 1716193815.4360272884
[ 1  1  1  1 -1  1  1  1  1] [11 19 28 29 42 44 47 50 51] [ 8949  4698 10774 10309  9025  6623 10788 10133 10250] [] 1716193815.4790313244
[ 1  1 -1 -1 -1 -1  1  1  1  1  1] [11 19 20 28 29 34 42 44 47 50 51] [ 8916  4641 11237 10995 10354 11862  8903  5894  7697 10106  8411] [] 1716193815.5219969749
[1 1 1 1 1 1 1 1 1 1 1] [11 19 20 28 29 34 42 44 47 50 51] [ 8744  4478 10242 10922  8669 11455  8287  5150  6866  9976  8247] [] 1716193815.5649898052
[1 1 1 1 1 1 1 1 1 1 1] [11 19 20 28 29 34 42 44 47 50 51] [ 8207  4314  9605 10701  8632 11394  7825  4621  6229  9834  7802] [] 1716193815.6080408096
[ 1  1  1  1  1  1  1  1 -1  1 -1  1] [11 19 20 28 29 34 42 44 46 47 50 51] [ 7962  4156  9422 10454  8515 11384  6980  4470 12709  5750  9904  7684] [] 1716193815.6510140896
[-1 -1 -1  1 -1 -1  1 -1  1  1  1  1  1  1  1] [ 2 11 19 20 21 26 28 29 34 42 44 46 47 50 51] [14294  8038  4209  9035 12481 12575 10359  8529 11293  6700  4141  9307
  5209  8773  7618] [] 1716193815.6939597130
[ 1 -1 -1  1  1  1 -1  1  1 -1  1  1 -1  1  1  1  1 -1] [ 2  3 11 19 20 21 23 26 28 29 34 42 44 46 47 50 51 61] [14291 11167  8580  4083  8696 10885 16313 11331  8330  8572 11192  6640
  4154  9230  5076  8773  7494  8646] [] 1716193815.7370071411
[1 1 1 1 1 1 1 1 1 1 1 1 1 1 1 1 1] [ 2  3 11 19 20 21 26 28 29 34 42 44 46 47 50 51 61] [14194  6760  8567  3997  8083 10649 11228  8242  7638  8882  5603  3939
  7411  4618  8618  6859  7366] [] 1716193815.7800567150
[ 1  1  1  1  1  1 -1  1  1  1  1  1  1  1  1  1  1  1] [ 2  3 11 19 20 21 23 26 28 29 34 42 44 46 47 50 51 61] [14122  6117  8196  3850  7328 10370 14989  9691  8030  7302  8797  5058
  3608  7031  4178  8443  6574  6950] [] 1716193815.8230459690
[ 1  1  1  1  1  1 -1  1 -1  1  1  1  1  1  1  1  1  1] [ 2  3 11 19 20 21 23 26 28 29 34 42 44 46 47 50 51 61] [14021  5637  7852  3709  7273 10153 15182  9119  8281  7251  8007  5044
  3494  6814  4088  8361  6379  6938] [] 1716193815.8660340309
[ 1  1  1 -1  1  1  1  1 -1  1  1  1 -1 -1  1  1 -1  1 -1 -1 -1] [ 2  3 11 12 19 20 21 26 28 29 34 42 43 44 46 47 50 51 52 53 61] [13935  5586  6677 15662  3663  7076 10074  8966  8355  7080  7807  4755
 15871  3609  6811  4052  8534  5950 13165 14193  7090] [] 1716193815.9090468884
[-1  1  1 -1  1  1 -1 -1  1 -1  1  1  1 -1  1 -1 -1 -1  1  1  1  1  1 -1] [ 2  3 11 12 19 20 21 23 26 27 28 29 34 38 42 44 45 46 47 50 51 52 53 61] [14107  5525  5903 15678  3586  6810 10143 14951  8927 15551  8194  6635
  7307 14299  4373  3692 13300  6990  4040  8107  5613 12201 13087  7098] [] 1716193815.9520227909
[ 1  1  1 -1  1  1  1 -1  1 -1  1  1  1  1  1 -1  1  1  1  1  1  1  1  1
  1] [ 2  3 11 12 19 20 21 23 26 27 28 29 34 38 42 43 44 45 46 47 50 51 52 53
 61] [14079  5390  5457 15731  3519  6437 10137 15183  8700 15661  8007  5831
  7163 13896  4106 14487  3592 12384  6458  3957  7901  5503 11346 12787
  7087] [] 1716193815.9952151775
[ 1 -1  1  1  1  1 -1  1 -1  1  1  1  1 -1  1 -1  1  1  1  1  1  1  1  1
  1] [ 2  3 11 12 19 20 21 26 27 28 29 34 38 41 42 43 44 45 46 47 50 51 52 53
 61] [13867  5414  5233 15679  3449  6156 10306  8643 15812  7967  5439  6997
 13767 14438  3838 14571  3488 12190  5876  3858  7871  5333  9851 12611
  6886] [] 1716193816.0381159782
[ 1  1  1  1 -1  1  1 -1  1  1  1  1 -1 -1  1  1  1  1 -1  1  1  1  1 -1
  1  1] [ 2  3 11 12 15 19 20 21 26 27 28 29 34 38 41 42 43 44 45 46 47 50 51 52
 53 61] [13531  5365  5180 15294 14480  3410  5966 10345  8537 15512  7833  5413
  7002 13790 13073  3586 12943  3408 12224  5756  3756  7816  4915  9871
 11403  6750] [] 1716193816.0810532570
[ 1  1  1  1  1  1  1  1 -1  1  1 -1  1  1 -1  1  1  1  1  1 -1  1 -1  1
  1  1 -1 -1] [ 2  3 11 12 15 19 20 21 23 26 27 28 29 34 38 41 42 43 44 45 46 47 50 51
 52 53 54 61] [11653  5330  4817 15071 13882  3296  5821 10245 15871  8470 15481  7951
  5364  6713 13947 12971  3379 12403  3328 11908  5775  3695  8035  4594
  9389 10584 14864  6795] [] 1716193816.1240870953
[-1  1  1  1  1  1  1  1 -1  1  1 -1  1  1 -1 -1  1  1  1 -1  1 -1 -1  1
 -1 -1 -1  1 -1 -1] [ 2  3 11 12 15 19 20 21 23 26 27 28 29 34 35 38 41 42 43 44 45 46 47 50
 51 52 53 54 55 61] [13119  5319  4361 13634 13028  3212  5684 10045 16207  8379 15126  7984
  5343  5828 13256 13997 12813  3238 12395  3352 11826  5958  3732  7413
  4657  9673 10700 14560 12347  6848] [] 1716193816.1670856476
[-1  1 -1  1 -1 -1  1  1 -1 -1  1  1  1 -1 -1  1  1 -1  1  1 -1  1  1  1
  1  1  1  1 -1] [ 2  3 11 12 15 19 20 21 26 27 28 29 34 35 38 41 42 43 44 45 46 47 50 51
 52 53 54 55 61] [13743  5303  4379 12287 14695  3241  5677 10044  8432 15383  7899  5325
  5425 13975 14201 12631  3135 12421  3072 11576  6015  3649  6792  4119
  8587 10475 14080  7911  6895] [] 1716193816.2100906372
[ 1 -1 -1  1  1 -1  1  1 -1 -1  1 -1  1  1  1  1  1  1  1  1  1 -1 -1  1
  1  1  1  1  1  1  1] [ 2  3 10 11 12 15 19 20 21 23 26 27 28 29 34 35 38 41 42 43 44 45 46 47
 50 51 52 53 54 55 61] [12863  5361 14911  4230 12003 14782  3112  5243 10102 15863  8335 15703
  7782  5300  4913 13879 12448 12529  3039 12287  2976 11618  6025  3554
  6696  4084  8324 10310 13248  6112  6783] [] 1716193816.2529616356
[ 1  1  1  1  1  1  1  1 -1  1  1 -1  1  1  1  1  1  1  1 -1  1  1 -1  1
 -1  1  1  1  1  1  1] [ 2  3 10 11 12 15 19 20 21 23 26 27 28 29 34 35 38 41 42 43 44 45 46 47
 50 51 52 53 54 55 61] [10718  5251 12839  4184 10559 14605  3050  5165 10134 15847  8101 15855
  7711  5167  4555 13783 11166 12399  2908 12351  2938  9686  6123  3506
  6898  3802  7176 10274 12634  5682  6692] [] 1716193816.2960991859
[ 1 -1  1  1  1  1  1  1  1 -1  1  1  1  1 -1  1  1  1  1  1  1  1  1  1
 -1 -1  1  1  1  1  1  1] [ 2  3 10 11 12 15 19 20 21 23 26 27 28 29 32 34 35 38 41 42 43 44 45 46
 47 50 51 52 53 54 55 61] [10269  5272 12171  4159 10485 14525  3028  4881 10047 15979  8069 15699
  7507  5089 14190  4311 13365  8654 12149  2786  9450  2914  8879  5963
  3523  6940  3613  6670  8515 12464  5284  6670] [] 1716193816.3390820026
[ 1  1  1  1  1 -1  1  1  1  1 -1  1  1  1  1  1  1  1  1  1  1  1  1  1
  1  1  1  1  1  1  1  1  1] [ 2  3 10 11 12 15 19 20 21 23 24 26 27 28 29 32 34 35 38 41 42 43 44 45
 46 47 50 51 52 53 54 55 61] [ 9229  5247 12153  3807 10223 14807  3007  4533 10023 15799 12998  7991
 15699  7383  5039 13686  3958 13263  8182 12071  2607  9346  2808  8580
  5455  3380  5816  3486  6408  7307 12344  4824  6569] [] 1716193816.3820409775
[-1  1 -1  1  1  1 -1  1  1 -1  1  1  1  1 -1  1  1  1  1  1 -1  1  1  1
  1  1  1  1  1  1  1  1  1  1] [ 2  3  7 10 11 12 15 19 20 21 23 24 26 27 28 29 32 34 35 38 41 42 43 44
 45 46 47 50 51 52 53 54 55 61] [ 9486  5218 14079 10013  3675  8694 15453  2987  4298 10154 15167 11911
  6623 11335  7418  4638 13021  3702 12839  7851 12116  2504  9324  2724
  8427  5031  3311  5632  3335  6187  6024 12289  4628  6471] [] 1716193816.4249534607
[-1  1  1  1  1  1  1  1  1 -1  1 -1  1  1 -1  1  1  1  1 -1  1  1  1  1
  1  1  1  1 -1  1  1  1  1  1  1  1] [ 2  3  7 10 11 12 15 19 20 21 23 24 26 27 28 29 32 34 35 37 38 41 42 43
 44 45 46 47 48 50 51 52 53 54 55 61] [ 9757  5210 10794  8491  3495  8374 15207  2952  3975 10208 14605 11928
  6003 11123  7453  4634 12330  3320 12587 16342  7514 12050  2460  9251
  2720  7153  4819  3297 15708  5464  3278  6002  5823 12193  4561  6423] [] 1716193816.4681487083
[-1  1  1  1  1  1  1  1  1 -1  1 -1  1 -1  1  1 -1  1  1  1  1 -1  1  1
  1  1  1  1  1  1  1  1  1  1  1  1] [ 2  3  7 10 11 12 15 19 20 21 23 24 26 27 28 29 32 34 35 37 38 41 42 43
 44 45 46 47 48 50 51 52 53 54 55 61] [ 9903  5130 10601  8050  3375  7595 14859  2908  3935 10316 14439 12230
  5314 11146  7429  4583 12712  3206 12543 13416  7390 12068  2414  9215
  2692  7029  4740  3277 15584  5332  3243  5824  5756 12170  4505  6381] [] 1716193816.5111060143
[-1  1 -1  1 -1  1 -1  1  1  1  1  1  1  1 -1  1 -1  1 -1  1 -1  1  1  1
  1  1  1 -1  1 -1  1 -1  1  1 -1  1] [ 2  3  7 10 11 12 15 19 20 21 23 24 26 27 28 29 32 34 35 37 38 41 42 43
 44 45 46 47 48 50 51 52 53 54 55 61] [10175  4809 10630  7880  3379  7363 14903  2888  3867 10294 14143 12128
  5097 11109  7546  4565 12809  3185 12559 13402  7440 11949  2396  9195
  2681  7001  4631  3298 15325  5426  3240  5832  5697 12098  4524  6355] [] 1716193816.5540909767
[-1  1  1  1  1  1 -1  1  1  1  1 -1  1 -1  1  1  1  1  1  1  1  1 -1 -1
 -1 -1  1  1  1 -1  1  1  1  1  1  1] [ 2  3  7 10 11 12 15 19 20 21 23 24 26 27 28 29 32 34 35 37 38 41 42 43
 44 45 46 47 48 50 51 52 53 54 55 61] [10506  4735 10579  7636  3297  7302 14950  2863  3856 10276 14143 12204
  5067 11113  7424  4557 12587  3108 12559 13220  7363 11935  2398  9309
  2708  7009  4613  3256 15203  5446  3222  5816  5695 12088  4462  6337] [] 1716193816.5970680714
[-1  1  1  1  1 -1  1  1  1  1  1  1  1  1  1  1 -1  1  1 -1  1  1 -1  1
  1 -1 -1 -1  1 -1 -1 -1 -1 -1 -1] [ 2  3  7 10 11 12 15 19 20 21 23 24 26 27 28 29 32 34 35 37 38 41 42 43
 44 45 46 47 50 51 52 53 54 55 61] [10665  4658 10494  7564  3291  7354 14827  2858  3851 10185 14117 12170
  5043 11061  7422  4557 12667  3100 12501 13247  7346 11890  2512  9183
  2680  7240  4927  3273  5282  3269  5933  5856 12124  4608  6406] [] 1716193816.6401565075
[-1 -1  1 -1 -1 -1  1 -1 -1  1 -1  1 -1  1  1  1  1 -1 -1 -1 -1 -1  1 -1
 -1 -1 -1 -1 -1 -1 -1 -1 -1 -1] [ 2  3  7 10 11 12 15 19 20 21 23 24 26 27 28 29 32 34 35 38 41 42 43 44
 45 46 47 50 51 52 53 54 55 61] [10749  4735 10284  7882  3314  7765 14747  2893  3899  9999 14207 12111
  5991 11035  7387  4487 12633  3170 12511  7446 11991  2594  9166  2738
  8093  5181  3289  5622  3298  6282  6505 12160  4776  6441] [] 1716193816.6830761433
[ 1 -1 -1 -1 -1 -1 -1  1 -1  1 -1  1 -1  1 -1 -1  1 -1 -1 -1  1 -1 -1 -1
 -1 -1 -1 -1 -1 -1 -1 -1 -1 -1] [ 2  3  7 10 11 12 15 19 20 21 23 24 26 27 28 29 32 34 35 38 41 42 43 44
 45 46 47 50 51 52 53 54 55 61] [10735  5063 12197  9443  3470  8034 14751  2872  4090  9925 14215 11745
  7756 10998  7422  4595 12334  3356 12595  7800 11983  2651  9267  2804
  8139  5515  3374  6128  3489  6690  8217 12272  5281  6526] [] 1716193816.7260911465
[ 1 -1 -1 -1 -1 -1 -1 -1 -1  1 -1 -1 -1 -1  1 -1  1 -1 -1 -1  1 -1 -1 -1
  1 -1 -1 -1 -1 -1 -1 -1 -1 -1] [ 2  3  7 10 11 12 15 19 20 21 23 24 26 27 28 29 32 34 35 38 41 42 43 44
 45 46 47 50 51 52 53 54 55 61] [10719  5165 12428 10653  3542  9114 14799  2914  4391  9861 14235 12029
  7815 11439  7343  4917 12283  3478 12637 10124 11805  2731 12350  2816
  8028  5758  3408  6340  3662  7384  8677 12388  5626  6572] [] 1716193816.7690086365
[-1 -1 -1 -1 -1 -1 -1 -1 -1  1  1 -1 -1 -1 -1 -1 -1  1 -1 -1 -1  1 -1 -1
 -1 -1 -1 -1 -1 -1  1 -1 -1] [ 2  3  7 10 11 12 15 19 20 21 23 26 27 28 29 32 34 35 38 41 42 43 44 45
 46 47 50 51 52 53 54 55 61] [10783  5179 12761 11326  3719  9597 14863  2935  4596  9827 14143  7856
 15355  7362  5019 12362  3761 12531 13221 11935  2895 12287  2918  8041
  5969  3583  6883  3935  8538 10235 12356  8097  6623] [] 1716193816.8120999336
[ 1  1 -1 -1 -1 -1 -1 -1 -1  1 -1 -1 -1  1  1 -1 -1 -1  1 -1 -1  1 -1 -1
  1  1 -1 -1 -1  1  1 -1 -1] [ 2  3  7 10 11 12 15 19 20 21 23 26 27 28 29 32 34 35 38 41 42 43 44 45
 46 47 50 51 52 53 54 55 61] [10643  5151 13518 12459  3903 10011 15019  3011  4692  9725 14319  7906
 15517  7289  4986 12881  4494 12659 13205 12075  2979 12281  2976  8215
  5924  3484  6904  4001  8795 10079 12352 16191  6659] [] 1716193816.8550703526
[-1  1  1 -1 -1  1 -1 -1 -1  1 -1  1  1 -1 -1 -1 -1 -1 -1 -1  1 -1 -1  1
  1 -1 -1 -1 -1 -1 -1] [ 2  3 10 11 12 15 19 20 21 23 26 27 28 29 32 34 35 38 41 42 43 44 45 46
 47 50 51 52 53 54 61] [10738  5149 12231  4153 10791 14645  3046  4736  9733 14043  7998 15423
  7219  5087 14406  4730 12703 13952 12123  3139 12207  3016  8412  5869
  3456  7354  4061  9041 10332 12608  6682] [] 1716193816.8980832100
[-1 -1 -1 -1 -1  1 -1 -1  1 -1 -1  1 -1 -1 -1  1  1 -1 -1 -1 -1 -1 -1 -1
 -1 -1 -1 -1 -1 -1] [ 2  3 10 11 12 15 19 20 21 23 26 27 28 29 34 35 38 41 42 43 44 45 46 47
 50 51 52 53 54 61] [10751  5157 13427  4158 11470 13319  3075  4889  9729 14061  8070 15157
  7256  5093  5359 11677 13825 12263  3367 12287  3136  8469  6034  3624
  8244  4620  9841 10831 13968  6813] [] 1716193816.9410800934
[ 1  1 -1 -1  1 -1 -1  1  1 -1 -1 -1 -1 -1  1 -1 -1 -1 -1 -1  1 -1 -1  1
 -1 -1 -1  1] [ 2  3 11 12 15 19 20 21 23 26 27 28 29 34 35 38 41 42 43 44 45 46 47 50
 51 52 53 61] [10443  5155  4222 14627 12837  3112  4989  9696 13911  8261 15339  7361
  5245  6118 11093 13957 13055  3455 14071  3156  8245  6346  3759  7694
  4868  9939 12610  6777] [] 1716193816.9840412140
[-1  1 -1 -1 -1 -1 -1 -1  1  1  1 -1 -1 -1 -1 -1  1 -1 -1 -1 -1 -1 -1 -1
 -1 -1 -1 -1] [ 2  3 11 12 15 19 20 21 23 26 27 28 29 34 35 38 41 42 43 44 45 46 47 50
 51 52 53 61] [11551  5124  4384 14667 13690  3161  5274  9771 13821  8224 15117  7406
  5311  6895 11281 13989 12959  3845 14127  3386 10615  6827  3762  8006
  4942 10201 12837  6826] [] 1716193817.0272290707
[-1 -1 -1  1 -1 -1 -1 -1 -1 -1  1 -1 -1 -1 -1 -1 -1 -1 -1 -1 -1 -1 -1 -1
 -1 -1 -1] [ 2  3 11 12 15 19 20 21 23 26 27 28 29 34 35 41 42 43 44 45 46 47 50 51
 52 53 61] [11598  5202  4495 14586 14308  3242  5684  9871 13831  8472 15037  7540
  5366  6983 11481 13635  4239 14155  3504 12764  6855  3858  8220  5396
 10243 13137  7068] [] 1716193817.0701525211
[-1 -1 -1 -1 -1 -1 -1 -1  1 -1 -1 -1 -1 -1 -1 -1 -1 -1 -1 -1  1 -1  1 -1
 -1] [ 2  3 11 12 15 19 20 21 23 26 27 28 29 34 35 42 43 44 46 47 50 51 52 53
 61] [11823  5222  4906 15989 14592  3354  5884  9936 13693  8574 15075  7713
  5797  6993 11740  4486 14195  3557  6878  3973  8024  5803 10009 14767
  7094] [] 1716193817.1130623817
[ 1 -1 -1  1 -1 -1 -1 -1 -1 -1  1 -1 -1 -1 -1 -1 -1 -1 -1  1 -1  1 -1] [ 2  3 11 12 19 20 21 23 26 27 28 29 34 35 42 43 44 46 47 50 51 52 61] [11718  5299  5225 15847  3438  6386  9982 14095  8630 15314  7585  7103
  7304 12119  4583 14251  3594  6973  4105  7997  6696  9878  7187] [] 1716193817.1560323238
[-1 -1 -1 -1 -1 -1 -1  1 -1 -1 -1 -1 -1 -1 -1 -1 -1 -1 -1  1 -1 -1 -1] [ 2  3 11 12 19 20 21 23 26 27 28 29 34 35 42 43 44 46 47 50 51 52 61] [13907  5341  5461 16073  3493  6519 10191 13999  8791 16240  7641  7165
  8115 12670  5050 14295  3644  8127  4260  7843  7252 12051 11817] [] 1716193817.1990449429
[-1 -1 -1 -1 -1 -1  1 -1 -1  1 -1 -1 -1 -1 -1 -1 -1  1] [ 2  3 11 19 20 21 23 26 28 29 34 42 43 44 46 47 50 51] [14311  5449  6002  3516  6889 10198 13747  8989  7966  7149  8716  5906
 14383  3900  8354  4591  8222  7049] [] 1716193817.2420132160
[ 1 -1 -1 -1 -1 -1  1 -1 -1 -1 -1 -1 -1 -1 -1 -1 -1] [ 2  3 11 19 20 21 23 26 28 29 34 42 44 46 47 50 51] [13523  5988  6545  3557  7036 10376 13335 11133  8079  7287 11473  6115
  3962 10988  5208  8400  7272] [] 1716193817.2849769592
[ 1 -1 -1 -1 -1 -1  1 -1 -1 -1 -1 -1 -1 -1 -1 -1  1] [ 2  3 11 19 20 21 23 26 28 29 34 42 44 46 47 50 51] [13215  9171  7550  3632  7140 10570 13253 11772  8753  7339 11608  6382
  4166 11373  5878  9916  7262] [] 1716193817.3280146122
[ 1 -1 -1 -1 -1 -1 -1 -1 -1 -1  1 -1 -1 -1 -1 -1] [ 2  3 11 19 20 21 23 26 28 29 34 42 44 47 50 51] [13103 14427  7805  3744  7447 10683 13475 12362 10075  8698 11471  6589
  4690  6656 10079  7683] [] 1716193817.3709983826
[ 1  1 -1 -1 -1  1 -1 -1  1 -1 -1 -1 -1 -1] [ 2 11 19 20 21 23 28 29 34 42 44 47 50 51] [13086  7602  3776  8451 11113 13379 10218  8759 11371  6913  5774  8560
 10140  7957] [] 1716193817.4139654636
[-1 -1 -1 -1 -1 -1 -1 -1 -1 -1 -1 -1] [11 19 20 23 28 29 34 42 44 47 50 51] [ 7635  4085  9147 13759 10229  8811 11909  7241  6080 14073 10370  8447] [] 1716193817.4569706917
[-1 -1 -1 -1 -1 -1 -1  1 -1 -1 -1] [11 19 20 23 28 29 34 42 44 50 51] [ 7769  4116  9407 13836 10318  8951 12335  7001  6926 10497  8489] [] 1716193817.4999616146
[ 1  1 -1 -1 -1 -1 -1 -1 -1] [11 19 20 23 28 29 42 44 51] [ 7743  4107 12076 15495 10702 10376  7090  9358  8552] [] 1716193817.5429270267
[-1 -1 -1 -1 -1 -1 -1 -1] [11 19 20 28 29 42 44 51] [ 7894  4489 13066 10810 10665  7183 10037 10484] [] 1716193817.5859711170
[-1 -1 -1 -1 -1 -1 -1 -1] [11 19 20 28 29 42 44 51] [ 8092  4705 15305 10846 11164  7241 12309 10857] [] 1716193817.6289434433
[-1 -1 -1  1 -1 -1  1 -1] [ 2 11 19 28 29 42 44 51] [16367  8836  5343 10842 12197  7370 12235 11003] [] 1716193817.6719372272
[ 1 -1 -1 -1 -1 -1] [11 19 28 42 44 51] [ 8802  7632 11043  7959 12943 11423] [] 1716193817.7149407864
[-1 -1 -1 -1  1] [11 19 28 42 44] [ 8919  9253 11701  8196 12764] [] 1716193817.7579231262
[-1 -1  1 -1 -1] [11 19 28 42 44] [ 8984  9515 11700  8943 12967] [] 1716193817.8009276390
[ 1 -1 -1 -1] [11 19 42 44] [ 8969 10697 10743 13028] [] 1716193817.8439474106
[ 1 -1 -1] [11 42 44] [ 8761 12105 13287] [] 1716193817.8869862556
[-1  1  1] [11 42 44] [ 8762 11829 12705] [] 1716193817.9300012589
[-1 -1  1] [11 42 44] [ 8922 11838 12270] [] 1716193817.9731044769
[-1 -1 -1] [11 42 44] [ 9252 12061 12349] [] 1716193818.0162284374
[-1 -1  1  1] [11 28 42 44] [11179 11646 10247  7307] [] 1716193818.0588753223
[ 1 -1 -1 -1] [28 36 42 44] [11422 16153 10261 11838] [] 1716193818.1020634174
[ 1  1 -1] [28 42 44] [11161 10046 12287] [] 1716193818.1450192928
[ 1 -1  1] [28 42 44] [10877 10645 12101] [] 1716193818.1879785061
[-1 -1  1] [20 28 44] [16148 11016 10993] [] 1716193818.2310037613
[-1  1 -1 -1 -1] [ 3 20 28 36 44] [10060 14659 11303 13050 12840] [] 1716193818.2740671635
[1 1] [20 28] [14314 10870] [] 1716193818.3192412853
2 2 2 1716193818.3195419312
