FA TAX ADC PRES TS
[-1] [19] [12248] [] 1716192762.0342020988
[1] [19] [10949] [] 1716192762.0772383213
[1] [19] [9917] [] 1716192762.1202516556
[1] [19] [9370] [] 1716192762.1632354259
[1] [19] [9027] [] 1716192762.2061891556
[ 1 -1] [19 42] [ 6779 12358] [] 1716192762.2491862774
[ 1  1 -1] [19 42 51] [ 6204 12003 11443] [] 1716192762.2921347618
[1 1 1] [19 42 51] [ 5663 10517 11365] [] 1716192762.3352594376
[-1  1 -1  1] [11 19 42 51] [11506  5634 10618  9083] [] 1716192762.3781957626
[ 1 -1 -1 -1  1] [11 19 27 42 51] [11397  5666 12952 11974  8815] [] 1716192762.4212145805
[1 1 1 1 1] [11 19 27 42 51] [10555  5229 12631 11588  8731] [] 1716192762.4642131329
[ 1  1  1 -1  1 -1] [11 19 27 28 42 51] [10291  5067 12450 12727 10499  8795] [] 1716192762.5072574615
[-1 -1  1 -1  1 -1  1] [ 3 11 19 27 28 42 51] [11204 10500  5066 12750 12344 10619  8649] [] 1716192762.5501184464
[ 1  1  1 -1  1  1  1] [ 3 11 19 27 28 42 51] [ 7311 10438  4893 13160 12184 10350  8321] [] 1716192762.5930657387
[ 1  1  1 -1  1  1  1] [ 3 11 19 27 28 42 51] [ 6803 10273  4611 13264 11849  9869  8179] [] 1716192762.6361627579
[ 1  1  1  1  1 -1  1] [ 3 11 19 27 28 42 51] [ 6543 10212  4406 13140 11604  9995  8049] [] 1716192762.6791985035
[ 1  1  1  1 -1 -1  1 -1 -1 -1] [ 3 11 19 27 28 29 42 45 51 53] [ 6298 10016  4273 12948 11615 13771  9583 12195  8096 10546] [] 1716192762.7222528458
[1 1 1 1 1 1 1 1 1 1] [ 3 11 19 27 28 29 42 45 51 53] [ 5616  9739  3971 12484 11215 13722  9247 12098  6494  9349] [] 1716192762.7652032375
[ 1 -1 -1  1 -1  1 -1  1  1  1  1] [ 3 11 19 27 28 29 37 42 45 51 53] [ 5472  9749  3987 10203 11255  9948 16377  8583 12005  5481  9136] [] 1716192762.8082695007
[-1  1  1 -1  1  1 -1  1  1  1  1 -1  1] [ 3 11 19 21 27 28 29 37 42 45 51 52 53] [ 5513  9740  3904 11537  9998 11230  9974 13665  7193 11811  5278 13635
  8626] [] 1716192762.8512217999
[ 1  1  1  1  1  1  1  1  1  1 -1  1  1 -1] [ 3 11 19 21 27 28 29 37 42 45 51 52 53 61] [ 4670  9526  3711 10975  9599 10971  9570 13155  6190 11676  5290 13069
  8045  9164] [] 1716192762.8942697048
[ 1  1  1  1 -1 -1  1  1 -1  1  1  1 -1  1  1  1] [ 3 11 19 21 26 27 28 29 36 37 42 45 51 52 53 61] [ 4528  9505  3635 10825 13495  9752 10847  9181 13193 12764  5749 11665
  5296 10685  8043  7341] [] 1716192762.9372413158
[ 1 -1  1  1  1  1 -1  1  1  1 -1  1 -1  1 -1  1  1  1] [ 3 11 19 21 26 27 28 29 36 37 41 42 44 45 51 52 53 61] [ 4407  9564  3619 10743  9424  9736 10932  8931 12016 12273 16173  4743
 14243 11555  5397  9289  7866  7065] [] 1716192762.9802293777
[-1 -1  1  1  1  1  1 -1  1 -1  1  1  1  1  1  1  1  1  1  1] [ 2  3 11 19 21 26 27 28 29 34 36 37 41 42 44 45 51 52 53 61] [11048  4479  9549  3605 10483  9409  8400 11104  7540 13363  7596 12221
 16091  4419 13565 11356  4963  8266  7056  6941] [] 1716192763.0232689381
[ 1  1  1  1  1  1 -1  1  1  1  1 -1  1  1  1 -1 -1 -1  1  1  1] [ 2  3 11 19 21 26 27 28 29 34 36 37 41 42 44 45 50 51 52 53 61] [10594  4181  9419  3513 10435  9215  8414 10979  7230  9872  6711 12262
 15417  4287 13179 11490  9217  5008  7779  6409  6823] [] 1716192763.0662684441
[-1  1  1  1 -1  1  1  1  1  1  1  1  1  1  1  1  1  1 -1  1  1  1] [ 2  3 11 19 20 21 26 27 28 29 34 36 37 41 42 44 45 50 51 52 53 61] [10623  4111  8947  3431 16019 10402  8997  8237 10965  6278  9446  5580
 12237 14225  4024 13036 11080  8054  5012  7523  6305  6660] [] 1716192763.1092445850
[ 1  1 -1  1 -1  1  1  1 -1  1  1  1  1  1  1  1  1 -1  1  1  1  1  1] [ 2  3 10 11 19 20 21 26 27 28 29 34 36 37 41 42 44 45 50 51 52 53 61] [10558  4105 12497  8080  3517 15662 10298  7769  8313 10963  5894  9251
  4827 11012 13121  3750 12709 11087  7512  4725  6370  5487  6471] [] 1716192763.1522657871
[-1 -1  1  1  1  1  1  1  1 -1 -1  1  1  1  1  1  1  1  1  1  1  1  1  1] [ 1  2  3 10 11 19 20 21 26 27 28 29 34 36 37 41 42 44 45 50 51 52 53 61] [15786 11149  3727 12362  7932  3291 13417 10252  5973  8538 10985  5464
  9087  4438  8855 10659  3572 12705 10952  7381  4597  5807  5487  6337] [] 1716192763.1952681541
[-1  1  1 -1  1 -1  1  1  1  1  1  1  1  1  1  1  1  1  1  1 -1  1  1  1
  1 -1] [ 1  2  3 10 11 12 19 20 21 26 27 28 29 34 36 37 41 42 44 45 47 50 51 52
 53 61] [16032 10907  3558 12484  7544 16327  3165 13370 10214  5473  8389 10970
  5265  9041  4129  8689 10547  3439 12637 10886 12905  7250  4236  5739
  5212  6421] [] 1716192763.2380399704
[ 1 -1  1 -1  1  1  1 -1  1  1  1  1  1  1  1  1  1 -1 -1  1  1  1  1  1
  1  1] [ 1  2  3 10 11 19 20 21 26 27 28 29 34 36 37 41 42 43 44 45 47 50 51 52
 53 61] [15821 11013  3394 12496  7478  3089 13155 10280  5301  8307 10950  5231
  7993  3989  8438  9339  3260 15304 12801 10752  5599  6430  3987  5502
  4966  6335] [] 1716192763.2812838554
[ 1  1  1  1  1 -1  1  1  1  1  1  1  1 -1  1  1 -1  1  1  1  1  1  1  1
  1  1  1  1] [ 1  2  3 10 11 12 19 20 21 26 27 28 29 32 34 36 37 41 42 43 44 45 47 50
 51 52 53 61] [15714  9579  3193 12373  7171 13450  2998 13082 10192  4909  8175 10746
  5094 13033  7970  3681  9182  9187  3091 15191  8669 10741  4434  5929
  3799  5400  4954  6254] [] 1716192763.3241536617
[ 1  1  1 -1  1  1  1  1  1  1  1  1  1  1  1 -1  1 -1  1  1  1  1  1  1
  1  1  1 -1  1] [ 1  2  3 10 11 12 19 20 21 26 27 28 29 32 34 35 36 37 41 42 43 44 45 47
 50 51 52 53 61] [15624  9454  3045 12436  6803  8689  2960 12757 10106  4419  8071 10650
  4957 10899  7903 13210  3496  9533  8175  3021 14953  8554 10646  4229
  5850  3629  5263  5005  6152] [] 1716192763.3671796322
[ 1  1  1  1  1  1  1  1  1  1  1 -1 -1  1 -1  1  1  1  1  1 -1  1 -1  1
  1  1  1  1 -1 -1] [ 1  2  3 10 11 12 19 20 21 26 27 28 29 32 34 35 36 37 41 42 43 44 45 47
 50 51 52 53 54 61] [15250  9231  2911 12358  6215  7820  2890 12643 10036  4255  8041 10818
  4993 10197  7905 11841  3411  9028  8142  2819 14966  8465 10765  4095
  5628  3453  5086  4737 11936  6190] [] 1716192763.4101893902
[ 1  1  1  1  1  1 -1  1 -1 -1  1  1 -1  1  1  1  1  1  1  1  1 -1 -1 -1
 -1  1  1  1 -1  1  1 -1] [ 1  2  3 10 11 12 19 20 21 24 26 27 28 29 32 34 35 36 37 41 42 43 44 45
 46 47 50 51 52 53 54 61] [14957  7823  2757 12320  6003  5893  2901 11851 10043 12370  3853  7931
 10846  4957 10134  7722 11169  3327  7726  7898  2706 15141  8551 10928
 12605  4074  5466  3262  5208  4720 10508  6202] [] 1716192763.4531788826
[-1  1  1  1  1  1 -1  1  1 -1  1  1  1  1 -1 -1  1 -1  1  1  1  1 -1  1
  1  1  1  1  1  1  1  1 -1] [ 1  2  3 10 11 12 15 19 20 21 24 26 27 28 29 32 34 35 36 37 41 42 43 44
 45 46 47 50 51 52 53 54 61] [15148  7506  2691 11039  5907  5354 16363  2808 11309 10125 11936  3703
  6394 10777  5074 10276  7632 11273  3219  6901  7497  2641 15463  8474
 10904 11259  4021  5256  3149  4900  4596  8057  6269] [] 1716192763.4962339401
[-1  1  1  1  1  1 -1  1  1  1 -1  1  1 -1  1 -1  1 -1  1  1  1  1  1  1
  1  1  1  1  1  1  1  1  1  1] [ 1  2  3 10 11 12 18 19 20 21 23 24 26 27 28 29 32 34 35 36 37 41 42 43
 44 45 46 47 50 51 52 53 54 61] [15216  7440  2619 10203  5527  4990 13626  2771 11183 10026 16246 11784
  3666  6417 10712  5087 10218  7661 11083  3147  6458  6747  2571 15399
  8238 10810  9669  3757  5139  2997  4854  4588  7970  6194] [] 1716192763.5392420292
[ 1  1  1  1  1  1 -1  1  1 -1  1  1  1  1  1  1  1  1 -1 -1  1  1  1  1
 -1  1  1  1  1  1  1  1  1  1  1] [ 1  2  3 10 11 12 15 18 19 20 21 23 24 26 27 28 29 32 34 35 36 37 41 42
 43 44 45 46 47 50 51 52 53 54 61] [15006  6404  2550 10155  5307  4839 15515 13014  2746 11210  9989 16141
 11680  3591  6337 10602  5047 10216  7677 11127  3071  5997  5224  2463
 15407  8127 10752  8615  3441  4859  2871  4800  4063  7604  6072] [] 1716192763.5821361542
[-1  1  1 -1 -1  1  1  1  1  1  1  1 -1  1  1  1  1 -1  1  1  1 -1  1  1
 -1  1  1  1  1  1  1  1  1  1  1] [ 1  2  3  7 10 11 12 15 18 19 20 21 24 26 27 28 29 32 34 35 36 37 41 42
 43 44 45 46 47 50 51 52 53 54 61] [15132  6016  2443 13544 10279  5213  4272 15407  7983  2674 11147  9930
 11905  3550  6168 10546  5041 10353  6975  9774  2930  6033  4969  2390
 15539  8104 10672  7581  3279  4759  2745  4540  4045  7175  6038] [] 1716192763.6253719330
[ 1  1  1  1  1  1  1  1  1  1  1 -1 -1  1  1  1  1  1 -1  1  1  1  1 -1
  1  1  1 -1  1  1  1  1  1  1 -1 -1] [ 1  2  3  7 10 11 12 15 18 19 20 21 23 24 26 27 28 29 32 34 35 36 37 41
 42 43 44 45 46 47 50 51 52 53 54 61] [14545  5975  2385 13096 10257  5071  4059 15307  7505  2616 11018  9932
 15567 11796  3419  6053 10453  5017 10373  6661  8651  2879  5452  5021
  2353 15515  7887 10761  7535  3177  4667  2678  4529  3985  7274  6050] [] 1716192763.6683285236
[-1  1  1  1  1  1  1  1  1  1  1 -1  1  1  1  1  1 -1 -1  1  1  1  1  1
  1 -1  1  1  1  1  1  1  1  1  1 -1 -1] [ 1  2  3  7 10 11 12 15 18 19 20 21 23 24 26 27 28 29 32 34 35 36 37 41
 42 43 44 45 46 47 50 51 52 53 54 60 61] [14566  5834  2335 13045 10254  5027  3773 15247  6560  2603 11015  9954
 15263 11376  3381  5815 10382  5035 10538  6487  8086  2842  5279  4703
  2274 15999  7124  9552  7186  2890  4441  2510  4442  3574  7155 16342
  6087] [] 1716192763.7111921310
[ 1  1  1 -1 -1  1  1  1  1  1  1 -1  1  1  1  1  1 -1 -1  1  1  1  1 -1
  1  1 -1 -1  1  1  1  1  1  1  1  1 -1] [ 1  2  3  7 10 11 12 15 18 19 20 21 23 24 26 27 28 29 32 34 35 36 37 41
 42 43 44 45 46 47 50 51 52 53 54 60 61] [14437  5820  2238 13120 10271  4767  3424 15183  5951  2559 10855 10007
 14543 11168  3253  4760  9282  5051 10557  6259  7002  2803  4511  4777
  2257 15999  7139  9618  7169  2838  4376  2495  4384  3547  7121 16282
  6118] [] 1716192763.7542495728
[-1  1  1  1  1  1  1 -1  1  1  1  1  1  1  1  1  1 -1  1  1  1  1  1  1
  1  1 -1 -1  1  1  1  1 -1  1  1] [ 1  2  3  7 10 11 12 15 18 19 20 21 23 24 26 27 28 29 32 34 35 36 37 41
 42 44 45 46 47 50 51 52 53 54 61] [14548  5760  2213 13028 10233  4667  3380 15207  5923  2494 10791 10004
 14155 11031  3247  4723  9023  5053 10440  6225  6964  2777  4375  4692
  2252  7058  9848  7181  2818  4347  2482  4362  3567  7095  6032] [] 1716192763.7973237038
[ 1  1 -1  1  1  1  1  1 -1  1 -1  1  1  1 -1 -1  1  1  1  1  1  1  1 -1
  1 -1  1 -1  1 -1  1  1 -1  1  1 -1 -1] [ 1  2  3  7 10 11 12 15 18 19 20 21 23 24 26 27 28 29 32 34 35 36 37 41
 42 43 44 45 46 47 50 51 52 53 54 60 61] [14405  5698  2231 12960 10150  4543  3355 15167  5933  2475 10886 10003
 13959 11024  3261  4776  8931  4987 10419  6135  6912  2738  4261  4697
  2245 15787  7057  9916  7170  2819  4288  2457  4424  3528  7024 16256
  6041] [] 1716192763.8402042389
[-1  1  1 -1 -1  1  1  1 -1  1  1 -1  1  1  1  1  1 -1  1  1 -1 -1 -1 -1
 -1  1 -1  1 -1 -1 -1 -1  1 -1  1 -1 -1] [ 1  2  3  7 10 11 12 15 18 19 20 21 23 24 26 27 28 29 32 34 35 36 37 41
 42 43 44 45 46 47 50 51 52 53 54 60 61] [14418  5693  2182 12999 10175  4503  3343 15131  5980  2463 10746 10083
 13869 11015  3221  4720  8885  5007 10386  5940  6929  2756  4279  4726
  2263 15503  7074  9628  7230  2956  4390  2525  4372  3738  6997 16328
  6056] [] 1716192763.8832886219
[ 1 -1 -1 -1  1  1 -1  1 -1 -1 -1  1  1 -1 -1 -1 -1  1  1 -1 -1 -1 -1 -1
 -1 -1 -1  1 -1 -1 -1 -1  1 -1 -1] [ 1  2  3  7 10 11 12 15 18 19 20 21 23 24 26 27 28 29 32 34 35 36 37 41
 42 44 45 46 47 50 51 52 53 54 61] [14260  5697  2239 13080 10127  4497  3355 15063  6147  2484 10791  9979
 13781 11020  3263  4751  8928  4991 10344  6171  6995  2790  4542  4861
  2286  7091  9744  7196  3127  4589  2591  4394  3727  7099  6072] [] 1716192763.9262688160
[-1 -1  1 -1 -1 -1 -1 -1 -1 -1  1  1 -1  1 -1 -1 -1 -1  1 -1 -1 -1 -1 -1
 -1 -1 -1  1 -1 -1 -1 -1 -1 -1  1  1] [ 1  2  3  7 10 11 12 15 18 19 20 21 23 24 26 27 28 29 32 34 35 36 37 41
 42 43 44 45 46 47 50 51 52 53 54 61] [14504  5720  2234 13256 10154  4539  3564 15071  7091  2518 10754  9974
 13879 11009  3295  4980  9173  5006 10331  6302  7098  2843  4709  4978
  2326 15347  8016  9547  8156  3390  4686  2622  4480  3803  7071  6046] [] 1716192763.9693050385
[ 1 -1 -1  1 -1 -1 -1 -1 -1 -1  1  1  1  1  1 -1 -1 -1 -1 -1 -1 -1 -1 -1
 -1  1 -1 -1 -1 -1 -1 -1 -1 -1  1  1] [ 1  2  3  7 10 11 12 15 18 19 20 21 23 24 26 27 28 29 32 34 35 36 37 41
 42 43 44 45 46 47 50 51 52 53 54 61] [14342  5878  2311 13066 10174  4805  3793 15111  7597  2524 10734  9948
 13779 10892  3285  5302 10351  5015 10366  7013  7270  2909  5103  5476
  2408 15215  8026  9905  8493  3801  4798  2783  4744  3893  6799  6045] [] 1716192764.0122721195
[ 1 -1 -1 -1  1 -1 -1 -1 -1 -1 -1 -1 -1 -1 -1 -1  1 -1  1 -1 -1 -1 -1 -1
 -1 -1 -1 -1 -1 -1 -1 -1 -1 -1 -1  1] [ 1  2  3  7 10 11 12 15 18 19 20 21 23 24 26 27 28 29 32 34 35 36 37 41
 42 43 44 45 46 47 50 51 52 53 54 61] [14200  6016  2423 13221 10125  4979  4262 15223 10476  2575 10822  9970
 14375 11162  3414  5806 10284  5021 10304  7547  8310  2995  5693  6482
  2466 15379  8057 10556 11323  3927  5029  2834  4854  3901  9524  6041] [] 1716192764.0552804470
[-1 -1 -1  1 -1 -1 -1 -1 -1  1  1 -1 -1 -1  1  1  1  1  1 -1 -1  1 -1 -1
  1  1 -1  1 -1 -1  1 -1 -1  1] [ 1  2  3 10 11 12 15 18 19 20 21 23 24 26 27 28 29 32 34 35 36 37 41 42
 43 44 45 47 50 51 52 53 54 61] [14267  6245  2479 10089  5057  4703 15269 13094  2599 10779  9928 14539
 11387  3467  5761 10245  5002 10195  7493  8985  3071  5679  6766  2551
 15167  8056 10595  3804  5258  2917  4852  3948 11888  6037] [] 1716192764.0981631279
[-1 -1 -1  1 -1 -1  1 -1 -1  1 -1 -1 -1 -1  1  1  1 -1 -1  1 -1 -1 -1 -1
 -1  1 -1 -1 -1 -1 -1 -1 -1] [ 1  2  3 10 11 12 15 19 20 21 23 24 26 27 28 29 32 34 35 36 37 41 42 43
 44 45 47 50 51 52 53 54 61] [14312  7218  2521 10028  5175  5136 15239  2635 10837  9885 15039 11437
  3495  5792 10204  4973  9950  7557 10629  3038  6065  7920  2698 15271
  8197 10568  4123  5462  3150  4871  4080 11972  6120] [] 1716192764.1413230896
[-1 -1 -1 -1 -1 -1 -1 -1  1  1 -1 -1 -1 -1  1 -1  1 -1 -1 -1 -1  1 -1  1
 -1 -1 -1 -1 -1 -1] [ 1  2  3 10 11 12 19 20 21 23 26 27 28 29 32 34 35 36 37 41 42 43 44 45
 47 50 51 52 53 61] [14388  7499  2664 10081  5247  6359  2678 10879  9792 14959  3774  6015
 10254  4975  9814  7704 10559  3118  6661  8296  2852 15067  8328 10444
  5778  5624  3369  5133  4271  6127] [] 1716192764.1843111515
[-1 -1 -1 -1 -1 -1 -1 -1 -1  1 -1 -1  1  1 -1  1 -1 -1 -1 -1 -1 -1 -1  1
 -1 -1 -1 -1  1] [ 1  2  3 10 11 12 19 20 21 23 26 27 28 29 32 34 35 36 37 41 42 43 44 45
 50 51 52 53 61] [14478  8578  2843 11898  5540  7511  2742 10916  9807 14879  4143  6017
 10201  4941  9863  7660 10946  3248  6872  9843  2970 15591  8506 10400
  5994  3499  5298  4392  6110] [] 1716192764.2270615101
[ 1 -1 -1 -1 -1 -1 -1 -1 -1  1 -1 -1  1  1 -1 -1 -1 -1 -1 -1 -1  1 -1 -1
 -1 -1 -1 -1 -1] [ 1  2  3 10 11 12 19 20 21 23 26 27 28 29 32 34 35 36 37 41 42 43 44 45
 50 51 52 53 61] [14463  9290  2934 12357  5858  8071  2851 11081  9832 13999  4375  6067
 10185  4893  9904  7750 11057  3428  6948 10071  3188 15143 12165 10401
  6899  3745  5397  4497  6191] [] 1716192764.2702827454
[-1  1 -1 -1 -1 -1 -1 -1  1 -1 -1 -1  1 -1 -1 -1 -1 -1 -1 -1 -1 -1  1 -1
 -1 -1 -1 -1] [ 1  2  3 10 11 12 19 20 21 26 27 28 29 32 34 35 36 37 41 42 43 44 45 50
 51 52 53 61] [14566  9289  3202 12430  6479  9984  2858 11413  9823  5073  6145 10215
  4882 11556  8875 15547  3675  7343 11675  3325 16251 12500 10383  7455
  4178  5982  4910  6374] [] 1716192764.3133432865
[ 1 -1 -1 -1 -1 -1 -1 -1 -1 -1 -1 -1  1 -1 -1 -1 -1 -1 -1 -1 -1 -1 -1 -1] [ 1  2  3 10 11 19 20 21 26 27 28 29 34 36 37 41 42 44 45 50 51 52 53 61] [14428  9971  3409 12528  6700  2962 11617  9907  5356  6516 10331  4997
  8866  4013  7563 15081  3416 12611 10542  7801  4424  6231  5474  6513] [] 1716192764.3562796116
[-1 -1 -1 -1 -1 -1 -1 -1 -1 -1 -1 -1 -1 -1 -1 -1 -1  1 -1 -1 -1 -1 -1 -1] [ 1  2  3 10 11 19 20 21 26 27 28 29 34 36 37 41 42 44 45 50 51 52 53 61] [14940 11047  3650 12618  7127  3002 11711 10016  6557  6526 10398  5095
  8952  4261  7683 15131  3583 12589 10776  9994  4570  6799  5671  6735] [] 1716192764.3991453648
[ 1 -1 -1  1 -1 -1 -1  1 -1 -1 -1 -1 -1 -1 -1 -1 -1 -1 -1 -1 -1 -1 -1] [ 1  2  3 10 11 19 20 21 26 27 28 29 34 36 37 41 42 44 45 51 52 53 61] [14831 11074  3774 12462  7228  3101 11834  9990  7567  6542 10473  5314
  9086  4682  8191 16117  3966 13177 11029  4831  7290  6012  6952] [] 1716192764.4423148632
[ 1 -1 -1 -1 -1 -1 -1 -1 -1 -1 -1 -1 -1 -1 -1 -1  1 -1 -1 -1 -1] [ 2  3 11 19 20 21 26 27 28 29 34 36 37 41 42 44 45 51 52 53 61] [10351  4135  7756  3263 12170 10076  8842  6564 10686  6889  9372  6293
 12018 16291  4128 13381 10976  5255  7549  6634  7171] [] 1716192764.4852457047
[-1 -1  1 -1 -1 -1 -1  1  1 -1 -1 -1 -1 -1 -1  1  1 -1 -1] [ 2  3 11 19 20 21 26 27 28 29 34 36 37 42 44 45 51 52 53] [11246  4175  7747  3274 13009 10111  8868  6503 10668  7039 12003  7034
 12161  4142 14181 10912  5217  7719  6686] [] 1716192764.5282487869
[ 1  1 -1 -1 -1 -1 -1  1 -1 -1 -1 -1 -1 -1 -1 -1 -1] [ 3 11 19 20 21 26 27 28 29 34 36 37 42 45 51 52 53] [ 3996  7735  3277 13766 10171  8937  6531 10529  7162 12431  9327 12174
  4389 11066  5336  7992  7384] [] 1716192764.5712094307
[ 1  1 -1 -1 -1 -1  1 -1 -1 -1 -1 -1 -1 -1 -1] [ 3 11 19 20 21 27 28 29 36 37 42 45 51 52 53] [ 3995  7570  3351 14102 10308  6539 10505  8635 13178 12735  4925 11142
  6084  8663 10108] [] 1716192764.6142692566
[-1 -1 -1 -1 -1 -1 -1 -1 -1 -1 -1] [ 3 11 19 21 27 28 29 42 45 51 52] [ 4334  7978  3468 10401  6616 10582  8702  5333 11501  6967 11135] [] 1716192764.6572668552
[-1 -1 -1 -1 -1 -1 -1 -1 -1 -1] [ 3 11 19 21 27 28 29 42 51 52] [ 4518  8209  3610 10591  6696 10790  9290  5415  7976 14193] [] 1716192764.7002091408
[-1 -1 -1 -1 -1  1 -1 -1 -1] [ 3 11 19 21 27 28 29 42 51] [ 5452  9215  3704 10716  6871 10728 13748  6358  8235] [] 1716192764.7431354523
[-1 -1 -1 -1 -1 -1 -1 -1] [ 3 11 19 27 28 29 42 51] [ 6030  9352  3944  8467 10914 13908  6915  8423] [] 1716192764.7860820293
[-1 -1 -1 -1 -1 -1 -1 -1] [ 3 11 19 27 28 29 42 51] [ 6341  9491  4156  8596 11093 14349  8422  8617] [] 1716192764.8292131424
[-1 -1 -1 -1 -1 -1 -1] [ 3 11 19 27 28 42 51] [ 6649  9683  4407  8949 11238  8467  9046] [] 1716192764.8722283840
[-1 -1 -1 -1 -1 -1 -1] [ 3 11 19 27 28 42 51] [ 9965  9907  4696 12549 11482  9034  9066] [] 1716192764.9152023792
[ 1  1 -1 -1 -1] [11 19 27 28 42] [ 9741  4637 12836 11530 12150] [] 1716192764.9582231045
[1 1] [11 19] [9647 4406] [] 1716192765.0011565685
[-1 -1] [11 19] [10019  4708] [] 1716192765.0442030430
[-1] [19] [6706] [] 1716192765.0870578289
[-1] [19] [8366] [] 1716192765.1301257610
[-1] [19] [9284] [] 1716192765.1731514931
[-1] [19] [9854] [] 1716192765.2162055969
[-1] [19] [10833] [] 1716192765.2591607571
2 2 2 1716192766.0332627296
