FA TAX ADC PRES TS
[1 1] [26 28] [11346 10519] [] 1716193577.1487581730
[1 1] [26 28] [11211 10497] [] 1716193577.1917831898
[ 1 -1] [26 28] [11164 10531] [] 1716193577.2347531319
[-1 -1 -1] [11 26 28] [12035 11600 10736] [] 1716193577.2777674198
[1 1 1] [11 26 28] [10752 11144 10670] [] 1716193577.3207533360
[ 1  1 -1 -1] [11 26 28 29] [10600 11087 11023 12334] [] 1716193577.3637158871
[-1 -1  1 -1 -1] [11 19 26 28 29] [10623 11768 11086 11249 12415] [] 1716193577.4067497253
[1 1 1 1 1] [11 19 26 28 29] [10345 11435 10832 11180 12244] [] 1716193577.4497380257
[1 1 1 1 1] [11 19 26 28 29] [10217 10679 10613 10994 11907] [] 1716193577.4927065372
[ 1  1  1 -1  1] [11 19 26 28 29] [10020 10574 10566 11065 11829] [] 1716193577.5357141495
[1 1 1 1 1] [11 19 26 28 29] [ 9687 10376 10431 10909 11620] [] 1716193577.5787355900
[1 1 1 1 1] [11 19 26 28 29] [ 9498 10119 10331 10877 11347] [] 1716193577.6217060089
[1 1 1 1 1] [11 19 26 28 29] [ 9221  9865 10215 10735 11037] [] 1716193577.6646809578
[-1 -1 -1 -1 -1 -1  1] [ 3 11 18 19 26 28 29] [13312  9261 12418  9890 10327 10742 11015] [] 1716193577.7077689171
[ 1  1  1  1 -1  1 -1  1] [ 3 11 18 19 20 26 28 29] [13268  9218 11462  9827 15624 10255 10777 10862] [] 1716193577.7507607937
[ 1 -1  1  1  1 -1  1  1] [ 3 11 18 19 20 26 28 29] [ 8242  9242 11338  8214 15538 10259 10733 10813] [] 1716193577.7937753201
[ 1  1  1  1  1 -1 -1  1 -1] [ 3 11 18 19 20 26 28 29 34] [ 5931  9169 11141  8097 15208 10382 10736 10812 12311] [] 1716193577.8367388248
[ 1  1  1 -1  1  1  1  1  1] [ 3 11 18 19 20 26 28 29 34] [ 5846  9122 11140  8143 14960 10300 10713 10691 12237] [] 1716193577.8797423840
[-1 -1  1  1  1  1  1  1  1] [ 3 11 18 19 20 26 28 29 34] [ 5871  9130 10938  7482 14552 10208 10671 10617 12169] [] 1716193577.9227545261
[1 1 1 1 1 1 1 1 1] [ 3 11 18 19 20 26 28 29 34] [ 5694  9115 10697  7168 14330 10119 10613 10533 10207] [] 1716193577.9657506943
[ 1  1  1  1  1  1 -1  1  1 -1 -1] [ 3 11 18 19 20 26 28 29 34 35 36] [ 5531  8959 10576  7075 13758 10100 10841 10453 10009 14815 14995] [] 1716193578.0086658001
[ 1 -1  1  1  1  1  1 -1  1  1  1] [ 3 11 18 19 20 26 28 29 34 35 36] [ 5426  9037 10512  7065 12703  9942 10813 10472  9937 14585 14823] [] 1716193578.0517416000
[ 1  1  1  1  1 -1  1 -1 -1  1 -1  1] [ 3 11 18 19 20 21 26 28 29 34 35 36] [ 5388  8992 10382  7022 12532 14261  9173 10855 10592  9739 14843 14801] [] 1716193578.0947761536
[ 1  1  1  1  1  1  1  1  1 -1 -1  1] [ 3 11 18 19 20 21 26 28 29 34 35 36] [ 4851  8915 10177  6497 12221 12631  8605 10795 10414  9740 15105 14436] [] 1716193578.1377584934
[ 1  1  1  1  1  1  1  1  1  1 -1  1] [ 3 11 18 19 20 21 26 28 29 34 35 36] [ 4539  8891 10122  6265 11912 12030  6621 10734 10397  9627 15251 14239] [] 1716193578.1806807518
[ 1  1  1  1  1  1  1  1  1 -1  1  1 -1] [ 3 11 18 19 20 21 26 28 29 34 35 36 37] [ 4446  8859 10094  6168 11819 12019  6467 10725 10257  9657 14805 14119
 16333] [] 1716193578.2237992287
[1 1 1 1 1 1 1 1 1 1 1 1 1] [ 3 11 18 19 20 21 26 28 29 34 35 36 37] [ 4341  8850 10045  5876 11486 10797  6311 10703 10223  9641 14734 13757
 12980] [] 1716193578.2667868137
[ 1  1 -1  1  1  1  1  1  1  1 -1  1  1] [ 3 11 18 19 20 21 26 28 29 34 35 36 37] [ 4120  8831 10077  5631 11126 10716  5675 10681 10158  9605 14749 13293
 12810] [] 1716193578.3097536564
[ 1 -1  1  1  1  1  1  1 -1 -1  1  1  1] [ 3 11 18 19 20 21 26 28 29 34 35 36 37] [ 3982  8860 10008  5629 11083 10526  5077 10674 10192  9683 13881 12191
 12478] [] 1716193578.3526706696
[1 1 1 1 1 1 1 1 1 1 1 1 1] [ 3 11 18 19 20 21 26 28 29 34 35 36 37] [ 3691  8812  9877  5162 10833 10260  4705 10597  7379  8349 13782 10429
 12017] [] 1716193578.3957903385
[ 1  1  1  1  1  1  1  1  1  1  1  1 -1 -1 -1] [ 3 11 18 19 20 21 26 28 29 34 35 36 37 44 45] [ 3412  8811  9779  4948 10660 10134  4541 10514  7279  7103 13708  9661
 12212 15443 11859] [] 1716193578.4387691021
[ 1  1 -1  1 -1 -1  1  1  1  1 -1  1 -1  1] [ 3 11 18 19 20 21 26 28 29 34 35 36 37 45] [ 3207  8743  9806  4703 10746 10147  4500  9875  7279  5962 13876  8941
 12261 11646] [] 1716193578.4818105698
[ 1 -1 -1 -1  1  1 -1  1  1  1  1  1  1  1 -1  1] [ 3 10 11 18 19 20 21 26 28 29 34 35 36 37 44 45] [ 2860 15685  8761  9863  4518 10621 10253  4236  9696  7099  5077 13790
  7410 11850 14745 11561] [] 1716193578.5247037411
[ 1  1  1  1  1  1  1  1  1  1  1  1  1  1 -1 -1 -1] [ 3 10 11 18 19 20 21 26 28 29 34 35 36 37 38 44 45] [ 2789 14228  8521  9726  4451 10309 10210  4175  9253  6991  4706 13427
  7017 11707 13275 14799 12124] [] 1716193578.5677871704
[ 1  1  1 -1  1  1 -1  1  1 -1 -1  1 -1  1  1  1 -1 -1] [ 3 10 11 18 19 20 21 26 28 29 32 34 35 36 37 38 44 45] [ 2719 12897  7479  9784  4275 10198 10298  4005  7950  7053 12444  4138
 13499  6811 11441 10855 14955 12293] [] 1716193578.6107618809
[ 1  1  1  1  1 -1  1  1 -1  1  1  1  1  1  1  1  1  1  1] [ 3 10 11 18 19 20 21 26 27 28 29 32 34 35 36 37 38 44 45] [ 2536 12346  7467  9548  4253 10201 10156  3910 10962  7325  6315 10450
  3945 13229  6576 10691 10473 11527  9031] [] 1716193578.6537775993
[1 1 1 1 1 1 1 1 1 1 1 1 1 1 1 1 1 1 1] [ 3 10 11 18 19 20 21 26 27 28 29 32 34 35 36 37 38 44 45] [ 2437 10919  7163  8260  4146 10144  9936  3652 10932  5892  6058  9160
  3750 13099  6220 10324 10275 10679  8407] [] 1716193578.6967520714
[1 1 1 1 1 1 1 1 1 1 1 1 1 1 1 1 1 1 1] [ 3 10 11 18 19 20 21 26 27 28 29 32 34 35 36 37 38 44 45] [ 2369  9620  6192  8240  4107 10119  9879  3566 10897  5758  5983  8923
  3659 11664  5915 10184 10128  8930  8231] [] 1716193578.7398371696
[ 1  1  1 -1  1  1 -1  1  1  1  1  1  1  1  1  1  1  1  1] [ 3 10 11 18 19 20 21 26 27 28 29 32 34 35 36 37 38 44 45] [ 2302  8449  5981  8266  3989  9916  9928  3537 10842  5360  5932  8785
  3573  9613  5812 10171 10047  6894  8013] [] 1716193578.7828164101
[ 1  1  1  1  1  1 -1  1  1  1  1 -1  1  1  1 -1  1  1  1] [ 3 10 11 18 19 20 21 26 27 28 29 32 34 35 36 37 38 44 45] [ 2254  7402  5760  8186  3911  8105  9963  3463 10789  4971  5058  8931
  3416  8873  5699 10289  9906  5573  7873] [] 1716193578.8257286549
[ 1  1  1  1  1  1  1  1  1  1  1  1  1  1  1  1 -1  1 -1 -1] [ 3 10 11 18 19 20 21 26 27 28 29 32 34 35 36 37 38 44 45 61] [ 2207  7210  4422  8152  3759  7648  9944  3355 10693  4605  4909  7860
  3199  8214  5305  9315 10051  5535  8098  8184] [] 1716193578.8686883450
[ 1  1  1  1  1  1  1  1  1  1 -1  1 -1  1  1  1 -1  1  1  1] [ 3 10 11 18 19 20 21 26 27 28 29 32 34 35 36 37 38 44 45 61] [ 2167  6848  4313  8113  3726  7323  9888  3308 10610  4531  4955  7624
  3229  8121  5206  9131 10091  5032  7000  7334] [] 1716193578.9118108749
[1 1 1 1 1 1 1 1 1 1 1 1 1 1 1 1 1 1 1 1] [ 3 10 11 18 19 20 21 26 27 28 29 32 34 35 36 37 38 44 45 61] [ 2094  5940  3928  7409  3610  6874  9841  3251 10585  4229  4843  7019
  3105  7693  4856  7650 10039  4661  6919  7060] [] 1716193578.9547474384
[ 1  1  1  1  1  1  1  1  1  1  1  1  1  1  1 -1  1  1  1  1] [ 3 10 11 18 19 20 21 26 27 28 29 32 34 35 36 37 38 44 45 61] [ 2065  5440  3795  7255  3550  6719  9818  3145 10561  4015  4775  6578
  3007  7524  4565  7655  9979  4464  6755  6994] [] 1716193578.9977257252
[-1  1  1  1  1  1  1  1  1  1  1  1 -1  1  1  1  1 -1  1 -1  1] [ 1  3 10 11 18 19 20 21 26 27 28 29 32 34 35 36 37 38 44 45 61] [16073  2034  5240  3649  7175  3527  6499  9788  3127 10469  3841  4751
  6744  2975  7455  4477  7406 10038  4282  6811  6948] [] 1716193579.0407640934
[-1  1  1  1  1  1  1 -1  1 -1  1 -1  1  1 -1  1  1 -1  1  1 -1 -1] [ 1  3 10 11 18 19 20 21 26 27 28 29 32 34 35 36 37 38 44 45 46 61] [16118  2002  5195  3388  7063  3475  6442  9797  3063 10573  3699  4792
  6424  2881  7505  4285  7338 10153  4030  6731  9633  7035] [] 1716193579.0838477612
[ 1  1  1  1  1  1  1  1  1  1  1  1  1  1  1  1  1  1  1  1 -1] [ 3 10 11 18 19 20 21 26 27 28 29 32 34 35 36 37 38 44 45 46 61] [ 1956  4688  3184  5888  3431  6181  9755  2913 10514  3543  4729  5981
  2767  7413  4041  6287  8169  3948  6463  9381  7096] [] 1716193579.1267669201
[-1  1  1  1 -1  1  1 -1 -1  1  1  1  1  1  1  1  1 -1  1  1  1  1  1] [ 1  3 10 11 12 18 19 20 21 26 27 28 29 32 34 35 36 37 38 44 45 46 61] [16271  1947  4541  3055 15286  5759  3362  6313  9873  2866 10474  3441
  4718  5876  2686  7395  3903  6391  8032  3757  6432  9355  7024] [] 1716193579.1697063446
[ 1  1  1  1  1  1  1  1  1  1  1  1  1  1  1  1  1  1  1 -1  1  1  1 -1
 -1] [ 1  3 10 11 12 18 19 20 21 26 27 28 29 32 34 35 36 37 38 42 44 45 46 61
 62] [16231  1923  4339  2951 13890  5706  3304  6205  9802  2811 10376  3375
  4680  5797  2632  7385  3882  6099  7869 16041  3529  5751  9339  7076
 15528] [] 1716193579.2127637863
[ 1  1  1  1  1  1  1  1 -1  1 -1  1  1 -1  1  1  1  1 -1  1  1  1 -1  1
  1] [ 1  3 10 11 12 18 19 20 21 26 27 28 29 32 34 35 36 37 38 42 44 45 46 61
 62] [15958  1905  4219  2758 12972  5673  3259  5311  9890  2739 10384  3239
  4675  6035  2602  7368  3766  5591  7897 13583  3304  5166  9355  6893
 12732] [] 1716193579.2557785511
[-1  1  1  1  1  1  1  1 -1  1 -1  1  1  1  1  1  1  1  1 -1  1  1  1  1
  1] [ 1  3 10 11 12 18 19 20 21 26 27 28 29 32 34 35 36 37 38 42 44 45 46 61
 62] [16114  1821  4044  2595 12002  5563  3243  5225  9913  2633 10505  3016
  4653  5560  2483  7170  3524  4949  7847 13785  3245  4981  8596  6781
 12128] [] 1716193579.2987761497
[ 1  1 -1  1  1  1  1  1  1 -1  1  1  1  1  1  1  1  1  1  1 -1  1  1  1
 -1 -1  1] [ 1  3  7 10 11 12 18 19 20 21 26 27 28 29 32 34 35 36 37 38 42 44 45 46
 47 61 62] [15957  1805 13738  4021  2554 11855  5364  3187  5071  9950  2579  9567
  2956  4591  5444  2434  7140  3482  4671  6595 15417  3142  4493  7055
 11611  6852  9023] [] 1716193579.3417742252
[-1  1  1  1  1  1  1  1  1  1  1  1  1  1 -1  1  1  1  1  1  1  1  1  1
  1  1  1] [ 1  3  7 10 11 12 18 19 20 21 26 27 28 29 32 34 35 36 37 38 42 44 45 46
 47 61 62] [16006  1779 13055  3719  2447 11312  4999  3161  4975  9928  2512  9117
  2879  4538  5566  2333  7134  3322  4236  6012 14007  2931  3967  6430
 11443  6633  8884] [] 1716193579.3847701550
[ 1  1  1  1  1  1  1  1  1 -1  1  1  1  1  1  1  1  1  1  1  1  1 -1  1
  1 -1 -1 -1] [ 1  3  7 10 11 12 18 19 20 21 26 27 28 29 32 34 35 36 37 38 42 44 45 46
 47 53 61 62] [15591  1751 12815  3641  2320 11110  4766  3129  4519  9998  2410  8988
  2733  4489  5320  2303  6823  3114  4081  5900 12142  2896  4126  5903
 10331 11998  6762  8977] [] 1716193579.4277632236
[ 1  1  1  1  1  1  1 -1 -1  1  1  1  1  1  1  1 -1  1  1 -1 -1  1  1  1
 -1  1  1  1] [ 1  3  7 10 11 12 18 19 20 21 26 27 28 29 32 34 35 36 37 38 42 44 45 46
 47 53 61 62] [15514  1739 12549  3589  2272 11010  4730  3135  4572  9976  2355  8983
  2693  4409  5254  2279  7190  2982  3958  5938 12198  2824  3869  5663
 10596 11857  6761  8797] [] 1716193579.4707701206
[ 1 -1 -1 -1 -1  1 -1  1  1  1  1 -1  1  1 -1 -1 -1  1 -1  1  1 -1 -1 -1
  1 -1  1 -1 -1 -1 -1] [ 1  3  7  9 10 11 12 18 19 20 21 26 27 28 29 32 34 35 36 37 38 41 42 44
 45 46 47 52 53 61 62] [15245  1755 12669 15877  3637  2257 11026  4719  3041  4457  9976  2385
  8328  2686  4438  5352  2298  6530  2989  3774  5720 13987 12417  2863
  3703  5841 10390 10693 12304  6960  8936] [] 1716193579.5137927532
[-1 -1  1 -1  1 -1  1  1  1 -1  1  1  1  1  1 -1  1  1  1  1  1  1  1 -1
 -1  1 -1  1  1  1] [ 1  3  7 10 11 12 18 19 20 21 26 27 28 29 32 34 35 36 37 38 41 42 44 45
 46 47 52 53 61 62] [15320  1769 12628  3638  2247 11032  4619  3003  4306 10004  2379  8006
  2641  4386  5302  2344  6417  2935  3673  5670 13737 12200  2851  3844
  5927 10303 12467 11935  6955  8873] [] 1716193579.5567560196
[ 1  1  1 -1  1  1  1  1  1  1  1  1 -1  1 -1  1  1  1 -1 -1  1  1 -1  1
 -1 -1 -1 -1 -1 -1] [ 1  3  7 10 11 12 18 19 20 21 26 27 28 29 32 34 35 36 37 38 41 42 44 45
 46 47 52 53 61 62] [15283  1754 12570  3647  2239 11007  4591  2988  4249  9949  2375  7418
  2650  4370  5496  2335  6100  2900  3685  5865 13306 12191  2883  3815
  6105 11657 13107 11973  7013  9139] [] 1716193579.5998110771
[-1  1  1  1  1 -1 -1 -1  1 -1 -1 -1 -1 -1  1  1  1 -1 -1  1 -1  1  1 -1
 -1 -1  1] [ 1  3  7 10 11 12 17 18 19 20 21 26 27 28 29 32 34 35 36 37 38 42 44 45
 46 47 61] [15285  1727 12468  3643  2239 11021 15704  4605  2987  4254  9962  2405
  7967  2651  4366  5413  2335  6211  2944  3661  6336 11999  2712  4062
  7563 15651  6332] [] 1716193579.6427977085
[ 1 -1 -1  1  1  1  1  1 -1 -1  1  1  1 -1  1 -1  1 -1  1 -1 -1  1 -1 -1
 -1 -1] [ 1  3  7 10 11 12 17 18 19 20 21 26 27 28 29 32 34 35 36 37 38 42 44 45
 46 61] [15147  1731 12843  3589  2239 10898 15258  4605  3011  4396  9682  2393
  7660  2683  4353  5432  2290  6524  2928  3711  6899 11988  2838  4243
  8127  6472] [] 1716193579.6858088970
[ 1 -1 -1 -1 -1 -1 -1 -1 -1 -1  1 -1  1 -1 -1  1 -1 -1 -1  1 -1 -1 -1 -1
  1 -1] [ 1  3  7 10 11 12 17 18 19 20 21 26 27 28 29 32 34 35 36 37 38 42 44 45
 46 61] [15069  1791 12925  3647  2307 11315 16293  4787  3023  4469  9598  2421
  7628  2709  4435  5370  2331  6593  3088  3675  6929 12112  2891  4492
  7980  6602] [] 1716193579.7286906242
[ 1 -1  1 -1 -1 -1 -1 -1  1 -1 -1 -1 -1 -1  1 -1 -1  1 -1 -1 -1 -1 -1 -1
 -1 -1] [ 1  3  7 10 11 12 17 18 19 20 21 26 27 28 29 32 34 35 36 37 38 42 44 45
 46 61] [15031  1794 12175  3733  2401 11391 16303  4791  3023  4615  9600  2426
  8701  2733  4392  5419  2406  6547  3242  3795  6961 12146  3068  5114
  9080  6838] [] 1716193579.7717859745
[-1 -1 -1 -1 -1 -1 -1 -1 -1  1 -1 -1 -1 -1 -1 -1 -1 -1 -1 -1 -1 -1 -1 -1] [ 1  3  7 10 11 12 18 19 20 21 26 27 28 29 32 34 35 36 37 38 44 45 46 61] [15075  1821 12750  3979  2570 12570  5295  3063  4719  9504  2538  8874
  2797  4437  5555  2455  6548  3276  4009  7146  3274  5737  9850  7058] [] 1716193579.8147304058
[-1 -1 -1 -1 -1 -1  1 -1 -1  1 -1  1 -1 -1 -1 -1 -1 -1 -1 -1 -1 -1 -1] [ 1  3  7 10 11 12 18 19 20 21 26 27 28 29 32 34 35 36 37 38 44 45 61] [15115  1871 12977  4043  2789 12760  5285  3151  5086  9450  2588  8746
  2884  4559  5990  2573  6759  3466  4391  7195  3443  5877  7200] [] 1716193579.8577518463
[ 1 -1 -1 -1 -1 -1  1 -1 -1 -1  1 -1  1  1 -1 -1 -1 -1 -1  1 -1] [ 1  3 10 11 12 18 19 20 21 26 27 28 29 32 34 35 36 37 38 44 45] [15059  1913  4129  2848 13061  5321  3127  5209  9457  2626  8582  3070
  4555  5976  2581  6929  3525  4499  8634  3423  6012] [] 1716193579.9008450508
[-1 -1 -1 -1 -1  1 -1 -1  1 -1  1 -1 -1 -1 -1 -1 -1 -1 -1 -1 -1] [ 1  3 10 11 12 18 19 20 21 26 27 28 29 32 34 35 36 37 38 44 45] [15167  1929  4237  2991 14500  5299  3175  5993  9434  2645  8551  3177
  4559  6030  2599  7058  3577  4673  9796  3757  6530] [] 1716193579.9436614513
[-1 -1 -1 -1 -1 -1 -1 -1 -1 -1 -1 -1 -1 -1 -1 -1 -1 -1 -1 -1 -1] [ 1  3 10 11 12 18 19 20 21 26 27 28 29 32 34 35 36 37 38 44 45] [15503  2047  4655  3174 14676  5509  3224  6233  9437  2835  8988  3267
  4608  7399  2838  7245  3752  5114  9845  3988  6739] [] 1716193579.9867081642
[-1 -1 -1 -1 -1 -1 -1  1 -1 -1  1 -1 -1 -1 -1 -1 -1 -1 -1 -1 -1] [ 1  3 10 11 12 18 19 20 21 26 27 28 29 32 34 35 36 37 38 44 45] [15535  2051  4723  3486 14998  6505  3333  6225  9480  2867  8867  3319
  4631  7897  2901  7278  3923  5549  9892  4230  7692] [] 1716193580.0297083855
[ 1 -1 -1 -1 -1 -1 -1 -1 -1  1 -1 -1 -1 -1  1 -1 -1 -1 -1 -1] [ 1  3 10 11 18 19 20 21 26 27 28 29 32 34 35 36 37 38 44 45] [15534  2109  5193  3529  6673  3345  6389  9529  3031  8747  3445  4685
  8639  3062  7264  4214  5759  9975  4464  7733] [] 1716193580.0727736950
[ 1 -1 -1 -1 -1 -1 -1  1 -1 -1 -1 -1 -1 -1 -1 -1 -1 -1 -1 -1] [ 1  3 10 11 18 19 20 21 26 27 28 29 32 34 35 36 37 38 44 45] [15432  2210  5787  3717  6710  3413  6409  9515  3127  8785  3632  4799
  9319  3231  7434  4402  5991 10121  5581  7927] [] 1716193580.1160097122
[-1 -1 -1 -1 -1 -1 -1  1 -1 -1 -1  1 -1 -1 -1 -1 -1  1 -1 -1] [ 1  3 10 11 18 19 20 21 26 27 28 29 32 34 35 36 37 38 44 45] [15503  2415  6852  4581  6743  3471  7550  9496  3221  9171  4001  4798
 10375  3455  7532  4899  6347  9969  6286 11954] [] 1716193580.1590025425
[-1 -1 -1 -1 -1 -1 -1  1 -1 -1 -1  1 -1 -1 -1 -1 -1 -1 -1] [ 1  3 10 11 18 19 20 21 26 27 28 29 34 35 36 37 38 44 45] [15739  2530  7624  5737  7172  3545  7704  9450  3280  9263  4101  4777
  3573  7806  4960  7085 10263  8188 12216] [] 1716193580.2019474506
[-1 -1 -1 -1 -1 -1 -1 -1 -1 -1 -1 -1 -1 -1 -1 -1 -1] [ 3 10 11 18 19 20 21 26 27 28 29 34 35 36 37 44 45] [ 2699  9290  6447  9198  3732  9499  9524  3491  9447  4458  5715  4322
  8103  5264  7675 10489 12480] [] 1716193580.2448034286
[-1 -1 -1 -1 -1 -1 -1 -1  1 -1 -1 -1 -1 -1 -1 -1 -1] [ 3 10 11 18 19 20 21 26 27 28 29 34 35 36 37 44 45] [ 2875  9551  6979  9480  3765  9760  9567  3729  9163  4889  5985  5183
 10028  5495  8134 12484 12567] [] 1716193580.2879996300
[-1 -1 -1 -1 -1  1 -1 -1 -1 -1  1 -1  1 -1 -1 -1  1] [ 3 10 11 18 19 20 21 26 27 28 29 34 35 36 37 44 45] [ 3029  9875  7209  9492  3829  9695  9673  3857  9382  5516  5761  5487
  9841  6009  9835 13659 12429] [] 1716193580.3309392929
[ 1 -1 -1  1 -1 -1 -1 -1  1 -1 -1 -1 -1 -1  1] [ 3 10 11 18 19 20 21 26 27 28 29 34 35 36 37] [ 2863 12259  8591  7992  4082  9876 10012  4137  9358  7843  6237  7574
 12979  6227  9810] [] 1716193580.3737318516
[-1 -1  1  1 -1 -1 -1 -1 -1 -1 -1 -1 -1 -1 -1] [ 3 10 11 18 19 20 21 26 27 28 29 34 35 36 37] [ 3467 14450  7412  7331  4384 10377 10589  4151 10988  9259  7091  7995
 13003  8295 13449] [] 1716193580.4167194366
[-1 -1 -1 -1 -1 -1 -1  1 -1 -1 -1 -1 -1 -1] [ 3 11 18 19 20 21 26 27 28 29 34 35 36 37] [ 3845  8540  9700  4579 10402 10626  4541  9777  9703  7181  8031 13479
  8688 13563] [] 1716193580.4596831799
[-1 -1 -1 -1 -1 -1 -1 -1 -1 -1 -1 -1 -1  1] [ 3 11 18 19 20 21 26 27 28 29 34 35 36 37] [ 3943  8821 10522  5639 11130 10890  5778 10018  9978  7346  8253 14703
 11491 13058] [] 1716193580.5026850700
[-1  1 -1 -1  1  1 -1 -1 -1  1  1  1  1 -1] [ 3 11 18 19 20 21 26 27 28 29 34 35 36 37] [ 4087  8695 10546  5681 10650 10825  6226 10065 10387  7308  8244 14654
 10951 13071] [] 1716193580.5456864834
[-1  1 -1 -1 -1 -1 -1  1 -1 -1 -1 -1 -1 -1] [ 3 11 18 19 20 21 26 27 28 29 34 35 36 37] [ 4503  8673 10559  5871 11096 10916  7247 10046 10447  7475  9646 14936
 12115 13147] [] 1716193580.5886857510
[ 1 -1 -1 -1 -1 -1  1 -1 -1 -1 -1 -1  1 -1] [ 3 11 18 19 20 21 26 27 28 29 34 35 36 37] [ 4475  8702 10654  6001 11411 11046  7100 10094 10540  7487 10203 15394
 11969 13439] [] 1716193580.6316754818
[-1 -1 -1 -1 -1 -1 -1 -1  1 -1 -1] [ 3 11 18 19 20 26 27 28 29 34 36] [ 5529  8726 11749  6360 11475  7306 11717 10575  7405 12675 12906] [] 1716193580.6746296883
[-1  1  1 -1  1 -1 -1  1 -1  1  1] [ 3 11 18 19 20 26 27 28 29 34 36] [ 5621  8723 11329  6489 11453  8189 12405 10509  7531 12524 12877] [] 1716193580.7176353931
[-1  1 -1 -1  1 -1  1 -1  1] [ 3 11 19 20 26 27 28 29 36] [ 6009  8658  6971 11919  7938 12412 10375  7542 12781] [] 1716193580.7606828213
[-1 -1 -1 -1 -1 -1 -1 -1 -1] [ 3 11 19 20 26 27 28 29 36] [ 6094  8687  8191 12198  8220 12455 10459  7660 13180] [] 1716193580.8036370277
[-1 -1 -1 -1 -1 -1 -1 -1 -1] [ 3 11 19 20 26 27 28 29 36] [ 8613  8769  9502 12650  8386 12571 10509 10437 13658] [] 1716193580.8466105461
[-1 -1 -1 -1 -1  1 -1 -1 -1] [ 3 11 19 20 26 27 28 29 36] [ 8652  8879  9722 13864  8569  8915 10606 10569 13951] [] 1716193580.8897190094
[-1 -1 -1 -1 -1  1 -1  1 -1] [ 3 11 19 20 26 27 28 29 36] [ 8800  8911  9873 15125  8701  8886 10754 10554 14227] [] 1716193580.9326872826
[-1 -1  1 -1 -1  1 -1] [ 3 11 19 26 27 28 29] [ 9083  8978  9833 10510  9254 10421 10767] [] 1716193580.9755938053
[-1 -1 -1 -1 -1  1  1] [ 3 11 19 26 27 28 29] [13147  9106  9871 10735 11223 10391 10695] [] 1716193581.0185959339
[-1 -1 -1 -1 -1 -1] [11 19 26 27 28 29] [ 9303 10059 10956 11272 10516 10719] [] 1716193581.0617196560
[-1 -1 -1 -1 -1 -1] [11 19 26 27 28 29] [ 9547 10412 11776 11636 10719 11260] [] 1716193581.1047499180
[ 1 -1  1] [11 27 28] [ 9061 14725 10170] [] 1716193581.1476221085
[-1  1 -1] [11 27 28] [ 9513 12027 10789] [] 1716193581.1906294823
[-1 -1] [11 28] [ 9599 10861] [] 1716193581.2335653305
[1] [28] [10700] [] 1716193581.2766320705
[-1] [28] [11106] [] 1716193581.3195755482
[-1] [28] [11521] [] 1716193581.3625636101
2 2 2 1716193581.4897031784
