FA TAX ADC PRES TS
[-1  1] [11 19] [11355  9236] [] 1716192851.6335504055
[1 1] [11 19] [11341  9210] [] 1716192851.6765298843
[-1  1] [11 19] [11353  9156] [] 1716192851.7195870876
[1 1] [11 19] [11313  8888] [] 1716192851.7625508308
[1 1] [11 19] [10944  8330] [] 1716192851.8055386543
[1 1] [11 19] [10820  8127] [] 1716192851.8485774994
[1 1] [11 19] [10568  7690] [] 1716192851.8915328979
[ 1  1 -1] [11 19 27] [10087  7159 12816] [] 1716192851.9345664978
[ 1  1 -1] [11 19 27] [10027  7021 12947] [] 1716192851.9775454998
[1 1 1] [11 19 27] [ 9723  6529 12412] [] 1716192852.0206105709
[1 1 1] [11 19 27] [ 9511  5895 12139] [] 1716192852.0635414124
[ 1  1  1 -1 -1] [11 19 27 28 44] [ 9296  5658 11884 12015 14028] [] 1716192852.1065361500
[1 1 1 1 1] [11 19 27 28 44] [ 9101  5431 11739 11757 13426] [] 1716192852.1495687962
[-1  1  1  1  1] [11 19 27 28 44] [ 9104  5268 11630 11396 12959] [] 1716192852.1925632954
[-1  1  1  1  1  1] [10 11 19 27 28 44] [14054  9002  5135 11567 11201 12860] [] 1716192852.2356204987
[ 1  1  1  1  1 -1] [10 11 19 27 28 44] [12923  8930  4997 11508 10938 12960] [] 1716192852.2785708904
[ 1 -1  1  1  1  1] [10 11 19 27 28 44] [12042  8939  4981 11394 10830 12605] [] 1716192852.3215599060
[-1  1 -1  1  1  1 -1] [ 3 10 11 19 27 28 44] [12858 11104  8959  4790 10730 10781 12661] [] 1716192852.3645482063
[ 1  1  1 -1  1 -1  1] [ 3 10 11 19 27 28 44] [10083 10889  8949  4853 10722 10804 12637] [] 1716192852.4075810909
[ 1  1  1  1  1 -1 -1 -1  1] [ 3 10 11 19 27 28 29 35 44] [ 8150 10602  8898  4850  8521 10897 12050 15994 12443] [] 1716192852.4505581856
[ 1  1  1  1 -1  1  1  1  1 -1] [ 3 10 11 19 20 27 28 29 35 44] [ 7973 10122  8814  4679 16163  7949 10815 11749 15890 12499] [] 1716192852.4935786724
[1 1 1 1 1 1 1 1 1 1] [ 3 10 11 19 20 27 28 29 35 44] [ 7687 10078  8796  4637 15076  7878 10733 11327 15387 12412] [] 1716192852.5366020203
[1 1 1 1 1 1 1 1 1 1] [ 3 10 11 19 20 27 28 29 35 44] [ 5606  8858  6313  4513 13132  7755 10728 10956 15257 12263] [] 1716192852.5795710087
[ 1  1  1  1  1 -1  1  1  1 -1] [ 3 10 11 19 20 27 28 29 35 44] [ 5448  7654  6113  4418 11894  7777 10550 10493 15161 12281] [] 1716192852.6225855350
[-1  1 -1 -1  1 -1 -1 -1  1 -1 -1] [ 3 10 11 19 20 26 27 28 29 35 44] [ 5456  7371  6167  4481 11564 13117  7838 10731 10441 15164 12330] [] 1716192852.6656153202
[-1  1  1  1  1 -1  1  1  1 -1 -1  1] [ 3 10 11 19 20 21 26 27 28 29 35 44] [ 5503  7211  5841  4449 11291 14424 11084  7718 10584 10470 15287 11961] [] 1716192852.7086043358
[ 1  1  1  1  1  1  1  1 -1 -1  1  1] [ 3 10 11 19 20 21 26 27 28 29 35 44] [ 5390  6629  5529  4443 10810 11724  9286  7170 10691 10711 13937  9703] [] 1716192852.7515861988
[ 1  1  1  1  1  1  1  1 -1  1  1  1 -1] [ 3 10 11 19 20 21 26 27 28 29 35 44 51] [ 5282  5879  4916  4315 10518 11235  8904  6998 10831 10667 12782  9587
 12935] [] 1716192852.7945823669
[1 1 1 1 1 1 1 1 1 1 1 1 1] [ 3 10 11 19 20 21 26 27 28 29 35 44 51] [ 5279  5666  4438  4150 10430 11083  8863  6919 10783 10661 12184  9454
 11066] [] 1716192852.8376164436
[ 1  1  1  1  1 -1  1  1  1  1  1 -1  1] [ 3 10 11 19 20 21 26 27 28 29 35 44 51] [ 5181  5440  4305  4103 10014 11353  7323  6748 10093 10510 11949  9492
 10858] [] 1716192852.8806712627
[1 1 1 1 1 1 1 1 1 1 1 1 1] [ 3 10 11 19 20 21 26 27 28 29 35 44 51] [ 4613  5089  4172  3957  9954 10834  6979  6619  9514 10487 11748  9387
 10778] [] 1716192852.9235904217
[ 1  1  1 -1 -1  1 -1  1 -1  1  1 -1 -1  1  1] [ 3 10 11 18 19 20 21 26 27 28 29 35 36 44 51] [ 4343  4852  3995 14136  3982  9882 10852  6843  6652  9342 10457 11763
 13651  9266 10611] [] 1716192852.9666135311
[1 1 1 1 1 1 1 1 1 1 1 1 1 1 1] [ 3 10 11 18 19 20 21 26 27 28 29 35 36 44 51] [ 4223  4642  3818 12146  3903  9610 10623  6609  6426  8659 10386 11729
 11740  8325 10578] [] 1716192853.0096147060
[ 1  1  1  1  1  1  1  1 -1  1  1  1  1  1  1] [ 3 10 11 18 19 20 21 26 27 28 29 35 36 44 51] [ 4090  4233  3557 11781  3841  8037 10595  6152  6497  7873 10047 11441
 11302  8260 10439] [] 1716192853.0525908470
[-1  1  1  1  1  1 -1  1  1  1  1  1  1  1  1] [ 3 10 11 18 19 20 21 26 27 28 29 35 36 44 51] [ 4095  4073  3430 11168  3801  7600 10676  5767  6458  6618  9188  8207
 11152  8156 10343] [] 1716192853.0957415104
[1 1 1 1 1 1 1 1 1 1 1 1 1 1 1] [ 3 10 11 18 19 20 21 26 27 28 29 35 36 44 51] [ 3991  3932  3131 10931  3744  7278 10472  5530  6437  5938  8799  7825
 10898  7576 10330] [] 1716192853.1385958195
[ 1  1  1  1  1  1  1  1  1  1 -1  1  1  1  1] [ 3 10 11 18 19 20 21 26 27 28 29 35 36 44 51] [ 3948  3763  3043 10654  3700  7206 10334  5429  6211  5212  8869  7408
 10389  7293  9224] [] 1716192853.1816294193
[ 1  1  1  1  1  1 -1  1  1  1  1  1  1  1  1] [ 3 10 11 18 19 20 21 26 27 28 29 35 36 44 51] [ 3759  3694  2986 10360  3626  6696 10356  4894  6093  4829  8579  6184
 10010  7133  9198] [] 1716192853.2246127129
[ 1  1  1  1 -1  1  1  1  1  1  1  1  1  1  1] [ 3 10 11 18 19 20 21 26 27 28 29 35 36 44 51] [ 3660  3570  2899 10338  3628  5713 10172  4546  6025  4579  7993  5963
  9929  6510  9176] [] 1716192853.2675788403
[ 1  1  1  1  1  1  1  1  1  1 -1  1  1 -1  1] [ 3 10 11 18 19 20 21 26 27 28 29 35 36 44 51] [ 3549  3475  2833 10178  3547  5341 10143  4179  5976  4111  8032  5763
  7876  6518  7732] [] 1716192853.3106286526
[ 1  1  1  1  1 -1  1  1  1  1  1  1  1 -1 -1 -1] [ 3 10 11 18 19 20 21 26 27 28 29 35 36 42 44 51] [ 3490  3397  2804 10024  3447  5412  8748  4045  5916  3849  6358  5666
  7155 13129  6538  7905] [] 1716192853.3536019325
[-1 -1  1  1  1  1  1 -1 -1  1  1  1  1  1  1  1  1] [ 2  3 10 11 18 19 20 21 26 27 28 29 35 36 42 44 51] [14553  3559  3397  2783  9913  3385  5216  8803  4047  5892  3660  6215
  5610  6355 12737  5951  6103] [] 1716192853.3966355324
[1 1 1 1 1 1 1 1 1 1 1 1 1 1 1 1 1] [ 2  3 10 11 18 19 20 21 26 27 28 29 35 36 42 44 51] [13026  3370  3365  2739  9765  3267  4751  8653  3834  5604  3341  6159
  5532  5820 12413  5874  5538] [] 1716192853.4395670891
[ 1  1 -1  1 -1  1  1  1  1  1  1  1  1  1  1  1  1 -1] [ 2  3 10 11 18 19 20 21 26 27 28 29 35 36 42 44 51 53] [ 8900  3319  3369  2698  9769  3237  4286  8627  3751  5566  3154  5931
  5398  5585 12149  5558  5334 12938] [] 1716192853.4825868607
[ 1  1 -1 -1  1  1  1  1  1 -1  1  1 -1  1  1 -1 -1 -1  1 -1 -1] [ 2  3 10 11 18 19 20 21 26 27 28 29 34 35 36 42 44 45 51 52 53] [ 8755  3172  3380  2719  9730  3180  4155  8596  3723  5589  3005  5719
 10910  5392  5299 12191  5568 14299  4985 11729 12952] [] 1716192853.5256202221
[ 1  1  1  1  1  1  1  1  1  1  1 -1  1 -1  1  1  1  1  1  1  1] [ 2  3 10 11 18 19 20 21 26 27 28 29 34 35 36 42 44 45 51 52 53] [ 8573  3078  3328  2646  9430  3098  4003  8596  3621  5530  2798  5751
 10097  5484  5135 12150  5493 13987  4508 10411 12633] [] 1716192853.5686235428
[-1  1  1  1  1  1  1  1  1  1  1  1  1  1 -1  1  1  1  1  1  1  1] [ 1  2  3 10 11 18 19 20 21 26 27 28 29 34 35 36 42 44 45 51 52 53] [16062  8473  3005  3262  2629  9194  3071  3884  8533  3547  5476  2763
  5185 10000  5494  4949 12015  5359 12744  4231  7832 12370] [] 1716192853.6116166115
[-1  1  1  1  1  1  1  1  1  1  1  1  1  1  1  1 -1  1  1  1  1 -1] [ 1  2  3 10 11 18 19 20 21 26 27 28 29 34 35 36 42 44 45 51 52 53] [16148  8307  2903  3207  2515  9085  2910  3756  6801  3423  5309  2617
  4821  9741  5406  4767 12122  5143 10131  4121  6708 12474] [] 1716192853.6546158791
[ 1  1  1  1  1 -1 -1  1 -1  1  1  1  1  1  1  1  1 -1 -1  1 -1 -1  1  1
  1] [ 1  2  3 10 11 13 18 19 20 21 26 27 28 29 34 35 36 37 42 44 45 46 51 52
 53] [15998  8239  2895  3154  2440 13038  9190  2831  3816  6090  3364  5237
  2555  4679  9689  5047  4415 16380 12555  4975 10310 13395  3605  6052
 11494] [] 1716192853.6976308823
[ 1  1  1  1  1  1  1  1  1  1  1  1  1 -1  1  1  1  1 -1  1  1  1  1  1
  1 -1 -1] [ 1  2  3 10 11 13 18 19 20 21 26 27 28 29 34 35 36 37 38 42 44 45 46 51
 52 53 54] [15647  7971  2775  3098  2340 10368  8925  2731  3713  5463  3285  5093
  2466  4789  9594  4834  4218 13426 14882 12159  4834  8882 11659  3435
  5809 12566 12704] [] 1716192853.7406747341
[ 1  1  1  1  1  1  1  1  1  1  1  1  1 -1  1  1  1  1  1 -1  1  1  1 -1
  1  1  1  1] [ 1  2  3 10 11 13 18 19 20 21 26 27 28 29 34 35 36 37 38 42 44 45 46 47
 51 52 53 54] [15635  7578  2715  3079  2247  9313  8912  2550  3609  5138  3143  5034
  2404  4983  9437  4814  4165 13276 14446 12233  4740  8457  9566 13990
  3372  5782 12143 10170] [] 1716192853.7837209702
[ 1  1  1  1  1  1  1  1  1  1 -1  1  1  1 -1  1  1  1  1  1 -1  1  1 -1
  1  1  1  1  1] [ 1  2  3 10 11 13 18 19 20 21 23 26 27 28 29 34 35 36 37 38 42 44 45 46
 47 51 52 53 54] [15567  7081  2655  3044  2191  7694  8898  2492  3598  4836 14391  3035
  4925  2341  5083  9164  4680  3997 12850 14324 12482  4548  7069 11399
 13487  3213  5496  8763  9858] [] 1716192853.8267087936
[-1  1  1  1  1  1 -1  1  1  1  1  1  1  1  1  1  1  1  1  1  1  1  1  1
  1  1  1  1  1  1] [ 1  2  3 10 11 13 15 18 19 20 21 23 26 27 28 29 34 35 36 37 38 42 44 45
 46 47 51 52 53 54] [15590  6788  2603  3016  2157  6243 14747  8726  2368  3402  4366 13891
  2967  4843  2257  4914  8695  4288  3756 11572 13984 12293  4402  6959
  9942 13375  3108  5240  8691  9619] [] 1716192853.8696784973
[ 1  1  1  1  1  1  1 -1  1  1  1 -1  1  1  1 -1  1  1  1  1  1  1  1  1
  1 -1  1  1  1  1 -1 -1] [ 1  2  3 10 11 13 15 18 19 20 21 23 26 27 28 29 34 35 36 37 38 42 44 45
 46 47 51 52 53 54 55 60] [15503  6584  2470  2960  2083  5143 14261  8798  2319  3190  3993 14326
  2923  4781  2178  4935  7819  4242  3632  9898 13830 11975  4314  6911
  7951 13455  2891  5161  8360  9600 11563 12679] [] 1716192853.9126861095
[-1 -1  1  1  1  1  1 -1  1  1  1 -1  1  1  1  1  1  1  1  1  1  1  1  1
  1  1  1  1  1  1  1  1] [ 1  2  3 10 11 13 15 18 19 20 21 23 26 27 28 29 34 35 36 37 38 42 44 45
 46 47 51 52 53 54 55 60] [15659  6589  2401  2898  2059  4833 13779  8913  2287  3056  3683 14641
  2899  4561  2129  4743  6715  4240  3551  9409 13794 11859  4195  6789
  7469 13381  2694  5056  8325  9533  8406 12055] [] 1716192853.9556965828
[ 1  1  1  1  1  1  1  1  1  1  1  1  1  1  1  1  1  1  1  1  1  1  1  1
  1  1 -1  1  1 -1  1  1] [ 1  2  3 10 11 13 15 18 19 20 21 23 26 27 28 29 34 35 36 37 38 42 44 45
 46 47 51 52 53 54 55 60] [15530  5715  2383  2880  2005  4432 13381  7729  2216  2965  3429 14270
  2875  4488  2062  4499  6271  4130  3487  8776  8391 11753  4006  6739
  6641 13319  2715  5016  8278  9550  7119 10165] [] 1716192853.9986875057
[-1  1  1 -1  1  1 -1  1  1  1  1  1  1  1  1  1  1 -1  1 -1  1 -1 -1  1
  1  1  1 -1  1  1 -1 -1  1  1 -1] [ 1  2  3 10 11 13 15 18 19 20 21 23 26 27 28 29 34 35 36 37 38 41 42 44
 45 46 47 50 51 52 53 54 55 60 61] [15736  5648  2299  2884  1999  4217 13599  7707  2124  2949  3281 13810
  2841  4410  2022  4475  6161  4146  3386  9098  6966 10361 11841  3712
  6708  5941 13307 13371  2631  4970  8281  9635  6740  9244  9727] [] 1716192854.0416703224
[-1  1  1 -1  1  1  1 -1  1  1  1  1  1  1  1  1  1  1  1  1  1  1  1 -1
  1  1  1  1  1  1  1  1  1  1  1  1] [ 1  2  3  5 10 11 13 15 18 19 20 21 23 26 27 28 29 34 35 36 37 38 41 42
 44 45 46 47 50 51 52 53 54 55 60 61] [15819  5378  2249 14345  2880  1927  4118 14287  7371  2067  2803  3083
 13421  2823  4401  1977  4447  6063  4057  3291  8776  6809 10274 11914
  3677  6615  5861 13251 13287  2600  4928  8269  9524  6676  8758  8793] [] 1716192854.0847306252
[-1  1 -1  1  1  1  1  1 -1  1  1  1 -1 -1  1  1  1  1  1  1 -1  1  1  1
  1  1  1  1 -1  1  1  1  1  1  1  1] [ 1  2  3  5 10 11 13 15 18 19 20 21 23 26 27 28 29 34 35 36 37 38 41 42
 44 45 46 47 50 51 52 53 54 55 60 61] [15887  5318  2251 13582  2852  1881  4031 14059  7426  2041  2786  3047
 13423  2831  4343  1937  4370  5621  4016  3261  9005  6767 10234 11828
  3650  6554  5854 13234 13736  2595  4880  8190  9380  6666  8370  8384] [] 1716192854.1279902458
[ 1  1  1  1  1  1  1 -1  1  1  1  1  1  1  1  1 -1 -1  1  1 -1  1  1  1
  1 -1  1  1 -1  1 -1 -1 -1  1  1  1] [ 1  2  3  5 10 11 13 15 18 19 20 21 23 26 27 28 29 34 35 36 37 38 41 42
 44 45 46 47 50 51 52 53 54 55 60 61] [15774  5261  2233 12925  2800  1863  4019 14061  7365  2014  2759  2959
 13386  2799  4332  1920  4381  5715  3968  3250  9032  6735 10231 11810
  3610  6598  5841 13183 13762  2589  4888  8217  9433  6500  8286  8120] [] 1716192854.1707198620
[-1  1  1  1  1 -1  1  1  1  1  1  1  1  1  1  1  1  1  1  1  1 -1 -1 -1
  1  1 -1  1 -1  1  1 -1  1 -1  1 -1] [ 1  2  3  5 10 11 13 15 18 19 20 21 23 26 27 28 29 34 35 36 37 38 41 42
 44 45 46 47 50 51 52 53 54 55 60 61] [15872  5254  2216 12621  2800  1883  3993 13902  7355  2006  2759  2911
 13271  2789  4310  1910  4366  5649  3944  3239  8862  6750 10323 11884
  3608  6523  5952 13183 14037  2557  4868  8259  9342  6724  8231 10136] [] 1716192854.2136828899
[ 1  1 -1 -1  1  1 -1  1 -1  1  1 -1  1 -1 -1  1  1 -1  1 -1 -1 -1  1 -1
 -1 -1  1 -1  1  1  1 -1 -1 -1] [ 1  2  3  5 10 11 13 15 18 19 20 21 23 26 27 28 29 34 35 36 37 38 42 44
 45 46 47 50 51 52 53 54 55 60] [15654  5254  2257 12783  2792  1847  4009 13759  7428  1998  2739  2943
 13271  2815  4358  1910  4347  5658  3928  3253  8964  7324 11817  3632
  6532  6096 13159 16031  2532  4776  8163  9370  8874  9374] [] 1716192854.2566926479
[-1 -1  1  1 -1 -1 -1 -1 -1 -1 -1 -1  1 -1 -1  1 -1  1 -1  1 -1  1 -1 -1
 -1 -1 -1  1 -1  1 -1] [ 1  2  3 10 11 13 15 18 19 20 21 23 26 27 28 29 34 35 36 37 38 42 44 45
 46 47 51 52 53 54 60] [15814  5271  2211  2786  1883  4093 13991  7444  2013  2769  2995 13279
  2763  4370  1942  4344  5720  3912  3275  8851  8862 11715  3737  6580
  7338 13320  2579  4718  8183  9239 11243] [] 1716192854.2997455597
[-1 -1 -1  1 -1  1  1 -1 -1 -1 -1 -1 -1  1 -1 -1 -1 -1 -1 -1 -1 -1 -1 -1
 -1 -1 -1 -1 -1 -1] [ 1  2  3 10 11 13 15 18 19 20 21 23 26 27 28 29 34 35 36 37 38 42 44 45
 46 47 51 52 53 54] [16012  5362  2267  2760  1925  4079 13499  7673  2079  2824  3187 13311
  2783  4287  1984  4369  5986  3952  3371  9387 13606 11725  3909  6696
  7574 13351  2594  4764  8245  9324] [] 1716192854.3426773548
[ 1 -1 -1 -1 -1 -1 -1 -1  1 -1 -1  1 -1 -1 -1 -1 -1 -1 -1  1 -1 -1 -1 -1
 -1 -1 -1 -1 -1 -1] [ 1  2  3 10 11 13 15 18 19 20 21 23 26 27 28 29 34 35 36 37 38 42 44 45
 46 47 51 52 53 54] [15716  5419  2287  2764  1954  4193 13507  8634  2054  2901  3335 13259
  2790  4299  2012  4391  6542  4016  3413  9320 13630 11748  4039  6825
  8582 13619  2755  4808 10140  9722] [] 1716192854.3856852055
[-1 -1 -1 -1 -1 -1 -1 -1 -1 -1 -1 -1 -1 -1 -1 -1 -1 -1 -1  1 -1 -1 -1 -1
 -1 -1 -1 -1 -1 -1] [ 1  2  3 10 11 13 15 18 19 20 21 23 26 27 28 29 34 35 36 37 38 42 44 45
 46 47 51 52 53 54] [15761  6199  2355  2772  1990  4559 13733  8664  2131  2963  3727 13361
  2822  4315  2047  4495  7071  4096  3599  9205 13786 11808  4087  6969
  8701 14135  2952  4904 10254 12489] [] 1716192854.4286794662
[ 1 -1 -1 -1 -1 -1 -1 -1 -1 -1  1 -1 -1 -1 -1 -1  1 -1  1 -1  1 -1 -1 -1
 -1 -1  1] [ 1  2  3 10 11 13 18 19 20 21 23 26 27 28 29 34 35 36 37 38 42 44 45 46
 51 52 53] [15726  6240  2443  2833  2008  4895  8666  2158  3200  4133 13262  2833
  4441  2119  4637  7315  4044  3679  9071 14667 11675  4395  7756 13613
  3125  5064 10175] [] 1716192854.4716641903
[ 1 -1 -1  1 -1 -1 -1 -1 -1 -1 -1 -1  1 -1  1 -1 -1 -1 -1 -1 -1 -1 -1 -1
  1] [ 1  2  3 10 11 13 18 19 20 21 23 26 27 28 29 34 35 36 37 42 44 45 51 52
 53] [15622  6383  2489  2826  2043  5356  8668  2275  3426  4301 13385  2970
  4437  2130  4575  8440  4096  3734 11088 11727  4520  7807  3302  5244
 10036] [] 1716192854.5146422386
[ 1 -1 -1 -1 -1 -1 -1 -1 -1 -1 -1 -1 -1 -1 -1  1 -1 -1 -1  1 -1 -1 -1 -1
 -1] [ 1  2  3 10 11 13 18 19 20 21 23 26 27 28 29 34 35 36 37 42 44 45 51 52
 53] [15616  6870  2567  2866  2090  6377  8684  2355  3578  4885 13516  3053
  4711  2197  4583  8159  4165  3806 12546 11690  4753 11376  3588  5441
 10187] [] 1716192854.5575971603
[ 1 -1 -1 -1 -1 -1 -1 -1 -1 -1  1 -1 -1 -1  1 -1 -1 -1 -1 -1 -1 -1 -1 -1
 -1] [ 1  2  3 10 11 13 18 19 20 21 23 26 27 28 29 34 35 36 37 42 44 45 51 52
 53] [15590  6907  2624  2915  2137  8295  8730  2492  3677  5311 13401  3076
  4747  2311  4558  9618  4461  3841 13183 11761  4922 11554  3992  5890
 10516] [] 1716192854.6006579399
[-1 -1 -1 -1 -1 -1 -1 -1 -1 -1  1 -1 -1 -1 -1 -1 -1 -1 -1  1 -1 -1 -1 -1] [ 1  2  3 10 11 13 18 19 20 21 23 26 27 28 29 34 35 36 42 44 45 51 52 53] [15722  7564  2718  2981  2235  9715  8856  2617  3713  5801 13275  3209
  4815  2416  4583  9695  4675  4228 11861  4898 11688  4136  6462 12726] [] 1716192854.6436126232
[ 1 -1 -1 -1 -1 -1 -1 -1 -1 -1  1 -1 -1 -1 -1 -1 -1 -1 -1 -1 -1 -1 -1] [ 1  2  3 10 11 13 18 19 20 21 23 26 27 28 29 34 35 36 42 44 45 51 52] [15584  8117  2751  2996  2254 12851  9022  2647  3831  6372 13253  3255
  4843  2454  4611 12330  4731  4340 13321  5044 11856  4750  7173] [] 1716192854.6865973473
[-1 -1 -1 -1 -1 -1 -1 -1 -1 -1 -1  1 -1 -1 -1  1  1  1 -1 -1 -1 -1] [ 1  2  3 10 11 13 18 19 20 21 23 26 27 28 29 35 36 42 44 45 51 52] [15720  8241  2815  3032  2349 16011  9395  2779  3970  7074 13457  3255
  4876  2589  4678  4730  4330 13222  5238 13252  5075  8482] [] 1716192854.7296671867
[ 1 -1 -1 -1 -1  1 -1  1 -1 -1 -1 -1 -1 -1 -1 -1  1 -1] [ 1  2  3 10 11 18 19 20 21 23 26 27 28 29 35 36 44 51] [15510  8440  2918  3072  2453  9364  2931  3902  8259 13676  3404  4927
  2770  5199  4856  4505  5176  5413] [] 1716192854.7726564407
[ 1 -1 -1  1 -1  1 -1 -1 -1  1 -1 -1 -1 -1 -1 -1 -1 -1] [ 1  2  3 10 11 18 19 20 21 23 26 27 28 29 35 36 44 51] [15294 11839  2988  3047  2491  9357  3005  4111  8365 13324  3529  5003
  2867  5813  4894  4543  5440  7581] [] 1716192854.8156170845
[-1 -1 -1 -1 -1 -1 -1 -1  1 -1 -1 -1 -1  1 -1 -1  1 -1] [ 1  2  3 10 11 18 19 20 21 23 26 27 28 29 35 36 44 51] [15554 12634  3206  3083  2557  9560  3055  4265  8256 13783  3806  5176
  3196  5807  4952  5003  5434  7785] [] 1716192854.8586215973
[ 1 -1 -1 -1 -1 -1 -1 -1  1 -1 -1 -1 -1 -1 -1 -1 -1 -1] [ 1  2  3 10 11 18 19 20 21 23 26 27 28 29 35 36 44 51] [15494 12741  3285  3129  2595  9586  3089  4411  8255 14484  3878  5190
  3303  5904  5366  5240  5662  7934] [] 1716192854.9015927315
[-1 -1 -1 -1 -1 -1 -1 -1 -1 -1 -1 -1 -1 -1 -1 -1] [ 2  3 10 11 18 19 20 21 26 27 28 29 35 36 44 51] [12926  3470  3244  2650  9862  3261  4937  8321  4257  5516  3505  6998
  5613  6101  6048  8034] [] 1716192854.9446239471
[-1 -1 -1 -1 -1  1  1 -1 -1 -1 -1 -1 -1 -1 -1 -1] [ 2  3 10 11 18 19 20 21 26 27 28 29 35 36 44 51] [13404  3502  3301  2684  9902  3255  4925  8495  4535  5554  3732  7023
  5650  6300  6540  8321] [] 1716192854.9875845909
[ 1 -1 -1 -1 -1 -1 -1 -1 -1 -1 -1 -1 -1 -1 -1] [ 3 10 11 18 19 20 21 26 27 28 29 35 36 44 51] [3480 3391 2751 9921 3298 5457 9978 4994 5637 4124 7190 5745 7513 7862
 8400] [] 1716192855.0305638313
[-1 -1 -1 -1 -1 -1 -1 -1 -1 -1 -1 -1 -1 -1  1] [ 3 10 11 18 19 20 21 26 27 28 29 35 36 44 51] [ 3557  3449  2827 10131  3424  6267 10264  5863  5735  4634  7662  5978
  9341  8163  8356] [] 1716192855.0736734867
[-1 -1 -1 -1 -1 -1  1 -1 -1 -1 -1 -1 -1 -1 -1] [ 3 10 11 18 19 20 21 26 27 28 29 35 36 44 51] [ 3775  3617  2923 10373  3463  6675 10080  6166  5736  5046  8423  6492
 10447  8859 10811] [] 1716192855.1166822910
[-1 -1 -1 -1 -1 -1  1 -1 -1 -1 -1 -1 -1 -1  1] [ 3 10 11 18 19 20 21 26 27 28 29 35 36 44 51] [ 4005  3863  3150 10492  3515  9057 10048  8201  5760  7925  8787  7735
 12247  8938 10734] [] 1716192855.1596083641
[-1 -1 -1 -1 -1 -1 -1 -1 -1 -1 -1 -1 -1 -1] [ 3 10 11 19 20 21 26 27 28 29 35 36 44 51] [ 4068  4221  3478  3540  9187 10243  8312  5845  8729  9489  7836 12656
  9224 10868] [] 1716192855.2025601864
[-1 -1 -1 -1 -1 -1 -1 -1 -1 -1 -1 -1 -1 -1] [ 3 10 11 19 20 21 26 27 28 29 35 36 44 51] [ 4162  4610  3671  3571  9488 10308  8607  5907  9423 10426  7870 16120
  9455 11101] [] 1716192855.2456474304
[-1 -1 -1 -1 -1 -1 -1 -1 -1 -1 -1 -1] [ 3 10 11 19 20 21 26 27 28 29 35 44] [ 4223  4822  4002  3592  9691 10328 10372  5918 10064 10610  7933  9509] [] 1716192855.2886097431
[-1 -1 -1 -1 -1 -1 -1 -1 -1  1 -1 -1] [ 3 10 11 19 20 21 26 27 28 29 35 44] [ 5031  5246  4242  3660  9997 10426 10699  6033 10104 10542 10262  9885] [] 1716192855.3315911293
[-1 -1 -1 -1 -1 -1 -1 -1 -1 -1 -1] [ 3 10 11 19 20 21 27 28 29 35 44] [ 5131  5811  4754  3718 10461 10781  6152 10180 10913 10924 11910] [] 1716192855.3745515347
[-1 -1 -1 -1 -1 -1 -1 -1 -1  1 -1] [ 3 10 11 19 20 21 27 28 29 35 44] [ 5166  6420  5004  3779 10837 10878  6317 10351 11078 10633 12385] [] 1716192855.4175949097
[-1 -1 -1 -1 -1 -1 -1 -1 -1  1  1] [ 3 10 11 19 20 21 27 28 29 35 44] [ 5267  7181  6141  3948 11610 11288  6421 10528 11477 10599 12323] [] 1716192855.4605529308
[-1 -1 -1 -1 -1 -1 -1 -1 -1 -1 -1] [ 3 10 11 19 20 21 27 28 29 35 44] [ 6981  8060  8110  4107 12904 11316  6627 10640 11543 11293 12538] [] 1716192855.5035729408
[-1 -1 -1 -1 -1 -1 -1  1  1 -1] [ 3 10 11 19 20 21 27 28 35 44] [ 7291  8952  8674  4153 15070 11608  6759 10569 11150 12639] [] 1716192855.5465524197
[-1 -1 -1 -1 -1 -1 -1 -1  1] [ 3 10 11 19 21 27 28 35 44] [ 7714  9390  8751  4230 12276  7513 10683 13600 12631] [] 1716192855.5895755291
[-1  1  1 -1 -1  1  1] [10 11 19 27 28 35 44] [ 9890  8632  4204  7553 11050 13529 12573] [] 1716192855.6325867176
[-1 -1 -1 -1 -1 -1 -1] [10 11 19 27 28 35 44] [10281  8743  4369  7724 11219 14786 12591] [] 1716192855.6755673885
[-1 -1 -1 -1  1] [10 11 19 27 28] [11026  8854  4523  9697 11199] [] 1716192855.7185432911
[-1 -1 -1 -1 -1] [10 11 19 27 28] [11882  8947  4694  9826 11367] [] 1716192855.7615573406
[-1 -1 -1 -1] [10 11 19 27] [13418  9108  4905  9916] [] 1716192855.8046362400
[-1 -1 -1 -1] [10 11 19 27] [15081  9375  5311 12203] [] 1716192855.8476915359
[-1 -1 -1] [11 19 27] [ 9608  5616 12396] [] 1716192855.8907053471
[1 1] [11 19] [9582 5517] [] 1716192855.9337010384
[-1 -1] [11 19] [9844 6003] [] 1716192855.9767546654
[-1 -1] [11 19] [10572  7689] [] 1716192856.0196819305
[ 1 -1] [11 19] [10252  9539] [] 1716192856.0626513958
[ 1 -1] [11 19] [10230  9919] [] 1716192856.1055800915
[-1 -1 -1] [11 19 27] [10246 10658 14306] [] 1716192856.1486940384
[1 1] [11 19] [ 9769 10335] [] 1716192856.2097868919
2 2 2 1716192856.2100996971
