FA TAX ADC PRES TS
[-1 -1] [11 28] [12788 12183] [] 1716195574.7658648491
[1 1] [11 28] [ 9938 11479] [] 1716195574.8089122772
[1 1] [11 28] [ 9816 11261] [] 1716195574.8517911434
[1 1] [11 28] [ 9382 11046] [] 1716195574.8948800564
[-1 -1 -1 -1] [11 19 28 44] [ 9662 10812 11360 12963] [] 1716195574.9378514290
[ 1  1 -1  1] [11 19 28 44] [ 9587 10646 11378 12767] [] 1716195574.9809010029
[ 1  1 -1 -1  1] [11 19 27 28 44] [ 9501 10494 13356 11428 12584] [] 1716195575.0240197182
[1 1 1 1 1] [11 19 27 28 44] [ 9142 10063 12937 11362 12557] [] 1716195575.0669670105
[-1  1 -1 -1  1 -1  1] [11 19 20 21 27 28 44] [ 9156  9808 14620 12119 12897 11475 10299] [] 1716195575.1099197865
[-1 -1  1  1  1  1  1  1] [ 3 11 19 20 21 27 28 44] [ 9520  9198  8229 13235 11208 12593 11386  9923] [] 1716195575.1529529095
[ 1  1  1  1  1  1  1 -1  1] [ 3 11 19 20 21 27 28 29 44] [ 8035  9100  7314 12646 11091 12503 11354 12442  8656] [] 1716195575.1960716248
[ 1  1  1  1  1  1  1  1 -1 -1  1] [ 3 11 19 20 21 27 28 29 34 42 44] [ 7779  8997  6964 12428 10897 12407 11253 11870 12423 13937  7124] [] 1716195575.2389969826
[ 1 -1  1  1 -1 -1 -1 -1  1  1  1  1] [ 3 11 19 20 21 26 27 28 29 34 42 44] [ 7636  9077  6347 12291 10943 11145 12451 11338 11242 12131 12743  6564] [] 1716195575.2818524837
[1 1 1 1 1 1 1 1 1 1 1 1] [ 3 11 19 20 21 26 27 28 29 34 42 44] [ 5673  8982  5627 11897 10796 11029 12366 11210 10985 11799 12449  6212] [] 1716195575.3249804974
[ 1  1  1  1  1  1 -1  1  1  1  1  1] [ 3 11 19 20 21 26 27 28 29 34 42 44] [ 5394  8917  5185 11355 10505 10849 12523 11118 10648 11632 11565  6128] [] 1716195575.3679931164
[ 1  1  1  1 -1  1  1  1  1  1  1  1] [ 3 11 19 20 21 26 27 28 29 34 42 44] [ 5227  7548  4810 11185 10590 10620 10137 10997 10425 11523 10734  5765] [] 1716195575.4109547138
[1 1 1 1 1 1 1 1 1 1 1 1] [ 3 11 19 20 21 26 27 28 29 34 42 44] [ 4660  6647  4469 10995 10382  8740  9826  9671 10256  8782 10191  5465] [] 1716195575.4539568424
[ 1 -1  1  1  1  1 -1  1 -1  1 -1  1 -1  1 -1] [ 3 10 11 19 20 21 23 26 27 28 29 34 42 44 45] [ 4338 15057  5516  4350 10901 10317 14392  8651  9913  8860 10303  8737
 10522  4884 12848] [] 1716195575.4969601631
[ 1  1  1 -1  1  1  1  1  1  1  1 -1  1  1  1  1] [ 3 10 11 18 19 20 21 23 26 27 28 29 34 42 44 45] [ 4282 12418  5203 11251  4242  9626 10117 13754  8575  9390  7994 10370
  8621  9802  4092 11323] [] 1716195575.5399606228
[ 1  1  1  1  1  1  1  1  1  1  1 -1  1  1  1  1] [ 3 10 11 18 19 20 21 23 26 27 28 29 34 42 44 45] [ 3980 10320  4808 10532  4105  8748 10044 13562  8171  9091  6690 10397
  7703  9423  3839  9310] [] 1716195575.5831658840
[ 1  1  1  1  1 -1 -1  1  1  1  1  1  1  1  1  1 -1] [ 3 10 11 18 19 20 21 23 26 27 28 29 34 42 44 45 53] [ 3903  9789  4456 10185  3982  8786 10058 13365  8169  8999  6515 10255
  7370  8210  3678  7695 14243] [] 1716195575.6261501312
[ 1  1  1  1  1  1  1  1  1  1  1  1  1 -1  1  1 -1  1] [ 3 10 11 18 19 20 21 23 26 27 28 29 34 37 42 44 45 53] [ 3843  8956  4143  9886  3843  8085  9998 13098  8061  8947  5765 10095
  7184 16351  7641  3676  7714  8108] [] 1716195575.6692113876
[ 1  1  1 -1  1  1  1  1  1  1  1 -1  1 -1  1  1  1 -1 -1  1] [ 3 10 11 18 19 20 21 23 26 27 28 29 34 35 37 42 44 45 50 53] [ 3785  8751  4016  9967  3843  7887  9751 12919  7803  8922  5199 10162
  7109 13359 12718  7266  3623  7796 10107  6879] [] 1716195575.7121882439
[ 1  1  1  1  1 -1  1 -1 -1 -1  1  1  1  1 -1  1  1  1  1  1] [ 3 10 11 18 19 20 21 23 26 27 28 29 34 35 37 42 44 45 50 53] [ 3779  8555  3881  7887  3691  7936  9751 12988  7886  9094  4925  8591
  6206 12516 12726  7105  3343  7449  8341  6549] [] 1716195575.7551712990
[-1  1  1  1  1  1  1 -1 -1  1  1  1  1  1  1 -1 -1  1  1  1  1  1] [ 1  3 10 11 18 19 20 21 23 26 27 28 29 34 35 36 37 42 44 45 50 53] [15944  3720  8041  3727  7319  3645  7783  9977 13095  7701  7228  4637
  8138  6030 11528 13384 12864  6434  3077  7314  7448  6334] [] 1716195575.7981381416
[-1  1  1  1  1  1  1 -1  1  1  1  1 -1  1 -1 -1  1 -1 -1  1 -1 -1 -1] [ 3 10 11 18 19 20 21 23 26 27 28 29 34 35 36 37 42 44 45 50 52 53 61] [ 3735  7566  3445  7185  3557  7720  9968 13217  7677  7128  4467  7042
  6043 11397 13681 12867  5830  3168  7607  6410 15084  6479  7301] [] 1716195575.8411717415
[-1  1  1  1  1  1  1  1 -1 -1  1  1  1  1 -1 -1  1  1 -1  1  1 -1  1 -1
  1 -1  1] [ 2  3 10 11 18 19 20 21 23 26 27 28 29 34 35 36 37 42 43 44 45 46 50 51
 52 53 61] [15523  3527  6976  3365  5831  3400  7472  9855 13335  7735  6566  4249
  6435  5609 11695 13691 12148  5749 15791  3160  7537 11368  6031 11384
 13883  6714  7084] [] 1716195575.8842489719
[-1  1  1  1  1  1  1  1 -1 -1  1 -1  1  1  1  1  1  1 -1 -1 -1  1  1  1
  1  1  1  1  1] [ 1  2  3 10 11 18 19 20 21 23 26 27 28 29 34 35 36 37 41 42 43 44 45 46
 50 51 52 53 61] [15916 15143  3403  6767  3241  5724  3357  7243  9952 13563  6838  6637
  4085  6395  5503 11421 13495 11386 13013  5818 15807  3072  7411 10772
  5572 10937 13427  6304  6840] [] 1716195575.9272696972
[ 1  1  1  1  1  1  1  1  1  1  1  1  1  1 -1  1  1  1  1  1  1  1  1  1
  1  1  1  1  1] [ 1  2  3 10 11 18 19 20 21 23 26 27 28 29 34 35 36 37 41 42 43 44 45 46
 50 51 52 53 61] [14818 14503  3327  6300  3181  5671  3315  6489  9896 13551  5977  6442
  3705  6323  5521  9461 12776 11200 12550  5054 14123  2932  7183  8998
  5000  8316 12397  5879  6552] [] 1716195575.9701790810
[ 1  1  1  1  1  1  1  1  1  1  1  1  1  1 -1  1  1 -1  1  1  1  1  1 -1
  1  1  1  1  1] [ 1  2  3 10 11 18 19 20 21 23 26 27 28 29 34 35 36 37 41 42 43 44 45 46
 50 51 52 53 61] [14183 11463  3273  5422  3031  4981  3223  6359  9787 13285  5591  6032
  3468  4775  5566  9253 12409 11264 12486  4739 12127  2880  7156  9537
  4819  7763 12071  5814  6425] [] 1716195576.0132262707
[ 1  1 -1  1  1  1 -1  1  1 -1  1  1  1  1  1 -1  1  1 -1  1  1  1  1  1
  1  1  1  1 -1  1] [ 1  2  3 10 11 18 19 20 21 23 26 27 28 29 34 35 36 37 41 42 43 44 45 46
 50 51 52 53 54 61] [14020 11415  3274  4662  2943  4909  3247  6269  9747 13303  4890  5681
  3393  4657  5076  9317  9249 11226 12601  4295 11963  2826  6762  8932
  4329  7095 11174  5740 11916  6346] [] 1716195576.0561685562
[-1 -1  1  1  1  1  1  1 -1  1  1  1  1  1  1  1  1  1 -1  1  1  1  1  1
 -1  1  1  1  1  1  1] [ 1  2  3 10 11 18 19 20 21 23 26 27 28 29 34 35 36 37 41 42 43 44 45 46
 47 50 51 52 53 54 61] [14046 11727  3135  4373  2707  4817  3113  6102  9798 13247  4545  5354
  3240  4627  5013  7821  8754  9397 12966  3909 11717  2706  6623  8699
 14188  4038  6490 10701  5458 11848  6204] [] 1716195576.0993030071
[-1 -1  1  1  1  1  1  1  1  1  1 -1  1 -1  1 -1  1  1 -1  1  1  1  1  1
  1  1  1  1  1  1  1] [ 1  2  3 10 11 18 19 20 21 23 26 27 28 29 34 35 36 37 41 42 43 44 45 46
 47 50 51 52 53 54 61] [14223 11903  3103  4146  2634  4786  3023  6016  9785 13210  4007  5461
  3076  4639  4607  8330  8342  9262 12978  3630 11487  2656  6595  7178
 13707  3915  6001  9626  5377 11178  6123] [] 1716195576.1421840191
[ 1  1  1  1  1  1  1  1 -1  1  1 -1  1 -1  1  1  1  1  1  1  1  1  1 -1
  1  1  1  1  1  1 -1] [ 1  2  3 10 11 18 19 20 21 23 26 27 28 29 34 35 36 37 41 42 43 44 45 46
 47 50 51 52 53 54 61] [14099 10899  2981  4063  2623  4777  2990  5988  9936 13085  3915  5485
  3009  4651  4276  8273  8058  8714 12739  3354 11397  2628  6498  7279
  8892  3704  5394  7604  5130 10236  6224] [] 1716195576.1852397919
[ 1  1  1  1  1  1  1  1  1  1  1  1  1  1 -1  1  1  1  1 -1  1  1  1  1
  1  1  1  1  1  1  1 -1 -1] [ 1  2  3 10 11 18 19 20 21 23 26 27 28 29 32 34 35 36 37 41 42 43 44 45
 46 47 50 51 52 53 54 60 61] [13995  8006  2747  3775  2494  4691  2922  5465  8435 12963  3655  5295
  2801  4553 13773  4071  7270  7009  8226 12772  3144 11175  2548  6389
  7179  6857  3506  5151  6735  4795  9092 12818  6278] [] 1716195576.2282531261
[ 1  1  1  1  1  1  1  1  1  1  1  1  1  1  1  1  1  1  1 -1  1  1 -1  1
  1 -1  1  1  1  1  1 -1 -1  1  1] [ 1  2  3 10 11 18 19 20 21 23 26 27 28 29 32 34 35 36 37 38 41 42 43 44
 45 46 47 50 51 52 53 54 55 60 61] [13956  7635  2690  3692  2425  4225  2850  5394  8379 12935  3475  5106
  2731  4539 13319  3815  6635  6910  7948 12569 12517  3030 11399  2452
  5475  7271  6157  3382  5087  5981  4309  9183  9965 12717  6270] [] 1716195576.2712211609
[-1  1  1  1  1  1  1  1 -1 -1 -1  1  1 -1  1  1  1  1 -1 -1  1  1 -1  1
 -1 -1  1  1  1  1  1 -1  1  1  1] [ 1  2  3 10 11 18 19 20 21 23 26 27 28 29 32 34 35 36 37 38 41 42 43 44
 45 46 47 50 51 52 53 54 55 60 61] [14055  7351  2603  3575  2320  4139  2805  5276  8388 12971  3517  4754
  2605  4543 11186  3471  6375  6354  7989 13315 12454  2928 11615  2400
  5501  7351  5835  3236  4917  5696  4084  9259  8125 12640  6238] [] 1716195576.3141047955
[-1  1  1  1  1  1  1  1  1  1  1  1  1 -1 -1  1  1  1  1  1  1  1 -1  1
  1  1  1  1  1  1  1  1  1 -1  1] [ 1  2  3 10 11 18 19 20 21 23 26 27 28 29 32 34 35 36 37 38 41 42 43 44
 45 46 47 50 51 52 53 54 55 60 61] [14095  7221  2550  3335  2309  4095  2704  5201  8361 12927  3407  4497
  2556  4558 11226  3347  6105  6140  7375  9448 12349  2696 14055  2320
  5335  7311  5199  3135  4759  5597  4038  7313  6936 12777  6148] [] 1716195576.3571894169
[ 1  1  1  1  1  1  1  1  1 -1  1  1  1  1  1  1  1  1  1  1 -1  1  1  1
  1  1  1  1 -1  1  1  1  1  1  1] [ 1  2  3 10 11 18 19 20 21 23 26 27 28 29 32 34 35 36 37 38 41 42 43 44
 45 46 47 50 51 52 53 54 55 60 61] [14076  6864  2478  3133  2239  4015  2629  5109  8329 12975  3309  4366
  2450  4495 10415  3106  5996  5810  6124  9186 12507  2646 13871  2312
  5295  7177  5166  3048  4777  5486  4000  7042  6685 12689  6141] [] 1716195576.4002571106
[ 1 -1  1  1 -1  1  1  1 -1  1  1  1 -1  1  1  1  1  1  1  1 -1 -1  1 -1
  1  1  1  1  1  1  1  1  1  1 -1] [ 1  2  3 10 11 18 19 20 21 23 26 27 28 29 32 34 35 36 37 38 41 42 43 44
 45 46 47 50 51 52 53 54 55 60 61] [13979  6912  2457  3121  2265  3957  2598  5011  8446 12893  3243  4364
  2455  4407 10230  3055  5939  5730  5868  9035 12599  2655 12911  2338
  5283  7068  5078  3041  4724  5450  3960  6919  6674 11180  6168] [] 1716195576.4431819916
[-1  1  1  1  1  1  1 -1  1 -1  1  1  1  1  1  1 -1  1  1  1  1  1  1  1
  1  1  1 -1  1 -1  1  1 -1  1 -1] [ 1  2  3 10 11 18 19 20 21 23 26 27 28 29 32 34 35 36 37 38 41 42 43 44
 45 46 47 50 51 52 53 54 55 60 61] [13997  6829  2446  3066  2238  3921  2589  5030  8352 12895  3233  4233
  2439  4389 10216  2989  5967  5371  5819  8989 12479  2614 12623  2296
  5255  7026  4971  3065  4695  5452  3936  6335  6713 11096  6244] [] 1716195576.4861824512
[ 1  1  1 -1  1  1  1  1 -1 -1  1  1  1  1  1  1  1  1  1 -1  1 -1  1  1
 -1 -1 -1  1  1  1 -1 -1 -1 -1  1] [ 1  2  3 10 11 18 19 20 21 23 26 27 28 29 32 34 35 36 37 38 41 42 43 44
 45 46 47 50 51 52 53 54 55 60 61] [13791  6809  2438  3089  2218  3897  2582  5002  8417 12927  3213  4142
  2412  4347 10214  2940  5895  5318  5743  9018 12317  2643 12495  2288
  5322  7031  5232  3022  4685  5444  3978  6863  7402 12641  6152] [] 1716195576.5292937756
[-1  1 -1  1 -1 -1  1  1  1  1  1  1 -1  1  1 -1 -1 -1 -1 -1  1 -1 -1 -1
 -1  1 -1 -1 -1 -1 -1 -1 -1  1  1] [ 1  2  3 10 11 18 19 20 21 23 26 27 28 29 32 34 35 36 37 38 41 42 43 44
 45 46 47 50 51 52 53 54 55 60 61] [13931  6806  2447  3056  2255  3981  2573  4889  8367 12783  3195  4130
  2418  4345 10212  2975  5934  5688  5820 10395 12210  2729 12511  2344
  5327  7011  5533  3154  4751  5570  3980  9133  9679 12470  6140] [] 1716195576.5722570419
[-1 -1 -1 -1  1  1 -1  1  1 -1 -1 -1 -1 -1 -1 -1 -1 -1  1  1  1 -1  1 -1
  1  1 -1 -1 -1  1 -1  1 -1 -1] [ 1  2  3 10 11 18 19 20 21 23 26 27 28 29 32 34 35 36 37 38 41 42 43 44
 45 46 47 50 51 52 53 54 60 61] [14054  6849  2467  3082  2227  3967  2587  4834  8314 12793  3287  4156
  2459  4357 10237  3085  5970  5894  5794 10276 12049  2879 12351  2352
  5319  6967  5997  3183  4787  5544  4033  9018 12674  6221] [] 1716195576.6152303219
[ 1  1 -1 -1 -1 -1 -1 -1  1  1 -1 -1 -1  1 -1 -1 -1 -1 -1  1 -1 -1 -1 -1
 -1 -1 -1 -1 -1 -1 -1 -1  1] [ 1  2  3 10 11 18 19 20 21 23 26 27 28 29 32 34 35 36 37 38 41 42 43 44
 45 46 47 50 51 52 53 54 61] [14023  6845  2526  3136  2271  4039  2624  4853  8281 12791  3343  4177
  2530  4311 10436  3399  5988  6063  6107 10221 12208  2994 12439  2416
  6047  7077  8579  3247  4934  5781  4672  9076  6131] [] 1716195576.6582112312
[ 1 -1 -1 -1 -1  1 -1 -1  1 -1 -1 -1 -1 -1 -1 -1 -1 -1 -1 -1 -1 -1  1 -1
 -1 -1 -1 -1 -1 -1 -1 -1] [ 1  2  3 10 11 18 19 20 21 23 26 27 28 29 32 34 35 36 37 38 41 42 43 44
 45 46 50 51 52 53 54 61] [14019  6852  2609  3393  2319  4018  2712  4899  8265 12822  3365  4271
  2585  4371 14519  3678  6223  6212  6630 10552 12519  3284 11847  2436
  6239  7839  3503  5619  6576  5256 11752  6134] [] 1716195576.7011990547
[ 1 -1 -1 -1 -1 -1 -1 -1  1  1 -1 -1 -1 -1 -1 -1 -1 -1 -1 -1 -1  1 -1 -1
 -1 -1 -1 -1 -1 -1 -1] [ 1  2  3 10 11 18 19 20 21 23 26 27 28 29 34 35 36 37 38 41 42 43 44 45
 46 50 51 52 53 54 61] [13972  6921  2714  3717  2444  4623  2845  4911  8221 12723  3563  4578
  2659  4459  3953  6604  6816  7212 14931 12617  3356 11587  2480  6303
  7908  3664  5739  8603  5339 11788  6176] [] 1716195576.7441995144
[ 1 -1 -1 -1 -1 -1 -1 -1 -1  1 -1 -1 -1 -1 -1 -1 -1 -1  1 -1  1 -1 -1  1
 -1 -1 -1 -1 -1] [ 1  2  3 10 11 18 19 20 21 23 26 27 28 29 34 35 36 37 41 42 43 44 45 46
 50 51 52 53 61] [13761  7084  2842  3808  2484  4637  2853  4943  8392 12655  3639  4649
  2707  4507  4030  7212  6841  7291 12235  4044 11559  2578  6383  7780
  3988  6905  9430  5490  6353] [] 1716195576.7871932983
[ 1 -1 -1 -1 -1 -1 -1 -1 -1 -1 -1 -1 -1  1 -1 -1 -1 -1 -1 -1  1 -1 -1 -1
 -1 -1 -1 -1 -1] [ 1  2  3 10 11 18 19 20 21 23 26 27 28 29 34 35 36 37 41 42 43 44 45 46
 50 51 52 53 61] [13656  7221  3001  3969  2579  4699  2942  5319  9643 12703  3893  4926
  2852  4457  4487  7421  8154  7515 12821  4665 11086  2692  6811  8104
  4518  7239 10737  5686  6505] [] 1716195576.8301637173
[-1 -1 -1 -1 -1 -1 -1 -1 -1 -1 -1 -1 -1 -1 -1 -1 -1 -1 -1 -1 -1 -1 -1 -1
 -1 -1 -1 -1 -1] [ 1  2  3 10 11 18 19 20 21 23 26 27 28 29 34 35 36 37 41 42 43 44 45 46
 50 51 52 53 61] [13976  7361  3113  4288  2701  4741  2991  5407  9724 12759  4457  5271
  3009  4525  5277  7794  8350  8168 13073  4953 11741  2760  6923 10567
  4909  7788 11617  5905  6764] [] 1716195576.8732521534
[ 1 -1 -1 -1 -1 -1 -1 -1  1 -1 -1 -1 -1 -1  1 -1 -1 -1 -1 -1 -1 -1 -1 -1
 -1 -1 -1] [ 1  2  3 10 11 18 19 20 21 23 26 27 28 29 34 35 36 37 42 43 44 45 50 51
 52 53 61] [13622  9699  3205  4549  2883  4844  3053  5567  9603 12807  4810  5513
  3268  4633  5250  9356 10817  8448  5263 11855  2858  6969  5411 10864
 12398  5978  6891] [] 1716195576.9162099361
[-1 -1 -1 -1 -1 -1 -1  1 -1 -1 -1 -1 -1 -1 -1 -1 -1 -1 -1 -1 -1 -1 -1 -1
 -1] [ 1  2  3 10 11 18 19 20 21 23 26 27 28 29 34 35 36 37 42 43 44 45 50 52
 53] [13710 11871  3228  5134  3023  5371  3101  5522  9637 12921  5243  6154
  3415  6083  5290  9774 11173  9634  5677 14443  2936  7101  7022 13259
  6041] [] 1716195576.9592194557
[-1 -1 -1 -1 -1 -1 -1  1  1 -1 -1 -1 -1 -1  1 -1 -1 -1  1 -1 -1 -1] [ 1  3 10 11 18 19 20 21 23 26 27 28 29 34 35 36 37 42 44 45 50 53] [14106  3338  6076  3138  6374  3204  5877  9540 12799  6595  6189  3590
  6252  5507  9763 11826  9676  5757  2925  7126  9221  6075] [] 1716195577.0021271706
[-1 -1 -1 -1 -1 -1 -1  1  1 -1 -1 -1 -1 -1  1 -1  1 -1 -1 -1 -1] [ 1  3 10 11 18 19 20 21 23 26 27 28 29 34 35 36 37 42 44 45 53] [14258  3343  6911  3326  7013  3226  6494  9468 12433  7462  6841  3766
  6322  5605  9732 12025  9642  6010  2969  7152  6863] [] 1716195577.0451378822
[-1 -1 -1 -1 -1 -1 -1  1  1 -1 -1 -1 -1 -1  1 -1 -1 -1 -1  1 -1] [ 1  3 10 11 18 19 20 21 23 26 27 28 29 34 35 36 37 42 44 45 53] [15294  3603  7836  3542  7109  3290  7181  9463 12372  7596  7553  4042
  6578  5868  9491 12221 11982  6121  3184  7069 14465] [] 1716195577.0881903172
[-1 -1 -1 -1 -1 -1 -1  1 -1 -1 -1 -1 -1 -1 -1 -1 -1 -1  1] [ 3 10 11 18 19 20 21 23 26 27 28 29 34 35 36 37 42 44 45] [ 3613  8026  3763  7199  3419  7360  9493 12313  7662  7647  4249  9603
  5947 11979 12783 12608  6469  3227  6958] [] 1716195577.1312160492
[-1 -1 -1 -1 -1 -1 -1 -1 -1 -1 -1 -1 -1 -1 -1 -1 -1 -1 -1] [ 3 10 11 18 19 20 21 23 26 27 28 29 34 35 36 37 42 44 45] [ 3626  8118  3888  7301  3449  7448  9607 12653  7861  7786  4620  9815
  6218 12712 12949 13049  7046  3351  7352] [] 1716195577.1741242409
[-1 -1 -1 -1 -1 -1  1 -1  1 -1 -1 -1 -1 -1 -1  1 -1 -1] [ 3 10 11 18 19 20 21 23 26 27 28 29 34 36 37 42 44 45] [ 3727  8348  3982  9718  3491  7493  9553 12915  7803  7896  5157  9856
  7377 13431 13311  7026  3888 13574] [] 1716195577.2171149254
[-1 -1 -1 -1 -1 -1 -1  1 -1 -1 -1  1 -1 -1 -1] [ 3 10 11 18 19 20 21 23 26 27 28 29 34 42 44] [ 3730  8818  4379  9977  3595  7701  9683 12713  7974  8423  5743  9840
  7596  9018  4012] [] 1716195577.2601761818
[-1 -1 -1 -1 -1 -1 -1 -1 -1 -1 -1 -1 -1 -1 -1] [ 3 10 11 18 19 20 21 23 26 27 28 29 34 42 44] [ 4033  9573  4955 10426  3892  8406  9826 13248  8093  8669  6745 10039
  8700 10210  4393] [] 1716195577.3031768799
[-1 -1 -1 -1 -1 -1 -1 -1 -1 -1 -1 -1 -1 -1 -1] [ 3 10 11 18 19 20 21 23 26 27 28 29 34 42 44] [ 4128 11388  5154 10664  4108 10178  9910 13436  8311  8780  8286 10187
  9208 10869  4774] [] 1716195577.3461675644
[-1 -1 -1 -1 -1 -1  1 -1 -1 -1 -1 -1 -1 -1] [ 3 10 11 19 20 21 23 26 27 28 29 34 42 44] [ 4207 13763  6356  4151 10264  9927 13428  8431  8890  8738 10270 11354
 13513  5669] [] 1716195577.3891515732
[-1 -1 -1 -1 -1 -1 -1 -1 -1 -1 -1] [ 3 11 19 20 21 26 27 28 29 34 44] [ 5079  8605  4475 10527 10239 10469  9311 10227 10612 11779  5896] [] 1716195577.4321525097
[-1 -1 -1 -1 -1 -1 -1 -1 -1 -1 -1] [ 3 11 19 20 21 26 27 28 29 34 44] [ 5138  8722  4594 10675 10384 10514 12092 10592 10835 11830  6914] [] 1716195577.4751327038
[-1  1 -1 -1 -1  1 -1 -1 -1] [ 3 11 19 20 21 27 28 29 44] [ 7033  8681  5014 11338 10567 11394 10667 11218  9196] [] 1716195577.5180618763
[-1 -1 -1 -1 -1 -1 -1 -1] [ 3 11 19 20 21 27 28 44] [ 7310  8765  5591 11388 10612 11455 10851 12157] [] 1716195577.5611286163
[-1 -1 -1 -1 -1 -1 -1 -1] [ 3 11 19 20 21 27 28 44] [ 8675  8953  6596 12119 10903 11839 10868 12519] [] 1716195577.6041131020
[ 1 -1 -1 -1 -1 -1 -1] [11 19 20 21 27 28 44] [ 8815  8388 12289 11442 12671 11032 12736] [] 1716195577.6470904350
[-1 -1 -1  1  1] [11 19 20 27 28] [ 8969  9679 13974 12653 10950] [] 1716195577.6902980804
[-1  1 -1] [11 19 28] [ 9034  9667 11074] [] 1716195577.7328710556
[-1 -1 -1] [11 19 28] [ 9461 10024 11480] [] 1716195577.7759816647
[1 1] [11 28] [ 9298 11262] [] 1716195577.8190813065
[-1 -1] [11 28] [ 9662 11467] [] 1716195577.8620643616
[-1 -1] [11 28] [10133 11642] [] 1716195577.9051339626
2 2 2 1716195578.0889070034
