FA TAX ADC PRES TS
[-1] [11] [13559] [] 1716176296.6455051899
[1] [11] [12287] [] 1716176296.6886577606
[1] [11] [11000] [] 1716176296.7316443920
[1] [11] [10856] [] 1716176296.7746217251
[1] [11] [10066] [] 1716176296.8174533844
[1] [11] [9943] [] 1716176296.8606657982
[-1 -1] [ 3 11] [11489 10431] [] 1716176296.9036607742
[1 1] [ 3 11] [10235 10026] [] 1716176296.9465579987
[1 1] [ 3 11] [7146 9877] [] 1716176296.9894945621
[1 1] [ 3 11] [6817 9653] [] 1716176297.0326428413
[1 1] [ 3 11] [6495 9342] [] 1716176297.0756084919
[1 1] [ 3 11] [5925 9247] [] 1716176297.1185357571
[1 1] [ 3 11] [5405 8918] [] 1716176297.1614770889
[1 1] [ 3 11] [4882 8857] [] 1716176297.2046966553
[1 1] [ 3 11] [4440 8728] [] 1716176297.2475886345
[1 1] [ 3 11] [4345 8655] [] 1716176297.2906196117
[1 1] [ 3 11] [4211 8603] [] 1716176297.3336338997
[ 1 -1 -1 -1] [ 3 11 19 20] [ 4198  8649 15165 14799] [] 1716176297.3766059875
[ 1 -1 -1  1  1 -1] [ 3 10 11 19 20 26] [ 4191 13508  8933 10760 12946 13403] [] 1716176297.4196441174
[ 1  1 -1  1  1 -1] [ 3 10 11 19 20 26] [ 4021 13037  8964  9367 12041 13806] [] 1716176297.4626870155
[ 1 -1 -1 -1  1  1 -1 -1] [ 3 10 11 18 19 20 26 28] [ 3921 13187  9128 13600  8194 11874 14964 12725] [] 1716176297.5054752827
[ 1 -1  1  1  1  1  1  1] [ 3 10 11 18 19 20 26 28] [ 3551 13240  8158 11527  6688 11434 13207 12273] [] 1716176297.5486240387
[ 1  1  1  1  1  1  1 -1  1] [ 3 10 11 18 19 20 26 27 28] [ 3499 12754  7192 10983  6094 11349 10918 14038 11357] [] 1716176297.5916109085
[ 1  1  1  1  1 -1  1  1  1] [ 3 10 11 18 19 20 26 27 28] [ 3408 10286  5724  9579  5515 11425 10822 13061 11135] [] 1716176297.6346924305
[1 1 1 1 1 1 1 1 1] [ 3 10 11 18 19 20 26 27 28] [ 3211 10060  5474  9368  5246 11187 10552 12794 10813] [] 1716176297.6775667667
[ 1  1  1  1  1  1  1  1 -1] [ 3 10 11 18 19 20 26 27 28] [ 2916  9717  5000  8963  5043 10860 10248 12476 11094] [] 1716176297.7206773758
[1 1 1 1 1 1 1 1 1] [ 3 10 11 18 19 20 26 27 28] [ 2722  7719  4385  8639  4760 10741 10125 12196 10919] [] 1716176297.7635903358
[ 1  1  1 -1 -1 -1  1  1 -1 -1] [ 3 10 11 18 19 20 26 27 28 29] [ 2665  7207  4234  8749  4771 10745 10061 12101 11000 11943] [] 1716176297.8066711426
[-1  1  1  1  1  1  1  1  1  1  1] [ 2  3 10 11 18 19 20 26 27 28 29] [10969  2559  6163  3995  8499  4603 10553  8531 11926  8559 11585] [] 1716176297.8495399952
[ 1  1  1  1  1  1 -1  1  1  1  1] [ 2  3 10 11 18 19 20 26 27 28 29] [10670  2451  5739  3717  8339  4508 10602  7946  9312  8431 10949] [] 1716176297.8926498890
[1 1 1 1 1 1 1 1 1 1 1] [ 2  3 10 11 18 19 20 26 27 28 29] [10422  2388  5417  3463  8290  4376 10197  7813  8671  8268 10810] [] 1716176297.9356610775
[-1  1  1  1  1 -1  1  1  1 -1  1 -1 -1] [ 2  3 10 11 18 19 20 26 27 28 29 34 36] [10428  2319  5238  3320  6336  4381 10162  6674  8661  8497 10694 12063
 14493] [] 1716176297.9786767960
[ 1  1  1  1  1  1  1  1  1  1  1  1  1 -1] [ 2  3 10 11 18 19 20 26 27 28 29 34 36 42] [10305  2225  4703  3158  5971  4165  9969  5461  8579  7743 10639 11981
 14131 11051] [] 1716176298.0216448307
[-1 -1  1  1  1  1  1 -1  1  1  1 -1 -1  1  1] [ 1  2  3 10 11 18 19 20 26 27 28 29 34 36 42] [16304 10322  2163  4444  3059  5744  4130 10063  5087  8464  7572 10706
 12065 13833 10441] [] 1716176298.0646891594
[ 1 -1  1  1  1  1  1  1  1  1  1  1 -1 -1  1] [ 1  2  3 10 11 18 19 20 26 27 28 29 34 36 42] [16054 10365  2153  4326  2867  5733  4125  9742  4987  8343  7195 10647
 12103 14271  8038] [] 1716176298.1076257229
[ 1 -1  1  1  1  1  1  1  1  1  1 -1  1  1  1 -1] [ 1  2  3 10 11 18 19 20 26 27 28 29 34 36 42 44] [16045 10480  2143  4202  2731  5690  4044  9449  4561  8273  6404 10832
 11929 13585  7748 14475] [] 1716176298.1507275105
[-1 -1  1  1  1  1  1  1  1 -1  1  1  1  1  1  1] [ 1  2  3 10 11 18 19 20 26 27 28 29 34 36 42 44] [16313 10504  2038  4165  2458  4758  3974  9333  4407  8288  5826 10716
 10026 13115  7656 14305] [] 1716176298.1936254501
[ 1 -1  1  1  1  1  1 -1  1  1  1  1  1  1  1  1] [ 1  2  3 10 11 18 19 20 26 27 28 29 34 36 42 44] [16194 10678  2031  3975  2380  4705  3714  9508  4228  8270  5740 10493
  9615 12987  7549 13668] [] 1716176298.2366390228
[ 1  1  1  1  1  1  1 -1  1  1  1 -1  1 -1 -1  1] [ 1  2  3 10 11 18 19 20 26 27 28 29 34 36 42 44] [16064 10616  1983  3867  2338  4483  3659  9756  4149  7516  5318 10576
  9411 13129  7566 13379] [] 1716176298.2796382904
[ 1  1  1  1  1  1 -1  1  1  1  1 -1  1 -1  1  1] [ 1  2  3 10 11 18 19 20 26 27 28 29 34 36 42 44] [15973 10469  1951  3849  2298  4391  3683  9660  4069  7473  5153 10613
  9395 13233  7502 13043] [] 1716176298.3226983547
[-1  1 -1  1  1  1  1  1  1  1  1  1 -1 -1  1 -1] [ 1  2  3 10 11 18 19 20 26 27 28 29 34 36 42 44] [15999 10213  1983  3819  2293  4331  3612  8909  3997  7450  5103 10573
  9436 13479  7489 13137] [] 1716176298.3656718731
[-1  1  1 -1  1  1 -1  1  1  1  1 -1  1  1 -1 -1] [ 1  2  3 10 11 18 19 20 26 27 28 29 34 36 42 44] [16000 10073  1946  3827  2277  4319  3634  8735  3952  7383  5099 10644
  9396 13454  7835 16109] [] 1716176298.4086945057
[ 1  1 -1 -1 -1  1  1 -1 -1 -1 -1  1 -1  1 -1] [ 1  2  3 10 11 18 19 20 26 27 28 29 34 36 42] [15880 10048  1966  3874  2293  4318  3599  9347  4139  7870  5376 10470
  9465 12979  8120] [] 1716176298.4516813755
[ 1  1  1 -1 -1 -1 -1  1  1 -1 -1  1 -1  1 -1] [ 1  2  3 10 11 18 19 20 26 27 28 29 34 36 42] [15864  9986  1966  3877  2389  4495  3649  9149  4115  7955  5629 10389
  9658 12839 10590] [] 1716176298.4945843220
[ 1 -1 -1 -1 -1 -1 -1  1 -1  1 -1  1 -1 -1] [ 1  2  3 10 11 18 19 20 26 27 28 29 34 36] [15827 10010  1979  4029  2416  4506  3855  9133  4144  7836  5892 10198
 11715 12903] [] 1716176298.5375924110
[-1 -1 -1 -1 -1 -1  1  1 -1 -1 -1 -1  1 -1] [ 1  2  3 10 11 18 19 20 26 27 28 29 34 36] [15882 10262  2047  4089  2578  5214  3822  8965  4333  7843  6500 10324
 11675 13295] [] 1716176298.5806863308
[ 1  1 -1 -1 -1 -1 -1 -1 -1 -1 -1  1 -1 -1] [ 1  2  3 10 11 18 19 20 26 27 28 29 34 36] [15826 10100  2054  4219  2686  5464  3871  9376  4557  7916  6855 10271
 11768 13989] [] 1716176298.6236536503
[ 1 -1 -1 -1 -1 -1 -1 -1 -1 -1 -1  1  1] [ 1  2  3 10 11 18 19 20 26 27 28 29 36] [15730 10207  2079  4315  2754  5560  3905  9439  4852  7944  7129 10178
 13909] [] 1716176298.6666846275
[ 1 -1 -1 -1 -1 -1 -1 -1 -1 -1 -1 -1  1] [ 1  2  3 10 11 18 19 20 26 27 28 29 36] [15686 10319  2179  4571  2972  5736  3970  9852  6420  8114  8300 10430
 13875] [] 1716176298.7095811367
[-1 -1 -1 -1 -1 -1 -1 -1 -1 -1  1 -1] [ 1  2  3 10 11 18 19 20 26 27 28 29] [15780 10520  2303  5197  3265  6927  4008  9922  7787  8177  8191 11289] [] 1716176298.7526354790
[-1 -1 -1 -1 -1 -1 -1 -1 -1 -1 -1 -1] [ 1  2  3 10 11 18 19 20 26 27 28 29] [15957 10608  2403  5593  3571  7184  4098  9981  8246  8219  8242 12216] [] 1716176298.7956576347
[ 1  1 -1 -1 -1 -1 -1 -1  1 -1 -1] [ 1  2  3 10 11 18 19 20 26 27 28] [15940 10522  2485  5911  3867  8156  4137 10136  8123  8561 10165] [] 1716176298.8387045860
[-1 -1 -1 -1 -1 -1 -1 -1 -1 -1] [ 3 10 11 18 19 20 26 27 28 34] [ 2504  6968  3965  8370  4368 10356  9964 10894 10460 14137] [] 1716176298.8815033436
[-1 -1 -1  1 -1 -1  1 -1 -1 -1] [ 3 10 11 18 19 20 26 27 28 34] [ 2654  7231  4221  8334  4470 10526  9961 11281 10553 15171] [] 1716176298.9245223999
[-1 -1 -1 -1 -1 -1 -1 -1 -1] [ 3 10 11 18 19 20 26 27 28] [ 2811  7919  4550  8738  4606 10749 10012 11307 10787] [] 1716176298.9676852226
[-1 -1 -1 -1 -1 -1 -1 -1 -1] [ 3 10 11 18 19 20 26 27 28] [ 3155  8639  4836  9141  4982 11219 10313 11770 11257] [] 1716176299.0106785297
[-1 -1 -1 -1 -1 -1 -1 -1] [ 3 10 11 18 19 20 26 27] [ 3512 11238  6276  9452  5450 11596 10560 12937] [] 1716176299.0535624027
[-1 -1 -1 -1 -1 -1 -1] [ 3 10 11 18 19 20 26] [ 3558 12968  7081 11075  5642 11602 13454] [] 1716176299.0967373848
[-1  1 -1 -1 -1] [ 3 10 11 19 20] [ 3625 12845  7714  7108 14591] [] 1716176299.1395709515
[-1 -1 -1 -1] [ 3 10 11 19] [ 3759 12998  8463 12487] [] 1716176299.1826298237
[-1 -1 -1 -1] [ 3 10 11 19] [ 4041 13190  8498 13561] [] 1716176299.2256064415
[1 1] [ 3 11] [4015 8352] [] 1716176299.2686440945
[-1 -1] [ 3 11] [4227 8441] [] 1716176299.3115866184
[-1 -1] [ 3 11] [5043 8537] [] 1716176299.3547670841
[-1 -1] [ 3 11] [5402 8679] [] 1716176299.3974053860
[-1 -1] [ 3 11] [5720 8865] [] 1716176299.4406514168
[-1 -1] [ 3 11] [6825 9367] [] 1716176299.4835634232
[-1 -1] [ 3 11] [9382 9447] [] 1716176299.5266230106
[1] [11] [9151] [] 1716176299.5696079731
[-1] [11] [9915] [] 1716176299.6126151085
[1] [11] [9851] [] 1716176299.6555902958
[-1] [11] [10404] [] 1716176299.6985816956
[-1] [11] [12357] [] 1716176299.7414600849
2 2 2 1716176300.2210507393
