FA TAX ADC PRES TS
[-1] [42] [11941] [] 1716176498.0795724392
[1] [42] [11526] [] 1716176498.1225490570
[1] [42] [10015] [] 1716176498.1655771732
[-1  1] [28 42] [12279  9727] [] 1716176498.2085638046
[1 1] [28 42] [11916  9703] [] 1716176498.2515673637
[ 1 -1] [28 42] [11906  9887] [] 1716176498.2945730686
[-1 -1 -1] [11 28 42] [12968 12011 14997] [] 1716176498.3375415802
[ 1 -1] [11 28] [10759 12171] [] 1716176498.3805625439
[1] [11] [10084] [] 1716176498.4235661030
[-1] [42] [12300] [] 1716176498.8966035843
[1] [42] [11970] [] 1716176498.9395987988
[-1] [42] [11985] [] 1716176498.9824621677
[-1  1] [28 42] [11871 11069] [] 1716176499.0255196095
[-1 -1 -1] [11 28 42] [10564 14401 11802] [] 1716176499.0686070919
[-1  1 -1 -1 -1] [11 28 42 45 53] [10709 11620 11813 11997 16250] [] 1716176499.1116681099
[ 1 -1  1 -1  1] [11 28 42 45 53] [10202 11657 11471 15679 12255] [] 1716176499.1545250416
[ 1 -1 -1  1 -1] [11 28 42 45 53] [10054 11719 11484 11766 12285] [] 1716176499.1976161003
[-1  1  1  1  1] [11 28 42 45 53] [10214 11654 11365 11665 12262] [] 1716176499.2406263351
[ 1  1  1 -1 -1] [11 28 42 45 53] [10002 11517  9085 11737 12425] [] 1716176499.2836329937
[-1 -1 -1  1 -1 -1 -1] [11 27 28 42 45 53 54] [10592 13705 11647  8923 11751 12482 13175] [] 1716176499.3266282082
[-1  1  1  1  1 -1  1] [11 27 28 42 45 53 54] [10883 13490 11484  8857 11663 12513 12339] [] 1716176499.3695554733
[ 1 -1  1 -1 -1 -1 -1 -1] [11 27 28 42 45 53 54 61] [ 9913 13611 11414  8941 11823 12711 12455  7613] [] 1716176499.4126787186
[-1 -1 -1  1 -1  1  1  1] [11 27 28 42 45 53 54 61] [10032 13804 11547  8931 11825 12657 12372  7566] [] 1716176499.4556610584
[ 1 -1  1  1 -1 -1 -1 -1 -1] [11 27 28 42 45 47 53 54 61] [ 9823 13879 11491  8902 11837 15083 12727 12509  7666] [] 1716176499.4986956120
[ 1  1 -1 -1 -1 -1  1 -1 -1  1 -1] [11 27 28 42 44 45 47 50 53 54 61] [ 9803 13810 11587  9224 13480 12131 13449 11277 13015 12473  8047] [] 1716176499.5416402817
[-1 -1 -1 -1 -1  1 -1 -1  1 -1  1 -1] [ 3 11 27 28 42 44 45 47 50 53 54 61] [10710 10237 14097 11860  9407 13383 12133 14870 11218 13109 12373  8065] [] 1716176499.5847074986
[ 1  1 -1  1  1  1  1  1 -1 -1 -1 -1  1] [ 3 11 27 28 42 44 45 47 50 53 54 55 61] [ 9013 10190 14102 11690  9306 13333 12106 11465 11228 13186 12483 11818
  8061] [] 1716176499.6277093887
[-1 -1 -1 -1  1  1  1  1  1 -1 -1  1  1] [ 3 11 27 28 42 44 45 47 50 53 54 55 61] [ 9055 10389 14307 11773  9169 13265 12012 11262 11153 13188 12630 11483
  7871] [] 1716176499.6707468033
[ 1  1 -1  1  1  1 -1 -1  1  1  1  1 -1] [ 3 11 27 28 42 44 45 47 50 53 54 55 61] [ 8927 10154 14487 11683  9042 13085 12140 14487 11019 11561 12370 11433
  7919] [] 1716176499.7135851383
[ 1  1  1 -1  1 -1  1  1  1  1 -1 -1 -1] [ 3 11 28 29 42 44 45 47 50 53 54 55 61] [ 8703 10035 11573 13197  8708 13205 12079 11212 10995  9979 12421 11514
  7959] [] 1716176499.7566733360
[ 1 -1 -1  1  1 -1  1 -1  1 -1  1 -1  1 -1] [ 3 11 20 28 29 42 44 45 47 50 53 54 55 61] [ 8490 10037 15871 11471 12381  9082 12977 12140 11192 11060  9733 12461
 10984  8009] [] 1716176499.7997090816
[ 1 -1  1 -1 -1 -1 -1  1  1 -1 -1 -1  1  1  1] [ 3 11 20 27 28 29 42 44 45 47 50 53 54 55 61] [ 8418 10190 14968 15529 11522 12399  9163 10645 12139 13119 11083  9809
 12395 10512  7969] [] 1716176499.8426539898
[ 1  1  1  1  1  1  1  1 -1  1  1  1  1  1  1] [ 3 11 20 27 28 29 42 44 45 47 50 53 54 55 61] [ 8305 10067 14814 15002 11480 12270  8985 10591 12186 11012 11042  9742
 12390  9178  7882] [] 1716176499.8854103088
[-1  1  1  1  1  1  1 -1 -1  1  1  1 -1  1 -1] [ 2  3 11 20 28 29 42 44 45 47 50 53 54 55 61] [13610  8213  9784 14399 11345 12259  8907 10597 12244 10865 10855  9695
 12460  8668  7892] [] 1716176499.9284188747
[ 1  1  1  1  1  1 -1  1 -1 -1 -1  1  1  1  1] [ 2  3 11 20 28 29 42 44 45 47 50 53 54 55 61] [12590  8158  9541 14088 11315 12107  9002 10586 12262 10955 10908  9556
 12458  8286  7863] [] 1716176499.9715864658
[ 1 -1 -1 -1  1 -1 -1  1  1  1  1  1  1  1  1 -1] [ 2  3 11 19 20 28 29 42 44 45 47 50 53 54 55 61] [12376  8209  9579 15110 14015 11419 12149  8903 10476 12113 10545 10771
  9484 12278  7932  7867] [] 1716176500.0144660473
[-1  1  1  1  1  1  1 -1  1  1  1  1  1  1  1  1] [ 2  3 11 19 20 28 29 42 44 45 47 50 53 54 55 61] [12752  6216  9477 12004 13613 11404 11917  8961 10432 12072  8171 10601
  9422 12276  6898  7803] [] 1716176500.0573909283
[-1  1 -1  1  1  1 -1  1  1 -1 -1  1  1 -1  1 -1] [ 2  3 11 19 20 28 29 42 44 45 47 50 53 54 55 61] [12766  5366  9481 10046 13451 11259 11957  8934 10378 12090  8239 10541
  9323 12332  6325  7826] [] 1716176500.1004955769
[-1  1  1  1  1  1  1  1  1  1  1  1  1  1  1  1] [ 2  3 11 19 20 28 29 42 44 45 47 50 53 54 55 61] [12811  5059  9284 10021 13284 11210 11921  8902 10347 11894  7991 10427
  9140 12205  5732  7499] [] 1716176500.1433696747
[-1  1  1  1  1  1  1  1  1  1  1  1 -1  1  1  1] [ 2  3 11 19 20 28 29 42 44 45 47 50 53 54 55 61] [13102  5013  9204  9980 12965 11053 11550  8309 10240 11794  7135 10387
  9154 12117  5370  7387] [] 1716176500.1863291264
[-1  1  1  1  1  1  1  1  1  1 -1  1  1  1  1  1  1] [ 2  3 11 19 20 28 29 42 44 45 46 47 50 53 54 55 61] [13265  4883  9163  9902 12573 10887 11472  8295 10201 11776 14628  7010
 10366  9104 12048  5161  7274] [] 1716176500.2293961048
[-1  1  1  1  1  1  1  1  1  1  1  1  1  1  1  1  1] [ 2  3 11 19 20 28 29 42 44 45 46 47 50 53 54 55 61] [13362  4759  9128  9514 12498 10715 11434  7852 10154 11707 13077  6524
 10305  7805 12005  4849  7173] [] 1716176500.2723965645
[-1  1  1  1  1 -1  1  1 -1 -1  1  1  1  1 -1  1  1] [ 2  3 11 19 20 28 29 42 44 45 46 47 50 53 54 55 61] [13462  4657  8980  9511 11887 10743 11425  7742 10189 11730 11625  6154
 10151  7681 12100  4661  7075] [] 1716176500.3154001236
[-1  1  1  1 -1  1  1 -1 -1  1  1  1  1 -1  1 -1  1  1] [ 2  3 11 19 20 28 29 36 42 44 45 46 47 50 53 54 55 61] [13979  4584  8929  9444 11947 10742 11385 15793  7791  9294  9426 11384
  6119 10167  7662 12120  4599  7074] [] 1716176500.3584108353
[-1  1 -1  1  1  1 -1  1  1  1 -1  1  1  1 -1 -1  1  1] [ 2  3 11 19 20 28 29 36 42 44 45 46 47 50 53 54 55 61] [15587  4536  9083  9406 11893 10686 11445 15523  7127  9237  9581 11347
  6117 10147  7664 12171  4591  6993] [] 1716176500.4014008045
[ 1  1  1  1  1  1  1 -1  1  1  1  1  1 -1  1 -1  1  1] [ 2  3 11 19 20 28 29 36 42 44 45 46 47 50 53 54 55 61] [14699  4409  8954  9309 11711 10676 11269 15635  6782  8163  8688 11275
  5894 10255  7556 12225  4388  6858] [] 1716176500.4444057941
[ 1  1  1 -1 -1 -1  1  1 -1  1 -1  1  1  1  1  1  1  1] [ 3 11 19 20 26 28 29 36 42 44 45 46 47 50 53 54 55 61] [ 4087  8870  9203 11730 15862 10830 11182 14973  6917  7346 11531 11123
  5750 10228  6935 12153  4221  6800] [] 1716176500.4874072075
[ 1 -1  1 -1  1 -1  1 -1 -1  1  1  1  1  1  1 -1  1  1  1] [ 3 11 19 20 26 28 29 34 36 42 44 45 46 47 50 53 54 55 61] [ 4035  8911  9163 11740 14582 10862 11056 12321 15167  6624  7151  8955
 11035  5655 10116  7086 12101  4213  6744] [] 1716176500.5304048061
[ 1  1  1  1  1 -1  1  1 -1  1  1  1 -1  1  1  1 -1  1  1] [ 3 11 19 20 26 28 29 34 36 42 44 45 46 47 50 53 54 55 61] [ 3999  8845  7819 11621 14411 10865 10887 11983 15711  6418  6756  8407
 11087  5433 10036  7084 12204  4140  6727] [] 1716176500.5734241009
[ 1 -1  1  1 -1 -1  1  1  1  1  1  1  1  1 -1 -1 -1  1  1 -1] [ 3 11 19 20 26 28 29 34 36 42 44 45 46 47 50 52 53 54 55 61] [ 3877  8869  6975 11596 14460 10897 10820 11823 15485  6227  6124  8159
 10977  5316 10051 13931  7483 12130  4084  6810] [] 1716176500.6164228916
[-1  1  1  1  1 -1 -1  1  1  1  1  1  1  1  1  1 -1 -1  1  1  1  1  1] [ 2  3 11 19 20 26 27 28 29 34 36 42 44 45 46 47 50 51 52 53 54 55 61] [15243  3599  8804  6803 11529 16000 14377 10836 10751 11769 14953  6143
  5951  8044 10905  5142 10076 13806 13912  7100 11916  4036  6736] [] 1716176500.6594548225
[ 1  1  1  1 -1  1  1 -1  1  1  1  1  1  1  1  1 -1  1  1  1  1  1 -1] [ 2  3 11 19 20 26 27 28 29 34 36 42 44 45 46 47 50 51 52 53 54 55 61] [14977  3557  8774  6203 11639 15744 14317 10853 10682 11749 14675  6107
  5701  7483 10869  4980 10085 11663 13730  7078 11831  4005  6767] [] 1716176500.7024350166
[ 1  1 -1  1  1 -1  1 -1 -1 -1 -1 -1  1  1  1  1 -1  1  1  1  1  1  1  1] [ 2  3 11 19 20 26 27 28 29 34 36 41 42 44 45 46 47 50 51 52 53 54 55 61] [14271  3449  8783  5858 11607 15753 13064 10949 10696 11852 14720 14223
  6048  5515  7062 10730  4981 10078 11613 12425  6551 11648  3953  6719] [] 1716176500.7454276085
[ 1  1 -1  1  1 -1  1 -1 -1 -1  1  1 -1  1  1 -1  1  1  1  1  1 -1  1  1] [ 2  3 11 19 20 26 27 28 29 34 36 41 42 44 45 46 47 50 51 52 53 54 55 61] [14055  3426  8852  5452 11603 16312 12737 11154 10832 11970 14371 13975
  6159  5288  6985 10781  4774 10049 11457 11730  6417 11683  3876  6538] [] 1716176500.7887451649
[ 1  1  1  1 -1  1  1  1  1  1 -1  1  1  1  1  1  1  1  1  1  1  1  1] [ 2  3 11 19 20 27 28 29 34 36 41 42 44 45 46 47 50 51 52 53 54 55 61] [13899  3402  8798  5230 11769 12487 11146 10696 11956 14142 14025  5559
  5143  6969  8946  4644 10014 11207 11587  6405  9732  3730  6509] [] 1716176500.8317239285
[-1 -1  1 -1  1  1 -1  1 -1 -1 -1  1 -1  1  1  1  1  1 -1  1 -1  1  1  1
  1] [ 2  3 11 18 19 20 26 27 28 29 34 36 41 42 44 45 46 47 50 51 52 53 54 55
 61] [14533  3443  7569 12558  5149 11482 12049 12476 11355 10737 11985 14069
 14082  5461  5122  6871  8683  4619 10060 11028 11805  6363  9586  3662
  6475] [] 1716176500.8747894764
[ 1  1  1  1  1  1  1  1  1  1  1  1 -1  1  1  1  1  1  1 -1  1  1 -1  1
  1] [ 2  3 11 18 19 20 26 27 28 29 34 36 41 42 44 45 46 47 50 51 52 53 54 55
 61] [14160  3434  7290 11001  4940 11396 10428 12320 10450 10550 11887 12815
 14085  4964  5059  6737  8592  4517  9939 11095 11455  6158  9899  3520
  6380] [] 1716176500.9176757336
[-1  1  1 -1  1  1 -1  1  1  1  1  1  1  1  1  1 -1  1  1  1  1  1 -1  1
 -1] [ 2  3 11 18 19 20 26 27 28 29 34 36 41 42 44 45 46 47 50 51 52 53 54 55
 61] [14207  3359  6184 11572  4863 11334 10526 12179  9358 10508 11767 11427
 14001  4739  4990  6645  8876  4426  9937 10998 11303  6080 10056  3477
  6396] [] 1716176500.9604747295
[ 1  1 -1  1  1  1  1  1  1  1  1  1 -1 -1  1  1  1 -1  1 -1  1  1  1 -1
  1  1] [ 2  3 10 11 18 19 20 26 27 28 29 34 36 41 42 44 45 46 47 50 51 52 53 54
 55 61] [13582  3282 16330  5867 10602  4676 11323 10377 12124  8832 10474 11740
 11449 14163  4421  4667  6498 10237  4420  9956 10945 10952  5620 11260
  3442  6296] [] 1716176501.0035078526
[-1  1  1  1  1  1  1  1  1  1 -1  1 -1  1  1  1  1  1  1  1  1  1  1 -1
  1  1] [ 2  3 11 18 19 20 26 27 28 29 34 36 37 41 42 44 45 46 47 50 51 52 53 54
 55 61] [14741  3208  4973 10552  4478 11252 10007 12088  8285 10389 11807 11257
 16358 13730  4204  4647  6488  9063  4414  9892 10881 10193  5462 11325
  3357  6287] [] 1716176501.0464942455
[ 1  1  1  1  1  1 -1  1  1  1 -1  1  1 -1 -1  1 -1  1  1  1  1  1  1 -1
  1  1] [ 2  3 11 18 19 20 26 27 28 29 34 36 37 41 42 44 45 46 47 50 51 52 53 54
 55 61] [14591  3079  4642 10418  4433 11190 10218 12011  7102  9673 11820 11089
 14176 13794  4218  4535  6572  8898  4334  9875 10872 10142  5421 11349
  3303  6237] [] 1716176501.0893602371
[-1  1 -1  1 -1  1  1  1 -1  1  1  1  1  1  1  1  1  1  1 -1 -1  1  1  1
  1  1 -1] [ 2  3 10 11 18 19 20 26 27 28 29 34 36 37 41 42 44 45 46 47 50 51 52 53
 54 55 61] [14990  3055 15995  4422 10448  4342 10975  7467 12040  6845  7732  9641
 10241 11211 13680  4090  4523  6482  8827  4335  9895 10865 10037  5416
 11292  3284  6240] [] 1716176501.1324362755
[ 1  1  1  1  1  1  1  1 -1  1  1 -1  1 -1  1  1  1  1  1  1 -1  1  1  1
  1 -1  1] [ 2  3 10 11 18 19 20 26 27 28 29 34 36 37 41 42 44 45 46 47 50 51 52 53
 54 55 61] [14933  3009 15979  4285 10376  4327 10956  7339 12091  6728  7323  9658
 10059 11212 13661  4042  4487  6475  8162  4252  9955 10850  9958  5407
  9707  3324  6233] [] 1716176501.1755261421
[ 1 -1  1  1 -1  1  1  1 -1  1  1  1  1  1  1  1  1  1  1  1 -1 -1  1  1
  1  1 -1] [ 2  3 10 11 18 19 20 26 27 28 29 34 36 37 41 42 44 45 46 47 50 51 52 53
 54 55 61] [14360  3012 15923  4255 10444  4298 10901  7328 12383  6511  7290  9595
  9854 11156 13525  4018  4462  6442  8049  4213  9960 10876  9943  5381
  9090  3295  6234] [] 1716176501.2185134888
[-1  1 -1  1  1  1  1  1 -1  1 -1 -1  1  1 -1 -1  1 -1 -1  1  1  1 -1 -1
  1  1 -1] [ 2  3 10 11 18 19 20 26 27 28 29 34 36 37 41 42 44 45 46 47 50 51 52 53
 54 55 61] [14503  3010 16068  4151 10330  4274 10883  7305 12408  6278  7295  9599
  9837 10820 13579  4102  4460  6494  8564  4209  9937 10809 10025  5462
  8972  3292  6294] [] 1716176501.2615015507
[-1 -1  1 -1  1  1  1 -1  1 -1 -1 -1 -1  1 -1 -1 -1  1 -1  1  1  1 -1  1
 -1 -1  1] [ 2  3 10 11 18 19 20 26 27 28 29 34 36 37 41 42 44 45 46 47 50 51 52 53
 54 55 61] [14812  3020 15934  4359 10312  4262 10864  7746 12338  6787  7341 11851
 10016 10761 13657  4383  4521  6463  8750  4208  9864 10788 10122  5392
  9145  3296  6241] [] 1716176501.3044834137
[ 1 -1  1 -1  1 -1 -1 -1  1 -1 -1  1 -1 -1  1 -1 -1 -1 -1 -1 -1 -1 -1 -1
 -1 -1  1] [ 2  3 10 11 18 19 20 26 27 28 29 34 36 37 41 42 44 45 46 47 50 51 52 53
 54 55 61] [14412  3053 15476  4800 10305  4302 10900  7788 12276  7242 10338 11789
 10066 11061 13615  4479  4538  6472 10377  4230  9891 10806 10745  5433
 11149  3320  6241] [] 1716176501.3474931717
[-1 -1  1 -1  1 -1 -1  1 -1 -1 -1  1  1 -1 -1 -1 -1  1 -1 -1 -1 -1 -1 -1
 -1 -1 -1] [ 2  3 10 11 18 19 20 26 27 28 29 34 36 37 41 42 44 45 46 47 50 51 52 53
 54 55 61] [14500  3150 15459  5343 10226  4328 11060  7733 12287  7794 10346 11767
  9908 11820 13964  4895  4769  6463 10472  4285  9914 10894 10957  5452
 11453  3453  6286] [] 1716176501.3905439377
[-1 -1 -1 -1 -1  1 -1 -1 -1 -1  1 -1 -1  1 -1 -1 -1  1 -1  1 -1 -1 -1  1
 -1 -1] [ 2  3 11 18 19 20 26 27 28 29 34 36 37 41 42 44 45 46 47 50 51 52 53 54
 55 61] [14520  3226  6114 10277  4459 11055  7785 12475  9258 10348 11695 10909
 12654 13945  5158  4874  6577 10337  4397  9837 10961 11187  5555 11393
  3487  6335] [] 1716176501.4334888458
[ 1 -1 -1 -1 -1 -1 -1  1 -1 -1 -1 -1  1 -1 -1 -1 -1  1 -1 -1 -1 -1 -1 -1
 -1 -1] [ 2  3 11 18 19 20 26 27 28 29 34 36 37 41 42 44 45 46 47 50 51 52 53 54
 55 61] [14473  3339  6824 10314  4541 11063  7910 12246 10097 10467 11743 11559
 12497 13965  5600  5119  6661  9053  4509  9969 11121 11295  6106 11451
  3610  6363] [] 1716176501.4764606953
[ 1 -1 -1 -1 -1 -1 -1  1 -1  1  1 -1 -1 -1 -1 -1 -1 -1 -1  1  1  1 -1  1
 -1 -1] [ 2  3 11 18 19 20 26 27 28 29 34 36 37 41 42 44 45 46 47 50 51 52 53 54
 55 61] [14368  3354  7773 10426  4900 11151  8057 12035 11125 10444 11671 12611
 12695 14271  5663  5176  6738  9093  4643  9889 11116 11273  6269 11419
  3682  6405] [] 1716176501.5194957256
[-1  1 -1 -1 -1  1 -1  1  1 -1 -1 -1 -1 -1 -1  1 -1 -1 -1 -1 -1  1  1 -1
 -1] [ 2  3 11 18 19 20 26 27 28 29 34 36 37 42 44 45 46 47 50 51 52 53 54 55
 61] [14730  3315  8697 10496  4934 11069  9423 11915 11053 10450 11840 12667
 12927  5753  5446  6658 10866  4668  9928 11530 11500  5900 11398  3785
  6443] [] 1716176501.5624914169
[ 1 -1  1 -1 -1 -1 -1 -1  1  1 -1  1  1 -1 -1  1 -1  1 -1 -1 -1 -1 -1] [ 2  3 11 18 19 20 26 27 28 29 34 36 42 44 45 46 47 50 52 53 54 55 61] [14396  3398  8686 11385  5144 11186  9855 12488 10956 10384 11893 12583
  5479  5461  6732 10811  4780  9867 12364  6310 11467  3856  6529] [] 1716176501.6054592133
[-1  1 -1 -1 -1  1  1  1  1  1 -1 -1 -1 -1 -1 -1 -1 -1 -1 -1 -1 -1] [ 2  3 11 19 20 26 27 28 29 34 36 42 44 45 46 47 50 52 53 54 55 61] [14662  3368  8701  5286 11289  9761 12397 10939 10337 11748 13554  5786
  5698  6772 10832  4925  9872 13216  7028 11624  3906  6556] [] 1716176501.6485071182
[ 1 -1 -1 -1  1 -1  1  1 -1 -1 -1 -1 -1  1 -1 -1 -1 -1 -1  1 -1 -1] [ 2  3 11 19 20 26 27 28 29 34 36 42 44 45 46 47 50 52 53 54 55 61] [14641  3448  8707  5363 11255  9877 12229 10851 10409 11917 13815  6051
  6033  6771 10904  5001  9904 15088  7436 11539  4030  6576] [] 1716176501.6914825439
[-1 -1 -1 -1 -1 -1 -1  1  1  1  1 -1 -1  1  1 -1 -1  1 -1 -1 -1] [ 2  3 11 19 20 26 27 28 29 34 36 42 44 45 46 47 50 53 54 55 61] [14672  3695  8762  5487 11495  9963 12629 10827 10373 11852 13072  6182
  6378  6743 10855  5090  9913  7258 11700  4163  6598] [] 1716176501.7344808578
[-1 -1  1 -1 -1 -1 -1  1 -1  1 -1 -1 -1 -1 -1 -1  1 -1 -1 -1 -1] [ 2  3 11 19 20 26 27 28 29 34 36 42 44 45 46 47 50 53 54 55 61] [14788  3763  8749  6153 11524 10059 12853 10707 10549 11847 14157  6812
  7043  6879 10935  5344  9879  7405 11828  4359  6707] [] 1716176501.7774577141
[ 1  1 -1 -1  1  1  1  1 -1 -1 -1 -1 -1 -1 -1 -1 -1 -1 -1 -1] [ 2  3 11 19 20 26 28 29 34 36 42 44 45 46 47 50 53 54 55 61] [14686  3755  8754  7441 11465  9912 10683 10472 11949 14757  6985  7446
  7774 11033  5707  9943  7430 11993  4479  6761] [] 1716176501.8204581738
[ 1 -1 -1 -1 -1 -1  1 -1  1  1 -1 -1 -1 -1 -1 -1 -1 -1 -1 -1] [ 2  3 11 19 20 26 28 29 34 36 42 44 45 46 47 50 53 54 55 61] [14655  3869  8815  7455 11467  9973 10537 10662 11935 14753  7096  7937
  7855 11051  5891  9971  7517 12093  4626  6804] [] 1716176501.8635489941
[-1 -1 -1  1 -1 -1 -1 -1 -1 -1 -1 -1 -1 -1 -1 -1 -1 -1 -1 -1] [ 2  3 11 19 20 26 28 29 34 36 42 44 45 46 47 50 53 54 55 61] [14785  4059  8875  7317 11629 10025 10576 10744 11994 16007  7160  9243
  7910 11248  6626 10017  7688 12279  5103  6951] [] 1716176501.9065160751
[-1 -1 -1 -1 -1 -1  1 -1 -1 -1 -1 -1 -1 -1 -1 -1 -1 -1] [ 2  3 11 19 20 26 28 29 42 44 45 46 47 50 53 54 55 61] [14930  4453  8880  9225 11663 10061 10427 10805  7854 10006  8041 11368
  7101 10032  7827 12344  5268  7013] [] 1716176501.9493899345
[ 1 -1 -1 -1 -1 -1 -1 -1 -1 -1 -1 -1 -1 -1 -1 -1 -1 -1] [ 2  3 11 19 20 26 28 29 42 44 45 46 47 50 53 54 55 61] [14683  4518  8988  9317 11745 10103 10466 11006  7971 10301  8153 11461
  7121 10075  7897 12405  5785  7167] [] 1716176501.9923899174
[-1 -1 -1 -1 -1 -1 -1  1 -1 -1 -1 -1 -1 -1 -1 -1 -1 -1 -1] [ 2  3 11 19 20 26 28 29 36 42 44 45 46 47 50 53 54 55 61] [14820  4646  9058  9599 12047 10187 10626 10820 14308  8155 10391  8427
 11673  7547 10135  7950 12448  6123  7176] [] 1716176502.0354092121
[-1 -1  1 -1 -1 -1 -1 -1 -1 -1 -1 -1 -1 -1 -1 -1 -1 -1] [ 3 11 19 20 26 28 29 36 42 44 45 46 47 50 53 54 55 61] [ 4698  9091  9473 12379 10287 10676 11041 15997  8172 10573 11718 11896
  8224 10201  8024 12500  6459  7248] [] 1716176502.0783040524
[-1 -1 -1 -1 -1  1 -1 -1 -1 -1  1 -1 -1 -1 -1  1 -1 -1] [ 2  3 11 19 20 26 28 29 36 42 44 45 47 50 53 54 55 61] [14438  4869  9207  9713 12811 10255 10765 11178 16197  8455 10410 11884
  8473 10321  8223 12470  7188  7431] [] 1716176502.1213865280
[-1 -1 -1 -1 -1 -1  1  1 -1  1  1 -1 -1 -1  1 -1  1] [ 3 11 19 20 26 28 29 36 42 44 45 47 50 53 54 55 61] [ 5810  9230  9800 12947 10307 10873 10991 15779  8506 10286 11787  8492
 10459  9329 12390  7435  7412] [] 1716176502.1643865108
[-1 -1 -1 -1 -1  1 -1 -1 -1 -1 -1 -1 -1 -1 -1 -1] [ 3 11 19 20 26 28 29 42 44 45 47 50 53 54 55 61] [ 7527  9363 10142 13167 10642 10836 11586  8642 10306 11909  9879 10637
  9503 12477  9633  7536] [] 1716176502.2073857784
[-1  1 -1 -1 -1  1  1 -1 -1  1 -1 -1 -1  1 -1 -1] [ 3 11 19 20 26 28 29 42 44 45 47 50 53 54 55 61] [ 7603  9357 10495 13491 10717 10812 11548  8777 10593 11872  9954 10710
  9570 12357 11229  7537] [] 1716176502.2503509521
[-1 -1 -1 -1  1 -1 -1 -1 -1 -1 -1 -1 -1 -1 -1 -1] [ 3 11 19 20 26 28 29 42 44 45 47 50 53 54 55 61] [ 7821  9429 13653 13705 10655 11047 11689  8786 10820 12108 10163 10888
  9594 12398 11760  7567] [] 1716176502.2933678627
[-1 -1 -1 -1  1 -1  1 -1 -1 -1 -1  1 -1 -1  1] [ 3 11 20 26 28 29 42 44 45 47 50 53 54 55 61] [ 8153  9621 14079 10891 10925 11730  8757 10853 12235 10418 10909  9576
 12472 12897  7563] [] 1716176502.3363533020
[-1  1 -1 -1 -1 -1 -1  1  1 -1  1  1  1  1] [ 3 11 20 26 28 29 42 44 45 47 50 53 54 61] [ 8600  9611 14335 13886 10932 11970  8827 10813 12078 12435 10805  9563
 12255  7440] [] 1716176502.3793559074
[-1 -1  1 -1 -1 -1 -1 -1 -1 -1 -1 -1 -1 -1] [ 3 11 20 26 28 29 42 44 45 47 50 53 54 61] [ 8737  9746 14232 13994 10983 12108  8834 10888 12166 12629 11008  9624
 12266  7591] [] 1716176502.4223651886
[-1 -1  1 -1  1 -1 -1 -1 -1 -1  1 -1 -1  1] [ 3 11 20 26 28 29 42 44 45 47 50 53 54 61] [ 8845  9847 14053 14290 10977 12312  9047 12199 12185 12764 10913 11355
 12311  7522] [] 1716176502.4653475285
[-1  1 -1 -1 -1 -1 -1  1  1 -1  1  1] [ 3 11 20 28 29 42 44 45 50 53 54 61] [13933  9687 14542 11064 12562  9083 12645 12041 10833 11364 12215  7508] [] 1716176502.5082395077
[ 1  1 -1  1  1  1 -1 -1 -1 -1 -1] [ 3 11 20 28 42 44 45 50 53 54 61] [13536  9490 14829 10826  9069 12607 12080 10893 11426 12437  7665] [] 1716176502.5513451099
[ 1  1  1  1 -1 -1 -1 -1 -1 -1] [11 20 28 42 44 45 50 53 54 61] [ 9416 14806 10819  9037 12632 12086 11134 11474 12585  8629] [] 1716176502.5943553448
[-1 -1 -1  1 -1 -1  1  1 -1 -1] [11 20 28 42 44 45 50 53 54 61] [ 9609 16214 11023  8900 12903 12193 11115 11409 14983  9403] [] 1716176502.6373553276
[-1  1 -1  1  1  1  1] [11 20 28 42 44 45 53] [ 9662 16203 11033  8747 12742 11819 10897] [] 1716176502.6804177761
[ 1 -1 -1 -1  1 -1] [11 28 42 44 45 53] [ 9645 11106  8920 12855 11809 10976] [] 1716176502.7233042717
[ 1  1  1  1 -1] [11 28 42 45 53] [ 9597 11007  8890 11706 14610] [] 1716176502.7663483620
[ 1  1  1 -1 -1] [11 28 42 45 53] [ 9576 10950  8874 11711 14627] [] 1716176502.8093264103
[-1 -1  1 -1] [11 28 42 53] [ 9582 10959  8805 14950] [] 1716176502.8522901535
[ 1 -1  1] [11 28 42] [ 9556 11109  8732] [] 1716176502.8953425884
[-1 -1 -1] [11 28 42] [ 9606 11178  8910] [] 1716176502.9383151531
[-1  1  1] [11 28 42] [ 9608 11048  8907] [] 1716176502.9813013077
[-1 -1 -1] [11 28 42] [ 9626 11087  9153] [] 1716176503.0243198872
[-1 -1 -1] [11 28 42] [ 9942 11415  9707] [] 1716176503.0673131943
[-1 -1 -1] [11 28 42] [10388 11594  9934] [] 1716176503.1103076935
[-1 -1 -1] [11 28 42] [11093 11679 10239] [] 1716176503.1533126831
[-1 -1 -1] [11 28 42] [13159 12071 12711] [] 1716176503.1962959766
[ 1 -1] [28 42] [11884 12757] [] 1716176503.2392723560
[-1 -1] [28 42] [12152 13005] [] 1716176503.2823009491
[-1] [28] [12230] [] 1716176503.3252909184
2 2 2 1716176504.2716078758
