FA TAX ADC PRES TS
[1] [44] [11778] [] 1716176998.7837014198
[-1] [44] [11806] [] 1716176998.8267393112
[1] [44] [11801] [] 1716176998.8696072102
[-1] [44] [11821] [] 1716176998.9126913548
[-1] [44] [12030] [] 1716176998.9556791782
[-1 -1 -1] [28 42 44] [12228 13091 12420] [] 1716176998.9987218380
[-1  1  1] [28 42 44] [12319 12751 12330] [] 1716176999.0417613983
[1 1 1] [28 42 44] [12264 12505 12299] [] 1716176999.0846962929
[1 1 1] [28 42 44] [12241 11975 11275] [] 1716176999.1277391911
[1 1 1] [28 42 44] [12113 11622 11001] [] 1716176999.1707246304
[ 1 -1 -1 -1] [28 42 44 45] [11941 11743 11201 12826] [] 1716176999.2137060165
[-1  1  1  1] [28 42 44 45] [12056 11669 11090 12250] [] 1716176999.2566900253
[ 1  1 -1  1] [28 42 44 45] [11922 11310 11629 12019] [] 1716176999.2997364998
[-1  1  1  1] [28 42 44 45] [11942 10909 11424 11664] [] 1716176999.3426136971
[1 1 1 1] [28 42 44 45] [11737 10821 11365 11609] [] 1716176999.3856143951
[-1  1  1  1] [28 42 44 45] [11739 10745 11283 11557] [] 1716176999.4286999702
[ 1 -1 -1 -1 -1] [28 42 44 45 53] [11508 11263 11513 11729 14979] [] 1716176999.4717416763
[-1  1  1  1  1] [28 42 44 45 53] [11554 11037 11251 11637 14876] [] 1716176999.5146987438
[ 1  1  1 -1  1] [28 42 44 45 53] [11525 10971 11165 11672 14645] [] 1716176999.5576536655
[ 1 -1  1  1  1] [28 42 44 45 53] [11508 11595 10862 11580 14610] [] 1716176999.6006784439
[ 1 -1  1 -1 -1] [28 42 44 45 53] [11455 11619  9425 11679 14687] [] 1716176999.6436972618
[-1 -1  1  1 -1  1] [11 28 42 44 45 53] [12154 11575 10918  9414 11682 12357] [] 1716176999.6866929531
[1 1 1 1 1 1] [11 28 42 44 45 53] [10589 11495 10797  9204 11597 11301] [] 1716176999.7296056747
[ 1  1 -1  1  1  1] [11 28 42 44 45 53] [10453 11469 11661  9093 11593 11051] [] 1716176999.7726733685
[1 1 1 1 1 1] [11 28 42 44 45 53] [10199 11429 10903  8867 11545 10939] [] 1716176999.8157093525
[ 1 -1 -1  1 -1  1] [11 28 42 44 45 53] [10171 11452 11531  8613 11585 10742] [] 1716176999.8586015701
[ 1 -1 -1  1  1  1] [11 28 42 44 45 53] [10038 11458 11606  8542 11523 10734] [] 1716176999.9016144276
[1 1 1 1 1 1] [11 28 42 44 45 53] [10021 11431 11226  8420 11503 10566] [] 1716176999.9448032379
[ 1  1  1  1  1 -1] [11 28 42 44 45 53] [ 9883 11388 11209  8319 11467 10613] [] 1716176999.9877099991
[-1  1 -1  1  1  1] [11 28 42 44 45 53] [ 9902 11287 11522  8189 11436 10599] [] 1716177000.0307114124
[ 1  1 -1 -1 -1 -1 -1 -1] [11 28 42 44 45 50 53 61] [ 9734 11141 11805  8483 11798 10861 11093  8046] [] 1716177000.0736544132
[-1 -1 -1  1 -1 -1 -1  1] [11 28 42 44 45 50 53 61] [ 9879 11297 11829  7793 11858 10979 11119  7931] [] 1716177000.1167516708
[1 1 1 1 1 1 1 1] [11 28 42 44 45 50 53 61] [ 9835 11219 11751  7741 11669 10682 11029  7760] [] 1716177000.1596596241
[ 1  1  1  1 -1 -1 -1  1] [11 28 42 44 45 50 53 61] [ 9680 11123 11744  7385 11728 10713 11124  7675] [] 1716177000.2026801109
[ 1  1 -1  1  1 -1  1  1] [11 28 42 44 45 50 53 61] [ 9636 11089 11833  7362 11713 10776 11116  7657] [] 1716177000.2456328869
[-1 -1  1 -1 -1 -1 -1 -1 -1] [11 26 28 42 44 45 50 53 61] [ 9675 13637 11050 11904  7464 11762 10783 11202  7665] [] 1716177000.2887353897
[-1 -1 -1 -1  1  1  1 -1  1  1] [11 19 26 28 42 44 45 50 53 61] [ 9824 13527 15383 11128 11833  7312 11690 10829 11123  7621] [] 1716177000.3317162991
[-1  1  1 -1  1 -1  1 -1  1 -1] [11 19 26 28 42 44 45 50 53 61] [ 9889 10677 15134 11272 11771  7381 11647 10831 11029  7645] [] 1716177000.3746898174
[ 1 -1 -1  1 -1 -1  1 -1  1 -1  1] [11 19 20 26 28 42 44 45 50 53 61] [ 9852 10714 16282 14985 11316 11841  7203 11667 10745 11051  7562] [] 1716177000.4176261425
[ 1  1 -1  1  1  1 -1  1 -1 -1 -1] [11 19 26 28 42 44 45 50 53 54 61] [ 9753 10277 15224 11169 11773  6921 11719 10628 11183 12678  7719] [] 1716177000.4606935978
[ 1  1  1  1  1 -1  1 -1 -1  1 -1] [11 19 26 28 42 44 45 50 53 54 61] [ 9625 10229 14793 11142 11767  7079 11586 10633 11187 12513  7743] [] 1716177000.5036959648
[-1  1  1 -1  1  1 -1 -1 -1  1 -1] [11 19 26 28 42 44 45 50 53 54 61] [ 9767 10185 13000 11164 11739  7071 11683 10645 11239 12473  7774] [] 1716177000.5466690063
[ 1 -1  1 -1 -1 -1 -1  1  1  1  1  1] [11 19 26 28 29 42 44 45 50 53 54 61] [ 9727 10239 12048 11277 12388 11749  7137 11579 10606  9342 12262  7518] [] 1716177000.5897538662
[-1 -1 -1 -1 -1 -1  1 -1 -1 -1  1 -1 -1 -1] [11 19 20 26 27 28 29 42 44 45 50 53 54 61] [ 9774 10338 16216 12168 13458 11390 12131 11843  7212 11737 10542  9444
 12347  7600] [] 1716177000.6327290535
[-1 -1  1  1  1 -1  1 -1 -1  1  1 -1 -1  1  1  1 -1] [11 19 20 26 27 28 29 34 35 42 44 45 47 50 53 54 61] [ 9861 10494 15082 12052 13351 11525 12130 13717 15056 11798  7110 11743
 15435 10530  9426 12170  7621] [] 1716177000.6757180691
[ 1  1  1  1  1  1  1 -1  1  1  1 -1  1  1  1  1  1] [11 19 20 26 27 28 29 34 35 42 44 45 47 50 53 54 61] [ 9719 10453 14645 11923 13326 11428 12017 13742 14698 11778  6876 11744
 15275 10461  9238 12047  7479] [] 1716177000.7187128067
[ 1 -1  1  1  1 -1  1  1  1  1  1 -1 -1  1  1 -1 -1] [11 19 20 26 27 28 29 34 35 42 44 45 47 50 53 54 61] [ 9685 10492 14278 11474 13239 11561 11977 10588 14664 11775  6824 11824
 15454 10350  9139 12197  7498] [] 1716177000.7616884708
[-1  1  1 -1  1  1  1  1 -1  1 -1  1  1  1  1 -1  1] [11 19 20 26 27 28 29 34 35 42 44 45 47 50 53 54 61] [ 9719 10405 13907 11798 13154 11504 11976 10554 14694 11591  6869 11812
 15122 10347  9051 12243  7451] [] 1716177000.8047585487
[ 1  1  1  1 -1  1  1  1  1 -1 -1  1 -1 -1 -1 -1  1 -1] [11 19 20 26 27 28 29 34 35 36 42 44 45 47 50 53 54 61] [ 9703 10380 13005 11392 13194 11430 11874 10456 14480 15579 11741  6383
 11844 15294 10367  9096 12154  7487] [] 1716177000.8478033543
[ 1  1 -1  1  1  1 -1  1  1 -1  1  1  1  1  1  1  1  1] [11 19 20 26 27 28 29 34 35 36 42 44 45 47 50 53 54 61] [ 9665 10356 13110 11311 13171 11430 12058 10313 14274 15625 11687  6338
 11834 15187 10355  9063 11974  7341] [] 1716177000.8907575607
[ 1  1  1 -1 -1  1  1  1  1  1  1  1  1 -1  1 -1 -1 -1 -1] [11 19 20 26 27 28 29 34 35 36 42 44 45 47 50 53 54 55 61] [ 9467  8387 12493 13014 13240 11307 11779 10243 14061 15489 11641  6180
 11739 15474 10344  9071 11981 14120  7432] [] 1716177000.9336721897
[ 1  1  1  1 -1  1  1  1  1 -1  1 -1  1  1 -1 -1  1  1 -1] [11 19 20 26 27 28 29 34 35 36 42 44 45 47 50 53 54 55 61] [ 9425  8318 12258 12132 13312 11219 11671 10188 14038 15498 10781  6189
  9771 14878 10386  9139 11951 11384  7485] [] 1716177000.9767856598
[-1 -1 -1  1 -1 -1  1  1  1  1  1  1  1  1  1  1  1  1  1  1  1] [ 2  3 11 19 20 26 27 28 29 34 35 36 42 44 45 47 50 53 54 55 61] [15288 13093  9530  8269 12424 15012 13233 11132 11521 10073 13969 14289
 10653  5896  9286 14627 10262  9009 11912 10700  7312] [] 1716177001.0197334290
[-1  1  1  1  1  1  1 -1  1  1 -1 -1  1  1  1 -1  1  1  1  1] [ 2  3 11 19 20 26 27 28 29 34 35 42 44 45 47 50 53 54 55 61] [16253  8844  9478  8159 12213 12216 13171 11138 11497 10019 14064 10763
  5754  9168 14369 10263  8841 11744  9735  7152] [] 1716177001.0627288818
[ 1  1  1  1  1  1  1  1 -1  1  1 -1  1  1  1 -1 -1 -1  1  1] [ 2  3 11 19 20 26 27 28 29 34 35 42 44 45 47 50 53 54 55 61] [15849  8052  9453  8102 11953 11615 13134 11087 11555  9982 13945 10874
  5738  9066 14017 10313  8904 11765  9294  7133] [] 1716177001.1056745052
[ 1  1  1  1  1  1  1  1  1  1  1 -1 -1  1  1  1  1  1  1  1 -1] [ 2  3 11 19 20 26 27 28 29 34 35 36 42 44 45 47 50 53 54 55 61] [15176  7850  9283  8049 11930 11517 12322 10997 11534  9809 13921 15815
 11013  5680  9031 13677 10230  8749 11678  8315  7151] [] 1716177001.1487786770
[-1  1  1  1  1  1  1  1  1 -1 -1  1 -1 -1  1  1  1  1 -1  1 -1] [ 2  3 11 19 20 26 27 28 29 34 35 36 42 44 45 47 50 53 54 55 61] [15837  7584  9254  7923 11548 11022 12008 10962 11397  9860 14053 13153
 11089  5714  9029 13515 10207  8721 11742  7386  7160] [] 1716177001.1917276382
[-1  1  1 -1 -1 -1 -1 -1 -1  1 -1 -1  1  1  1  1  1  1  1  1  1  1] [ 2  3 11 19 20 21 26 27 28 29 34 35 36 42 44 45 47 50 53 54 55 61] [16226  7362  9210  8015 11631 11845 11388 12042 11013 11364 10017 14184
 13096 11057  5615  8993 13319 10185  8645 11726  6717  7073] [] 1716177001.2347838879
[ 1  1  1  1  1  1 -1  1  1  1  1  1  1 -1  1  1 -1  1  1 -1  1  1] [ 2  3 11 19 20 21 26 27 28 29 34 35 36 42 44 45 47 50 53 54 55 61] [15804  6314  9203  7933 11462 11695 11533 11943 10982 11269  9931 13984
 13047 11217  5425  8987 13374 10118  8042 11804  6506  6995] [] 1716177001.2776873112
[ 1  1 -1  1  1  1  1  1  1  1  1  1 -1  1  1  1  1 -1  1  1  1  1] [ 2  3 11 19 20 21 26 27 28 29 34 35 36 42 44 45 47 50 53 54 55 61] [14931  6127  9264  7844 11375 11426 11165 11942 10955 11230  9913 13676
 13817 11209  5295  8889 13283 10158  7833 11768  6048  6906] [] 1716177001.3207006454
[-1  1  1  1 -1  1  1  1 -1  1  1 -1  1  1  1  1  1  1  1 -1  1 -1] [ 2  3 11 19 20 21 26 27 28 29 34 35 36 42 44 45 47 50 53 54 55 61] [16198  5857  9145  6905 11393 11212 10495 11779 11021 11160  9893 13936
 12724 10222  5229  8814 12577 10025  7815 11773  5967  6947] [] 1716177001.3637349606
[ 1  1  1 -1 -1  1  1  1 -1  1  1  1  1  1 -1  1 -1  1 -1  1 -1  1  1] [ 2  3 11 18 19 20 21 26 27 28 29 34 35 36 42 44 45 47 50 53 54 55 61] [15632  5785  9125 11625  7028 11178 10976 10380 11931 10982 10943  9647
 11530 12557 11082  5108  8859 10136 10080  7646 11781  5885  6889] [] 1716177001.4068167210
[ 1  1 -1  1  1  1 -1  1  1 -1  1  1  1  1  1  1  1  1  1  1  1  1  1] [ 2  3 11 18 19 20 21 26 27 28 29 34 35 36 42 44 45 47 50 53 54 55 61] [15567  5693  9144 11196  6898 11018 11020 10306 11903 11120 10928  9581
 10255 12413  8961  4999  8827  9908  9957  7565 11571  5813  6835] [] 1716177001.4497663975
[-1  1  1  1  1  1  1  1  1  1  1  1 -1  1  1  1  1 -1  1  1  1  1  1] [ 2  3 11 18 19 20 21 26 27 28 29 34 35 36 42 44 45 47 50 53 54 55 61] [15575  5655  9099 11069  6850 10746 10819 10279  9239 11083 10826  9244
 10316 12337  8600  4828  8795  9954  9906  7452 11181  5538  6770] [] 1716177001.4927656651
[ 1  1  1  1  1  1  1  1  1  1  1  1  1 -1  1  1  1  1 -1 -1  1  1  1] [ 2  3 11 18 19 20 21 26 27 28 29 34 35 36 42 44 45 47 50 53 54 55 61] [15539  5537  9051 10948  6337 10638 10750 10123  9206 11066 10732  9062
 10268 12385  7684  4733  8636  9837  9936  7508 11100  5392  6757] [] 1716177001.5357263088
[-1  1  1  1  1  1 -1  1  1  1  1 -1 -1  1  1  1  1 -1  1 -1  1  1  1  1] [ 2  3 11 18 19 20 21 26 27 28 29 34 35 36 42 44 45 47 50 52 53 54 55 61] [15888  5428  8982 10715  5953 10376 10786 10040  9085  9987 10634  9244
 10273 12378  7380  4639  8608  9859  9885 14835  7355 10907  5275  6734] [] 1716177001.5787794590
[ 1  1  1  1  1  1  1  1  1  1  1  1  1  1 -1  1 -1  1  1  1  1  1  1  1] [ 2  3 11 18 19 20 21 26 27 28 29 34 35 36 42 44 45 47 50 52 53 54 55 61] [15763  5399  8879 10624  5838 10215 10743  8581  8998  9983 10557  8057
  9971 12201  7559  4472  8666  9812  9814 12501  7179 10735  5170  6713] [] 1716177001.6215853691
[ 1  1  1  1  1  1  1  1  1  1 -1  1  1  1  1  1  1  1  1  1 -1  1  1  1] [ 2  3 11 18 19 20 21 26 27 28 29 34 35 36 42 44 45 47 50 52 53 54 55 61] [14351  5386  8875 10514  5715 10170 10627  8189  8916  9628 10698  7704
  9965 11597  7538  4419  8537  9676  9808 12109  7274 10629  5085  6685] [] 1716177001.6647169590
[-1 -1  1 -1  1  1 -1  1 -1  1  1  1 -1  1 -1  1  1  1  1 -1  1  1  1  1
  1] [ 2  3 11 18 19 20 21 26 27 28 29 34 35 36 41 42 44 45 47 50 52 53 54 55
 61] [15434  5411  8857 10530  5573 10087 10666  8149  8942  9550 10578  6758
 10019 11433 14336  6444  4260  8399  9463  9828 10858  6954 10406  4798
  6607] [] 1716177001.7077567577
[ 1  1  1  1  1  1  1 -1  1  1  1  1  1  1  1  1  1  1  1 -1  1  1  1  1
  1] [ 2  3 11 18 19 20 21 26 27 28 29 34 35 36 41 42 44 45 47 50 52 53 54 55
 61] [15227  5337  8856  8459  5487  9887 10551  8205  8925  8475 10514  5821
 10013 11293 14083  5855  4200  8309  8490  9873 10071  6202 10287  4656
  6534] [] 1716177001.7507262230
[ 1  1  1  1  1  1  1  1  1  1  1  1  1  1 -1  1  1 -1 -1  1  1  1  1 -1
  1  1] [ 2  3 11 18 19 20 21 26 27 28 29 34 35 36 41 42 44 45 46 47 50 52 53 54
 55 61] [14600  5317  8816  7364  5243  9791 10472  8191  8751  8068 10480  5447
  9888 10163 14141  5591  4110  8328 11337  8268  9865  9396  6127 10433
  4648  6516] [] 1716177001.7936251163
[ 1  1 -1 -1  1  1 -1 -1  1 -1  1 -1  1  1 -1  1  1  1  1  1  1  1  1  1
  1  1 -1] [ 2  3 10 11 18 19 20 21 26 27 28 29 34 35 36 41 42 44 45 46 47 50 52 53
 54 55 61] [14196  5311 16161  8838  7162  5136  9849 10505  8137  8787  6652 10512
  5429  9852 10173 14095  5367  4095  8328 10577  8042  9808  9347  6075
 10424  4611  6533] [] 1716177001.8367567062
[-1  1  1 -1  1  1 -1  1  1 -1  1  1 -1  1  1 -1  1  1  1  1  1  1  1  1
  1  1  1] [ 2  3 10 11 18 19 20 21 26 27 28 29 34 35 36 41 42 44 45 46 47 50 52 53
 54 55 61] [14438  5273 16009  8913  6983  5082  9931 10430  8012  8805  6207 10445
  5568  9733 10058 14263  4872  3948  7357 10431  7368  9723  9194  5778
 10350  4522  6409] [] 1716177001.8798213005
[-1  1  1  1  1  1  1  1 -1  1  1 -1  1 -1  1 -1  1  1  1  1  1  1 -1 -1
  1  1  1  1] [ 2  3 10 11 18 19 20 21 26 27 28 29 34 35 36 37 41 42 44 45 46 47 50 52
 53 54 55 61] [15430  5226 15066  7017  6939  4863  9761 10218  8132  8734  5700 10460
  4950  9740  9887 16368 14177  4542  3867  7195  9977  7279  9725  9238
  5603 10255  4422  6347] [] 1716177001.9227943420
[ 1 -1  1  1 -1  1 -1  1  1  1  1  1  1  1  1  1  1  1  1  1  1  1  1 -1
  1 -1  1 -1] [ 2  3 10 11 18 19 20 21 26 27 28 29 34 35 36 37 41 42 44 45 46 47 50 52
 53 54 55 61] [15417  5235 13849  5941  6949  4783  9842 10151  8075  8709  5261 10374
  4880  9680  9835 12739 14161  4463  3844  7165  9360  7256  9588  9310
  5414 10319  4287  6350] [] 1716177001.9655871391
[ 1 -1  1  1  1  1  1  1  1  1  1  1  1  1  1  1  1  1  1  1  1  1  1  1
  1  1  1  1] [ 2  3 10 11 18 19 20 21 26 27 28 29 34 35 36 37 41 42 44 45 46 47 50 52
 53 54 55 61] [14920  5309 12861  5472  6421  4768  9795 10149  8063  8691  4975 10327
  4819  9641  9772 12666 14131  4381  3737  7115  8969  7152  9399  9112
  5396 10284  4202  6295] [] 1716177002.0088076591
[ 1  1  1  1  1  1  1  1 -1  1  1 -1  1 -1  1  1  1 -1  1  1 -1  1  1  1
 -1  1  1  1] [ 2  3 10 11 18 19 20 21 26 27 28 29 34 35 36 37 41 42 44 45 46 47 50 52
 53 54 55 61] [13827  5262  9573  4901  6173  4476  9745 10122  8113  7922  4543 10333
  4745  9685  9589 12648 14029  4426  3644  7003  9162  6983  8871  9088
  5439  9882  4156  6265] [] 1716177002.0517823696
[ 1  1  1  1  1  1  1 -1  1  1  1  1  1 -1  1  1  1  1  1  1 -1  1  1  1
  1  1  1  1] [ 2  3 10 11 18 19 20 21 26 27 28 29 34 35 36 37 41 42 44 45 46 47 50 52
 53 54 55 61] [13742  5255  8999  4740  6158  4394  9692 10125  7998  7784  4329 10268
  4727  9773  9505 12517 14018  4258  3621  6983 11350  6705  7135  8994
  5096  9081  4073  6204] [] 1716177002.0947675705
[ 1  1  1  1  1  1  1 -1  1  1  1  1  1  1  1  1 -1 -1  1 -1  1  1  1 -1
  1  1  1  1  1] [ 2  3 10 11 18 19 20 21 26 27 28 29 34 35 36 37 41 42 44 45 46 47 50 51
 52 53 54 55 61] [13582  5162  7215  4231  5967  4316  9565 10292  7551  7651  4093 10165
  4680  8491  9477 12072 14036  4365  3551  7025 11095  6340  7068 13512
  8895  4978  8775  4007  6152] [] 1716177002.1378152370
[ 1 -1 -1  1  1  1  1  1  1  1  1  1  1  1 -1  1  1 -1 -1  1  1 -1  1 -1
  1  1 -1  1  1] [ 2  3 10 11 18 19 20 21 26 27 28 29 34 35 36 37 41 42 44 45 46 47 50 51
 52 53 54 55 61] [13486  5231  7430  4063  5951  4293  9543 10207  7366  7428  4016 10126
  4644  8291  9535 10714 13895  4444  3589  6957 10430  6341  6683 13978
  8576  4953  8806  3986  6130] [] 1716177002.1806426048
[-1  1  1  1 -1  1 -1  1 -1  1  1  1 -1  1  1 -1  1  1  1 -1 -1 -1  1  1
  1  1  1 -1  1] [ 2  3 10 11 18 19 20 21 26 27 28 29 34 35 36 37 41 42 44 45 46 47 50 51
 52 53 54 55 61] [13612  5158  7250  3988  6061  4208  9555 10176  7405  7292  3948 10023
  4681  8219  9445 10812 13865  4358  3581  6980 10645  6345  6612 13340
  8538  4920  8770  4010  6130] [] 1716177002.2238595486
[-1 -1  1 -1  1  1  1  1  1 -1 -1  1  1  1 -1  1 -1 -1 -1  1  1  1  1  1
 -1 -1 -1 -1  1  1] [ 1  2  3 10 11 18 19 20 21 26 27 28 29 34 35 36 37 41 42 44 45 46 47 50
 51 52 53 54 55 61] [16330 13670  5146  7291  3979  5954  4144  9554 10110  7423  7302  3915
  9848  4651  8258  9348 10955 13905  4359  3484  6941 10239  6337  6374
 13568  8893  4927  8830  3951  6116] [] 1716177002.2667844296
[ 1  1  1  1 -1  1 -1  1 -1 -1  1 -1  1 -1 -1  1 -1  1 -1 -1 -1  1  1 -1
  1 -1 -1  1  1 -1] [ 1  2  3 10 11 18 19 20 21 26 27 28 29 34 35 36 37 41 42 44 45 46 47 50
 51 52 53 54 55 61] [16143 13520  5127  6912  4017  5915  4171  9467 10133  7471  7242  3921
  9716  4699  8259  9343 11030 13905  4402  3523  7005 10165  6239  6704
 13523  8907  4989  8489  3924  6166] [] 1716177002.3096041679
[ 1 -1  1 -1 -1 -1  1  1  1  1  1  1 -1 -1  1  1  1  1 -1 -1  1 -1 -1 -1
  1 -1 -1  1 -1 -1] [ 1  2  3 10 11 18 19 20 21 26 27 28 29 34 35 36 37 41 42 44 45 46 47 50
 51 52 53 54 55 61] [16050 13587  5127  7013  4024  5973  4113  9379 10104  7315  7235  3913
 10101  4715  8139  9325 10992 13727  4429  3530  6951 11150  6252  7200
 11954  8931  5026  7909  4031  6217] [] 1716177002.3527762890
[-1 -1  1 -1 -1  1 -1 -1  1 -1 -1 -1 -1  1 -1 -1  1 -1 -1 -1 -1  1 -1 -1
 -1  1 -1 -1 -1 -1] [ 1  2  3 10 11 18 19 20 21 26 27 28 29 34 35 36 37 41 42 44 45 46 47 50
 51 52 53 54 55 61] [16112 13654  5126  7253  4050  5951  4144  9486 10071  7324  7236  3924
 10122  4677  8165  9440 10865 13823  4447  3610  7004 10010  6581  8761
 12045  8923  5096  8816  4072  6294] [] 1716177002.3958187103
[-1  1 -1 -1 -1  1 -1 -1 -1 -1 -1 -1 -1 -1 -1 -1  1 -1 -1 -1 -1 -1 -1 -1
  1 -1 -1 -1 -1  1] [ 1  2  3 10 11 18 19 20 21 26 27 28 29 34 35 36 37 41 42 44 45 46 47 50
 51 52 53 54 55 61] [16136 13464  5146  8362  4174  5933  4190  9621 10109  7778  7329  4056
 10140  4690  8249  9481 10848 13964  4799  3800  7077 11138  7032  9643
 11417  9046  5253  8894  4213  6232] [] 1716177002.4387426376
[ 1 -1 -1 -1 -1 -1 -1  1 -1 -1 -1 -1 -1  1 -1  1 -1 -1 -1 -1  1 -1  1  1
 -1 -1  1 -1 -1] [ 2  3 10 11 18 19 20 21 26 27 28 29 34 35 36 37 41 42 44 45 46 47 50 51
 52 53 54 55 61] [13373  5150 10778  4791  6101  4286  9661  9947  7825  7623  4435 10210
  4695  8231  9683 10816 13989  5067  3951  7124  9489  7708  9628 11146
  9120  5357  8789  4360  6332] [] 1716177002.4816253185
[ 1  1 -1 -1 -1 -1  1 -1 -1  1 -1 -1 -1 -1 -1 -1 -1 -1 -1 -1 -1  1 -1  1
 -1 -1 -1 -1 -1] [ 2  3 10 11 18 19 20 21 26 27 28 29 34 35 36 37 41 42 44 45 46 47 50 51
 52 53 54 55 61] [13322  5125 11484  5495  6511  4330  9654  9994  7871  7561  4671 10229
  4799  8297  9730 12716 14106  5304  4106  7151 10653  7706  9657 11066
  9250  5397  9258  4393  6367] [] 1716177002.5248141289
[ 1  1 -1 -1 -1 -1 -1  1  1 -1 -1 -1 -1 -1  1  1  1 -1 -1 -1  1 -1 -1 -1
 -1 -1 -1 -1 -1] [ 2  3 10 11 18 19 20 21 26 27 28 29 34 35 36 37 41 42 44 45 46 47 50 51
 52 53 54 55 61] [13252  5124 11639  6520  6777  4423  9704  9967  7855  7623  5111 10236
  4878  8651  9717 12653 14043  5790  4197  7170 10126  7829  9676 11135
  9333  5496  9568  4507  6422] [] 1716177002.5677566528
[ 1  1 -1 -1  1 -1 -1 -1  1  1 -1  1  1 -1 -1 -1 -1 -1 -1 -1 -1 -1 -1 -1
 -1 -1 -1 -1 -1] [ 2  3 10 11 18 19 20 21 26 27 28 29 34 35 36 37 41 42 44 45 46 47 50 51
 52 53 54 55 61] [13146  5066 12381  7329  6769  4425  9756 10001  7851  7453  5410 10148
  4855  8784  9871 12678 14163  6027  4330  7275 10761  7954  9693 11259
  9448  5695 10308  4740  6615] [] 1716177002.6107599735
[-1 -1 -1 -1 -1 -1 -1  1 -1 -1 -1  1 -1 -1  1 -1 -1 -1 -1 -1 -1 -1 -1 -1
 -1 -1 -1 -1 -1] [ 2  3 10 11 18 19 20 21 26 27 28 29 34 35 36 37 41 42 44 45 46 47 50 51
 52 53 54 55 61] [13214  5087 13665  8951  6886  4700  9856  9952  7863  7517  6377 10134
  4924  8900  9750 14784 14229  6052  4357  7352 10799  9387  9737 11588
  9657  5861 10520  4971  6677] [] 1716177002.6536760330
[-1 -1 -1  1 -1 -1  1 -1 -1  1 -1 -1 -1 -1 -1  1 -1 -1 -1 -1 -1 -1  1 -1
 -1 -1 -1 -1] [ 2  3 10 11 18 19 20 21 26 27 28 29 34 35 36 37 41 42 44 45 46 47 50 52
 53 54 55 61] [13422  5119 16239  8855  7041  4865  9817 10021  7971  7457  8643 10172
  5033  9178  9965 14752 16119  6090  4386  7456 10946  9487  9705 10138
  5968 10788  5159  6683] [] 1716177002.6967859268
[-1 -1 -1  1 -1 -1 -1 -1 -1 -1 -1 -1 -1 -1 -1 -1  1 -1 -1 -1 -1  1 -1  1
 -1 -1 -1] [ 2  3 10 11 18 19 20 21 26 27 28 29 34 35 36 37 42 44 45 46 47 50 52 53
 54 55 61] [13450  5188 16315  8847  8227  4930  9861 10035  8075  7477  9214 10236
  5066  9189  9972 15024  6005  4577  8410 11245  9679  9687 10749  5927
 11020  5368  6782] [] 1716177002.7398583889
[ 1  1 -1 -1 -1  1 -1 -1  1 -1 -1 -1 -1 -1 -1 -1 -1 -1 -1 -1  1 -1 -1 -1
 -1  1] [ 2  3 11 18 19 20 21 26 27 28 29 34 35 36 37 42 44 45 46 47 50 52 53 54
 55 61] [13411  5174  8916 10254  5111  9818 10104  9674  7453  9506 10259  6006
  9347 10122 15871  6264  4595  8429 11296  9757  9639 13293  6087 11397
  5536  6731] [] 1716177002.7827203274
[ 1 -1  1 -1 -1 -1 -1 -1 -1 -1  1 -1 -1 -1 -1 -1 -1 -1 -1 -1 -1 -1 -1 -1] [ 2  3 11 18 19 20 21 26 27 28 29 34 35 36 42 44 45 46 47 50 53 54 55 61] [13250  5234  8866 10440  5291  9882 10146  9786  7579  9746  9908  6387
  9544 10490  7269  4609  8547 11724  9767  9748  6812 11592  5920  6767] [] 1716177002.8257143497
[-1 -1 -1 -1 -1 -1 -1 -1 -1 -1 -1 -1 -1 -1 -1 -1  1  1  1 -1  1 -1  1] [ 2  3 11 18 19 20 21 26 27 28 29 34 35 36 42 44 45 47 50 53 54 55 61] [13481  5350  8892 10540  5433  9976 10273  9896  7669 10579 10070  7762
  9608 10652  7384  4642  8475  9703  9737  6875 11424  5984  6675] [] 1716177002.8687615395
[-1  1  1 -1 -1 -1  1 -1 -1 -1 -1 -1 -1 -1 -1 -1 -1 -1 -1 -1 -1 -1 -1] [ 2  3 11 18 19 20 21 26 27 28 29 34 35 36 42 44 45 47 50 53 54 55 61] [15250  5319  8891 10712  5695 10018 10187 10042  7673 10595 10412  9098
  9696 10998  7836  4910  8488  9933  9826  7098 11456  7216  6769] [] 1716177002.9117810726
[ 1 -1  1 -1 -1 -1 -1  1 -1  1 -1 -1 -1 -1 -1 -1 -1 -1 -1 -1  1 -1  1] [ 2  3 11 18 19 20 21 26 27 28 29 34 35 36 42 44 45 47 50 53 54 55 61] [14374  5371  8883 10760  5947 10156 10388 10042  7750 10591 10466  9855
  9967 11044  7859  4970  8609 13228  9849  7324 11398  8538  6766] [] 1716177002.9547569752
[ 1 -1 -1 -1 -1 -1 -1 -1  1 -1 -1 -1 -1 -1 -1 -1 -1 -1 -1 -1 -1 -1 -1] [ 2  3 11 18 19 20 21 26 27 28 29 34 35 36 42 44 45 47 50 53 54 55 61] [13317  5411  8927 10883  6626 10282 10401 10050  7222 10693 10520  9905
 10112 12425  8471  5168  9001 13492  9943  7574 11520  9322  6871] [] 1716177002.9977891445
[-1 -1 -1 -1 -1 -1 -1 -1 -1 -1 -1 -1 -1 -1  1  1 -1 -1 -1 -1 -1 -1  1] [ 2  3 11 18 19 20 21 26 27 28 29 34 35 36 42 44 45 47 50 53 54 55 61] [13491  5593  8997 11723  7613 10678 10603 10082  8805 10808 10634  9919
 10184 12881  8381  5150 10981 13951  9981  7851 11652 10222  6840] [] 1716177003.0407149792
[-1 -1  1  1 -1 -1  1 -1  1 -1 -1 -1  1 -1 -1  1 -1 -1 -1  1 -1 -1] [ 2  3 11 19 20 21 26 27 28 29 34 35 36 42 44 45 47 50 53 54 55 61] [13494  5657  8893  7355 11098 10828 10061  9950 10666 10646 10003 13540
 12861  8441  5292 10969 14314 10045  7909 11633 11031  6917] [] 1716177003.0837213993
[-1 -1 -1 -1 -1 -1 -1  1 -1 -1 -1  1 -1 -1 -1  1 -1 -1 -1 -1 -1 -1] [ 2  3 11 19 20 21 26 27 28 29 34 35 36 42 44 45 47 50 53 54 55 61] [15422  5715  8928  7499 11148 11041 10174  9858 10676 10743 10021 13236
 13735  8486  5501 10965 14709 10177  8477 11699 11335  7002] [] 1716177003.1266975403
[ 1 -1 -1 -1 -1 -1 -1 -1 -1 -1  1  1 -1 -1 -1 -1 -1 -1 -1 -1 -1 -1] [ 2  3 11 19 20 21 26 27 28 29 34 35 36 42 44 45 47 50 53 54 55 61] [13997  5941  8975  7823 11178 11169 10206  9949 10805 10884  9972 13218
 14603  8692  5829 11030 15061 10251  8719 11873 11454  7207] [] 1716177003.1695821285
[ 1 -1 -1 -1 -1 -1 -1 -1 -1 -1 -1  1 -1 -1 -1 -1 -1 -1  1 -1 -1] [ 2  3 11 19 20 21 26 27 28 29 34 35 36 42 44 45 47 50 53 54 61] [13834  6305  9091  7984 11305 11242 10374  9990 10927 11023 10316 13117
 15415  9090  6003 11130 15511 10483  8683 11876  7226] [] 1716177003.2125577927
[-1 -1 -1 -1 -1 -1 -1  1  1 -1 -1 -1 -1 -1 -1 -1 -1  1 -1 -1] [ 2  3 11 19 20 26 27 28 29 34 35 36 42 44 45 47 50 53 54 61] [14335  6483  9149  8092 11620 10496 10139 10923 10885 10616 13306 15631
  9207  6025 11147 15934 10492  8668 12061  7258] [] 1716177003.2556245327
[-1 -1  1 -1  1  1  1 -1  1 -1  1 -1 -1 -1 -1 -1 -1  1 -1] [ 3 11 19 20 26 27 28 29 34 35 36 42 44 45 47 50 53 54 61] [ 7907  9153  8063 11643 10444 10022 10923 11026 10334 13442 15484  9267
  6220 11304 16039 10567  8949 11942  7283] [] 1716177003.2987213135
[-1  1 -1 -1 -1 -1 -1 -1  1 -1 -1 -1 -1  1  1 -1 -1 -1] [ 3 11 19 20 26 27 28 29 34 35 36 42 44 45 50 53 54 61] [13440  9135  8171 11689 10486 10179 11006 11440 10313 13689 15495 11038
  6610 11241 10512 10720 11967  7338] [] 1716177003.3417012691
[ 1 -1  1 -1 -1 -1 -1 -1 -1 -1  1  1 -1 -1 -1 -1 -1 -1] [ 3 11 19 20 26 27 28 29 34 35 36 42 44 45 50 53 54 61] [13263  9175  8095 11831 10501 10261 11051 11764 10504 13707 15461 11009
  6826 11324 10625 10879 12174  7497] [] 1716177003.3846559525
[-1 -1 -1 -1 -1 -1 -1 -1  1 -1  1 -1 -1 -1 -1 -1 -1] [11 19 20 26 27 28 29 34 35 36 42 44 45 50 53 54 61] [ 9196  8190 12212 10636 10447 11074 11860 10653 13474 15491 10877  6935
 11395 10745 10918 12385  7615] [] 1716177003.4276964664
[-1 -1 -1  1 -1 -1 -1 -1 -1 -1 -1 -1 -1 -1  1 -1 -1] [11 19 20 26 27 28 29 34 35 36 42 44 45 50 53 54 61] [ 9275  8373 12354 10559 10547 11092 11898 13519 13617 15516 10887  7115
 11614 10852 10895 12471  7686] [] 1716177003.4706883430
[-1 -1 -1 -1 -1  1 -1  1 -1 -1 -1 -1 -1 -1 -1 -1  1] [11 19 20 26 27 28 29 34 35 36 42 44 45 50 53 54 61] [ 9345 10134 13007 10657 10645 11054 11935 13410 14174 15569 11167  7171
 11739 10908 10929 12524  7621] [] 1716177003.5136785507
[-1 -1 -1 -1 -1 -1 -1 -1 -1  1 -1 -1  1 -1 -1 -1 -1] [11 19 20 26 27 28 29 34 35 36 42 44 45 50 53 54 61] [ 9474 10449 13181 10945 10896 11091 12395 13636 14592 15565 11205  7274
 11653 10991 10953 12695  7791] [] 1716177003.5566656590
[ 1  1  1 -1  1 -1 -1  1  1 -1 -1  1 -1 -1 -1  1] [11 20 26 27 28 29 34 35 36 42 44 45 50 53 54 61] [ 9319 12911 10901 14219 11035 12415 13759 13728 15527 11301  7579 11606
 11127 10963 12750  7784] [] 1716177003.5997059345
[-1 -1 -1 -1  1 -1 -1 -1 -1 -1 -1 -1 -1  1 -1] [11 20 26 27 28 34 35 36 42 44 45 50 53 54 61] [ 9466 13558 11067 14340 10950 15183 14514 15548 11386  8385 11703 11258
 11031 12722  7810] [] 1716177003.6427090168
[ 1 -1 -1 -1  1  1  1 -1 -1 -1 -1 -1 -1 -1] [11 20 26 27 28 35 36 42 44 45 50 53 54 61] [ 9405 13656 11208 14344 10924 14149 15514 11479  8934 11725 11274 11084
 12802  7868] [] 1716177003.6855931282
[-1 -1  1 -1 -1 -1 -1  1 -1  1  1  1  1] [11 20 26 27 28 35 36 42 44 45 53 54 61] [ 9560 13801 11191 14558 10989 14819 15606 11240  9169 11588 11061 12775
  7658] [] 1716177003.7286579609
[ 1 -1 -1  1 -1  1  1  1  1  1  1  1] [11 20 26 28 35 36 42 44 45 53 54 61] [ 9437 15112 11819 10838 14937 15439 11045  8976 11391 10918 12618  7560] [] 1716177003.7716965675
[ 1  1  1 -1  1  1 -1 -1  1] [11 28 36 42 44 45 53 54 61] [ 9246 10683 15413 11111  8749 11360 11009 15401  7395] [] 1716177003.8146767616
[-1 -1 -1  1 -1  1  1 -1 -1] [11 28 36 42 44 45 53 54 61] [ 9359 10742 15602 10718  8909 11318 10926 16276  7399] [] 1716177003.8574814796
[-1 -1 -1 -1  1  1  1] [11 28 42 44 45 53 61] [ 9401 10868 10953  8920 11287 10613  7273] [] 1716177003.9006052017
[-1  1  1 -1 -1 -1 -1] [11 28 42 44 45 53 61] [ 9420 10760 10780  9066 11392 10843  7382] [] 1716177003.9436514378
[-1  1 -1 -1 -1 -1 -1] [11 28 42 44 45 53 61] [ 9460 10709 10900  9092 11400 10858  7736] [] 1716177003.9866406918
[-1 -1 -1  1 -1  1  1] [11 28 36 42 44 45 53] [ 9620 10817 15934 10795  9325 11121 10500] [] 1716177004.0294072628
[ 1 -1 -1 -1 -1 -1] [11 28 42 44 45 53] [ 9598 10871 10819  9911 11171 10532] [] 1716177004.0725979805
[-1 -1 -1 -1 -1 -1] [11 28 42 44 45 53] [ 9605 10921 10998 10201 11451 10950] [] 1716177004.1156547070
[-1 -1 -1 -1  1 -1 -1] [11 28 36 42 44 45 53] [ 9846 11173 16150 11243 10201 11474 11031] [] 1716177004.1586089134
[-1  1  1  1  1 -1] [11 28 42 44 45 53] [10707 11113 11103 10081 11324 11189] [] 1716177004.2016401291
[ 1 -1  1  1] [28 42 44 45] [10963 11309  9846 11051] [] 1716177004.2446031570
[ 1 -1 -1 -1] [28 42 44 45] [10827 11465 10036 11085] [] 1716177004.2875297070
[ 1  1 -1  1] [28 42 44 45] [10827 11452 12245 10984] [] 1716177004.3305699825
[-1 -1 -1 -1 -1] [28 42 44 45 53] [10847 11487 12340 11122 14860] [] 1716177004.3735392094
[-1 -1  1  1] [28 42 44 45] [10946 11552 12227 11041] [] 1716177004.4165847301
[ 1 -1  1] [28 42 45] [10923 11644 11041] [] 1716177004.4595935345
[-1 -1] [28 42] [11123 12405] [] 1716177004.5025641918
[-1 -1] [28 42] [11388 12413] [] 1716177004.5455801487
[-1  1] [28 42] [11594 12186] [] 1716177004.5885982513
[-1 -1] [28 42] [11659 12464] [] 1716177004.6315357685
[-1] [28] [12107] [] 1716177004.6746137142
[1] [28] [11750] [] 1716177004.7175996304
[-1] [28] [11822] [] 1716177004.7606184483
[1] [28] [11756] [] 1716177004.8035693169
[-1] [28] [11835] [] 1716177004.8465948105
[-1] [28] [11861] [] 1716177004.8894984722
2 2 2 1716177005.2835817337
