FA TAX ADC PRES TS
[-1 -1 -1 -1  1 -1] [ 3 11 19 20 27 28] [11194  9885  6238 10996 11958  9558] [] 1716177085.4666280746
[1 1 1 1 1 1] [ 3 11 19 20 27 28] [10693  9778  6232 10713 11872  9380] [] 1716177085.5095467567
[-1  1  1  1  1 -1] [ 3 11 19 20 27 28] [10837  9753  6159 10680 11735  9516] [] 1716177085.5526633263
[ 1 -1  1  1  1  1] [ 3 11 19 20 27 28] [10021  9754  6143 10526 11658  9247] [] 1716177085.5956923962
[1 1 1 1 1 1] [ 3 11 19 20 27 28] [ 9664  9569  5887 10407 11545  9079] [] 1716177085.6386911869
[1 1 1 1 1 1] [ 3 11 19 20 27 28] [ 9367  9456  5671 10400 11441  8326] [] 1716177085.6815814972
[ 1  1  1 -1 -1  1] [ 3 11 19 20 27 28] [ 9266  9430  5528 10423 11569  8319] [] 1716177085.7246708870
[ 1 -1  1 -1  1 -1 -1] [ 3 11 19 20 27 28 29] [ 9141  9495  5504 10472 11431  8452 11725] [] 1716177085.7676358223
[1 1 1 1 1 1 1] [ 3 11 19 20 27 28 29] [ 9096  9398  5281 10369 11310  8211 11601] [] 1716177085.8106257915
[ 1  1  1  1 -1  1  1] [ 3 11 19 20 27 28 29] [ 9003  9338  5123 10330 11364  7751 11437] [] 1716177085.8536579609
[ 1  1  1 -1 -1  1  1 -1] [ 3 11 19 20 27 28 29 42] [ 8976  9301  5065 10336 11398  7562 11309 12929] [] 1716177085.8966500759
[-1 -1  1 -1  1 -1  1 -1  1] [ 3 10 11 19 20 27 28 29 42] [ 9057 13365  9250  5135 10021 11427  7503 11427 12452] [] 1716177085.9397032261
[ 1  1  1  1 -1  1  1  1  1] [ 3 10 11 19 20 27 28 29 42] [ 8953 13143  9230  5012 10038 11419  7237 11270 12359] [] 1716177085.9826741219
[ 1 -1  1 -1  1 -1 -1  1  1  1] [ 3 10 11 17 19 20 27 28 29 42] [ 8947 13187  9139 16135  4997 10090 11532  7179 11139 12233] [] 1716177086.0255811214
[ 1 -1  1  1  1 -1 -1  1  1  1] [ 3 10 11 17 19 20 27 28 29 42] [ 8937 13240  8132 15835  4974 10122 11592  7039 11094 12028] [] 1716177086.0686831474
[ 1  1  1  1  1  1  1  1 -1  1] [ 3 10 11 17 19 20 27 28 29 42] [ 8896 13179  7514 15690  4854 10119 11592  6759 11156 10394] [] 1716177086.1116762161
[ 1 -1  1  1  1  1  1  1  1  1] [ 3 10 11 17 19 20 27 28 29 42] [ 8895 13198  7472 15501  4801 10109 11585  6680 11120  9588] [] 1716177086.1547026634
[ 1  1  1 -1  1 -1 -1  1  1  1] [ 3 10 11 17 19 20 27 28 29 42] [ 8820 13154  7313 15545  4739 10174 11674  6499 11006  9075] [] 1716177086.1975226402
[ 1  1  1 -1  1  1  1  1  1  1] [ 3 10 11 17 19 20 27 28 29 42] [ 7799 13086  7026 15565  4729 10019 11500  5847 10815  8899] [] 1716177086.2406532764
[ 1 -1  1 -1  1  1 -1  1  1  1] [ 3 10 11 17 19 20 27 28 29 42] [ 7500 13184  6802 15631  4707  9999 11551  5763 10677  8637] [] 1716177086.2834944725
[ 1 -1  1 -1  1 -1 -1  1  1  1 -1] [ 3 10 11 17 19 20 27 28 29 42 54] [ 7465 13192  5597 15871  4574 10002 11596  5687 10613  7783 14389] [] 1716177086.3263990879
[ 1  1  1 -1  1  1  1  1 -1  1 -1] [ 3 10 11 17 19 20 27 28 29 42 54] [ 7426 13030  5078 16050  4470  9916 11437  5649 10764  7696 14454] [] 1716177086.3694624901
[ 1  1  1  1  1  1 -1  1  1  1 -1  1] [ 3 10 11 17 19 20 27 28 29 42 44 54] [ 5619 12301  4889 15910  4429  9739 11506  5571 10728  7324 14200 14373] [] 1716177086.4124794006
[ 1  1  1 -1  1  1 -1  1  1 -1  1  1] [ 3 10 11 17 19 20 27 28 29 42 44 54] [ 5355 12085  4774 16269  4426  9467 11638  5545 10676  7339 14104 13299] [] 1716177086.4553866386
[ 1  1  1  1  1  1  1  1 -1 -1 -1 -1] [ 3 10 11 19 20 27 28 29 42 44 53 54] [ 5307 12028  4633  4405  9359 11520  5441 10621  7348 14537 13078 13577] [] 1716177086.4985249043
[ 1  1  1  1  1  1  1 -1  1  1  1 -1] [ 3 10 11 19 20 27 28 29 42 44 53 54] [ 5265 11631  4549  4383  9265 11460  5109 10629  7123 14027 11458 14284] [] 1716177086.5414326191
[-1  1  1  1  1  1  1  1  1  1  1  1 -1] [ 3 10 11 19 20 27 28 29 42 44 53 54 61] [ 5282 10882  4448  4285  9137 11446  5035 10511  7089 13913 11244 13842
 12840] [] 1716177086.5845458508
[ 1  1  1 -1 -1 -1 -1  1  1 -1 -1 -1 -1  1  1] [ 3 10 11 17 19 20 27 28 29 42 44 45 53 54 61] [ 4921  9699  4263 16271  4286  9145 11463  4951 10499  7101 14240 15875
 11321 13583  9619] [] 1716177086.6273834705
[-1  1  1  1 -1  1 -1 -1  1 -1 -1  1 -1 -1 -1 -1  1] [ 3 10 11 17 18 19 20 27 28 29 42 44 47 53 54 55 61] [ 4923  8977  4201 15859 12811  4281  9393 11588  4888 10695  7592 14112
 15115 11519 13813 13696  8229] [] 1716177086.6705770493
[ 1  1  1 -1  1  1  1 -1  1 -1  1 -1  1  1  1  1  1] [ 3 10 11 17 18 19 20 27 28 29 42 44 47 53 54 55 61] [ 4881  8949  4124 16263 11321  4256  9256 11711  4837 10805  7560 14174
 15068 11402 13553 12962  8165] [] 1716177086.7134518623
[ 1  1  1 -1  1  1  1  1 -1  1  1  1  1  1  1  1] [ 3 10 11 18 19 20 27 28 29 42 44 47 53 54 55 61] [ 4862  8881  4089 11484  4185  9151 11696  4647 10845  6643 13394 14866
 11227 13447 12148  8118] [] 1716177086.7563750744
[ 1  1  1 -1  1  1  1  1  1  1 -1 -1 -1  1  1  1  1 -1] [ 3 10 11 17 18 19 20 27 28 29 42 44 45 47 53 54 55 61] [ 4855  8320  3937 15807 11256  4136  8432 11680  4564 10753  6964 14164
 15087 14781 10912 13428 11745  8124] [] 1716177086.7993791103
[ 1  1  1 -1  1  1 -1  1  1  1  1  1  1 -1  1  1 -1  1] [ 3 10 11 17 18 19 20 27 28 29 42 44 45 47 53 54 55 61] [ 4806  8152  3875 15827 10857  4096  8452 11646  4497 10733  6890 13832
 13697 14847  9334 13389 11780  8030] [] 1716177086.8424320221
[ 1  1  1  1  1  1  1  1  1  1  1  1 -1  1  1  1  1  1] [ 3 10 11 17 18 19 20 27 28 29 42 44 45 47 53 54 55 61] [ 4313  8111  3742 15667 10637  4054  8405 10918  4381 10665  6793 12896
 14989 14566  8903 13252 11002  7941] [] 1716177086.8855652809
[ 1  1  1  1  1  1  1 -1  1  1  1  1 -1 -1 -1 -1 -1  1 -1] [ 3 10 11 17 18 19 20 27 28 29 42 44 45 46 47 53 54 55 61] [ 4249  7921  3594 15610 10431  3992  8197 11086  4297 10628  6563 12771
 15298 12950 14799  9018 13309 10506  8026] [] 1716177086.9283876419
[ 1  1  1  1 -1 -1  1  1 -1 -1 -1 -1  1 -1  1 -1  1 -1  1  1] [ 3 10 11 17 18 19 20 27 28 29 36 42 44 45 46 47 53 54 55 61] [ 4104  7497  3549 15138 10486  4021  8155 10771  4349 10693 16139  6641
 12611 15595 12351 15468  8984 13500 10159  7953] [] 1716177086.9714066982
[ 1  1 -1 -1  1  1  1 -1  1  1  1  1 -1  1 -1  1  1  1  1] [ 3 10 11 17 18 19 20 27 28 29 36 42 44 45 47 53 54 55 61] [ 4100  7099  3559 15673  9914  3874  7645 11114  4161 10610 14539  6435
 12761 13725 15794  8838 13155  8334  7818] [] 1716177087.0144584179
[ 1  1  1  1  1 -1  1  1  1  1  1 -1  1 -1  1 -1  1 -1  1] [ 3 10 11 17 18 19 20 27 28 29 36 42 44 45 47 53 54 55 61] [ 3994  6825  3511 15044  8873  3896  7636 10747  4062 10499 14121  6521
 12729 13969 15595  8875 13052  8358  7789] [] 1716177087.0574226379
[ 1  1  1 -1  1  1 -1 -1  1 -1 -1  1 -1 -1  1  1  1  1  1] [ 3 10 11 17 18 19 20 27 28 29 36 42 44 45 47 53 54 55 61] [ 3944  6597  3404 15051  8621  3859  7780 10816  3908 10557 14223  6104
 12795 15303 15211  8496 12923  7595  7458] [] 1716177087.1004393101
[ 1  1  1  1  1  1  1  1  1  1 -1  1  1 -1  1  1  1  1  1] [ 3 10 11 17 18 19 20 27 28 29 36 42 44 45 47 53 54 55 61] [ 3759  6318  3297 14931  8538  3716  7515 10595  3775 10469 14591  6055
 12589 15382 15087  8415 12760  7010  7387] [] 1716177087.1434223652
[ 1  1  1 -1 -1  1 -1  1  1 -1  1  1  1  1  1  1  1  1  1] [ 3 10 11 17 18 19 20 27 28 29 36 42 44 45 47 53 54 55 61] [ 3706  5978  3294 14934  8595  3691  7744 10011  3733 10505 14335  6012
 12353 15242 14681  8195 12749  6665  7250] [] 1716177087.1863992214
[ 1  1  1  1  1  1  1  1  1  1  1 -1 -1  1 -1  1 -1 -1 -1 -1] [ 3 10 11 17 18 19 20 27 28 29 36 42 44 45 46 47 53 54 55 61] [ 3646  5839  3267 14627  8455  3638  7667  9862  3611 10282 14323  6061
 12631 13367 13002 11314  8424 12921  7048  7419] [] 1716177087.2293682098
[ 1  1  1  1 -1 -1 -1  1 -1 -1  1 -1  1  1  1  1 -1 -1  1 -1] [ 3 10 11 17 18 19 20 27 28 29 36 42 44 45 46 47 53 54 55 61] [ 3605  5507  3219 14307  8505  3697  7774  9388  3620 10377 10533  6254
 10541 11854 11920 10891  8482 12938  6662  7503] [] 1716177087.2726125717
[ 1  1  1 -1  1  1  1 -1  1 -1  1  1  1  1  1  1  1  1  1  1] [ 3 10 11 17 18 19 20 27 28 29 36 42 44 45 46 47 53 54 55 61] [ 3587  5173  3167 14539  7553  3635  7472  9402  3599 10432 10419  5968
  9816 11723 11813 10626  8214 12903  6547  7361] [] 1716177087.3156607151
[-1  1  1  1 -1  1  1  1  1  1  1 -1  1 -1  1  1 -1 -1  1  1] [ 3 10 11 17 18 19 20 27 28 29 36 42 44 45 46 47 53 54 55 61] [ 3611  5039  3081 14250  7673  3576  7285  9272  3481 10387 10299  6143
  8831 12535 11554 10547  8258 12972  6179  7258] [] 1716177087.3586559296
[ 1  1  1 -1  1  1  1  1  1 -1 -1  1  1  1  1  1 -1  1  1  1] [ 3 10 11 17 18 19 20 27 28 29 36 42 44 45 46 47 53 54 55 61] [ 3605  5036  3054 14588  7171  3512  6814  9157  3429 10930 10399  5967
  8116 12029 11476 10234  8306 12940  6005  7244] [] 1716177087.4014859200
[ 1  1  1 -1 -1  1 -1 -1  1  1 -1 -1  1  1  1 -1  1  1  1  1  1] [ 3 10 11 17 18 19 20 27 28 29 34 36 42 44 45 46 47 53 54 55 61] [ 3568  4921  3051 14821  7221  3493  6836  9854  3391 10921 13354 10554
  5821  7750 11853 11496 10044  7882 12889  5843  7218] [] 1716177087.4446790218
[ 1 -1  1 -1  1  1  1  1  1  1  1  1  1  1 -1  1  1 -1  1  1  1] [ 3 10 11 17 18 19 20 27 28 29 34 36 42 44 45 46 47 53 54 55 61] [ 3522  4994  2991 14831  7049  3456  6457  9373  3310 10811 13349 10391
  5746  7552 12354 11263  9890  7950 12720  5757  7142] [] 1716177087.4876515865
[-1  1  1  1  1 -1 -1  1  1  1  1 -1  1  1 -1  1  1  1 -1  1 -1] [ 3 10 11 17 18 19 20 27 28 29 34 36 42 44 45 46 47 53 54 55 61] [ 3539  4963  2840 14557  5502  3499  6509  9156  3232 10794 13184 10464
  5532  6862 13393 11193  9751  7238 12746  5720  7187] [] 1716177087.5307421684
[ 1  1 -1  1  1  1  1 -1  1  1  1 -1 -1  1  1  1  1 -1  1 -1  1] [ 3 10 11 17 18 19 20 27 28 29 34 36 42 44 45 46 47 53 54 55 61] [ 3487  4782  2870 14483  5383  3466  6007  9344  3227  6790 13130 10531
  5534  6726 11785 11080  9681  7316 12671  5764  7106] [] 1716177087.5736217499
[-1 -1  1  1  1  1  1  1  1 -1  1 -1  1  1  1  1  1  1 -1  1  1  1] [ 3  4 10 11 17 18 19 20 27 28 29 34 36 42 44 45 46 47 53 54 55 61] [ 3495 13695  4724  2759 14285  5290  3413  5617  9280  3239  6530 13137
 10409  5372  6283 11233 11047  9605  7373 12663  5571  7061] [] 1716177087.6167247295
[ 1  1  1  1  1  1  1  1 -1 -1  1 -1  1  1 -1  1  1  1  1  1  1 -1  1] [ 3  4 10 11 17 18 19 20 26 27 28 29 34 36 42 44 45 46 47 53 54 55 61] [ 3385 13085  4697  2675 14021  5175  3380  5476 16255  9315  3139  6586
 12980 10311  5390  5880 11097 11001  9570  7366 12591  5710  7033] [] 1716177087.6595981121
[ 1  1  1  1 -1  1  1  1  1  1  1  1  1 -1  1  1  1  1  1  1 -1  1  1] [ 3  4 10 11 17 18 19 20 26 27 28 29 34 36 42 44 45 46 47 53 54 55 61] [ 3253 12779  4512  2565 14405  5055  3363  5058 15892  9257  3111  6323
 12921 10391  5153  5825 11083 10944  9509  7176 12655  5534  6962] [] 1716177087.7026572227
[ 1 -1  1  1 -1  1  1 -1  1  1  1  1 -1  1 -1  1  1 -1  1 -1 -1  1  1  1] [ 3  4 10 11 17 18 19 20 26 27 28 29 34 36 42 44 45 46 47 50 53 54 55 61] [ 3227 12943  4410  2500 14653  4887  3354  5095 14845  9181  3103  6182
 12954 10233  5479  5747 11037 11009  8792 10257  7232 12533  5399  6897] [] 1716177087.7456347942
[ 1  1 -1  1 -1  1 -1  1  1 -1  1  1 -1  1  1  1  1 -1  1  1  1 -1  1  1] [ 3  4 10 11 17 18 19 20 26 27 28 29 34 36 42 44 45 46 47 50 53 54 55 61] [ 3146 12887  4423  2432 15087  4591  3373  4994 13886  9390  3071  6098
 13027 10170  4849  5590 10947 11014  7798 10239  6877 12535  5265  6835] [] 1716177087.7886018753
[ 1  1  1  1  1  1  1  1  1  1  1  1  1  1  1  1  1 -1 -1 -1  1  1  1  1] [ 3  4 10 11 17 18 19 20 26 27 28 29 34 36 42 44 45 46 47 50 53 54 55 61] [ 3127 12751  4367  2378 15003  4395  3317  4867 13505  9348  2958  5951
 12863 10139  4719  5293 10879 11024  8775 10393  6831 12427  5245  6771] [] 1716177087.8316984177
[-1 -1  1  1  1  1 -1  1  1  1  1  1 -1  1  1  1  1  1  1 -1  1  1 -1  1] [ 3  4 10 11 17 18 19 20 26 27 28 29 34 36 42 44 45 46 47 50 53 54 55 61] [ 3138 12790  4266  2364 15003  4198  3328  4683 13486  9043  2953  5914
 12905  9898  4597  5017 10834 11016  6675 10411  6717 12401  5251  6638] [] 1716177087.8746426105
[ 1 -1  1  1  1  1  1  1  1 -1  1  1  1  1  1 -1  1  1  1  1  1  1  1 -1] [ 3  4 10 11 17 18 19 20 26 27 28 29 34 36 42 44 45 46 47 50 53 54 55 61] [ 3103 12895  4181  2296 14559  4051  3313  4464 13359  9232  2943  5864
 10042  9811  4576  5079 10818 10952  6398 10087  6697 12242  5138  6686] [] 1716177087.9176309109
[ 1  1  1  1 -1  1  1  1 -1  1  1  1 -1  1  1  1  1  1  1  1  1  1  1 -1
  1] [ 3  4 10 11 17 18 19 20 21 26 27 28 29 34 36 42 44 45 46 47 50 53 54 55
 61] [ 3050 12829  4133  2239 14645  3884  3297  4412 13829 10999  9216  2914
  5938  9899  9648  4396  4793 10710 10922  5976 10080  6568  9494  5157
  6548] [] 1716177087.9606294632
[ 1  1  1  1  1  1 -1  1  1  1  1  1  1 -1 -1 -1 -1  1 -1 -1 -1  1 -1  1
  1  1] [ 3  4 10 11 17 18 19 20 21 26 27 28 29 34 36 37 42 44 45 46 47 50 53 54
 55 61] [ 3027 12079  4111  2219 14600  3775  3298  4391 11984  7919  9173  2880
  5900  9958  9741 16343  4468  4745 10712 10987  6001  9985  6645  8631
  4738  6522] [] 1716177088.0037014484
[ 1 -1  1  1 -1  1 -1 -1  1  1 -1 -1 -1  1 -1  1  1  1 -1 -1 -1  1 -1 -1
  1  1 -1] [ 3  4 10 11 17 18 19 20 21 26 27 28 29 34 36 37 42 44 45 46 47 50 52 53
 54 55 61] [ 3013 12697  4107  2192 14943  3642  3303  4431 11608  7062  9308  2919
  5942  9921  9903 12694  4168  4673 10873 10999  6048  9971 16220  6694
  7309  4652  6533] [] 1716177088.0466964245
[ 1  1  1  1 -1  1  1  1  1  1  1  1 -1 -1  1  1  1  1 -1 -1  1  1  1 -1
 -1 -1 -1] [ 3  4 10 11 17 18 19 20 21 26 27 28 29 34 36 37 42 44 45 46 47 50 52 53
 54 55 61] [ 2951 11301  4018  2164 14991  3527  3274  4341 11544  6558  9194  2831
  6018  9992  9449 12384  3985  4638 10935 11076  5346  9932 15688  6756
  7471  4798  6584] [] 1716177088.0896246433
[ 1  1  1 -1 -1  1  1  1  1  1  1  1  1 -1 -1  1  1  1  1 -1  1  1  1  1
 -1  1  1] [ 3  4 10 11 17 18 19 20 21 26 27 28 29 34 36 37 42 44 45 46 47 50 52 53
 54 55 61] [ 2878 11242  3995  2195 15079  3467  3221  4309 11420  6142  9134  2803
  5900 10093  9518 12332  3922  4591 10839 11211  5346  9921 15197  6575
  7688  4616  6400] [] 1716177088.1327342987
[ 1  1  1  1  1  1  1  1  1  1 -1  1  1  1  1  1  1  1 -1  1  1 -1 -1  1
  1  1  1] [ 3  4 10 11 17 18 19 20 21 26 27 28 29 34 36 37 42 44 45 46 47 50 52 53
 54 55 61] [ 2873 11088  3916  2145 14514  3443  3212  4288 11239  5811  9298  2803
  5842 10070  9099 12270  3887  4380 10854 11171  5174  9953 15361  6377
  6757  4486  6330] [] 1716177088.1757562160
[-1 -1  1  1 -1  1 -1  1  1  1  1  1 -1  1 -1  1  1  1  1  1  1 -1  1  1
  1 -1 -1] [ 3  4 10 11 17 18 19 20 21 26 27 28 29 34 36 37 42 44 45 46 47 50 52 53
 54 55 61] [ 2875 11246  3905  2113 14578  3443  3222  4114 11127  5369  9224  2683
  5867  9498  9194 12023  3794  4335 10844 10898  4927  9957 14572  6206
  6639  4504  6409] [] 1716177088.2186822891
[-1  1 -1  1  1  1  1  1  1  1  1  1  1  1  1 -1  1  1  1 -1  1  1  1  1
  1  1  1  1] [ 1  3  4 10 11 17 18 19 20 21 26 27 28 29 34 36 37 42 44 45 46 47 50 52
 53 54 55 61] [16336  2850 11427  3899  2107 14355  3367  3158  4086 11012  5100  9174
  2644  5731  9396  9234 11731  3736  4251 10858  8824  4769  9903 14294
  6176  6463  4394  6305] [] 1716177088.2616345882
[ 1  1 -1  1  1 -1  1  1  1  1  1 -1  1 -1 -1 -1  1  1  1  1  1  1  1  1
  1 -1  1  1] [ 1  3  4 10 11 17 18 19 20 21 26 27 28 29 34 36 37 42 44 45 46 47 50 52
 53 54 55 61] [16273  2815 11468  3890  2054 14373  3301  3146  4043 10987  4963  9272
  2615  5733  9496  9291 11528  3680  4123  8514  8559  4670  9829 13757
  5840  6509  4315  6259] [] 1716177088.3047122955
[ 1  1  1 -1  1 -1 -1  1  1  1  1  1 -1  1  1  1  1 -1  1  1  1  1 -1 -1
  1  1  1  1 -1] [ 1  3  4  5 10 11 17 18 19 20 21 26 27 28 29 34 36 37 42 44 45 46 47 50
 52 53 54 55 61] [16240  2768  9948 11517  3859  2081 14437  3261  3132  3955 10958  4743
  9338  2573  5625  9458  9243 11674  3603  4078  8053  8311  4810  9969
 13080  5811  6459  4113  6314] [] 1716177088.3477106094
[ 1 -1  1  1  1  1  1  1  1  1 -1  1  1  1  1  1  1  1  1  1  1 -1  1  1
 -1  1  1  1  1] [ 1  3  4  5 10 11 17 18 19 20 21 26 27 28 29 34 36 37 42 44 45 46 47 50
 52 53 54 55 61] [16138  2787  9864 11466  3742  2058 14303  3175  3059  3842 10967  4363
  9338  2553  5618  9410  9151 11618  3546  4049  7758  8373  4597  9905
 13123  5728  6404  4106  6298] [] 1716177088.3907713890
[-1  1  1  1  1  1 -1  1  1 -1  1  1  1  1 -1  1  1  1 -1  1  1  1  1  1
  1  1  1 -1  1] [ 1  3  4  5 10 11 17 18 19 20 21 26 27 28 29 34 36 37 42 44 45 46 47 50
 52 53 54 55 61] [16192  2719  9781 11384  3729  2027 14418  3151  3043  3863 10905  4298
  9330  2546  5641  9353  9120 11440  3548  4047  7684  8305  4548  9871
 13086  5721  6305  4133  6196] [] 1716177088.4337706566
[ 1 -1 -1 -1 -1  1  1  1  1  1 -1  1  1  1  1 -1  1 -1  1  1  1  1 -1  1
 -1  1 -1  1 -1] [ 1  3  4  5 10 11 17 18 19 20 21 26 27 28 29 34 36 37 42 44 45 46 47 50
 52 53 54 55 61] [16155  2723  9789 11440  3759  2026 14383  3133  3034  3829 10937  4275
  9308  2529  5628  9425  9098 11499  3530  4047  7681  7341  4549  9845
 13105  5720  6333  4083  6218] [] 1716177088.4766817093
[ 1  1 -1  1  1  1 -1  1  1  1  1  1  1 -1 -1  1  1  1 -1  1 -1 -1  1  1
  1  1  1  1  1] [ 1  3  4  5 10 11 17 18 19 20 21 26 27 28 29 34 36 37 42 44 45 46 47 50
 52 53 54 55 61] [16142  2723  9829 11386  3746  2014 14423  3119  3019  3805 10897  4227
  9123  2541  5645  9405  9037 11424  3562  4042  7869  8325  4546  9797
 13065  5712  6290  4044  6202] [] 1716177088.5194840431
[-1  1 -1  1  1  1 -1 -1  1 -1  1  1  1 -1 -1  1 -1  1  1 -1 -1 -1 -1 -1
 -1 -1 -1 -1 -1] [ 1  3  4  5 10 11 17 18 19 20 21 26 27 28 29 34 36 37 42 44 45 46 47 50
 52 53 54 55 61] [16200  2709  9873 11345  3719  2011 14555  3151  3018  3844 10853  4205
  9109  2577  5675  9305  9045 11264  3544  4055  7916  8441  4576  9812
 13069  5747  6313  4062  6231] [] 1716177088.5625128746
[-1  1  1 -1 -1 -1 -1  1 -1 -1  1 -1  1  1  1  1 -1 -1 -1 -1 -1 -1 -1 -1
 -1 -1 -1 -1 -1] [ 1  3  4  5 10 11 17 18 19 20 21 26 27 28 29 34 36 37 42 44 45 46 47 50
 52 53 54 55 61] [16229  2694  9868 11355  3761  2018 14560  3133  3045  3859 10846  4262
  9091  2556  5658  9297  9125 11343  3645  4142  8370  8513  4804  9853
 14283  5758  6328  4168  6248] [] 1716177088.6054482460
[ 1 -1 -1 -1 -1  1  1 -1 -1 -1 -1 -1 -1 -1 -1 -1 -1 -1 -1 -1 -1 -1 -1 -1
 -1 -1 -1 -1 -1] [ 1  3  4  5 10 11 17 18 19 20 21 26 27 28 29 34 36 37 42 44 45 46 47 50
 52 53 54 55 61] [16130  2728 11337 11506  3799  2008 14410  3238  3125  3988 10857  4435
  9180  2623  5670  9365  9154 11351  3820  4267 10749  8555  4991  9884
 14380  5804  6687  4308  6314] [] 1716177088.6485548019
[-1 -1 -1 -1  1 -1 -1 -1 -1 -1 -1 -1  1 -1 -1  1 -1  1  1 -1 -1 -1 -1 -1
 -1 -1 -1] [ 3  4 10 11 17 18 19 20 21 26 27 28 29 34 36 37 42 44 45 46 47 50 52 53
 54 55 61] [ 2767 11523  3818  2038 14156  3287  3135  4047 10869  4775  9229  2661
  5654  9423  9363 11334  3919  4252 10730  9082  5057  9907 14641  6053
  6865  4481  6384] [] 1716177088.6914937496
[-1 -1  1 -1  1 -1 -1 -1 -1 -1 -1 -1 -1  1  1 -1 -1 -1  1 -1 -1  1 -1 -1
 -1 -1 -1] [ 3  4 10 11 17 18 19 20 21 26 27 28 29 34 36 37 42 44 45 46 47 50 52 53
 54 55 61] [ 2799 11539  3798  2072 14008  3298  3136  4329 10905  4890  9267  2688
  5759  9333  9249 11489  4109  4346 10718 10985  5302  9881 15283  6104
  9077  4592  6414] [] 1716177088.7344934940
[-1 -1 -1 -1 -1 -1 -1  1 -1 -1  1 -1  1  1  1 -1 -1  1  1 -1 -1 -1 -1  1
 -1 -1] [ 3  4 10 11 17 18 19 20 21 26 27 28 29 34 36 37 42 44 45 46 47 50 53 54
 55 61] [ 2810 11570  3906  2083 14036  3413  3154  4304 10943  5249  9245  2735
  5716  9297  9190 11685  4267  4303 10571 11136  6124  9919  6457  8892
  4708  6441] [] 1716177088.7774233818
[-1 -1 -1 -1  1 -1 -1 -1 -1 -1 -1 -1 -1 -1 -1 -1 -1 -1 -1  1 -1 -1 -1 -1
 -1 -1] [ 3  4 10 11 17 18 19 20 21 26 27 28 29 34 36 37 42 44 45 46 47 50 53 54
 55 61] [ 2855 11927  3951  2155 13967  3535  3182  4314 11071  5793  9298  2778
  5797  9342  9322 12095  4287  4390 10588 11062  6185  9984  6513  9502
  4911  6510] [] 1716177088.8204691410
[-1  1  1  1 -1 -1  1  1 -1 -1  1  1 -1  1  1 -1 -1  1 -1 -1 -1 -1 -1 -1
 -1] [ 3  4 10 11 17 18 19 20 21 26 27 28 29 34 36 42 44 45 46 47 50 53 54 55
 61] [ 2907 11833  3935  2131 13990  3613  3176  4218 11119  6199  9193  2750
  5830  9332  9165  4404  4479 10527 11142  7308 10028  6545 12533  5197
  6630] [] 1716177088.8634870052
[-1  1 -1 -1  1 -1 -1 -1 -1 -1 -1 -1  1 -1  1 -1 -1 -1 -1 -1 -1 -1  1  1
 -1] [ 3  4 10 11 17 18 19 20 21 26 27 28 29 34 36 42 44 45 46 47 50 53 54 55
 61] [ 2945 11281  4039  2151 13967  3675  3208  4298 11205  6475  9205  2855
  5797  9444  9113  4700  4719 10556 11169  8214 10171  6700 12417  5076
  6694] [] 1716177088.9065005779
[-1 -1  1 -1 -1 -1 -1 -1 -1 -1  1  1 -1 -1 -1  1 -1 -1  1 -1 -1 -1 -1 -1] [ 3  4 10 11 17 18 19 20 21 26 27 28 29 34 36 42 44 45 46 47 53 54 55 61] [ 2979 12778  4017  2213 14280  3871  3274  4388 11481  7387  9032  2853
  5934  9661  9122  4636  4925 10635 11157  9126  6738 12423  5948  6770] [] 1716177088.9494037628
[-1 -1 -1 -1  1 -1 -1  1 -1 -1  1  1  1 -1 -1 -1 -1 -1 -1 -1 -1 -1 -1] [ 3  4 10 11 17 18 19 20 26 27 28 29 34 36 42 44 45 46 47 53 54 55 61] [ 3012 12927  4107  2359 14155  4023  3284  4325  8587  9048  2836  5882
  9603  9597  4818  4963 10650 11175  9294  6965 12589  6031  6834] [] 1716177088.9924526215
[-1 -1 -1  1 -1 -1 -1 -1 -1 -1 -1 -1 -1 -1 -1 -1 -1 -1 -1 -1 -1 -1 -1] [ 3  4 10 11 17 18 19 20 26 27 28 29 34 36 42 44 45 46 47 53 54 55 61] [ 3060 12942  4160  2347 14175  4411  3318  4353  8737  9167  2899  6005
  9834  9621  5067  5297 10799 11221  9509  7094 12745  6465  6928] [] 1716177089.0354714394
[-1 -1 -1 -1 -1 -1 -1 -1 -1 -1 -1 -1 -1 -1 -1 -1 -1 -1 -1 -1 -1 -1 -1] [ 3  4 10 11 17 18 19 20 26 27 28 29 34 36 42 44 45 46 47 53 54 55 61] [ 3087 12991  4297  2396 14298  4807  3335  4401  9592  9195  3006  6061
  9916  9687  5262  5811 10952 11300  9762  7215 12853  6764  7080] [] 1716177089.0784373283
[-1  1 -1 -1  1 -1 -1 -1 -1 -1 -1 -1 -1 -1 -1 -1 -1 -1 -1 -1 -1 -1 -1] [ 3  4 10 11 17 18 19 20 26 27 28 29 34 36 42 44 45 46 47 53 54 55 61] [ 3230 12952  4446  2616 14279  5200  3381  4456 10623  9351  3121  6232
 10284  9811  5443  5951 11009 11339  9957  7333 13066  6932  7259] [] 1716177089.1214773655
[ 1  1 -1 -1  1 -1 -1 -1 -1 -1 -1 -1 -1 -1 -1 -1 -1 -1 -1 -1 -1 -1 -1] [ 3  4 10 11 17 18 19 20 26 27 28 29 34 36 42 44 45 46 47 53 54 55 61] [ 3220 12862  4535  2725 14139  5319  3397  4465 10658  9434  3140  6263
 10395  9830  5913  6587 11093 11454 10455  7448 13361  7519  7389] [] 1716177089.1647017002
[-1  1 -1 -1 -1 -1 -1 -1  1 -1 -1 -1 -1  1 -1 -1 -1 -1 -1 -1 -1 -1 -1] [ 3  4 10 11 17 18 19 20 26 27 28 29 34 36 42 44 45 46 47 53 54 55 61] [ 3347 12811  4799  2807 14189  5375  3421  4654 10634  9792  3200  6357
 13233  9768  6066  6931 11161 11642 10779  7579 13564  7624  7411] [] 1716177089.2076706886
[-1 -1 -1 -1 -1 -1 -1 -1 -1  1 -1 -1 -1 -1 -1 -1 -1 -1 -1 -1  1 -1 -1] [ 3  4 10 11 17 18 19 20 26 27 28 29 34 36 42 44 45 46 47 53 54 55 61] [ 3400 12858  4909  2851 14190  5431  3462  5059 10876  9598  3262  6574
 13275  9923  6249  7780 11195 11969 15517  7775 13555  9015  7452] [] 1716177089.2506291866
[-1 -1 -1 -1 -1 -1 -1 -1 -1 -1 -1 -1  1 -1 -1 -1  1 -1  1 -1 -1] [ 3 10 11 17 18 19 20 26 27 28 29 34 36 42 44 45 47 53 54 55 61] [ 3506  5087  2928 14294  7100  3488  5921 12279  9755  3288  7931 13407
  9748  6339  8771 11203 15371  7828 13486  9288  7558] [] 1716177089.2935729027
[-1 -1 -1 -1 -1  1 -1 -1  1 -1 -1 -1  1 -1 -1 -1 -1 -1 -1 -1 -1] [ 3 10 11 17 18 19 20 26 27 28 29 34 36 42 44 45 47 53 54 55 61] [ 3528  5190  3055 14302  7345  3479  6118 14661  9549  3363 10036 13611
  9691  6441 10774 11282 15519  7916 13618  9407  7626] [] 1716177089.3367283344
[-1  1 -1  1 -1  1 -1  1 -1  1  1  1 -1 -1  1 -1 -1 -1 -1] [ 3 10 11 17 18 19 20 27 28 29 36 42 44 45 47 53 54 55 61] [ 3558  5134  3090 14222  8510  3477  6292  9520  3410  9951  9610  6200
 12218 11362 15079  7965 15310  9838  7727] [] 1716177089.3796904087
[-1 -1 -1 -1 -1 -1 -1 -1 -1 -1 -1 -1 -1  1  1 -1  1  1 -1] [ 3 10 11 17 18 19 20 27 28 29 36 42 44 45 47 53 54 55 61] [ 3599  5347  3173 14285  8711  3539  6629  9682  3564 10213  9789  6286
 12354 11341 14975  8063 15267  9770  7779] [] 1716177089.4225378036
[-1 -1 -1 -1 -1 -1  1 -1 -1 -1 -1 -1 -1 -1 -1 -1  1  1] [ 3 10 11 17 18 19 20 27 28 29 36 42 44 45 53 54 55 61] [ 3608  5702  3208 14363  8848  3552  6436  9725  3626 10329 10039  6830
 12518 11549  8773 16150  9703  7716] [] 1716177089.4656159878
[-1 -1 -1 -1 -1 -1 -1 -1 -1 -1 -1  1 -1 -1 -1  1 -1 -1] [ 3 10 11 17 18 19 20 27 28 29 36 42 44 45 53 54 55 61] [ 4182  6339  3310 14466  9029  3581  6543  9956  3806 10352 10299  6547
 12670 11716  9097 15594 12941  7760] [] 1716177089.5087351799
[-1 -1 -1  1 -1 -1 -1 -1 -1 -1  1 -1 -1 -1 -1  1] [ 3 10 11 17 18 19 20 27 28 29 36 42 44 45 53 61] [ 4349  6501  3377 14335  9055  3608  7124 10100  3948 10387 10031  6763
 12733 11745  9251  7653] [] 1716177089.5516426563
[-1 -1 -1 -1 -1 -1 -1 -1 -1  1 -1 -1  1  1 -1] [ 3 10 11 17 18 19 20 27 28 29 36 42 44 45 53] [ 4593  7146  3455 14591  9183  3865  7211 10973  4086 10305 11361  6894
 12640 11626  9445] [] 1716177089.5945832729
[-1 -1 -1 -1 -1  1 -1 -1 -1  1 -1  1 -1 -1 -1] [ 3 10 11 17 18 19 20 27 28 29 36 42 44 45 53] [ 4632  7515  3465 14742 10779  3840  7801 11254  4230 10223 12077  6624
 12665 11674  9484] [] 1716177089.6376709938
[-1 -1 -1 -1 -1 -1  1  1 -1 -1 -1  1 -1 -1] [ 3 10 11 17 18 19 20 27 28 29 42 44 45 53] [ 4655  8091  3706 15394 10910  3907  7574 11249  4409 10442  6840 12640
 11803  9610] [] 1716177089.6806800365
[-1 -1 -1  1  1  1 -1  1 -1 -1  1  1 -1 -1] [ 3 10 11 17 18 19 20 27 28 29 42 44 45 53] [ 4721  8245  3867 14998 10891  3894  8203 11168  4667 10567  6705 12563
 13149  9774] [] 1716177089.7236289978
[-1 -1 -1 -1 -1 -1 -1 -1 -1 -1 -1  1 -1  1] [ 3 10 11 17 18 19 20 27 28 29 42 44 45 53] [ 4753  8517  4057 15290 10902  3945  8685 11386  4727 10829  6815 12492
 15022  9753] [] 1716177089.7666695118
[-1 -1 -1  1  1 -1 -1 -1 -1  1 -1 -1 -1] [ 3 10 11 17 19 20 27 28 29 42 44 45 53] [ 4757  9454  4115 15146  3903  8927 11459  5017 10833  6718 12795 15880
 10247] [] 1716177089.8096251488
[-1 -1 -1  1 -1  1  1 -1 -1  1 -1  1 -1] [ 3 10 11 17 19 20 27 28 29 42 44 45 53] [ 5011  9660  4310 15054  3933  8909 11430  5571 11159  6504 12881 15152
 13821] [] 1716177089.8527228832
[-1 -1 -1 -1 -1 -1  1 -1 -1 -1  1  1  1] [ 3 10 11 17 19 20 27 28 29 42 44 45 53] [ 5092 10260  4410 15228  3968  9397 11396  6134 11235  6867 12764 12011
  9903] [] 1716177089.8956713676
[-1 -1 -1 -1 -1 -1 -1 -1 -1  1  1  1 -1] [ 3 10 11 17 19 20 27 28 29 42 44 45 53] [ 5241 12226  4612 15443  4002  9731 11476  6820 11465  6811 12702 11901
  9977] [] 1716177089.9386541843
[ 1 -1 -1  1 -1 -1  1 -1 -1  1  1 -1 -1] [ 3 10 11 17 19 20 27 28 29 42 44 45 53] [ 5241 12874  4794 15244  4063  9863 11390  7155 11764  6806 12646 11907
 10356] [] 1716177089.9816401005
[-1 -1 -1 -1 -1 -1  1 -1 -1  1  1  1 -1] [ 3 10 11 17 19 20 27 28 29 42 44 45 53] [ 5324 12976  5038 15338  4125  9951 11347  7595 11877  6644 12556 11842
 12023] [] 1716177090.0246794224
[-1 -1 -1 -1 -1 -1  1 -1 -1 -1  1  1  1] [ 3 10 11 17 19 20 27 28 29 42 44 45 53] [ 5361 13072  5281 15439  4154  9979 11334  8239 12018  6874 12548 11811
 11807] [] 1716177090.0676546097
[-1 -1 -1 -1 -1  1 -1  1 -1  1 -1 -1] [ 3 10 11 17 19 20 27 28 42 44 45 53] [ 8403 13198  6464 15447  4282  9919 11396  8129  6881 12546 11873 12345] [] 1716177090.1106200218
[-1 -1 -1 -1  1  1  1 -1 -1 -1 -1  1] [ 3 10 11 17 19 20 27 28 42 44 45 53] [ 8486 13221  7297 15573  4280  9859 11193  8131  6911 12596 11883 12074] [] 1716177090.1536216736
[-1 -1 -1 -1 -1 -1  1 -1 -1 -1 -1  1] [ 3 10 11 17 19 20 27 28 42 44 45 53] [ 8522 13376  7470 16191  4323  9970 11160  8877  6979 13077 11931 11933] [] 1716177090.1966600418
[-1 -1 -1 -1 -1  1  1 -1  1 -1] [ 3 10 11 19 20 27 28 42 45 53] [ 8591 13431  8717  4442 10032 11134  8830  7200 11827 12713] [] 1716177090.2396466732
[-1 -1 -1 -1  1  1  1] [ 3 11 19 20 27 28 42] [ 8610  8783  4445 10123 11079  8826  6951] [] 1716177090.2826693058
[-1  1 -1 -1  1 -1 -1] [ 3 11 19 20 27 28 42] [ 8661  8768  4536 10162 10991 10103  7092] [] 1716177090.3255248070
[-1  1 -1 -1 -1 -1 -1] [ 3 11 19 20 27 28 42] [ 8784  8768  4717 10354 11005 10189  7763] [] 1716177090.3686521053
[-1 -1 -1 -1 -1 -1 -1] [ 3 11 19 20 27 28 42] [ 8967  8907  4978 10671 11349 10236 11010] [] 1716177090.4115948677
[-1 -1 -1 -1 -1  1  1] [ 3 11 19 20 27 28 42] [ 9154  8957  6115 10810 11351 10222 10919] [] 1716177090.4546399117
[-1  1 -1 -1 -1 -1 -1] [ 3 11 19 20 27 28 42] [ 9407  8956  7018 11229 11762 10318 11397] [] 1716177090.4974291325
[-1 -1 -1 -1  1] [11 19 20 27 28] [ 9292  8782 11646 12059 10230] [] 1716177090.5406305790
[-1 -1 -1 -1 -1] [11 19 20 27 28] [ 9568  9359 12117 12307 10339] [] 1716177090.5836112499
[-1 -1 -1 -1  1 -1] [11 19 20 27 28 36] [10363 13185 12547 12373  8486 16199] [] 1716177090.6266181469
[ 1 -1 -1  1  1] [11 19 20 27 28] [10050 13432 12679 12111  8458] [] 1716177090.6695656776
[-1 -1 -1  1  1] [11 19 20 27 28] [11204 16207 13423 11901  8441] [] 1716177090.7126052380
[ 1 -1 -1 -1 -1] [11 20 27 28 29] [11146 13892 11926 10578 11269] [] 1716177090.7556838989
[ 1  1  1 -1 -1 -1] [11 20 27 28 29 42] [10766 13534 11805 10698 11465 12255] [] 1716177090.7985680103
[-1 -1 -1 -1  1] [19 20 27 29 42] [ 8977 14358 12383 11469 11505] [] 1716177090.8415651321
[ 1  1  1 -1 -1] [19 20 27 29 42] [ 8200 13833 12106 11484 11539] [] 1716177090.8846156597
[-1 -1 -1 -1 -1] [19 20 27 29 42] [ 8610 14320 12308 11562 11700] [] 1716177090.9276766777
[-1 -1 -1  1  1] [19 20 27 29 42] [ 9326 14611 12643 11419 11557] [] 1716177090.9706213474
[-1  1 -1 -1  1] [19 20 27 29 42] [ 9525 14264 12681 11463 11467] [] 1716177091.0134921074
[-1 -1  1  1  1] [19 20 27 29 42] [12324 14400 12597 11391 11440] [] 1716177091.0566015244
[ 1  1  1 -1] [19 20 29 42] [12278 14333 11222 11940] [] 1716177091.0995624065
[-1 -1 -1 -1  1] [19 20 27 29 42] [12348 14355 13976 11282 11733] [] 1716177091.1424107552
[1 1 1 1] [19 20 29 42] [12285 14182 11151 11728] [] 1716177091.2013626099
2 2 2 1716177091.2016170025
