FA TAX ADC PRES TS
[ 1  1 -1  1  1 -1 -1  1  1  1] [ 3 19 20 21 27 28 29 34 36 42] [ 9057 11510 11274 11427 11615  8531  7606 10421 10551  6178] [] 1716177109.9024655819
[-1  1  1 -1 -1 -1  1 -1 -1  1] [ 3 19 20 21 27 28 29 34 36 42] [ 9137 11119 11266 11464 11620  8659  7554 10436 10606  5668] [] 1716177109.9454467297
[ 1  1  1  1 -1  1  1  1 -1  1] [ 3 19 20 21 27 28 29 34 36 42] [ 9004 10725 11034 11351 11645  8628  7469 10391 10665  5592] [] 1716177109.9885528088
[ 1  1 -1 -1  1  1  1  1  1  1] [ 3 19 20 21 27 28 29 34 36 42] [ 8951 10606 11192 11406 11426  8566  7363 10366 10607  5560] [] 1716177110.0315191746
[-1 -1  1  1  1  1  1  1  1  1] [ 3 19 20 21 27 28 29 34 36 42] [ 8994 10627 11158 11397 11393  8481  7318 10317 10598  5527] [] 1716177110.0745236874
[-1  1  1  1  1  1  1  1  1 -1] [ 3 19 20 21 27 28 29 34 36 42] [ 9029 10492 11105 11231 11381  8355  7276 10315 10553  5902] [] 1716177110.1174497604
[ 1  1  1  1  1  1 -1  1  1  1] [ 3 19 20 21 27 28 29 34 36 42] [ 8856 10319 11102 11071 11300  8309  7356 10229 10490  5412] [] 1716177110.1604876518
[-1  1  1  1  1  1  1 -1  1  1] [ 3 19 20 21 27 28 29 34 36 42] [ 8902 10146 10979 10987 11293  8222  7318 10245 10375  5344] [] 1716177110.2034339905
[1 1 1 1 1 1 1 1 1 1] [ 3 19 20 21 27 28 29 34 36 42] [ 8818 10074 10884 10933 11230  8069  7290 10239 10368  5340] [] 1716177110.2464709282
[ 1  1 -1 -1  1 -1  1 -1 -1  1 -1] [ 3 19 20 21 27 28 29 34 36 42 53] [ 8767  9965 10921 10997 11105  8170  7276 10310 10407  5298 14824] [] 1716177110.2894504070
[1 1 1 1 1 1 1 1 1 1 1] [ 3 19 20 21 27 28 29 34 36 42 53] [ 8738  9874 10903 10952 10827  8105  7205 10187 10407  4918 14370] [] 1716177110.3324868679
[ 1  1  1  1  1  1 -1  1  1 -1 -1 -1 -1] [ 3 19 20 21 27 28 29 34 36 37 42 43 53] [ 8706  9785 10888 10874 10725  7909  7319 10111 10346 16354  4927 14751
 14518] [] 1716177110.3754775524
[ 1  1 -1 -1 -1 -1 -1  1 -1  1  1  1  1] [ 3 19 20 21 27 28 29 34 36 37 42 43 53] [ 8679  8340 10987 10895 10784  8131  7412 10097 10417 14379  4911 11657
 14465] [] 1716177110.4184248447
[1 1 1 1 1 1 1 1 1 1 1 1 1] [ 3 19 20 21 27 28 29 34 36 37 42 43 53] [ 7466  7930 10960 10794 10695  7538  7036 10013 10417 12480  4804 11121
 14398] [] 1716177110.4614474773
[ 1  1  1  1  1  1  1 -1  1 -1 -1  1 -1 -1] [ 3 19 20 21 27 28 29 34 36 37 42 43 53 61] [ 7142  7836 10879 10774 10546  7470  6983 10111 10357 12636  4916 11083
 14665  7761] [] 1716177110.5045526028
[ 1  1 -1 -1  1  1 -1  1 -1  1 -1  1  1  1] [ 3 19 20 21 27 28 29 34 36 37 42 43 53 61] [ 6009  7516 11067 10898 10525  7294  7026 10087 10389 12574  4955 11069
 14585  7592] [] 1716177110.5474886894
[ 1 -1  1  1  1 -1 -1  1  1 -1  1  1  1  1  1  1] [ 3 11 19 20 21 26 27 28 29 34 36 37 42 43 53 61] [ 5982 14407  7026 10977 10734 10864 10571  7183  6295 10115 10383 12529
  4842 11030 14472  7473] [] 1716177110.5904548168
[ 1  1  1  1  1 -1  1  1  1  1  1  1 -1  1  1  1] [ 3 11 19 20 21 26 27 28 29 34 36 37 42 43 53 61] [ 5945 11680  6949 10970 10646 11592 10558  6780  6287 10108 10366 12319
  4855 11006 14443  7468] [] 1716177110.6334304810
[ 1  1 -1  1  1  1 -1  1  1  1  1  1  1 -1  1  1] [ 3 11 19 20 21 26 27 28 29 34 36 37 42 43 53 61] [ 5889 11638  7002 10918 10568 10709 10582  6708  6233 10056 10348 12273
  4742 11035 14317  7357] [] 1716177110.6765303612
[ 1  1  1  1 -1 -1 -1  1  1  1  1 -1  1  1  1  1] [ 3 11 19 20 21 26 27 28 29 34 36 37 42 43 53 61] [ 5647 10716  6846 10843 10658 10716 10615  6439  6097 10031 10261 12339
  4643 10915 14269  7321] [] 1716177110.7195096016
[ 1  1 -1  1  1  1  1  1  1  1  1  1  1 -1  1  1] [ 3 11 19 20 21 26 27 28 29 34 36 37 42 43 53 61] [ 5531 10687  6860 10841 10542  8957 10522  6339  5883  9770 10239 12313
  4574 10949 14266  7197] [] 1716177110.7624599934
[ 1  1  1 -1  1  1  1  1  1 -1  1  1  1  1 -1  1] [ 3 11 19 20 21 26 27 28 29 34 36 37 42 43 53 61] [ 5517 10379  6715 10857 10448  8666 10437  6306  5801  9773 10177 12207
  4542 10924 14336  7179] [] 1716177110.8054740429
[-1 -1  1  1  1  1  1  1 -1  1 -1  1  1  1  1  1] [ 3 11 19 20 21 26 27 28 29 34 36 37 42 43 53 61] [ 5543 10437  6551 10758 10332  8464 10337  6222  5806  9662 10262 12117
  4470 10840 14274  7133] [] 1716177110.8485569954
[-1  1  1  1  1  1  1  1  1  1  1  1  1 -1  1  1] [ 3 11 19 20 21 26 27 28 29 34 36 37 42 43 53 61] [ 5718 10140  6355 10671 10223  8329 10328  6209  5748  9262 10111 12090
  4437 10878 14251  7084] [] 1716177110.8915688992
[1 1 1 1 1 1 1 1 1 1 1 1 1 1 1 1] [ 3 11 19 20 21 26 27 28 29 34 36 37 42 43 53 61] [ 5518 10111  6286 10670 10166  8253 10255  6168  5630  8217 10094 11969
  4413 10856 14179  7064] [] 1716177110.9345390797
[ 1  1  1 -1 -1 -1  1  1  1  1  1 -1 -1  1  1 -1] [ 3 11 19 20 21 26 27 28 29 34 36 37 42 43 53 61] [ 5466  9935  5929 10777 10211  8257 10251  6009  5602  8011 10063 12043
  4466 10852 13751  7139] [] 1716177110.9775030613
[ 1  1  1  1  1  1  1  1  1  1  1  1 -1  1  1  1] [ 3 11 19 20 21 26 27 28 29 34 36 37 42 43 53 61] [ 5347  8164  5908 10686 10119  7711 10244  5847  5570  7946 10061 11978
  4469 10818 13104  7092] [] 1716177111.0205028057
[ 1  1  1 -1 -1  1 -1  1 -1  1 -1 -1  1  1  1 -1] [ 3 11 19 20 21 26 27 28 29 34 36 37 42 43 53 61] [ 5084  7375  5881 10741 10131  7564 10248  5817  5627  7911 10119 11979
  4414 10810 10082  7122] [] 1716177111.0634875298
[ 1  1  1  1 -1  1  1  1  1  1 -1 -1 -1 -1  1 -1] [ 3 11 19 20 21 26 27 28 29 34 36 37 42 43 53 61] [ 4884  6712  5855 10707 10158  7564 10132  5581  5598  7882 10127 12055
  4445 10848 10071  7146] [] 1716177111.1064636707
[ 1  1  1 -1  1  1 -1  1  1  1  1  1  1  1  1  1] [ 3 11 19 20 21 26 27 28 29 34 36 37 42 43 53 61] [ 4851  6574  5761 10752 10147  7348 10255  5427  5593  7877 10063 12055
  4350 10785 10012  7126] [] 1716177111.1495087147
[ 1  1  1 -1  1  1  1  1 -1  1 -1 -1  1 -1  1  1] [ 3 11 19 20 21 26 27 28 29 34 36 37 42 43 53 61] [ 4839  6348  5729 10798 10022  7029 10233  5401  5621  7851 10088 12095
  4264 10880  9772  7066] [] 1716177111.1924684048
[ 1  1  1 -1 -1  1 -1  1 -1  1  1  1 -1 -1 -1 -1 -1 -1] [ 3 11 19 20 21 26 27 28 29 34 36 37 42 43 44 53 55 61] [ 4781  6270  5539 10850 10082  6712 10370  5142  5649  7834 10049 12063
  4274 10972 16156  9940 13015  7339] [] 1716177111.2354707718
[ 1  1  1  1  1  1  1  1  1 -1 -1 -1 -1 -1  1 -1  1 -1] [ 3 11 19 20 21 26 27 28 29 34 36 37 42 43 44 53 55 61] [ 4649  5873  5437 10789 10079  6341 10284  4965  5625  7850 10247 12144
  4302 11223 14319 10067 10691  7425] [] 1716177111.2785441875
[ 1  1  1 -1 -1  1 -1  1 -1  1 -1  1  1  1  1  1 -1  1] [ 3 11 19 20 21 26 27 28 29 34 36 37 42 43 44 53 55 61] [ 4491  5841  5412 10806 10143  6005 10315  4888  5631  7795 10289 12103
  4290 11160 13567 10043 10998  7382] [] 1716177111.3214457035
[ 1 -1  1  1  1  1  1  1  1 -1 -1 -1 -1 -1  1 -1  1 -1] [ 3 11 19 20 21 26 27 28 29 34 36 37 42 43 44 53 55 61] [ 4474  5855  5330 10778 10023  5809 10315  4559  5561  7831 10333 12162
  4372 11204 13421 10062 10213  7393] [] 1716177111.3644950390
[-1  1  1 -1 -1  1  1  1  1  1  1 -1  1  1 -1  1  1  1] [ 3 11 19 20 21 26 27 28 29 34 36 37 42 43 44 53 55 61] [ 4499  5592  5320 10783 10056  5725 10270  4334  5554  7794 10301 12273
  4197 11079 13603  9952  9884  7375] [] 1716177111.4074800014
[ 1  1  1  1  1  1  1  1  1  1 -1  1  1 -1  1  1  1  1] [ 3 11 19 20 21 26 27 28 29 34 36 37 42 43 44 53 55 61] [ 4309  5396  5231 10766  9965  5326 10269  4177  5483  7691 10414 12059
  4153 11093 13287  9925  9297  7253] [] 1716177111.4505636692
[-1 -1 -1 -1  1  1 -1  1 -1 -1  1 -1  1 -1  1 -1 -1 -1] [ 3 11 19 20 21 26 27 28 29 34 36 37 42 43 44 53 55 61] [ 4355  5471  5245 10800  9931  4561 10333  3943  5499  7695 10255 12076
  4144 11095 13279  9948  9320  7295] [] 1716177111.4934768677
[ 1  1  1  1 -1  1  1 -1  1  1 -1  1 -1 -1  1  1  1  1] [ 3 11 19 20 21 26 27 28 29 34 36 37 42 43 44 53 55 61] [ 4287  5363  5164 10759  9950  4507 10241  3958  5496  7694 10303 12003
  4161 11104 12773  9699  8570  7193] [] 1716177111.5364556313
[-1  1  1  1 -1 -1  1  1  1 -1 -1  1  1  1 -1  1  1  1  1] [ 2  3 11 19 20 21 26 27 28 29 34 36 37 42 43 44 53 55 61] [16111  4259  5330  5000 10814  9979  4324 10134  3863  5519  7767 10267
 11939  4008 11108 12679  9575  7446  7175] [] 1716177111.5794813633
[ 1  1  1 -1  1  1 -1  1  1  1  1  1 -1  1  1  1 -1  1  1  1] [ 2  3 11 17 19 20 21 26 27 28 29 34 36 37 42 43 44 53 55 61] [15103  4099  5213 16047  4960 10589 10001  4145 10112  3764  5477  7698
 10325 11922  4008 11055 12693  9511  6850  6975] [] 1716177111.6224915981
[ 1 -1  1  1  1 -1  1  1  1  1  1 -1  1  1  1 -1  1  1  1  1] [ 2  3 11 17 19 20 21 26 27 28 29 34 36 37 42 43 44 53 55 61] [14908  4171  5119 16037  4891 10617  9964  3925  9867  3627  5470  7713
 10253 11873  3942 11082 12662  9480  6748  6939] [] 1716177111.6654381752
[-1  1  1  1  1 -1  1  1  1  1  1  1  1 -1  1 -1  1  1  1  1] [ 2  3 11 17 19 20 21 26 27 28 29 34 36 37 42 43 44 53 55 61] [15278  3936  5119 15583  4841 10632  9883  3792  9778  3565  5455  7647
 10249 11879  3928 11100 12607  9453  6556  6914] [] 1716177111.7082955837
[-1  1  1  1  1  1  1  1  1  1  1  1 -1  1  1  1  1 -1  1  1] [ 2  3 11 17 19 20 21 26 27 28 29 34 36 37 42 43 44 53 55 61] [15848  3786  5057 15331  4642 10605  9837  3637  9660  3493  5429  7582
 10371 11875  3907 11079 12509  9463  6506  6853] [] 1716177111.7514469624
[ 1  1  1  1  1 -1 -1  1  1  1  1  1 -1  1  1 -1  1  1 -1  1] [ 2  3 11 17 19 20 21 26 27 28 29 34 36 37 42 43 44 53 55 61] [15451  3759  5031 15206  4583 10746  9881  3582  9647  3411  5369  7578
 10395 11866  3877 11089 12399  9263  6717  6821] [] 1716177111.7944927216
[-1  1  1 -1  1  1 -1  1  1  1  1  1  1 -1  1 -1 -1  1  1  1] [ 2  3 11 17 19 20 21 26 27 28 29 34 36 37 42 43 44 53 55 61] [15798  3683  4863 15274  4558 10550  9886  3563  9517  3266  5338  7486
 10379 11887  3826 11154 12423  9227  6703  6772] [] 1716177111.8375275135
[-1  1 -1 -1  1 -1  1 -1  1  1  1 -1  1  1  1  1  1 -1  1  1  1] [ 2  3 10 11 17 19 20 21 26 27 28 29 34 36 37 42 43 44 53 55 61] [15903  3615 15310  4868 15059  4589 10446  9907  3563  9457  3181  5381
  7116 10363 11866  3744 11050 12557  9140  6383  6741] [] 1716177111.8805847168
[ 1 -1  1 -1 -1  1  1  1  1 -1  1  1  1  1 -1 -1  1  1 -1  1 -1] [ 2  3 10 11 17 19 20 21 26 27 28 29 34 36 37 42 43 44 53 55 61] [15815  3695 14086  4931 15111  4489 10437  9903  3459  9513  3110  5343
  7043 10239 11878  3753 11049 12407  9222  6250  6790] [] 1716177111.9235267639
[ 1  1  1 -1 -1  1 -1 -1  1 -1  1  1  1  1  1 -1  1 -1 -1  1 -1] [ 2  3 10 11 17 19 20 21 26 27 28 29 34 36 37 42 43 44 53 55 61] [15754  3626 12516  4951 15401  4457 10529  9988  3387  9620  3084  5271
  7037  9842 11876  3804 11021 12466  9228  6175  6856] [] 1716177111.9664633274
[-1  1  1  1  1 -1  1  1  1 -1  1  1  1  1  1  1  1 -1 -1  1 -1 -1 -1] [ 2  3 10 11 17 18 19 20 21 26 27 28 29 34 36 37 42 43 44 53 54 55 61] [15790  3618 11341  4723 15247 13664  4449 10396  9830  3407  9472  3053
  5266  7020  9793 11840  3642 11145 12512  9226 14705  6462  6986] [] 1716177112.0095961094
[-1  1  1  1  1  1  1  1 -1  1  1  1 -1  1  1 -1 -1  1  1  1 -1  1  1] [ 2  3 10 11 17 18 19 20 21 26 27 28 29 34 36 37 42 43 44 53 54 55 61] [15843  3533 11151  4209 15158 12801  4447 10367  9945  3379  9116  3036
  5331  6957  9786 11875  3650 11035 12447  9164 14784  6323  6868] [] 1716177112.0525307655
[ 1  1 -1 -1  1 -1  1  1  1 -1  1  1  1  1  1  1  1 -1  1 -1 -1 -1 -1 -1
 -1] [ 2  3  4 10 11 17 18 19 20 21 26 27 28 29 34 36 37 42 43 44 46 53 54 55
 61] [15671  3511 15671 11317  4141 15227 12762  4422 10228 10018  3339  8991
  2976  5318  6933  9717 11856  3676 11016 12634 12172  9309 14922  6404
  6946] [] 1716177112.0954377651
[-1  1  1  1  1 -1 -1  1 -1  1  1 -1 -1 -1 -1  1  1  1  1  1  1  1  1  1] [ 2  3 10 11 17 18 19 20 21 26 27 28 29 34 36 37 42 43 44 46 53 54 55 61] [15874  3341  8895  4042 15174 12793  4449 10228 10196  3283  8782  2983
  5353  6940  9747 11841  3606 10972 12467 11508  9200 14880  6254  6884] [] 1716177112.1385228634
[ 1 -1  1  1 -1  1  1  1 -1  1  1  1  1  1 -1 -1  1  1  1  1 -1 -1  1 -1
 -1] [ 3  4 10 11 17 18 19 20 21 26 27 28 29 34 36 37 42 43 44 46 47 53 54 55
 61] [ 3275 16095  8457  4033 15203 12768  4429 10156 10199  3249  8644  2887
  5287  6875  9823 11883  3572 10933 12391 11354 15315  9240 14808  6384
  6908] [] 1716177112.1815400124
[-1  1  1 -1 -1  1  1  1  1  1  1 -1 -1 -1 -1  1  1 -1 -1 -1  1 -1  1  1
  1] [ 2  3 10 11 17 18 19 20 21 26 27 28 29 34 36 37 42 43 44 46 47 53 54 55
 61] [16267  3215  7992  4184 15483 12656  4399 10126 10174  3199  8558  2893
  5313  7002  9865 11842  3566 10978 12517 11355 14713  9247 14520  6194
  6905] [] 1716177112.2244672775
[ 1  1  1 -1  1  1 -1 -1  1 -1  1 -1  1 -1 -1 -1 -1  1  1  1 -1  1 -1  1] [ 3 10 11 17 18 19 20 21 26 27 28 29 34 36 37 42 43 44 46 47 53 54 55 61] [ 3140  7414  4046 15775 12577  4303 10245 10265  3134  8628  2843  5315
  6939 10079 11963  3582 10995 11515 11288 14504  9258 13242  6288  6820] [] 1716177112.2675101757
[ 1  1  1 -1  1  1  1  1  1 -1 -1  1  1  1  1 -1  1  1 -1  1 -1  1  1  1] [ 3 10 11 17 18 19 20 21 26 27 28 29 34 36 37 42 43 44 46 47 53 54 55 61] [ 3087  7175  3622 15891 12514  4267 10203 10246  3093  8800  2867  5306
  6927  8746 11882  3598 10959 10115 11396 14354  9343 12924  5840  6765] [] 1716177112.3104753494
[ 1 -1  1  1  1  1  1  1 -1  1 -1  1 -1 -1  1  1  1  1  1  1  1 -1  1  1
  1] [ 3  4 10 11 17 18 19 20 21 26 27 28 29 34 36 37 42 43 44 46 47 53 54 55
 61] [ 3069 15951  6971  3546 14499 12470  4259 10183 10307  3086  8847  2792
  5339  6931  8500 11840  3568 10908  9534 11353 14282  9354 12868  5644
  6710] [] 1716177112.3534500599
[ 1  1  1  1  1  1  1  1 -1  1  1  1 -1  1  1 -1  1 -1  1 -1  1  1  1 -1
  1] [ 3  4 10 11 17 18 19 20 21 26 27 28 29 34 36 37 42 43 44 46 47 53 54 55
 61] [ 2975 15711  6700  3518 14471 12422  4200 10134 10385  3079  8831  2743
  5341  6868  8354 11906  3532 10942  9480 11367 14193  9326 12781  5883
  6658] [] 1716177112.3964598179
[ 1  1 -1 -1  1 -1  1 -1 -1  1  1  1  1  1  1 -1 -1  1  1  1  1 -1  1  1
  1  1] [ 3  4 10 11 17 18 19 20 21 26 27 28 29 34 36 37 38 42 43 44 46 47 53 54
 55 61] [ 2911 15325  6907  3526 14287 12440  4179 10178 10443  3028  8711  2695
  5298  6840  8179 11927 13146  3504 10926  9358 11265 14215  9241 12682
  5410  6578] [] 1716177112.4395017624
[-1  1 -1  1  1 -1 -1  1  1  1  1  1  1  1  1 -1  1  1 -1 -1  1  1  1 -1
  1  1 -1  1] [ 1  3  4 10 11 17 18 19 20 21 26 27 28 29 34 36 37 38 42 43 44 46 47 50
 53 54 55 61] [15770  2798 15450  6824  3366 14347 12692  4157 10050 10438  3003  8644
  2665  5289  6838  8270 11925 11990  3594 11028  9085 11092 14053 11562
  9112 12626  5583  6577] [] 1716177112.4825263023
[-1  1  1  1 -1  1  1  1 -1 -1  1 -1  1  1 -1 -1  1  1  1  1  1  1 -1 -1
  1  1  1  1] [ 1  3  4 10 11 17 18 19 20 21 26 27 28 29 34 36 37 38 42 43 44 46 47 50
 53 54 55 61] [15880  2733 15163  6256  3372 13909 11682  4046 10051 10563  3003  8787
  2591  5283  6850  8343 11574 10340  3532 10957  8821 10914 14519 13072
  8989 12461  5405  6523] [] 1716177112.5254685879
[ 1  1  1  1  1  1  1  1  1 -1  1  1  1  1 -1  1  1  1  1 -1  1  1 -1  1
  1  1  1  1] [ 1  3  4 10 11 17 18 19 20 21 26 27 28 29 34 36 37 38 42 43 44 46 47 50
 53 54 55 61] [15597  2671 14751  5887  3164 13685 11657  3950  9964 10682  2964  8768
  2553  5265  6871  8305 11516  9071  3512 11059  8528  9944 14658  9915
  8870 12307  5301  6480] [] 1716177112.5684900284
[ 1  1  1  1 -1 -1  1  1  1  1  1  1  1  1 -1  1  1 -1 -1  1  1  1 -1 -1
 -1  1 -1  1] [ 1  3  4 10 11 17 18 19 20 21 26 27 28 29 34 36 37 38 42 43 44 46 47 50
 53 54 55 61] [15107  2651 14120  5451  3179 13807  9940  3912  9960 10600  2953  8700
  2541  5264  6934  7777 11513  9099  3520 11012  7814  9700 15198  9924
  8978 11875  5364  6410] [] 1716177112.6115777493
[-1  1  1  1  1 -1  1  1 -1 -1  1  1  1  1 -1  1 -1  1  1  1 -1 -1  1  1
  1  1  1 -1] [ 1  3  4 10 11 17 18 19 20 21 26 27 28 29 34 36 37 38 42 43 44 46 47 50
 53 54 55 61] [15224  2619 13844  5269  3087 14330  9464  3869 10018 10748  2915  8687
  2513  5251  6938  7725 11566  8935  3472 10967  8093  9741 14980  9834
  8888  9614  5254  6421] [] 1716177112.6545336246
[ 1  1 -1  1  1  1 -1  1  1  1  1 -1  1  1  1  1 -1  1  1 -1  1  1  1  1
 -1  1  1  1] [ 1  3  4 10 11 17 18 19 20 21 26 27 28 29 34 36 37 38 42 43 44 46 47 50
 53 54 55 61] [15134  2571 14498  5243  3014 14231  9486  3855  9974 10678  2872  8693
  2505  5220  6905  7668 11598  8726  3450 11025  7049  9652 14755  9822
  8897  8080  5015  6388] [] 1716177112.6975102425
[ 1  1  1  1  1 -1 -1  1  1  1 -1  1  1 -1  1 -1 -1  1  1 -1  1 -1 -1  1
  1 -1 -1  1 -1] [ 1  3  4 10 11 17 18 19 20 21 26 27 28 29 34 36 37 38 42 43 44 45 46 47
 50 53 54 55 61] [15094  2494 13182  5015  2964 14525  9521  3777  9914 10596  2885  8665
  2414  5241  6827  7675 11825  7960  3373 11032  7035 12112  9663 14174
  9804  8977  8096  4937  6401] [] 1716177112.7405793667
[-1  1  1  1  1  1  1  1  1 -1  1 -1  1 -1  1 -1  1 -1  1  1  1 -1  1  1
 -1  1  1 -1  1] [ 1  3  4 10 11 17 18 19 20 21 26 27 28 29 34 36 37 38 42 43 44 45 46 47
 50 53 54 55 61] [15220  2439 13007  4880  2933 14404  9442  3763  9870 10707  2839  8758
  2390  5333  6488  7701 11772  8045  3316 11018  6211 14770  9551 13543
  9831  8850  8062  5102  6354] [] 1716177112.7835483551
[-1  1  1  1  1 -1  1  1 -1 -1  1  1  1  1 -1  1  1 -1 -1 -1  1  1  1  1
  1  1  1  1  1] [ 1  3  4 10 11 17 18 19 20 21 26 27 28 29 34 36 37 38 42 43 44 45 46 47
 50 53 54 55 61] [15438  2389 12885  4854  2906 14451  8582  3758  9895 10836  2798  8708
  2367  5274  6832  7677 11474  8599  3334 11025  6090 14064  9489 13309
  9760  8783  8023  4886  6303] [] 1716177112.8265113831
[-1  1 -1  1  1  1  1  1  1 -1 -1  1  1  1 -1 -1  1  1  1  1  1 -1  1 -1
 -1  1  1  1 -1] [ 1  3  4 10 11 17 18 19 20 21 26 27 28 29 34 36 37 38 42 43 44 45 46 47
 50 53 54 55 61] [15596  2330 13131  4761  2840 14422  8204  3741  9889 10837  2806  8646
  2296  5211  6906  7796 11432  7066  3276 10994  6031 15332  9421 13363
  9768  8765  7878  4774  6323] [] 1716177112.8694996834
[ 1  1 -1  1  1  1  1  1  1 -1  1  1  1 -1  1  1  1  1 -1 -1  1  1  1 -1
 -1 -1  1 -1  1] [ 1  3  4 10 11 17 18 19 20 21 26 27 28 29 34 36 37 38 42 43 44 46 47 50
 52 53 54 55 61] [15424  2289 13247  4484  2811 14387  7744  3713  9844 11014  2740  8547
  2255  5235  6893  7753 11182  6978  3280 11038  6029  9313 13329 10019
 16320  8787  7836  4906  6097] [] 1716177112.9125857353
[ 1  1 -1  1  1 -1  1 -1  1  1  1 -1  1  1  1  1 -1  1  1 -1  1 -1 -1  1
  1  1  1  1 -1] [ 1  3  4 10 11 17 18 19 20 21 26 27 28 29 34 36 37 38 42 43 44 45 46 47
 50 53 54 55 61] [14336  2267 13787  4447  2694 14571  7367  3719  9702  9722  2707  8940
  2230  5170  6493  7724 11225  6952  3272 11178  5730 14790  9349 12074
 10005  8601  7756  4840  6138] [] 1716177112.9555578232
[ 1 -1 -1  1  1  1 -1  1  1  1  1  1  1  1 -1  1  1 -1  1  1  1  1  1 -1
 -1  1 -1  1  1  1  1] [ 1  2  3  4 10 11 17 18 19 20 21 26 27 28 29 34 36 37 38 42 43 44 45 46
 47 50 52 53 54 55 61] [14191 15208  2297 13694  4415  2674 14587  7211  3676  9629  9294  2684
  8887  2204  5195  6423  7672 11296  6872  3272 11067  5531 12617  9365
 12127  9965 16296  8410  7755  4784  6097] [] 1716177112.9985442162
[-1  1 -1  1 -1  1 -1  1  1  1 -1  1  1  1  1 -1  1 -1 -1  1  1  1  1  1
  1  1  1  1 -1  1 -1] [ 1  2  3  4 10 11 17 18 19 20 21 26 27 28 29 34 36 37 38 42 43 44 45 46
 47 50 52 53 54 55 61] [14264 14015  2303 13650  4455  2644 14591  7033  3664  9595  9369  2671
  8793  2195  5188  6468  7645 11385  6974  3252 11047  5520 10829  9358
 11565  9955 16040  7601  7797  4776  6100] [] 1716177113.0415499210
[-1 -1  1 -1  1 -1  1  1 -1  1  1  1  1  1  1 -1 -1  1 -1 -1  1 -1  1  1
 -1  1  1 -1  1  1 -1] [ 1  2  3  4 10 11 17 18 19 20 21 26 27 28 29 34 36 37 38 42 43 44 45 46
 47 50 52 53 54 55 61] [14331 14598  2287 13733  4391  2685 14502  6993  3709  9453  9096  2659
  8325  2194  5187  6494  7654 11324  6999  3264 10936  5554 10443  9337
 11701  9578 15968  8708  7755  4624  6125] [] 1716177113.0845208168
[ 1 -1  1  1  1  1  1  1  1 -1 -1  1  1  1 -1 -1 -1 -1 -1 -1  1  1  1 -1
 -1 -1  1 -1 -1 -1] [ 1  2  3  4 10 11 17 18 19 20 21 26 27 28 29 34 36 37 38 42 43 44 45 46
 47 50 53 54 55 61] [14240 14871  2284 13615  4220  2683 14495  6925  3701  9535  9594  2644
  6978  2189  5241  6865  7678 11341  7105  3294 10924  5423 10332  9381
 12961  9597  8114  7846  4702  6185] [] 1716177113.1275024414
[ 1  1 -1 -1 -1  1 -1  1  1 -1  1  1 -1  1  1  1  1 -1 -1  1 -1  1 -1 -1
 -1  1 -1 -1 -1] [ 1  3  4 10 11 17 18 19 20 21 26 27 28 29 34 36 37 38 42 43 44 45 46 47
 50 53 54 55 61] [14080  2254 13645  4253  2705 14285  7130  3670  9420 10549  2627  6836
  2211  5147  6578  7585 11318  7637  3372 10866  5652 10331  9415 13212
  9735  7612  9357  4884  6356] [] 1716177113.1704742908
[-1 -1  1 -1 -1  1 -1 -1  1 -1 -1 -1 -1 -1  1 -1 -1 -1 -1  1  1 -1 -1  1
  1 -1 -1 -1  1] [ 1  3  4 10 11 17 18 19 20 21 26 27 28 29 34 36 37 38 42 43 44 45 46 47
 50 53 54 55 61] [14500  2311 13470  4421  2767 14218  7808  3677  9378 10551  2643  7122
  2283  5183  6495  7621 11439  8306  3462 10846  5609 10418  9508 13178
  9664  7846  9364  5007  6339] [] 1716177113.2134950161
[ 1 -1 -1  1 -1 -1 -1 -1 -1  1 -1 -1 -1  1  1 -1  1 -1 -1  1 -1 -1 -1 -1
 -1  1 -1 -1 -1] [ 1  3  4 10 11 17 18 19 20 21 26 27 28 29 34 36 37 38 42 43 44 45 46 47
 50 53 54 55 61] [14281  2346 13835  4407  2803 14279  8364  3732  9495 10512  2668  8414
  2333  5158  6470  7641 11397  8592  3542 10822  6056 10558  9626 13409
  9737  7846  9872  5225  6406] [] 1716177113.2565419674
[-1 -1  1 -1 -1 -1 -1  1 -1  1 -1 -1 -1 -1 -1  1 -1  1 -1 -1 -1 -1 -1 -1
 -1 -1 -1 -1 -1] [ 1  3  4 10 11 17 18 19 20 21 26 27 28 29 34 36 37 38 42 43 44 45 46 47
 50 53 54 55 61] [14629  2487 13253  4630  2953 14330  9429  3712  9522 10476  2679  8493
  2366  5220  6911  7610 11458  8299  3634 10873  6544 11793  9737 13895
  9827  8232 12261  5413  6485] [] 1716177113.2994911671
[-1 -1 -1 -1 -1  1 -1 -1 -1  1 -1  1 -1  1  1 -1 -1 -1 -1 -1 -1  1 -1 -1
 -1 -1 -1 -1 -1] [ 1  3  4 10 11 17 18 19 20 21 26 27 28 29 34 36 37 38 42 43 44 45 46 47
 50 53 54 55 61] [14741  2546 13429  4792  2990 14242  9624  3789  9599 10418  2823  8458
  2436  5181  6889  7616 11475  8354  3722 10925  7037 10848  9919 14250
  9946  8478 12391  5674  6532] [] 1716177113.3425443172
[-1 -1 -1 -1 -1 -1 -1  1 -1  1  1 -1 -1 -1  1 -1  1 -1 -1  1 -1 -1 -1 -1
 -1 -1 -1 -1 -1] [ 1  3  4 10 11 17 18 19 20 21 26 27 28 29 34 36 37 38 42 43 44 45 46 47
 50 53 54 55 61] [15022  2578 13463  4983  3032 14298  9965  3753  9640 10340  2811  8580
  2455  5223  6847  7626 11462  8637  3896 10916  7318 14144 10987 14499
 10026  8724 12592  5817  6588] [] 1716177113.3855378628
[-1 -1  1 -1 -1  1  1 -1 -1  1 -1  1 -1 -1  1 -1 -1 -1 -1 -1 -1 -1 -1 -1
  1 -1  1  1] [ 1  3  4 10 11 17 18 19 20 21 26 27 28 29 34 36 37 38 42 43 44 46 47 50
 53 54 55 61] [15272  2724 13329  5237  3082 14259  9908  3790  9647 10282  2871  8495
  2520  5318  6847  7701 11553 10132  3970 10959  7575 11010 15323 10055
  8186 12802  5812  6560] [] 1716177113.4285511971
[-1 -1 -1 -1 -1  1 -1  1 -1  1  1  1 -1  1 -1  1  1 -1  1 -1 -1 -1 -1 -1
 -1 -1 -1] [ 1  3  4 10 11 17 18 19 20 21 26 27 28 29 34 36 37 38 42 43 44 46 47 53
 54 55 61] [15874  2831 13345  5445  3211 14087 11828  3781  9653 10119  2855  8445
  2587  5201  6884  7614 11435 15195  3862 10996  7872 11094 16135  8703
 12905  6030  6679] [] 1716177113.4714744091
[-1  1 -1 -1  1 -1 -1 -1  1 -1  1 -1  1  1 -1 -1 -1 -1  1  1 -1  1 -1 -1
 -1  1] [ 3  4 10 11 17 18 19 20 21 26 27 28 29 34 36 37 38 42 43 44 46 47 53 54
 55 61] [ 2886 12767  6423  3427 13971 12699  3855  9761 10082  2874  8411  2683
  5199  6741  7665 11502 16183  3944 10953  7569 11130 14759  9061 13824
  6099  6637] [] 1716177113.5144531727
[-1  1 -1 -1 -1  1 -1  1  1 -1  1 -1 -1 -1  1  1 -1 -1 -1 -1 -1  1 -1 -1] [ 3  4 10 11 17 18 19 20 21 26 27 28 29 34 36 37 42 43 44 46 53 54 55 61] [ 2942 12526  6545  3444 14195 12676  3899  9700  9974  2943  8384  2702
  5222  6817  7627 11406  4088 11047  7932 11246  9117 13644  6223  6713] [] 1716177113.5575056076
[-1 -1 -1 -1  1  1 -1 -1  1 -1 -1 -1 -1  1 -1 -1 -1  1 -1  1 -1  1  1] [ 3  4 10 11 17 18 19 20 21 26 27 28 29 34 36 37 42 43 44 53 54 55 61] [ 3158 12818  7062  3995 14101 12566  4052  9766  9861  2962  8475  2750
  5235  6802  7691 11407  4190 11038  8933  9035 14117  6092  6626] [] 1716177113.6003830433
[-1 -1 -1 -1 -1 -1 -1 -1  1 -1 -1 -1  1 -1  1  1 -1 -1 -1 -1 -1 -1 -1] [ 3  4 10 11 17 18 19 20 21 26 27 28 29 34 36 37 42 43 44 53 54 55 61] [ 3272 13590  7146  4341 14223 12695  4107  9832  9810  2995  8551  2773
  5205  6848  7633 11373  4300 11112 11224  9106 14992  6307  6688] [] 1716177113.6433856487
[-1  1 -1 -1 -1 -1 -1  1  1 -1  1 -1 -1 -1 -1  1 -1 -1 -1 -1 -1 -1  1] [ 3  4 10 11 17 18 19 20 21 26 27 28 29 34 36 37 42 43 44 53 54 55 61] [ 3455 13098  7551  4689 14299 12718  4165  9715  9700  3071  8400  2870
  5275  6862  7677 11328  4356 11146 12276  9128 15253  6438  6676] [] 1716177113.6863532066
[-1 -1 -1 -1  1 -1 -1  1  1 -1 -1 -1  1  1 -1 -1 -1 -1 -1 -1  1 -1 -1] [ 3  4 10 11 17 18 19 20 21 26 27 28 29 34 36 37 42 43 44 53 54 55 61] [ 3523 13470  7677  4915 14279 12916  4191  9715  9674  3085  8471  2885
  5271  6835  8238 11369  4426 11275 12381  9202 15192  6542  6853] [] 1716177113.7294075489
[-1 -1 -1 -1  1 -1 -1 -1 -1 -1 -1 -1 -1 -1 -1 -1  1  1 -1  1  1] [ 3 10 11 17 18 19 20 21 26 27 28 29 34 36 37 42 43 44 53 55 61] [ 3612  8449  4948 15603 12638  4194  9769  9708  3143  8751  2929  5289
  6841  8307 11391  4520 11230 12321  9217  6455  6737] [] 1716177113.7724380493
[-1 -1 -1 -1 -1 -1 -1 -1 -1  1 -1  1 -1 -1 -1 -1  1 -1 -1 -1 -1] [ 3 10 11 17 18 19 20 21 26 27 28 29 34 36 37 42 43 44 53 55 61] [ 3647 10418  4962 15971 12766  4215  9848  9830  3179  8734  2995  5264
  6888  8391 11417  4713 11199 12422  9331  7351  6792] [] 1716177113.8154556751
[-1 -1 -1  1 -1 -1  1  1 -1 -1 -1 -1  1 -1 -1 -1  1 -1 -1 -1 -1] [ 3 10 11 17 18 19 20 21 26 27 28 29 34 36 37 42 43 44 53 55 61] [ 3665 10850  5097 15865 12852  4254  9831  9704  3255  8902  3057  5326
  6886  8415 11600  4744 11170 12629  9617  7712  6950] [] 1716177113.8584308624
[-1 -1 -1  1  1 -1 -1 -1 -1 -1 -1 -1 -1 -1 -1 -1 -1 -1 -1 -1 -1] [ 3 10 11 17 18 19 20 21 26 27 28 29 34 36 37 42 43 44 53 55 61] [ 3816 13184  5184 15837 12817  4291  9845  9793  3322  8916  3151  5327
  7447  8478 11684  4883 11174 12642  9757  8613  7035] [] 1716177113.9014761448
[-1  1 -1  1  1 -1 -1  1 -1 -1 -1 -1 -1 -1 -1 -1 -1 -1 -1 -1 -1] [ 3 10 11 17 18 19 20 21 26 27 28 29 34 36 37 42 43 44 53 55 61] [ 4147 13155  5303 15806 12814  4340  9853  9733  3409  9658  3248  5407
  7545  8482 11754  4914 11187 12754  9843  9496  7038] [] 1716177113.9444792271
[-1 -1 -1  1  1 -1 -1 -1 -1  1 -1  1 -1 -1 -1 -1  1  1  1 -1 -1] [ 3 10 11 17 18 19 20 21 26 27 28 29 34 36 37 42 43 44 53 55 61] [ 4179 13313  5360 15791 12784  4371  9888  9817  3573  9618  3295  5390
  7550  9454 11823  5042 11123 12489  9597 10386  7085] [] 1716177113.9874355793
[ 1 -1 -1 -1 -1  1 -1  1 -1 -1 -1 -1 -1 -1 -1 -1 -1 -1 -1] [ 3 11 17 19 20 21 26 27 28 29 34 36 37 42 43 44 53 55 61] [ 4083  5481 15815  4415 10107  9748  3615  9611  3431  5454  7571 10479
 11929  5138 11279 12573  9793 10774  7321] [] 1716177114.0303673744
[ 1 -1 -1 -1 -1  1 -1 -1 -1  1 -1 -1 -1  1 -1 -1 -1 -1 -1] [ 3 11 17 19 20 21 26 27 28 29 34 36 37 42 43 44 53 55 61] [ 4078  6086 15961  4447 10260  9687  3807  9683  3527  5430  7637 10494
 11949  5098 11506 12655 10141 11039  7458] [] 1716177114.0735111237
[-1 -1  1 -1 -1 -1 -1 -1 -1 -1 -1  1 -1 -1 -1  1 -1  1  1] [ 3 11 17 19 20 21 26 27 28 29 34 36 37 42 43 44 53 55 61] [ 4107  6897 15895  4493 10315  9799  4055  9716  3573  5510  7801 10369
 12040  5134 13198 12635 10272 10978  7454] [] 1716177114.1164727211
[-1 -1 -1  1  1 -1 -1 -1 -1  1  1 -1  1 -1 -1 -1 -1] [ 3 11 19 20 21 26 27 28 29 34 36 37 42 44 53 55 61] [ 4275  7618  4561 10315  9742  4643  9902  3639  5528  7760 10341 12105
  5115 12935 10451 11169  7456] [] 1716177114.1594913006
[-1 -1  1  1  1 -1  1 -1 -1 -1  1 -1  1 -1 -1  1] [ 3 11 19 20 21 26 27 28 29 34 36 37 42 45 53 61] [ 4722  8430  4527 10305  9644  5168  9890  3736  5575  7935 10297 12108
  4954 11255 14903  7194] [] 1716177114.2024517059
[-1 -1 -1  1 -1 -1 -1 -1  1 -1 -1 -1 -1 -1  1] [ 3 11 19 20 21 26 27 28 29 34 36 37 42 53 61] [ 5011  9189  4637 10270  9794  5503 10450  3837  5565  9728 10725 12227
  4992 15085  7029] [] 1716177114.2454524040
[-1 -1 -1 -1 -1 -1  1 -1 -1  1  1 -1  1 -1 -1] [ 3 11 19 20 21 26 27 28 29 34 36 37 42 53 61] [ 5073  9578  4686 10318  9799  5847  9873  3931  5570  9641 10235 12239
  4925 15114  7086] [] 1716177114.2884292603
[-1 -1 -1 -1 -1 -1  1 -1 -1 -1 -1 -1 -1  1  1] [ 3 11 19 20 21 26 27 28 29 34 36 37 42 53 61] [ 5147 11073  4921 10546  9854  7066  9843  4304  5651  9758 10239 12275
  5003 14967  6949] [] 1716177114.3314399719
[-1 -1 -1 -1 -1 -1 -1 -1  1 -1  1 -1 -1 -1 -1] [ 3 11 19 20 21 26 27 28 29 34 36 37 42 53 61] [ 5211 11533  5105 10684  9899  7760  9901  4775  5626  9887 10050 12307
  5237 15042  6983] [] 1716177114.3744757175
[-1 -1 -1 -1  1 -1  1 -1 -1  1 -1 -1 -1  1 -1] [ 3 11 19 20 21 26 27 28 29 34 36 37 42 53 61] [ 5281 12049  5296 10723  9895  8306  9841  5279  5743  9880 10084 12360
  5250 15008  7081] [] 1716177114.4174191952
[-1  1 -1 -1 -1 -1  1 -1  1 -1 -1 -1 -1  1 -1] [ 3 11 19 20 21 26 27 28 29 34 36 37 42 53 61] [ 5465 12038  5386 10814  9956  8398  9814  5705  5733  9881 10140 12382
  5480 14823  7152] [] 1716177114.4604110718
[ 1  1 -1 -1 -1 -1 -1  1 -1  1 -1 -1 -1 -1 -1] [ 3 11 19 20 21 26 27 28 29 34 36 37 42 53 61] [ 5346 11813  5649 10844 10110  8609  9949  5511  5786  9848 10637 12501
  5677 14834  7266] [] 1716177114.5034711361
[-1 -1 -1 -1  1  1  1 -1 -1  1  1 -1 -1  1  1] [ 3 11 19 20 21 26 27 28 29 34 36 37 42 53 61] [ 5405 12212  5705 10893 10079  8577  9867  5890  5826  9843 10108 12641
  5800 14827  7257] [] 1716177114.5463693142
[-1 -1 -1 -1 -1 -1 -1 -1 -1 -1 -1 -1 -1 -1 -1 -1] [ 2  3 11 19 20 21 26 27 28 29 34 36 37 42 53 61] [16170  5765 14525  5769 10915 10188 10519 10103  6079  5891  9960 10212
 12733  6248 14905  7414] [] 1716177114.5894284248
[-1  1 -1 -1 -1 -1  1 -1 -1 -1 -1 -1 -1 -1 -1] [ 2  3 19 20 21 26 27 28 29 34 36 37 42 53 61] [16368  5738  6010 10939 10195 10520  9865  6875  6167 10027 10339 12773
  6347 15009  7566] [] 1716177114.6324243546
[ 1  1 -1 -1  1 -1  1 -1  1 -1  1 -1 -1  1 -1] [ 2  3 19 20 21 26 27 28 29 34 36 37 42 53 61] [16281  5685  6209 11052 10182 10607  9854  7217  6103 10067 10226 12863
  6589 14974 13452] [] 1716177114.6754691601
[-1  1 -1  1 -1 -1 -1 -1  1  1 -1  1  1] [ 2  3 19 20 21 26 27 28 29 34 36 42 53] [16360  5683  6259 10972 10192 10879 10107  7324  5839 10051 10325  6284
 14736] [] 1716177114.7184579372
[-1 -1 -1 -1 -1 -1  1 -1 -1  1 -1] [ 3 19 20 21 26 27 28 29 34 36 42] [ 5698  6648 10979 10291 11077 10235  6561  6087 10078 10136  6540] [] 1716177114.7613739967
[-1 -1 -1 -1 -1 -1 -1  1 -1 -1 -1] [ 3 19 20 21 26 27 28 29 34 36 42] [ 5821  6838 11077 10381 11340 10456  7041  6057 10099 10669  6841] [] 1716177114.8044199944
[-1 -1  1 -1 -1  1 -1 -1 -1 -1  1 -1] [ 3 19 20 21 26 27 28 29 34 36 42 61] [ 5851  7023 11073 10413 11530 10302  7301  6374 10171 10687  6700  7525] [] 1716177114.8474276066
[-1 -1 -1 -1 -1 -1 -1  1 -1  1 -1] [ 3 19 20 21 27 28 29 34 36 42 53] [ 6239  7691 11456 10481 10319  8561  7299 10057 10866  6466 15095] [] 1716177114.8904519081
[-1 -1 -1 -1 -1 -1  1  1  1  1  1] [ 3 19 20 21 27 28 29 34 36 42 53] [ 8873  7933 11550 10536 10366  8797  7279 10005 10860  6314 14789] [] 1716177114.9333744049
[ 1 -1  1 -1 -1  1 -1 -1  1 -1] [ 3 19 20 21 27 28 29 34 36 42] [ 8685  8083 11505 10616 10385  8739  7329 10097 10806  6406] [] 1716177114.9763944149
[-1 -1 -1 -1  1  1 -1 -1 -1 -1] [ 3 19 20 21 27 28 29 34 36 42] [10056  8167 11724 10667 10381  8667  7354 10218 10857  6702] [] 1716177115.0193910599
[-1  1 -1  1 -1 -1  1 -1 -1 -1] [19 20 21 27 28 29 34 36 42 53] [ 8270 11679 10800 10293  8798  7406 10103 10978  6765 14965] [] 1716177115.0623767376
[-1 -1 -1 -1 -1 -1 -1  1 -1] [19 20 21 27 28 29 34 36 42] [10390 11893 10895 10395  8991  7627 10193 10961  7107] [] 1716177115.1053788662
[-1 -1 -1  1  1 -1  1 -1 -1] [19 20 21 27 28 29 34 36 42] [12177 11986 11138 10370  8861  7760 10152 11220  7714] [] 1716177115.1484472752
[-1  1  1 -1 -1  1 -1  1 -1] [19 20 21 27 28 29 34 36 42] [12214 11836 11046 10437  9016  7667 10308 11055  9771] [] 1716177115.1913554668
[-1 -1 -1  1 -1 -1  1 -1 -1] [19 20 21 27 28 29 34 36 42] [12336 11870 11305 10395  9051  7737 10281 11077 10603] [] 1716177115.2344088554
[-1 -1 -1 -1 -1 -1  1 -1 -1] [19 20 21 27 28 29 34 36 42] [12386 12115 11543 10517 10322  7841 10230 11208 11479] [] 1716177115.2773964405
[-1  1  1 -1 -1  1 -1  1 -1] [19 20 21 27 28 29 34 36 42] [12462 11945 11346 10658 10361  7824 13349 11137 12213] [] 1716177115.3204598427
[-1  1 -1  1 -1 -1 -1  1 -1] [19 20 21 27 28 29 34 36 42] [12677 11938 11428 10618 10436  7832 13486 10991 12517] [] 1716177115.3634700775
[ 1 -1  1 -1  1 -1  1  1 -1] [19 20 21 27 28 29 34 36 42] [12653 12005 11381 10803 10418  7841 13415 10985 12533] [] 1716177115.4064302444
[-1  1 -1 -1 -1  1  1  1] [19 20 21 27 28 29 34 36] [12668 11945 11489 11391 11106  7799 13337 10965] [] 1716177115.4494440556
[ 1 -1  1  1  1  1  1  1] [19 20 21 27 28 29 34 36] [12490 12005 11333 10586  9911  7617 13235 10721] [] 1716177115.4923927784
[ 1  1  1  1  1 -1 -1] [19 20 21 27 28 29 36] [12165 11716 11300 10020  8819  7627 11051] [] 1716177115.5353207588
[ 1  1  1 -1  1 -1  1] [19 20 21 27 28 29 36] [ 8167 11503 11112 10384  7695  7635 10803] [] 1716177115.5784606934
[ 1  1  1 -1 -1 -1 -1] [19 20 21 27 28 29 36] [ 6251 11333 11046 11461  8011  7952 11421] [] 1716177115.6214292049
[ 1  1  1  1 -1 -1 -1] [19 20 21 27 28 29 36] [ 5716 11064 10877 11368 10745 10193 11545] [] 1716177115.6644804478
[-1  1  1  1 -1 -1 -1 -1] [ 3 19 20 21 27 28 29 36] [10199  5395 10806 10790 13087 13815 10325 11849] [] 1716177115.7076015472
[ 1 -1 -1 -1  1] [ 3 11 19 20 21] [ 6353 15341  7970 11166 10497] [] 1716177115.7505695820
2 2 2 1716177115.7508654594
