FA TAX ADC PRES TS
[-1] [42] [13082] [] 1716431625.6792037487
[1] [42] [11669] [] 1716431625.7221863270
[ 1 -1] [42 44] [10504 13764] [] 1716431625.7650198936
[1 1] [42 44] [10358 13093] [] 1716431625.8081510067
[-1  1] [42 44] [10437 12689] [] 1716431625.8511757851
[-1 -1 -1] [42 44 50] [10477 12798 10327] [] 1716431625.8942344189
[1 1 1] [42 44 50] [10187 12740  9978] [] 1716431625.9372546673
[-1  1  1] [42 44 50] [10615 12576  9705] [] 1716431625.9801576138
[ 1 -1  1] [42 44 50] [ 9283 12612  9623] [] 1716431626.0232267380
[ 1 -1  1] [42 44 50] [ 9233 12645  9596] [] 1716431626.0662002563
[-1  1  1  1] [34 42 44 50] [12199  8051 12294  9561] [] 1716431626.1092338562
[ 1  1  1 -1 -1 -1] [34 42 44 45 50 51] [11993  7283 10108 12203  9770 11534] [] 1716431626.1520709991
[-1  1  1  1  1  1] [34 42 44 45 50 51] [12055  5979  9793 12079  9739  8586] [] 1716431626.1951189041
[-1  1  1  1  1  1  1] [27 34 42 44 45 50 51] [12954  8881  5879  8757 11832  9597  8461] [] 1716431626.2380907536
[-1 -1 -1 -1  1  1  1  1  1 -1] [26 27 28 34 42 44 45 50 51 53] [12946 13171 13072  8987  5361  8247 11722  9504  8392 14861] [] 1716431626.2810919285
[-1  1 -1  1  1 -1 -1  1  1 -1 -1  1  1] [19 26 27 28 34 35 41 42 44 45 50 51 53] [10968 12105 13306 12399  8308 15553 14061  4665  7083 11800  9598  8331
 10555] [] 1716431626.3241386414
[ 1  1  1  1  1  1  1  1  1  1  1  1  1 -1] [19 26 27 28 34 35 41 42 44 45 50 51 53 61] [10797 11896 13286 12111  7018 15216 12675  3925  5965 11669  8491  8183
  7442 11181] [] 1716431626.3672659397
[ 1  1 -1  1  1  1  1  1  1  1  1  1  1  1] [19 26 27 28 34 35 41 42 44 45 50 51 53 61] [10385 11236 13307 11982  6447 13795 12455  3670  5325  9596  8313  8128
  7148  8251] [] 1716431626.4102544785
[1 1 1 1 1 1 1 1 1 1 1 1 1 1] [19 26 27 28 34 35 41 42 44 45 50 51 53 61] [10220  9446 12671 11786  5941 13073 12261  3343  4764  8915  8045  7999
  6688  7739] [] 1716431626.4532816410
[1 1 1 1 1 1 1 1 1 1 1 1 1 1] [19 26 27 28 34 35 41 42 44 45 50 51 53 61] [ 8513  9024 11492 11565  5743 12416 12142  3118  4339  8757  7157  7862
  6293  7148] [] 1716431626.4962606430
[ 1  1  1  1  1  1  1  1  1  1  1  1  1 -1  1] [19 26 27 28 34 35 41 42 44 45 50 51 53 60 61] [ 7569  8679 10222 11395  4953 11544 11844  2903  4166  8519  6170  7835
  6088 10483  6967] [] 1716431626.5392920971
[ 1  1  1  1  1  1  1  1  1  1  1 -1 -1  1  1  1] [19 26 27 28 34 35 41 42 44 45 50 51 52 53 60 61] [ 6780  8482  8126 11273  4770  9410 11393  2694  3632  8238  5237  7969
 10793  5680  7259  6788] [] 1716431626.5822966099
[-1  1  1  1 -1 -1  1  1 -1  1  1  1  1  1  1  1  1  1  1] [18 19 26 27 28 29 34 35 36 41 42 44 45 50 51 52 53 60 61] [11399  5435  8350  7927 11438 11656  4567  8652 10757 11248  2564  3372
  6284  4614  6886 10192  5252  6086  6659] [] 1716431626.6252615452
[ 1  1  1  1  1  1  1  1  1 -1  1  1  1  1  1  1  1 -1  1  1] [18 19 26 27 28 29 34 35 36 41 42 44 45 50 51 52 53 54 60 61] [11027  4987  6731  7805 11084 11199  4434  7639 10198 11302  2478  3232
  6209  4370  6811  8452  5198 12411  5751  6611] [] 1716431626.6682088375
[-1  1  1  1  1  1  1  1  1  1 -1  1  1  1  1  1  1  1  1 -1  1  1] [11 18 19 26 27 28 29 34 35 36 41 42 44 45 50 51 52 53 54 57 60 61] [10485 10968  4963  6562  7632 10987 11020  4369  7386  9169 11385  2316
  3127  5983  3711  6570  6993  5013 10331 12432  5097  6516] [] 1716431626.7113015652
[ 1  1  1  1  1 -1  1  1  1  1  1  1  1  1  1  1  1  1  1  1  1  1] [11 18 19 26 27 28 29 34 35 36 41 42 44 45 50 51 52 53 54 57 60 61] [ 9798 10737  4665  5539  7401 11005 10919  4184  6974  6975  9154  2275
  2911  5894  3571  6440  6298  4804  9079  8343  4756  6376] [] 1716431626.7542884350
[ 1  1  1 -1  1  1  1  1  1  1  1  1  1  1  1  1  1  1  1  1  1  1  1] [11 18 19 20 26 27 28 29 34 35 36 41 42 44 45 50 51 52 53 54 57 60 61] [ 9702 10403  4346 15235  5299  7284  9890 10825  4083  6938  6097  9127
  2172  2828  5791  3450  5797  5960  4390  7606  8038  4428  6350] [] 1716431626.7973010540
[ 1  1  1  1  1  1  1  1  1 -1  1  1  1  1  1  1  1  1  1  1  1  1  1] [11 18 19 20 26 27 28 29 34 35 36 41 42 44 45 50 51 52 53 54 57 60 61] [ 9597  8896  4222 14985  4907  7249  8298 10625  4044  6963  5313  7863
  2131  2745  5759  3176  5740  5764  4284  6259  6020  4116  6241] [] 1716431626.8402888775
[ 1  1  1  1  1  1  1  1  1  1  1  1  1  1  1 -1  1  1  1  1 -1  1  1  1] [11 18 19 20 26 27 28 29 34 35 36 41 42 44 45 46 50 51 52 53 54 57 60 61] [ 9314  6780  4000 14191  4295  7188  7579  8997  4005  6303  5052  7214
  2012  2666  5653 13952  3007  5269  5528  4234  6277  4919  3921  6197] [] 1716431626.8832495213
[ 1  1  1  1 -1  1  1  1  1  1  1  1  1  1  1  1  1  1  1  1  1  1  1 -1
 -1  1] [11 18 19 20 21 26 27 28 29 34 35 36 41 42 44 45 46 50 51 52 53 54 57 59
 60 61] [ 9282  5867  3888 13481 11476  3897  7080  6514  8204  3876  6206  4751
  6311  1908  2435  5548 11094  2773  4495  5389  4104  6205  4341  8371
  3932  6181] [] 1716431626.9262714386
[ 1  1  1  1  1  1 -1  1  1  1  1  1  1  1  1  1  1  1  1  1  1  1  1  1
  1  1] [11 18 19 20 21 26 27 28 29 34 35 36 41 42 44 45 46 50 51 52 53 54 57 59
 60 61] [ 9019  5320  3701 12750 10844  3685  7108  5069  7789  3303  6108  4558
  6001  1856  2389  5536 10845  2728  4260  5218  3758  6064  4190  7492
  3821  6106] [] 1716431626.9692199230
[ 1  1  1  1  1  1  1  1 -1  1  1  1  1  1  1  1  1  1  1  1  1  1  1  1
  1  1] [11 18 19 20 21 26 27 28 29 34 35 36 41 42 44 45 46 50 51 52 53 54 57 59
 60 61] [ 8974  5212  3621 12490 10800  3645  7022  4489  7837  3199  6084  4420
  5732  1782  2349  5437  8572  2574  3780  5199  3604  5688  3954  6459
  3561  6072] [] 1716431627.0122861862
[-1 -1 -1  1  1  1  1  1  1  1  1  1 -1  1  1  1 -1  1  1  1  1  1  1  1
 -1 -1  1  1  1  1] [ 3 10 11 18 19 20 21 26 27 28 29 34 35 36 41 42 43 44 45 46 50 51 52 53
 54 55 57 59 60 61] [14328 14043  9003  4788  3577 10103 10756  3493  6916  4010  6835  3048
  6248  4273  4828  1722 14189  2330  4807  7836  2480  3615  4917  3218
  5761 14250  3683  5640  3522  6070] [] 1716431627.0552945137
[ 1  1 -1  1  1  1  1  1  1  1  1  1 -1  1 -1  1  1  1  1  1  1  1  1  1
  1  1  1  1  1  1  1] [ 3 10 11 18 19 20 21 26 27 28 29 34 35 36 37 41 42 43 44 45 46 50 51 52
 53 54 55 57 59 60 61] [ 6002 12107  9076  4052  3510  9758 10489  3375  6888  3707  5496  2921
  6336  4159 16342  4321  1697 12011  2276  4670  7579  2456  3458  4311
  3157  5627 13475  3502  5406  3418  6067] [] 1716431627.0983433723
[ 1  1  1  1  1  1 -1  1  1  1  1  1  1  1  1  1  1  1  1  1  1  1  1 -1
  1 -1  1  1  1  1 -1] [ 3 10 11 18 19 20 21 26 27 28 29 34 35 36 37 41 42 43 44 45 46 50 51 52
 53 54 55 57 59 60 61] [ 5731 10672  8933  3958  3394  7835 10768  3311  6827  3504  5394  2850
  6248  4055 12736  3794  1595 11781  2239  4617  7434  2355  3324  4397
  2971  5639  8885  3303  4959  3366  6075] [] 1716431627.1417245865
[ 1  1  1  1  1  1  1  1  1  1  1  1  1  1  1  1  1  1  1  1  1  1  1  1
  1 -1  1  1  1  1  1] [ 3 10 11 18 19 20 21 26 27 28 29 34 35 36 37 41 42 43 44 45 46 50 51 52
 53 54 55 57 59 60 61] [ 4455  9394  8798  3591  3256  7596 10454  3107  6827  3130  5329  2582
  5850  3758 12021  3699  1569 11649  2217  4444  6927  2274  3262  4386
  2894  5778  7454  3151  4550  3301  6015] [] 1716431627.1850938797
[ 1  1  1  1  1  1 -1  1  1  1  1  1  1  1 -1  1  1  1  1  1  1  1  1  1
  1  1  1  1  1  1 -1] [ 3 10 11 18 19 20 21 26 27 28 29 34 35 36 37 41 42 43 44 45 46 50 51 52
 53 54 55 57 59 60 61] [ 4326  8942  8190  3511  3214  6581 10486  2923  6533  3062  5247  2512
  5620  3740 12322  3560  1535 11564  2192  4081  6808  2211  3126  3918
  2848  5682  7087  2889  4269  3146  6079] [] 1716431627.2282664776
[ 1 -1  1  1  1  1  1  1  1  1 -1  1  1  1  1  1 -1  1  1  1  1  1 -1  1
  1  1  1  1  1  1  1] [ 3 10 11 18 19 20 21 26 27 28 29 34 35 36 37 41 42 43 44 45 46 50 51 52
 53 54 55 57 59 60 61] [ 4326  9118  6841  3328  3182  6417 10463  2859  6051  2955  5268  2467
  5118  3623 10978  3512  1540 11489  2152  4075  6783  2153  3130  3826
  2830  5620  6826  2887  4169  3092  6076] [] 1716431627.2713055611
[ 1  1  1  1  1  1  1  1 -1  1  1  1  1  1  1 -1  1 -1  1 -1 -1 -1  1  1
  1  1 -1  1  1  1  1] [ 3 10 11 18 19 20 21 26 27 28 29 34 35 36 37 41 42 43 44 45 46 50 51 52
 53 54 55 57 59 60 61] [ 4282  9029  6693  3269  3134  6379 10424  2821  6135  2936  5056  2422
  4999  3565 10388  3548  1520 11506  2122  4082  6794  2167  3129  3762
  2826  5569  6839  2846  4054  3087  6007] [] 1716431627.3143298626
[ 1  1 -1  1  1  1  1  1  1 -1  1  1 -1  1 -1  1  1  1  1 -1  1  1  1  1
  1  1  1  1  1  1 -1] [ 3 10 11 18 19 20 21 26 27 28 29 34 35 36 37 41 42 43 44 45 46 50 51 52
 53 54 55 57 59 60 61] [ 4243  8808  6705  3173  3134  6301 10372  2799  6079  2942  4914  2412
  5012  3551 10529  3478  1512 11453  2122  4089  6789  2114  3100  3647
  2820  5494  6776  2838  3999  3028  6042] [] 1716431627.3573088646
[-1  1  1  1  1  1 -1 -1 -1  1  1  1  1  1  1  1  1  1  1 -1 -1 -1 -1 -1
  1  1 -1 -1 -1 -1  1] [ 3 10 11 18 19 20 21 26 27 28 29 34 35 36 37 41 42 43 44 45 46 50 51 52
 53 54 55 57 59 60 61] [ 4322  8710  6652  3137  3128  6098 10403  2805  6080  2897  4904  2394
  4997  3534 10368  3469  1508 11448  2120  4310  6810  2152  3121  3687
  2804  5427  8569  2849  4160  3050  5998] [] 1716431627.4001901150
[ 1 -1 -1 -1 -1 -1  1 -1 -1 -1 -1 -1 -1 -1  1 -1 -1 -1 -1 -1  1 -1 -1 -1
 -1 -1 -1 -1 -1 -1  1] [ 3 10 11 18 19 20 21 26 27 28 29 34 35 36 37 41 42 43 44 45 46 50 51 52
 53 54 55 57 59 60 61] [ 4242  8875  8058  3421  3153  6311 10366  2807  6104  2956  5227  2443
  5039  3626 10341  3514  1539 11720  2224  4401  6762  2229  3168  3702
  2872  5473 11716  3117  4599  3094  5990] [] 1716431627.4432756901
[-1  1 -1 -1 -1 -1  1 -1  1 -1 -1 -1 -1 -1  1 -1 -1 -1 -1 -1  1 -1 -1 -1
 -1  1 -1 -1 -1 -1] [ 3 10 11 18 19 20 21 26 27 28 29 34 35 36 37 41 42 43 44 45 46 50 51 52
 53 54 57 59 60 61] [ 4374  8842  8165  3494  3229  6458 10246  2911  6072  2996  5288  2479
  5065  3711 10305  3882  1602 11721  2260  4474  6661  2287  3224  3741
  2934  5465  3333  5133  3152  5993] [] 1716431627.4863312244
[-1 -1 -1 -1 -1 -1 -1 -1  1 -1 -1 -1 -1 -1 -1 -1 -1 -1 -1 -1 -1 -1 -1 -1
 -1 -1 -1 -1 -1  1] [ 3 10 11 18 19 20 21 26 27 28 29 34 35 36 37 41 42 43 44 45 46 50 51 52
 53 54 57 59 60 61] [ 5417  8849  8190  3694  3264  7210 10313  3087  6053  3121  5334  2640
  5630  3883 11184  4126  1623 11856  2288  4527  6797  2349  3365  3803
  3319  5843  3475  5450  3226  5941] [] 1716431627.5291974545
[-1 -1 -1 -1 -1 -1  1 -1 -1 -1 -1 -1 -1 -1 -1 -1 -1 -1 -1 -1 -1 -1 -1 -1
 -1 -1 -1 -1 -1 -1] [ 3 10 11 18 19 20 21 26 27 28 29 34 35 36 37 41 42 43 44 45 46 50 51 52
 53 54 57 59 60 61] [ 7889  9760  8308  4225  3316  7554 10276  3178  6120  3280  5445  2745
  5722  4042 12418  4618  1704 11934  2290  4736  7196  2382  3480  3987
  3482  5961  3787  6157  3320  5943] [] 1716431627.5721957684
[-1 -1  1 -1 -1 -1 -1 -1 -1 -1 -1 -1  1 -1 -1 -1  1 -1 -1 -1 -1 -1 -1 -1
  1 -1 -1 -1 -1] [ 3 10 11 18 19 20 21 26 27 28 29 34 35 36 37 41 42 44 45 46 50 51 52 53
 54 57 59 60 61] [14388 11093  8296  4381  3389  9034 10578  3267  6488  3497  6524  2837
  5669  4148 12799  5112  1698  2303  5354 10738  2521  3569  4068  3662
  5796  3933  7528  3437  5966] [] 1716431627.6152915955
[-1 -1 -1 -1 -1  1 -1 -1 -1 -1 -1  1 -1 -1 -1 -1 -1 -1 -1 -1 -1 -1 -1 -1
 -1 -1] [10 11 18 19 20 21 26 27 28 29 34 35 36 41 42 44 45 50 51 52 53 54 57 59
 60 61] [13055  8802  4891  3430  9381 10563  3286  6723  3685  7469  2928  5655
  4233  5666  1799  2411  5428  2660  4120  4091  3813  5840  4207  9592
  3486  6075] [] 1716431627.6582779884
[ 1 -1 -1 -1 -1 -1 -1 -1 -1 -1  1 -1 -1 -1 -1 -1 -1 -1 -1 -1 -1 -1 -1  1] [11 18 19 20 21 26 27 28 29 34 35 36 41 42 44 45 50 51 52 53 54 57 60 61] [ 8786  5161  3466 11534 10660  3455  6782  4317  7495  3122  5655  4399
  6953  1845  2571  5523  2805  5158  4178  4058  8615  5150  3618  6037] [] 1716431627.7012391090
[-1 -1 -1 -1 -1 -1 -1 -1 -1 -1 -1 -1 -1 -1 -1 -1 -1 -1  1 -1 -1 -1 -1] [11 18 19 20 26 27 28 29 34 35 36 41 42 44 45 50 51 52 53 54 57 60 61] [ 9061  7110  3645 11645  3727  6871  5443  7835  3495  6042  4542  7325
  1941  2653  5544  2926  5165  4266  4013 11452  6719  3694  6043] [] 1716431627.7441232204
[-1 -1 -1 -1 -1 -1 -1 -1 -1 -1 -1 -1 -1 -1 -1 -1 -1 -1 -1 -1 -1 -1 -1] [11 18 19 20 26 27 28 29 34 35 36 41 42 44 45 50 51 52 53 54 57 60 61] [ 9179  7322  3796 11767  3987  6967  6286  8037  3596  6084  4746  7330
  1983  2895  5599  3093  5457  4517  4151 12090  8894  4139  6109] [] 1716431627.7872676849
[-1 -1 -1 -1 -1 -1 -1 -1 -1  1 -1 -1 -1 -1 -1 -1 -1 -1 -1 -1 -1] [11 18 19 20 26 27 28 29 34 35 36 41 42 44 45 50 51 52 53 60 61] [ 9485  8266  3983 12146  4377  7006  7597 10563  3682  6057  5021 11621
  2060  3115  5813  3483  5912  4878  4487  4496  6292] [] 1716431627.8302717209
[-1 -1 -1 -1 -1 -1 -1 -1 -1 -1  1 -1 -1 -1 -1 -1 -1 -1 -1 -1] [18 19 20 26 27 28 29 34 35 36 41 42 44 45 50 51 52 53 60 61] [10472  4061 13247  5254  7148 11015 10662  3867  6100  6214 11522  2168
  3285  6019  3838  6543  5325  4678  4906  6511] [] 1716431627.8732678890
[-1 -1 -1 -1 -1  1 -1 -1 -1 -1  1 -1 -1 -1 -1 -1 -1 -1 -1 -1] [18 19 20 26 27 28 29 34 35 36 41 42 44 45 50 51 52 53 60 61] [10668  4323 14466  6235  7215 10623 11523  3974  6264  7579 11457  2258
  3367  6987  4060  7742  6659  5273  5595  6752] [] 1716431627.9162497520
[-1 -1 -1 -1  1 -1 -1 -1  1 -1 -1 -1 -1 -1 -1 -1 -1 -1] [18 19 26 27 28 34 35 36 41 42 44 45 50 51 52 53 60 61] [10938  4438  7890  7313 10529  4056  6811  7777 11399  2414  3726  7428
  4415  7804  7891  5606  7898  7017] [] 1716431627.9593164921
[-1 -1 -1 -1 -1 -1 -1 -1 -1 -1 -1 -1 -1 -1 -1 -1 -1] [18 19 26 27 28 34 35 36 41 42 44 45 50 51 52 53 61] [11330  4955  8238  7565 10595  4290  7004  9593 11511  2692  3870  7815
  5853  7937  9626  6529  7352] [] 1716431628.0022695065
[-1 -1 -1 -1 -1 -1 -1 -1 -1 -1 -1 -1 -1 -1 -1] [19 26 27 28 34 35 36 41 42 44 45 50 51 52 53] [ 6586  8414  7829 11095  4870  7189 15349 11845  2801  3976 10704  6710
  8053 12853  7743] [] 1716431628.0451490879
[-1 -1 -1  1 -1 -1 -1 -1 -1 -1 -1  1] [19 26 27 28 34 35 41 42 44 45 50 51] [ 7634  8717  7932 11056  5332  7692 12061  3008  4103 10754  7614  8010] [] 1716431628.0880677700
[-1 -1 -1  1 -1 -1 -1 -1 -1 -1 -1 -1] [19 26 27 28 34 35 41 42 44 45 50 51] [10069 10672  9316 11041  5447  8822 12621  3677  4918 13110  9225  8239] [] 1716431628.1310546398
[-1 -1 -1 -1 -1 -1 -1 -1  1  1] [19 26 27 28 34 35 42 44 50 51] [10605 11350 12980 12328  6263 11983  3994  6261  9155  8181] [] 1716431628.1740655899
[-1 -1 -1 -1 -1 -1 -1 -1] [26 27 34 35 42 44 50 51] [11406 13113  7906 13632  4744  7687  9258  8292] [] 1716431628.2170596123
[ 1 -1 -1 -1 -1 -1  1] [27 34 35 42 44 50 51] [13054  8479 14414  4972  8089  9325  8262] [] 1716431628.2600324154
[-1 -1 -1 -1 -1] [34 42 44 50 51] [ 9796  6501  9604  9510 11855] [] 1716431628.3029813766
[-1 -1 -1  1] [34 42 44 50] [12189  7363 11995  9427] [] 1716431628.3460288048
[-1 -1 -1 -1] [34 42 44 50] [15730  7755 13357  9513] [] 1716431628.3890428543
[-1 -1] [42 50] [9853 9776] [] 1716431628.4319620132
[-1] [42] [10326] [] 1716431628.4750490189
[1] [42] [10122] [] 1716431628.5180006027
[-1] [42] [10502] [] 1716431628.5609953403
[-1] [42] [11267] [] 1716431628.6040244102
[-1] [42] [13709] [] 1716431628.6469440460
2 2 2 1716431628.9072086811
