FA TAX ADC PRES TS
[-1] [42] [12210] [] 1716432088.1539773941
[1] [42] [10537] [] 1716432088.1970021725
[1] [42] [10414] [] 1716432088.2398223877
[1] [42] [10089] [] 1716432088.2829089165
[ 1 -1 -1] [42 44 50] [ 9770 13047  9997] [] 1716432088.3259265423
[1 1 1] [42 44 50] [ 9620 12839  9773] [] 1716432088.3689856529
[1 1 1] [42 44 50] [ 9462 12437  9680] [] 1716432088.4119052887
[1 1 1] [42 44 50] [ 9020 12122  8800] [] 1716432088.4549860954
[1 1 1] [42 44 50] [ 9010 10019  8565] [] 1716432088.4979510307
[1 1 1] [42 44 50] [7975 9691 8327] [] 1716432088.5409984589
[ 1 -1 -1] [42 44 50] [6129 9729 8537] [] 1716432088.5839931965
[-1  1 -1 -1 -1] [19 42 44 45 50] [10138  6103  9802 12079  8540] [] 1716432088.6269207001
[ 1  1  1  1  1 -1] [19 42 44 45 50 51] [10085  5910  8874 12030  6887 13104] [] 1716432088.6699764729
[-1 -1 -1 -1  1  1  1  1  1] [19 27 28 34 42 44 45 50 51] [10704 13616 13090 13235  4943  8129 11965  6443 11391] [] 1716432088.7128760815
[-1  1  1  1 -1  1  1  1 -1  1 -1] [19 27 28 34 41 42 44 45 50 51 53] [10766 13340 12343 13067 12455  4618  7053 11706  6466  8036 12553] [] 1716432088.7559614182
[1 1 1 1 1 1 1 1 1 1 1] [19 27 28 34 41 42 44 45 50 51 53] [10452 13136 11967 12759 12373  4322  6230 11699  6426  7659  9824] [] 1716432088.7989840508
[ 1  1  1  1 -1  1  1  1  1  1  1 -1  1] [19 27 28 34 35 41 42 44 45 50 51 52 53] [10169 12867 11938 10564 13419 12214  4075  5555  9910  6350  7383 13537
  7555] [] 1716432088.8420820236
[-1 -1 -1  1  1  1  1  1  1 -1  1  1  1  1 -1] [19 26 27 28 34 35 41 42 44 45 50 51 52 53 61] [10215 12375 13353 11843  9183 12441 12151  3693  5222 11551  6110  7327
 11802  7296  8699] [] 1716432088.8850486279
[ 1  1 -1  1  1  1  1  1  1  1  1  1  1  1  1] [19 26 27 28 34 35 41 42 44 45 50 51 52 53 61] [ 8353 12057 13457 11695  8163 12243 12037  3503  5062 10003  6023  7125
 11069  7162  7983] [] 1716432088.9279589653
[-1  1  1 -1  1  1  1  1  1  1  1  1  1  1  1  1] [18 19 26 27 28 34 35 41 42 44 45 50 51 52 53 61] [11868  7057 11460 13549 11634  7919 11745 11952  3253  4711  9213  5521
  6990 10279  6408  7509] [] 1716432088.9710738659
[1 1 1 1 1 1 1 1 1 1 1 1 1 1 1 1] [18 19 26 27 28 34 35 41 42 44 45 50 51 52 53 61] [11297  5911 11066 10790 11503  6407  9457 11707  2996  4224  7182  4797
  6797  9803  5485  6950] [] 1716432089.0140399933
[1 1 1 1 1 1 1 1 1 1 1 1 1 1 1 1] [18 19 26 27 28 34 35 41 42 44 45 50 51 52 53 61] [10941  5251  9071 10398 11371  6103  7559 11678  2911  4167  7135  4647
  6785  9652  5116  6829] [] 1716432089.0569977760
[-1  1 -1  1  1  1  1  1 -1  1  1  1 -1  1  1  1  1  1] [11 18 19 26 27 28 34 35 36 41 42 44 45 50 51 52 53 61] [10676  9540  5337  9065 10359 11329  6041  7491 15708 11606  2680  4143
  7342  4479  5860  9273  4854  6694] [] 1716432089.1000347137
[ 1  1  1 -1  1  1  1  1  1  1  1  1  1 -1  1  1  1  1 -1 -1  1] [11 18 19 21 26 27 28 34 35 36 41 42 44 45 50 51 52 53 54 60 61] [10310  8741  5191 12696  8877 10317 11285  5879  7284  9100 11565  2477
  3673  7345  4042  5096  9063  4637 12595 14576  6619] [] 1716432089.1430351734
[ 1  1  1  1  1  1  1  1  1  1  1  1  1 -1  1  1  1  1  1  1  1] [11 18 19 21 26 27 28 34 35 36 41 42 44 45 50 51 52 53 54 60 61] [ 9751  7697  4746 11328  8499  9889 11061  5562  7063  8292 11385  2327
  3562  7877  3808  5010  8846  4485 12344  9160  6619] [] 1716432089.1860349178
[ 1  1  1  1  1  1  1 -1  1 -1  1 -1  1  1  1 -1  1  1  1  1  1  1  1] [11 18 19 21 26 27 28 29 34 35 36 41 42 44 45 46 50 51 52 53 54 60 61] [ 9599  7674  4597 11295  8400  8461 11053 12201  5343  7251  7371 11471
  2229  3158  7118 12154  3471  4706  7746  4290 11925  7296  6477] [] 1716432089.2290384769
[ 1  1  1  1  1  1  1  1  1  1 -1 -1  1  1  1  1  1  1  1  1  1  1  1] [11 18 19 21 26 27 28 29 34 35 36 41 42 44 45 46 50 51 52 53 54 60 61] [ 9530  6481  4371 11208  8325  7487 11015 11511  5230  7162  7610 11493
  2114  2928  6293 11340  3325  4537  7055  4084 11654  6214  6384] [] 1716432089.2721257210
[ 1  1  1 -1  1  1 -1 -1  1  1 -1  1  1  1  1  1  1  1  1  1  1  1  1  1] [11 18 19 20 21 26 27 28 29 34 35 36 41 42 44 45 46 50 51 52 53 54 60 61] [ 9393  5184  4200 16144 10932  8285  7507 11027 11085  5108  7463  6787
  9215  2016  2795  6086  8433  2977  4448  6878  3830  9270  5628  6221] [] 1716432089.3151051998
[ 1  1  1  1 -1  1  1  1  1  1  1  1  1  1  1  1  1  1  1  1  1 -1  1  1] [11 18 19 20 21 26 27 28 29 34 35 36 41 42 44 45 46 50 51 52 53 54 60 61] [ 9164  4887  3977 15843 11008  7225  6947 10895  9072  4873  7222  6002
  7976  1934  2694  5973  8211  2827  4417  6786  3632  9328  5502  6142] [] 1716432089.3580534458
[ 1  1  1  1  1  1  1  1  1  1  1  1  1  1 -1  1  1  1  1  1  1  1  1  1] [11 18 19 20 21 26 27 28 29 34 35 36 41 42 44 45 46 50 51 52 53 54 60 61] [ 9102  4760  3821 14728 10886  6481  6881 10682  7134  4858  6467  5095
  7165  1871  2719  5901  8120  2696  4238  6736  3591  9038  5277  6131] [] 1716432089.4011120796
[-1  1  1  1  1  1  1  1  1 -1  1 -1  1  1  1 -1  1  1  1  1  1  1  1 -1
 -1  1  1] [10 11 18 19 20 21 26 27 28 29 34 35 36 41 42 43 44 45 46 50 51 52 53 54
 57 60 61] [13958  9097  4728  3742 14082 10749  5999  6847  9490  7140  4670  6606
  4982  6381  1816 15035  2615  5719  7118  2543  4187  5916  3477  9269
 12100  4986  6095] [] 1716432089.4441123009
[ 1  1  1  1 -1  1  1  1  1  1  1  1  1 -1  1  1 -1  1  1  1  1  1  1  1
  1  1 -1  1 -1] [10 11 18 19 20 21 26 27 28 29 34 35 36 37 41 42 43 44 45 46 50 51 52 53
 54 57 59 60 61] [13575  9014  4234  3590 14738 10643  5347  6815  7049  6833  4185  6572
  4836 16349  5356  1756 15919  2579  5665  7095  2455  4004  5562  3331
  6205 10871 11808  4775  6111] [] 1716432089.4871075153
[1 1 1 1 1 1 1 1 1 1 1 1 1 1 1 1 1 1 1 1 1 1 1 1 1 1 1 1 1] [10 11 18 19 20 21 26 27 28 29 34 35 36 37 41 42 43 44 45 46 50 51 52 53
 54 57 59 60 61] [12974  8981  3686  3476 13776 10504  4586  6436  6383  6362  3564  6259
  4742 14864  5118  1751 15661  2449  5470  6965  2453  3977  5439  3320
  6090  9518 11612  4360  6087] [] 1716432089.5299448967
[-1  1  1  1  1  1 -1  1  1  1  1  1  1  1 -1  1  1  1  1  1  1  1  1  1
  1 -1 -1  1  1 -1 -1] [ 3 10 11 18 19 20 21 26 27 28 29 34 35 36 37 41 42 43 44 45 46 50 51 52
 53 54 55 57 59 60 61] [13179 10793  8974  3523  3464 13339 10525  4111  6399  5232  5256  3484
  6097  4603 14895  4722  1702 15036  2369  5467  6728  2336  3739  5109
  3155  6125 13113  6630 11353  4584  6145] [] 1716432089.5730605125
[ 1  1 -1  1  1  1  1  1  1  1  1 -1  1  1  1  1  1  1  1  1  1  1  1  1
  1  1  1  1  1  1  1  1] [ 3 10 11 18 19 20 21 26 27 28 29 33 34 35 36 37 41 42 43 44 45 46 50 51
 52 53 54 55 57 59 60 61] [ 6216 10408  8978  3273  3383 10632 10472  3811  6024  4319  5061 12669
  3234  6068  4367 10883  4208  1661 12126  2249  4781  6158  2195  3624
  4977  3005  5819  8991  5129 10927  4136  6122] [] 1716432089.6161279678
[ 1  1 -1  1  1  1  1  1  1  1  1  1  1  1  1  1  1  1  1  1  1  1  1  1
  1  1  1  1  1  1  1  1] [ 3 10 11 18 19 20 21 26 27 28 29 33 34 35 36 37 41 42 43 44 45 46 50 51
 52 53 54 55 57 59 60 61] [ 5929  9857  8998  3235  3348  9560 10437  3711  5752  4009  4571 12584
  3018  5979  4243 10589  4038  1597 11172  2154  4410  6027  2106  3371
  4902  2882  5408  6695  4329  8522  3842  6046] [] 1716432089.6590840816
[ 1  1  1  1  1  1  1  1  1  1  1 -1  1 -1  1  1  1  1  1  1  1  1  1  1
  1  1  1  1  1  1  1  1] [ 3 10 11 18 19 20 21 26 27 28 29 33 34 35 36 37 41 42 43 44 45 46 50 51
 52 53 54 55 57 59 60 61] [ 5635  8864  8875  3035  3260  8485 10374  3458  5558  3488  4365 12651
  2834  6032  4044 10478  3890  1556 11167  2102  4331  5912  2031  3115
  4835  2852  5131  5978  3882  8132  3723  6014] [] 1716432089.7022018433
[ 1  1  1  1  1  1  1  1  1  1  1 -1  1  1  1 -1  1  1 -1  1  1  1  1  1
 -1  1  1  1  1  1  1  1] [ 3 10 11 18 19 20 21 26 27 28 29 33 34 35 36 37 41 42 43 44 45 46 50 51
 52 53 54 55 57 59 60 61] [ 4415  8448  8831  2858  3187  8348 10312  3383  5494  3248  4287 12672
  2613  5817  4021 10490  3808  1535 11483  2088  3992  5892  1990  2978
  4909  2846  4976  5851  3755  7785  3644  6006] [] 1716432089.7451772690
[ 1  1  1  1 -1  1  1  1  1  1  1  1  1  1  1  1 -1  1  1 -1  1  1  1 -1
  1 -1  1 -1  1  1  1  1] [ 3 10 11 18 19 20 21 26 27 28 29 33 34 35 36 37 41 42 43 44 45 46 50 51
 52 53 54 55 57 59 60 61] [ 4330  8327  8805  2797  3227  8299 10221  3263  5380  3186  4184 12484
  2564  5656  3974 10414  3812  1534 10502  2111  3967  5773  1942  2988
  4812  2882  4937  5913  3565  7460  3562  5958] [] 1716432089.7880811691
[ 1  1 -1 -1  1  1  1  1  1  1  1 -1  1 -1  1  1  1  1 -1  1 -1  1  1  1
  1  1 -1  1 -1 -1  1  1] [ 3 10 11 18 19 20 21 26 27 28 29 33 34 35 36 37 41 42 43 44 45 46 50 51
 52 53 54 55 57 59 60 61] [ 4283  8308  8888  2815  3187  8214 10192  3228  5344  3135  4168 12485
  2539  5699  3883 10409  3796  1528 10575  2079  3985  5434  1931  2952
  4807  2880  4938  5849  3583  7506  3546  5944] [] 1716432089.8310892582
[ 1  1  1  1  1  1  1  1 -1  1 -1 -1  1  1  1 -1 -1 -1  1 -1 -1 -1 -1 -1
  1 -1 -1 -1 -1 -1 -1  1] [ 3 10 11 18 19 20 21 26 27 28 29 33 34 35 36 37 41 42 43 44 45 46 50 51
 52 53 54 55 57 59 60 61] [ 4266  8287  8787  2779  3153  8173 10167  3199  5366  3118  4215 12528
  2517  5636  3876 10464  3843  1530 10270  2084  4043  5438  1988  2991
  4778  2892  4977  6657  3822  7848  3587  5935] [] 1716432089.8741202354
[-1 -1 -1 -1  1  1  1 -1  1 -1  1  1 -1  1  1 -1 -1 -1 -1 -1 -1 -1 -1 -1
 -1 -1 -1 -1 -1 -1 -1 -1] [ 3 10 11 18 19 20 21 26 27 28 29 33 34 35 36 37 41 42 43 44 45 46 50 51
 52 53 54 55 57 59 60 61] [ 4349  8334  8796  2807  3138  8117 10133  3223  5353  3231  4157 12365
  2549  5574  3846 10484  3860  1538 10438  2103  4224  5912  1995  3090
  4796  2916  5083  9068  3964  7963  3667  5948] [] 1716432089.9171247482
[-1 -1 -1 -1 -1 -1 -1 -1 -1 -1  1  1 -1  1  1 -1 -1 -1 -1 -1 -1 -1 -1 -1
  1  1 -1 -1 -1 -1  1] [ 3 10 11 18 19 20 21 26 27 28 29 33 34 35 36 37 41 42 43 44 45 46 50 51
 52 53 54 57 59 60 61] [ 5314  8500  8837  2832  3148  8261 10177  3279  5370  3289  4150 12331
  2570  5535  3839 10513  4086  1572 10612  2144  5098  6007  2052  3487
  4776  2910  5357  4543  9445  3798  5894] [] 1716432089.9600443840
[-1 -1 -1 -1 -1 -1  1 -1 -1 -1 -1 -1 -1 -1 -1  1 -1 -1 -1 -1 -1 -1 -1 -1
 -1 -1 -1 -1 -1 -1 -1] [ 3 10 11 18 19 20 21 26 27 28 29 33 34 35 36 37 41 42 43 44 45 46 50 51
 52 53 54 57 59 60 61] [ 5503  8697  8871  2941  3215  9224 10161  3437  5535  3557  4297 12451
  2759  5740  4003 10434  4224  1586 11541  2204  5117  6899  2135  3541
  4828  2930  5490  5055  9821  3951  5895] [] 1716432090.0031137466
[-1 -1  1 -1 -1 -1 -1 -1 -1 -1 -1  1 -1 -1 -1 -1 -1 -1 -1 -1 -1 -1 -1 -1
 -1 -1 -1 -1 -1 -1 -1] [ 3 10 11 18 19 20 21 26 27 28 29 33 34 35 36 37 41 42 43 44 45 46 50 51
 52 53 54 57 59 60 61] [12584  9289  8824  3100  3305  9310 10221  3567  5881  3930  4517 12293
  2932  5890  4194 10554  4352  1620 14807  2260  5137  6954  2186  3636
  4874  2965  5774  7851 11632  4139  5933] [] 1716432090.0459764004
[-1 -1 -1 -1 -1 -1 -1 -1 -1 -1 -1 -1  1 -1  1 -1 -1  1 -1 -1 -1 -1 -1 -1
 -1 -1 -1 -1 -1  1] [10 11 18 19 20 21 26 27 28 29 33 34 35 36 37 41 42 43 44 45 46 50 51 52
 53 54 57 59 60 61] [10173  8865  3203  3333 12096 10285  3765  6213  4387  4994 12329  3111
  5866  4282 10518  4576  1701 14625  2304  5178  7103  2244  3754  5026
  3315  8750 10163 12054  4384  5912] [] 1716432090.0890674591
[-1 -1 -1 -1 -1  1 -1 -1 -1 -1 -1 -1 -1 -1 -1 -1 -1  1 -1 -1 -1 -1 -1 -1
 -1 -1 -1  1  1] [10 11 18 19 20 21 26 27 28 29 33 34 35 36 37 41 42 43 44 45 46 50 51 52
 53 54 57 60 61] [11058  8906  3632  3410 12254 10180  4194  6224  5815  6378 12552  3388
  5897  4367 14836  4930  1733 14362  2347  5203  7466  2363  3809  5037
  3443  8962 11920  4369  5907] [] 1716432090.1318669319
[-1  1 -1 -1 -1 -1 -1 -1 -1 -1 -1 -1 -1 -1 -1 -1 -1 -1 -1 -1 -1 -1 -1 -1
 -1 -1 -1 -1] [10 11 18 19 20 21 26 27 28 29 33 34 35 36 37 41 42 43 44 45 46 50 51 52
 53 54 60 61] [12928  8906  3787  3449 12395 10320  4847  6324  6090  6510 12729  3600
  5914  4372 14975  6191  1778 14460  2501  5574  8254  2471  4093  5972
  3448 11851  5061  5955] [] 1716432090.1750614643
[-1 -1 -1 -1 -1 -1 -1 -1 -1 -1 -1 -1 -1 -1 -1  1 -1  1 -1 -1 -1 -1 -1 -1
 -1 -1] [10 11 18 19 20 21 26 27 28 29 34 35 36 41 42 43 44 45 46 50 51 52 53 54
 60 61] [13694  9141  4397  3610 13013 10391  6895  6580  9778  6883  4000  5994
  4570  6847  1834 14283  2524  5533 11114  2512  4241  6398  3603 11893
  5191  6042] [] 1716432090.2180933952
[-1 -1 -1 -1 -1 -1 -1 -1 -1 -1 -1 -1 -1 -1 -1 -1 -1 -1 -1 -1 -1 -1 -1 -1] [10 11 18 19 20 21 26 27 28 29 34 35 36 41 42 43 44 45 50 51 52 53 60 61] [13742  9143  4690  3763 13594 10475  6975  6782 10649  9098  4057  6106
  4752 10083  1972 14314  2616  5609  2742  4365  6820  3946  5918  6057] [] 1716432090.2610356808
[-1 -1 -1 -1 -1 -1 -1  1 -1 -1 -1 -1 -1 -1 -1 -1 -1 -1 -1 -1 -1 -1 -1] [11 18 19 20 21 26 27 28 29 34 35 36 41 42 43 44 45 50 51 52 53 60 61] [ 9245  5762  3844 15480 10813  7743  7063 10567 11132  4237  6110  5873
 11391  2112 14621  2764  5725  2954  4510  7675  4120  7202  6207] [] 1716432090.3040587902
[-1 -1 -1  1 -1 -1 -1 -1 -1 -1 -1 -1 -1 -1 -1 -1 -1 -1 -1 -1 -1 -1] [11 18 19 20 21 26 27 28 34 35 36 41 42 43 44 45 50 51 52 53 60 61] [ 9401  6667  4058 15316 10962  8115  8491 10629  4451  6176  6654 11480
  2215 15855  2979  5885  3219  4567  8954  4451 13362  6418] [] 1716432090.3471176624
[-1 -1 -1 -1 -1 -1 -1 -1 -1 -1  1 -1 -1 -1 -1 -1 -1 -1  1 -1] [11 18 19 21 26 27 28 34 35 36 41 42 43 44 45 50 51 52 53 61] [ 9861  6937  4399 11412  8383  8642 10685  4891  6876  7485 11462  2309
 16322  3496  6137  3511  5098  8965  4433  6505] [] 1716432090.3900389671
[-1 -1 -1 -1 -1 -1 -1 -1 -1 -1 -1 -1 -1 -1  1 -1 -1] [18 19 26 27 28 34 35 36 41 42 44 45 50 51 52 53 61] [ 7209  4417  8422  8774 10735  5563  7064  7743 11587  2435  3729  7789
  3903  5571  8932  5170  6896] [] 1716432090.4329228401
[-1 -1 -1 -1 -1 -1 -1 -1 -1 -1 -1 -1 -1 -1  1 -1 -1] [18 19 26 27 28 34 35 36 41 42 44 45 50 51 52 53 61] [ 8681  4697  8744  8951 10855  5735  7513  8539 11802  2729  4175  8637
  4135  5869  8877  6002  7568] [] 1716432090.4760248661
[-1 -1 -1 -1 -1 -1 -1 -1  1 -1 -1 -1 -1 -1 -1 -1] [18 19 26 27 28 34 35 36 41 42 44 45 50 51 52 53] [11210  5252 10750  9324 11196  5908  8317 13410 11782  2895  4178 10854
  4586  6722  9346  6431] [] 1716432090.5189654827
[-1 -1 -1 -1  1 -1  1 -1 -1 -1 -1 -1  1 -1 -1] [18 19 26 27 28 34 35 41 42 44 45 50 51 52 53] [11377  5551 10929  9885 11048  7054  8293 11823  3058  4511 11011  5135
  6697 12049  9585] [] 1716432090.5620117188
[-1 -1 -1 -1 -1 -1 -1 -1 -1 -1 -1 -1 -1  1] [18 19 26 27 28 34 35 41 42 44 45 50 51 52] [11993  6633 11456 10235 11194  7196  8802 12023  3359  4881 11248  5941
  6800 11511] [] 1716432090.6049702168
[-1 -1 -1  1 -1 -1 -1 -1 -1 -1 -1 -1] [19 26 27 28 34 35 41 42 44 45 50 51] [ 9891 13006 12619 11159  7365 10445 12297  3840  6692 15651  6543  7311] [] 1716432090.6479690075
[-1 -1 -1 -1 -1 -1 -1 -1 -1 -1] [19 27 28 34 35 41 42 44 50 51] [10470 13614 12540 10189 10963 12404  4223  7167  6547  8654] [] 1716432090.6910226345
[-1  1 -1 -1 -1 -1  1] [19 27 34 35 42 44 50] [10491 13445 12735 15305  4351  8208  6467] [] 1716432090.7340188026
[-1 -1 -1 -1  1] [19 34 42 44 50] [15224 15256  4588  9091  6417] [] 1716432090.7767767906
[-1 -1 -1] [42 44 50] [5071 9365 6762] [] 1716432090.8199262619
[-1 -1 -1] [42 44 50] [ 5351 12169  8591] [] 1716432090.8629505634
[-1 -1 -1] [42 44 50] [ 6235 13155  9299] [] 1716432090.9059824944
[-1 -1] [42 50] [ 6798 10159] [] 1716432090.9489715099
[-1 -1] [42 50] [ 8534 10722] [] 1716432090.9919235706
[-1] [42] [10322] [] 1716432091.0349519253
[-1] [42] [12038] [] 1716432091.0780258179
2 2 2 1716432091.2931125164
