FA TAX ADC PRES TS
[-1] [42] [13013] [] 1716431981.9003870487
[1] [42] [12835] [] 1716431981.9435901642
[1] [42] [11780] [] 1716431981.9866309166
[1] [42] [11391] [] 1716431982.0296182632
[1] [42] [11189] [] 1716431982.0725896358
[-1 -1] [42 50] [11323 11675] [] 1716431982.1155304909
[-1 -1  1] [42 44 50] [11386 14967 10171] [] 1716431982.1585915089
[1 1 1] [42 44 50] [11201 13834  9863] [] 1716431982.2017002106
[ 1 -1  1] [42 44 50] [10939 13861  9771] [] 1716431982.2443528175
[1 1 1] [42 44 50] [10233 13514  9771] [] 1716431982.2875680923
[-1 -1  1  1] [34 42 44 50] [12080 10314 10565  9714] [] 1716431982.3305838108
[ 1 -1  1  1  1] [34 35 42 44 50] [ 9919 15891 10097 10212  9597] [] 1716431982.3736500740
[-1  1  1  1  1 -1] [34 35 42 44 50 51] [10062 15472  8910  9963  7933 12115] [] 1716431982.4166564941
[ 1  1  1 -1 -1  1  1] [34 35 42 44 45 50 51] [10043 14788  8407 10036 12299  7547 12015] [] 1716431982.4596791267
[ 1  1  1  1  1  1  1 -1] [34 35 42 44 45 50 51 53] [ 9108 10514  7382  9278 12178  7453 11777 10950] [] 1716431982.5026681423
[-1  1  1  1  1  1  1  1  1] [28 34 35 42 44 45 50 51 53] [12973  8266 10288  6488  9271 11987  7100 11407  9546] [] 1716431982.5456662178
[1 1 1 1 1 1 1 1 1] [28 34 35 42 44 45 50 51 53] [12262  8095  9890  6223  9206 11966  6671 11295  9458] [] 1716431982.5882887840
[-1  1  1  1  1  1 -1  1  1 -1 -1 -1] [27 28 34 35 42 44 45 50 51 52 53 61] [13397 12242  7978  9866  5645  7837 12026  6164  8927 15824  9787 10649] [] 1716431982.6316864491
[ 1  1  1  1 -1 -1  1  1  1  1  1  1 -1  1] [27 28 34 35 36 41 42 44 45 50 51 52 53 61] [13211 11838  7765  9471 16075 12330  4890  7015 11785  5997  7489 12858
 11789  8537] [] 1716431982.6747283936
[-1 -1 -1 -1  1  1  1  1  1  1  1  1  1  1  1  1] [19 26 27 28 34 35 36 41 42 44 45 50 51 52 53 61] [10924 11632 13514 11950  6937  9322 14517 12031  4231  5632  7969  5083
  7261 11125 10760  8055] [] 1716431982.7176856995
[1 1 1 1 1 1 1 1 1 1 1 1 1 1 1 1] [19 26 27 28 34 35 36 41 42 44 45 50 51 52 53 61] [10253 11408 11935 11691  6350  8404 14167 12023  4231  5539  7738  5054
  6531 10629 10290  7923] [] 1716431982.7607567310
[-1  1 -1  1  1 -1 -1 -1  1  1  1 -1 -1 -1  1  1] [19 26 27 28 34 35 36 41 42 44 45 50 51 52 53 61] [10423 11307 13360 11529  6275  8762 15225 12037  4131  5275  7551  5144
  6578 11133  8311  7723] [] 1716431982.8036825657
[ 1  1 -1  1  1  1 -1  1  1  1  1  1  1  1  1  1] [19 26 27 28 34 35 36 41 42 44 45 50 51 52 53 61] [10227 11288 13418 11374  6235  8698 15277 11906  3932  4762  7385  5003
  6365 10465  7711  7462] [] 1716431982.8466701508
[1 1 1 1 1 1 1 1 1 1 1 1 1 1 1 1] [19 26 27 28 34 35 36 41 42 44 45 50 51 52 53 61] [10002 11244 11812 11369  6086  8258 15257 10953  3770  4514  7177  4789
  5974 10008  7397  7260] [] 1716431982.8896744251
[1 1 1 1 1 1 1 1 1 1 1 1 1 1 1 1] [19 26 27 28 34 35 36 41 42 44 45 50 51 52 53 61] [ 8015 11226 11381 11311  5979  7727 15082 10449  3447  4260  6858  4410
  5707  9766  6742  6964] [] 1716431982.9326508045
[-1  1  1  1  1 -1 -1  1  1  1  1  1  1  1  1  1 -1  1] [11 19 26 27 28 34 35 36 41 42 44 45 50 51 52 53 54 61] [10250  7758 10434  8588 11273  6211  8069 14895 10138  3133  3972  6719
  3979  5545  9211  6386 12354  6829] [] 1716431982.9756419659
[1 1 1 1 1 1 1 1 1 1 1 1 1 1 1 1 1 1] [11 19 26 27 28 34 35 36 41 42 44 45 50 51 52 53 54 61] [ 9779  6285  9052  7535 10973  4609  8038 14287 10035  2976  3749  6494
  3764  5448  8977  6141  9470  6692] [] 1716431983.0186808109
[ 1  1  1  1  1  1  1  1  1  1  1 -1  1  1  1  1  1 -1  1] [11 19 26 27 28 34 35 36 41 42 44 45 50 51 52 53 54 60 61] [ 9526  5397  8919  7054 10879  4404  7863 11240  9908  2887  3713  6536
  3705  5402  8953  6133  9059 14363  6687] [] 1716431983.0614857674
[-1 -1  1  1 -1 -1 -1  1  1  1 -1  1  1  1  1  1  1  1  1  1  1] [11 18 19 26 27 28 29 34 35 36 41 42 44 45 50 51 52 53 54 60 61] [ 9636 11558  5133  8745  7106 11078 12257  4235  7526  8858  9972  2778
  3486  6401  3583  5252  8843  5935  7673 13179  6549] [] 1716431983.1044530869
[ 1  1  1  1 -1  1  1  1  1  1  1  1  1  1  1  1  1  1  1 -1  1  1] [11 18 19 26 27 28 29 34 35 36 41 42 44 45 50 51 52 53 54 57 60 61] [ 9391 10957  4842  8522  7199  9835 11344  4100  7123  8284  9949  2669
  3290  6178  3430  4610  8490  5789  7231 12270  8284  6438] [] 1716431983.1475465298
[ 1  1  1  1  1  1  1  1  1  1 -1  1  1  1  1  1  1  1  1 -1  1  1] [11 18 19 26 27 28 29 34 35 36 41 42 44 45 50 51 52 53 54 57 60 61] [ 9302  9166  4600  8411  7089  8444 11034  4020  6944  8115  9951  2564
  3252  6061  3390  4511  8418  5592  6522 12596  7779  6435] [] 1716431983.1905882359
[ 1  1  1  1  1  1  1  1  1  1  1  1  1  1  1  1  1  1  1 -1  1  1] [11 18 19 26 27 28 29 34 35 36 41 42 44 45 50 51 52 53 54 57 60 61] [ 9206  7735  4413  8335  6964  7919 10764  3974  6882  7370  9113  2466
  3083  5929  3192  4470  7638  5301  6230 13687  7291  6294] [] 1716431983.2335886955
[-1  1  1  1 -1  1  1  1  1  1 -1  1  1  1  1  1  1 -1  1  1  1  1 -1  1
  1] [10 11 18 19 21 26 27 28 29 34 35 36 41 42 44 45 50 51 52 53 54 57 59 60
 61] [13695  9178  7717  4316 11302  8314  6797  7396  9072  3666  6938  6740
  7369  2281  2942  5746  2959  4512  6816  4739  6100 10201 10230  6742
  6287] [] 1716431983.2765674591
[-1 -1 -1  1  1 -1  1  1 -1  1  1  1  1  1  1  1  1 -1 -1  1 -1 -1  1 -1
  1  1  1  1] [ 3 10 11 18 19 20 21 26 27 28 29 34 35 36 41 42 44 45 46 50 51 52 53 54
 57 59 60 61] [ 8383 13785  9290  5908  4166 16274 11282  8170  7042  5404  7363  3453
  6491  6163  7040  2210  2898  5765 11572  2866  4593  6885  4360  6250
 10179  9634  6314  6272] [] 1716431983.3195405006
[1 1 1 1 1 1 1 1 1 1 1 1 1 1 1 1 1 1 1 1 1 1 1 1 1 1 1 1] [ 3 10 11 18 19 20 21 26 27 28 29 34 35 36 41 42 44 45 46 50 51 52 53 54
 57 59 60 61] [ 8133 13754  9253  5476  4089 14996 11164  8100  6980  4971  7311  3343
  6432  5491  5766  2086  2813  5696 11063  2699  4490  6601  4052  6174
  9209  9288  5863  6149] [] 1716431983.3624620438
[ 1  1 -1  1  1  1 -1  1  1  1  1  1  1  1  1  1  1 -1  1  1  1  1  1  1
  1  1  1  1] [ 3 10 11 18 19 20 21 26 27 28 29 34 35 36 41 42 44 45 46 50 51 52 53 54
 57 59 60 61] [ 8046 13646  9256  4510  3909 14052 11174  7560  6889  4238  6935  3170
  6100  5004  5226  1998  2751  5697  9297  2477  4299  5936  3762  6057
  6321  8325  5204  6063] [] 1716431983.4054763317
[ 1  1  1  1  1  1  1  1  1  1  1  1  1  1  1 -1  1  1  1  1  1  1  1 -1
  1  1  1 -1] [ 3 10 11 18 19 20 21 26 27 28 29 34 35 36 41 42 44 45 46 50 51 52 53 54
 57 59 60 61] [ 7549 13444  9182  4143  3821 13574 10915  7398  6774  4018  6342  3034
  5344  4844  4918  1999  2673  5670  8622  2436  4224  5896  3647  6062
  5731  6430  5194  6133] [] 1716431983.4484729767
[ 1  1  1  1  1  1  1  1  1  1  1  1 -1  1 -1  1  1  1  1  1  1  1  1 -1
 -1  1  1  1  1] [ 3 10 11 18 19 20 21 26 27 28 29 34 35 36 41 42 44 45 46 50 51 52 53 54
 55 57 59 60 61] [ 5516 13216  9067  3995  3757 13147 10852  6602  6707  3932  6301  2994
  5429  4718  4956  1922  2562  5651  7140  2232  3996  5446  3356  6169
 10087  5212  5561  5060  6108] [] 1716431983.4914879799
[ 1  1  1  1  1  1  1  1  1  1  1  1  1  1  1  1  1  1  1  1  1  1 -1  1
  1  1  1 -1  1] [ 3 10 11 18 19 20 21 26 27 28 29 34 35 36 41 42 44 45 46 50 51 52 53 54
 55 57 59 60 61] [ 5245 13009  9003  3583  3603 12596 10671  5519  6689  3718  6207  2885
  5127  4670  4662  1846  2533  5560  7103  2212  3967  5180  3474  6119
  7967  4982  5187  5202  6066] [] 1716431983.5345354080
[1 1 1 1 1 1 1 1 1 1 1 1 1 1 1 1 1 1 1 1 1 1 1 1 1 1 1 1 1] [ 3 10 11 18 19 20 21 26 27 28 29 34 35 36 41 42 44 45 46 50 51 52 53 54
 55 57 59 60 61] [ 4538 11715  8920  3440  3508 12340 10540  4879  6651  3547  5194  2794
  4771  4420  4292  1793  2401  5503  6999  2098  3809  4990  3224  6024
  6812  4749  4649  5012  6041] [] 1716431983.5775711536
[ 1  1  1  1  1 -1  1  1  1  1  1  1  1  1 -1  1  1  1  1  1  1  1  1  1
  1  1  1  1  1  1] [ 3 10 11 18 19 20 21 26 27 28 29 34 35 36 37 41 42 44 45 46 50 51 52 53
 54 55 57 59 60 61] [ 4402  9747  8874  3337  3487 12558 10355  4605  6546  3473  4938  2696
  4771  4149 16324  4010  1752  2365  5035  6867  2011  3615  4928  3044
  5820  5323  4095  4415  4630  5961] [] 1716431983.6205935478
[ 1  1 -1  1  1  1  1  1  1  1  1 -1  1  1  1  1  1  1  1  1 -1  1  1  1
  1  1  1  1  1  1  1] [ 3 10 11 18 19 20 21 26 27 28 29 33 34 35 36 37 41 42 44 45 46 50 51 52
 53 54 55 57 59 60 61] [ 3627  9654  8913  3217  3455 12246 10349  4433  6434  3323  4789 12729
  2607  4624  3985 13678  3872  1731  2351  4805  6941  1991  3575  4882
  2988  5690  5141  3845  4297  4562  5935] [] 1716431983.6635859013
[ 1  1  1  1  1  1 -1  1  1  1  1  1  1  1  1  1  1  1  1  1  1  1  1  1
  1  1  1  1 -1  1  1  1] [ 3 10 11 18 19 20 21 26 27 28 29 33 34 35 36 37 41 42 44 45 46 50 51 52
 53 54 55 57 58 59 60 61] [ 3374  9385  8904  3172  3415 12194 10353  4365  6424  3237  4732 12710
  2495  4382  3939 11256  3660  1706  2262  4449  5982  1928  3091  4713
  2902  5398  4711  3602 11307  3812  4543  5925] [] 1716431983.7064507008
[ 1  1  1  1  1 -1 -1  1  1  1  1  1  1  1  1  1  1  1  1  1  1  1  1  1
  1  1  1  1  1  1  1 -1] [ 3 10 11 18 19 20 21 26 27 28 29 33 34 35 36 37 41 42 44 45 46 50 51 52
 53 54 55 57 58 59 60 61] [ 3303  9106  8049  3103  3344 12346 10488  3967  6359  3085  4630 12585
  2354  4199  3725 10656  3476  1631  2222  4141  5897  1883  2920  4078
  2838  5388  4442  3535 10835  3631  4134  5964] [] 1716431983.7494447231
[ 1  1  1  1  1  1  1  1 -1  1  1 -1  1  1  1  1  1  1  1  1  1  1  1  1
  1 -1  1  1  1  1  1  1] [ 3 10 11 18 19 20 21 26 27 28 29 33 34 35 36 37 41 42 44 45 46 50 51 52
 53 54 55 57 58 59 60 61] [ 3203  8740  7134  3027  3296  9792 10304  3618  6383  2992  4572 12597
  2290  3930  3607 10635  3408  1605  2222  4049  5859  1839  2834  3957
  2832  5517  4317  3324 10573  3506  4002  5905] [] 1716431983.7924764156
[ 1  1  1  1 -1  1  1  1  1  1  1 -1  1  1  1 -1  1  1  1  1  1 -1  1  1
  1  1  1  1  1  1  1  1] [ 3 10 11 18 19 20 21 26 27 28 29 33 34 35 36 37 41 42 44 45 46 50 51 52
 53 54 55 57 58 59 60 61] [ 3183  8601  6809  2991  3321  9280 10221  3583  6300  2940  4528 12648
  2268  3901  3500 10739  3371  1578  2181  3968  5833  1854  2761  3865
  2795  5487  4261  3226 10497  3457  3983  5866] [] 1716431983.8354761600
[ 1  1  1  1  1  1  1  1  1  1  1  1  1  1  1  1  1 -1  1 -1  1  1  1 -1
  1 -1  1  1 -1  1  1 -1] [ 3 10 11 18 19 20 21 26 27 28 29 33 34 35 36 37 41 42 44 45 46 50 51 52
 53 54 55 57 58 59 60 61] [ 3127  8482  6505  2963  3248  8281 10132  3519  6269  2923  4517 12606
  2255  3866  3460 10444  3352  1583  2162  4116  5820  1814  2686  3913
  2761  5495  4250  3223 10564  3439  3902  5907] [] 1716431983.8784165382
[-1  1  1  1  1  1  1 -1  1  1  1 -1  1  1  1  1  1  1 -1  1 -1 -1 -1  1
  1  1 -1  1  1  1  1  1] [ 3 10 11 18 19 20 21 26 27 28 29 33 34 35 36 37 41 42 44 45 46 50 51 52
 53 54 55 57 58 59 60 61] [ 3151  8465  6448  2947  3238  8129 10126  3545  6241  2900  4516 12661
  2238  3866  3449 10396  3334  1560  2163  4040  5862  1820  2687  3802
  2684  5307  4269  3210 10514  3423  3891  5828] [] 1716431983.9214239120
[ 1  1  1 -1  1  1  1  1 -1 -1  1  1 -1  1  1  1 -1 -1 -1 -1  1 -1 -1 -1
 -1 -1 -1 -1 -1 -1 -1 -1] [ 3 10 11 18 19 20 21 26 27 28 29 33 34 35 36 37 41 42 44 45 46 50 51 52
 53 54 55 57 58 59 60 61] [ 3113  8430  6442  2975  3226  8031 10072  3474  6286  2931  4495 12603
  2255  3846  3404 10313  3375  1580  2182  4136  5859  1830  2794  3890
  2708  5472  4649  3316 10626  3516  3981  5835] [] 1716431983.9644525051
[-1 -1 -1 -1 -1 -1 -1 -1  1 -1 -1  1 -1 -1 -1 -1 -1 -1 -1 -1 -1 -1 -1  1
 -1 -1 -1 -1 -1 -1  1 -1] [ 3 10 11 18 19 20 21 26 27 28 29 33 34 35 36 37 41 42 44 45 46 50 51 52
 53 54 55 57 58 59 60 61] [ 3145  8465  6875  2979  3254  9582 10096  3519  6252  2934  4558 12586
  2277  3863  3448 10394  3417  1638  2195  4332  6691  1863  2854  3873
  2760  5566  5053  3567 11051  3723  3981  5907] [] 1716431984.0074119568
[-1 -1 -1 -1 -1 -1  1 -1 -1 -1  1  1 -1 -1 -1 -1 -1 -1 -1 -1 -1 -1 -1 -1
  1  1 -1 -1 -1 -1 -1] [ 3 10 11 18 19 20 21 26 27 28 29 33 34 35 36 37 41 42 44 45 46 50 51 52
 53 54 55 57 59 60 61] [ 3243  8636  8019  2996  3278 11870 10006  3750  6298  2994  4485 12517
  2290  3895  3623 10408  3578  1677  2220  4624  6708  1874  3159  3935
  2747  5447  7027  3906  4026  4236  5941] [] 1716431984.0504972935
[-1 -1 -1 -1 -1  1 -1 -1  1 -1 -1  1 -1 -1 -1  1 -1  1 -1 -1 -1 -1 -1  1
 -1 -1 -1 -1 -1 -1  1] [ 3 10 11 18 19 20 21 26 27 28 29 33 34 35 36 37 41 42 44 45 46 50 51 52
 53 54 55 57 59 60 61] [ 3371  8869  8029  3086  3313 11696 10086  4133  6298  3049  4546 12510
  2317  3913  3735 10349  3842  1677  2259  4814  6735  1948  3332  3932
  2804  5654  9060  4200  4217  4381  5862] [] 1716431984.0933988094
[-1 -1 -1 -1 -1 -1 -1 -1 -1 -1 -1  1 -1 -1 -1 -1 -1 -1 -1 -1 -1 -1 -1 -1
 -1  1 -1 -1 -1 -1] [ 3 10 11 18 19 20 21 26 27 28 29 33 34 35 36 37 41 42 44 45 46 50 51 52
 53 54 57 59 60 61] [ 3750  9282  8830  3205  3354 11795 10142  4173  6344  3187  4665 12423
  2390  4038  3758 10432  4275  1748  2375  5365  6820  2014  3440  4144
  3003  5651  4570  5272  4618  5919] [] 1716431984.1364703178
[-1 -1 -1 -1 -1  1 -1 -1 -1 -1 -1 -1 -1 -1 -1 -1 -1 -1 -1  1 -1 -1 -1 -1
 -1 -1 -1 -1 -1  1] [ 3 10 11 18 19 20 21 26 27 28 29 33 34 35 36 37 41 42 44 45 46 50 51 52
 53 54 57 59 60 61] [ 4426  9469  8842  3334  3451 11213 10296  4439  6359  3437  5206 12554
  2556  4648  4198 11112  4304  1780  2422  5311  7881  2115  3671  4184
  3168  5740  5537  6173  4734  5878] [] 1716431984.1795146465
[-1 -1 -1 -1 -1 -1 -1 -1 -1 -1 -1 -1  1 -1 -1 -1 -1 -1  1 -1 -1 -1 -1 -1
 -1 -1 -1 -1 -1] [ 3 10 11 18 19 20 21 26 27 28 29 34 35 36 37 41 42 44 45 46 50 51 52 53
 54 57 59 60 61] [ 4716 10735  8859  3503  3533 11979 10333  4723  6435  3622  6220  2662
  4597  4265 14565  4696  1816  2497  5252  7991  2238  3703  4212  3242
  5790  5782  7877  5034  5979] [] 1716431984.2224707603
[-1 -1 -1 -1 -1 -1  1 -1 -1 -1 -1 -1 -1 -1 -1 -1 -1 -1 -1 -1 -1 -1 -1 -1
 -1 -1 -1 -1 -1] [ 3 10 11 18 19 20 21 26 27 28 29 34 35 36 37 41 42 44 45 46 50 51 52 53
 54 57 59 60 61] [ 4977 12705  8867  3658  3590 12397 10232  5083  6456  3675  6245  2753
  4938  4499 14783  5567  1928  2631  5576 11306  2375  3949  4860  3430
  5822  8902  9204  5199  6019] [] 1716431984.2655076981
[-1 -1 -1 -1 -1 -1 -1 -1 -1 -1 -1 -1 -1 -1 -1 -1  1  1 -1 -1 -1 -1  1 -1
 -1 -1 -1] [ 3 10 11 18 19 20 21 26 27 28 29 34 35 36 41 42 44 45 50 51 52 53 54 57
 59 60 61] [ 7763 13141  8967  4519  3753 13006 10716  7473  6527  4186  7018  2982
  5176  4628  6635  2004  2623  5513  2556  4110  5018  3588  5806 10610
  9335  5526  6163] [] 1716431984.3084530830
[-1 -1 -1 -1 -1 -1 -1 -1 -1 -1 -1 -1 -1 -1 -1 -1 -1 -1 -1 -1 -1 -1 -1 -1
 -1 -1  1] [ 3 10 11 18 19 20 21 26 27 28 29 34 35 36 41 42 44 45 50 51 52 53 54 57
 59 60 61] [ 8550 13406  9006  4931  3827 13306 10816  7775  6634  5124  7126  3093
  5378  4823  7040  2107  2696  5558  2734  4385  5664  3986  7251 12012
  9384  6060  6142] [] 1716431984.3514719009
[-1  1 -1 -1 -1 -1 -1 -1 -1 -1 -1 -1 -1 -1 -1 -1 -1 -1  1 -1 -1 -1 -1 -1
 -1] [10 11 18 19 20 21 26 27 28 29 34 35 36 41 42 44 45 50 51 52 53 54 57 60
 61] [13504  8984  6310  3896 13818 10932  7918  6733  6548  7369  3207  5442
  5203  8038  2218  2827  5676  3071  4338  6392  4405  8632 14673  6747
  6155] [] 1716431984.3944506645
[-1 -1 -1 -1 -1 -1 -1 -1 -1 -1 -1 -1 -1 -1 -1 -1 -1 -1 -1 -1 -1 -1 -1 -1] [10 11 18 19 20 21 26 27 28 29 34 35 36 41 42 44 45 50 51 52 53 54 60 61] [13735  9097  7718  4044 14566 11328  8113  6886  7900 10856  3402  5916
  5511  9807  2356  3033  5884  3209  4987  7453  4988 11683 10366  6277] [] 1716431984.4374325275
[-1 -1 -1 -1 -1 -1 -1 -1 -1 -1 -1 -1 -1 -1 -1 -1 -1 -1 -1 -1 -1] [11 18 19 26 27 28 29 34 35 36 41 42 44 45 50 51 52 53 54 60 61] [ 9302 10658  4215  8235  7082 10559 11418  3778  6160  5915  9841  2495
  3097  6001  3400  5047  8288  5176 12596 16121  6352] [] 1716431984.4804837704
[-1 -1 -1 -1 -1  1 -1 -1 -1 -1 -1 -1 -1 -1 -1 -1 -1 -1] [11 18 19 26 27 28 34 35 36 41 42 44 45 50 51 52 53 61] [ 9398 11072  4413  8423  7163 10546  3972  6232  6450 10139  2662  3307
  6095  3570  5277  8519  5346  6505] [] 1716431984.5234856606
[-1 -1 -1 -1 -1 -1  1 -1 -1 -1 -1 -1 -1 -1 -1 -1 -1] [11 19 26 27 28 34 35 36 41 42 44 45 50 51 52 53 61] [ 9509  4658  8554  7177 10648  4191  6211  7548 11582  2951  3711  6570
  4128  5384  9021  5791  6815] [] 1716431984.5664396286
[-1 -1 -1 -1 -1 -1 -1 -1 -1 -1 -1 -1 -1 -1 -1 -1 -1] [11 19 26 27 28 34 35 36 41 42 44 45 50 51 52 53 61] [10108  6015 10812  8277 10693  4479  6548  8597 11656  3106  3856  6740
  4388  5458  9168  5926  7033] [] 1716431984.6094100475
[-1  1  1  1 -1  1 -1 -1 -1 -1 -1 -1 -1 -1 -1 -1] [19 26 27 28 34 35 36 41 42 44 45 50 51 52 53 61] [ 6803 10805  7801 10623  4552  6502 10142 11895  3518  4708  7234  4713
  5830  9635  6367  7302] [] 1716431984.6523952484
[-1 -1 -1 -1 -1 -1 -1 -1 -1 -1 -1 -1 -1 -1 -1 -1] [19 26 27 28 34 35 36 41 42 44 45 50 51 52 53 61] [ 9798 11186 10109 10877  4866  6753 10633 12004  3827  5159  8437  5314
  7216 10022  7019  7709] [] 1716431984.6954147816
[-1 -1 -1 -1 -1 -1 -1 -1 -1 -1 -1 -1 -1 -1 -1 -1] [19 26 27 28 34 35 36 41 42 44 45 50 51 52 53 61] [ 9979 11688 12600 11169  5233  6960 14000 12267  4126  5490  8661  5689
  7387 11826  7171  7841] [] 1716431984.7384145260
[-1 -1 -1 -1 -1 -1 -1 -1 -1 -1 -1  1  1] [19 26 27 28 34 35 41 42 44 45 50 51 53] [10503 13216 13106 11519  5707  7261 12557  4310  5656 11382  5989  7316
  6637] [] 1716431984.7813928127
[-1 -1 -1  1 -1 -1 -1 -1 -1 -1 -1] [27 28 34 35 41 42 44 45 50 51 53] [13151 11623  6055  7168 13777  4607  7047 11577  6214  8282 10167] [] 1716431984.8243560791
[-1 -1 -1 -1 -1 -1 -1 -1 -1] [27 28 34 35 42 44 45 50 51] [13430 12234  7652  8437  4940  8314 11720  6619  8497] [] 1716431984.8673510551
[-1 -1 -1  1  1  1] [34 35 42 44 50 51] [8020 8666 4996 8228 6594 8460] [] 1716431984.9103705883
[-1 -1 -1 -1 -1] [34 35 42 44 50] [8545 8981 6071 9422 7974] [] 1716431984.9533083439
[-1 -1 -1 -1 -1] [34 35 42 44 50] [10175 11842  6739  9442  9727] [] 1716431984.9963238239
[-1 -1 -1 -1] [35 42 44 50] [13997  7785 11936  9818] [] 1716431985.0392534733
[-1 -1 -1 -1] [35 42 44 50] [14816  8589 12749  9822] [] 1716431985.0823423862
[-1 -1 -1] [42 44 50] [ 9294 13471  9936] [] 1716431985.1253092289
[-1  1 -1] [42 44 50] [ 9857 13077 10261] [] 1716431985.1682898998
[-1  1] [42 44] [10673 12493] [] 1716431985.2113318443
[-1 -1] [42 44] [10748 12660] [] 1716431985.2543034554
[-1] [42] [10808] [] 1716431985.2973082066
[-1] [42] [10947] [] 1716431985.3402743340
[-1] [42] [11299] [] 1716431985.3833198547
2 2 2 1716431985.4444513321
