FA TAX ADC PRES TS
[-1] [42] [13562] [] 1716432384.7001905441
[1] [42] [13204] [] 1716432384.7432458401
[1] [42] [11723] [] 1716432384.7862687111
[1] [42] [10652] [] 1716432384.8292434216
[-1] [42] [11202] [] 1716432384.8721501827
[-1 -1 -1] [42 44 50] [11657 13315 10410] [] 1716432384.9152584076
[1 1 1] [42 44 50] [11461 13039 10280] [] 1716432384.9582867622
[ 1 -1  1] [42 44 50] [11291 13085  9905] [] 1716432385.0012478828
[1 1 1] [42 44 50] [10955 12371  9719] [] 1716432385.0441765785
[1 1 1] [42 44 50] [10683 12199  9587] [] 1716432385.0872576237
[1 1 1] [42 44 50] [10359 12164  9527] [] 1716432385.1302931309
[-1  1  1 -1] [34 42 44 50] [13961 10211 11770  9545] [] 1716432385.1732466221
[ 1  1  1 -1 -1] [34 42 44 50 51] [12176  8971 10339  9575 12115] [] 1716432385.2161743641
[1 1 1 1 1] [34 42 44 50 51] [12131  8247 10198  9421  9228] [] 1716432385.2592647076
[ 1  1  1 -1 -1  1] [34 42 44 45 50 51] [ 8069  7063  8341 12473  9467  8779] [] 1716432385.3022894859
[ 1  1  1  1 -1  1] [34 42 44 45 50 51] [ 7909  5689  6399 11927  9495  8368] [] 1716432385.3452780247
[-1  1  1  1  1  1  1 -1] [27 34 42 44 45 50 51 53] [15583  7769  5428  5691 11847  8472  8362 12190] [] 1716432385.3882024288
[-1  1 -1  1  1  1  1  1  1  1] [19 27 28 34 42 44 45 50 51 53] [10790 13282 12944  7561  5066  5402  9507  8430  8229 10138] [] 1716432385.4313082695
[ 1  1  1  1 -1 -1  1  1  1 -1  1 -1  1 -1] [19 27 28 34 35 41 42 44 45 50 51 52 53 61] [10655 13108 12451  7427 14811 12639  4739  5034  8887  8451  8177 15388
  8793  8480] [] 1716432385.4742999077
[1 1 1 1 1 1 1 1 1 1 1 1 1 1] [19 27 28 34 35 41 42 44 45 50 51 52 53 61] [10291 12993 11903  6328 14204 12489  4555  4873  8778  7926  8054 13598
  8515  8250] [] 1716432385.5173182487
[ 1  1  1  1 -1  1  1  1  1 -1  1  1  1  1] [19 27 28 34 35 41 42 44 45 50 51 52 53 61] [10004 12795 11775  5803 14290 12381  4255  4620  7725  7952  8043 11948
  8287  7966] [] 1716432385.5602416992
[ 1  1  1  1  1  1  1  1  1  1 -1  1  1  1] [19 27 28 34 35 41 42 44 45 50 51 52 53 61] [ 9948 10046 11506  5537 13384 12245  3986  4326  7402  7557  8221 10816
  7905  7686] [] 1716432385.6032972336
[ 1  1  1  1  1  1  1  1  1  1  1  1  1 -1  1] [19 27 28 34 35 41 42 44 45 50 51 52 53 60 61] [ 9789  8750 11379  5373 13047 12095  3647  4092  6961  6854  8152  9880
  7605 12261  7347] [] 1716432385.6463108063
[ 1 -1  1  1  1  1  1  1  1  1  1  1  1  1  1  1] [19 26 27 28 34 35 41 42 44 45 50 51 52 53 60 61] [ 9252 14770  7586 11215  5008  9473 11835  3466  4008  6878  6240  8122
  9565  7266  9293  7203] [] 1716432385.6893241405
[ 1 -1  1  1 -1  1  1  1  1  1  1  1  1  1  1  1  1] [19 26 27 28 29 34 35 41 42 44 45 50 51 52 53 60 61] [ 6629 14844  7577 11150 11755  4922  9263 11357  3304  3864  6637  5758
  8078  9391  7119  8593  6935] [] 1716432385.7322373390
[ 1  1  1  1  1  1  1  1  1 -1  1  1  1  1  1  1  1  1] [19 26 27 28 29 34 35 41 42 43 44 45 50 51 52 53 60 61] [ 6072 14476  7541 11027 11372  4755  8895 11012  3209 16341  3678  6563
  5233  7847  9155  6721  7244  6660] [] 1716432385.7753717899
[-1  1  1  1 -1  1  1  1  1  1 -1  1  1 -1  1  1  1  1] [11 19 26 27 28 29 34 35 41 42 44 45 50 51 52 53 60 61] [10107  5588  9915  7508 11039 11080  4512  8774 10919  3081  3711  6507
  5106  7856  8984  6456  6537  6615] [] 1716432385.8183217049
[ 1  1 -1  1  1 -1  1  1  1 -1  1  1 -1  1  1  1  1  1  1 -1  1  1] [11 19 20 26 27 28 29 34 35 36 41 42 43 44 45 50 51 52 53 57 60 61] [ 9916  5126 15962  9125  7436 11149  9033  4307  8526 14392 10855  2910
 15350  3563  6287  4470  7502  8852  5472  9821  6397  6545] [] 1716432385.8613774776
[ 1 -1  1 -1  1  1  1  1  1  1  1  1  1  1  1  1  1  1  1  1 -1  1  1  1] [11 18 19 20 26 27 28 29 34 35 36 41 42 43 44 45 50 51 52 53 54 57 60 61] [ 9906 11289  4948 16123  8942  7327 10946  8724  4064  8510 14324  8853
  2768 15096  3207  6011  4143  7309  8290  5347 12381  8721  6087  6463] [] 1716432385.9042689800
[ 1  1  1  1 -1  1  1  1  1  1  1  1  1  1  1  1  1  1  1  1  1  1  1  1
  1] [11 18 19 20 21 26 27 28 29 34 35 36 41 42 43 44 45 50 51 52 53 54 57 60
 61] [ 9735 10592  4785 15960 11870  8672  7313 10856  7904  3859  8064 14290
  8793  2696 14920  3086  5890  4063  6457  8193  5214 11975  7327  5746
  6445] [] 1716432385.9473464489
[ 1  1  1  1  1  1  1  1 -1  1  1  1  1  1  1  1 -1 -1  1  1  1  1  1  1
  1  1] [11 18 19 20 21 26 27 28 29 34 35 36 41 42 43 44 45 46 50 51 52 53 54 57
 60 61] [ 9611  9831  4623 15185 11488  8427  7287 10829  8455  3641  7792 14247
  6522  2583 14719  2891  5937 11908  3785  5366  7892  4581  9301  6497
  5320  6373] [] 1716432385.9904153347
[ 1  1  1  1  1  1  1  1  1  1  1  1  1  1 -1  1  1  1 -1  1  1  1  1  1
  1  1] [11 18 19 20 21 26 27 28 29 34 35 36 41 42 43 44 45 46 50 51 52 53 54 57
 60 61] [ 9297  6269  4319 14202 11131  6905  7182  8759  7441  3276  7767 13993
  5920  2538 14795  2850  5871 11445  3816  5150  7804  4378  9212  6177
  5222  6277] [] 1716432386.0333671570
[ 1  1  1 -1 -1  1  1  1  1  1  1  1  1  1 -1  1  1  1  1  1  1  1  1  1
  1  1] [11 18 19 20 21 26 27 28 29 34 35 36 41 42 43 44 45 46 50 51 52 53 54 57
 60 61] [ 9249  5766  4200 14376 11152  6759  7085  7627  7201  3218  6651 11845
  5704  2433 14960  2804  5813  9442  3523  4522  7200  4285  7226  5340
  5084  6258] [] 1716432386.0762572289
[ 1  1  1  1  1  1 -1  1  1  1  1  1  1  1  1  1  1  1  1  1  1  1  1  1
 -1  1  1] [11 18 19 20 21 26 27 28 29 34 35 36 41 42 43 44 45 46 50 51 52 53 54 57
 59 60 61] [ 9167  5562  3992 13839 11014  6498  7091  6857  7190  3105  6489 11162
  5128  2340 14943  2687  5547  9176  3055  4522  6959  4144  6342  4306
 14763  4927  6204] [] 1716432386.1193623543
[-1  1  1  1  1  1  1  1  1  1  1  1  1  1  1 -1  1  1  1  1  1 -1  1  1
  1  1  1 -1] [ 3 11 18 19 20 21 26 27 28 29 34 35 36 41 42 43 44 45 46 50 51 52 53 54
 57 59 60 61] [ 8335  9156  5418  3822 13557 10793  5203  6023  5827  7138  2859  6343
  9174  4832  2281 15161  2647  5542  7752  2951  4452  6976  4068  6291
  3998 12404  4845  6207] [] 1716432386.1623697281
[1 1 1 1 1 1 1 1 1 1 1 1 1 1 1 1 1 1 1 1 1 1 1 1 1 1 1 1] [ 3 11 18 19 20 21 26 27 28 29 34 35 36 41 42 43 44 45 46 50 51 52 53 54
 57 59 60 61] [ 8226  9139  4583  3715 13462 10698  4827  5980  4907  7000  2771  6309
  8327  4538  2177 15093  2575  5361  7399  2752  4385  6783  4004  6169
  3726 11169  4774  6172] [] 1716432386.2053992748
[ 1  1  1  1  1 -1  1  1  1  1  1 -1  1  1  1 -1  1  1  1  1  1  1 -1 -1
 -1  1  1  1 -1] [ 3 11 18 19 20 21 26 27 28 29 34 35 36 41 42 43 44 45 46 50 51 52 53 54
 55 57 59 60 61] [ 5593  8278  4010  3491 12978 10895  4567  5802  4310  6999  2590  6422
  8263  4450  2105 15582  2524  5041  7306  2607  4282  6039  4023  6314
 12360  3495  9386  4701  6277] [] 1716432386.2483041286
[ 1 -1  1  1  1  1  1  1  1  1  1  1  1  1  1  1  1  1 -1 -1  1  1 -1  1
 -1  1  1  1  1  1] [ 3 10 11 18 19 20 21 26 27 28 29 34 35 36 41 42 44 45 46 47 50 51 52 53
 54 55 57 59 60 61] [ 5379 15771  8237  3719  3390 11389 10818  4253  5769  4023  6806  2497
  6393  6156  4054  2003  2474  4990  7351 13888  2509  4228  6226  3873
  6359  8735  3311  8053  4644  6226] [] 1716432386.2914113998
[ 1  1  1  1 -1  1  1  1  1  1  1  1  1 -1  1  1 -1  1  1  1  1  1  1  1
  1  1  1  1  1  1  1] [ 3 10 11 18 19 20 21 26 27 28 29 34 35 36 41 42 43 44 45 46 47 50 51 52
 53 54 55 57 59 60 61] [ 4589 15122  6963  3627  3416  9208 10735  4031  5678  3826  6628  2441
  6284  6351  3960  1914 16185  2419  4956  7345  8936  2408  4012  5355
  3710  6325  7615  3060  6777  4595  6221] [] 1716432386.3343925476
[ 1  1  1  1  1  1 -1  1 -1  1  1  1  1  1  1  1  1  1  1  1  1  1  1  1
  1  1  1  1  1  1 -1] [ 3 10 11 18 19 20 21 26 27 28 29 34 35 36 41 42 43 44 45 46 47 50 51 52
 53 54 55 57 59 60 61] [ 4095 10911  6700  3565  3310  9045 10854  3747  5726  3551  6498  2312
  5916  5740  3862  1888 15910  2374  4955  7216  7704  2306  3914  5242
  3695  6269  6479  3006  6463  4541  6231] [] 1716432386.3773972988
[-1  1  1  1  1  1  1  1  1  1 -1  1  1  1 -1  1  1  1  1  1  1  1  1  1
  1  1  1  1  1  1  1  1] [ 3 10 11 18 19 20 21 26 27 28 29 34 35 36 37 41 42 43 44 45 46 47 50 51
 52 53 54 55 57 59 60 61] [ 4179 10507  6381  3451  3302  7760 10535  3579  5420  3298  6565  2252
  5391  5603 16370  3752  1847 13149  2350  4773  6266  6242  2104  3462
  5065  3645  6098  5448  2739  5477  4470  6182] [] 1716432386.4203367233
[ 1  1  1  1  1  1  1  1  1  1  1  1  1  1  1  1  1 -1  1  1  1  1  1  1
  1  1  1  1  1  1  1  1] [ 3 10 11 18 19 20 21 26 27 28 29 34 35 36 37 41 42 43 44 45 46 47 50 51
 52 53 54 55 57 59 60 61] [ 4150 10086  6095  3351  3192  7492 10443  3391  5118  3184  5456  2155
  5298  5350 15360  3494  1754 13489  2254  4694  6123  4830  2008  3236
  4911  3607  5845  4746  2662  4991  4385  6149] [] 1716432386.4634196758
[ 1  1  1  1  1  1  1  1  1  1  1  1  1  1  1  1  1 -1  1  1  1  1  1  1
  1  1  1  1  1  1  1  1] [ 3 10 11 18 19 20 21 26 27 28 29 34 35 36 37 41 42 43 44 45 46 47 50 51
 52 53 54 55 57 59 60 61] [ 3811  8681  5302  3183  3104  6658 10414  3212  4919  3012  4907  2072
  5144  4823 15170  3368  1705 13789  2244  4321  6105  4584  1991  3190
  4793  3426  5764  4585  2597  4978  4202  6139] [] 1716432386.5064008236
[ 1  1  1  1  1  1  1  1  1  1  1  1  1  1  1  1  1  1  1 -1  1  1  1  1
  1 -1  1  1  1  1  1 -1] [ 3 10 11 18 19 20 21 26 27 28 29 34 35 36 37 41 42 43 44 45 46 47 50 51
 52 53 54 55 57 59 60 61] [ 3755  8395  4761  3108  3029  6540 10219  3149  4720  2932  4877  2034
  5126  4742 15110  3338  1682 13733  2170  4331  5995  4481  1931  3136
  4662  3455  5611  4500  2529  4773  4090  6185] [] 1716432386.5493755341
[ 1  1  1 -1  1  1  1  1  1  1  1  1  1  1 -1 -1  1 -1  1  1 -1 -1  1  1
  1  1  1 -1  1  1  1  1] [ 3 10 11 18 19 20 21 26 27 28 29 34 35 36 37 41 42 43 44 45 46 47 50 51
 52 53 54 55 57 59 60 61] [ 3724  8260  4485  3117  3002  6528 10207  3091  4705  2916  4783  2005
  4972  4421 15204  3342  1661 13782  2170  4309  6001  4518  1922  3131
  4498  3421  5512  4557  2517  4609  4073  6120] [] 1716432386.5923171043
[ 1 -1  1  1 -1 -1 -1  1 -1  1  1  1  1  1  1  1  1  1  1  1  1  1  1 -1
  1  1  1 -1  1  1 -1  1] [ 3 10 11 18 19 20 21 26 27 28 29 34 35 36 37 41 42 43 44 45 46 47 50 51
 52 53 54 55 57 59 60 61] [ 3701  8302  4468  3035  3010  6551 10410  3055  4713  2900  4774  1997
  4953  4364 14928  3326  1656 13760  2150  4290  6000  4437  1896  3132
  4393  3415  5493  4575  2510  4573  4083  6106] [] 1716432386.6353957653
[-1  1 -1  1  1  1  1  1  1 -1  1  1  1  1 -1  1  1 -1 -1  1 -1  1 -1 -1
  1 -1  1 -1  1 -1 -1  1] [ 3 10 11 18 19 20 21 26 27 28 29 34 35 36 37 41 42 43 44 45 46 47 50 51
 52 53 54 55 57 59 60 61] [ 3706  8292  4479  3023  2998  6429 10382  3053  4710  2911  4378  1982
  4871  4343 14936  3298  1644 13799  2178  4271  6001  4366  1911  3133
  4126  3454  5481  4594  2502  4582  4107  6060] [] 1716432386.6784656048
[ 1  1  1  1  1  1  1  1  1  1 -1  1  1  1  1 -1 -1 -1  1 -1 -1 -1 -1 -1
  1 -1 -1 -1 -1 -1  1 -1] [ 3 10 11 18 19 20 21 26 27 28 29 34 35 36 37 41 42 43 44 45 46 47 50 51
 52 53 54 55 57 59 60 61] [ 3695  8248  4479  3017  2978  6242 10120  3045  4653  2877  4786  1979
  4869  4325 14760  3384  1665 14168  2175  4552  6140  5324  1939  3154
  4117  3511  5626  5345  2574  5009  4100  6077] [] 1716432386.7213952541
[-1 -1 -1 -1 -1 -1  1 -1 -1 -1 -1 -1  1 -1 -1 -1 -1  1 -1 -1 -1 -1  1 -1
  1 -1 -1 -1 -1 -1 -1 -1] [ 3 10 11 18 19 20 21 26 27 28 29 34 35 36 37 41 42 43 44 45 46 47 50 51
 52 53 54 55 57 59 60 61] [ 3889  8378  5414  3067  3032  6519 10117  3067  4751  2933  4949  2020
  4852  4637 14872  3476  1694 13507  2222  4623  6214  6479  1928  3168
  4106  3530  5818  5974  2642  5180  4155  6112] [] 1716432386.7643315792
[-1 -1 -1 -1 -1  1  1 -1 -1 -1 -1 -1 -1 -1  1 -1 -1 -1 -1 -1 -1 -1 -1 -1
 -1 -1 -1 -1 -1 -1 -1 -1] [ 3 10 11 18 19 20 21 26 27 28 29 34 35 36 37 41 42 43 44 45 46 47 50 51
 52 53 54 55 57 59 60 61] [ 4099  8694  5739  3098  3091  6499 10082  3219  4819  3014  5446  2102
  4910  4951 14784  3596  1758 15177  2322  4740  7086  8840  2014  3645
  4267  3595  6137  8066  2898  6399  4223  6191] [] 1716432386.8073766232
[-1 -1 -1 -1 -1 -1 -1 -1 -1 -1 -1 -1 -1 -1 -1 -1 -1 -1 -1 -1  1 -1 -1 -1
 -1  1 -1 -1  1  1] [ 3 10 11 18 19 20 21 26 27 28 29 34 35 36 37 41 42 43 44 45 46 50 51 52
 53 54 57 59 60 61] [ 4169  9219  6013  3191  3199  7199 10136  3431  5034  3140  6352  2141
  4989  5167 14911  3738  1800 16277  2367  4871  6935  2137  3823  4369
  3641  5771  3035  6743  4150  6005] [] 1716432386.8503806591
[ 1 -1 -1 -1  1 -1  1 -1 -1 -1  1 -1 -1 -1 -1 -1  1 -1 -1 -1 -1 -1 -1 -1
 -1 -1 -1 -1 -1] [ 3 10 11 18 19 20 21 26 27 28 29 34 35 36 41 42 43 44 45 46 50 51 52 53
 54 57 59 60 61] [ 4141  9648  6479  3280  3184  9023 10125  3507  5199  3288  6348  2214
  5402  5302  3834  1841 16272  2397  5235  7039  2239  3939  4978  3721
  5836  3096  7850  4175  6026] [] 1716432386.8933861256
[-1 -1 -1 -1 -1 -1 -1 -1 -1 -1 -1 -1 -1 -1 -1 -1  1 -1 -1 -1 -1 -1 -1 -1
 -1 -1 -1 -1  1] [ 3 10 11 18 19 20 21 26 27 28 29 34 35 36 41 42 43 44 45 46 50 51 52 53
 54 57 59 60 61] [ 5119 11457  7931  3499  3240  9055 10179  3775  5252  3481  6444  2322
  5474  5378  4130  1901 16083  2424  5334  7091  2343  4020  5054  3801
  5898  3258 10168  4411  6026] [] 1716432386.9362816811
[-1 -1  1 -1 -1 -1 -1 -1 -1 -1 -1 -1 -1 -1 -1 -1 -1 -1 -1 -1 -1 -1 -1 -1
 -1 -1 -1 -1] [ 3 11 18 19 20 21 26 27 28 29 34 35 36 41 42 43 44 45 46 50 51 52 53 54
 57 59 60 61] [ 5239  8103  3488  3289 11405 10353  3935  5328  3844  6560  2344  5619
  5684  4308  2020 16141  2492  5445  7662  2517  4290  5396  3946  6095
  3783 11844  4560  6101] [] 1716432386.9792842865
[-1 -1 -1 -1 -1 -1 -1 -1 -1 -1 -1  1 -1 -1 -1  1 -1  1 -1 -1 -1 -1 -1 -1
 -1 -1  1] [ 3 11 18 19 20 21 26 27 28 29 34 35 36 41 42 43 44 45 46 50 51 52 53 54
 57 60 61] [ 7513  9001  3991  3462 11704 10474  4315  5612  4278  6813  2543  5490
  6754  4585  2183 16131  2554  5439  9099  2623  4329  5512  4044  6399
  4312  4616  6088] [] 1716432387.0223736763
[ 1 -1 -1 -1 -1 -1 -1 -1 -1 -1 -1 -1 -1 -1 -1 -1  1 -1 -1 -1 -1 -1 -1 -1
 -1 -1] [11 18 19 20 21 26 27 28 29 34 35 36 41 42 43 44 45 46 50 51 52 53 54 57
 60 61] [ 8935  4779  3583 12402 10628  4790  5763  5369  7083  2686  5679  7219
  5133  2212 16266  2599  5409  9362  2779  4404  5616  4113  7880  4819
  4749  6108] [] 1716432387.0653555393
[ 1 -1 -1 -1 -1 -1 -1 -1 -1 -1 -1 -1 -1 -1 -1 -1 -1 -1 -1 -1 -1 -1 -1 -1
 -1] [11 18 19 20 21 26 27 28 29 34 35 36 41 42 43 44 45 50 51 52 53 54 57 60
 61] [ 8904  5209  3665 12588 10648  5358  5786  5969  7173  2769  5797  8437
  5558  2304 16301  2697  5428  3047  4446  5689  4318 11825  5822  4861
  6113] [] 1716432387.1083166599
[-1 -1 -1 -1 -1 -1 -1 -1 -1 -1 -1 -1 -1 -1 -1 -1 -1 -1 -1 -1 -1 -1 -1] [11 18 19 20 21 26 27 28 29 34 35 36 41 42 44 45 50 51 52 53 57 60 61] [ 9041  5705  3903 13078 10914  6511  6783  8749  7383  3006  5976 10832
  6823  2454  2816  5571  3472  5629  6167  4522  7012  5007  6181] [] 1716432387.1513266563
[-1 -1 -1 -1 -1 -1 -1 -1 -1 -1 -1 -1 -1 -1 -1 -1 -1 -1 -1 -1 -1 -1 -1 -1] [11 18 19 20 21 26 27 28 29 34 35 36 41 42 43 44 45 50 51 52 53 57 60 61] [ 9152  7579  4194 13672 11211  8017  6831  9772  7465  3190  6126 12639
  8414  2510 16316  2891  5733  3746  6061  6567  4644  8616  5316  6272] [] 1716432387.1943666935
[-1 -1 -1 -1 -1 -1 -1 -1 -1 -1  1 -1 -1  1 -1 -1 -1 -1  1 -1 -1 -1 -1] [11 18 19 20 26 27 28 29 34 35 36 41 42 43 44 45 50 51 52 53 57 60 61] [ 9411  9550  4276 14265  8191  6879 10450  8361  3357  6617 12459  8597
  2675 16122  3010  6119  3787  7239  6456  5039 13603  5801  6460] [] 1716432387.2373135090
[-1 -1 -1 -1 -1  1 -1 -1 -1 -1 -1 -1 -1 -1 -1 -1 -1 -1 -1 -1] [11 19 20 26 27 28 29 34 35 36 41 42 44 45 50 51 52 53 60 61] [ 9588  4524 14530  8332  6969 10399 10987  3544  6842 13963 10741  2822
  3250  6366  4037  7680  8532  5499  7037  6695] [] 1716432387.2802712917
[-1 -1 -1 -1 -1 -1 -1 -1 -1 -1 -1 -1 -1 -1 -1 -1 -1 -1 -1] [19 20 26 27 28 29 34 35 36 41 42 44 45 50 51 52 53 60 61] [ 4817 15718  8511  7058 10495 11558  3844  7131 14011 10801  3069  3426
  6507  4665  8049  9340  5978  8166  6858] [] 1716432387.3232474327
[-1 -1 -1 -1 -1 -1 -1 -1 -1 -1 -1 -1 -1 -1 -1 -1 -1 -1] [19 20 26 27 28 34 35 36 41 42 44 45 50 51 52 53 60 61] [ 5698 16366 10936  7125 10678  3924  7217 14272 11391  3236  3860  6894
  5051  8070  9520  6720 10299  7315] [] 1716432387.3663232327
[-1 -1 -1 -1 -1 -1 -1 -1 -1 -1 -1 -1 -1 -1 -1 -1] [19 26 27 28 34 35 36 41 42 44 45 50 51 52 53 61] [ 8304 12206  8049 10862  4537  7875 14376 11939  3534  4143  7368  5652
  8304 10654  7217  7503] [] 1716432387.4092805386
[-1 -1 -1 -1 -1 -1 -1 -1 -1 -1 -1 -1 -1 -1 -1] [19 27 28 34 35 36 41 42 44 45 50 51 52 53 61] [ 9742  8084 11178  4785  8882 14668 12087  3772  4230  8252  5895  8309
 11373  7799  7639] [] 1716432387.4522907734
[-1 -1 -1 -1 -1 -1 -1 -1 -1 -1 -1 -1 -1] [19 27 28 34 35 41 42 44 45 50 51 52 53] [ 9847  8316 11348  4949  9137 12315  4306  4530  8262  6613  8408 13011
 11772] [] 1716432387.4953007698
[-1 -1 -1 -1 -1 -1 -1 -1 -1 -1] [19 27 28 34 35 42 44 45 50 51] [10224  8864 11873  5518 12100  4534  4768 11614  7974  8500] [] 1716432387.5382566452
[-1 -1 -1 -1 -1 -1 -1 -1 -1] [19 27 28 34 35 42 44 50 51] [10624  9813 12378  6902 12693  5000  5175  8272  8518] [] 1716432387.5812528133
[ 1  1 -1 -1 -1 -1 -1 -1] [19 27 34 35 42 44 50 51] [10527  9685  7439 15158  5117  7349  8300  9528] [] 1716432387.6242427826
[ 1 -1 -1 -1 -1 -1] [27 34 42 44 50 51] [ 9562  7578  5358  7805  9237 11847] [] 1716432387.6672086716
[-1 -1 -1 -1  1] [27 34 42 44 50] [10169  7845  6834 11491  9185] [] 1716432387.7101886272
[-1 -1 -1 -1] [34 42 44 50] [12292  6926 11530  9257] [] 1716432387.7532119751
[-1 -1 -1] [42 44 50] [ 7517 12389  9506] [] 1716432387.7962043285
[-1 -1] [42 50] [9139 9809] [] 1716432387.8391728401
[-1 -1] [42 50] [ 9525 10481] [] 1716432387.8821997643
[-1] [42] [9607] [] 1716432387.9252004623
[-1] [42] [12193] [] 1716432387.9681560993
2 2 2 1716432388.2262389660
