FA TAX ADC PRES TS
[-1] [42] [12609] [] 1716432684.0065131187
[1] [42] [11789] [] 1716432684.0494730473
[1] [42] [11606] [] 1716432684.0924658775
[1] [42] [10233] [] 1716432684.1354923248
[-1 -1] [42 50] [10726  8819] [] 1716432684.1785573959
[1 1] [42 50] [10627  7369] [] 1716432684.2215101719
[ 1 -1] [42 50] [10179  7871] [] 1716432684.2644982338
[-1  1  1 -1] [35 42 50 51] [16284  9661  7119 11546] [] 1716432684.3075194359
[1 1 1 1] [35 42 50 51] [15847  7485  6960 11070] [] 1716432684.3505351543
[-1  1 -1  1] [35 42 50 51] [16043  6818  7376 10899] [] 1716432684.3935430050
[ 1 -1 -1  1 -1] [35 42 44 50 51] [15883  6989 13447  7255 10909] [] 1716432684.4365172386
[ 1  1  1  1 -1] [35 42 44 50 51] [15754  5916 10475  7103 10939] [] 1716432684.4796187878
[ 1  1  1 -1  1] [35 42 44 50 51] [15668  5392 10459  9529 10756] [] 1716432684.5226647854
[1 1 1 1] [42 44 50 51] [ 4803 10255  7957 10699] [] 1716432684.5656955242
[-1 -1  1  1 -1] [42 44 50 51 52] [ 5253 10559  7202  8973 14003] [] 1716432684.6085424423
[-1 -1 -1 -1  1  1  1] [26 42 44 45 50 51 52] [12559  5531 10913 12375  6408  8391 13864] [] 1716432684.6514782906
[-1  1 -1  1 -1 -1  1 -1] [34 42 44 45 50 51 52 53] [12610  5281 11884 12001  6658 10695 13321 16286] [] 1716432684.6945533752
[-1 -1 -1  1 -1  1  1  1  1  1 -1] [26 28 34 42 44 45 50 51 52 53 61] [11714 12278 12741  5190 12789  9637  5994  8277 12616 12063  9587] [] 1716432684.7375359535
[-1 -1 -1 -1  1  1  1 -1  1  1  1  1] [19 26 28 34 42 44 45 50 51 52 53 61] [11094 11970 12508 13101  4655 10590  9332  6083  8067 11869 10506  8950] [] 1716432684.7805285454
[ 1 -1  1  1  1  1 -1 -1  1  1  1  1] [19 26 28 34 42 44 45 50 51 52 53 61] [10843 12207 12197 12719  4280 10508 12087  6292  7790 11383 10184  7887] [] 1716432684.8235156536
[ 1  1  1 -1  1  1  1  1  1  1  1  1] [19 28 34 35 42 44 45 50 51 52 53 61] [10538 11909 11795 15746  3920 10142 11840  5799  7581 11002  8606  7662] [] 1716432684.8665668964
[ 1  1  1 -1  1 -1 -1  1  1 -1  1 -1 -1 -1] [19 28 34 35 42 43 44 45 50 51 52 53 60 61] [10349 11564 10425 15893  3641 15499 10159  8880  5206  7741 10598  8769
 13688  7724] [] 1716432684.9095470905
[ 1 -1 -1  1  1  1  1  1  1  1  1  1  1  1] [19 27 28 34 35 42 44 45 50 51 52 53 60 61] [10269 13077 11736  9157 15641  3362  7757  8409  4667  7567 10357  8646
 13550  7542] [] 1716432684.9525775909
[ 1 -1  1 -1  1  1  1  1  1  1  1  1  1  1  1] [19 20 27 28 34 35 42 44 45 50 51 52 53 60 61] [10107 16320 11425 11784  9058 14929  3174  6464  8199  4295  7515 10133
  8410 10921  7474] [] 1716432684.9956479073
[ 1  1 -1  1  1 -1  1  1  1  1  1  1  1  1  1  1] [19 20 26 27 28 34 35 42 44 45 50 51 52 53 60 61] [10027 16140 11384 11275 11624  9106 14573  3110  5942  8063  4049  7406
  9911  8232  9975  7302] [] 1716432685.0386099815
[ 1  1  1  1  1  1 -1  1  1  1  1  1  1  1  1  1] [19 20 26 27 28 34 35 42 44 45 50 51 52 53 60 61] [ 9909 15302 11306 10033 11569  8859 14808  3004  5600  7946  3988  7324
  9782  7820  7924  7022] [] 1716432685.0815632343
[-1  1  1 -1 -1  1 -1  1 -1 -1 -1  1  1  1  1  1  1  1  1  1] [11 19 20 26 27 28 29 34 35 36 41 42 44 45 50 51 52 53 60 61] [10323  7519 15301 11326 10547 11530 12146  8673 14918 13800 15411  2877
  5052  6679  3669  7156  9395  7513  7410  6621] [] 1716432685.1245973110
[1 1 1 1 1 1 1 1 1 1 1 1 1 1 1 1 1 1 1 1] [11 19 20 26 27 28 29 34 35 36 41 42 44 45 50 51 52 53 60 61] [ 9793  5729 15170 11156  9406 11304 11475  8028 14505 13215 12603  2786
  4743  6450  3490  6069  9203  7422  7037  6484] [] 1716432685.1675899029
[ 1  1  1  1  1 -1  1  1  1 -1  1  1 -1  1 -1  1  1  1  1 -1  1  1] [11 19 20 26 27 28 29 34 35 36 41 42 43 44 45 50 51 52 53 54 60 61] [ 9732  5147 15114 10960  8997 11343 11142  7348 14009 13624 12269  2721
 16309  4669  8398  3220  5964  9161  7163 12689  6803  6454] [] 1716432685.2106277943
[ 1  1  1 -1  1 -1 -1 -1  1  1  1  1  1  1  1  1  1 -1  1  1 -1  1] [11 19 20 21 26 27 28 29 34 35 36 41 42 44 45 50 51 52 53 54 60 61] [ 9598  4697 14645 11977 10894  9067 11439 11414  6131 11338 11605 12103
  2660  4431  8267  3023  5682  9238  6847 12341  7131  6392] [] 1716432685.2536399364
[ 1  1  1  1 -1  1  1  1  1  1  1  1  1  1  1 -1  1  1  1  1  1  1 -1] [11 19 20 21 26 27 28 29 34 35 36 41 42 44 45 46 50 51 52 53 54 60 61] [ 9392  4212 14221 11760 10944  8948 11397 10848  5426 10138 10574 10942
  2596  4223  6270 14515  2951  5400  8840  5995 11970  6178  6441] [] 1716432685.2965762615
[ 1  1  1  1  1  1 -1 -1  1  1  1  1  1 -1  1 -1  1  1  1  1  1  1  1  1] [11 19 20 21 26 27 28 29 34 35 36 41 42 43 44 45 46 50 51 52 53 54 60 61] [ 9337  4102 14126 11434 10792  8931 11444 11211  5016 10113  9932 10617
  2544 16081  4047  8106 11405  2863  5166  8713  5382 11702  5858  6319] [] 1716432685.3395998478
[ 1  1  1  1 -1  1  1  1  1  1  1 -1  1  1  1  1  1  1  1 -1  1 -1  1  1] [11 19 20 21 26 27 28 29 34 35 36 41 42 43 44 45 46 50 51 52 53 54 60 61] [ 9210  3836 13656 11190 11044  8307  9681 10959  4469  9950  9129 10644
  2495 15979  3831  8064 10980  2779  5006  8745  5308 11749  5523  6265] [] 1716432685.3826997280
[-1  1  1  1  1  1  1 -1  1  1  1 -1  1  1  1 -1  1  1  1  1  1  1 -1] [11 19 20 21 26 27 28 29 34 35 36 41 42 44 45 46 50 51 52 53 54 60 61] [ 9218  3787 13521 10931 10789  8150  8577 11132  4402  8874  7898 10693
  2345  3745  6341 11043  2670  4893  7390  4974 10935  5311  6287] [] 1716432685.4255876541
[-1  1  1  1 -1  1  1  1  1  1  1  1  1  1  1  1  1  1  1  1  1 -1  1  1] [10 11 19 20 21 26 27 28 29 34 35 36 41 42 44 45 46 50 51 52 53 54 60 61] [15368  9074  3608 13282 10932  8796  7996  7199 11014  3791  8620  7009
 10130  2256  3650  6243  8750  2542  4824  7230  4395 11309  4818  6113] [] 1716432685.4685361385
[ 1  1 -1  1 -1  1  1  1  1  1  1  1  1  1  1 -1  1 -1  1  1  1  1  1  1
  1  1] [10 11 18 19 20 21 26 27 28 29 34 35 36 41 42 43 44 45 46 50 51 52 53 54
 60 61] [12696  8195 15512  3486 13324 10814  8681  7852  6108 11002  3522  8548
  6361 10088  2215 16333  3387  6270  8097  2440  4774  7115  4126 11003
  4771  6060] [] 1716432685.5117275715
[-1  1  1  1  1  1  1  1  1  1  1  1 -1  1  1  1  1  1  1  1  1  1  1 -1
  1  1] [ 3 10 11 18 19 20 21 26 27 28 29 34 35 36 41 42 44 45 46 50 51 52 53 54
 60 61] [10244 11554  7826 12666  3437 13164 10747  8154  7809  5321 10994  3308
  8639  5833  9662  2108  3279  5992  7441  2368  3953  6756  4020 11287
  4560  6021] [] 1716432685.5546882153
[ 1  1  1 -1  1  1  1  1  1  1  1  1 -1  1  1  1  1  1  1 -1  1  1  1  1
  1 -1 -1] [ 3 10 11 18 19 20 21 26 27 28 29 34 35 36 41 42 44 45 46 50 51 52 53 54
 60 61 62] [ 9590 10247  6963 12769  3307 13072 10595  7485  7627  4695 10446  3158
  8768  5607  9219  2055  3191  5937  7366  2413  3810  6454  3937 10165
  4452  6174 10467] [] 1716432685.5975923538
[ 1  1  1  1 -1 -1 -1  1  1  1 -1  1  1  1  1  1  1  1  1 -1  1  1  1  1
  1 -1 -1 -1 -1  1] [ 3 10 11 18 19 20 21 26 27 28 29 34 35 36 41 42 44 45 46 47 50 51 52 53
 54 55 59 60 61 62] [ 6356  8971  6663 12686  3312 13222 10699  6307  7118  4289 10687  2927
  8604  5170  8923  1995  3102  5640  7354 13229  2297  3748  6373  3854
  9902 14813 10948  4527  6225 10193] [] 1716432685.6406502724
[ 1  1  1 -1  1 -1  1  1  1  1  1  1  1  1  1  1  1  1  1  1  1 -1 -1  1
 -1  1 -1  1  1 -1  1] [ 3 10 11 18 19 20 21 26 27 28 29 34 35 36 41 42 44 45 46 47 50 51 52 53
 54 55 57 59 60 61 62] [ 5483  8198  5947 13168  3272 13267 10596  4924  6659  4053 10669  2722
  7999  4987  8345  1938  3050  5624  7340 13147  2218  3752  6569  3694
 10501  8953 13674 10491  4397  6259  9848] [] 1716432685.6836342812
[ 1  1  1  1  1  1 -1  1  1  1 -1  1  1  1 -1 -1  1  1 -1  1 -1 -1 -1  1
  1  1  1  1  1  1  1  1 -1  1] [ 3 10 11 18 19 20 21 26 27 28 29 34 35 36 37 38 41 42 43 44 45 46 47 50
 51 52 53 54 55 57 59 60 61 62] [ 4398  7084  5447 12760  3194 13239 10651  4346  6519  3792 10784  2615
  7642  4450 16328 11251  6522  1893 16347  2941  6304  7576 13523  2111
  3654  6397  3480  8552  7100 12329  9087  4252  6277  8601] [] 1716432685.7266678810
[-1  1  1  1  1  1 -1  1  1  1 -1  1  1  1  1  1  1  1  1  1  1 -1  1  1
  1  1  1  1  1  1  1  1 -1  1] [ 3 10 11 18 19 20 21 26 27 28 29 34 35 36 37 38 41 42 43 44 45 46 47 50
 51 52 53 54 55 57 59 60 61 62] [ 4996  6951  4858 10326  3108 11220 10714  4015  6387  3616 10912  2520
  7502  4247 13362 10981  6411  1823 16184  2880  5586  7579 12935  2059
  3513  5896  3330  8243  6151 10078  6468  4170  6318  8200] [] 1716432685.7697679996
[ 1  1  1  1  1  1  1  1  1  1  1  1  1  1  1  1  1  1 -1  1  1  1 -1  1
  1  1  1  1  1 -1  1  1  1  1] [ 3 10 11 18 19 20 21 26 27 28 29 34 35 36 37 38 41 42 43 44 45 46 47 50
 51 52 53 54 55 57 59 60 61 62] [ 4927  6635  4455  7266  3085  8892 10693  3727  5903  3447 10696  2374
  7361  4086 12976 10965  6257  1780 16191  2820  5187  7470 12957  1994
  3426  5774  3286  7901  5600 10404  6044  3966  6293  7529] [] 1716432685.8126976490
[ 1 -1  1  1  1  1  1  1  1  1  1  1  1  1  1  1 -1  1 -1  1  1 -1  1  1
  1  1  1  1 -1  1  1  1 -1  1] [ 3 10 11 18 19 20 21 26 27 28 29 34 35 36 37 38 41 42 43 44 45 46 47 50
 51 52 53 54 55 57 59 60 61 62] [ 4439  6754  4295  7026  3008  8386 10642  3621  5227  3369 10677  2312
  6211  3893 12858 10919  6356  1754 16274  2794  5119  7496  9956  1975
  3307  5608  3234  7898  5601 10197  5857  3788  6300  7405] [] 1716432685.8556652069
[ 1  1  1  1  1  1  1  1  1  1  1  1 -1  1  1  1 -1  1  1  1  1 -1  1  1
 -1  1  1  1  1  1  1  1  1  1] [ 3 10 11 18 19 20 21 26 27 28 29 34 35 36 37 38 41 42 43 44 45 46 47 50
 51 52 53 54 55 57 59 60 61 62] [ 4173  6624  4010  6113  2985  8167 10458  3575  5181  3273 10610  2298
  6252  3843 12494 10888  6386  1745 15917  2775  5039  7521  9723  1958
  3320  5439  3220  7449  5586  9922  5615  3694  6289  7391] [] 1716432685.8986454010
[ 1 -1  1  1  1  1 -1  1  1  1  1  1  1  1 -1  1  1 -1 -1  1  1 -1 -1  1
  1 -1  1  1  1  1 -1 -1 -1] [ 3 10 11 18 19 20 21 26 27 28 29 34 35 36 37 38 41 42 44 45 46 47 50 51
 52 53 54 55 57 59 60 61 62] [ 4162  6661  4003  6090  2969  8157 10502  3559  5162  3269 10276  2295
  6134  3722 12653 10869  6241  1746  2830  5029  7473  9867  1960  3279
  5315  3254  7421  5576  9406  5380  3727  6336  7406] [] 1716432685.9416491985
[-1 -1  1 -1 -1  1  1 -1 -1  1 -1  1  1  1 -1  1  1  1  1  1  1 -1 -1 -1
  1  1  1 -1 -1 -1 -1  1  1] [ 3 10 11 18 19 20 21 26 27 28 29 34 35 36 37 38 41 42 44 45 46 47 50 51
 52 53 54 55 57 59 60 61 62] [ 4179  6714  3986  6158  3026  8076 10440  3599  5178  3238 10284  2276
  6085  3712 12724 10813  6216  1738  2827  4973  7171 12995  1993  3283
  5153  3224  7101  5876 10046  5559  3839  6269  7399] [] 1716432685.9845898151
[ 1  1 -1 -1  1  1 -1  1 -1 -1  1 -1  1  1  1  1  1 -1  1 -1 -1 -1  1 -1
  1 -1 -1 -1 -1 -1 -1 -1 -1] [ 3 10 11 18 19 20 21 26 27 28 29 34 35 36 37 38 41 42 44 45 46 47 50 51
 52 53 54 55 57 59 60 61 62] [ 4126  6611  4071  7205  3024  8063 10485  3537  5259  3260 10206  2287
  6039  3692 12619 10797  6212  1764  2808  5374  7215 13230  1986  3373
  5130  3229  7998  7209 10359  6410  3986  6271  7519] [] 1716432686.0276463032
[-1  1 -1 -1 -1 -1  1 -1 -1 -1  1 -1 -1 -1 -1 -1 -1 -1 -1 -1 -1 -1 -1 -1
 -1 -1 -1 -1 -1 -1 -1  1 -1] [ 3 10 11 18 19 20 21 26 27 28 29 34 35 36 37 38 41 42 44 45 46 47 50 51
 52 53 54 55 57 59 60 61 62] [ 4166  6515  4387 10378  3044  8356 10317  3591  5383  3343 10126  2331
  6676  3872 12701 10879  6830  1813  2810  5860  7454 13933  2030  3455
  5305  3280  8092  9345 10938  9354  3999  6197  8633] [] 1716432686.0706295967
[-1 -1 -1  1 -1 -1 -1 -1 -1 -1  1 -1  1 -1 -1 -1 -1 -1 -1  1  1 -1 -1 -1
 -1 -1  1  1 -1] [ 3 10 11 18 19 20 21 26 27 28 29 34 35 36 37 41 42 44 45 46 50 51 52 53
 54 59 60 61 62] [ 4939  6759  4747 10218  3072  9103 10336  3678  5396  3400 10047  2385
  6665  3973 12974  7035  1839  2874  6642  7301  2010  3483  5726  3307
  9478  9579  3981  6125 10577] [] 1716432686.1136219501
[-1 -1 -1 -1  1 -1  1 -1 -1 -1  1 -1 -1 -1 -1 -1  1 -1 -1  1 -1  1 -1 -1
 -1  1  1] [ 3 10 11 18 19 20 21 26 27 28 29 34 35 36 37 41 42 44 45 46 50 51 52 53
 54 60 61] [ 5995  6971  5694 12356  3035 12129 10081  4049  6137  3587 10028  2453
  6861  4416 13056  7676  1830  2935  6918  7206  2058  3455  5727  3312
  9668  3935  5878] [] 1716432686.1565861702
[-1 -1 -1  1 -1 -1 -1 -1  1 -1  1 -1 -1 -1 -1 -1 -1 -1 -1 -1  1 -1 -1 -1
 -1 -1 -1 -1] [ 3 10 11 18 19 20 21 26 27 28 29 34 35 36 37 41 42 43 44 45 46 50 51 52
 53 54 60 61] [ 6379  8401  5849 12218  3119 12298 10088  4415  6073  3638  9965  2580
  7215  4532 13119  8589  1931 16345  3013  7050  7164  2082  3648  6373
  3467 11019  4143  5907] [] 1716432686.1996150017
[-1 -1 -1 -1 -1 -1 -1 -1 -1 -1  1 -1 -1 -1 -1 -1 -1 -1 -1 -1 -1  1 -1  1
 -1  1] [ 3 10 11 18 19 20 21 26 27 28 29 34 35 36 41 42 44 45 46 50 51 52 53 54
 60 61] [ 7319  9632  7273 13008  3134 12422 10187  6341  6175  3921  9858  2726
  8242  4765  8935  1958  3135  7474  7261  2151  4164  6338  3519 10956
  4239  5905] [] 1716432686.2425899506
[-1 -1  1 -1  1 -1 -1 -1 -1 -1 -1 -1 -1 -1 -1 -1 -1 -1 -1 -1 -1 -1 -1 -1
 -1 -1] [10 11 18 19 20 21 26 27 28 29 34 35 36 41 42 43 44 45 46 50 51 52 53 54
 60 61] [11074  7412 12694  3198 12404 10285  7625  6216  4280 10026  2943  8331
  4955  9795  2059 16281  3239  7817  9151  2239  4227  6626  3884 11213
  4555  5993] [] 1716432686.2856025696
[-1 -1 -1 -1  1 -1 -1 -1 -1 -1 -1 -1 -1 -1 -1  1 -1  1 -1 -1 -1  1 -1 -1
 -1 -1] [10 11 18 19 20 21 26 27 28 29 34 35 36 41 42 43 44 45 46 50 51 52 53 54
 60 61] [14870  8449 13075  3367 12298 10311  8371  6326  4856 10723  3148  8519
  5880 10156  2157 16273  3512  7724 11221  2403  4714  6610  4184 11647
  4831  6106] [] 1716432686.3286287785
[-1 -1 -1 -1 -1 -1 -1 -1 -1 -1 -1 -1 -1 -1  1 -1 -1 -1 -1 -1 -1  1] [11 19 20 21 26 27 28 29 34 35 36 41 42 44 45 50 51 52 53 54 60 61] [ 9016  3581 12590 10667 10539  6399  6910 10935  3870  8573  6526 10747
  2260  3669  6556  2531  4779  7264  4371 11740  5375  6098] [] 1716432686.3716490269
[-1 -1 -1 -1 -1 -1 -1  1 -1  1 -1 -1 -1 -1 -1 -1 -1 -1 -1 -1 -1 -1] [11 19 20 21 26 27 28 29 34 35 36 41 42 43 44 45 50 51 52 53 60 61] [ 9150  3881 12874 10883 10718  6701  7717 10889  4013  8366  7092 10799
  2419 16355  3880  7944  2652  4944  7301  4583  5621  6114] [] 1716432686.4145359993
[-1 -1 -1 -1  1 -1 -1 -1 -1 -1 -1 -1 -1  1 -1 -1 -1 -1 -1 -1 -1 -1] [11 19 20 21 26 27 28 29 34 35 36 41 42 43 44 45 50 51 52 53 60 61] [ 9438  4171 12983 11249 10684  7493  9010 10992  4601  8546  8909 10869
  2635 16091  4212  8073  2991  5098  7477  5164  6057  6277] [] 1716432686.4575750828
[-1 -1 -1 -1 -1  1 -1 -1 -1 -1 -1 -1 -1  1 -1 -1 -1 -1 -1 -1 -1 -1] [11 19 20 21 26 27 28 29 34 35 36 41 42 43 44 45 50 51 52 53 60 61] [ 9680  5079 13266 12325 10800  6937 10695 11487  6629  8679  9840 11833
  2984 14811  4575  8263  3256  5236  8935  6791  6601  6415] [] 1716432686.5006361008
[-1 -1 -1 -1 -1 -1 -1 -1 -1 -1 -1 -1 -1  1 -1 -1 -1 -1 -1 -1] [11 19 20 26 27 28 29 34 35 36 41 42 44 45 50 51 52 53 60 61] [10113  7175 13813 11370  7180 10811 15754  7912  9795 11770 12054  3262
  5102  6724  3927  6616  9409  7375  7166  6815] [] 1716432686.5436728001
[-1 -1 -1 -1 -1 -1 -1 -1 -1 -1 -1 -1 -1  1 -1 -1 -1] [19 20 27 28 34 35 36 41 42 44 45 50 51 52 53 60 61] [ 8349 14318  7363 10920  7952 13437 14681 12709  3942  6409  7987  5609
  6981  7838  8195 11039  7415] [] 1716432686.5865645409
[-1 -1 -1 -1 -1 -1 -1 -1 -1 -1 -1 -1] [20 27 28 34 35 42 44 45 50 51 52 53] [14787  8775 11067  8117 13926  4345  9689  8365  5847  7951  8065 10523] [] 1716432686.6295080185
[-1 -1 -1 -1 -1  1  1 -1 -1 -1 -1 -1] [20 27 28 34 35 42 44 45 50 51 52 53] [15398 12047 11224  9413 14913  4168  9415 11850  6269  8523 12001 10569] [] 1716432686.6724658012
[-1 -1 -1 -1 -1 -1  1  1 -1  1  1] [20 27 28 34 42 44 45 50 51 52 53] [15442 12074 11647 11605  4604 10542 11315  5261  9370 11940  9993] [] 1716432686.7154843807
[ 1 -1  1  1 -1  1 -1 -1 -1  1 -1] [20 27 28 34 42 44 45 50 51 52 53] [14554 13260 11470 10391  6513  9477 11390  5384  9397 11709 11544] [] 1716432686.7584555149
[-1  1  1 -1 -1  1  1  1  1 -1 -1] [20 27 28 34 42 44 45 50 51 52 53] [14851 13242 11395 12431 11133  9402 11087  5123  8969 12353 13291] [] 1716432686.8015248775
[-1  1 -1 -1  1 -1 -1  1 -1] [20 28 34 42 44 45 50 51 52] [16155 11373 12797 12591  7735 11217  5904  8296 12508] [] 1716432686.8444445133
[-1 -1 -1 -1 -1 -1 -1 -1] [28 34 42 44 45 50 51 52] [11558 13155 12631  7785 12021  6079  8501 12997] [] 1716432686.8874790668
[-1  1 -1 -1 -1] [34 42 44 50 51] [13628 12408  8610  7449  8932] [] 1716432686.9304344654
[ 1  1 -1 -1] [42 44 50 51] [ 8806  8290 10958  9870] [] 1716432686.9735271931
[ 1 -1  1  1] [42 44 50 51] [ 7531 10399 10775  8902] [] 1716432687.0164766312
[-1 -1 -1  1] [42 44 50 51] [ 8078 13053 10895  8843] [] 1716432687.0594339371
[-1  1 -1] [42 50 51] [ 8161 10806 10876] [] 1716432687.1024289131
[-1 -1 -1] [42 50 51] [11224 11311 11522] [] 1716432687.1454267502
[ 1 -1  1] [42 50 51] [ 8406 14601 11342] [] 1716432687.1883111000
[-1] [42] [8726] [] 1716432687.2314023972
[1] [42] [8545] [] 1716432687.2744202614
[-1] [42] [13059] [] 1716432687.3173844814
2 2 2 1716432687.5325584412
