FA TAX ADC PRES TS
[-1] [42] [12829] [] 1716432631.4522421360
[-1] [42] [12651] [] 1716432631.5383601189
[1] [42] [12008] [] 1716432631.5813500881
[ 1 -1] [42 50] [10843 10053] [] 1716432631.6243250370
[1 1] [42 50] [10440  9907] [] 1716432631.6673815250
[1 1] [42 50] [10109  9807] [] 1716432631.7103452682
[ 1 -1  1] [42 44 50] [ 9915 14149  9734] [] 1716432631.7532925606
[1 1 1] [42 44 50] [ 9767 13733  9723] [] 1716432631.7963302135
[1 1 1] [42 44 50] [ 9675 13599  9652] [] 1716432631.8393969536
[-1 -1  1] [42 44 50] [10495 13619  9605] [] 1716432631.8823766708
[ 1  1  1 -1] [42 44 50 51] [ 9794 13123  7442 13988] [] 1716432631.9253640175
[ 1 -1  1  1] [42 44 50 51] [ 9751 13157  7335 13411] [] 1716432631.9684152603
[-1 -1  1  1  1] [36 42 44 50 51] [14816  9820 13049  7209 12627] [] 1716432632.0113575459
[-1  1 -1 -1 -1 -1  1] [28 36 42 44 45 50 51] [12487 14636 11086 13240 12247  8707 12491] [] 1716432632.0543668270
[1 1 1 1 1 1 1] [28 36 42 44 45 50 51] [12329 13260 10775 12841 11803  6825  7716] [] 1716432632.0972747803
[ 1 -1  1  1  1 -1  1  1 -1] [28 34 36 42 44 45 50 51 53] [12023  9652 10495  9995 12814 11965  6795  7553 10901] [] 1716432632.1404528618
[-1 -1 -1 -1  1  1  1 -1  1  1  1] [26 28 34 35 36 42 44 45 50 51 53] [11644 12275 10677 12182 10207  9290 12741 12025  5718  7333  7474] [] 1716432632.1833832264
[ 1  1  1  1  1  1  1  1  1  1 -1  1] [26 28 34 35 36 42 44 45 50 51 52 53] [11279 12040  9684 11474 10116  8136 10373 11523  4888  5742 13203  5576] [] 1716432632.2264485359
[-1  1 -1 -1  1  1  1  1  1  1  1  1  1 -1 -1 -1] [19 26 27 28 34 35 36 42 44 45 50 51 52 53 60 61] [10867  9805 13871 12117  9548 10544  7769  7369  9550  9853  4785  5689
 11972  5604 14664  8518] [] 1716432632.2693829536
[ 1  1  1  1  1 -1  1  1  1  1  1  1  1  1  1  1] [19 26 27 28 34 35 36 42 44 45 50 51 52 53 60 61] [10777  9711 12949 11976  8581 10987  7181  6858  8056  8410  4669  5608
 10947  5302 13099  8051] [] 1716432632.3123648167
[ 1  1 -1  1  1  1  1 -1  1  1 -1  1  1  1  1  1  1] [19 26 27 28 34 35 36 41 42 44 45 50 51 52 53 60 61] [10604  9455 13323 11908  7637  9478  6887 12774  6529  7323  8461  4622
  5196 10511  5038 10741  7643] [] 1716432632.3554008007
[-1  1 -1  1  1 -1  1  1  1  1  1  1  1  1  1  1  1  1] [18 19 26 27 28 34 35 36 41 42 44 45 50 51 52 53 60 61] [12121  8635  9573 13243 11775  8257  8250  6459 12543  5999  6452  7868
  4405  5113  8806  4674  9719  7383] [] 1716432632.3984715939
[ 1  1  1  1  1  1  1  1  1  1  1  1  1 -1  1  1  1  1] [18 19 26 27 28 34 35 36 41 42 44 45 50 51 52 53 60 61] [12016  6392  9460 13122 11705  7992  8161  6171 12397  5931  5821  7839
  4256  5115  8461  4600  8961  7262] [] 1716432632.4414958954
[ 1  1  1  1  1 -1  1  1  1  1  1  1  1  1  1  1  1  1  1] [18 19 26 27 28 29 34 35 36 41 42 44 45 50 51 52 53 60 61] [11855  5973  9374 13081 11608 14248  7337  8007  6011 12183  5154  4943
  7649  4095  4881  7203  4136  7813  7105] [] 1716432632.4845535755
[ 1  1  1 -1  1  1  1  1  1  1  1  1  1  1  1  1  1  1  1] [18 19 26 27 28 29 34 35 36 41 42 44 45 50 51 52 53 60 61] [11560  5293  8888 13242 11509  9895  5884  7771  5610 12030  4318  4338
  7639  3711  4767  6138  4084  6571  6907] [] 1716432632.5274920464
[-1  1  1  1  1 -1  1  1  1  1  1  1  1  1  1  1  1  1  1  1] [11 18 19 26 27 28 29 34 35 36 41 42 44 45 50 51 52 53 60 61] [12086 11509  5145  8728  8810 11691  9626  4847  7631  5271 11981  3723
  4091  6975  3484  4637  5735  3742  6205  6786] [] 1716432632.5704536438
[ 1 -1  1  1  1  1  1 -1  1  1  1  1 -1  1 -1  1 -1  1  1  1  1] [11 18 19 26 27 28 29 34 35 36 41 42 43 44 45 50 51 52 53 60 61] [10365 11632  5011  8539  8806 11477  9415  4866  7368  5106 11836  3450
 16286  4014  6998  3418  4662  5642  3426  5920  6732] [] 1716432632.6134424210
[ 1  1  1 -1  1 -1  1  1  1  1  1  1  1 -1  1  1 -1  1 -1 -1  1  1  1] [11 18 19 20 26 27 28 29 34 35 36 41 42 43 44 45 46 50 51 52 53 60 61] [10036 11245  4850 15342  8455  8907 11350  9365  4774  7329  5091 11417
  3192 16329  3875  6879 11501  3356  4669  5670  3308  5533  6552] [] 1716432632.6564433575
[ 1  1  1  1  1  1 -1  1  1  1  1  1  1  1  1  1  1 -1  1  1  1 -1  1  1] [11 18 19 20 26 27 28 29 34 35 36 41 42 43 44 45 46 50 51 52 53 57 60 61] [ 9926  8472  4617 14038  6922  8704 11402  9222  4556  7227  4877 11307
  2836 16165  3736  6800 11085  3359  4527  5547  3198 13688  5180  6439] [] 1716432632.6994619370
[ 1  1  1  1  1  1  1  1  1  1  1  1  1  1  1  1  1  1  1  1  1 -1  1  1
 -1] [11 18 19 20 26 27 28 29 34 35 36 41 42 43 44 45 46 50 51 52 53 54 57 60
 61] [ 9892  8275  4454 13529  6699  7649 11315  9035  4158  7081  4754 11011
  2637 14971  3659  6006  8813  3183  4269  5215  3156 12775  9387  4740
  6444] [] 1716432632.7424347401
[ 1  1  1  1  1  1  1  1  1  1  1  1  1 -1  1  1  1  1  1  1  1  1  1  1
  1] [11 18 19 20 26 27 28 29 34 35 36 41 42 43 44 45 46 50 51 52 53 54 57 60
 61] [ 9684  8133  4282 12936  6591  6621 11183  8960  3853  6867  4559 10991
  2443 15542  3509  5857  7419  3027  3978  4294  3071 12501  7070  4508
  6385] [] 1716432632.7854709625
[ 1  1  1  1 -1  1  1  1  1  1  1 -1  1  1  1  1 -1  1  1  1  1  1  1  1
  1  1] [11 18 19 20 26 27 28 29 34 35 36 37 41 42 43 44 45 46 50 51 52 53 54 57
 60 61] [ 9491  7960  4056 12513  6615  6360 10875  8909  3544  6819  4235 16352
 10561  2349 15185  3416  7811  7282  2971  3777  4142  2868 12318  5710
  4138  6329] [] 1716432632.8282384872
[ 1  1  1 -1 -1  1  1  1  1  1  1  1  1  1  1  1  1  1  1 -1 -1  1 -1  1
  1  1] [11 18 19 20 26 27 28 29 34 35 36 37 41 42 43 44 45 46 50 51 52 53 54 57
 60 61] [ 9464  6811  3976 12948  6743  6356  9266  8846  3413  6263  4034 15473
  9368  2223 14453  3304  7074  7261  2853  3786  4231  2784 12321  4826
  3844  6207] [] 1716432632.8714313507
[ 1  1  1  1  1  1  1 -1  1  1  1  1  1  1 -1  1  1 -1  1  1  1 -1  1  1
  1  1] [11 18 19 20 26 27 28 29 34 35 36 37 41 42 43 44 45 46 50 51 52 53 54 57
 60 61] [ 9357  6267  3873 12573  6693  6230  8366  8879  3353  6201  3884 14918
  7642  2156 15110  3245  5749  7375  2729  3748  4020  2800 11976  4690
  3746  6194] [] 1716432632.9144897461
[-1 -1  1  1  1  1 -1  1  1  1  1  1  1  1  1  1  1 -1  1  1  1  1  1  1
  1  1  1] [ 3 11 18 19 20 26 27 28 29 34 35 36 37 41 42 43 44 45 46 50 51 52 53 54
 57 60 61] [10527  9459  6157  3741 11461  5313  7052  6814  7818  3155  5631  3697
 10955  6336  2047 13795  3028  5758  7199  2512  3727  3919  2732  9359
  4065  3536  6192] [] 1716432632.9574477673
[ 1  1  1  1  1 -1  1  1  1  1  1  1  1  1  1  1 -1  1 -1  1  1  1  1  1
  1  1 -1 -1 -1] [ 3 11 18 19 20 21 26 27 28 29 34 35 36 37 41 42 43 44 45 46 50 51 52 53
 54 57 59 60 61] [ 8434  9351  5372  3734 11030 11366  5058  6923  6403  7614  2976  5337
  3582 10940  5323  1956 14507  2971  5788  7186  2460  3544  3915  2706
  9295  3775 11945  3607  6195] [] 1716432633.0005400181
[ 1  1  1  1 -1  1  1  1  1  1  1  1  1  1  1  1  1  1  1  1  1  1  1 -1
  1  1  1  1  1] [ 3 11 18 19 20 21 26 27 28 29 34 35 36 37 41 42 43 44 45 46 50 51 52 53
 54 57 59 60 61] [ 8061  9306  4945  3615 11252 11060  4498  6831  5709  7605  2854  5032
  3537 10491  4969  1924 13209  2833  5748  6729  2371  3436  3722  2724
  9269  3489 11642  3518  6178] [] 1716432633.0435013771
[ 1 -1  1  1 -1  1  1  1  1  1  1  1  1  1  1  1  1  1  1  1  1  1  1  1
  1  1  1  1 -1] [ 3 11 18 19 20 21 26 27 28 29 34 35 36 37 41 42 43 44 45 46 50 51 52 53
 54 57 59 60 61] [ 7987  9348  4598  3518 11451 10829  4214  6740  4831  7604  2784  4932
  3447 10197  4542  1867 11861  2786  5723  6618  2259  3236  3704  2630
  8733  3257 10596  3466  6219] [] 1716432633.0864641666
[ 1  1  1  1  1  1  1 -1  1  1  1 -1  1  1  1  1  1 -1  1  1  1  1 -1 -1
  1  1  1  1  1] [ 3 11 18 19 20 21 26 27 28 29 34 35 36 37 41 42 43 44 45 46 50 51 52 53
 54 57 59 60 61] [ 5703  9087  4154  3441  9281 10744  3892  6778  4486  7452  2638  5037
  3386 10047  4444  1805 10467  2793  5698  6411  2189  3146  3738  2636
  7527  3146  9503  3362  6196] [] 1716432633.1294710636
[ 1 -1  1  1  1  1  1  1  1  1  1  1 -1  1  1  1  1  1  1  1 -1  1 -1  1
  1  1 -1  1 -1  1 -1 -1] [ 3 10 11 18 19 20 21 26 27 28 29 34 35 36 37 41 42 43 44 45 46 50 51 52
 53 54 55 57 58 59 60 61] [ 4785 15870  8289  3901  3413  8786 10501  3790  6733  4262  7340  2589
  5188  3349  9796  4275  1766  9878  2562  5679  6518  2152  3160  3723
  2626  7345 10305  3119 11193  8682  3389  6272] [] 1716432633.1724092960
[ 1  1  1  1  1 -1  1  1  1  1  1 -1  1  1  1 -1  1  1 -1  1  1  1  1  1
 -1  1  1  1  1  1  1  1 -1 -1] [ 3 10 11 18 19 20 21 26 27 28 29 33 34 35 36 37 41 42 43 44 45 46 50 51
 52 53 54 55 57 58 59 60 61 62] [ 4607 15180  8066  3781  3406  9614 10455  3629  6603  3829  6344 15074
  2527  5121  3241 10282  4015  1710 10508  2522  5089  6497  2078  3066
  3754  2605  6217  8057  2998 10943  7955  3281  6371 13312] [] 1716432633.2155869007
[ 1  1  1  1  1 -1 -1  1  1  1  1  1  1  1  1 -1  1  1 -1  1  1 -1  1  1
  1  1  1  1  1  1 -1 -1 -1  1] [ 3 10 11 18 19 20 21 26 27 28 29 33 34 35 36 37 41 42 43 44 45 46 50 51
 52 53 54 55 57 58 59 60 61 62] [ 4462 12430  7149  3621  3281 10575 10777  3487  6460  3505  5805 13475
  2419  5013  3163 10667  3661  1635 11426  2331  4678  6552  2047  2850
  3622  2508  5362  6709  2933 10710  8180  3335  6396 12192] [] 1716432633.2585206032
[ 1  1  1  1  1  1 -1  1  1  1 -1  1  1  1  1  1  1 -1  1  1  1  1 -1  1
  1 -1  1  1  1 -1  1  1 -1  1] [ 3 10 11 18 19 20 21 26 27 28 29 33 34 35 36 37 41 42 43 44 45 46 50 51
 52 53 54 55 57 58 59 60 61 62] [ 4165  9202  6335  3493  3183  9082 10842  3331  6402  3333  6116 13308
  2359  4868  2978 10218  3592  1657 10341  2330  4644  6301  2061  2804
  3536  2513  5307  6695  2911 10723  7205  3247  6420 12070] [] 1716432633.3015034199
[ 1 -1  1  1 -1  1  1 -1 -1  1  1  1  1  1  1  1  1  1 -1  1 -1  1  1 -1
 -1  1  1  1  1 -1  1  1  1  1] [ 3 10 11 18 19 20 21 26 27 28 29 33 34 35 36 37 41 42 43 44 45 46 50 51
 52 53 54 55 57 58 59 60 61 62] [ 4135  9248  6099  3443  3207  8724 10764  3351  6409  3277  5896 12706
  2300  4738  2957  9762  3517  1631 11353  2310  4661  5608  2020  2812
  3618  2512  5287  6604  2899 10729  6886  3211  6405 11852] [] 1716432633.3443350792
[-1  1  1  1  1 -1  1  1  1  1  1 -1  1  1  1 -1  1  1  1 -1  1 -1 -1  1
 -1  1  1 -1 -1  1 -1  1 -1  1 -1] [ 3 10 11 18 19 20 21 26 27 28 29 33 34 35 36 37 41 42 43 44 45 46 47 50
 51 52 53 54 55 57 58 59 60 61 62] [ 4179  9044  5740  3381  3180  9019 10638  3327  6256  3214  5824 12728
  2290  4685  2935  9793  3504  1604  9834  2338  4615  5941 15703  2018
  2818  3615  2505  5303  6744  2870 10772  6861  3255  6378 11960] [] 1716432633.3874869347
[ 1  1 -1  1 -1  1 -1  1  1  1  1 -1  1 -1  1  1  1  1 -1  1 -1 -1 -1 -1
 -1  1 -1 -1 -1  1 -1  1  1 -1] [ 3 10 11 18 19 20 21 26 27 28 29 33 34 35 36 37 41 42 43 44 45 46 50 51
 52 53 54 55 57 58 59 60 61 62] [ 4159  8978  5749  3367  3194  8748 10650  3311  6222  3181  5790 12800
  2286  4694  2884  9696  3504  1603  9883  2323  4620  6036  2047  2830
  3631  2485  5380  7043  2875 10602  6866  3197  6352 12140] [] 1716432633.4304842949
[ 1 -1 -1  1  1  1  1  1  1  1  1  1 -1  1 -1 -1 -1 -1 -1 -1 -1 -1  1 -1
 -1 -1  1 -1 -1 -1 -1 -1  1 -1] [ 3 10 11 18 19 20 21 26 27 28 29 33 34 35 36 37 41 42 43 44 45 46 50 51
 52 53 54 55 57 58 59 60 61 62] [ 4108  9006  5859  3325  3155  8562 10588  3291  6156  3172  5771 12608
  2292  4693  2890  9797  3938  1632 10168  2343  4924  6431  2036  2917
  3671  2513  5274  9723  2923 10727  7461  3213  6298 15700] [] 1716432633.4733898640
[-1 -1 -1 -1 -1 -1  1 -1 -1 -1 -1  1 -1  1 -1 -1 -1 -1 -1 -1 -1 -1 -1 -1
 -1  1 -1 -1 -1 -1 -1  1] [ 3 10 11 18 19 20 21 26 27 28 29 33 34 35 36 37 41 42 43 44 45 46 50 51
 52 53 54 57 58 59 60 61] [ 4370 11059  6905  3405  3210  8605 10445  3332  6169  3347  5789 12448
  2338  4664  2977  9987  4043  1664 10194  2527  5383  6472  2047  2951
  3711  2504  6155  2989 12977  7914  3271  6177] [] 1716432633.5164053440
[-1 -1 -1 -1 -1 -1  1 -1 -1 -1 -1  1 -1  1 -1  1 -1 -1 -1 -1 -1  1 -1 -1
 -1 -1 -1 -1  1 -1 -1  1] [ 3 10 11 18 19 20 21 26 27 28 29 33 34 35 36 37 41 42 43 44 45 46 50 51
 52 53 54 57 58 59 60 61] [ 4411 12419  7943  3653  3246  9345 10434  3389  6217  3492  6300 12295
  2370  4590  3088  9844  4253  1713 10213  2576  5386  6393  2127  3078
  3806  2506  6383  3167 11341  9297  3349  6149] [] 1716432633.5594651699
[-1 -1 -1 -1 -1  1 -1 -1 -1 -1 -1 -1 -1 -1 -1 -1 -1 -1 -1 -1 -1 -1 -1 -1
 -1 -1 -1 -1 -1 -1] [ 3 11 18 19 20 21 26 27 28 29 33 34 35 36 37 41 42 43 44 45 46 50 51 52
 53 54 57 59 60 61] [ 4526  8213  3785  3267 10181 10376  3445  6515  3837  7289 12372  2482
  4592  3225 10047  4548  1745 10283  2655  5535  6647  2161  3318  3830
  2530  6607  3241  9647  3381  6157] [] 1716432633.6024525166
[-1 -1 -1  1 -1 -1 -1 -1 -1 -1 -1 -1 -1 -1  1 -1 -1 -1 -1 -1 -1 -1 -1  1
 -1 -1 -1 -1 -1  1] [ 3 11 18 19 20 21 26 27 28 29 33 34 35 36 37 41 42 43 44 45 46 50 51 52
 53 54 57 59 60 61] [ 5567  8927  3946  3258 10232 10398  3629  6577  4083  7469 15036  2565
  4731  3280  9981  4813  1798 11483  2656  5584  6880  2278  3528  3797
  2566  9743  3506 11636  3396  6148] [] 1716432633.6453835964
[-1 -1 -1 -1 -1 -1 -1  1 -1  1 -1  1 -1 -1 -1 -1 -1 -1 -1 -1 -1 -1 -1 -1
 -1 -1 -1 -1 -1] [ 3 11 18 19 20 21 26 27 28 29 34 35 36 37 41 42 43 44 45 46 50 51 52 53
 54 57 59 60 61] [ 7904  9105  4421  3333 10667 10412  3906  6502  4394  7438  2658  4622
  3341 10170  5400  1888 14920  2763  5663  7708  2431  3700  4120  2660
 11812  4031 11920  3488  6205] [] 1716432633.6883060932
[-1 -1 -1 -1  1 -1 -1 -1 -1 -1 -1 -1 -1 -1 -1 -1  1 -1 -1 -1 -1  1 -1 -1
 -1 -1 -1  1] [ 3 11 18 19 20 21 26 27 28 29 34 35 36 37 41 42 43 44 45 46 50 51 52 53
 54 57 60 61] [11983  9135  5184  3467 10419 10736  4223  6707  5258  7613  2842  4933
  3467 10711  6710  1922 14710  2888  5745  7966  2442  3630  4186  2671
 11891  4177  3498  6110] [] 1716432633.7314379215
[-1 -1 -1 -1 -1 -1 -1 -1 -1 -1 -1 -1 -1 -1 -1  1 -1  1 -1 -1 -1 -1 -1 -1
 -1 -1 -1] [11 18 19 20 21 26 27 28 29 34 35 36 37 41 42 43 44 45 46 50 51 52 53 54
 57 60 61] [ 9137  5319  3499 10959 10942  5154  6719  5465  8795  2928  5202  3513
 10910  8937  2056 14349  2956  5731 10129  2599  3708  4206  2787 13071
  5124  3658  6171] [] 1716432633.7744774818
[-1 -1 -1 -1 -1 -1 -1 -1 -1 -1 -1 -1 -1 -1  1 -1 -1 -1 -1 -1 -1 -1 -1 -1
  1] [11 18 19 20 26 27 28 29 34 35 36 37 41 42 43 44 45 46 50 51 52 53 57 60
 61] [ 9189  6077  3593 11840  6475  6794  6139  8813  3180  5859  3718 12821
 10485  2191 14050  3085  6321 11079  2734  3839  4277  2943  5991  3730
  6152] [] 1716432633.8173849583
[-1 -1 -1 -1 -1 -1 -1 -1 -1 -1 -1 -1 -1 -1  1 -1 -1 -1 -1 -1 -1 -1 -1 -1] [11 18 19 20 26 27 28 29 34 35 36 37 41 42 43 44 45 50 51 52 53 57 60 61] [ 9364  6696  3815 12054  6911  6858  9143  8930  3452  6054  3940 13119
 11188  2314 13925  3227  6607  2915  3965  4414  2994  8720  3951  6195] [] 1716432633.8603289127
[-1 -1 -1 -1 -1 -1 -1  1 -1 -1 -1 -1 -1 -1 -1 -1 -1 -1 -1 -1 -1 -1 -1] [11 18 19 20 26 27 28 29 34 35 36 41 42 43 44 45 50 51 52 53 57 60 61] [ 9463  7990  4081 12438  7652  8589  9580  8862  3900  6168  4450 11613
  2664 14899  3535  6743  3189  4287  4919  3347 12657  4471  6550] [] 1716432633.9034221172
[-1 -1 -1 -1 -1 -1 -1 -1 -1 -1 -1 -1 -1 -1 -1 -1 -1 -1 -1 -1 -1] [11 18 19 20 26 27 28 29 34 35 36 41 42 44 45 50 51 52 53 60 61] [ 9843  8424  4490 15430  7860 12190 10754  9279  4435  7092  5092 11713
  3189  3661  6907  3270  4480  5075  3695  4851  6717] [] 1716432633.9463980198
[-1 -1 -1  1 -1 -1 -1 -1 -1 -1 -1 -1 -1 -1 -1 -1 -1 -1 -1 -1] [11 18 19 20 26 27 28 29 34 35 36 42 44 45 50 51 52 53 60 61] [10086 11574  4847 14304  8339 12383 10902  9517  5597  7850  5534  3784
  4157  7335  3880  4892  6308  4576  5655  7114] [] 1716432633.9893112183
[-1 -1 -1 -1 -1 -1 -1 -1 -1 -1  1 -1 -1 -1 -1 -1 -1] [19 26 27 28 29 34 35 36 42 44 45 50 51 52 53 60 61] [ 5294  8614 12783 11043 11814  5903 13086  6414  4025  4297  7335  4175
  4996  7697  5001  5934  7237] [] 1716432634.0323026180
[-1 -1 -1 -1 -1 -1 -1 -1 -1 -1 -1 -1 -1 -1 -1 -1] [19 26 27 28 34 35 36 42 44 45 50 51 52 53 60 61] [ 5534  8855 12815 11179  6565 15545  6587  6303  4819  9283  4911  5527
 12081  6467  7635  7876] [] 1716432634.0754249096
[-1 -1  1  1 -1 -1 -1 -1 -1 -1 -1 -1 -1  1 -1] [19 26 27 28 34 36 42 44 45 50 51 52 53 60 61] [ 7004 11193 11259  9221  8219  8424  7072  5139 10355  5919  5690 13601
  6796  7616  8230] [] 1716432634.1183958054
[-1 -1 -1 -1 -1 -1 -1 -1 -1  1 -1 -1 -1  1] [19 26 27 28 34 36 42 44 45 50 51 53 60 61] [ 7753 11390 13411 11365  8294  9223  7609  5193 11372  5759  6017  7458
  8070  8163] [] 1716432634.1613984108
[-1  1  1 -1 -1 -1 -1 -1 -1 -1 -1 -1 -1] [19 26 27 28 34 36 42 44 45 50 51 53 60] [ 9434 11356 13297 11521 11429  9596  8334  6126 11404  6734  7263  8272
 13358] [] 1716432634.2043936253
[-1 -1 -1 -1 -1 -1 -1 -1 -1 -1 -1 -1] [19 26 27 28 34 36 42 44 45 50 51 52] [10738 11898 13429 11614 11680 11147  9561  7753 11889  7343 11294  9975] [] 1716432634.2474009991
[-1 -1 -1 -1 -1 -1 -1] [26 28 34 36 42 44 50] [13823 12130 11682 15062 10478 12219  8607] [] 1716432634.2901873589
[-1  1  1  1 -1] [28 36 42 44 50] [12294 12173  9082 12219  8669] [] 1716432634.3334028721
[ 1 -1 -1 -1] [36 42 44 50] [12108  9410 12373  8979] [] 1716432634.3762061596
[ 1 -1 -1 -1] [36 42 44 50] [10532  9763 12619  9887] [] 1716432634.4193093777
[-1  1 -1  1] [36 42 44 50] [10543  9074 13241  9855] [] 1716432634.4623701572
[-1 -1  1] [36 42 50] [12449  9297  9765] [] 1716432634.5052793026
[-1 -1] [42 50] [9441 9797] [] 1716432634.5481286049
[ 1 -1] [42 50] [9163 9991] [] 1716432634.5913941860
[-1  1] [42 50] [10845  9895] [] 1716432634.6343224049
[-1 -1] [42 50] [12888 11538] [] 1716432634.6773631573
2 2 2 1716432634.8519883156
