FA TAX ADC PRES TS
[-1] [42] [12944] [] 1716435191.5823979378
[1] [42] [10945] [] 1716435191.6255054474
[-1 -1] [42 50] [11426 10723] [] 1716435191.6683576107
[-1  1] [42 50] [11481 10190] [] 1716435191.7114546299
[-1  1] [42 50] [11549  6959] [] 1716435191.7545146942
[ 1 -1  1] [42 44 50] [ 9813 14171  6810] [] 1716435191.7974765301
[-1  1 -1] [42 44 50] [11492 12919  7036] [] 1716435191.8403871059
[ 1  1 -1] [42 44 50] [10241 10187  7325] [] 1716435191.8834939003
[-1 -1  1  1] [35 42 44 50] [16166 10344  9931  6324] [] 1716435191.9264764786
[-1  1  1  1  1] [34 35 42 44 50] [12671 16091 10183  9769  6271] [] 1716435191.9694807529
[ 1  1 -1  1  1] [34 35 42 44 50] [ 9820 15144 10541  8370  6149] [] 1716435192.0123498440
[ 1  1 -1 -1 -1 -1] [34 35 42 44 45 50] [ 9706 14563 10872  8643 12137  6160] [] 1716435192.0555112362
[-1 -1  1  1 -1  1 -1 -1 -1] [27 28 34 35 42 44 45 50 51] [13554 12443  8868 11894 11088  8079 12181  6319 12631] [] 1716435192.0984265804
[-1 -1  1  1 -1  1  1  1  1  1  1 -1] [19 26 27 28 34 35 42 44 45 50 51 52] [11440 12623 10997 12147  9177 10998  9858  7440 11834  5821 11553 14956] [] 1716435192.1414227486
[ 1  1  1 -1  1  1  1  1  1  1  1  1 -1] [19 26 27 28 34 35 42 44 45 50 51 52 53] [11141 12091 10649 12181  8501 10634  7448  6532 11820  5282 11251 12913
 11830] [] 1716435192.1843626499
[1 1 1 1 1 1 1 1 1 1 1 1 1] [19 26 27 28 34 35 42 44 45 50 51 52 53] [10706 11692 10556 11989  7471 10182  5868  5603 11424  4832 10982 11448
  7227] [] 1716435192.2275290489
[ 1  1  1  1  1  1 -1  1  1  1  1  1  1  1 -1] [19 26 27 28 34 35 41 42 44 45 50 51 52 53 61] [ 7362  9705  9505 11589  6548  9810 12647  5371  5343 11222  4646 10837
  9587  6571  7843] [] 1716435192.2705314159
[ 1  1  1 -1  1  1 -1  1  1  1  1  1  1  1  1 -1  1] [19 26 27 28 34 35 36 41 42 44 45 50 51 52 53 60 61] [ 6583  9375  9005 11614  5652  9406 13546 12334  4486  4937 10994  4410
  7534  8846  6281 13744  7631] [] 1716435192.3135859966
[1 1 1 1 1 1 1 1 1 1 1 1 1 1 1 1 1] [19 26 27 28 34 35 36 41 42 44 45 50 51 52 53 60 61] [ 5849  8989  7594 11562  5162  9226 12276 11980  4072  4627  9494  4198
  6373  8482  5386 12850  7233] [] 1716435192.3564257622
[1 1 1 1 1 1 1 1 1 1 1 1 1 1 1 1 1] [19 26 27 28 34 35 36 41 42 44 45 50 51 52 53 60 61] [ 5332  8751  7236 11263  4772  9167 11110 11905  3580  4477  8523  3985
  6182  7982  5105 11312  7080] [] 1716435192.3995707035
[ 1 -1  1 -1  1  1  1  1  1  1  1  1  1  1  1  1  1  1] [19 20 26 27 28 34 35 36 41 42 44 45 50 51 52 53 60 61] [ 5049 16223  8444  7240 11111  4367  8657  9697 11745  3149  4141  8356
  3662  5737  7106  4439  8636  6841] [] 1716435192.4425361156
[-1 -1  1  1 -1 -1  1 -1  1  1  1  1  1  1  1  1  1  1  1] [11 19 20 26 27 28 34 35 36 41 42 44 45 50 51 52 53 60 61] [10051  5103 15383  8372  7474 11130  4135  8733  9134 11730  2833  3891
  8115  3519  5642  6867  4172  7987  6640] [] 1716435192.4855394363
[ 1  1  1  1  1  1 -1  1  1  1  1  1  1  1  1  1  1  1  1  1] [11 19 20 26 27 28 29 34 35 36 41 42 44 45 50 51 52 53 60 61] [ 9873  4797 14841  8276  7402  9534 11604  3931  7938  8823 11567  2623
  3624  7959  3382  5460  5665  4012  6219  6486] [] 1716435192.5283164978
[ 1  1  1  1  1  1  1  1  1  1  1  1 -1  1  1  1  1  1  1  1  1] [11 19 20 26 27 28 29 34 35 36 41 42 43 44 45 50 51 52 53 60 61] [ 9632  4542 14273  7275  6959  9378 10844  3811  7407  8077 11522  2509
 16238  3464  7805  3310  5333  5119  3673  5613  6265] [] 1716435192.5715923309
[ 1 -1  1  1  1  1  1  1  1  1  1  1  1  1 -1 -1  1  1  1 -1  1  1] [11 18 19 20 26 27 28 29 34 35 36 41 42 44 45 46 50 51 52 53 60 61] [ 9501 11100  4345 13511  6311  6739  7777 10608  3600  7322  7628 11437
  2346  3387  7912 11201  3215  5255  4977  3709  5086  6258] [] 1716435192.6146273613
[ 1  1  1  1 -1  1  1  1 -1  1 -1  1  1  1 -1  1  1  1  1  1  1  1 -1 -1
  1 -1] [11 18 19 20 21 26 27 28 29 34 35 36 41 42 43 44 45 46 50 51 52 53 54 57
 60 61] [ 9343 10970  4247 13119 11625  5553  6724  6680 10810  3458  7404  7198
 10416  2294 16187  3242  7859 10980  3113  5255  4874  3626 12243 11146
  4965  6277] [] 1716435192.6576273441
[ 1  1  1  1  1  1 -1  1  1  1  1  1  1  1  1  1 -1  1  1  1  1  1  1  1
  1  1] [11 18 19 20 21 26 27 28 29 34 35 36 41 42 43 44 45 46 50 51 52 53 54 57
 60 61] [ 9235 10800  4106 12370 11198  5051  6798  6030 10796  3457  7336  6686
  7507  2162 16059  2970  7876  9117  2822  4515  4771  3411  8665 10351
  4741  6133] [] 1716435192.7005376816
[ 1  1  1  1  1  1  1  1  1  1  1  1  1  1  1  1  1  1  1  1  1  1  1  1
 -1  1  1] [11 18 19 20 21 26 27 28 29 34 35 36 41 42 43 44 45 46 50 51 52 53 54 57
 59 60 61] [ 9043 10408  3850 11899 10744  4367  6613  5373  8424  3343  6081  5952
  7349  2055 16003  2852  7797  9067  2599  4472  4623  3217  7394  9153
 12303  4540  6070] [] 1716435192.7436168194
[-1 -1  1  1  1  1  1  1  1  1  1 -1  1  1  1  1  1  1 -1  1 -1  1  1  1
  1  1  1  1] [ 3 11 18 19 20 21 26 27 28 29 34 35 36 41 42 43 44 45 46 50 51 52 53 54
 57 59 60 61] [13984  9095 10286  3740 11409 10644  4177  6554  4806  7192  3097  6362
  5628  6203  2018 14810  2642  7690 10749  2405  4596  4560  3085  7072
  7515 11661  4482  6010] [] 1716435192.7866773605
[-1  1  1  1  1  1  1  1  1  1  1  1  1  1  1  1  1 -1  1  1  1 -1  1  1
  1  1  1  1] [ 3 11 18 19 20 21 26 27 28 29 34 35 36 41 42 43 44 45 46 50 51 52 53 54
 57 59 60 61] [14832  8951 10248  3656 11210 10478  3919  6463  4303  6928  2977  5828
  5092  5870  1942 14167  2559  7708  8483  2239  4552  4593  3085  7018
  7218 11510  4306  5971] [] 1716435192.8296444416
[ 1  1  1  1  1 -1  1  1  1  1  1  1  1  1  1  1  1  1  1  1 -1  1  1  1
  1 -1  1  1] [ 3 11 18 19 20 21 26 27 28 29 34 35 36 41 42 43 44 45 46 50 51 52 53 54
 57 59 60 61] [ 5877  8897  9952  3533 10860 10526  3531  5562  3687  6670  2690  5500
  4687  5674  1889 13495  2424  6031  7366  2132  4970  4476  2981  5937
  6271 11520  3909  5927] [] 1716435192.8725020885
[ 1  1  1  1  1  1  1  1  1  1 -1  1 -1  1 -1  1  1  1  1  1  1  1  1  1
  1  1  1  1  1 -1] [ 3 11 18 19 20 21 26 27 28 29 33 34 35 36 37 41 42 43 44 45 46 50 51 52
 53 54 57 59 60 61] [ 5542  8237  8270  3454 10717 10366  3439  5400  3440  6626 13157  2676
  5511  4445 16320  5298  1787 13278  2338  5855  7019  2043  4750  4352
  2936  4931  5807 10480  3804  5975] [] 1716435192.9156305790
[ 1  1  1  1  1  1  1 -1  1  1  1  1 -1  1  1  1  1 -1  1 -1  1  1  1  1
  1  1  1  1  1  1] [ 3 11 18 19 20 21 26 27 28 29 33 34 35 36 37 41 42 43 44 45 46 50 51 52
 53 54 57 59 60 61] [ 5338  6633  5794  3343 10482 10332  3199  5499  3255  5678 12675  2486
  5560  4125 12724  5035  1767 13640  2322  5902  6739  2031  4578  4282
  2836  4766  5368  8971  3735  5916] [] 1716435192.9585731030
[-1  1  1  1 -1  1  1  1  1  1 -1  1  1  1  1  1  1  1 -1  1  1  1 -1  1
  1 -1 -1  1  1  1 -1] [ 3 11 18 19 20 21 26 27 28 29 33 34 35 36 37 41 42 43 44 45 46 50 51 52
 53 54 55 57 59 60 61] [ 5348  6363  5439  3322 10512 10193  3165  5213  3182  4884 12706  2414
  5538  4037 12172  4473  1691 10557  2323  5023  6002  1922  4590  4139
  2678  4837 10174  4926  6712  3514  5962] [] 1716435193.0016658306
[ 1 -1  1  1  1  1  1  1  1  1  1  1  1 -1  1  1  1  1  1  1  1  1 -1  1
  1  1 -1 -1  1  1  1 -1 -1] [ 3 10 11 18 19 20 21 26 27 28 29 33 34 35 36 37 41 42 43 44 45 46 47 50
 51 52 53 54 55 57 59 60 61] [ 5207 12705  5439  4839  3199  8575 10173  2927  5142  3083  4667 12532
  2314  5631  3881 11756  4188  1642  9154  2216  4977  5920 12189  1908
  4009  4099  2687  5149  6901  4126  5810  3556  6006] [] 1716435193.0445208549
[ 1  1  1  1  1  1 -1  1  1  1  1  1  1  1  1  1  1  1  1  1  1  1 -1  1
  1  1  1  1  1  1  1  1  1] [ 3 10 11 18 19 20 21 26 27 28 29 33 34 35 36 37 41 42 43 44 45 46 47 50
 51 52 53 54 55 57 59 60 61] [ 4439  8992  4747  4603  3122  7466 10274  2799  4905  2950  4605 12321
  2206  5525  3568 11410  4147  1635  8833  2208  4823  5834 15223  1878
  3895  4060  2670  5107  6508  3831  5503  3539  6004] [] 1716435193.0877244473
[ 1  1  1  1 -1  1  1  1  1  1  1 -1  1  1  1 -1 -1  1  1 -1  1  1  1  1
  1  1  1  1  1  1  1  1  1  1] [ 3 10 11 18 19 20 21 26 27 28 29 33 34 35 36 37 38 41 42 43 44 45 46 47
 50 51 52 53 54 55 57 59 60 61] [ 4295  8851  4617  4519  3131  6538 10149  2731  4833  2910  4600 12351
  2152  5383  3507 12178 13191  3796  1594  8848  2192  4411  5436 12875
  1816  3671  3895  2540  4779  5187  3513  4365  3395  5977] [] 1716435193.1306447983
[ 1  1  1 -1  1  1 -1 -1  1  1  1  1  1  1  1  1  1  1  1  1  1  1  1  1
  1  1  1  1 -1 -1  1  1 -1  1  1 -1 -1] [ 3 10 11 18 19 20 21 23 26 27 28 29 33 34 35 36 37 38 41 42 43 44 45 46
 47 50 51 52 53 54 55 57 58 59 60 61 62] [ 4027  8450  4063  4543  3080  6460 10198 14143  2623  4783  2825  4594
 12290  2082  5113  3231 11800 11653  3707  1552  8579  2160  4351  5365
 11337  1808  3591  3876  2570  4909  4987  3491 13581  4296  3271  5978
 16344] [] 1716435193.1737115383
[ 1  1  1  1 -1 -1 -1  1  1  1  1  1 -1  1 -1  1  1 -1  1  1  1  1 -1  1
  1  1 -1 -1  1 -1  1  1  1  1  1  1  1] [ 3 10 11 18 19 20 21 23 26 27 28 29 33 34 35 36 37 38 41 42 43 44 45 46
 47 50 51 52 53 54 55 57 58 59 60 61 62] [ 3985  8321  3862  4167  3132  6542 10268 14135  2579  4741  2712  4575
 12312  2061  5114  3169 11110 11845  3688  1545  8356  2152  4391  5026
 10655  1790  3593  3915  2569  4935  4976  3422 13263  4250  3263  5973
 15716] [] 1716435193.2165482044
[ 1 -1 -1  1  1 -1  1 -1  1  1 -1  1  1  1  1  1  1 -1  1  1  1 -1  1  1
  1  1  1  1  1  1  1 -1  1  1  1  1 -1] [ 3 10 11 18 19 20 21 23 26 27 28 29 33 34 35 36 37 38 41 42 43 44 45 46
 47 50 51 52 53 54 55 57 58 59 60 61 62] [ 3947  8344  3867  4071  3092  6578 10213 14143  2567  4666  2727  4551
 12296  2055  5105  3155 11051 13184  3648  1541  8327  2176  4317  4911
 10404  1780  3549  3895  2560  4883  4910  3431 13159  4184  3229  5964
 15976] [] 1716435193.2596864700
[ 1  1 -1  1  1  1 -1  1  1  1  1 -1  1 -1  1  1 -1 -1  1 -1 -1  1  1  1
 -1 -1  1  1  1  1 -1  1  1  1  1 -1  1] [ 3 10 11 18 19 20 21 23 26 27 28 29 33 34 35 36 37 38 41 42 43 44 45 46
 47 50 51 52 53 54 55 57 58 59 60 61 62] [ 3935  8283  3871  4055  3076  6497 10262 14075  2549  4657  2717  4567
 12277  2075  5033  3147 11136 13523  3626  1558  8362  2128  4301  4903
 11427  1798  3530  3846  2539  4826  5021  3377 12511  4135  3199  6044
 15952] [] 1716435193.3026330471
[-1  1  1 -1  1  1  1  1 -1  1  1  1  1  1  1 -1 -1  1 -1  1 -1 -1 -1 -1
 -1  1 -1  1 -1 -1 -1 -1 -1 -1 -1  1] [ 3 10 11 18 19 20 21 23 26 27 28 29 33 34 35 36 37 38 41 42 43 44 45 46
 47 50 51 52 53 54 55 57 58 59 60 61] [ 3987  8194  3790  4071  3074  6484 10228 14059  2591  4640  2662  4501
 12247  2034  5021  3175 11201 11437  3683  1546  8459  2144  4329  5314
 12671  1778  3583  3836  2559  4861  5721  3505 14195  4442  3263  5915] [] 1716435193.3456900120
[ 1 -1 -1 -1  1  1  1 -1  1 -1 -1 -1 -1 -1  1  1  1 -1 -1 -1 -1 -1 -1 -1
 -1 -1 -1 -1  1 -1 -1 -1 -1  1 -1] [ 3 10 11 18 19 20 21 23 26 27 28 29 33 34 35 36 37 38 41 42 43 44 45 46
 47 50 51 52 53 54 55 57 59 60 61] [ 3927  8414  3879  4511  3048  6408 10124 14091  2559  4675  2689  4510
 12251  2060  4996  3140 10921 12137  3731  1552  8858  2162  4383  5627
 15673  1779  3634  3842  2537  4900  6667  3633  4973  3195  5925] [] 1716435193.3883652687
[-1 -1 -1  1  1  1  1 -1 -1 -1 -1 -1 -1 -1 -1 -1 -1 -1 -1  1  1 -1  1 -1
 -1 -1 -1  1 -1 -1 -1 -1  1] [ 3 10 11 18 19 20 21 23 26 27 28 29 33 34 35 36 37 41 42 43 44 45 46 50
 51 52 53 54 55 57 59 60 61] [ 3972  8634  4063  4417  3015  6357  9937 14375  2582  4702  2793  4531
 12360  2090  5038  3198 12312  4166  1585  8717  2156  4483  5597  1812
  3805  3852  2541  4839 15302  4031  5719  3223  5843] [] 1716435193.4316759109
[-1 -1 -1 -1 -1 -1  1 -1  1 -1  1  1 -1 -1 -1  1 -1 -1 -1 -1 -1 -1 -1 -1
 -1 -1  1 -1 -1 -1  1] [ 3 10 11 18 19 20 21 26 27 28 29 33 34 35 36 37 41 42 43 44 45 46 50 51
 52 53 54 57 59 60 61] [ 4157 10520  4607  4611  3016  7288  9811  2626  4697  2826  4453 12305
  2145  5102  3398 12104  4248  1627  9020  2224  4711  5974  1877  4114
  3958  2566  4734  4863  6691  3313  5813] [] 1716435193.4746499062
[-1 -1 -1 -1 -1 -1 -1 -1  1 -1 -1 -1 -1 -1 -1  1 -1 -1 -1 -1  1 -1 -1 -1
 -1 -1 -1 -1 -1 -1 -1] [ 3 10 11 18 19 20 21 26 27 28 29 33 34 35 36 37 41 42 43 44 45 46 50 51
 52 53 54 57 59 60 61] [ 5083 13107  4913  4769  3089  8959  9821  2747  4666  2893  4612 12329
  2236  5302  3504 12083  4537  1683 11898  2242  4701  6549  1912  4321
  4051  2655  5055  5391  8162  3422  5893] [] 1716435193.5176930428
[ 1 -1 -1 -1 -1 -1  1 -1 -1 -1 -1  1 -1 -1 -1  1 -1 -1 -1 -1  1 -1 -1 -1
  1  1 -1 -1 -1 -1  1] [ 3 10 11 18 19 20 21 26 27 28 29 33 34 35 36 37 41 42 43 44 45 46 50 51
 52 53 54 57 59 60 61] [ 5059 14776  6527  4823  3220  9874  9820  2970  4712  2983  4646 12298
  2304  5400  3694 12058  4851  1725 12139  2304  4675  6814  2006  4378
  4039  2650  6206  6143  9390  3706  5827] [] 1716435193.5603971481
[-1 -1 -1 -1 -1 -1 -1 -1 -1 -1 -1 -1 -1 -1 -1 -1 -1 -1 -1 -1 -1 -1 -1 -1
 -1 -1 -1 -1 -1 -1] [ 3 11 18 19 20 21 26 27 28 29 33 34 35 36 37 41 42 43 44 45 46 50 51 52
 53 54 57 59 60 61] [ 5299  7098  5425  3271 10009  9884  3083  5047  3099  5609 12474  2465
  5473  4059 12144  5291  1812 14873  2512  5451  7921  2091  4650  4136
  2768  7055  7207 11777  3854  5855] [] 1716435193.6036598682
[-1 -1 -1 -1 -1 -1 -1 -1 -1 -1 -1 -1 -1 -1 -1 -1 -1  1 -1 -1 -1 -1 -1 -1
 -1 -1 -1 -1 -1 -1] [ 3 11 18 19 20 21 26 27 28 29 33 34 35 36 37 41 42 43 44 45 46 50 51 52
 53 54 57 59 60 61] [12926  8756  9861  3370 10132 10158  3375  5374  3407  6760 13171  2628
  5493  4471 13183  5443  1838 14647  2552  5468  7950  2158  4812  4220
  2860  8368  7651 11967  3935  5873] [] 1716435193.6466102600
[-1 -1 -1 -1 -1 -1 -1 -1 -1 -1 -1 -1 -1 -1 -1 -1 -1 -1 -1 -1 -1 -1 -1 -1
 -1 -1 -1] [ 3 11 18 19 20 21 26 27 28 29 34 35 36 41 42 43 44 45 46 50 51 52 53 54
 57 60 61] [15317  8840  9942  3422 10329 10177  3505  5410  3598  6820  2751  5535
  4570  7011  1996 15587  2660  5549  8382  2226  4818  4463  3118 11932
  8757  3997  5932] [] 1716435193.6896977425
[-1 -1 -1 -1 -1 -1 -1 -1 -1 -1 -1 -1 -1 -1  1 -1 -1 -1 -1 -1 -1 -1 -1 -1] [11 18 19 20 21 26 27 28 29 34 35 36 41 42 43 44 45 46 50 51 52 53 60 61] [ 8943 10069  3637 10881 10500  4073  5502  4361  7007  3051  5790  5007
  9476  2130 14595  2875  5758 11098  2425  5535  4545  3563  4410  6134] [] 1716435193.7326536179
[-1 -1 -1 -1 -1 -1 -1 -1 -1 -1 -1 -1 -1 -1  1 -1 -1 -1  1 -1 -1 -1 -1] [11 18 19 20 21 26 27 28 29 34 35 36 41 42 43 44 45 50 51 52 53 60 61] [ 9005 10464  3865 11562 10778  4765  5523  5059  8028  3236  7126  5403
  9860  2463 14483  3136  5802  2727  5464  5525  3897  5336  6289] [] 1716435193.7756412029
[-1 -1 -1 -1 -1 -1 -1 -1 -1  1 -1 -1 -1 -1 -1 -1 -1 -1 -1 -1 -1] [11 18 19 20 26 27 28 29 34 35 36 41 42 44 45 50 51 52 53 60 61] [ 9141 10826  4205 12527  5727  5653  6631 10423  3512  6728  6438 10293
  2920  4059  6297  3259  7193  6907  4792  6809  6673] [] 1716435193.8185930252
[-1 -1 -1 -1 -1 -1 -1 -1 -1 -1  1 -1 -1 -1 -1 -1 -1 -1 -1 -1] [11 19 20 26 27 28 29 34 35 36 41 42 44 45 50 51 52 53 60 61] [ 9561  4853 13354  7305  6699 10525 10906  4373  7266  7458 10096  3732
  4775  7595  3994  8169  7810  6396  8272  7278] [] 1716435193.8616065979
[-1 -1 -1 -1 -1 -1 -1 -1 -1 -1 -1 -1 -1 -1 -1 -1 -1 -1 -1] [11 19 20 26 27 28 34 35 36 41 42 44 45 50 51 52 53 60 61] [11484  6504 14027 10218  7510 11121  7148  9855 10970 11729  4560  5405
  7876  5152 10706 11812  6946 14051  7457] [] 1716435193.9044992924
[-1 -1 -1 -1  1 -1 -1 -1 -1  1 -1 -1  1 -1 -1  1 -1] [19 20 26 27 28 34 35 36 41 42 44 45 50 51 52 53 61] [ 7781 15129 10521 11125 11078  7376 15277 14299 12001  4415  5715  8162
  5136 10809 12203  6675  7772] [] 1716435193.9475507736
[-1 -1 -1 -1 -1 -1  1 -1 -1 -1 -1 -1 -1 -1 -1 -1] [19 20 26 27 28 34 35 36 41 42 44 45 50 51 52 53] [11849 15461 10658 11213 11195  9491 13300 15474 12633  5753  6177  8232
  5699 11338 13570  8927] [] 1716435193.9906511307
[ 1 -1  1 -1  1 -1 -1 -1 -1 -1 -1] [19 26 28 34 42 44 45 50 51 52 53] [ 8222 10901 11150 11646  5510  6729  8388  6331 13180 15177 14826] [] 1716435194.0335462093
[-1 -1 -1  1 -1 -1 -1 -1  1] [19 26 28 34 42 44 45 50 51] [11726 11054 11249 10130  5595  7190 11452  6685 11891] [] 1716435194.0764045715
[-1  1 -1 -1 -1 -1 -1  1] [26 28 34 42 44 45 50 51] [11332 11236 11767  6277  8152 12445  7173 11284] [] 1716435194.1195185184
[-1 -1 -1  1  1  1  1] [26 28 34 42 44 50 51] [11786 11635 12466  6245  7711  7156 10890] [] 1716435194.1625483036
[-1 -1  1 -1 -1 -1 -1] [26 28 34 42 44 50 51] [12191 11773 12299  6571 10145  7369 11408] [] 1716435194.2055594921
[-1 -1 -1  1  1] [26 34 42 44 50] [14511 12354  7107  9919  7331] [] 1716435194.2482321262
[-1 -1 -1 -1] [34 42 44 50] [12607  7446 10475  9750] [] 1716435194.2914478779
[-1 -1 -1] [42 44 50] [ 8101 10931  9791] [] 1716435194.3345117569
[-1 -1] [42 50] [ 8423 10211] [] 1716435194.3774511814
[-1 -1] [42 50] [ 9490 10468] [] 1716435194.4203729630
[-1 -1] [42 50] [12503 11157] [] 1716435194.4634861946
[1] [42] [12457] [] 1716435194.5064544678
[-1] [42] [14797] [] 1716435194.5494918823
2 2 2 1716435194.7216558456
