FA TAX ADC PRES TS
[-1  1] [42 44] [10859 12429] [] 1716435924.4770412445
[-1 -1] [42 44] [11135 12446] [] 1716435924.5200817585
[-1 -1] [42 44] [11385 12661] [] 1716435924.5630111694
[-1 -1 -1] [42 44 50] [11679 13416 10593] [] 1716435924.6060335636
[1 1 1] [42 44 50] [11504 12479 10270] [] 1716435924.6490087509
[-1  1  1] [42 44 50] [11720 12175 10128] [] 1716435924.6919424534
[ 1 -1  1] [42 44 50] [11655 12301  9932] [] 1716435924.7349691391
[-1 -1  1] [42 44 50] [11685 12815  9892] [] 1716435924.7779583931
[-1 -1  1 -1 -1] [28 42 44 45 50] [11747 11772  9229 13460  9974] [] 1716435924.8209955692
[-1  1  1  1  1] [28 42 44 45 50] [11866 10225  8771 10203  9777] [] 1716435924.8639836311
[ 1 -1  1  1  1] [28 42 44 45 50] [11333 11580  7885  8961  9744] [] 1716435924.9069309235
[ 1 -1 -1  1 -1  1 -1] [28 34 42 44 45 50 53] [11298 14281 11805  7554  9403  8957 10747] [] 1716435924.9499750137
[-1 -1  1 -1  1  1 -1 -1  1] [26 28 34 36 42 44 45 50 53] [12994 11587 12395 13504 11706  6875 10270  9344 10000] [] 1716435924.9930415154
[ 1  1  1  1  1  1 -1  1] [26 28 34 42 44 45 50 53] [12397 11400 12266 11535  6261  9359  9573  9765] [] 1716435925.0360503197
[ 1 -1  1  1  1  1  1  1] [26 28 34 42 44 45 50 53] [11861 11405 10990  9650  6217  9087  9166  9545] [] 1716435925.0789964199
[ 1  1  1  1  1 -1  1  1] [26 28 34 42 44 45 50 53] [11611 11270  7686  8435  5582  9918  8831  8933] [] 1716435925.1220073700
[ 1  1  1 -1  1  1  1 -1 -1 -1] [26 28 34 42 44 45 50 51 52 53] [11116 10881  7159  9554  5481  9566  8722 13037 10207  9077] [] 1716435925.1649997234
[-1  1 -1 -1 -1  1  1  1  1 -1  1] [19 26 28 34 42 44 45 50 51 52 53] [15919 10982 11038  7973  9583  5415  8780  8559 11362 10235  8389] [] 1716435925.2080450058
[ 1  1  1 -1 -1  1  1 -1  1 -1  1 -1 -1] [26 28 34 36 41 42 44 45 50 51 52 53 61] [10580 10766  7905 14041 11569  9029  5268  8985  8063 11367 10043  8910
  9219] [] 1716435925.2509932518
[-1 -1 -1  1 -1 -1 -1  1  1  1  1 -1  1  1] [19 26 28 34 36 41 42 44 45 50 51 52 53 61] [ 9446 10802 11345  7902 14053 11583  9054  5064  8577  7506 11097 10269
  8427  8434] [] 1716435925.2939789295
[ 1  1 -1 -1  1  1 -1  1  1  1  1  1  1  1  1] [19 26 27 28 34 36 41 42 44 45 50 51 52 53 61] [ 7830 10712 15412 11400  7777 13893 11821  7579  4882  8366  7285 11009
  9887  8395  8125] [] 1716435925.3370614052
[1 1 1 1 1 1 1 1 1 1 1 1 1 1 1] [19 26 27 28 34 36 41 42 44 45 50 51 52 53 61] [ 6913 10710 15107 11285  7694 13612 10476  7000  4576  8033  6561 10871
  9653  8259  7468] [] 1716435925.3800601959
[-1  1  1  1 -1  1 -1  1  1  1  1  1  1  1  1  1  1] [11 19 26 27 28 34 35 36 41 42 44 45 50 51 52 53 61] [11505  6234 10643 12060 11350  7599 16123 13493  9640  5563  4415  7677
  5977  7930  9649  7899  7116] [] 1716435925.4230327606
[1 1 1 1 1 1 1 1 1 1 1 1 1 1 1 1 1] [11 19 26 27 28 34 35 36 41 42 44 45 50 51 52 53 61] [10277  5804  9155 11237 11217  7427 15147 13292  9180  5289  4242  7575
  5468  6785  9087  7579  6910] [] 1716435925.4659302235
[ 1  1 -1  1  1  1  1  1  1  1  1  1  1  1  1  1  1] [11 19 26 27 28 34 35 36 41 42 44 45 50 51 52 53 61] [10060  5588  9213 11107 11038  7229 14800 13269  8105  4553  4034  7322
  4688  6678  8121  6562  6741] [] 1716435925.5090191364
[ 1  1 -1  1  1  1  1  1  1  1  1  1  1  1  1  1  1] [11 19 26 27 28 34 35 36 41 42 44 45 50 51 52 53 61] [ 9708  4995  9614 10849 10907  5770 14582 13022  7640  4034  3884  7019
  4473  6597  7377  5976  6559] [] 1716435925.5520040989
[ 1  1 -1  1 -1 -1  1  1  1  1  1  1 -1  1  1  1  1  1] [11 19 21 26 27 28 34 35 36 41 42 44 45 50 51 52 53 61] [ 9546  4640 11634  9461 10938 11035  5435 13044 12733  7361  3821  3745
  7022  4344  6487  7009  5752  6491] [] 1716435925.5950539112
[-1  1  1  1  1 -1  1  1  1  1  1  1 -1  1  1  1  1  1] [11 19 21 26 27 28 34 35 36 41 42 44 45 50 51 52 53 61] [ 9622  4474 11099  9378 10889 11070  5174 11520 12709  6709  3374  3534
  7050  4076  6450  6755  5112  6411] [] 1716435925.6379315853
[ 1  1  1  1  1  1  1  1  1  1  1  1  1  1  1  1  1 -1 -1] [11 19 21 26 27 28 34 35 36 41 42 44 45 50 51 52 53 60 61] [ 9402  4336 10810  8403 10887 10955  4823  9274 11255  6223  3078  3333
  7045  3978  6137  6318  4871 14260  6430] [] 1716435925.6810131073
[ 1  1 -1  1  1  1 -1 -1  1  1  1  1  1  1  1  1  1  1  1  1] [11 19 20 21 26 27 28 34 35 36 41 42 44 45 50 51 52 53 60 61] [ 9256  4089 16204 10510  7290 10855 11002  4983  8412  9406  5436  2873
  3252  6952  3703  5252  6227  4543 14187  6375] [] 1716435925.7239286900
[ 1  1  1  1 -1  1  1  1  1  1  1  1  1  1  1  1  1  1 -1 -1  1  1] [11 19 20 21 26 27 28 34 35 36 41 42 44 45 50 51 52 53 54 57 60 61] [ 9133  4002 15929 10471  7780 10805 10791  4681  8076  8023  5060  2730
  3210  6917  3671  5178  6223  4405 12867 16144 11206  6372] [] 1716435925.7670397758
[ 1  1  1  1  1 -1  1  1 -1  1  1  1  1  1  1  1  1  1  1  1  1  1] [11 19 20 21 26 27 28 34 35 36 41 42 44 45 50 51 52 53 54 57 60 61] [ 9041  3901 15813 10430  6975 10845 10763  4650  8117  6192  4736  2607
  3110  6831  3572  4906  6014  4170 11927 13549  8638  6349] [] 1716435925.8099870682
[-1 -1  1  1  1  1 -1  1  1 -1  1  1  1  1  1  1  1  1  1 -1 -1  1  1 -1] [ 3 11 19 20 21 26 27 28 34 35 36 41 42 44 45 50 51 52 53 54 55 57 60 61] [13677  9167  3789 15203 10428  6283 10861 10735  4632  8225  5743  4450
  2418  3008  6756  3409  4660  5895  3904 12070  9236 12440  6427  6469] [] 1716435925.8529858589
[ 1 -1  1  1  1  1  1 -1  1  1  1  1  1  1 -1 -1  1  1  1  1 -1  1  1  1
 -1] [ 3 11 19 20 21 26 27 28 34 35 36 41 42 44 45 47 50 51 52 53 54 55 57 60
 61] [ 6525  9257  3752 14619 10425  5909 10667 10785  4491  8195  5370  4250
  2357  2948  6796 15735  3346  4564  5444  3834 12294  7522 11490  6227
  6511] [] 1716435925.8961083889
[ 1  1  1  1 -1  1 -1 -1 -1  1 -1  1  1  1  1  1  1  1  1  1  1  1  1  1
  1  1] [ 3 11 19 20 21 26 27 28 29 34 35 36 41 42 44 45 47 50 51 52 53 54 55 57
 60 61] [ 5950  9111  3696 13982 10478  5307 10671 10834 10025  4390  8289  5301
  3988  2291  2910  6745 15422  3306  4509  5278  3800 12201  7039 10613
  5857  6409] [] 1716435925.9390871525
[ 1  1  1  1 -1  1  1  1  1  1  1  1  1  1  1  1 -1  1  1  1  1  1  1  1
  1  1  1] [ 3 11 19 20 21 26 27 28 29 34 35 36 41 42 44 45 46 47 50 51 52 53 54 55
 57 60 61] [ 5279  8943  3577 13933 10594  4844 10461 10795  9976  4371  8231  4963
  3896  2136  2851  6684 15044 12277  3212  4126  4830  3566 10806  6086
  8904  5026  6324] [] 1716435925.9820508957
[ 1 -1  1  1  1  1  1 -1  1 -1 -1  1  1  1  1  1  1 -1  1  1  1  1  1  1
  1  1  1] [ 3 11 19 20 21 26 27 28 29 34 35 36 41 42 44 45 46 47 50 51 52 53 54 55
 57 60 61] [ 5142  9100  3475 13323 10286  4430  7950 10901  9841  4399  8272  4834
  3803  2068  2774  5929 12957 12291  3094  3818  4710  3454 10076  5744
  7836  4711  6291] [] 1716435926.0250554085
[ 1  1  1  1 -1  1  1  1  1  1 -1  1  1  1  1  1  1  1  1  1  1  1  1  1
  1 -1 -1] [ 3 11 19 20 21 26 27 28 29 34 35 36 41 42 44 45 46 47 50 51 52 53 54 55
 57 60 61] [ 4394  8925  3446 13274 10349  3913  7841  9670  9808  4051  8282  4666
  3685  2009  2701  5766 12907 10245  3028  3694  4523  3382  7175  5494
  7190  4725  6312] [] 1716435926.0681047440
[ 1  1  1 -1  1  1  1  1  1  1  1  1  1  1  1  1  1  1  1  1  1  1  1  1
  1  1  1] [ 3 11 19 20 21 26 27 28 29 34 35 36 41 42 44 45 46 47 50 51 52 53 54 55
 57 60 61] [ 4311  8906  3409 13329 10180  3751  7811  9652  8972  3926  7562  4583
  3548  1918  2597  5149 10474  8702  2994  3570  4099  3224  6847  5073
  6012  4583  6276] [] 1716435926.1110348701
[ 1  1  1  1  1  1  1 -1  1  1  1  1  1  1  1  1  1  1  1  1 -1  1  1  1
 -1 -1  1  1] [ 3 11 19 20 21 26 27 28 29 34 35 36 41 42 44 45 46 47 50 51 52 53 54 55
 57 59 60 61] [ 4162  6575  3334 13082 10171  3519  7693 10068  8380  3687  6644  4414
  3280  1858  2509  5105 10359  7384  2638  3532  4125  3037  6346  4612
  6047 14231  4357  6189] [] 1716435926.1541194916
[ 1  1  1  1  1  1  1  1  1  1  1  1 -1 -1  1  1  1  1  1  1  1  1  1  1
  1  1  1  1  1] [ 3 11 19 20 21 26 27 28 29 34 35 36 37 41 42 44 45 46 47 50 51 52 53 54
 55 57 59 60 61] [ 4159  6394  3261 12786 10120  3439  7693  9474  8014  3560  6387  4242
 16370  3292  1826  2493  4930 10231  6368  2623  3455  4082  2876  5579
  4603  4955 13707  4314  6189] [] 1716435926.1970930099
[ 1 -1  1 -1 -1  1 -1 -1  1 -1  1  1  1  1  1  1  1  1  1  1  1  1 -1  1
  1  1  1 -1  1  1] [ 3 11 19 20 21 26 27 28 29 33 34 35 36 37 41 42 44 45 46 47 50 51 52 53
 54 55 57 59 60 61] [ 4047  6409  3198 12942 10123  3413  7728  9504  7997 12677  3539  6226
  4191 15220  3162  1761  2394  4615  8050  5838  2537  3310  4100  2747
  5218  4225  4243 13757  4163  6067] [] 1716435926.2400965691
[ 1  1 -1 -1  1 -1  1  1  1  1  1  1  1  1  1  1  1  1  1  1  1 -1  1  1
  1  1  1 -1 -1  1 -1 -1] [ 3 11 18 19 20 21 26 27 28 29 33 34 35 36 37 41 42 44 45 46 47 50 51 52
 53 54 55 57 58 59 60 61] [ 3935  6219 11132  3199  9741 10202  3159  7721  9470  7920 12537  3419
  6213  3983 14437  3076  1746  2385  4571  6644  5564  2548  3280  4006
  2645  4623  4097  4251 12711 11160  4270  6155] [] 1716435926.2830553055
[ 1 -1  1  1  1 -1  1  1  1  1 -1  1  1  1  1  1  1  1  1  1 -1  1  1 -1
  1  1  1  1  1  1  1 -1  1] [ 3 10 11 18 19 20 21 26 27 28 29 33 34 35 36 37 41 42 44 45 46 47 50 51
 52 53 54 55 57 58 59 60 61] [ 3855 15984  5875 10992  3124 10279 10198  3129  7711  9283  7961 12475
  3334  6167  3831 14284  3042  1708  2361  4446  6707  5500  2476  3295
  3968  2608  4275  4062  4165 12527 10405  4299  6066] [] 1716435926.3260540962
[ 1  1  1  1  1  1  1  1  1 -1 -1  1  1  1 -1 -1  1  1 -1  1  1  1  1 -1
  1  1  1 -1  1  1 -1  1  1  1] [ 3 10 11 18 19 20 21 26 27 28 29 33 34 35 36 37 41 42 43 44 45 46 47 50
 51 52 53 54 55 57 58 59 60 61] [ 3785 15015  5763 10928  3088 10162 10170  3057  7654  9433  8071 12431
  3315  6071  3832 14368  3015  1699 16231  2348  4167  6647  5461  2490
  3220  3952  2576  4526  4051  4095 12555  9421  4223  6059] [] 1716435926.3690738678
[ 1  1  1  1  1  1  1 -1  1  1  1 -1  1  1  1  1 -1  1  1  1 -1  1  1  1
  1  1 -1 -1  1  1 -1 -1 -1  1] [ 3 10 11 18 19 20 21 26 27 28 29 33 34 35 36 37 41 42 43 44 45 46 47 50
 51 52 53 54 55 57 58 59 60 61] [ 3780 14885  5641 10792  3052 10134 10055  3071  7039  9259  7866 12464
  3278  5959  3820 14365  3062  1693 16123  2344  4271  6603  5452  2446
  3213  3950  2578  4567  3992  4095 12567  9513  4239  6038] [] 1716435926.4121110439
[ 1  1 -1  1  1 -1  1  1  1 -1  1  1 -1  1  1  1  1  1  1 -1 -1 -1  1  1
 -1  1  1 -1  1 -1  1 -1] [ 3 10 11 18 19 20 21 26 27 28 29 33 34 35 36 37 41 42 44 45 46 47 50 51
 52 53 54 55 57 59 60 61] [ 3720 14755  5721 10754  3044 10217 10033  3019  6789  9286  7856 12354
  3280  5959  3818 14320  3029  1686  2330  4413  7208  5582  2384  3184
  3965  2576  4564  4178  4090 10382  4203  6127] [] 1716435926.4550757408
[-1  1 -1  1 -1  1 -1 -1 -1  1  1  1  1  1 -1  1 -1 -1 -1 -1 -1 -1  1 -1
 -1  1 -1 -1 -1 -1  1  1] [ 3 10 11 18 19 20 21 26 27 28 29 33 34 35 36 37 41 42 44 45 46 47 50 51
 52 53 54 55 57 59 60 61] [ 3743 14508  5990 10670  3073  9802 10088  3055  7639  9240  7822 12352
  3266  5880  3874 14243  3074  1693  2375  4463  8011  5814  2377  3240
  3976  2574  4785  4279  4430 10445  4203  6064] [] 1716435926.4980039597
[ 1 -1 -1 -1 -1  1  1 -1 -1 -1 -1 -1 -1 -1 -1  1 -1 -1 -1 -1 -1 -1 -1 -1
  1 -1 -1 -1 -1 -1 -1 -1] [ 3 10 11 18 19 20 21 26 27 28 29 33 34 35 36 37 41 42 44 45 46 47 50 51
 52 53 54 55 57 59 60 61] [ 3692 15653  6052 10704  3109  9544  9949  3186  7654  9288  7850 12374
  3323  6013  3940 14185  3145  1746  2431  4611  9998  8219  2392  3335
  3922  2728  5162  5001  4893 11438  4279  6159] [] 1716435926.5410728455
[-1  1 -1 -1 -1  1 -1  1  1 -1 -1 -1 -1 -1 -1 -1 -1 -1 -1 -1 -1 -1  1 -1
 -1 -1 -1 -1  1 -1] [ 3 11 18 19 20 21 26 27 28 29 33 34 35 36 37 41 42 44 45 46 47 50 51 52
 53 54 55 57 60 61] [ 3775  5914 11878  3163 12751  9839  3279  7610  9179  7863 12504  3375
  6025  4030 14209  3178  1782  2433  5172 10195  8906  2431  3281  3978
  2762  5386  5372  5346  4235  6174] [] 1716435926.5841028690
[ 1  1 -1  1 -1  1 -1 -1  1 -1 -1 -1 -1 -1 -1 -1 -1 -1 -1 -1 -1 -1 -1 -1
 -1 -1 -1 -1  1 -1] [ 3 11 18 19 20 21 26 27 28 29 33 34 35 36 37 41 42 44 45 46 47 50 51 52
 53 54 55 57 60 61] [ 3771  5909 14280  3142 12759  9824  3327  7637  9169  7942 12526  3425
  6083  4175 14506  3454  1811  2551  5695 12921 12295  2558  3379  4051
  2794  8620  5769  5522  4182  6207] [] 1716435926.6271135807
[-1 -1 -1  1 -1 -1 -1 -1 -1 -1 -1 -1 -1 -1 -1  1 -1 -1 -1 -1 -1 -1 -1 -1
 -1 -1  1] [ 3 11 19 20 21 26 27 28 29 34 35 36 37 41 42 44 45 47 50 51 52 53 54 55
 57 60 61] [ 3846  6213  3219 12750  9856  3369  7639  9293  8012  3497  6146  4176
 15103  3556  1898  2541  5983 15159  2716  3493  4123  3036 11314  6218
  7044  4403  6143] [] 1716435926.6699192524
[-1 -1 -1 -1  1 -1 -1  1 -1 -1 -1 -1 -1 -1 -1 -1 -1 -1 -1 -1 -1 -1 -1 -1
  1] [ 3 11 19 20 21 26 27 28 29 34 35 36 41 42 44 45 50 51 52 53 54 55 57 60
 61] [ 4107  8113  3254 12964  9848  3661  7675  9227  9493  3676  6772  4178
  3770  1940  2602  6437  2833  3789  4242  3128 11806 10223  8247  4693
  6107] [] 1716435926.7129170895
[-1 -1 -1 -1  1 -1 -1 -1 -1 -1 -1 -1 -1 -1 -1 -1 -1 -1 -1 -1 -1 -1 -1  1] [ 3 11 19 20 21 26 27 28 29 34 35 36 41 42 44 45 50 51 52 53 54 57 60 61] [ 4955  8418  3363 12968  9811  4074  7812 10536  9719  3830  7672  4472
  3888  2052  2658  6465  2945  3938  4394  3208 11993  9280  5544  6048] [] 1716435926.7561128139
[-1 -1 -1 -1 -1 -1 -1  1 -1 -1  1 -1 -1 -1 -1 -1 -1 -1 -1 -1  1 -1 -1 -1] [ 3 11 19 20 21 26 27 28 29 34 35 36 41 42 44 45 50 51 52 53 54 57 60 61] [ 5493  8864  3386 13112  9903  4331 10466 10447 10394  3848  7565  4607
  3947  2112  2674  6586  2972  4073  4678  3337 11916 11629  5967  6150] [] 1716435926.7990684509
[-1  1 -1 -1 -1 -1  1  1 -1 -1 -1 -1 -1 -1 -1 -1 -1 -1 -1 -1 -1  1] [ 3 11 19 20 21 26 27 28 34 35 36 41 42 44 45 50 51 52 53 57 60 61] [ 6243  8789  3486 13373 10011  5247 10459 10331  4188  7739  4690  4390
  2278  2808  6723  3196  4512  5000  3479 14498  9614  6121] [] 1716435926.8420133591
[-1 -1 -1 -1 -1  1 -1  1  1 -1 -1 -1 -1 -1 -1 -1 -1 -1 -1 -1] [11 19 20 21 26 27 28 34 35 36 41 42 44 45 50 51 52 53 60 61] [ 8836  3535 13594 10157  5617 10321 10384  4176  7679  5001  4850  2463
  2904  6751  3286  4696  5307  3862 11209  6186] [] 1716435926.8850262165
[-1 -1 -1 -1 -1 -1 -1 -1  1 -1 -1 -1 -1 -1 -1 -1  1 -1 -1 -1] [11 19 20 21 26 27 28 34 35 36 41 42 44 45 50 51 52 53 60 61] [ 8856  3618 14020 10206  6006 10360 10476  4250  7634  5282  5132  2589
  2990  6774  3360  5526  5303  4062 11258  6307] [] 1716435926.9280669689
[-1 -1 -1 -1 -1 -1  1 -1  1 -1 -1 -1 -1  1 -1 -1 -1 -1 -1 -1] [11 19 20 21 26 27 28 34 35 36 41 42 44 45 50 51 52 53 60 61] [ 8959  3668 14342 10650  6265 10488 10359  4342  7612  5326  6282  2830
  3154  6737  3583  5973  5616  4458 14708  6348] [] 1716435926.9710850716
[-1 -1 -1 -1 -1 -1 -1 -1 -1 -1 -1 -1 -1 -1 -1 -1 -1 -1 -1] [11 19 20 21 26 27 28 34 35 36 41 42 44 45 50 51 52 53 61] [ 9013  3842 15049 10742  7448 10596 10391  4461  7699  6002  7079  3142
  3242  6804  3758  6396  6302  4528  6437] [] 1716435927.0139899254
[-1 -1 -1 -1 -1 -1 -1 -1 -1 -1 -1 -1 -1 -1 -1 -1 -1 -1 -1] [11 19 20 21 26 27 28 34 35 36 41 42 44 45 50 51 52 53 61] [ 9201  4085 15728 10846  8250 10644 10516  4528  8150  6727  7708  3580
  3728  7187  4349  6579  6778  5084  6756] [] 1716435927.0570075512
[-1 -1 -1 -1 -1 -1 -1 -1 -1 -1 -1 -1 -1 -1 -1 -1 -1 -1] [11 19 21 26 27 28 34 35 36 41 42 44 45 50 51 52 53 61] [ 9626  4474 11364  8399 10840 10686  4875  8551  7959  8189  4062  3947
  7311  4648  6629  8045  5373  7013] [] 1716435927.1000306606
[-1 -1 -1 -1  1 -1 -1 -1 -1 -1 -1 -1 -1 -1 -1 -1 -1] [11 19 26 27 28 34 35 36 41 42 44 45 50 51 52 53 61] [ 9859  4828  8647 10946 10638  5135  8685  8440  9624  5169  4194  7642
  4935  6829  8693  6018  7381] [] 1716435927.1430375576
[-1  1 -1  1 -1 -1 -1 -1 -1 -1 -1 -1 -1 -1 -1 -1] [19 26 27 28 34 35 36 41 42 44 45 50 51 52 53 61] [ 5055  8525 11077 10567  5915  9373  8991 11662  6786  4551  8039  6255
  8289  9030  7637  7959] [] 1716435927.1860027313
[-1 -1 -1 -1 -1 -1 -1 -1 -1 -1 -1 -1 -1 -1  1 -1] [19 26 27 28 34 35 36 41 42 44 45 50 51 52 53 61] [ 5442 10193 11286 10723  6242 14534  9216 12111  8377  5085  8634  6847
 10979  9557  7363  8571] [] 1716435927.2289910316
[-1 -1 -1 -1 -1 -1 -1 -1 -1 -1 -1 -1 -1  1] [19 26 27 28 34 35 36 42 44 45 50 51 52 53] [ 6491 10441 11935 11078  6386 14858 12580 10404  5428  8639  7938 11077
 10266  7362] [] 1716435927.2719395161
[-1  1 -1 -1 -1  1 -1  1 -1 -1 -1 -1 -1 -1] [19 26 27 28 34 35 36 42 44 45 50 51 52 53] [ 9585 10356 15032 11279  7442 14826 13529 10020  6191  9251  8538 11263
 10824  8990] [] 1716435927.3150897026
[-1  1  1 -1  1  1 -1 -1 -1 -1 -1 -1] [26 27 28 34 35 36 42 44 45 50 51 53] [10653 15025 11263  8859 14665 12731 10715  7309 11677  9325 11525  9537] [] 1716435927.3579399586
[-1 -1 -1 -1 -1 -1 -1 -1  1 -1] [26 27 28 34 35 36 42 44 45 50] [10902 15148 11481  8889 14966 12741 10834  7982 11181  9431] [] 1716435927.4009842873
[-1  1 -1 -1 -1  1 -1 -1 -1] [26 28 34 35 36 42 44 45 50] [11003 11312 12331 14967 13665  9921  9893 11447  9559] [] 1716435927.4439945221
[-1 -1 -1 -1 -1 -1 -1] [26 28 36 42 44 45 50] [11147 11510 13732 11498 10123 11797  9667] [] 1716435927.4870092869
[-1 -1 -1 -1 -1] [28 36 42 44 50] [11779 14741 12123 10163  9819] [] 1716435927.5299220085
[-1  1  1 -1] [28 42 44 50] [11952 11519 10019  9822] [] 1716435927.5729694366
[-1 -1 -1] [42 44 50] [11981 10521 10423] [] 1716435927.6159818172
[-1  1  1] [42 44 50] [12020 10490 10277] [] 1716435927.6589953899
[-1  1  1] [28 42 50] [12395 11605 10185] [] 1716435927.7019469738
[-1 -1] [28 42] [13006 11633] [] 1716435927.7449104786
[1] [42] [11456] [] 1716435927.7879281044
[1] [42] [11158] [] 1716435927.8309249878
2 2 2 1716435927.8312129974
