FA TAX ADC PRES TS
[-1] [42] [12243] [] 1716436284.7184112072
[1] [42] [12155] [] 1716436284.7614612579
[1] [42] [11320] [] 1716436284.8044643402
[1] [42] [8748] [] 1716436284.8474650383
[-1] [42] [10219] [] 1716436284.8904681206
[ 1 -1] [42 50] [ 8773 10470] [] 1716436284.9333031178
[-1 -1  1] [42 44 50] [ 9181 13022 10340] [] 1716436284.9764549732
[1 1 1] [42 44 50] [ 7842 12589  9852] [] 1716436285.0194180012
[ 1  1 -1] [42 44 50] [ 7573 12576  9912] [] 1716436285.0624580383
[1 1 1] [42 44 50] [ 7039 12471  9752] [] 1716436285.1053991318
[ 1  1 -1] [42 44 50] [ 5553 12235  9758] [] 1716436285.1484837532
[-1 -1  1 -1] [28 42 44 50] [12275  5619 12170  9817] [] 1716436285.1914391518
[1 1 1 1] [28 42 44 50] [11673  5249 11853  8716] [] 1716436285.2344124317
[1 1 1 1] [28 42 44 50] [11234  5128 11203  8693] [] 1716436285.2774226665
[1 1 1 1] [28 42 44 50] [10944  4754  9705  8591] [] 1716436285.3203003407
[ 1 -1 -1 -1 -1] [28 42 44 45 50] [10859  4780  9971 11841  8614] [] 1716436285.3633460999
[-1 -1 -1  1  1 -1  1 -1 -1] [19 27 28 42 44 45 50 53 61] [10647 13693 11535  4508  8061 11852  8614 11099  7996] [] 1716436285.4064402580
[ 1  1 -1  1  1 -1  1 -1  1 -1 -1] [19 27 28 42 44 45 50 51 53 60 61] [10639 11887 11545  4270  7713 11956  8197 12305  8814 13559  8133] [] 1716436285.4494652748
[ 1  1  1 -1  1  1 -1  1  1 -1  1  1 -1] [19 27 28 36 42 44 45 50 51 52 53 60 61] [ 8926 11742 11544 16095  4138  7091 12112  7850 11837 15666  8564 12652
  8179] [] 1716436285.4925196171
[ 1  1  1 -1  1  1  1  1  1  1  1  1  1  1] [19 27 28 34 36 42 44 45 50 51 52 53 60 61] [ 8614 11599 11461 12684 15141  3883  6407 12003  6580 11403 13776  8242
  9893  8033] [] 1716436285.5355110168
[ 1  1  1  1 -1  1  1  1  1  1  1  1  1  1  1] [19 27 28 34 35 36 42 44 45 50 51 52 53 60 61] [ 7447 11391 11341 12397 16333 14874  3746  5965  9527  5821 11125 13081
  7933  9545  7876] [] 1716436285.5783190727
[1 1 1 1 1 1 1 1 1 1 1 1 1 1 1] [19 27 28 34 35 36 42 44 45 50 51 52 53 60 61] [ 6726  9530 11174 12189 16157 14633  3616  5297  9092  5293 10921 12902
  7598  8534  7714] [] 1716436285.6212980747
[1 1 1 1 1 1 1 1 1 1 1 1 1 1 1] [19 27 28 34 35 36 42 44 45 50 51 52 53 60 61] [ 6469  9328 11006 11958 16074 14556  3330  4678  8535  4859 10769 11569
  7036  7415  7364] [] 1716436285.6642854214
[ 1  1  1 -1  1  1  1 -1  1 -1  1  1  1  1  1  1  1  1] [19 27 28 29 34 35 36 41 42 43 44 45 50 51 52 53 60 61] [ 5925  9109 10416 12348  9740 15271 14449 16127  3278 14679  4371  8037
  4393  7948 11093  6196  7119  7143] [] 1716436285.7072889805
[-1  1 -1 -1  1 -1  1  1  1  1 -1  1  1  1 -1  1  1  1  1  1  1] [11 19 20 26 27 28 29 34 35 36 41 42 43 44 45 50 51 52 53 60 61] [10701  5621 15276 14908  9098 10437 11525  7517 14751 14362 16147  3117
 14503  4236  8083  4245  7552 10745  6072  6835  6995] [] 1716436285.7502748966
[ 1  1  1  1  1  1  1 -1  1  1 -1  1  1  1  1  1  1 -1  1  1  1  1] [11 19 20 26 27 28 29 34 35 36 37 41 42 43 44 45 50 51 52 53 60 61] [10085  5324 14550 11428  7513  8801 11236  7535 14237 14294 16342 14695
  2896 13578  3975  7615  3845  8941  9900  5688  6622  6631] [] 1716436285.7932507992
[ 1 -1  1  1  1  1  1  1  1 -1  1  1  1  1  1  1  1  1  1  1 -1 -1 -1  1] [11 18 19 20 26 27 28 29 34 35 36 37 41 42 43 44 45 50 51 52 53 54 60 61] [ 9774 11474  5020 14197 11148  7406  7750 10969  7124 14273 13876 13067
 11433  2805 13409  3888  7528  3574  7406  9485  5997 15186  6821  6620] [] 1716436285.8363113403
[ 1  1  1  1  1  1  1 -1 -1  1 -1  1  1  1 -1  1  1  1  1  1  1  1  1  1] [11 18 19 20 26 27 28 29 34 35 36 37 41 42 43 44 45 50 51 52 53 54 60 61] [ 9715 11119  4842 13983 10858  7381  7229 11098  7138 13960 13928 12948
  9093  2656 13437  3788  7354  3534  7364  9389  5734 14238  6792  6489] [] 1716436285.8793346882
[ 1  1  1 -1 -1  1  1  1  1  1  1 -1 -1  1  1  1  1 -1 -1  1  1  1  1  1
  1  1] [11 18 19 20 21 26 27 28 29 34 35 36 37 41 42 43 44 45 46 50 51 52 53 54
 60 61] [ 9595 10816  4706 14256 12024 10800  7346  6216 10978  6977 12985 13942
 13088  6711  2542 13231  3652  7355 11232  3463  7222  8974  5453 12189
  6715  6466] [] 1716436285.9223151207
[ 1  1  1  1  1  1  1  1 -1  1  1  1  1  1  1 -1  1  1  1  1  1  1  1  1
  1  1] [11 18 19 20 21 26 27 28 29 34 35 36 37 41 42 43 44 45 46 50 51 52 53 54
 60 61] [ 9483 10611  4483 13890 11316 10489  7309  5513 11028  6396 12691 13881
 12827  6130  2437 13252  3283  7245 11115  3287  6106  8744  5135 10124
  6575  6393] [] 1716436285.9653210640
[-1  1  1  1  1  1  1  1  1  1  1  1  1  1  1 -1  1  1 -1  1  1  1  1  1
  1  1] [11 18 19 20 21 26 27 28 29 34 35 36 37 41 42 43 44 45 46 50 51 52 53 54
 60 61] [ 9518  8684  4306 13139 11008 10350  7171  4914 10973  6135 12537 13837
 12576  5603  2374 13340  3156  7170 11136  3210  6057  8527  4770  9821
  6496  6324] [] 1716436286.0083141327
[-1 -1  1  1  1 -1  1  1  1 -1  1 -1 -1 -1  1  1  1  1  1  1  1  1  1  1
 -1  1  1] [ 3 11 18 19 20 21 26 27 28 29 34 35 36 37 41 42 43 44 45 46 50 51 52 53
 54 60 61] [ 9791  9568  6165  4296 12857 11014  9014  7106  4661 11090  5842 12644
 13863 12675  5120  2276  9995  3052  6104 11051  3074  5726  8291  4561
  9895  6371  6157] [] 1716436286.0513343811
[ 1  1  1  1  1  1  1  1  1  1  1  1  1 -1  1  1  1  1  1  1  1  1  1  1
  1  1  1] [ 3 11 18 19 20 21 26 27 28 29 34 35 36 37 41 42 43 44 45 46 50 51 52 53
 54 60 61] [ 8332  8597  5999  4099 12547 10847  8423  6921  4194 10785  5129 12504
 13779 12841  4902  2204  9037  2933  5955  7972  2995  5663  8253  4327
  9807  6067  6018] [] 1716436286.0943078995
[ 1  1  1  1  1  1  1  1  1  1  1  1 -1  1  1  1  1  1  1  1  1  1  1  1
  1 -1  1  1] [ 3 11 18 19 20 21 26 27 28 29 34 35 36 37 41 42 43 44 45 46 50 51 52 53
 54 57 60 61] [ 5945  8556  5731  3907 12216 10757  7481  6900  3776 10477  4120 10175
 13887 12577  4723  2091  8338  2818  5855  7743  2824  5555  8008  4089
  7139 15500  5947  6012] [] 1716436286.1372842789
[ 1  1  1  1  1  1  1  1  1  1  1 -1 -1  1  1  1  1  1  1  1  1  1  1  1
  1 -1 -1  1 -1] [ 3 11 18 19 20 21 26 27 28 29 34 35 36 37 41 42 43 44 45 46 50 51 52 53
 54 55 57 60 61] [ 5663  7507  5049  3738 11792 10610  6067  6288  3449  7403  3815 10273
 13968 12571  4129  2002  8218  2755  5750  7367  2690  5460  7830  4064
  6383 10734 15755  5844  6078] [] 1716436286.1803374290
[ 1 -1  1  1  1  1  1  1  1  1  1  1  1 -1  1  1  1  1  1  1  1  1  1  1
  1  1  1  1 -1] [ 3 11 18 19 20 21 26 27 28 29 34 35 36 37 41 42 43 44 45 46 50 51 52 53
 54 55 57 60 61] [ 5575  7516  4617  3707 11562 10576  5423  6211  3271  6685  3709  8838
 13898 12593  4009  1963  8039  2698  5743  7231  2582  5248  7775  3991
  6293  9498 15253  5658  6089] [] 1716436286.2233469486
[ 1 -1  1  1  1 -1  1  1  1  1  1  1  1 -1  1  1  1  1  1  1  1  1  1  1
  1  1  1  1  1  1] [ 3 10 11 18 19 20 21 26 27 28 29 34 35 36 37 41 42 43 44 45 46 50 51 52
 53 54 55 57 60 61] [ 5557 15008  7448  4415  3578 11570 10408  4839  6144  3037  6547  3604
  8042 14177 12006  3773  1890  7810  2618  5601  7103  2524  4545  7050
  3577  5626  6332 13573  5544  6060] [] 1716436286.2663335800
[ 1  1  1  1  1  1  1  1  1  1  1  1  1  1  1  1  1  1  1  1 -1  1  1  1
  1  1  1  1 -1 -1  1] [ 3 10 11 18 19 20 21 26 27 28 29 34 35 36 37 41 42 43 44 45 46 50 51 52
 53 54 55 57 59 60 61] [ 5358 12930  7343  4230  3510 11542 10293  4399  6103  2933  6497  3398
  7428 13367 11181  3542  1821  7283  2476  5571  7116  2426  4233  6700
  3376  5033  5748 11217 13245  5583  6031] [] 1716436286.3093135357
[ 1  1  1  1  1  1 -1  1  1  1 -1  1  1  1 -1 -1  1  1  1  1  1  1 -1  1
  1 -1  1  1  1  1  1  1 -1] [ 3 10 11 18 19 20 21 26 27 28 29 34 35 36 37 38 41 42 43 44 45 46 47 50
 51 52 53 54 55 57 59 60 61] [ 5242  8875  7290  3941  3461 11373 10351  3851  5624  2846  6556  3306
  7322 12299 11230 14508  3460  1813  7197  2453  5508  6810 14893  2353
  4053  6796  3260  4797  5270  9371 10533  5445  6093] [] 1716436286.3523490429
[ 1  1  1  1  1  1 -1  1 -1  1  1  1  1  1  1  1  1  1  1  1  1  1  1  1
  1  1  1  1  1  1  1  1  1] [ 3 10 11 18 19 20 21 26 27 28 29 34 35 36 37 38 41 42 43 44 45 46 47 50
 51 52 53 54 55 57 59 60 61] [ 4554  7921  7247  3821  3450 11309 10544  3703  5658  2820  5370  3142
  7137 10495 11093 10553  3136  1716  7123  2398  5471  5407 13929  2194
  3540  5960  3135  3928  4589  7405  6040  5354  6043] [] 1716436286.3953592777
[ 1  1  1  1  1  1 -1  1  1  1  1  1  1  1  1  1  1  1  1  1  1  1  1  1
  1  1  1  1  1  1  1  1  1] [ 3 10 11 18 19 20 21 26 27 28 29 34 35 36 37 38 41 42 43 44 45 46 47 50
 51 52 53 54 55 57 59 60 61] [ 4328  6951  7173  3623  3323  8886 10572  3453  5479  2740  5347  2928
  6985 10286  9964 10318  3037  1674  6988  2358  5425  5318 12899  2107
  3458  5783  3128  3790  4402  6351  5564  5240  6038] [] 1716436286.4383840561
[ 1  1  1  1  1  1  1  1  1  1 -1  1  1  1 -1  1  1  1  1  1  1  1  1 -1
  1  1  1  1  1  1  1  1 -1] [ 3 10 11 18 19 20 21 26 27 28 29 34 35 36 37 38 41 42 43 44 45 46 47 50
 51 52 53 54 55 57 59 60 61] [ 4305  6333  6238  3543  3264  8710 10475  3387  5430  2679  5367  2819
  6177 10099 10051 10209  3022  1663  6984  2341  5383  5209 12873  2125
  3377  5771  3086  3736  4392  6020  5454  5202  6075] [] 1716436286.4813411236
[-1  1 -1  1  1  1  1 -1  1  1  1  1  1  1 -1  1  1  1 -1  1 -1  1 -1  1
  1  1  1  1  1  1 -1  1  1] [ 3 10 11 18 19 20 21 26 27 28 29 34 35 36 37 38 41 42 43 44 45 46 47 50
 51 52 53 54 55 57 59 60 61] [ 4317  6164  6251  3533  3246  8657 10376  3407  5387  2659  5288  2784
  5815  9885 10102 10163  3014  1648  7039  2340  5386  5156 12906  2073
  3360  5625  3077  3731  4368  5747  5479  5062  6017] [] 1716436286.5243370533
[ 1  1 -1  1  1  1 -1  1  1  1  1  1  1 -1  1 -1  1  1  1 -1  1 -1  1 -1
  1  1  1  1 -1  1  1  1  1] [ 3 10 11 18 19 20 21 26 27 28 29 34 35 36 37 38 41 42 43 44 45 46 47 50
 51 52 53 54 55 57 59 60 61] [ 4279  6099  6437  3511  3209  8548 10377  3335  5360  2616  5270  2762
  5564  9978  9917 10189  3013  1644  7013  2347  5357  5182 12814  2095
  3342  5479  3064  3680  4549  5588  5363  5012  6005] [] 1716436286.5673253536
[ 1  1  1  1 -1  1 -1 -1  1  1  1  1  1 -1  1 -1 -1 -1  1 -1 -1 -1 -1  1
 -1 -1 -1 -1 -1 -1 -1 -1 -1] [ 3 10 11 18 19 20 21 26 27 28 29 34 35 36 37 38 41 42 43 44 45 46 47 50
 51 52 53 54 55 57 59 60 61] [ 4259  6052  6386  3503  3227  8536 10390  3359  5344  2592  5252  2751
  5428 10821  9916 10212  3016  1662  6930  2349  5364  5246 15960  2073
  3472  5579  3094  3766  4862  6057  5735  5031  6029] [] 1716436286.6103568077
[ 1 -1 -1 -1  1 -1  1  1 -1 -1 -1 -1 -1  1  1  1 -1 -1 -1 -1 -1 -1 -1 -1
 -1 -1 -1 -1 -1 -1 -1 -1] [ 3 10 11 18 19 20 21 26 27 28 29 34 35 36 37 38 41 42 43 44 45 46 50 51
 52 53 54 55 57 59 60 61] [ 4219  6325  7031  3508  3220  8547 10312  3333  5434  2621  5281  2766
  5440 10756  9898 10129  3053  1699  6958  2362  5454  5597  2115  3486
  5761  3194  3995  5516  6214  6880  5246  6106] [] 1716436286.6532928944
[-1 -1  1 -1 -1 -1  1 -1  1 -1 -1 -1 -1  1 -1 -1 -1 -1 -1 -1  1 -1 -1 -1
 -1 -1 -1 -1 -1 -1  1  1] [ 3 10 11 18 19 20 21 26 27 28 29 34 35 36 37 38 41 42 43 44 45 46 50 51
 52 53 54 55 57 59 60 61] [ 4243  7053  6948  3566  3243  8668 10131  3399  5383  2703  5380  2891
  6356 10449 10592 10437  3220  1738  7028  2396  5451  6647  2222  3668
  6195  3226  4473  8743  7744  9223  5246  6026] [] 1716436286.6963238716
[-1 -1 -1 -1 -1 -1 -1 -1 -1 -1 -1 -1 -1 -1 -1 -1 -1 -1 -1  1  1 -1 -1 -1
  1 -1 -1 -1 -1  1] [ 3 10 11 18 19 20 21 26 27 28 29 34 35 36 37 41 42 43 44 45 46 50 51 52
 53 54 57 59 60 61] [ 4244  7812  7179  3731  3281 10696 10137  3532  5455  2813  6537  3023
  6740 11532 11704  3320  1777  7091  2438  5441  6581  2330  3822  6408
  3216  4691 11301 11007  5303  5910] [] 1716436286.7393350601
[-1 -1  1 -1 -1  1  1 -1  1 -1  1 -1 -1  1  1 -1 -1  1 -1 -1 -1 -1  1 -1
 -1 -1 -1 -1  1] [ 3 10 11 18 19 20 21 26 27 28 29 34 35 36 37 41 42 43 44 45 46 50 51 52
 53 54 57 60 61] [ 4344 11261  6993  3809  3371 10623 10044  4037  5390  2825  6471  3109
  6792 11391 11614  3462  1804  7083  2489  5486  6804  2349  3780  6471
  3389  4914 15440  5376  5887] [] 1716436286.7822892666
[-1 -1 -1 -1 -1  1 -1 -1 -1 -1 -1 -1 -1 -1 -1 -1 -1 -1 -1 -1 -1 -1 -1 -1
 -1 -1  1 -1 -1] [ 3 10 11 18 19 20 21 26 27 28 29 34 35 36 37 41 42 43 44 45 46 50 51 52
 53 54 57 60 61] [ 5179 13454  7198  3989  3431 10623 10142  4305  5432  2868  6538  3182
  6874 11515 11769  3654  1863  7202  2526  5556  7130  2463  4383  6490
  3505  5296 15031  5507  5921] [] 1716436286.8253016472
[-1 -1 -1 -1 -1  1 -1 -1 -1 -1 -1 -1 -1 -1 -1 -1 -1 -1 -1 -1 -1 -1 -1 -1
 -1 -1 -1] [ 3 11 18 19 20 21 26 27 28 29 34 35 36 37 41 42 43 44 45 46 50 51 52 53
 54 60 61] [ 5341  7309  4671  3435 10632 10136  5119  5866  2967  6570  3334  7287
 12321 12186  4041  1984  7262  2594  5686  9132  2536  4520  6848  3787
  7437  5650  5995] [] 1716436286.8683331013
[-1 -1 -1 -1 -1 -1 -1 -1 -1 -1 -1 -1 -1  1 -1 -1 -1 -1 -1 -1 -1 -1 -1 -1
 -1 -1 -1] [ 3 11 18 19 20 21 26 27 28 29 34 35 36 37 41 42 43 44 45 46 50 51 52 53
 54 60 61] [ 7686  7474  5578  3613 11080 10224  6623  5975  3247  7390  3602  9654
 13497 11597  4130  2072  7351  2666  5765 10884  2643  4727  7442  4355
  9747  5904  6037] [] 1716436286.9113221169
[-1 -1 -1 -1 -1 -1 -1 -1 -1 -1 -1 -1 -1 -1 -1 -1 -1 -1 -1 -1 -1 -1 -1 -1
 -1 -1 -1] [ 3 11 18 19 20 21 26 27 28 29 34 35 36 37 41 42 43 44 45 46 50 51 52 53
 54 60 61] [ 8009  8274  5668  3684 11324 10313  7637  6028  3492  8092  3819  9891
 13659 12464  4772  2171  7481  2800  5924 11246  2729  5000  8002  4483
 12351  5948  6276] [] 1716436286.9542815685
[-1 -1 -1 -1 -1 -1 -1 -1 -1 -1 -1 -1  1  1 -1 -1 -1 -1 -1 -1 -1 -1 -1 -1
 -1 -1] [ 3 11 18 19 20 21 26 27 28 29 34 35 36 37 41 42 43 44 45 50 51 52 53 54
 60 61] [ 9402  8434  5683  3911 11632 10865  8149  6165  3978 10804  4558 10223
 13640 12443  6070  2308  8246  3060  6132  2988  6704  8437  4574 12940
  6454  6373] [] 1716436286.9972481728
[-1 -1 -1 -1 -1 -1 -1 -1 -1 -1 -1 -1 -1 -1 -1 -1 -1 -1 -1  1 -1 -1 -1  1] [11 18 19 20 21 26 27 28 29 34 35 36 37 41 42 43 44 45 50 51 52 53 60 61] [ 9110  7091  4185 11934 11156 10086  6825  5011 10972  5338 11744 13765
 12818 10887  2396 10331  3321  6181  3209  6428  8633  4721  6566  6362] [] 1716436287.0402359962
[-1 -1 -1 -1 -1 -1 -1 -1  1 -1  1 -1 -1 -1 -1 -1 -1 -1 -1 -1 -1 -1 -1 -1] [11 18 19 20 21 26 27 28 29 34 35 36 37 41 42 43 44 45 50 51 52 53 60 61] [ 9239  9144  4301 12347 11302 10292  7003  5621 10878  5667 11727 13994
 13243 12993  2727 11122  3741  7459  3599  6947  9774  5958  7402  6800] [] 1716436287.0832180977
[-1 -1 -1 -1 -1 -1 -1 -1 -1 -1 -1  1 -1 -1 -1 -1 -1 -1 -1  1 -1 -1 -1] [11 18 19 20 26 27 28 29 34 35 36 37 41 42 43 44 45 50 51 52 53 60 61] [ 9667 11115  4605 13038 10616  7162  6832 11396  6571 11935 14283 13191
 14717  2852 11216  4019  7721  4005 10095  9737  6369  7644  6944] [] 1716436287.1262366772
[-1 -1 -1 -1 -1 -1 -1 -1 -1 -1  1 -1 -1 -1 -1 -1 -1 -1 -1 -1 -1 -1 -1] [11 18 19 20 26 27 28 29 34 35 36 37 41 42 43 44 45 50 51 52 53 60 61] [ 9872 11240  4954 13543 10831  7391  7348 11440  6662 12511 14197 13816
 15169  3199 13589  4331  7799  4438 10616 10770  7005  9162  7150] [] 1716436287.1692540646
[-1 -1 -1  1 -1 -1 -1 -1  1  1  1 -1 -1 -1 -1 -1 -1 -1 -1 -1] [18 19 20 26 27 28 34 35 36 37 41 42 44 45 50 51 52 53 60 61] [16016  5196 13631 10749  7561  9834  6923 12790 13968 13311 14765  3539
  4840  8389  4638 10741 12550  7780  9811  7461] [] 1716436287.2122159004
[-1 -1 -1 -1 -1 -1 -1 -1 -1 -1 -1 -1 -1 -1 -1  1 -1] [19 20 26 27 28 34 35 36 41 42 44 45 50 51 52 53 61] [ 6488 14676 11029  8999 10809  7486 12854 14167 16047  3761  5377  8540
  5542 10807 13545  7558  7591] [] 1716436287.2552232742
[-1 -1 -1 -1 -1 -1 -1 -1 -1 -1 -1  1  1 -1 -1 -1] [19 20 26 27 28 34 35 36 42 44 45 50 51 52 53 61] [ 8730 15690 11408  9359 10953  7816 14800 14426  3954  6299 11435  5501
 10711 14370  8350  7813] [] 1716436287.2982320786
[-1 -1 -1  1 -1  1 -1 -1 -1 -1 -1 -1 -1  1] [19 26 27 28 34 35 36 42 44 45 50 51 53 61] [10031 11491  9525 10735  9476 14691 14482  4365  7854 11704  7265 10938
 10853  7757] [] 1716436287.3412423134
[-1 -1 -1 -1 -1 -1 -1 -1 -1 -1] [19 26 27 28 34 35 36 42 44 50] [10352 14038 11542 10916  9656 15264 14742  4543  8671  8041] [] 1716436287.3841502666
[-1 -1 -1 -1 -1  1 -1 -1] [19 27 28 34 35 42 44 50] [10531 11565 10992  9736 15559  4543  9086  8170] [] 1716436287.4271886349
[-1 -1 -1 -1 -1 -1 -1 -1] [19 27 28 34 35 42 44 50] [13884 11636 11082  9787 16328  4690 11463  9385] [] 1716436287.4701702595
[ 1 -1 -1 -1] [28 42 44 50] [10735  5086 11903  9499] [] 1716436287.5131363869
[-1 -1 -1 -1] [28 42 44 50] [11299  5903 12041  9685] [] 1716436287.5561106205
[-1 -1 -1] [42 44 50] [ 7029 12737  9988] [] 1716436287.5991525650
[-1 -1] [42 50] [7860 9995] [] 1716436287.6421275139
[-1] [42] [10109] [] 1716436287.6851203442
[1] [42] [10070] [] 1716436287.7280507088
[-1] [42] [12403] [] 1716436287.7713625431
[-1] [42] [12647] [] 1716436287.8143715858
2 2 2 1716436287.9436063766
