FA TAX ADC PRES TS
[1] [44] [12071] [] 1716436203.5644686222
[1] [44] [12047] [] 1716436203.6074419022
[-1 -1] [42 44] [12425 12457] [] 1716436203.6504113674
[1 1] [42 44] [12330 12401] [] 1716436203.6934466362
[ 1 -1 -1] [42 44 50] [10713 12800 10756] [] 1716436203.7364170551
[1 1 1] [42 44 50] [10332 10562 10695] [] 1716436203.7794127464
[1 1 1] [42 44 50] [ 9129 10082  9187] [] 1716436203.8224189281
[-1  1  1  1] [27 42 44 50] [15079  8884  9681  7718] [] 1716436203.8653895855
[ 1 -1  1  1  1] [27 28 42 44 50] [13611 13871  8094  9121  7295] [] 1716436203.9084763527
[1 1 1 1 1] [27 28 42 44 50] [13281 12860  7640  7564  7049] [] 1716436203.9516341686
[-1 -1  1  1  1  1] [19 27 28 42 44 50] [11519 13527 12626  6874  7408  7001] [] 1716436203.9943869114
[ 1 -1  1  1  1  1] [19 27 28 42 44 50] [11127 13730 12387  6481  7067  6987] [] 1716436204.0373928547
[ 1  1  1 -1  1 -1 -1 -1] [19 27 28 35 42 44 45 50] [11071 12983 12317 16313  5853  7083 13160  7150] [] 1716436204.0803446770
[-1 -1  1 -1 -1  1  1  1  1] [19 26 27 28 34 42 44 45 50] [11453 15496 12625 12549 14202  5077  5925 12128  6895] [] 1716436204.1233515739
[ 1  1  1  1  1 -1  1 -1 -1 -1 -1 -1 -1] [19 26 27 28 34 35 42 44 45 50 51 52 53] [11088 13230 12059 12140 12857 15488  5053  6084 12402  6974 13227 15027
 12383] [] 1716436204.1663677692
[-1  1 -1 -1  1  1  1  1  1  1  1  1  1] [19 26 27 28 34 35 42 44 45 50 51 52 53] [11100 13117 12182 12153 10924 15335  4435  5503 12182  6220 12682 14641
 11398] [] 1716436204.2093672752
[1 1 1 1 1 1 1 1 1 1 1 1 1] [19 26 27 28 34 35 42 44 45 50 51 52 53] [10818 12647 11690 11796 10259 14123  4017  4966 11849  6029 11819  9799
 10746] [] 1716436204.2524087429
[ 1  1  1  1  1  1  1  1 -1  1  1  1  1 -1] [19 26 27 28 34 35 42 44 45 50 51 52 53 61] [10297 12338 11198 11596  8749 13584  3748  4932 11983  5756 11493  9007
  9787  9440] [] 1716436204.2953598499
[ 1  1  1  1  1  1 -1  1  1  1  1  1  1  1  1] [19 26 27 28 34 35 41 42 44 45 50 51 52 53 61] [ 8365 12240 10937 11470  8370 10213 13687  3583  4771 11682  5297  9335
  8423  8899  7906] [] 1716436204.3384170532
[ 1  1  1  1  1  1  1  1  1  1  1  1  1  1 -1  1] [19 26 27 28 34 35 41 42 44 45 50 51 52 53 60 61] [ 7076 12060 10850 11354  7382  9671 12595  3432  4509  9340  4813  8803
  7270  8371 11508  7596] [] 1716436204.3813858032
[ 1  1  1  1  1  1 -1  1  1  1  1  1  1  1  1  1  1] [19 26 27 28 34 35 36 41 42 44 45 50 51 52 53 60 61] [ 6327  9843 10752 11231  6477  9588 13749 12439  3309  4358  9119  4567
  8613  6633  7576  9032  7418] [] 1716436204.4244265556
[-1  1  1  1 -1 -1  1  1  1  1  1  1  1  1  1  1  1  1] [11 19 26 27 28 34 35 36 41 42 44 45 50 51 52 53 60 61] [11883  5695  9688  9739 11285  6483  9115 12221 12179  3056  4095  8776
  4316  7046  6403  7254  7479  7177] [] 1716436204.4674282074
[ 1 -1  1  1  1 -1 -1  1  1  1  1  1  1  1  1  1  1  1  1  1] [11 18 19 26 27 28 29 34 35 36 41 42 44 45 50 51 52 53 60 61] [10510 12000  5312  9631  9675 11287 11755  6258  8766 12149 12025  2859
  3821  8569  4070  6625  6039  6845  6602  7090] [] 1716436204.5103962421
[ 1  1  1 -1  1  1  1  1  1  1  1  1  1  1  1  1  1  1  1  1  1] [11 18 19 21 26 27 28 29 34 35 36 41 42 44 45 50 51 52 53 60 61] [10221 11426  4998 12036  9456  9606 10031 11524  5790  8647 11968 11849
  2724  3679  8379  3913  6207  5842  5723  5880  6815] [] 1716436204.5534527302
[ 1  1  1  1  1  1  1  1  1 -1  1 -1  1  1  1  1  1  1  1 -1  1  1] [11 18 19 21 26 27 28 29 34 35 36 41 42 44 45 50 51 52 53 54 60 61] [ 9928 11246  4690 11483  9221  9542  9253 11125  5416  8671 11910 11904
  2601  3246  8271  3645  5938  5358  5167 12467  5362  6703] [] 1716436204.5964052677
[ 1  1  1 -1  1  1  1  1  1  1  1  1  1  1  1  1  1  1  1  1  1  1  1] [11 18 19 20 21 26 27 28 29 34 35 36 41 42 44 45 50 51 52 53 54 60 61] [ 9651 10865  4306 16151 11042  8642  9404  7247 10896  4904  8235 11218
 11809  2428  3055  8097  3419  5888  5116  4645 11977  4819  6486] [] 1716436204.6394059658
[ 1  1  1  1  1  1  1  1  1  1  1 -1 -1  1  1  1  1  1  1  1  1  1  1] [11 18 19 20 21 26 27 28 29 34 35 36 41 42 44 45 50 51 52 53 54 60 61] [ 9494 10698  4074 15482 10758  8366  8208  6475 10821  4745  8102 11404
 11896  2336  2954  7987  3321  5749  4862  4433  9295  4520  6439] [] 1716436204.6823694706
[ 1  1  1  1 -1  1  1  1  1  1  1  1  1  1  1 -1 -1  1  1  1  1  1  1  1] [11 18 19 20 21 26 27 28 29 34 35 36 41 42 44 45 46 50 51 52 53 54 60 61] [ 9331  9096  3899 14536 10846  8215  7779  6029  8438  4415  7606  9688
 11794  2195  2814  8050  9393  3095  5083  4672  4210  9291  4174  6379] [] 1716436204.7253940105
[ 1  1  1  1 -1  1  1  1  1  1  1  1  1  1  1 -1  1  1  1  1  1  1  1  1] [11 18 19 20 21 26 27 28 29 34 35 36 41 42 44 45 46 50 51 52 53 54 60 61] [ 9238  7273  3737 13908 10875  7313  6843  4916  8246  4206  7467  8747
 11765  2110  2791  8101  9096  2830  4975  4430  4082  7779  4146  6305] [] 1716436204.7684555054
[-1  1  1  1  1  1  1  1  1  1 -1  1  1  1  1  1  1  1  1  1  1  1  1  1] [11 18 19 20 21 26 27 28 29 34 35 36 41 42 44 45 46 50 51 52 53 54 60 61] [ 9264  6824  3722 13708 10754  7283  6589  4771  8105  4123  7602  8235
 11671  2016  2699  8039  8825  2754  4825  4403  3828  7433  3773  6245] [] 1716436204.8114116192
[-1  1  1  1  1  1  1  1  1  1  1 -1  1  1  1  1  1  1  1  1  1  1  1  1
  1] [ 3 11 18 19 20 21 26 27 28 29 34 35 36 41 42 44 45 46 50 51 52 53 54 60
 61] [13958  9224  5688  3612 13708 10489  6445  5870  4472  7860  3910  7617
  7440 11194  1950  2571  7989  8281  2567  4758  4320  3607  7394  3582
  6155] [] 1716436204.8544480801
[ 1  1  1  1  1 -1  1  1  1  1  1  1  1  1  1  1  1  1  1 -1  1  1 -1  1
  1] [ 3 11 18 19 20 21 26 27 28 29 34 35 36 41 42 44 45 46 50 51 52 53 54 60
 61] [ 9991  9211  5335  3422 13187 10515  5517  5735  3886  7689  3558  6970
  6437  8013  1891  2523  7913  8109  2453  4807  4198  3388  7417  3444
  6058] [] 1716436204.8974123001
[ 1 -1  1  1  1  1  1  1 -1  1  1  1  1  1  1  1  1  1  1  1  1  1  1 -1
  1  1] [ 3 10 11 18 19 20 21 26 27 28 29 34 35 36 41 42 44 45 46 50 51 52 53 54
 60 61] [ 7874 15075  9210  4927  3362 12929 10366  4759  5762  3761  7657  3486
  6465  5568  6812  1817  2406  7858  7982  2298  4542  3966  3092  7419
  3273  5988] [] 1716436204.9404356480
[ 1  1  1  1  1  1  1  1  1  1  1  1  1  1  1  1  1  1 -1  1  1 -1  1  1
 -1  1 -1] [ 3 10 11 18 19 20 21 26 27 28 29 34 35 36 41 42 44 45 46 50 51 52 53 54
 55 60 61] [ 6718 13321  7565  4795  3240 12876 10353  4323  5275  3450  6877  3378
  6046  5302  6152  1780  2357  7820  7985  2200  4489  3971  3047  7403
 14303  3154  6075] [] 1716436204.9834320545
[ 1  1  1  1  1  1  1  1  1  1  1  1  1  1 -1  1  1 -1  1  1 -1 -1  1  1
  1  1  1  1 -1 -1 -1  1] [ 3 10 11 18 19 20 21 26 27 28 29 34 35 36 37 41 42 43 44 45 46 47 50 51
 52 53 54 55 57 58 60 61] [ 6033 12113  7155  4660  3168 12768 10251  4159  5012  3286  6596  3262
  5977  5191 16362  5740  1766 13471  2334  7686  8106 15791  2095  4215
  3876  2960  6515  8173 15648 11143  3183  6066] [] 1716436205.0264332294
[ 1  1  1  1 -1  1 -1  1  1  1  1  1  1  1  1  1  1 -1  1  1  1  1  1  1
 -1  1  1  1  1  1  1  1] [ 3 10 11 18 19 20 21 26 27 28 29 34 35 36 37 41 42 43 44 45 46 47 50 51
 52 53 54 55 57 58 60 61] [ 4818 10177  6500  4485  3220 12635 10361  3835  4648  3073  6456  3040
  5769  4666 13268  5466  1711 13495  2292  7685  6982 15327  2008  3923
  3878  2915  6213  6804 11958  9580  3103  6061] [] 1716436205.0694501400
[ 1  1  1  1  1 -1 -1  1  1  1  1  1  1  1  1  1  1  1  1  1 -1  1  1  1
  1  1  1  1  1  1  1  1] [ 3 10 11 18 19 20 21 26 27 28 29 34 35 36 37 41 42 43 44 45 46 47 50 51
 52 53 54 55 57 58 60 61] [ 4614  9159  5601  4283  3096 12718 10387  3517  4540  2962  5230  2944
  5518  4191 12914  5456  1657 13243  2243  7603  6988 12687  1947  3695
  3794  2854  6119  6335 10953  8660  2911  5984] [] 1716436205.1124353409
[-1  1  1  1  1  1 -1 -1  1  1  1  1  1  1  1 -1  1  1  1  1  1  1  1  1
  1  1  1  1  1  1  1 -1 -1 -1 -1] [ 2  3 10 11 18 19 20 21 26 27 28 29 34 35 36 37 41 42 43 44 45 46 47 50
 51 52 53 54 55 57 58 59 60 61 62] [15778  4603  9041  5197  3863  2956 12727 10420  3463  4523  2856  4773
  2888  5465  3887 12925  4928  1592 11772  2184  7274  6522  9037  1845
  3448  3743  2784  5176  5378  7924  6470 12067  3023  6039 15050] [] 1716436205.1554613113
[ 1  1  1  1  1  1  1 -1  1 -1  1 -1  1  1  1 -1  1  1  1  1  1  1  1  1
  1  1  1  1 -1 -1  1  1  1 -1  1] [ 2  3 10 11 18 19 20 21 26 27 28 29 34 35 36 37 41 42 43 44 45 46 47 50
 51 52 53 54 55 57 58 59 60 61 62] [15526  4454  8163  4519  3575  2904  8812 10484  3335  4585  2692  4789
  2671  5347  3419 12978  4741  1583 11039  2128  7247  5843  8743  1796
  3364  3619  2784  5057  5415  8051  6450 10819  2967  6063 10080] [] 1716436205.1984815598
[ 1  1  1  1  1  1  1  1  1 -1  1  1  1  1  1  1  1  1  1  1 -1  1  1  1
  1  1  1 -1  1  1  1  1 -1  1  1] [ 2  3 10 11 18 19 20 21 26 27 28 29 34 35 36 37 41 42 43 44 45 46 47 50
 51 52 53 54 55 57 58 59 60 61 62] [15375  4423  7838  4434  3479  2896  7369 10428  3247  4651  2569  4737
  2643  5194  3310 12045  4248  1577 10895  2108  7281  5776  8206  1775
  3291  3616  2779  5082  5272  7489  6342 10482  2971  6050  9968] [] 1716436205.2414829731
[ 1  1  1  1  1  1  1  1  1  1  1  1  1  1  1  1  1  1 -1 -1  1  1  1  1
  1  1  1  1  1  1  1 -1  1  1  1] [ 2  3 10 11 18 19 20 21 26 27 28 29 34 35 36 37 41 42 43 44 45 46 47 50
 51 52 53 54 55 57 58 59 60 61 62] [15355  4372  7658  4396  3455  2852  7109 10319  3170  4555  2525  4717
  2630  5043  3258 11939  4192  1565 10931  2114  7240  5749  8205  1763
  3270  3597  2747  4999  5222  7307  6278 10628  2955  6028  9788] [] 1716436205.2844603062
[-1 -1 -1  1  1  1 -1 -1  1  1  1  1  1  1  1  1 -1  1  1  1 -1  1 -1 -1
  1  1  1  1 -1  1  1  1  1 -1 -1] [ 2  3 10 11 18 19 20 21 26 27 28 29 34 35 36 37 41 42 43 44 45 46 47 50
 51 52 53 54 55 57 58 59 60 61 62] [15471  4382  7664  4283  3447  2844  8085 10326  3163  4509  2481  4675
  2613  4829  3239 11812  4228  1557 10841  2080  7253  5719  8338  1787
  3217  3590  2732  4919  5272  6998  6168 10577  2939  6049 14088] [] 1716436205.3274435997
[ 1 -1  1  1  1  1  1  1  1  1 -1  1  1  1  1 -1 -1 -1 -1 -1  1 -1 -1 -1
 -1  1  1 -1 -1 -1 -1 -1  1  1] [ 2  3 10 11 18 19 20 21 26 27 28 29 34 35 36 37 41 42 43 44 45 46 47 50
 51 52 53 54 55 57 58 59 60 61] [15370  4395  7618  4275  3411  2833  8076 10308  3127  4420  2484  4661
  2608  4808  3237 11816  4324  1565 10857  2100  7187  6109 10066  1815
  3253  3574  2712  4999  6051  7599  6224 10987  2935  5931] [] 1716436205.3704302311
[-1  1  1 -1 -1  1 -1  1  1 -1 -1 -1 -1 -1 -1  1 -1 -1 -1 -1 -1 -1 -1 -1
 -1 -1 -1 -1 -1 -1 -1 -1 -1  1] [ 2  3 10 11 18 19 20 21 26 27 28 29 34 35 36 37 41 42 43 44 45 46 47 50
 51 52 53 54 55 57 58 59 60 61] [15590  4376  7596  4322  3439  2808  8176 10130  3127  4427  2501  4673
  2613  4954  3279 11718  4992  1594 11035  2144  7493  6851 15303  1834
  3466  3639  2762  5567  7300  8288  7869 11164  2987  5925] [] 1716436205.4134421349
[ 1  1 -1 -1 -1 -1 -1  1 -1 -1 -1 -1 -1 -1 -1 -1 -1 -1 -1 -1 -1 -1 -1 -1
 -1 -1  1 -1 -1 -1  1  1] [ 2  3 10 11 18 19 20 21 26 27 28 29 34 35 36 37 41 42 43 44 45 46 50 51
 52 53 54 55 57 58 60 61] [15239  4363  7757  4850  3535  2922 11671 10129  3231  4442  2622  4747
  2731  5242  3446 12822  5282  1606 12175  2188  7645  7554  1850  3617
  3659  2785  5481 10790  9163  9965  2893  5891] [] 1716436205.4564175606
[ 1 -1 -1 -1 -1  1 -1 -1 -1 -1 -1 -1 -1 -1 -1  1 -1 -1 -1 -1  1 -1 -1 -1
 -1 -1 -1 -1 -1 -1  1] [ 2  3 10 11 18 19 20 21 26 27 28 29 34 35 36 37 41 42 43 44 45 46 50 51
 52 53 54 57 58 60 61] [14906  4417  8176  5339  3829  2912 11801 10172  3327  4473  2745  6172
  2800  5266  3732 12800  5482  1656 13458  2240  7504  7807  1947  3776
  3705  2830  5654 12672 13039  2950  5839] [] 1716436205.4993824959
[-1 -1 -1 -1 -1 -1  1  1 -1  1 -1  1 -1 -1 -1 -1 -1 -1 -1 -1  1  1 -1 -1
 -1 -1 -1 -1  1  1] [ 2  3 10 11 18 19 20 21 26 27 28 29 34 35 36 37 41 42 43 44 45 46 50 51
 52 53 54 57 60 61] [15075  4489  8346  5983  4029  2991 11771  9944  3463  4460  2949  6151
  2864  5365  3872 16319  5584  1717 13563  2265  7497  7802  1982  4061
  3777  2878  6781 14909  2942  5835] [] 1716436205.5423672199
[-1 -1 -1 -1 -1 -1 -1 -1 -1 -1 -1 -1 -1 -1 -1 -1  1 -1  1 -1 -1 -1 -1 -1
 -1 -1  1] [ 2  3 10 11 18 19 20 21 26 27 28 29 34 35 36 41 42 44 45 46 50 51 52 53
 54 60 61] [15231  5607  8704  7152  4317  2996 11840  9965  3689  4509  3069  6254
  2960  5582  4299  6078  1715  2284  7399  7867  2079  4109  3794  2894
  6858  3046  5831] [] 1716436205.5853557587
[ 1 -1 -1 -1 -1 -1 -1  1 -1 -1 -1 -1 -1 -1 -1 -1 -1 -1  1 -1 -1 -1 -1 -1
 -1 -1 -1] [ 2  3 10 11 18 19 20 21 26 27 28 29 34 35 36 41 42 44 45 46 50 51 52 53
 54 60 61] [14941  7408 12081  8194  4669  3063 11914  9934  3839  4520  3259  6457
  3165  5936  4536  8000  1756  2363  7398  7997  2234  4399  3876  2980
  7013  3147  5866] [] 1716436205.6283819675
[-1 -1 -1 -1 -1 -1 -1 -1 -1 -1 -1 -1 -1 -1 -1 -1 -1 -1  1 -1 -1 -1 -1 -1
 -1 -1 -1] [ 2  3 10 11 18 19 20 21 26 27 28 29 34 35 36 41 42 44 45 46 50 51 52 53
 54 60 61] [15400 14657 13448  8972  4867  3168 12386 10030  4328  4609  3567  6597
  3369  6540  5085  8308  1864  2407  7393  8132  2295  4669  3960  3082
  7261  3230  5900] [] 1716436205.6713678837
[-1 -1  1 -1 -1 -1 -1 -1 -1 -1 -1 -1 -1 -1 -1 -1 -1 -1 -1 -1 -1 -1 -1 -1
 -1 -1] [ 2 10 11 18 19 20 21 26 27 28 29 34 35 36 41 42 44 45 46 50 51 52 53 54
 60 61] [16237 15980  8909  5331  3324 12752 10096  4827  4751  3778  7562  3540
  6606  5767 10427  1936  2515  7531  8718  2567  4842  3999  3294  9147
  3418  5992] [] 1716436205.7143509388
[-1 -1 -1 -1 -1 -1 -1 -1 -1 -1 -1 -1 -1 -1 -1  1 -1 -1 -1 -1 -1 -1 -1] [11 18 19 20 21 26 27 28 29 34 35 36 41 42 44 45 50 51 52 53 54 60 61] [ 9018  6000  3486 13019 10212  6044  5085  4380  7834  3915  6941  6374
 11418  2026  2583  7522  2859  5542  4249  3421 12043  3622  6187] [] 1716436205.7573244572
[-1 -1 -1 -1 -1 -1 -1 -1 -1 -1 -1 -1 -1 -1 -1 -1 -1 -1 -1 -1 -1 -1] [11 18 19 20 21 26 27 28 29 34 35 36 41 42 44 45 50 51 52 53 60 61] [ 9094  6561  3552 13481 10584  7028  5195  4891  8107  4097  7129  7420
 11527  2165  2911  7610  3067  5734  4458  3826  4042  6296] [] 1716436205.8003141880
[-1 -1 -1 -1 -1 -1 -1 -1 -1 -1  1 -1 -1 -1 -1 -1 -1 -1 -1 -1 -1 -1] [11 18 19 20 21 26 27 28 29 34 35 36 41 42 44 45 50 51 52 53 60 61] [ 9240 10504  3736 13757 10796  7983  6495  5361  8867  4206  7102  7858
 11693  2318  3066  7885  3323  5841  4735  4132  4541  6506] [] 1716436205.8433341980
[-1 -1 -1 -1 -1 -1 -1 -1 -1 -1 -1 -1 -1 -1 -1 -1 -1 -1 -1 -1 -1 -1] [11 18 19 20 21 26 27 28 29 34 35 36 41 42 44 45 50 51 52 53 60 61] [ 9383 10866  3886 15117 11203  8235  6621  6908 10942  4560  7272  8580
 11717  2433  3167  8015  3591  5953  5027  4357  5085  6728] [] 1716436205.8863341808
[-1 -1 -1 -1 -1 -1 -1 -1 -1 -1 -1 -1 -1 -1 -1 -1 -1 -1 -1 -1 -1] [11 18 19 20 26 27 28 29 34 35 36 41 42 44 45 50 51 52 53 60 61] [ 9712 11017  4025 15881  8505  7832  8105 11321  5147  7412 11231 11958
  2661  3355  8257  3890  6737  5331  5114  6543  7014] [] 1716436205.9293956757
[-1 -1 -1 -1 -1 -1 -1 -1 -1 -1 -1 -1 -1 -1 -1 -1 -1 -1 -1] [18 19 20 26 27 28 34 35 36 41 42 44 45 50 51 52 53 60 61] [11126  4261 16130  8702  9375 10544  5676  8053 13625 12121  2811  3535
  8538  4015  6828  5770  5663  7633  7289] [] 1716436205.9723157883
[-1 -1 -1 -1 -1 -1 -1 -1 -1 -1 -1 -1 -1 -1 -1 -1] [18 19 26 27 28 34 35 36 41 42 44 45 50 51 52 53] [11310  4795  9168  9382 10707  5829  8141 14031 12621  3183  4019 10929
  4319  8225  6319  5963] [] 1716436206.0153284073
[-1 -1 -1 -1 -1 -1 -1 -1 -1 -1 -1 -1 -1 -1 -1] [18 19 26 27 28 34 35 36 42 44 45 50 51 52 53] [11607  5794 10714  9719 10897  6886  8485 14471  3334  4311 11191  4637
  8350  7119  6993] [] 1716436206.0583007336
[-1 -1 -1 -1  1 -1 -1 -1 -1 -1 -1 -1 -1 -1 -1] [18 19 26 27 28 34 35 36 42 44 45 50 51 52 53] [11896  6909 12198  9902 10891  8014  8826 14945  3604  4515 11392  5730
 11154  8137  9854] [] 1716436206.1013743877
[-1 -1 -1 -1 -1 -1 -1 -1 -1 -1 -1 -1 -1] [18 19 26 27 28 34 35 42 44 45 50 51 52] [15872  9719 12250 11039 11099  8769  9225  4105  5033 12513  6279 11809
 12428] [] 1716436206.1443412304
[-1 -1 -1 -1 -1 -1 -1 -1 -1] [19 26 27 28 34 35 42 44 50] [10618 12254 11216 11562 10897 12264  4328  5431  6482] [] 1716436206.1872742176
[ 1  1 -1 -1 -1 -1 -1 -1] [19 27 28 34 35 42 44 50] [10495 11018 11696 15481 12699  5032  6577  6721] [] 1716436206.2302594185
[-1 -1 -1 -1 -1 -1 -1] [19 27 28 35 42 44 50] [10781 11332 12586 15480  5858  6915  6819] [] 1716436206.2732417583
[-1 -1  1 -1 -1 -1] [19 27 35 42 44 50] [10837 11703 15001  6923  7815  6987] [] 1716436206.3162255287
[-1 -1 -1 -1] [27 42 44 50] [13346  7119  8686  7282] [] 1716436206.3592617512
[-1 -1 -1] [42 44 50] [ 8438 10173  9326] [] 1716436206.4022192955
[-1 -1] [42 44] [12489 13143] [] 1716436206.4452011585
[-1] [44] [13325] [] 1716436206.5722048283
[-1] [44] [13785] [] 1716436206.6152551174
[-1] [44] [14379] [] 1716436206.6581971645
[1] [44] [13827] [] 1716436206.7012631893
2 2 2 1716436206.7015116215
