FA TAX ADC PRES TS
[-1] [42] [12327] [] 1716436266.7316901684
[-1] [42] [12390] [] 1716436266.7746503353
[1] [42] [12331] [] 1716436266.8176426888
[1] [42] [11388] [] 1716436266.8604705334
[-1 -1 -1] [42 44 50] [11888 15427 10583] [] 1716436266.9036571980
[1 1 1] [42 44 50] [11607 12738 10351] [] 1716436266.9466681480
[-1  1  1  1] [35 42 44 50] [16375  9190 12719 10300] [] 1716436266.9896869659
[ 1 -1 -1 -1] [35 42 44 50] [16312  9340 12857 10329] [] 1716436267.0327482224
[-1  1  1  1  1] [28 35 42 44 50] [11862 15977  8992 12551 10038] [] 1716436267.0757503510
[1 1 1 1 1] [28 35 42 44 50] [11477 15762  8780 10508  9854] [] 1716436267.1186695099
[ 1 -1  1  1  1] [28 35 42 44 50] [11085 15803  8744  9871  9570] [] 1716436267.1616699696
[ 1 -1  1 -1 -1  1] [28 35 42 44 45 50] [10938 15927  8683  9977 12072  9426] [] 1716436267.2046954632
[-1 -1  1 -1  1  1  1] [28 34 35 42 44 45 50] [11430 10263 15591  8748  8856 11793  9175] [] 1716436267.2477455139
[-1  1 -1  1  1 -1  1  1] [26 28 34 35 42 44 45 50] [11986 11119 10418 15373  8619  8943 11342  8768] [] 1716436267.2905998230
[ 1  1  1  1 -1 -1  1 -1  1] [26 28 34 35 41 42 44 45 50] [11555 11090 10329 14640 12933  8843  8333 11414  7097] [] 1716436267.3336870670
[-1 -1 -1 -1 -1  1 -1  1 -1  1 -1 -1] [26 27 28 34 35 41 42 44 45 50 51 53] [11603 12007 11383 10533 15091 12709  8963  7774 11656  6370 11390 14591] [] 1716436267.3765311241
[ 1  1  1 -1  1  1  1  1  1  1  1  1] [26 27 28 34 35 41 42 44 45 50 51 53] [11558 11737 11346 10635 15043 12570  8660  7263 11483  6073 11049 10423] [] 1716436267.4197695255
[-1  1  1  1  1  1  1  1  1  1  1  1  1] [19 26 27 28 34 35 41 42 44 45 50 51 53] [10667 11322 11634 11338 10270 14921 12333  8257  6995 11313  5503 11003
  7634] [] 1716436267.4627692699
[1 1 1 1 1 1 1 1 1 1 1 1 1] [19 26 27 28 34 35 41 42 44 45 50 51 53] [10380 11122  9158 11167 10051 13572 11745  7092  6313 10967  4958 10827
  6864] [] 1716436267.5057110786
[ 1  1  1 -1  1  1  1  1  1 -1  1  1  1 -1] [19 26 27 28 34 35 41 42 44 45 50 51 53 61] [10076  9152  8381 11195  9405 13211 11179  6583  6217 10998  4854 10752
  6748  7676] [] 1716436267.5485045910
[ 1  1  1  1  1  1  1  1  1  1  1  1 -1  1  1] [19 26 27 28 34 35 41 42 44 45 50 51 52 53 61] [ 8113  9006  8362 11195  9329 12744 10942  6145  6102  8764  4744 10673
 10755  6478  7411] [] 1716436267.5917294025
[1 1 1 1 1 1 1 1 1 1 1 1 1 1 1] [19 26 27 28 34 35 41 42 44 45 50 51 52 53 61] [ 6922  8685  7435 10921  7059 12741 10746  5344  5325  8546  4516 10654
  8479  6271  7138] [] 1716436267.6346988678
[ 1  1  1 -1 -1  1  1  1  1  1  1  1  1  1  1  1] [19 26 27 28 29 34 35 41 42 44 45 50 51 52 53 61] [ 5954  8485  7132 10935 12326  6538 12475 10441  4988  5115  8288  4214
  7222  7644  5653  6967] [] 1716436267.6777701378
[-1  1  1 -1  1  1  1  1  1  1  1  1  1  1  1  1 -1  1] [11 19 26 27 28 29 34 35 41 42 44 45 50 51 52 53 60 61] [10398  5534  8475  7142 10843 11092  6481 12413  8908  4322  4635  8191
  4054  7016  7396  5343 11745  6861] [] 1716436267.7207517624
[1 1 1 1 1 1 1 1 1 1 1 1 1 1 1 1 1 1] [11 19 26 27 28 29 34 35 41 42 44 45 50 51 52 53 60 61] [ 9773  5108  8269  6997 10842 10625  6201 11691  7562  4003  4427  8072
  3914  6989  7118  4989  8013  6781] [] 1716436267.7637636662
[ 1  1  1  1  1  1  1  1  1  1  1  1  1  1  1  1 -1  1 -1] [11 19 26 27 28 29 34 35 41 42 44 45 50 51 52 53 54 60 61] [ 9597  4899  8111  6906 10714 10569  5096 11384  7086  3852  4225  8005
  3812  6813  6875  4715 12475  7267  6844] [] 1716436267.8067421913
[ 1  1 -1  1  1  1 -1  1  1  1  1  1 -1  1  1  1  1  1  1  1] [11 19 20 26 27 28 29 34 35 41 42 44 45 50 51 52 53 54 60 61] [ 9575  4696 15431  7590  6862 10589 10717  4975 10945  6514  3471  3888
  8011  3542  6638  6623  4415 11754  6594  6693] [] 1716436267.8498036861
[ 1  1  1  1  1  1  1  1  1 -1  1  1  1  1  1  1  1  1  1  1  1] [11 19 20 26 27 28 29 34 35 36 41 42 44 45 50 51 52 53 54 60 61] [ 9496  4549 14617  5893  6773 10582 10673  4776  9602 14464  5430  3298
  3652  7839  3360  6618  5923  4013  9378  5597  6507] [] 1716436267.8927376270
[-1 -1 -1  1  1 -1 -1  1  1  1  1  1  1 -1  1  1 -1  1  1  1  1  1  1  1] [11 18 19 20 26 27 28 29 34 35 36 41 42 43 44 45 46 50 51 52 53 54 60 61] [ 9554 12527  4555 14212  5613  6779 10623 10556  4614  9576 11589  5146
  3161 12643  3611  7691 12868  3130  6006  5609  3933  9157  5247  6422] [] 1716436267.9358043671
[ 1  1  1  1 -1  1  1 -1 -1  1  1  1 -1  1  1  1  1  1  1  1  1  1  1  1
  1  1] [11 18 19 20 21 26 27 28 29 34 35 36 37 41 42 43 44 45 46 50 51 52 53 54
 60 61] [ 9398 11220  4457 13926 13414  4795  6730 10673 10642  4365  9500  9693
 16366  4450  2967 11559  3360  7671  8175  2995  5922  5599  3729  8997
  5021  6293] [] 1716436267.9787769318
[ 1  1  1  1  1  1  1  1  1  1 -1  1  1  1  1  1  1  1  1  1  1 -1  1  1
  1 -1] [11 18 19 20 21 26 27 28 29 34 35 36 37 41 42 43 44 45 46 50 51 52 53 54
 60 61] [ 9288 10963  4219 13622 11048  4357  6661  8627 10590  4061  9550  8793
 12971  4403  2872 11529  3142  7651  8067  2982  5818  5609  3566  8866
  4711  6296] [] 1716436268.0217573643
[-1  1  1  1  1  1  1  1  1  1  1 -1  1  1  1  1  1  1  1  1  1  1  1  1
  1 -1  1  1] [10 11 18 19 20 21 26 27 28 29 34 35 36 37 41 42 43 44 45 46 50 51 52 53
 54 57 60 61] [14933  9265 10694  4116 13425 10864  4247  6592  8529 10572  3984  9740
  7563 12822  4229  2752  9406  2861  7579  6654  2867  5763  5246  3415
  8282 15155  4662  6174] [] 1716436268.0647504330
[-1  1  1  1  1  1  1  1  1  1  1  1  1  1 -1  1  1  1  1  1  1  1 -1  1
  1  1  1  1  1] [ 3 10 11 18 19 20 21 26 27 28 29 34 35 36 37 41 42 43 44 45 46 50 51 52
 53 54 57 60 61] [14356 12979  8698 10471  3996 12294 10656  3927  6107  8084 10492  3833
  8494  6029 12898  4135  2692  9201  2789  7474  6478  2846  5823  4925
  3276  7734 15001  4310  6116] [] 1716436268.1078190804
[-1  1 -1 -1  1  1 -1  1  1  1  1  1  1  1  1  1  1  1  1  1 -1  1  1  1
  1  1  1  1  1] [ 3 10 11 18 19 20 21 26 27 28 29 34 35 36 37 41 42 43 44 45 46 50 51 52
 53 54 57 60 61] [14362 11084  9202 10552  3849 12292 10720  3719  6022  7295 10412  3612
  7960  5659 12589  4005  2513  8694  2679  7383  6543  2610  5051  4584
  2982  6752 13670  4063  6066] [] 1716436268.1508388519
[-1  1  1  1  1  1  1  1  1  1  1  1  1  1  1  1  1  1  1 -1  1  1  1  1
  1  1  1  1  1] [ 3 10 11 18 19 20 21 26 27 28 29 34 35 36 37 41 42 43 44 45 46 50 51 52
 53 54 57 60 61] [14833 10353  7339 10236  3757 11562 10633  3439  5931  5997 10338  3367
  7629  5059 12467  3816  2424  8545  2596  7410  6315  2538  4833  4398
  2929  6527 11202  3880  6031] [] 1716436268.1938033104
[ 1 -1  1  1  1 -1  1  1  1  1  1  1  1  1  1  1  1 -1  1  1  1  1  1  1
  1  1 -1  1  1] [ 3 10 11 18 19 20 21 26 27 28 29 34 35 36 37 41 42 43 44 45 46 50 51 52
 53 54 57 60 61] [ 7773 10735  6901 10097  3592 11610 10629  3315  5875  4674  7354  3248
  6566  4799 12464  3595  2274  8667  2498  7334  5563  2433  4702  4397
  2807  6123 11206  3720  5934] [] 1716436268.2367174625
[ 1  1 -1  1  1  1  1  1  1  1  1  1 -1  1 -1  1  1  1  1  1  1  1  1  1
  1  1  1 -1  1] [ 3 10 11 18 19 20 21 26 27 28 29 34 35 36 37 41 42 43 44 45 46 50 51 52
 53 54 57 60 61] [ 6215  9654  6943  9862  3491 11406 10399  3219  5871  4157  5931  3146
  6914  4414 12602  3478  2201  8602  2427  7057  5137  2328  4622  4346
  2689  6123  9474  3727  5894] [] 1716436268.2797918320
[ 1  1  1  1  1  1 -1  1  1  1  1  1  1  1  1  1  1  1  1 -1  1  1  1  1
  1  1  1  1  1] [ 3 10 11 18 19 20 21 26 27 28 29 34 35 36 37 41 42 43 44 45 46 50 51 52
 53 54 57 60 61] [ 5806  9228  6509  9674  3431  9149 10452  3163  5790  3942  5641  3076
  6885  4287 12602  3396  2119  8304  2391  7091  5004  2266  4564  4299
  2649  5306  7910  3660  5869] [] 1716436268.3228120804
[1 1 1 1 1 1 1 1 1 1 1 1 1 1 1 1 1 1 1 1 1 1 1 1 1 1 1 1 1] [ 3 10 11 18 19 20 21 26 27 28 29 34 35 36 37 41 42 43 44 45 46 50 51 52
 53 54 57 60 61] [ 5619  8890  6439  9670  3381  8860 10286  3151  5731  3630  5602  2974
  6788  4060 11646  3303  2065  7948  2322  6747  4244  2158  4432  4102
  2604  4642  6201  3506  5826] [] 1716436268.3657300472
[ 1 -1  1  1  1  1  1  1  1  1  1  1  1  1  1 -1 -1  1  1 -1  1  1  1 -1
  1 -1  1  1 -1  1 -1 -1  1] [ 3  4 10 11 18 19 20 21 26 27 28 29 34 35 36 37 38 41 42 43 44 45 46 47
 50 51 52 53 54 57 59 60 61] [ 5533 13325  7202  6079  9433  3265  7691 10269  3003  5709  3340  5423
  2867  6237  3705 11754 14288  3168  1952  7999  2287  6125  4106  9726
  2086  4479  3882  2600  4645  5135 14304  3539  5826] [] 1716436268.4087252617
[ 1 -1  1  1  1  1  1  1  1  1  1  1  1  1  1 -1  1  1  1 -1  1  1  1 -1
  1  1  1 -1  1 -1  1 -1  1 -1] [ 3  4 10 11 18 19 20 21 26 27 28 29 34 35 36 37 38 41 42 43 44 45 46 47
 50 51 52 53 54 55 57 59 60 61] [ 5451 15634  6937  5675  8044  3170  7513 10208  2969  5683  3120  4973
  2668  6069  3428 11980 13925  3040  1878  8174  2267  6089  3963  9894
  2024  4221  3805  2612  4600 11091  4669 14586  3497  5929] [] 1716436268.4518661499
[ 1  1  1  1  1  1  1  1  1 -1  1  1  1 -1  1  1  1  1  1 -1 -1  1  1  1
  1  1  1  1  1  1  1  1  1  1] [ 3  4 10 11 18 19 20 21 26 27 28 29 34 35 36 37 38 41 42 43 44 45 46 47
 50 51 52 53 54 55 57 59 60 61] [ 5439 12728  6523  4862  8000  3163  7323  9329  2931  5937  2905  4784
  2570  6167  3304 11466 12113  2970  1808  8207  2299  5123  3854  8418
  1962  3895  3803  2512  4494  8216  4343 10367  3479  5880] [] 1716436268.4948122501
[ 1 -1  1  1  1  1  1  1 -1  1  1  1  1  1 -1  1 -1  1  1  1  1  1  1  1
 -1  1  1  1 -1  1  1  1  1 -1  1] [ 3  4 10 11 18 19 20 21 23 26 27 28 29 34 35 36 37 38 41 42 43 44 45 46
 47 50 51 52 53 54 55 57 59 60 61] [ 5398 12954  6340  4485  7295  3031  7321  8191 14034  2820  5776  2753
  4502  2502  6279  2995 11736 10951  2884  1781  7783  2227  5118  3799
  8672  1920  3847  3653  2513  4435  7628  4142  9743  3543  5860] [] 1716436268.5378341675
[ 1  1 -1 -1  1  1  1  1  1  1 -1  1  1  1  1  1  1 -1 -1  1  1 -1  1 -1
  1  1  1 -1  1  1  1  1  1  1  1] [ 3  4 10 11 18 19 20 21 23 26 27 28 29 34 35 36 37 38 41 42 43 44 45 46
 47 50 51 52 53 54 55 57 59 60 61] [ 5367 10921  6359  4607  6793  3011  7085  7602 14016  2787  5777  2748
  4402  2447  6187  2941 11192 11803  2891  1773  7123  2251  5047  3803
  8551  1892  3770  3679  2460  4355  7482  4015  9713  3496  5860] [] 1716436268.5808100700
[ 1  1  1  1 -1 -1  1 -1  1 -1  1  1  1  1  1  1  1  1  1 -1  1  1  1 -1
  1  1  1  1  1  1  1 -1  1 -1  1  1] [ 3  4 10 11 12 18 19 20 21 23 26 27 28 29 34 35 36 37 38 41 42 43 44 45
 46 47 50 51 52 53 54 55 57 59 60 61] [ 5342 10619  6311  4458 16311  6943  2994  7129  7449 14272  2755  5766
  2693  4381  2415  5749  2923 11118 11511  2902  1762  7083  2219  6074
  3723  7623  1868  3767  3647  2416  4325  7508  3869  9898  3495  5846] [] 1716436268.6238214970
[ 1  1 -1  1  1  1 -1  1  1  1 -1 -1  1  1  1  1 -1  1  1  1  1  1 -1 -1
 -1  1  1 -1 -1 -1 -1  1  1 -1 -1] [ 3  4 10 11 18 19 20 21 23 26 27 28 29 34 35 36 37 38 41 42 43 44 45 46
 47 50 51 52 53 54 55 57 59 60 61] [ 5323 10474  6333  4303  6851  2980  7149  7423 14185  2723  5772  2694
  4274  2413  5615  2915 11674 10549  2898  1758  7067  2215  6123  3730
  9244  1864  3766  3695  2428  4601  8247  3860  9301  3498  5911] [] 1716436268.6668083668
[ 1  1 -1 -1 -1 -1  1  1  1 -1 -1 -1 -1  1 -1 -1  1 -1 -1 -1 -1  1 -1 -1
 -1 -1 -1  1 -1  1 -1 -1 -1  1] [ 3  4 10 11 18 19 20 21 23 26 27 28 29 34 35 36 37 38 41 42 43 44 45 46
 47 50 51 52 53 54 57 59 60 61] [ 5291 10462  6335  4637  6903  3015  7056  7391 14164  2755  5788  2695
  4337  2382  5678  2965 11670 10623  2910  1770  7409  2211  6396  3798
  9828  1892  3925  3657  2440  4555  3988 10686  3573  5868] [] 1716436268.7098505497
[-1  1 -1 -1  1 -1 -1 -1 -1  1 -1  1 -1 -1 -1 -1 -1 -1 -1 -1 -1 -1 -1 -1
 -1 -1 -1  1 -1 -1  1  1] [ 3  4 10 11 18 19 20 21 26 27 28 29 34 35 36 37 38 41 42 43 44 45 46 50
 51 52 53 54 57 59 60 61] [ 5326 10194  6355  4723  6717  3027  7135  8958  2809  5645  2782  4285
  2419  5776  3120 11686 15289  3084  1848  8360  2220  6412  3906  1954
  3949  3689  2454  4423  4448 12196  3563  5719] [] 1716436268.7528734207
[-1  1 -1 -1  1 -1 -1 -1 -1  1 -1 -1 -1 -1 -1 -1 -1 -1  1 -1 -1 -1 -1  1
 -1 -1 -1 -1  1  1] [ 3  4 10 11 18 19 20 21 26 27 28 29 34 35 36 37 41 42 43 44 45 46 50 51
 52 53 54 57 60 61] [ 5364  9842  6912  6106  6643  3098  7279 10061  2847  5585  2926  4634
  2513  6155  3171 11736  3158  1908  7995  2238  6930  4397  1979  3878
  3736  2538  4632  5141  3506  5710] [] 1716436268.7958090305
[-1 -1 -1 -1 -1 -1 -1  1 -1 -1 -1 -1 -1 -1 -1 -1 -1 -1  1  1  1 -1 -1 -1
 -1 -1 -1 -1 -1 -1] [ 3  4 10 11 18 19 20 21 26 27 28 29 34 35 36 37 41 42 43 44 45 46 50 51
 52 53 54 57 60 61] [ 5423 10030  7453  6995  7561  3152  8248  9990  2909  5594  3116  4659
  2641  6302  3244 12424  3185  1933  7803  2224  6930  4838  2071  4068
  3788  2551  5490  5757  3556  5725] [] 1716436268.8388125896
[ 1 -1  1 -1 -1 -1 -1 -1  1 -1 -1 -1  1 -1  1 -1 -1 -1 -1  1 -1 -1 -1 -1
 -1 -1 -1 -1 -1] [ 3 10 11 18 19 20 21 26 27 28 29 34 35 36 37 41 42 43 44 45 46 50 51 52
 53 54 57 60 61] [ 5402  8611  6991  8272  3225  8291 10001  2995  5580  3275  4732  2707
  6192  3468 12418  3224  1998  7825  2295  6834  5391  2207  4452  3862
  2604  5849  6165  3602  5737] [] 1716436268.8817403316
[-1 -1 -1  1 -1 -1  1 -1 -1 -1 -1 -1 -1 -1 -1 -1 -1  1 -1 -1 -1 -1 -1 -1
 -1 -1 -1 -1 -1] [ 3 10 11 18 19 20 21 26 27 28 29 34 35 36 37 41 42 43 44 45 46 50 51 52
 53 54 57 60 61] [ 5495  8977  7160  8250  3407  8381  9884  3091  5617  3508  5307  2764
  6351  3682 12454  3479  2138  7773  2342  6900  6118  2272  4599  4050
  2750  6495  9424  3712  5837] [] 1716436268.9247202873
[-1 -1 -1 -1 -1 -1 -1 -1 -1 -1 -1 -1  1 -1  1 -1 -1 -1 -1 -1 -1 -1 -1 -1
 -1 -1 -1 -1 -1] [ 3 10 11 18 19 20 21 26 27 28 29 34 35 36 37 41 42 43 44 45 46 50 51 52
 53 54 57 60 61] [13237  9624  8100  9471  3489 10749 10196  3181  5629  4215  7257  2987
  6201  4013 12378  3671  2256  7825  2452  6930  6243  2414  5220  4176
  2960  8608 11502  3767  5918] [] 1716436268.9678010941
[-1 -1  1 -1 -1 -1 -1 -1 -1 -1 -1 -1 -1 -1 -1 -1 -1 -1 -1 -1 -1 -1 -1 -1
 -1 -1 -1 -1 -1] [ 3 10 11 18 19 20 21 26 27 28 29 34 35 36 37 41 42 43 44 45 46 50 51 52
 53 54 57 60 61] [15580 10689  8045  9713  3610 10774 10402  3293  5679  5044  7577  3114
  6264  4164 12394  3927  2430  8457  2603  6965  7609  2447  5571  4459
  3128  8767 15715  4031  5954] [] 1716436269.0108437538
[-1 -1 -1 -1 -1 -1 -1 -1 -1 -1 -1 -1  1 -1 -1 -1 -1 -1 -1 -1 -1 -1 -1 -1
 -1 -1] [11 18 19 20 21 26 27 28 29 34 35 36 37 41 42 43 44 45 46 50 51 52 53 54
 60 61] [ 8170 10391  3646 11435 10540  3453  5736  6507  7869  3246  6567  4595
 12232  4066  2562 11180  2718  7402  9233  2589  5702  4463  3382  9229
  4461  6020] [] 1716436269.0537390709
[ 1 -1 -1 -1 -1 -1 -1 -1 -1 -1  1 -1 -1 -1 -1 -1 -1 -1 -1 -1 -1 -1 -1 -1
 -1 -1] [11 18 19 20 21 26 27 28 29 34 35 36 37 41 42 43 44 45 46 50 51 52 53 54
 60 61] [ 8122 10903  3897 12129 10758  3775  5858  7059  8170  3611  6512  5013
 12567  4305  2807 11686  2870  7462 11799  2715  5848  4623  3619 12184
  4747  6242] [] 1716436269.0967502594
[-1 -1 -1 -1 -1 -1 -1 -1 -1 -1 -1 -1 -1 -1 -1 -1 -1  1 -1 -1 -1 -1 -1  1] [11 18 19 20 21 26 27 28 29 34 35 36 37 41 42 43 44 45 50 51 52 53 60 61] [ 8449 11110  4073 12292 10925  4095  5941  7152 10439  3677  6822  5288
 13439  4850  3016 11927  3138  7401  2982  6136  4964  3672  5269  6234] [] 1716436269.1397514343
[-1 -1 -1 -1 -1 -1 -1  1 -1 -1 -1 -1 -1 -1 -1 -1 -1 -1 -1 -1 -1 -1] [11 19 20 21 26 27 28 29 34 35 36 41 42 43 44 45 50 51 52 53 60 61] [ 9280  4179 12578 11171  4831  6049  8499 10347  4196  6961  6595  5366
  3149 13886  3375  7473  3218  6770  5311  3806  5876  6302] [] 1716436269.1827776432
[ 1 -1 -1 -1 -1 -1 -1 -1 -1 -1 -1 -1 -1 -1 -1 -1 -1 -1 -1 -1 -1] [11 19 20 26 27 28 29 34 35 36 41 42 43 44 45 50 51 52 53 60 61] [ 9141  4200 13858  6462  6050 10344 10433  4547  7441  7174  6682  3566
 14128  3690  7708  3589  6926  6030  4076  8239  6528] [] 1716436269.2257590294
[-1 -1 -1 -1 -1 -1 -1 -1 -1 -1 -1 -1 -1 -1  1 -1 -1 -1 -1 -1] [11 19 20 26 27 28 29 34 35 36 41 42 44 45 50 51 52 53 60 61] [ 9802  4543 15162  8118  6131 10471 10729  4708  7731  9363  9025  3997
  3967  7867  3571  6934  6373  4608 16094  6645] [] 1716436269.2687702179
[-1 -1 -1  1 -1 -1 -1 -1 -1 -1 -1 -1 -1 -1 -1 -1 -1] [19 26 27 28 29 34 35 36 41 42 44 45 50 51 52 53 61] [ 4734  8236  6789 10470 11209  5070  9465 11362  9975  4399  4087  7905
  3775  6935  8481  4782  6713] [] 1716436269.3117539883
[-1 -1 -1  1 -1 -1 -1 -1 -1 -1 -1 -1 -1 -1 -1] [19 26 27 28 34 35 36 41 42 44 45 50 51 52 53] [ 5062  8330  6799 10463  5886  9561 11551 10855  5875  4852  8696  4372
 10666 14990  5528] [] 1716436269.3546838760
[-1 -1 -1 -1 -1 -1 -1 -1 -1 -1 -1 -1 -1] [19 26 27 28 34 35 41 42 44 45 50 51 53] [ 7875  9164  7039 10637  7087 11119 11434  6271  4898 10707  4750 10783
  6248] [] 1716436269.3977575302
[-1  1 -1 -1 -1 -1 -1 -1 -1 -1 -1 -1] [19 26 27 28 34 35 41 42 44 45 50 53] [ 9781  9090  7309 10760  7189 11344 12559  7459  5593 10962  5651  8396] [] 1716436269.4407448769
[-1 -1 -1 -1 -1 -1 -1 -1 -1 -1] [19 26 27 28 34 35 42 44 45 50] [10551  9796  9380 10967  8994 13748  9019  6079 11481  7101] [] 1716436269.4837465286
[-1 -1 -1 -1 -1 -1 -1  1] [19 26 27 28 34 42 44 50] [11211 12357 13883 11306  9987  9205  7438  6845] [] 1716436269.5267271996
[ 1  1  1  1 -1 -1] [26 28 34 42 44 50] [11763 10943  9647  9114 12057  8409] [] 1716436269.5696234703
[ 1 -1 -1 -1 -1] [28 34 42 44 50] [10607 11708  9201 12085  8561] [] 1716436269.6123583317
[-1 -1  1 -1  1] [28 34 42 44 50] [11090 11877  9133 12525  8518] [] 1716436269.6556365490
[-1  1  1 -1] [28 42 44 50] [12382  9066 12330  8602] [] 1716436269.6986882687
[-1 -1 -1] [42 44 50] [ 9446 13435  9307] [] 1716436269.7416701317
[ 1 -1] [42 50] [9388 9683] [] 1716436269.7845358849
[1] [42] [9046] [] 1716436269.8276453018
[-1] [42] [11365] [] 1716436269.8706533909
[1] [42] [9126] [] 1716436269.9136817455
[-1] [42] [11330] [] 1716436269.9566638470
[1] [42] [11250] [] 1716436269.9997458458
2 2 2 1716436270.0000078678
