FA TAX ADC PRES TS
[1 1] [42 44] [ 8883 12862] [] 1716437392.7311394215
[1 1] [42 44] [ 8869 12813] [] 1716437392.7741076946
[ 1 -1] [42 44] [ 8811 12836] [] 1716437392.8171658516
[1 1] [42 44] [ 8699 12818] [] 1716437392.8600296974
[1 1] [42 44] [ 8411 12703] [] 1716437392.9031372070
[-1 -1 -1] [42 44 50] [10990 12780 10598] [] 1716437392.9461114407
[1 1 1] [42 44 50] [10866 12559 10279] [] 1716437392.9891054630
[ 1 -1  1] [42 44 50] [10834 12640 10173] [] 1716437393.0321292877
[ 1 -1 -1 -1] [42 44 45 50] [ 9000 12846 11979 10328] [] 1716437393.0751655102
[ 1 -1  1  1] [42 44 45 50] [ 8941 12897 11721 10268] [] 1716437393.1180732250
[-1 -1 -1 -1  1] [27 42 44 45 50] [12104  9045 12913 11873 10245] [] 1716437393.1610376835
[-1 -1 -1 -1 -1  1 -1] [27 28 42 44 45 50 53] [12187 13954 10791 13068 11937 10191 12783] [] 1716437393.2039871216
[-1  1  1  1 -1  1  1] [27 28 42 44 45 50 53] [12281 12117  9009 13019 11965 10180 10980] [] 1716437393.2469332218
[-1  1 -1  1  1  1  1] [27 28 42 44 45 50 53] [12296 12013 10724 12591 11942 10034 10347] [] 1716437393.2899343967
[ 1  1 -1  1 -1  1  1] [27 28 42 44 45 50 53] [12287 11797 10791 12577 11979  9952  9401] [] 1716437393.3328764439
[-1  1 -1  1  1  1  1  1] [27 28 34 42 44 45 50 53] [12875 11689 15315 10675  9589 10497  9834  9158] [] 1716437393.3759739399
[ 1  1  1  1  1  1 -1 -1 -1] [27 28 34 42 44 45 50 53 61] [10229 11611 14080 10473  9575  9403  9877  9257 10733] [] 1716437393.4191443920
[-1  1  1  1  1 -1  1  1  1] [27 28 34 42 44 45 50 53 61] [13123 11467 13181 10319  9288 11721  9753  8983  7991] [] 1716437393.4620499611
[ 1  1  1  1  1  1  1 -1  1  1] [27 28 34 42 44 45 50 51 53 61] [12960 11414 12257 10007  8531 11661  9170 12262  8754  7739] [] 1716437393.5050160885
[-1 -1  1 -1  1  1  1  1  1  1  1] [26 27 28 34 42 44 45 50 51 53 61] [14152 13037 11340 12460  9537  8206 11537  8850  9170  8538  7613] [] 1716437393.5481216908
[ 1  1  1 -1  1  1  1  1  1  1  1] [26 27 28 34 42 44 45 50 51 53 61] [13812 12869 11300 12531  8722  6471 11340  8708  8831  8247  7205] [] 1716437393.5911440849
[1 1 1 1 1 1 1 1 1 1 1] [26 27 28 34 42 44 45 50 51 53 61] [13806 12774 11081 12397  8363  5922  8822  7735  8625  7682  7190] [] 1716437393.6341078281
[-1  1 -1  1  1 -1  1  1  1  1  1  1] [19 26 27 28 34 42 44 45 50 51 53 61] [10381 13707 13215 11041 12274  8495  5583  8235  7594  8420  7232  6994] [] 1716437393.6771233082
[ 1  1  1  1  1 -1  1  1 -1  1  1  1 -1  1] [19 26 27 28 34 35 42 44 45 50 51 53 54 61] [10158 13656 13193 11039  9983 15709  6853  5493  8904  6655  7863  6763
 12443  6974] [] 1716437393.7201507092
[-1  1  1 -1 -1  1  1  1  1  1  1  1 -1  1  1  1] [11 19 26 27 28 34 35 42 44 45 50 51 52 53 54 61] [11488 10097 13649 13282 11267  8903 14861  5991  5216  8871  6054  7388
 11472  6718 12273  6803] [] 1716437393.7631623745
[ 1 -1  1  1  1  1 -1  1  1 -1  1  1  1  1  1 -1] [11 19 26 27 28 34 35 42 44 45 50 51 52 53 54 61] [10086 10238 13474  9820 10968  8611 14867  5733  5207  8932  5935  7354
 10930  6715 12081  6877] [] 1716437393.8061189651
[ 1 -1 -1  1 -1 -1  1  1 -1 -1  1  1  1  1  1  1  1  1  1] [11 19 26 27 28 29 34 35 36 41 42 44 45 50 51 52 53 54 61] [10008 10257 13548  9818 11073 13866  8539 14544 15320 12755  5539  5091
  8714  5738  7217 10111  6473  9998  6653] [] 1716437393.8491604328
[ 1  1  1  1 -1  1 -1  1  1  1  1  1  1  1  1  1  1 -1  1] [11 19 26 27 28 29 34 35 36 41 42 44 45 50 51 52 53 54 61] [ 9860 10044 12878  9818 11169 11860  8549 13512 15079 12294  5236  4983
  7716  5610  7039  9843  6097 11094  6591] [] 1716437393.8921775818
[ 1  1 -1  1  1  1  1 -1  1  1  1  1  1  1  1  1  1  1  1  1] [11 19 20 26 27 28 29 34 35 36 41 42 44 45 50 51 52 53 54 61] [ 9759  8240 16134 12664  9566 10593 11444  8676 11695 14867 12294  4977
  4796  7594  5448  6973  9663  5987 10461  6523] [] 1716437393.9351687431
[ 1  1  1 -1 -1  1  1  1  1  1  1  1  1  1  1  1  1  1  1  1  1] [11 19 20 21 26 27 28 29 34 35 36 41 42 44 45 50 51 52 53 54 61] [ 9736  7979 15985 12380 12728  9486  9887 11388  7819 11418 14845 12039
  4661  4688  7278  5255  6891  9157  5852  8965  6452] [] 1716437393.9782261848
[1 1 1 1 1 1 1 1 1 1 1 1 1 1 1 1 1 1 1 1 1] [11 19 20 21 26 27 28 29 34 35 36 41 42 44 45 50 51 52 53 54 61] [ 9653  7530 14907 11581  9976  8081  8042 11206  7486 10366 11869 11991
  4372  4527  7204  4861  6869  8888  5504  8146  6311] [] 1716437394.0212264061
[ 1  1  1  1  1  1  1  1  1  1  1 -1  1  1  1  1  1  1  1  1 -1 -1] [11 19 20 21 26 27 28 29 34 35 36 41 42 44 45 50 51 52 53 54 60 61] [ 9533  6931 14901 11443  9832  7753  6631 10899  6527  8781 11068 12113
  3799  4457  7176  4748  6783  8685  5432  7956 15962  6404] [] 1716437394.0641119480
[ 1  1  1  1  1  1  1  1  1  1  1 -1  1  1  1  1 -1  1  1  1  1  1] [11 19 20 21 26 27 28 29 34 35 36 41 42 44 45 50 51 52 53 54 60 61] [ 9438  6206 14861 11286  9758  7660  6264 10899  6099  8409 11003 12139
  3459  4380  6992  4705  6867  6581  5208  7809 11530  6345] [] 1716437394.1072020531
[ 1  1 -1  1  1  1  1  1  1  1  1  1  1  1  1  1  1  1  1  1 -1  1  1] [11 19 20 21 26 27 28 29 34 35 36 41 42 44 45 50 51 52 53 54 55 60 61] [ 9421  5880 14868 11049  9604  7547  6032 10817  5817  8228 10577 12049
  3190  4243  6809  4448  6713  6007  5076  7715 12381 10008  6335] [] 1716437394.1502556801
[ 1  1  1  1  1  1  1 -1  1  1  1 -1  1  1  1 -1  1  1  1  1 -1  1  1 -1] [11 19 20 21 26 27 28 29 34 35 36 37 41 42 44 45 50 51 52 53 54 55 60 61] [ 9201  5398 14626 10929  8992  7445  5616 10878  5155  8144  9396 16355
 11989  3067  4006  6867  4243  5999  5394  4924  7717 10509  8495  6370] [] 1716437394.1931385994
[-1 -1  1  1  1  1  1  1  1  1  1  1  1  1  1  1  1 -1  1  1  1  1  1  1
 -1  1  1] [11 18 19 20 21 26 27 28 29 34 35 36 37 41 42 44 45 46 50 51 52 53 54 55
 57 60 61] [ 9263 12174  5368 14370 10805  8873  7376  5513 10871  5104  8004  9255
 13408 11975  2870  3626  6585 14133  3783  5755  5263  4367  7714  8473
 13856  7473  6320] [] 1716437394.2361316681
[ 1  1  1  1 -1  1  1  1  1  1 -1  1  1  1  1  1  1  1  1  1 -1  1 -1  1
 -1  1  1] [11 18 19 20 21 26 27 28 29 34 35 36 37 41 42 44 45 46 50 51 52 53 54 55
 57 60 61] [ 9125 11157  4979 13960 10817  8731  7331  5026 10768  4994  8049  7530
 12966 11772  2709  3492  6399 12067  3588  5345  5649  4231  7730  7331
 14384  6169  6250] [] 1716437394.2792179585
[-1  1  1  1  1 -1  1  1  1  1  1  1  1  1  1  1  1  1  1  1  1  1  1  1
  1  1  1  1] [ 3 11 18 19 20 21 26 27 28 29 34 35 36 37 41 42 44 45 46 50 51 52 53 54
 55 57 60 61] [14044  9122 11069  4731 13828 10985  8488  6961  4815  9853  4750  7738
  6839 12819  9147  2649  3391  6237 11805  3470  5225  5278  4070  7614
  6812 14336  5691  6213] [] 1716437394.3222165108
[-1  1  1  1  1  1  1  1  1 -1  1  1  1 -1  1  1  1  1  1  1  1  1  1 -1
  1  1 -1  1  1] [ 3 11 18 19 20 21 26 27 28 29 34 35 36 37 41 42 44 45 46 50 51 52 53 54
 55 57 59 60 61] [14900  9041 10908  4599 13550 10882  8336  6894  4459  9935  4516  7167
  6564 13115  7742  2558  3227  6224 11744  3382  4813  4949  3985  7650
  6104 13936 14208  5531  6196] [] 1716437394.3652391434
[ 1 -1  1  1  1  1  1  1  1  1  1  1  1  1  1  1  1  1  1  1  1  1  1  1
  1  1  1  1  1] [ 3 11 18 19 20 21 26 27 28 29 34 35 36 37 41 42 44 45 46 50 51 52 53 54
 55 57 59 60 61] [ 9470  9112  8981  4515 13520 10840  8226  6826  4161  9292  4144  7070
  6120 12895  7517  2478  3104  6211  9152  3250  4716  4757  3849  7628
  5494 13540 12912  5284  6143] [] 1716437394.4082369804
[ 1 -1  1  1  1  1  1  1  1  1  1  1  1  1  1  1 -1  1  1  1 -1  1  1  1
  1  1  1  1  1  1  1] [ 3 11 18 19 20 21 26 27 28 29 34 35 36 37 41 42 43 44 45 46 47 50 51 52
 53 54 55 57 59 60 61] [ 6031  9242  8889  4328 13050 10704  7207  6700  3887  7332  3919  6720
  5633 12593  6125  2321 12840  3020  6057  8431 13085  2953  4704  4558
  3722  7474  5189 10497 12681  5143  6116] [] 1716437394.4512617588
[ 1  1  1  1  1  1  1  1  1  1  1  1  1  1  1  1  1  1 -1  1  1  1  1 -1
  1 -1  1  1  1  1 -1] [ 3 11 18 19 20 21 26 27 28 29 34 35 36 37 41 42 43 44 45 46 47 50 51 52
 53 54 55 57 59 60 61] [ 5763  9177  6814  4241 12690 10703  6538  6646  3710  6917  3631  6413
  5297 12550  5682  2260 11281  2930  6114  8237 12809  2868  4606  4623
  3629  7513  4998  9314 12544  4869  6153] [] 1716437394.4942293167
[ 1  1  1  1  1  1  1  1  1  1  1  1  1 -1  1  1 -1  1 -1  1  1  1 -1  1
  1  1  1  1  1  1  1] [ 3 11 18 19 20 21 26 27 28 29 34 35 36 37 41 42 43 44 45 46 47 50 51 52
 53 54 55 57 59 60 61] [ 5659  9023  5878  4064 12398 10616  6297  6530  3489  6202  3369  6245
  4724 12989  5372  2200 11639  2850  6255  7391 10425  2665  4615  4578
  3486  7102  4716  8891  9856  4615  6033] [] 1716437394.5371515751
[ 1  1  1  1  1  1  1  1  1  1  1  1  1  1  1  1  1  1  1  1  1  1  1 -1
  1  1  1  1  1  1 -1] [ 3 11 18 19 20 21 26 27 28 29 34 35 36 37 41 42 43 44 45 46 47 50 51 52
 53 54 55 57 59 60 61] [ 5364  9004  5103  4006 11827 10350  5391  6468  3272  6087  3245  6115
  4547 11741  4794  2162 11366  2767  6189  7181 10095  2556  4373  5130
  3327  6109  4545  8082  8508  4588  6047] [] 1716437394.5802040100
[ 1  1  1  1  1 -1  1  1  1  1  1  1  1  1  1  1 -1  1  1  1  1  1  1  1
  1  1  1  1  1  1  1] [ 3 11 18 19 20 21 26 27 28 29 34 35 36 37 41 42 43 44 45 46 47 50 51 52
 53 54 55 57 59 60 61] [ 5166  8951  4343  3922 11675 10437  4793  6453  3120  5963  3070  6071
  4391 10153  4646  2092 11677  2755  6015  7127  9948  2517  3950  4842
  3144  5953  4436  6766  8122  4399  5986] [] 1716437394.6232523918
[ 1  1  1  1  1  1  1  1  1  1  1  1  1  1  1  1  1  1 -1  1  1  1  1  1
  1  1  1  1  1 -1  1] [ 3 11 18 19 20 21 26 27 28 29 34 35 36 37 41 42 43 44 45 46 47 50 51 52
 53 54 55 57 59 60 61] [ 5046  8097  4093  3800 11562 10351  4379  6421  3056  5847  2932  5968
  4246  9938  4312  2019 11535  2682  6031  6927  8032  2410  3886  4791
  3123  5740  4287  5762  7130  4409  5938] [] 1716437394.6662828922
[ 1  1  1  1  1  1  1  1  1  1  1  1  1 -1  1  1 -1  1 -1  1  1  1  1  1
  1  1  1  1  1  1 -1 -1] [ 3 11 18 19 20 21 26 27 28 29 34 35 36 37 41 42 43 44 45 46 47 50 51 52
 53 54 55 57 59 60 61 62] [ 4287  8055  3955  3736 11405 10208  4123  6403  2987  5793  2890  5612
  4066  9969  4071  1935 11542  2603  6076  6167  7841  2337  3711  4689
  2965  5522  4061  4387  5282  4191  5943 15263] [] 1716437394.7090773582
[ 1  1  1  1  1  1  1  1  1  1  1  1  1  1 -1  1  1  1  1 -1 -1  1  1  1
  1  1  1  1  1  1  1 -1  1] [ 3 11 18 19 20 21 26 27 28 29 34 35 36 37 38 41 42 43 44 45 46 47 50 51
 52 53 54 55 57 59 60 61 62] [ 4120  8041  3748  3663 11272 10190  3812  6353  2792  5034  2791  5297
  3862  9799 14553  3712  1864 11474  2587  6139  6207  7163  2276  3531
  4561  2896  5470  4026  4050  4767  4013  5969  9565] [] 1716437394.7520153522
[ 1  1  1  1  1  1  1  1  1  1  1 -1  1 -1  1  1  1  1  1  1  1  1  1  1
 -1  1  1  1  1  1  1 -1  1] [ 3 11 18 19 20 21 26 27 28 29 34 35 36 37 38 41 42 43 44 45 46 47 50 51
 52 53 54 55 57 59 60 61 62] [ 4111  6870  3611  3639 11261 10163  3679  6284  2709  4966  2702  5371
  3663  9900 13553  3621  1812 11432  2549  5829  6091  6214  2239  3332
  4618  2833  5414  3982  3775  4390  3720  5984  8907] [] 1716437394.7950432301
[ 1  1  1  1  1  1  1  1  1  1  1 -1  1  1  1  1  1  1  1  1  1  1  1  1
  1  1  1  1  1  1  1 -1  1] [ 3 11 18 19 20 21 26 27 28 29 34 35 36 37 38 41 42 43 44 45 46 47 50 51
 52 53 54 55 57 59 60 61 62] [ 4066  5628  3463  3583 10993 10159  3519  6235  2656  4894  2543  5461
  3486  9694 12647  3481  1775 11339  2491  5390  6046  5875  2196  3206
  4326  2819  5345  3940  3533  4025  3655  6019  8466] [] 1716437394.8380603790
[ 1  1  1  1 -1 -1  1  1  1  1  1 -1  1  1  1  1  1 -1  1  1 -1  1  1  1
  1  1  1  1  1  1 -1  1  1] [ 3 11 18 19 20 21 26 27 28 29 34 35 36 37 38 41 42 43 44 45 46 47 50 51
 52 53 54 55 57 59 60 61 62] [ 3643  4635  3437  3470 11057 10342  3293  6187  2594  4762  2431  5491
  3337  9652 12353  3466  1734 11362  2488  5158  6058  5739  2124  3106
  3910  2746  4938  3909  3383  3783  3663  5970  8317] [] 1716437394.8810203075
[ 1 -1  1  1  1 -1 -1  1  1  1 -1  1  1  1  1 -1  1  1  1  1  1  1  1  1
  1  1  1  1 -1  1 -1  1  1  1] [ 3 10 11 18 19 20 21 26 27 28 29 34 35 36 37 38 41 42 43 44 45 46 47 50
 51 52 53 54 55 57 59 60 61 62] [ 3601 15912  4511  3247  3437 11106 10360  3259  6177  2535  4766  2394
  5238  3297  9486 12408  3464  1722 11313  2470  5023  6006  5647  2104
  3048  3864  2736  4929  3910  3323  3811  3631  5964  8313] [] 1716437394.9240121841
[-1  1  1  1  1  1 -1 -1  1  1  1  1  1  1 -1 -1 -1  1  1  1  1 -1  1  1
 -1  1  1  1  1  1  1 -1 -1 -1] [ 3 10 11 18 19 20 21 26 27 28 29 34 35 36 37 38 41 42 43 44 45 46 47 50
 51 52 53 54 55 57 59 60 61 62] [ 3647 15888  4440  3221  3399  9561 10460  3299  6155  2506  4743  2376
  5078  3284  9641 12464  3508  1715 11267  2440  5019  6055  5507  2092
  3084  3839  2730  4905  3888  3305  3775  3655  5974  8318] [] 1716437394.9669988155
[ 1 -1  1  1  1  1  1  1 -1 -1  1 -1 -1  1  1  1  1  1 -1 -1 -1  1 -1 -1
  1  1  1 -1 -1 -1 -1  1  1  1] [ 3 10 11 18 19 20 21 26 27 28 29 34 35 36 37 38 41 42 43 44 45 46 47 50
 51 52 53 54 55 57 59 60 61 62] [ 3585 16046  4426  3197  3390  9281 10416  3221  6157  2527  4739  2399
  5080  3276  9538 12290  3450  1712 11303  2446  5344  5976  5649  2123
  3042  3790  2714  4906  3904  3311  3814  3601  5969  8288] [] 1716437395.0100603104
[-1  1  1  1  1 -1  1  1  1  1  1  1  1 -1 -1  1 -1 -1  1  1 -1  1 -1  1
 -1 -1 -1  1 -1 -1 -1 -1  1 -1] [ 3 10 11 18 19 20 21 26 27 28 29 34 35 36 37 38 41 42 43 44 45 46 47 50
 51 52 53 54 55 57 59 60 61 62] [ 3622 15880  4421  3187  3383  9338 10256  3203  6142  2480  4644  2362
  5073  3287  9567 12188  3472  1725 11235  2422  5358  5958  5887  2111
  3059  3807  2718  4874  3993  3350  3883  3628  5947  8320] [] 1716437395.0532002449
[-1  1 -1 -1 -1 -1  1 -1 -1 -1  1 -1 -1 -1  1  1 -1 -1  1 -1  1 -1 -1 -1
 -1  1 -1 -1 -1 -1 -1  1  1 -1] [ 3 10 11 18 19 20 21 26 27 28 29 34 35 36 37 38 41 42 43 44 45 46 47 50
 51 52 53 54 55 57 59 60 61 62] [ 3799 15794  4461  3257  3443 10904 10241  3231  6172  2514  4633  2380
  5085  3318  9563 12029  3559  1762 10953  2481  5345  6095  6333  2127
  3194  3804  2758  5155  4078  3471  4161  3611  5939  8617] [] 1716437395.0961935520
[-1 -1 -1 -1  1  1 -1 -1 -1 -1 -1 -1 -1  1 -1 -1  1 -1 -1 -1 -1 -1 -1 -1
 -1 -1 -1 -1 -1 -1  1] [ 3 11 18 19 20 21 26 27 28 29 34 35 36 37 41 42 43 44 45 46 47 50 51 52
 53 54 55 57 59 60 61] [ 3933  4841  3390  3462 10858 10212  3386  6177  2562  4831  2435  5439
  3451  9553  3782  1820 10949  2485  5973  6846  7625  2185  3380  3824
  2808  5339  4232  3959  4889  3687  5814] [] 1716437395.1390929222
[ 1 -1 -1 -1  1  1 -1 -1 -1 -1 -1  1 -1  1 -1 -1  1 -1  1 -1 -1 -1 -1 -1
 -1 -1 -1 -1 -1 -1 -1] [ 3 11 18 19 20 21 26 27 28 29 34 35 36 37 41 42 43 44 45 46 47 50 51 52
 53 54 55 57 59 60 61] [ 3923  7470  3499  3504 10623  9970  3519  6265  2634  4891  2546  5326
  3777  9490  4087  1894 10628  2526  5933  7010 10243  2278  3647  3860
  2995  5700  4506  4449  6505  3911  5863] [] 1716437395.1822161674
[-1 -1 -1 -1 -1  1 -1 -1 -1 -1 -1 -1 -1  1 -1 -1 -1 -1 -1 -1 -1 -1 -1 -1
 -1 -1 -1 -1 -1  1 -1] [ 3 11 18 19 20 21 26 27 28 29 34 35 36 37 41 42 43 44 45 46 47 50 51 52
 53 54 55 57 59 60 61] [ 4022  7918  3667  3576 10809  9962  3700  6284  2759  5880  2655  5361
  4052  9485  4101  1989 10718  2564  6041  7028 12882  2430  3709  3862
  3044  5979  4844  5355  8160  3903  5951] [] 1716437395.2251543999
[-1 -1 -1 -1 -1 -1 -1 -1 -1 -1 -1 -1 -1 -1 -1 -1  1 -1 -1 -1 -1 -1 -1 -1
 -1 -1 -1 -1  1  1] [ 3 11 18 19 20 21 26 27 28 29 34 35 36 37 41 42 43 44 45 46 50 51 52 53
 54 55 57 59 60 61] [ 5049  8725  4031  3626 11023  9966  3901  6329  2830  5897  2814  5422
  4171  9644  4192  2015 10502  2610  6303  7030  2449  3911  4001  3145
  6046  4877  5944  8632  3889  5905] [] 1716437395.2681665421
[-1 -1 -1 -1 -1 -1 -1 -1 -1 -1 -1 -1 -1 -1 -1 -1 -1 -1 -1 -1 -1 -1 -1 -1
 -1 -1 -1 -1 -1 -1] [ 3 11 18 19 20 21 26 27 28 29 34 35 36 37 41 42 43 44 45 46 50 51 52 53
 54 55 57 59 60 61] [ 5130  8782  4571  3681 11105 10001  4065  6332  3033  5974  3033  5842
  4375  9708  4558  2142 10742  2738  6424  8248  2723  4422  4310  3340
  7312  6492  7522  9352  4131  6012] [] 1716437395.3110651970
[-1 -1 -1 -1 -1 -1 -1 -1 -1 -1 -1 -1 -1 -1 -1 -1  1 -1  1 -1 -1 -1 -1 -1
 -1 -1 -1 -1 -1 -1] [ 3 11 18 19 20 21 26 27 28 29 34 35 36 37 41 42 43 44 45 46 50 51 52 53
 54 55 57 59 60 61] [ 5444  8867  5473  3832 11202 10161  4639  6449  3423  6906  3199  5918
  4885  9956  5224  2178 10721  2770  6292  8941  2733  4488  4481  3534
  7382  6977  8250 11864  4275  6018] [] 1716437395.3541872501
[-1  1 -1 -1 -1 -1 -1 -1 -1 -1 -1 -1 -1 -1 -1 -1 -1 -1 -1 -1 -1 -1 -1 -1
 -1 -1 -1 -1 -1 -1] [ 3 11 18 19 20 21 26 27 28 29 34 35 36 37 41 42 43 44 45 46 50 51 52 53
 54 55 57 59 60 61] [ 7757  8852  5767  3917 11602 10457  5318  6511  3553  6918  3302  5949
  5267 10858  5696  2273 15868  2879  6320  9606  2829  4645  4567  3629
  7413  8622  9975 11901  4418  6027] [] 1716437395.3971338272
[-1 -1 -1 -1 -1 -1 -1 -1 -1 -1 -1 -1 -1 -1 -1 -1  1 -1  1 -1 -1 -1 -1 -1
  1 -1 -1  1] [ 3 11 18 19 20 21 26 27 28 29 34 35 36 37 41 42 43 44 45 46 50 51 52 53
 54 57 60 61] [ 8592  8971  8762  4047 11892 10653  6255  6592  3776  7230  3655  6091
  5450 12113  7210  2453 15862  3086  6230 11287  2930  5072  4793  3797
  7200 14864  4598  5962] [] 1716437395.4401764870
[ 1 -1 -1 -1  1 -1 -1 -1 -1 -1 -1 -1 -1 -1 -1  1 -1  1 -1 -1  1 -1  1 -1
 -1] [11 18 19 20 21 26 27 28 29 34 35 36 37 41 42 43 44 45 50 51 52 53 54 60
 61] [ 8854 10742  4239 12334 10559  7930  6673  4262  9571  4100  6446  5784
 13038  9858  2604 15129  3200  6176  3326  5183  4783  3902  7164  5173
  5985] [] 1716437395.4831597805
[-1 -1 -1 -1 -1 -1 -1 -1 -1 -1 -1 -1  1 -1 -1  1 -1 -1 -1 -1 -1 -1 -1 -1
 -1] [11 18 19 20 21 26 27 28 29 34 35 36 37 41 42 43 44 45 50 51 52 53 54 60
 61] [ 8893 11008  4409 13121 10741  8165  8156  4490 10643  4382  6637  6375
 12952 11693  2725 14897  3302  6258  3671  5232  5128  4192  7319  5598
  6076] [] 1716437395.5261754990
[-1 -1 -1 -1 -1 -1 -1 -1 -1 -1 -1 -1 -1 -1 -1 -1 -1 -1 -1 -1 -1 -1 -1 -1
 -1] [11 18 19 20 21 26 27 28 29 34 35 36 37 41 42 43 44 45 50 51 52 53 54 60
 61] [ 8970 11628  4617 13250 10925  8263  8675  4871 10722  4744  6868  6629
 12991 11767  2952 15329  3576  6369  4131  5334  5674  4509  8714  6555
  6175] [] 1716437395.5691330433
[-1 -1 -1  1 -1 -1 -1  1 -1 -1 -1 -1 -1 -1 -1 -1 -1 -1 -1 -1  1] [11 19 20 21 26 27 28 29 34 35 36 41 42 44 45 50 51 52 53 54 61] [ 9090  4860 14141 10918  8332  8823  5384 10722  4892  7470  6959 11874
  3200  3870  6540  4414  5466  6872  4772  8987  6130] [] 1716437395.6121642590
[-1 -1 -1 -1 -1 -1 -1 -1 -1 -1 -1 -1 -1 -1 -1 -1 -1 -1 -1 -1 -1] [11 19 20 21 26 27 28 29 34 35 36 41 42 44 45 50 51 52 53 54 61] [ 9168  5107 14490 11081  8647  8845  5843 11094  4981  8316  8214 11951
  3754  4058  6653  4618  6735  7926  4976  9513  6283] [] 1716437395.6551303864
[-1 -1 -1 -1 -1 -1 -1 -1 -1 -1 -1 -1 -1 -1 -1 -1 -1 -1 -1 -1 -1] [11 19 20 21 26 27 28 29 34 35 36 41 42 44 45 50 51 52 53 54 61] [ 9482  6550 14948 11506  8923  8951  6594 11711  5432  8577 11205 12294
  4102  4278  6928  4909  6818  8525  5335 11959  6431] [] 1716437395.6981375217
[-1 -1 -1 -1 -1 -1 -1 -1 -1 -1 -1 -1 -1 -1 -1 -1 -1] [11 19 26 27 28 34 35 36 41 42 44 45 50 51 52 53 61] [ 9990  7906 10053  9161  9708  6119  9839 14784 12429  4888  4595  7141
  5003  7239 11415  5480  6643] [] 1716437395.7411050797
[-1 -1 -1 -1 -1 -1 -1 -1 -1  1 -1 -1 -1 -1 -1] [19 26 27 28 34 35 36 42 44 45 50 51 52 53 61] [ 7951 13568  9933 10757  7740 10035 15897  5802  5052  6961  6047  8132
 13078  5899  6817] [] 1716437395.7841198444
[-1  1  1  1 -1 -1 -1 -1 -1 -1 -1 -1 -1 -1] [19 26 27 28 34 35 42 44 45 50 51 52 53 61] [ 9713  9932  9533 10712  7831 11668  7597  5671  8402  7306  8338 14255
  6251  7109] [] 1716437395.8270668983
[-1 -1  1 -1 -1 -1  1 -1 -1 -1 -1 -1 -1] [19 26 27 28 34 35 42 44 45 50 51 53 61] [ 9909 12307  9447 10783  8822 13583  6905  7458 11231  8955  8568  7201
  7578] [] 1716437395.8701088428
[-1 -1 -1 -1 -1 -1 -1 -1  1 -1 -1] [19 26 27 28 34 35 42 44 45 50 53] [10501 13197 10054 11297 10612 15806  9105  9155  9006  9499  7494] [] 1716437395.9130818844
[-1 -1 -1 -1 -1 -1 -1 -1 -1] [26 27 28 34 42 44 45 50 53] [13644 10597 11333 12363 10669  9317  9267  9539  8142] [] 1716437395.9561767578
[-1  1  1  1  1 -1 -1 -1 -1] [26 27 28 34 42 44 45 50 53] [14106 10092 11240 10741  9286 10673 10666  9818  8953] [] 1716437395.9990832806
[-1 -1 -1 -1 -1 -1 -1 -1 -1] [26 27 28 34 42 44 45 50 53] [14207 10523 11964 12788 11567 11090 11736  9937 14136] [] 1716437396.0421342850
[ 1  1  1 -1 -1 -1] [28 42 44 45 50 53] [11728  9625 10901 11774 10237 14242] [] 1716437396.0850696564
[-1 -1  1  1 -1] [28 42 44 45 50] [12083 11667 10773 11723 10349] [] 1716437396.1281599998
[-1  1 -1  1] [28 42 44 50] [12178 11476 13179 10275] [] 1716437396.1710932255
[-1 -1 -1] [42 44 50] [11627 13308 10745] [] 1716437396.2140326500
[1 1] [42 44] [11373 13125] [] 1716437396.2571430206
[ 1 -1] [42 44] [11323 13153] [] 1716437396.3001198769
[-1 -1] [42 44] [11415 13252] [] 1716437396.3431146145
[-1 -1] [42 44] [11525 13305] [] 1716437396.3860771656
[-1  1] [42 44] [12448 12249] [] 1716437396.4290676117
2 2 2 1716437396.6873514652
