FA TAX ADC PRES TS
[1 1] [42 44] [12077 12991] [] 1716437454.0881745815
[ 1 -1] [42 44] [11987 13504] [] 1716437454.1312224865
[1] [42] [11607] [] 1716437454.1742203236
[ 1 -1] [42 44] [10931 15872] [] 1716437454.2171990871
[1 1] [42 44] [ 9834 15725] [] 1716437454.2602455616
[1 1] [42 44] [ 9740 13613] [] 1716437454.3032166958
[1 1] [42 44] [ 9611 13129] [] 1716437454.3462095261
[ 1  1 -1] [42 44 50] [ 9493 12935 10447] [] 1716437454.3891329765
[-1 -1 -1] [42 44 50] [ 9732 13003 10577] [] 1716437454.4321088791
[-1 -1  1  1] [28 42 44 50] [12802  9748 12883  8507] [] 1716437454.4750802517
[ 1  1 -1 -1  1] [28 42 44 45 50] [11867  7957 13006 12185  8190] [] 1716437454.5183384418
[1 1 1 1 1] [28 42 44 45 50] [11599  7911 12853 11793  7951] [] 1716437454.5610897541
[ 1  1 -1  1  1] [28 42 44 45 50] [11415  7879 12893 11695  7941] [] 1716437454.6039628983
[-1  1  1  1 -1  1] [26 28 42 44 45 50] [15360 11401  7423 11089 11700  7825] [] 1716437454.6470937729
[ 1 -1 -1  1  1  1  1 -1] [26 28 34 42 44 45 50 53] [13405 11590 14828  6913 10621  9540  7798 12911] [] 1716437454.6901190281
[-1  1  1  1  1 -1  1  1] [26 28 34 42 44 45 50 53] [16192 11477 12731  6484 10475  9621  7706 12009] [] 1716437454.7330560684
[ 1 -1  1  1  1  1 -1  1] [26 28 34 42 44 45 50 53] [12797 11497 11713  6264 10426  9527  7719 11598] [] 1716437454.7761046886
[ 1 -1  1 -1  1  1 -1  1 -1  1] [26 28 34 35 42 44 45 50 51 53] [12454 11562 10865 15768  5559  9998  9855  7477 12941 10312] [] 1716437454.8191769123
[-1 -1 -1  1 -1  1 -1  1  1  1  1] [26 27 28 34 35 42 44 45 50 51 53] [12485 13895 11627 10607 16053  5165 10179  9120  7210 11892  9878] [] 1716437454.8622612953
[-1 -1  1  1  1  1  1  1  1 -1  1  1 -1] [19 26 27 28 34 35 42 44 45 50 51 53 61] [11114 12559 13467 11551 10535 16036  4552 10089  8920  7514 11460  9779
  8095] [] 1716437454.9052479267
[1 1 1 1 1 1 1 1 1 1 1 1 1] [19 26 27 28 34 35 42 44 45 50 51 53 61] [10463 11583 13301 11248 10341 15075  4033  9548  7681  7351 11082  9519
  7785] [] 1716437454.9482629299
[1 1 1 1 1 1 1 1 1 1 1 1 1] [19 26 27 28 34 35 42 44 45 50 51 53 61] [10123 11433 13172 11077 10155 11441  3739  8246  7561  7075 10919  8464
  7600] [] 1716437454.9912405014
[ 1  1  1  1  1  1  1  1  1  1 -1  1  1] [19 26 27 28 34 35 42 44 45 50 51 53 61] [ 9562 11293 13128 10901 10052 10629  3566  7845  7525  7042 10939  8260
  7537] [] 1716437455.0343046188
[ 1  1  1  1  1  1 -1  1  1  1  1  1  1  1] [19 26 27 28 34 35 41 42 44 45 50 51 53 61] [ 7849 11282 12939 10818  9979 10244 13573  3476  7074  7227  7010 10777
  7901  7180] [] 1716437455.0772426128
[ 1  1  1 -1  1  1  1  1  1  1  1  1  1  1] [19 26 27 28 34 35 41 42 44 45 50 51 53 61] [ 7197 11158 12786 10866  9955  9398 12589  3254  6631  7128  6495 10774
  6956  7060] [] 1716437455.1201283932
[-1  1  1 -1  1  1  1  1  1  1 -1  1  1  1 -1 -1] [11 19 26 27 28 34 35 41 42 44 45 50 51 53 54 61] [14642  6265 11096 12886 10837  8671  9245 12532  3172  6270  7169  6466
 10665  6507 13073  7157] [] 1716437455.1631453037
[ 1  1  1 -1 -1  1 -1  1  1  1  1  1  1  1  1  1] [11 19 26 27 28 34 35 41 42 44 45 50 51 53 54 61] [11074  6045 10971 12896 10897  8473  9359 12422  3052  5129  6993  6461
 10574  6360 12245  7111] [] 1716437455.2063143253
[ 1  1  1 -1  1  1  1  1  1  1  1  1  1 -1  1  1 -1  1] [11 19 26 27 28 34 35 41 42 44 45 50 51 52 53 54 60 61] [10228  5563 10866 13100 10897  8378  9283 12317  2866  4554  6833  6351
 10535 13789  5784 11805 15752  6920] [] 1716437455.2493155003
[ 1  1  1  1 -1 -1  1 -1  1  1  1  1  1 -1  1  1  1  1 -1] [11 19 26 27 28 29 34 35 41 42 44 45 50 51 52 53 54 60 61] [ 9988  5294  9074 11416 10947 11563  8195  9401 12173  2749  4382  6702
  6237 10628 12013  5507  9820  9755  6951] [] 1716437455.2921662331
[1 1 1 1 1 1 1 1 1 1 1 1 1 1 1 1 1 1 1] [11 19 26 27 28 29 34 35 41 42 44 45 50 51 52 53 54 60 61] [ 9800  5105  8939 10586 10861 11250  8120  8848 12051  2646  4204  6588
  5965 10601 11185  5307  9569  6696  6921] [] 1716437455.3352491856
[1 1 1 1 1 1 1 1 1 1 1 1 1 1 1 1 1 1 1] [11 19 26 27 28 29 34 35 41 42 44 45 50 51 52 53 54 60 61] [ 9775  4843  8667  9987  9563 10868  8056  8585 11993  2534  3774  6365
  5559  9541  9792  5045  9416  5603  6712] [] 1716437455.3782787323
[ 1  1 -1 -1  1  1  1  1  1  1  1 -1  1  1  1  1  1  1  1  1  1] [11 19 20 21 26 27 28 29 34 35 41 42 44 45 50 51 52 53 54 60 61] [ 9734  4794 16351 12838  8430  9882  8523 10808  7793  8391 11941  2542
  3651  6351  5399  8521  9756  4891  9359  5335  6665] [] 1716437455.4212834835
[ 1  1  1  1  1  1  1  1  1 -1  1  1 -1 -1 -1  1  1  1  1 -1  1 -1] [11 19 20 21 26 27 28 29 34 35 41 42 44 45 46 50 51 52 53 54 60 61] [ 9624  4735 16190 12611  8293  8971  7987 10745  7767  8437 11844  2386
  3678  6390 11751  5141  8055  9655  4804  9433  5013  6698] [] 1716437455.4642105103
[ 1  1 -1  1  1  1  1  1  1  1  1  1  1  1  1  1  1  1  1  1  1  1] [11 19 20 21 26 27 28 29 34 35 41 42 44 45 46 50 51 52 53 54 60 61] [ 9596  4556 16377 11437  8189  8866  7606 10699  7746  8319 11787  2278
  3548  6360  9872  4996  7838  9184  4553  9324  4637  6531] [] 1716437455.5072565079
[ 1  1  1  1  1  1  1  1  1 -1  1  1  1  1 -1  1  1  1  1 -1 -1  1 -1] [11 19 21 26 27 28 29 34 35 36 41 42 44 45 46 50 51 52 53 54 55 60 61] [ 9372  4328 11106  8189  7888  5801 10655  7549  8287 15919 11764  2203
  3455  6223 10494  4390  6964  8674  4416  9459 10472  4546  6565] [] 1716437455.5501940250
[1 1 1 1 1 1 1 1 1 1 1 1 1 1 1 1 1 1 1 1 1 1 1] [11 19 21 26 27 28 29 34 35 36 41 42 44 45 46 50 51 52 53 54 55 60 61] [ 9278  4160 10983  8078  7700  5209 10612  6928  8184 15313 11726  2116
  3388  6132  9658  4173  6876  6969  4256  9450  9025  4170  6494] [] 1716437455.5932161808
[ 1 -1 -1  1  1  1  1  1  1  1  1  1  1  1  1  1  1  1  1  1 -1  1  1  1] [11 19 20 21 26 27 28 29 34 35 36 41 42 44 45 46 50 51 52 53 54 55 60 61] [ 9211  4175 16158 10811  8074  7529  4728 10559  6860  8146 13479  9503
  2058  3283  6068  8900  3983  6849  6276  4114  9541  7617  3990  6430] [] 1716437455.6362810135
[-1  1  1  1  1  1  1 -1 -1  1  1  1  1  1  1 -1 -1  1  1  1  1 -1  1  1
  1] [11 19 20 21 26 27 28 29 34 35 36 41 42 44 45 46 47 50 51 52 53 54 55 60
 61] [ 9248  3999 15953 10650  7965  7465  4488 10565  7028  7851 10628  9022
  1987  3155  5986  9052 15611  3954  5962  6053  3948  9586  7128  3889
  6387] [] 1716437455.6791059971
[-1  1 -1  1  1  1 -1  1  1  1  1  1  1  1  1  1  1  1  1  1  1 -1  1  1
  1  1 -1] [ 3 11 18 19 20 21 26 27 28 29 34 35 36 41 42 44 45 46 47 50 51 52 53 54
 55 60 61] [16021  9244 11372  3959 15862 10620  7969  7424  4270 10464  5733  7628
  9757  8850  1954  3038  5962  8990 15346  3582  5422  6091  3673  9396
  6439  3785  6394] [] 1716437455.7222077847
[ 1  1  1  1  1 -1  1  1  1  1  1  1  1  1  1  1  1  1  1  1  1  1  1  1
  1 -1  1  1] [ 3 11 18 19 20 21 26 27 28 29 34 35 36 41 42 44 45 46 47 50 51 52 53 54
 55 57 60 61] [14257  9116 11147  3880 15698 10634  7955  7351  4074 10213  5262  7606
  8693  8788  1906  3023  5884  8611 13362  3396  5352  5785  3534  9225
  6043 15197  3654  6300] [] 1716437455.7651405334
[-1 -1  1  1  1  1  1  1  1  1 -1 -1  1  1  1  1  1  1  1  1  1  1  1  1
  1  1  1 -1] [ 3 11 18 19 20 21 26 27 28 29 34 35 36 41 42 44 45 46 47 50 51 52 53 54
 55 57 60 61] [14651  9132 11108  3829 15503 10541  7882  6309  3868  9446  5277  7684
  7963  8628  1887  2908  5840  7620 12397  3115  5283  5596  3478  7715
  5781 12300  3491  6322] [] 1716437455.8082175255
[ 1  1  1  1  1 -1  1  1  1  1  1  1  1  1  1  1  1  1  1  1  1  1  1  1
  1  1  1  1] [ 3 11 18 19 20 21 26 27 28 29 34 35 36 41 42 44 45 46 47 50 51 52 53 54
 55 57 60 61] [ 6674  9079 10940  3712 15135 10673  7401  6030  3727  7969  5087  6826
  7496  6945  1795  2813  5643  7565 11130  2994  5156  5322  3343  7340
  5293  9685  3334  6110] [] 1716437455.8513062000
[ 1 -1  1  1  1  1 -1  1  1  1  1  1 -1  1  1 -1 -1  1  1  1  1  1  1  1
  1  1  1 -1  1 -1] [ 3 10 11 18 19 20 21 26 27 28 29 34 35 36 41 42 43 44 45 46 47 50 51 52
 53 54 55 57 60 61] [ 5922 14441  8242  6880  3654 14224 10694  5770  5885  3557  7812  4737
  7056  6906  6663  1801 15481  2728  5596  7501  9473  2938  5000  5102
  3278  7276  5211 10260  3294  6127] [] 1716437455.8943092823
[ 1  1  1  1  1  1  1  1 -1  1  1  1  1  1 -1  1  1  1  1 -1 -1  1  1  1
  1  1  1  1 -1 -1  1  1] [ 3 10 11 18 19 20 21 26 27 28 29 34 35 36 37 41 42 43 44 45 46 47 50 51
 52 53 54 55 57 59 60 61] [ 5893 14394  8123  6596  3594 13974 10672  5435  5890  3409  7799  4645
  7037  6818 16368  6580  1721 14919  2652  5609  7529  8701  2846  4948
  4395  3146  6594  4809 10538 12289  3261  5969] [] 1716437455.9373779297
[ 1  1  1  1  1  1  1  1  1  1  1  1  1  1  1  1  1 -1  1  1  1  1  1  1
  1  1  1  1  1  1  1  1] [ 3 10 11 18 19 20 21 26 27 28 29 34 35 36 37 41 42 43 44 45 46 47 50 51
 52 53 54 55 57 59 60 61] [ 5626 13964  6899  6031  3470 13784 10485  4429  5782  3131  7005  4308
  7017  6674 14962  6336  1650 14991  2598  5486  7399  7109  2715  4546
  4239  3047  6329  4637  9328 11787  3021  5954] [] 1716437455.9802582264
[ 1  1  1  1  1  1 -1  1  1  1  1  1  1  1  1  1  1  1 -1  1  1  1  1  1
 -1  1  1  1  1  1  1  1] [ 3 10 11 18 19 20 21 26 27 28 29 34 35 36 37 41 42 43 44 45 46 47 50 51
 52 53 54 55 57 59 60 61] [ 5468 13368  6155  5707  3368 13192 10554  4007  5551  2976  6291  4052
  6947  6569 12362  6031  1626 14727  2631  5436  7340  6088  2624  4375
  4259  2966  6141  4416  7936 11765  2958  5893] [] 1716437456.0232987404
[-1  1  1  1  1  1  1  1  1  1  1  1 -1  1 -1  1  1 -1  1  1 -1  1  1  1
  1  1  1  1  1  1  1 -1] [ 3 10 11 18 19 20 21 26 27 28 29 34 35 36 37 41 42 43 44 45 46 47 50 51
 52 53 54 55 57 59 60 61] [ 5597 11004  5847  5561  3334 12881 10279  3787  5440  2861  5474  3924
  7010  6271 13044  6026  1615 14825  2518  5424  7357  5390  2563  4282
  4178  2800  5607  4202  7231  9478  2915  5926] [] 1716437456.0663392544
[ 1  1  1  1  1 -1  1  1  1  1  1  1  1  1  1  1  1  1  1  1  1  1  1  1
  1  1  1  1  1  1  1 -1 -1] [ 3 10 11 18 19 20 21 26 27 28 29 34 35 36 37 41 42 43 44 45 46 47 50 51
 52 53 54 55 57 59 60 61 62] [ 5475  9083  5100  5039  3280 13051 10176  3647  5394  2789  4855  3654
  6253  5943 11685  5906  1574 14235  2470  4703  6698  5001  2502  3950
  3944  2662  5156  4070  6897  6695  2849  5988 14580] [] 1716437456.1093087196
[ 1  1  1  1  1  1 -1  1  1  1  1  1  1  1  1 -1  1  1  1  1  1  1  1  1
  1  1  1  1  1  1  1  1  1] [ 3 10 11 18 19 20 21 26 27 28 29 34 35 36 37 41 42 43 44 45 46 47 50 51
 52 53 54 55 57 59 60 61 62] [ 5316  8370  4451  4295  3256 13044 10304  3519  5380  2654  4728  3589
  5803  5366 11606  6180  1536 14201  2374  4606  6320  4758  2347  3881
  3752  2549  4695  3950  6406  5740  2820  5952 12976] [] 1716437456.1522805691
[ 1  1  1  1  1  1  1 -1  1  1  1  1 -1  1  1  1  1  1  1  1  1  1  1  1
  1  1 -1 -1 -1  1  1 -1  1 -1 -1  1] [ 3 10 11 18 19 20 21 23 26 27 28 29 33 34 35 36 37 41 42 43 44 45 46 47
 50 51 52 53 54 55 57 58 59 60 61 62] [ 5115  8213  4201  3957  3207 10470 10231 14363  3135  5310  2571  4588
 12704  3499  4856  4949  8938  5887  1510 14147  2310  4513  6042  4704
  2342  3516  3756  2590  4728  3933  6270 12639  5512  2879  5988  9497] [] 1716437456.1954298019
[ 1  1  1 -1  1 -1 -1  1  1 -1  1  1  1  1  1  1  1 -1  1 -1  1  1  1  1
  1  1  1 -1  1  1  1  1  1  1  1  1] [ 3 10 11 18 19 20 21 23 26 27 28 29 33 34 35 36 37 41 42 43 44 45 46 47
 50 51 52 53 54 55 57 58 59 60 61 62] [ 4742  8037  4123  3983  3204 10511 10288 13645  3100  5326  2531  4473
 12626  3455  4728  4598  8378  5918  1509 14195  2296  4487  5844  4632
  2296  3421  3745  2591  4586  3902  6099 12205  5378  2867  5978  9184] [] 1716437456.2383644581
[ 1  1  1  1  1  1  1  1  1  1  1  1 -1  1  1  1  1  1  1 -1 -1  1  1  1
 -1  1  1  1  1 -1 -1  1  1  1  1  1] [ 3 10 11 18 19 20 21 23 26 27 28 29 33 34 35 36 37 41 42 43 44 45 46 47
 50 51 52 53 54 55 57 58 59 60 61 62] [ 4669  7924  4095  3967  3204 10457 10218 13597  3071  5312  2517  4430
 12650  3354  4709  4558  7786  5843  1495 14203  2303  4474  5833  4592
  2317  3408  3706  2549  4540  3932  6116 11829  5374  2843  5971  8937] [] 1716437456.2813689709
[-1  1  1  1 -1  1  1 -1 -1  1  1 -1 -1  1  1 -1 -1  1  1 -1  1  1  1  1
  1  1  1  1  1  1  1  1  1  1  1  1] [ 3 10 11 18 19 20 21 23 26 27 28 29 33 34 35 36 37 41 42 43 44 45 46 47
 50 51 52 53 54 55 57 58 59 60 61 62] [ 4677  7889  4037  3958  3210  9176 10171 13658  3099  5293  2457  4434
 12673  3260  4641  4598  7806  5724  1490 14274  2276  4459  5823  4528
  2258  3397  3695  2537  4502  3903  5987 11647  5243  2831  5951  8826] [] 1716437456.3244121075
[ 1  1  1  1 -1  1 -1  1  1 -1 -1  1  1 -1  1 -1  1  1 -1  1 -1 -1 -1  1
  1 -1 -1  1  1  1 -1 -1  1  1 -1] [ 3 10 11 18 19 20 21 23 26 27 28 29 33 34 35 36 37 41 42 43 44 45 46 47
 50 51 52 53 54 55 57 59 60 61 62] [ 4603  7837  4019  3933  3226  8785 10175 13634  3079  5314  2460  4434
 12672  3279  4624  4615  7782  5574  1496 14201  2320  4605  5829  4434
  2253  3647  3729  2535  4473  3846  6138  5284  2764  5910 12609] [] 1716437456.3672876358
[-1 -1 -1 -1  1 -1 -1  1  1  1 -1 -1  1 -1  1 -1 -1 -1 -1  1 -1 -1 -1 -1
 -1 -1 -1 -1 -1 -1 -1 -1 -1  1] [ 3 10 11 18 19 20 21 23 26 27 28 29 33 34 35 36 37 41 42 43 44 45 46 47
 50 51 52 53 54 55 57 59 60 61] [ 4625  7907  4147  4067  3108 10158 10204 13584  3067  5290  2489  4458
 12605  3437  4610  4836  8287  6192  1510 14193  2403  4709  6851  5067
  2310  3811  3805  2545  4572  4067  6873  6056  2791  5893] [] 1716437456.4103302956
[ 1 -1 -1 -1  1  1  1 -1 -1  1 -1 -1  1 -1 -1 -1 -1  1 -1  1 -1 -1 -1 -1
 -1 -1 -1 -1 -1 -1 -1 -1 -1  1] [ 3 10 11 18 19 20 21 23 26 27 28 29 33 34 35 36 37 41 42 43 44 45 46 47
 50 51 52 53 54 55 57 59 60 61] [ 4577  7942  4294  4095  3104 10136 10052 13921  3219  5250  2557  4543
 12591  3451  4646  4889  8353  6089  1535 14116  2415  5382  6974  5738
  2348  3909  3856  2576  5310  4246  7419  7551  2831  5852] [] 1716437456.4533953667
[-1 -1 -1 -1 -1 -1  1 -1 -1 -1 -1  1 -1 -1 -1 -1  1 -1  1 -1 -1 -1 -1 -1
 -1 -1 -1 -1 -1 -1 -1 -1 -1] [ 3 10 11 18 19 20 21 26 27 28 29 33 34 35 36 37 41 42 43 44 45 46 47 50
 51 52 53 54 55 57 59 60 61] [ 5006  8072  4878  4194  3192 12357  9936  3246  5259  2633  4679 12560
  3503  5207  5467 10680  6021  1565 13995  2467  5424  7045  7928  2434
  4036  3909  2692  6196  4489  7657  9661  2859  5856] [] 1716437456.4962360859
[-1 -1 -1 -1 -1  1 -1 -1 -1 -1 -1 -1 -1 -1 -1 -1 -1 -1 -1 -1  1 -1 -1 -1
 -1 -1 -1 -1 -1 -1 -1 -1 -1] [ 3 10 11 18 19 20 21 26 27 28 29 33 34 35 36 37 41 42 43 44 45 46 47 50
 51 52 53 54 55 57 59 60 61] [ 5063  8405  5547  4967  3242 12312  9991  3549  5275  2733  5458 13054
  3598  5617  5759 11264  6237  1600 14043  2515  5414  7220 12105  2550
  4738  4531  2825  6597  5176  7781 11609  2883  5927] [] 1716437456.5393452644
[-1 -1 -1 -1 -1 -1 -1 -1 -1 -1 -1 -1 -1 -1 -1 -1 -1 -1 -1  1 -1 -1 -1 -1
 -1 -1 -1 -1 -1  1 -1 -1] [ 3 10 11 18 19 20 21 26 27 28 29 34 35 36 37 41 42 43 44 45 46 47 50 51
 52 53 54 55 57 59 60 61] [ 5373  9200  6798  5595  3340 12486 10132  3837  5324  2857  6664  3650
  5904  6253 11502  6310  1624 14133  2537  5413  7437 12769  2642  5038
  4672  3054  7023  5588  9524 11567  2943  5962] [] 1716437456.5823533535
[-1 -1 -1 -1 -1 -1  1 -1 -1 -1 -1 -1 -1 -1 -1 -1 -1 -1 -1  1 -1 -1 -1  1
 -1 -1 -1 -1 -1 -1 -1 -1] [ 3 10 11 18 19 20 21 26 27 28 29 34 35 36 37 41 42 43 44 45 46 47 50 51
 52 53 54 55 57 59 60 61] [ 5391 11811  7373  6318  3393 12789 10123  3965  5483  2944  6829  3823
  6320  6460 11665  7054  1690 14263  2645  5370  7480 14971  2762  4907
  4830  3210  7103  6263 12489 13637  3147  6014] [] 1716437456.6254212856
[-1 -1 -1 -1 -1 -1 -1 -1 -1 -1 -1  1 -1 -1 -1 -1 -1 -1 -1 -1 -1 -1 -1 -1
 -1 -1 -1 -1 -1 -1] [ 3 10 11 18 19 20 21 26 27 28 29 34 35 36 37 41 42 43 44 45 46 50 51 52
 53 54 55 57 60 61] [ 5668 13322  8237  6825  3462 12809 10292  4775  5534  3241  7602  3781
  6361  6602 13281  7073  1730 14355  2719  5424  8316  2794  5182  4918
  3249  7244  7465 12717  3158  6070] [] 1716437456.6682891846
[-1 -1 -1 -1 -1  1 -1 -1 -1 -1 -1 -1 -1 -1 -1 -1 -1 -1 -1 -1 -1 -1 -1 -1
 -1 -1 -1 -1] [ 3 11 18 19 20 21 26 27 28 29 34 35 36 37 41 42 43 44 45 46 50 51 52 53
 54 55 60 61] [13429  8850 10414  3490 13071 10161  7189  5777  3474  7746  4298  6414
  7410 13311  7458  1791 15871  2763  5505  8768  2882  5258  5003  3413
  8891 11182  3296  6106] [] 1716437456.7112741470
[ 1 -1 -1 -1 -1 -1 -1 -1 -1 -1 -1 -1 -1 -1 -1 -1 -1  1 -1 -1 -1 -1  1 -1
  1] [11 18 19 20 21 26 27 28 29 34 35 36 37 41 42 44 45 46 50 51 52 53 54 60
 61] [ 8811 10511  3554 13682 10255  7771  6054  3662  7819  4634  6533  7731
 16352  7980  1854  2871  5564  8680  3184  5400  5164  3574  8749  3531
  6073] [] 1716437456.7543458939
[-1 -1 -1 -1 -1 -1 -1 -1 -1 -1 -1 -1 -1 -1 -1 -1 -1 -1 -1 -1 -1 -1 -1 -1] [11 18 19 20 21 26 27 28 29 34 35 36 41 42 44 45 46 50 51 52 53 54 60 61] [ 8895 10899  3715 14058 10392  7883  6099  4066 10079  5095  6625  7956
  8294  1947  3007  5654  9502  3479  6149  5277  3789  8867  3666  6164] [] 1716437456.7973170280
[-1 -1 -1 -1 -1 -1 -1 -1 -1 -1 -1 -1 -1 -1 -1 -1 -1 -1 -1  1 -1 -1] [11 19 20 21 26 27 28 29 34 35 36 41 42 44 45 50 51 52 53 54 60 61] [ 8961  3750 14143 10489  7898  7175  4345 10432  5255  7324  9705 11559
  2031  3151  5855  3700  6946  6170  3961  8838  4075  6312] [] 1716437456.8402209282
[-1 -1 -1 -1 -1 -1 -1 -1 -1  1 -1 -1 -1 -1 -1 -1  1 -1 -1 -1 -1 -1] [11 19 20 21 26 27 28 29 34 35 36 41 42 44 45 50 51 52 53 54 60 61] [ 9079  3907 15156 10731  7985  7333  4766 10531  6060  7240 11460 11618
  2098  3299  5956  4141  6897  6760  4074  8891  4415  6429] [] 1716437456.8832991123
[-1 -1 -1 -1  1 -1 -1 -1 -1 -1 -1 -1 -1 -1 -1 -1 -1 -1 -1 -1 -1 -1] [11 19 20 21 26 27 28 29 34 35 36 41 42 44 45 50 51 52 53 54 60 61] [ 9204  4021 15542 10883  7983  7431  5406 10624  6676  7289 11718 11669
  2198  3385  6036  4295  7050  6920  4276 11373  4707  6588] [] 1716437456.9263300896
[-1 -1 -1 -1 -1  1 -1  1 -1 -1 -1 -1 -1 -1 -1 -1 -1 -1 -1 -1 -1 -1] [11 19 20 21 26 27 28 29 34 35 36 41 42 44 45 50 51 52 53 54 60 61] [ 9347  4119 15795 15849  8205  7399  7099 10588  7653  7624 11788 11855
  2423  3536  6248  4717  8203  8006  4650 12097  5119  6850] [] 1716437456.9693288803
[-1 -1 -1 -1 -1 -1 -1  1  1 -1 -1 -1 -1 -1 -1 -1 -1 -1 -1 -1] [11 19 20 26 27 28 29 34 35 36 41 42 44 45 50 51 52 53 60 61] [ 9580  4416 16040  8460  7638  8000 11013  7633  7558 13549 12024  2551
  3730  6339  5003  8984 10698  4983  6975  6879] [] 1716437457.0122470856
[-1 -1 -1 -1 -1 -1  1  1 -1 -1 -1 -1 -1 -1 -1 -1 -1] [11 19 26 27 28 34 35 41 42 44 45 50 51 52 53 60 61] [ 9954  4667  8640  8615  9151  7871  7429 11981  2664  4387  6495  5524
 10805 12182  5386  8941  6942] [] 1716437457.0552859306
[-1  1 -1 -1 -1  1 -1 -1 -1 -1 -1 -1  1 -1 -1 -1] [11 19 26 27 28 34 35 41 42 44 45 50 51 52 53 61] [16289  4471 10602  8784 10139  7545  7561 12139  2826  4708  6627  6161
 10664 16072  5922  6945] [] 1716437457.0983262062
[-1 -1 -1 -1 -1 -1 -1 -1 -1 -1 -1 -1 -1 -1] [19 26 27 28 34 35 41 42 44 45 50 51 53 61] [ 5141 10632 11959 10157  8087  7665 12533  3237  5438  6813  6483 10695
  6120  7188] [] 1716437457.1413311958
[-1 -1 -1 -1 -1 -1 -1 -1 -1 -1 -1 -1  1] [19 26 27 28 34 35 41 42 44 45 50 51 53] [ 6858 10954 12336 10461  8416  8223 15953  3258  6551  6820  6934 10827
  5972] [] 1716437457.1842131615
[-1 -1 -1 -1 -1 -1 -1 -1 -1 -1 -1 -1] [19 26 27 28 34 35 42 44 45 50 51 53] [ 7508 11126 12929 10495  8607  9327  3454  7006  8011  6949 10937  7159] [] 1716437457.2272622585
[-1 -1 -1 -1 -1 -1 -1 -1 -1 -1 -1 -1] [19 26 27 28 34 35 42 44 45 50 51 53] [10094 11775 13658 10833  8979  9478  4066  9249  8717  7163 11679  8109] [] 1716437457.2702274323
[-1  1 -1 -1 -1 -1 -1  1 -1] [19 27 28 34 35 42 44 45 50] [10338 13533 11060  9071  9650  4429  9625  8687  7313] [] 1716437457.3132338524
[-1  1  1 -1 -1 -1 -1 -1 -1] [19 27 28 34 35 42 44 45 50] [14076 13252 10971 12505 15424  4958  9647 11258  7349] [] 1716437457.3560311794
[ 1  1 -1  1 -1 -1 -1 -1] [19 28 34 35 42 44 45 50] [10415 10971 14477 14900  5335  9695 11533  7485] [] 1716437457.3992817402
[-1 -1 -1  1] [28 42 44 50] [10992  5767  9743  7447] [] 1716437457.4421956539
[-1 -1 -1 -1] [28 42 44 50] [11138  6060 12070  7479] [] 1716437457.4852592945
[ 1 -1 -1 -1] [28 42 44 50] [11084  7723 12432  8238] [] 1716437457.5281691551
[-1 -1 -1 -1] [28 42 44 50] [11441  8269 12541  8270] [] 1716437457.5711722374
[ 1 -1] [42 44] [ 7846 12709] [] 1716437457.6142518520
[-1 -1] [42 44] [ 7970 12714] [] 1716437457.6571824551
[ 1 -1] [42 44] [ 7833 12863] [] 1716437457.7002215385
[-1 -1] [42 44] [ 9331 12953] [] 1716437457.7431826591
[-1 -1] [42 44] [11231 13006] [] 1716437457.7861456871
[-1 -1] [42 44] [14030 13111] [] 1716437457.8292036057
[ 1 -1] [42 44] [13383 13123] [] 1716437457.8722333908
[1] [44] [12722] [] 1716437457.9152462482
[1] [44] [12695] [] 1716437457.9582085609
[1] [44] [12672] [] 1716437458.0012722015
2 2 2 1716437458.0014793873
