FA TAX ADC PRES TS
[1 1] [42 45] [ 8955 11319] [] 1716437620.7128572464
[1 1] [42 45] [ 8954 11295] [] 1716437620.7557773590
[-1 -1] [42 45] [ 9032 11357] [] 1716437620.7988181114
[1 1] [42 45] [ 9008 11147] [] 1716437620.8418238163
[-1 -1 -1] [42 45 53] [10937 11429 12002] [] 1716437620.8847520351
[ 1 -1  1] [42 45 53] [10786 11462 11157] [] 1716437620.9277741909
[-1 -1 -1 -1] [42 45 50 53] [10847 11573 11303 11267] [] 1716437620.9708075523
[ 1 -1  1  1] [42 45 50 53] [10809 11673 10428 11070] [] 1716437621.0138297081
[-1 -1 -1 -1  1  1] [28 42 44 45 50 53] [12077 10841 13607 11705 10283 11048] [] 1716437621.0567851067
[1 1 1 1 1 1] [28 42 44 45 50 53] [11961 10824 13405 11651 10170 10974] [] 1716437621.0997879505
[1 1 1 1 1 1] [28 42 44 45 50 53] [11884 10738 12989 11486  9977 10727] [] 1716437621.1428031921
[ 1  1 -1  1  1  1] [28 42 44 45 50 53] [11773 10642 13015 11389  9871 10654] [] 1716437621.1858201027
[ 1  1  1 -1 -1  1] [28 42 44 45 50 53] [11532 10623 12859 11427  9912 10623] [] 1716437621.2287733555
[-1  1  1  1  1  1  1] [27 28 42 44 45 50 53] [15836 11502 10588 12769 11305  9846 10402] [] 1716437621.2718977928
[ 1  1  1 -1  1 -1 -1  1] [27 28 42 44 45 50 51 53] [14581 11354 10536 12804 11249  9860 12681 10267] [] 1716437621.3148512840
[1 1 1 1 1 1 1 1] [27 28 42 44 45 50 51 53] [14017 11164 10516 12330 11208  9787 11799 10175] [] 1716437621.3578767776
[ 1  1 -1 -1 -1 -1  1 -1 -1] [27 28 42 44 45 50 51 53 61] [13586 11002 10591 12417 11360  9829  9033 10401  9763] [] 1716437621.4008452892
[ 1 -1 -1  1  1 -1  1  1  1] [27 28 42 44 45 50 51 53 61] [12954 11003 10663 10450 11349  9905  8923  9420  8537] [] 1716437621.4437861443
[-1 -1 -1 -1  1 -1  1  1  1 -1  1] [19 27 28 42 44 45 50 51 53 54 61] [11192 13211 11348 10762 10395 11703  9856  8649  8761 12671  8220] [] 1716437621.4868817329
[ 1  1 -1  1  1  1  1  1  1  1  1] [19 27 28 42 44 45 50 51 53 54 61] [10588 13065 11384  8879 10181  9305  9840  8465  7541 12402  7827] [] 1716437621.5300278664
[ 1  1  1 -1 -1  1  1  1  1  1  1  1] [19 27 28 35 42 44 45 50 51 53 54 61] [10536 10719 11322 13183  8908  9124  9088  9639  8297  7512 12133  7439] [] 1716437621.5728189945
[ 1  1  1  1  1  1  1  1  1 -1  1] [19 27 28 42 44 45 50 51 53 54 61] [10461 10423 11242  8085  8814  7317  9590  7054  6661 12198  7258] [] 1716437621.6157999039
[ 1  1  1 -1  1  1  1  1  1  1  1  1] [19 27 28 35 42 44 45 50 51 53 54 61] [10138 10351 11207 11918  8065  8039  7272  9557  6991  6359 10010  7158] [] 1716437621.6588897705
[ 1  1  1  1  1  1  1  1  1 -1  1  1] [19 27 28 35 42 44 45 50 51 53 54 61] [10091 10308 11183 11906  7903  7107  6994  9550  6881  6528  9645  6985] [] 1716437621.7020616531
[ 1  1  1  1 -1  1 -1 -1  1  1 -1  1] [19 27 28 35 42 44 45 50 51 53 54 61] [ 9907 10186 11013 11677  8079  6715  8762  9642  6874  6521  9681  6946] [] 1716437621.7449460030
[-1  1 -1 -1 -1  1  1  1 -1 -1 -1  1  1] [19 27 28 34 35 42 44 45 50 51 53 54 61] [10054  8248 11422 12619 11738  7676  6389  8703  9654  6962  6894  9642
  6845] [] 1716437621.7880959511
[ 1  1  1  1 -1  1  1  1  1  1  1 -1  1] [19 27 28 34 35 42 44 45 50 51 53 54 61] [ 9990  8179 11252 11768 11821  7359  5825  8666  9625  6397  6366  9727
  6778] [] 1716437621.8310239315
[-1 -1 -1  1 -1  1  1  1  1  1  1  1  1  1  1] [11 19 27 28 29 34 35 42 44 45 50 51 53 54 61] [11117 10070  8481 11132 12176 10541 11321  6378  5514  8596  8714  6261
  6012  9643  6645] [] 1716437621.8741927147
[ 1  1 -1  1  1  1  1  1  1  1 -1  1  1  1 -1  1] [11 19 27 28 29 34 35 42 44 45 46 50 51 53 54 61] [10674  9843  9557 10974 11784  9540 11296  5554  5149  8536 15738  8614
  5857  5633  9739  6578] [] 1716437621.9168462753
[ 1  1 -1 -1  1  1  1  1  1  1  1  1  1  1  1  1] [11 19 27 28 29 34 35 42 44 45 46 50 51 53 54 61] [ 9858  9671 10288 11115 11279  9473 11108  5448  4917  8534 11529  8537
  5743  5296  9727  6542] [] 1716437621.9598269463
[ 1  1  1 -1  1  1 -1  1  1  1  1  1  1  1  1 -1] [11 19 27 28 29 34 35 42 44 45 46 50 51 53 54 61] [ 9606  9089  8911 11146 11234  9039 12665  5446  4435  6741 11380  8514
  5495  5116  9676  6603] [] 1716437622.0030660629
[ 1  1 -1  1 -1  1  1  1 -1  1  1  1  1  1  1 -1 -1 -1 -1 -1 -1] [11 19 20 27 28 29 34 35 36 42 44 45 46 50 51 52 53 54 55 60 61] [ 9590  8111 15843  8394 11297 11150  9027 12298 15715  5082  4199  6731
 11351  8301  5472 15979  5148  9746 12083  9693  6793] [] 1716437622.0461328030
[ 1  1  1  1  1  1  1  1  1 -1  1  1  1  1  1  1  1  1  1  1  1  1] [11 19 20 27 28 29 34 35 36 41 42 44 45 46 50 51 52 53 54 55 60 61] [ 9454  7072 15523  8307 11144 11012  8980 11460 15321 13011  4723  4054
  6677 11308  8206  5259 14153  5020  9722 10795  9384  6734] [] 1716437622.0889976025
[ 1  1  1  1  1  1  1 -1  1  1  1  1  1 -1  1  1  1  1  1  1  1  1] [11 19 20 27 28 29 34 35 36 41 42 44 45 46 50 51 52 53 54 55 60 61] [ 9363  6631 15350  8217 10966 11010  8950 11461 14680 10885  4024  3954
  6656 11342  6878  5033 13259  4845  9622  9830  8805  6615] [] 1716437622.1320240498
[1 1 1 1 1 1 1 1 1 1 1 1 1 1 1 1 1 1 1 1 1 1] [11 19 20 27 28 29 34 35 36 41 42 44 45 46 50 51 52 53 54 55 60 61] [ 9296  6169 15055  8104 10950 10954  8884 11452 14458  7425  3743  3766
  6548 11260  6571  4628 11570  4547  9557  8559  7301  6479] [] 1716437622.1751449108
[ 1  1  1 -1 -1  1  1  1  1  1  1  1  1  1  1  1  1  1  1  1  1 -1  1  1] [11 19 20 26 27 28 29 34 35 36 41 42 44 45 46 50 51 52 53 54 55 57 60 61] [ 9296  5735 14375 13408  8149 10947 10943  6855  9377 14444  7141  3541
  3663  6468 11205  6445  4498 11356  4149  9407  7442 11616  6991  6395] [] 1716437622.2180500031
[ 1  1 -1  1  1 -1  1  1  1  1  1  1  1  1 -1  1  1  1  1  1  1  1  1  1] [11 19 20 26 27 28 29 34 35 36 41 42 44 45 46 50 51 52 53 54 55 57 60 61] [ 9250  5658 14617 13400  8091 10948 10865  6373  9044 13957  6837  3316
  3627  5944 11211  6373  4305  9603  4030  9320  7296  8706  6640  6359] [] 1716437622.2610931396
[ 1  1 -1  1 -1  1  1  1  1  1 -1  1  1  1  1  1 -1  1  1  1  1  1  1  1
  1  1] [11 19 20 26 27 28 29 34 35 36 37 41 42 44 45 46 47 50 51 52 53 54 55 57
 60 61] [ 9171  5471 14701 13302  8108 10947 10799  6210  8818 13177 16353  6266
  3071  3541  5615  9141 15551  5279  4204  7469  3982  9224  6558  8047
  5983  6298] [] 1716437622.3041312695
[ 1  1  1  1  1 -1  1  1  1  1  1  1  1  1  1  1 -1  1  1  1  1  1  1  1
  1  1] [11 19 20 26 27 28 29 34 35 36 37 41 42 44 45 46 47 50 51 52 53 54 55 57
 60 61] [ 9118  5167 14408  9488  8102 11226 10790  6117  8380 12025 13159  6003
  2896  3394  5503  8841 16159  4727  4082  7002  3813  9129  6257  6652
  5811  6197] [] 1716437622.3470809460
[ 1  1  1  1  1  1 -1  1  1 -1  1  1  1  1 -1 -1  1  1  1 -1  1 -1  1  1
  1  1] [11 19 20 26 27 28 29 34 35 36 37 41 42 44 45 46 47 50 51 52 53 54 55 57
 60 61] [ 9087  5037 14116  9342  8027  8880 10930  5927  7556 12143 13030  5750
  2781  3289  5531 11094 15928  4260  3934  7470  3716  9155  5912  5884
  5617  6128] [] 1716437622.3900671005
[ 1  1  1  1 -1  1  1  1  1  1  1  1  1  1  1  1  1  1  1  1  1 -1  1  1
  1  1] [11 19 20 26 27 28 29 34 35 36 37 41 42 44 45 46 47 50 51 52 53 54 55 57
 60 61] [ 8990  4857 13925  9165  8032  8744 10849  5719  7010 12086 12998  5512
  2688  3195  5453  8987 15707  4028  3799  7389  3600  9193  5628  5421
  5459  6105] [] 1716437622.4331040382
[1 1 1 1 1 1 1 1 1 1 1 1 1 1 1 1 1 1 1 1 1 1 1 1 1 1] [11 19 20 26 27 28 29 34 35 36 37 41 42 44 45 46 47 50 51 52 53 54 55 57
 60 61] [ 8892  4585 13727  8992  7946  8669 10815  5618  6841 11919 12801  5075
  2618  3094  5306  8553 15019  3884  3657  7175  3482  9083  5406  4915
  5325  6042] [] 1716437622.4761025906
[-1 -1  1  1 -1  1  1  1 -1  1  1  1 -1  1  1  1  1  1  1  1  1  1 -1  1
  1  1 -1  1  1] [11 18 19 20 21 26 27 28 29 34 35 36 37 41 42 44 45 46 47 50 51 52 53 54
 55 57 59 60 61] [ 8994 11197  4426 13680 11979  8690  7284  8520 10832  5413  6645 11749
 12980  4740  2486  3008  4790  8494 14443  3703  3495  6232  3497  7409
  5052  4649 11777  5294  6002] [] 1716437622.5190613270
[1 1 1 1 1 1 1 1 1 1 1 1 1 1 1 1 1 1 1 1 1 1 1 1 1 1 1 1 1] [11 18 19 20 21 26 27 28 29 34 35 36 37 41 42 44 45 46 47 50 51 52 53 54
 55 57 59 60 61] [ 8941  7500  4334 13531 11546  8625  7226  7136 10780  5292  5722  8965
 12869  4562  2440  2926  4370  8333 13794  3463  3386  5961  3405  6585
  4677  4426 11583  4752  5990] [] 1716437622.5621004105
[ 1  1  1  1  1  1  1  1 -1  1  1  1  1  1  1  1 -1  1  1  1  1  1  1  1
  1  1 -1  1  1] [11 18 19 20 21 26 27 28 29 34 35 36 37 41 42 44 45 46 47 50 51 52 53 54
 55 57 59 60 61] [ 7871  7336  4257 13382 11217  8440  6755  5811 10815  5217  5503  7802
 12828  4293  2354  2911  4453  8152 13530  3322  3208  5580  3286  6476
  4648  4215 11593  4482  5894] [] 1716437622.6050984859
[-1  1  1  1  1  1  1  1  1  1  1  1  1  1  1  1  1  1  1  1  1  1 -1  1
  1  1  1  1 -1 -1] [ 3 11 18 19 20 21 26 27 28 29 34 35 36 37 41 42 44 45 46 47 50 51 52 53
 54 55 57 59 60 61] [11491  7844  6722  4229 13186 11087  7428  6407  5174 10612  4933  5240
  7697 12794  4284  2271  2795  4014  7492 13453  3052  3100  5723  3256
  6307  4290  3887  9302  4543  5944] [] 1716437622.6482293606
[ 1 -1 -1  1  1  1  1  1  1  1  1 -1  1 -1  1  1  1  1  1  1  1 -1  1  1
 -1  1  1  1  1 -1  1  1] [ 3 10 11 18 19 20 21 26 27 28 29 33 34 35 36 37 41 42 44 45 46 47 50 51
 52 53 54 55 57 59 60 61] [10287 16315  7848  6226  4112 13181 10876  6715  6152  4807 10539 12627
  4618  5262  7625 12756  4094  2208  2703  3885  6629 13476  2962  2993
  6391  3156  6271  4044  3699  9403  4078  5858] [] 1716437622.6910767555
[ 1  1 -1  1  1  1  1  1  1  1  1  1  1  1  1 -1  1  1  1  1  1  1 -1  1
  1 -1  1  1  1  1  1  1] [ 3 10 11 18 19 20 21 26 27 28 29 33 34 35 36 37 41 42 44 45 46 47 50 51
 52 53 54 55 57 59 60 61] [ 6337 13141  7909  5613  3972 12818 10809  6072  5848  4438 10533 12582
  4237  5195  6598 12848  4021  2204  2653  3838  6559 13351  2983  2982
  5342  3173  6152  4007  3671  8806  3962  5858] [] 1716437622.7341108322
[ 1  1  1  1 -1  1  1  1  1  1  1 -1 -1  1  1  1  1  1  1  1 -1  1  1  1
  1  1  1  1  1  1  1 -1 -1] [ 3 10 11 18 19 20 21 26 27 28 29 33 34 35 36 37 41 42 44 45 46 47 50 51
 52 53 54 55 57 59 60 61 62] [ 6147 11912  7807  5371  3983 12550 10661  5417  5711  4246 10452 12666
  4246  5108  6370 12845  3879  2078  2591  3570  6583  9132  2746  2784
  4632  3046  6031  3829  3303  7369  3823  5912 14666] [] 1716437622.7770943642
[ 1  1 -1  1  1  1 -1  1  1  1 -1  1 -1  1  1 -1  1  1 -1  1  1 -1  1  1
  1  1  1  1  1  1  1  1 -1  1] [ 3 10 11 18 19 20 21 26 27 28 29 33 34 35 36 37 41 42 43 44 45 46 47 50
 51 52 53 54 55 57 59 60 61 62] [ 5629 10436  7919  3817  3889 11800 10816  4819  5693  3783 10466 12562
  4279  4848  5709 13050  3771  2040 14443  2517  3445  6674  8245  2688
  2710  4610  3021  5882  3742  3128  6788  3773  5917  8498] [] 1716437622.8201572895
[ 1  1  1  1  1  1  1  1  1  1  1 -1  1  1  1  1  1  1  1  1 -1  1  1  1
  1  1 -1  1  1  1  1 -1  1  1] [ 3 10 11 18 19 20 21 26 27 28 29 33 34 35 36 37 41 42 43 44 45 46 47 50
 51 52 53 54 55 57 59 60 61 62] [ 5458  9255  7474  3630  3865 11685 10695  4533  5619  3547 10443 12681
  4187  4544  5588 12973  3725  1986 14237  2476  3574  6557  6653  2669
  2615  4472  3053  5033  3606  2943  6243  3789  5896  8207] [] 1716437622.8630251884
[-1  1  1  1  1  1 -1  1  1  1  1  1  1  1  1  1  1  1  1  1  1  1  1  1
  1 -1  1  1  1  1  1  1  1 -1] [ 3 10 11 18 19 20 21 26 27 28 29 33 34 35 36 37 41 42 43 44 45 46 47 50
 51 52 53 54 55 57 59 60 61 62] [ 5533  7812  6333  3359  3711 11565 10808  4397  5544  3317 10438 12636
  3868  4494  5174 12776  3668  1951 13955  2429  3150  6287  5571  2574
  2465  4639  2969  4751  3502  2837  5644  3442  5896  8287] [] 1716437622.9060614109
[ 1  1  1  1  1  1  1  1  1  1  1  1  1  1  1  1  1  1  1  1  1  1 -1  1
 -1 -1  1  1 -1  1  1  1 -1 -1] [ 3 10 11 18 19 20 21 26 27 28 29 33 34 35 36 37 41 42 43 44 45 46 47 50
 51 52 53 54 55 57 59 60 61 62] [ 5454  7451  5863  3258  3643 11229 10660  4077  5475  3245  8522 12313
  3606  4373  5132 12666  3582  1940 13894  2402  3098  5726  5683  2527
  2504  4646  2943  4644  3541  2831  5456  3386  5902  8392] [] 1716437622.9491062164
[ 1  1  1  1 -1  1  1 -1  1  1  1 -1  1  1 -1  1  1  1  1 -1  1 -1  1  1
  1  1  1  1  1  1  1  1  1  1] [ 3 10 11 18 19 20 21 26 27 28 29 33 34 35 36 37 41 42 43 44 45 46 47 50
 51 52 53 54 55 57 59 60 61 62] [ 5452  7366  5767  3244  3675 11179 10640  4127  5452  3201  6569 12430
  3596  4339  5194 12626  3582  1928 13891  2408  3083  5797  5615  2494
  2444  4567  2918  4583  3475  2796  5396  3367  5890  8389] [] 1716437622.9920701981
[ 1  1 -1  1  1  1  1  1  1  1 -1  1  1  1  1  1  1 -1  1  1  1 -1  1 -1
 -1  1 -1  1  1  1  1  1  1  1] [ 3 10 11 18 19 20 21 26 27 28 29 33 34 35 36 37 41 42 43 44 45 46 47 50
 51 52 53 54 55 57 59 60 61 62] [ 5417  7272  5785  3209  3647 10385 10583  4007  5367  3178  6583 12385
  3552  4321  5051 12616  3527  1930 11791  2368  3048  5838  5497  2505
  2446  4552  2931  4566  3467  2787  5347  3365  5888  8080] [] 1716437623.0350394249
[ 1  1  1 -1  1 -1  1  1  1 -1  1  1  1 -1  1  1 -1  1 -1 -1 -1 -1 -1 -1
  1  1  1 -1 -1  1 -1 -1  1 -1] [ 3 10 11 18 19 20 21 26 27 28 29 33 34 35 36 37 41 42 43 44 45 46 47 50
 51 52 53 54 55 57 59 60 61 62] [ 5395  7168  5721  3211  3573 10602 10536  3885  5250  3198  6497 12295
  3552  4327  4953 12578  3544  1926 14015  2370  3095  5863  5709  2510
  2445  4536  2921  4584  3583  2785  5669  3707  5847  8161] [] 1716437623.0780274868
[-1 -1 -1 -1 -1  1 -1 -1  1  1 -1  1 -1  1 -1 -1 -1  1 -1 -1 -1  1 -1  1
 -1 -1  1 -1  1 -1 -1  1 -1 -1] [ 3 10 11 18 19 20 21 26 27 28 29 33 34 35 36 37 41 42 43 44 45 46 47 50
 51 52 53 54 55 57 59 60 61 62] [ 5399  7261  5797  3213  3591 10280 10547  3967  5196  3164  8633 12275
  3578  4300  4954 12581  3567  1919 14697  2390  3190  5863  6412  2484
  2502  4559  2910  4773  3581  2823  5915  3682  5877  8233] [] 1716437623.1210191250
[ 1 -1 -1 -1 -1  1  1  1 -1 -1 -1  1 -1  1 -1 -1 -1 -1 -1 -1 -1 -1 -1 -1
 -1  1 -1 -1 -1 -1 -1 -1  1 -1] [ 3 10 11 18 19 20 21 26 27 28 29 33 34 35 36 37 41 42 43 44 45 46 47 50
 51 52 53 54 55 57 59 60 61 62] [ 5389  7744  6069  3239  3679 10190 10530  3963  5277  3229  8787 12220
  3618  4278  5043 12663  3680  1957 16187  2436  3280  5923  9658  2604
  2650  4559  2936  5755  3887  3027  7089  3791  5841 12173] [] 1716437623.1640734673
[-1 -1 -1 -1  1 -1  1 -1 -1 -1 -1 -1 -1 -1 -1  1 -1 -1  1 -1 -1 -1 -1 -1
 -1 -1 -1 -1 -1 -1 -1  1  1] [ 3 10 11 18 19 20 21 26 27 28 29 33 34 35 36 37 41 42 43 44 45 46 47 50
 51 52 53 54 55 57 59 60 61] [ 5397  9184  7632  3567  3655 11196 10485  4243  5484  3397 10431 12336
  3738  4304  5295 12578  3765  2010 15911  2485  3492  6527 13026  2687
  2770  4568  2950  5766  4168  3141  7669  3740  5736] [] 1716437623.2071471214
[-1 -1 -1 -1 -1  1  1 -1  1 -1  1  1 -1 -1 -1  1 -1 -1  1 -1 -1 -1 -1  1
 -1 -1 -1 -1 -1 -1 -1 -1 -1] [ 3 10 11 18 19 20 21 26 27 28 29 33 34 35 36 37 41 42 43 44 45 46 47 50
 51 52 53 54 55 57 59 60 61] [ 5747  9767  7667  3820  3714 10811 10410  4435  5475  3717 10363 12163
  3780  4550  5542 12416  4009  2111 14529  2543  3646  6578 13054  2685
  2886  4659  3032  6069  4412  3293  8146  3780  5772] [] 1716437623.2500810623
[-1 -1  1 -1 -1 -1  1 -1 -1 -1 -1 -1 -1 -1 -1 -1 -1 -1 -1 -1 -1 -1 -1 -1
 -1 -1 -1 -1 -1 -1 -1 -1 -1] [ 3 10 11 18 19 20 21 26 27 28 29 33 34 35 36 37 41 42 43 44 45 46 47 50
 51 52 53 54 55 57 59 60 61] [ 5833 11282  7631  4506  3846 11155 10386  4531  5653  3925 10380 12240
  3868  4683  5914 12660  4072  2146 14617  2614  3847  6633 13939  2774
  3030  4826  3074  6176  4742  3619  9020  3899  5806] [] 1716437623.2931756973
[-1 -1  1 -1 -1 -1 -1 -1 -1 -1 -1 -1 -1 -1 -1  1 -1 -1 -1 -1 -1 -1 -1 -1
 -1 -1 -1 -1 -1 -1 -1 -1] [ 3 10 11 18 19 20 21 26 27 28 29 33 34 35 36 37 41 42 44 45 46 47 50 51
 52 53 54 55 57 59 60 61] [ 9083 13534  7624  5693  3881 11410 10518  5163  5893  4100 10428 12316
  3924  4705  6158 12590  4215  2200  2632  4244  6668 15062  3000  3103
  4854  3175  6424  5173  3799  9295  4078  5844] [] 1716437623.3361103535
[-1  1 -1 -1 -1 -1 -1 -1 -1  1 -1 -1 -1 -1  1 -1 -1 -1 -1 -1 -1 -1  1 -1
 -1 -1 -1 -1 -1 -1] [10 11 18 19 20 21 26 27 28 29 33 34 35 36 37 41 42 44 45 46 50 51 52 53
 54 55 57 59 60 61] [13672  7615  6732  3923 11782 10542  6238  6451  4587 10414 12427  4039
  4800  6483 12532  4577  2315  2724  5049  8356  3172  3269  4851  3274
  6546  5579  4391 11656  4252  5939] [] 1716437623.3790864944
[-1 -1 -1 -1 -1 -1 -1 -1 -1 -1 -1 -1 -1 -1 -1 -1 -1 -1  1 -1 -1 -1 -1 -1
 -1 -1 -1 -1 -1] [11 18 19 20 21 26 27 28 29 33 34 35 36 37 41 42 44 45 46 50 51 52 53 54
 55 57 59 60 61] [ 8713  8130  3982 12167 10837  7898  6965  5339 10485 12805  4750  4912
  7517 12779  4688  2352  2805  5087  8328  3221  3360  5035  3369  6584
  5873  4850 11913  4397  5971] [] 1716437623.4220952988
[-1 -1 -1  1 -1 -1  1 -1 -1 -1 -1 -1 -1  1 -1 -1 -1 -1 -1 -1 -1 -1 -1 -1
 -1 -1 -1 -1 -1] [11 18 19 20 21 26 27 28 29 33 34 35 36 37 41 42 44 45 46 50 51 52 53 54
 55 57 59 60 61] [ 8770  8812  4011 12141 11037  8115  6934  6425 10525 12914  4836  5288
  7570 12684  4942  2436  2834  5281  8515  3418  3673  5133  3472  6792
  6725  5341 12513  4900  6025] [] 1716437623.4650228024
[-1 -1  1 -1 -1 -1 -1 -1 -1 -1 -1 -1 -1 -1 -1 -1 -1 -1 -1 -1 -1 -1 -1 -1
 -1] [11 19 20 26 27 28 29 34 35 36 37 41 42 44 45 46 50 51 52 53 54 55 57 60
 61] [ 8789  4035 12097  8231  7616  8098 10672  5003  5679  8592 12887  5410
  2553  3012  6492  8687  3746  3692  5484  3631  9386  7646  5730  4966
  6080] [] 1716437623.5080130100
[-1 -1 -1 -1  1 -1  1 -1 -1 -1 -1 -1 -1 -1  1 -1 -1 -1 -1 -1 -1 -1 -1 -1
 -1] [11 19 20 26 27 28 29 34 35 36 37 41 42 44 45 46 50 51 52 53 54 55 57 60
 61] [ 8811  4133 12099  8608  7352  8343 10527  5171  6087  8672 12917  5655
  2625  3126  6482 11692  3940  3864  6117  3705  9603  9356  6798  5423
  6155] [] 1716437623.5510532856
[-1 -1 -1 -1 -1 -1 -1 -1 -1 -1 -1 -1 -1 -1 -1  1 -1 -1 -1 -1 -1 -1 -1 -1
 -1] [11 19 20 26 27 28 29 34 35 36 37 41 42 44 45 46 50 51 52 53 54 55 57 60
 61] [ 8884  4271 13168  8744  7749 10641 10686  5506  6275 11609 13631  6552
  2808  3263  7298 11534  4215  4186  7165  3943  9745 11395  8299  6291
  6259] [] 1716437623.5940029621
[-1 -1 -1 -1 -1 -1 -1 -1 -1 -1 -1 -1 -1 -1  1 -1 -1 -1 -1  1 -1 -1 -1] [11 19 20 26 27 28 29 34 35 36 41 42 44 45 46 50 51 52 53 54 57 60 61] [ 9111  4567 13289 12680  7917 10665 10851  5869  7436 11801  6647  2960
  3456  8092 11451  5223  4321  9755  4130  9348 12163  6451  6449] [] 1716437623.6370446682
[-1 -1 -1 -1  1 -1 -1 -1 -1 -1 -1 -1 -1  1 -1 -1 -1 -1 -1 -1 -1 -1] [11 19 20 26 27 28 29 34 35 36 41 42 44 45 46 50 51 52 53 54 60 61] [ 9192  5119 14271 13130  7869 10705 10919  6039  7440 12664  7846  3260
  3634  6681 11693  5659  4654 11334  4284  9615  8279  6455] [] 1716437623.6800427437
[-1 -1 -1 -1 -1 -1 -1 -1 -1 -1 -1 -1  1 -1 -1 -1 -1  1 -1  1] [11 19 20 27 28 29 34 35 36 41 42 44 45 50 51 52 53 54 60 61] [ 9249  5489 14514  7921 10795 11063  7017  7733 12733  8330  3574  3711
  6678  5833  4804 11516  4391  9431  8551  6455] [] 1716437623.7230420113
[-1 -1 -1 -1  1 -1 -1 -1 -1 -1 -1 -1 -1 -1 -1 -1 -1 -1 -1] [11 19 20 27 28 29 34 35 36 41 42 44 45 50 51 52 53 54 61] [ 9272  5766 15720  7955 10734 11072  7165  8468 14245 11967  3946  4089
  6756  6374  5689 13456  4584  9515  6466] [] 1716437623.7659685612
[-1 -1 -1 -1 -1 -1 -1 -1 -1 -1 -1 -1 -1 -1 -1 -1] [11 19 27 28 29 34 35 36 42 44 45 50 51 53 54 61] [ 9527  6578  8130 11117 11683  7269  9598 14411  4492  4398  7036  7366
  6326  4837  9567  6574] [] 1716437623.8090021610
[-1 -1  1  1 -1 -1 -1 -1 -1 -1  1 -1 -1 -1 -1] [11 19 27 28 29 34 35 42 44 45 50 51 53 54 61] [ 9705  8068  8047 10806 16024  8543  9846  4894  5065  8509  7006  6479
  5242 11986  6659] [] 1716437623.8520202637
[-1 -1 -1 -1 -1 -1 -1 -1 -1 -1 -1 -1 -1 -1] [11 19 27 28 34 35 42 44 45 50 51 53 54 61] [10142  8837  8285 11082  8712  9849  5381  5806  8707  7314  7011  6997
 12204  6761] [] 1716437623.8950045109
[-1  1 -1  1 -1 -1 -1  1 -1 -1 -1 -1 -1] [19 27 28 34 35 42 44 45 50 51 53 54 61] [ 9885  8269 11086  7817 10956  5922  7226  7359  7429  7184  7557 12688
  7164] [] 1716437623.9379587173
[-1 -1 -1 -1 -1 -1 -1 -1 -1 -1 -1 -1 -1] [19 27 28 34 35 42 44 45 50 51 53 54 61] [ 9909  8315 11335  9567 11879  7406  8236  8295  8433  8367  7691 12803
  7296] [] 1716437623.9809806347
[-1 -1 -1 -1 -1 -1 -1  1 -1 -1 -1 -1 -1] [19 27 28 34 35 42 44 45 50 51 53 54 61] [10236  8565 11619 12298 12208  7787  9887  7590  9393  8436  7942 12888
  7516] [] 1716437624.0240540504
[ 1 -1  1  1 -1 -1 -1 -1 -1  1 -1 -1] [19 27 28 34 35 42 44 45 50 51 53 61] [10147 11438 11581 11839 12582  8279 12015  8503  9475  8385  7990  7623] [] 1716437624.0669226646
[-1 -1  1 -1 -1 -1 -1  1 -1 -1 -1] [19 27 28 34 42 44 45 50 51 53 61] [10310 11580 11476 15723  9182 12147  8511  9425  8415  8774  7817] [] 1716437624.1099729538
[ 1  1 -1 -1  1 -1 -1 -1] [27 28 42 44 45 50 51 53] [11222 11114 10520 12418  8148  9495 11671 10358] [] 1716437624.1529545784
[ 1 -1 -1 -1 -1 -1 -1] [27 28 42 44 45 50 53] [11199 11271 10536 12634  8526  9599 10432] [] 1716437624.1960196495
[-1 -1 -1  1 -1 -1 -1] [27 28 42 44 45 50 53] [11620 11348 10598 12568 10670  9681 11835] [] 1716437624.2389693260
[-1 -1 -1 -1 -1 -1] [28 42 44 45 50 53] [11563 10957 13028 11232  9808 11945] [] 1716437624.2819712162
[-1 -1 -1 -1 -1] [42 44 45 50 53] [11167 13151 11317  9815 12107] [] 1716437624.3249638081
[ 1 -1 -1  1] [42 45 50 53] [10966 11383 10144  9529] [] 1716437624.3679981232
[-1 -1 -1 -1] [42 45 50 53] [11345 11584 10250 10005] [] 1716437624.4108390808
[-1  1 -1] [42 45 50] [11422 11334 10437] [] 1716437624.4539248943
[ 1 -1] [42 45] [10995 11477] [] 1716437624.4968388081
[ 1 -1] [42 45] [ 8692 12252] [] 1716437624.5400247574
[-1] [42] [8704] [] 1716437624.5829572678
[-1 -1] [42 44] [ 9517 15187] [] 1716437624.6259062290
[1] [42] [7252] [] 1716437624.6689834595
[-1] [42] [7521] [] 1716437624.7119915485
[-1] [42] [9207] [] 1716437624.7549405098
[-1] [42] [11154] [] 1716437624.7979769707
2 2 2 1716437624.7981827259
