FA TAX ADC PRES TS
[1] [50] [4045] [] 1716438681.1060888767
[1] [50] [3998] [] 1716438681.1490683556
[1] [50] [3966] [] 1716438681.1919758320
[1] [50] [3948] [] 1716438681.2351107597
[1] [50] [3723] [] 1716438681.2780644894
[1] [50] [3638] [] 1716438681.3211295605
[1] [50] [3290] [] 1716438681.3640737534
[1] [50] [3147] [] 1716438681.4070718288
[1] [50] [3003] [] 1716438681.4500963688
[1] [50] [2727] [] 1716438681.4930474758
[1] [50] [2649] [] 1716438681.5360422134
[1] [50] [2497] [] 1716438681.5790944099
[1] [50] [2436] [] 1716438681.6220529079
[1] [50] [2348] [] 1716438681.6650989056
[1] [50] [2310] [] 1716438681.7078394890
[1] [50] [2216] [] 1716438681.7508418560
[1] [50] [2080] [] 1716438681.7939255238
[1] [50] [2045] [] 1716438681.8368010521
[1] [50] [1972] [] 1716438681.8797883987
[1] [50] [1865] [] 1716438681.9228122234
[1] [50] [1796] [] 1716438681.9659063816
[1] [50] [1717] [] 1716438682.0088346004
[-1 -1 -1] [42 50 59] [12431  1839  9307] [] 1716438682.0518500805
[-1 -1 -1 -1  1] [42 44 50 51 59] [12478 13163  1856 14273  6311] [] 1716438682.0948545933
[-1 -1  1  1  1] [42 44 50 51 59] [12493 14379  1846 10488  5721] [] 1716438682.1378610134
[ 1 -1  1  1  1] [42 45 50 51 59] [12272 12585  1800 10205  5368] [] 1716438682.1808404922
[-1  1 -1  1 -1  1] [42 45 50 51 53 59] [12401 11657  1815  9192 14753  5010] [] 1716438682.2238459587
[ 1 -1 -1  1  1  1  1] [42 44 45 50 51 53 59] [12401 13517 11981  1803  8937 11921  4816] [] 1716438682.2668430805
[ 1  1 -1  1  1  1 -1 -1] [42 44 45 50 51 53 59 61] [12358 11637 12163  1727  8736 11765  4859  8595] [] 1716438682.3098630905
[1 1 1 1 1 1 1 1] [42 44 45 50 51 53 59 61] [12335 10201 11999  1671  8626  9497  4653  8277] [] 1716438682.3528296947
[-1 -1  1  1  1  1  1  1  1] [28 42 44 45 50 51 53 59 61] [12083 12385  8201 11694  1566  8245  8533  4413  7807] [] 1716438682.3958630562
[ 1 -1  1  1  1  1  1  1  1] [28 42 44 45 50 51 53 59 61] [11655 12505  6182 11261  1564  6862  7937  4085  7317] [] 1716438682.4387960434
[-1  1 -1 -1  1  1  1  1 -1 -1 -1  1 -1] [26 28 34 42 44 45 50 51 52 53 54 59 61] [12531 11630 12411 12554  5911  9212  1518  6238 13170  8053 12597  3932
  7377] [] 1716438682.4818446636
[ 1 -1  1 -1  1  1  1  1  1  1  1  1  1  1] [26 28 34 35 42 44 45 50 51 52 53 54 59 61] [11286 11694 12299 11285 12349  5453  8626  1480  5436 12621  7730 12305
  3853  7188] [] 1716438682.5248298645
[ 1  1 -1  1 -1  1  1  1  1  1  1  1  1  1  1] [26 28 34 35 41 42 44 45 50 51 52 53 54 59 61] [11011 11540 12429 10736 15671 12271  4907  8158  1434  4802 11346  6774
 12035  3624  6806] [] 1716438682.5678749084
[1 1 1 1 1 1 1 1 1 1 1 1 1 1 1] [26 28 34 35 41 42 44 45 50 51 52 53 54 59 61] [10810 11458 12372 10677 15053 12262  4548  7982  1383  4699 10909  6685
 11898  3561  6634] [] 1716438682.6108365059
[ 1  1  1 -1  1  1  1  1  1  1  1  1  1  1  1] [26 28 34 35 41 42 44 45 50 51 52 53 54 59 61] [10770 11258 12249 11082 14040 12127  4433  7807  1352  4518 10216  5993
 11671  3459  6493] [] 1716438682.6538672447
[ 1  1  1 -1 -1  1  1  1  1  1  1  1  1  1  1] [26 28 34 35 41 42 44 45 50 51 52 53 54 59 61] [10680 11179 12197 11131 14096 11998  4207  6762  1326  4170  9944  5378
 11479  3283  6360] [] 1716438682.6968655586
[ 1  1  1  1 -1  1  1  1  1 -1  1  1  1 -1 -1  1 -1] [26 28 34 35 36 41 42 44 45 46 50 51 52 53 54 59 61] [10497 10678 10052  9173 15681 13638 11973  4105  5896 11284  1321  4114
  9109  5438 11545  3227  6405] [] 1716438682.7397847176
[ 1 -1  1  1  1  1 -1  1  1  1 -1 -1  1  1  1 -1 -1  1 -1 -1] [26 28 34 35 36 41 42 44 45 46 50 51 52 53 54 55 58 59 60 61] [10411 10759  9932  9137 14723  8925 12004  3938  5809  9538  1322  4115
  8964  4708  9122  9997 14861  3148 14376  6440] [] 1716438682.7828495502
[-1  1 -1 -1  1 -1  1  1  1  1  1  1  1  1  1  1  1  1  1  1 -1  1] [21 26 27 28 34 35 36 41 42 44 45 46 50 51 52 53 54 55 58 59 60 61] [12312 10393 15505 11345  9791  9184 11523  8193 11971  3763  5650  8828
  1292  3896  8132  4419  8903  6779 12781  2978 14976  6337] [] 1716438682.8258652687
[-1 -1  1 -1  1 -1 -1  1 -1  1  1 -1  1  1  1 -1  1  1  1  1  1  1 -1  1
 -1] [18 20 21 26 27 28 29 34 35 36 41 42 44 45 46 50 51 52 53 54 55 58 59 60
 61] [11514 15551 12286 10409 11374 11423 12377  9783  9240  9519  8119 11976
  3666  5490  8329  1295  3692  7826  4203  8841  5964  9593  2998 13339
  6342] [] 1716438682.8688991070
[-1 -1 -1  1  1 -1  1  1  1 -1  1  1  1  1  1  1  1  1  1  1  1  1  1  1
  1  1  1] [11 18 19 20 21 26 27 28 29 34 35 36 41 42 44 45 46 50 51 52 53 54 55 58
 59 60 61] [13880 11677 11193 15194 12160 10443 11341 10975 12187  9821  9190  9108
  7530 11883  3579  5318  7547  1258  3550  7337  3970  7603  5126  8738
  2973 11372  6266] [] 1716438682.9119040966
[ 1 -1  1  1  1  1  1  1  1  1  1  1  1  1  1  1  1 -1  1  1  1  1  1  1
  1 -1  1 -1 -1] [11 18 19 20 21 26 27 28 29 34 35 36 41 42 44 45 46 47 50 51 52 53 54 55
 58 59 60 61 62] [10378 11714 10467 14663 11865  9428 11318  6945 10240  7617  8187  8204
  7425 11774  3398  5247  6769 13711  1224  3395  6994  3780  6449  4972
  8377  2989 10806  6276 14754] [] 1716438682.9549052715
[ 1 -1  1  1  1  1 -1  1  1  1  1  1  1 -1  1  1  1  1  1  1  1  1  1  1
  1  1  1 -1  1] [11 18 19 20 21 26 27 28 29 34 35 36 41 42 44 45 46 47 50 51 52 53 54 55
 58 59 60 61 62] [10076 11776  8531 14523 11440  9029 11355  5819  9782  7401  8082  7275
  7107 11782  3339  5212  6488 13215  1216  3357  6802  3724  5928  4612
  8234  2975  6807  6280 14355] [] 1716438682.9979109764
[ 1  1  1 -1  1  1 -1  1  1 -1  1  1  1 -1  1 -1  1  1  1  1  1  1  1  1
  1  1  1  1  1] [11 18 19 20 21 26 27 28 29 34 35 36 41 42 44 45 46 47 50 51 52 53 54 55
 58 59 60 61 62] [10020 11648  6754 14767 11203  8657 11416  5493  9500  7606  7974  7046
  5984 12023  3218  5252  6281  8337  1180  3265  6479  3502  5208  4272
  7973  2902  5727  6194 12118] [] 1716438683.0408923626
[ 1  1  1  1  1  1  1  1  1  1  1  1  1 -1  1  1  1  1  1  1  1  1  1  1
  1  1  1  1  1] [11 18 19 20 21 26 27 28 29 34 35 36 41 42 44 45 46 47 50 51 52 53 54 55
 58 59 60 61 62] [ 9744 11264  5804 13903 11032  8491 11320  5013  9204  7122  7796  6241
  5868 12097  3060  5040  5227  7633  1156  3184  5811  3367  4835  4065
  7788  2828  5199  6135 11338] [] 1716438683.0838997364
[ 1  1  1  1  1  1 -1  1  1  1  1  1 -1  1  1  1  1  1  1  1  1  1  1  1
  1  1  1  1 -1  1] [11 18 19 20 21 26 27 28 29 34 35 36 38 41 42 44 45 46 47 50 51 52 53 54
 55 58 59 60 61 62] [ 9649 11016  5438 13799 10796  8341 11570  4656  8816  6689  7686  5907
 13685  5397  8246  2975  4977  5108  5824  1151  3111  5238  3326  4542
  3850  7452  2804  4871  6146  8699] [] 1716438683.1269216537
[ 1  1  1 -1 -1  1  1  1  1  1 -1  1  1 -1  1 -1  1  1  1  1  1  1  1  1
  1  1  1  1  1 -1  1] [11 18 19 20 21 26 27 28 29 34 35 36 38 41 42 43 44 45 46 47 50 51 52 53
 54 55 58 59 60 61 62] [ 9489 10852  5194 13879 10877  8148 10203  4268  8622  6585  7859  5863
 10562  5720  7591 12512  2925  4760  5000  5060  1147  3048  5183  3260
  4350  3607  7328  2772  4699  6148  8082] [] 1716438683.1699383259
[-1  1  1  1  1 -1  1  1  1  1 -1  1  1  1 -1  1  1  1  1  1  1  1  1  1
  1  1  1  1  1 -1  1  1  1  1  1] [10 11 18 19 20 21 26 27 28 29 33 34 35 36 37 38 41 42 43 44 45 46 47 50
 51 52 53 54 55 57 58 59 60 61 62] [14620  9267 10688  4876 13835 10889  7469  8891  4033  6534 12880  5653
  7679  5475 16343 10339  5352  6636 11792  2875  4738  4927  4693  1130
  2987  4495  3185  4302  3430 14512  6920  2748  4438  6050  8002] [] 1716438683.2129437923
[ 1  1  1  1  1 -1  1  1  1  1  1  1  1  1  1  1  1  1  1  1  1  1  1  1
  1  1  1  1  1  1  1  1  1  1 -1] [10 11 18 19 20 21 26 27 28 29 33 34 35 36 37 38 41 42 43 44 45 46 47 50
 51 52 53 54 55 57 58 59 60 61 62] [13188  8586 10610  4652 13503 10965  6895  8492  3785  5947 12705  4972
  7152  5014 16249 10291  5103  5256 11095  2791  4569  4895  4276  1128
  2908  4349  2979  4203  3295 11509  5960  2698  3975  6028  8019] [] 1716438683.2559413910
[ 1  1  1  1  1  1 -1  1  1  1  1  1  1  1  1  1  1  1  1  1  1  1  1  1
 -1  1  1  1  1  1  1  1  1  1  1  1] [10 11 18 19 20 21 23 26 27 28 29 33 34 35 36 37 38 41 42 43 44 45 46 47
 50 51 52 53 54 55 57 58 59 60 61 62] [12815  8139 10424  4485 13071 10915 16233  6785  8319  3665  5743 12667
  4385  6963  4637 14074 10256  4360  4466 10769  2478  4258  4754  3922
  1131  2804  4182  2935  3737  3241  8839  5268  2654  3711  5995  7609] [] 1716438683.2989261150
[ 1  1 -1  1 -1  1  1  1  1  1  1  1  1  1  1  1  1  1  1  1  1  1  1  1
  1  1  1  1  1  1  1  1  1  1 -1  1] [10 11 18 19 20 21 23 26 27 28 29 33 34 35 36 37 38 41 42 43 44 45 46 47
 50 51 52 53 54 55 57 58 59 60 61 62] [11995  7729 10688  4136 13195 10600 14992  6556  8128  3440  5661 12660
  3739  6506  4397 11265  8883  3950  3967 10506  2416  4039  4702  3592
  1092  2704  4158  2684  3458  3048  7436  4938  2590  3539  6034  7498] [] 1716438683.3419435024
[-1  1 -1  1  1  1 -1  1  1  1  1  1 -1  1 -1  1  1  1  1  1  1  1  1 -1
  1  1  1  1  1  1  1  1  1  1  1  1  1] [ 3 10 11 18 19 20 21 23 26 27 28 29 33 34 35 36 37 38 41 42 43 44 45 46
 47 50 51 52 53 54 55 57 58 59 60 61 62] [13587 11795  7733  9076  4000 13043 10742 13926  5979  7798  3268  5638
 12832  3342  6510  4068 10790  8509  3488  3451  9526  2370  3810  4714
  3408  1066  2622  3997  2508  3182  2916  5987  4776  2549  3367  5955
  6960] [] 1716438683.3849186897
[ 1  1  1  1  1  1  1  1  1  1  1  1  1  1  1  1  1  1  1  1 -1  1  1  1
  1  1  1  1  1  1 -1  1  1  1  1 -1  1 -1] [ 3 10 11 18 19 20 21 23 26 27 28 29 33 34 35 36 37 38 41 42 43 44 45 46
 47 50 51 52 53 54 55 57 58 59 60 61 62 63] [10730 11470  7468  7828  3848 12967 10439 13647  5451  7667  3172  5584
 12825  3152  6225  3938  9613  8233  3468  3331  9540  2315  3666  4666
  3292  1060  2611  3849  2449  3118  2919  5105  4736  2537  3315  5971
  6553 13002] [] 1716438683.4279966354
[ 1  1  1  1  1  1 -1 -1  1  1  1  1  1  1  1  1  1 -1 -1  1  1  1  1 -1
  1 -1  1  1 -1 -1  1  1  1 -1  1  1  1  1] [ 3 10 11 18 19 20 21 23 26 27 28 29 33 34 35 36 37 38 41 42 43 44 45 46
 47 50 51 52 53 54 55 57 58 59 60 61 62 63] [ 8194 10632  7126  6605  3802 12699 10628 13689  5323  7643  3121  5576
 12748  3099  6161  3814  8676  8242  3531  3299  9457  2299  3584  4694
  3256  1082  2570  3784  2467  3124  2894  4915  4678  2567  3263  5970
  6519 12555] [] 1716438683.4709143639
[ 1  1  1 -1  1  1  1  1  1  1  1  1 -1  1  1  1  1 -1  1  1 -1 -1  1  1
  1 -1  1  1  1  1  1 -1  1  1  1  1  1  1 -1] [ 3 10 11 18 19 20 21 23 26 27 28 29 33 34 35 36 37 38 41 42 43 44 45 46
 47 48 50 51 52 53 54 55 57 58 59 60 61 62 63] [ 7937 10525  6718  6669  3772 12647 10381 13463  5089  7617  3100  5551
 12773  3048  6150  3687  8066  8329  3472  3258  9494  2302  3499  4629
  3256 16360  1061  2566  3755  2392  3105  2932  4822  4552  2519  3263
  5956  6429 12987] [] 1716438683.5139520168
[-1 -1  1  1  1  1  1 -1 -1 -1  1  1  1  1 -1  1  1  1 -1  1  1  1  1 -1
  1  1  1 -1  1  1  1  1  1  1  1  1  1  1] [ 3 10 11 18 19 20 21 23 26 27 28 29 33 34 35 36 37 38 41 42 43 44 45 46
 47 50 51 52 53 54 55 57 58 59 60 61 62 63] [ 7991 10564  6579  6613  3760 12623 10336 13557  5095  7628  3085  5537
 12744  3026  6161  3653  7971  8247  3493  3212  9376  2287  3420  4650
  3200  1049  2534  3765  2388  3086  2816  4690  4480  2498  3223  5944
  6143 12823] [] 1716438683.5569245815
[ 1 -1  1  1  1  1 -1 -1  1  1  1  1 -1  1  1  1  1  1  1 -1  1 -1 -1  1
 -1  1 -1  1 -1 -1 -1 -1 -1  1 -1  1 -1  1] [ 3 10 11 18 19 20 21 23 26 27 28 29 33 34 35 36 37 38 41 42 43 44 45 46
 47 50 51 52 53 54 55 57 58 59 60 61 62 63] [ 7801 10644  6533  6538  3720 12442 10338 13565  4931  7534  3081  5474
 12764  3014  6139  3605  7834  8191  3447  3288  9321  2317  3590  4605
  3288  1049  2563  3764  2390  3108  2900  5098  4630  2497  3243  5926
  6593 12401] [] 1716438683.6000015736
[-1 -1 -1 -1 -1  1  1 -1 -1 -1  1  1  1 -1 -1 -1  1 -1 -1 -1  1 -1 -1 -1
 -1 -1 -1 -1 -1 -1 -1 -1 -1 -1 -1 -1 -1  1] [ 3 10 11 18 19 20 21 23 26 27 28 29 33 34 35 36 37 38 41 42 43 44 45 46
 47 50 51 52 53 54 55 57 58 59 60 61 62 63] [ 8043 10701  7254  6733  3746 12389 10248 13591  5323  7558  3066  5473
 12641  3049  6143  3708  7782  8774  3492  3458  9271  2342  3719  4636
  3413  1051  2604  3770  2418  3300  3066  5825  4636  2515  3327  5933
  7367 12288] [] 1716438683.6429691315
[-1 -1 -1 -1 -1  1  1 -1 -1 -1 -1  1 -1  1 -1 -1 -1 -1 -1 -1 -1 -1 -1 -1
 -1 -1 -1 -1 -1 -1 -1 -1 -1 -1 -1 -1] [10 11 18 19 20 21 23 26 27 28 29 33 34 35 36 37 38 41 42 43 44 45 46 47
 50 51 52 53 54 55 57 58 59 60 61 62] [10773  7658  7467  3801 12427 10233 13500  5325  7634  3137  5505 12574
  3121  6137  3867  8685 10102  3611  4072  9616  2410  3946  4667  3664
  1058  2656  3902  2455  3371  3094  7257  4869  2548  3483  5948  7418] [] 1716438683.6859369278
[-1 -1 -1 -1 -1  1 -1 -1 -1 -1 -1 -1 -1 -1 -1 -1 -1 -1 -1 -1 -1 -1  1 -1
 -1 -1 -1 -1 -1 -1 -1 -1 -1 -1  1  1] [10 11 18 19 20 21 23 26 27 28 29 33 34 35 36 37 38 41 42 43 44 45 46 47
 50 51 52 53 54 55 57 58 59 60 61 62] [11890  7879  8603  3930 12543 10204 13585  5597  7637  3217  5609 12587
  3438  6462  4014  9408 10185  3799  4263 10481  2448  3979  4663  3904
  1064  2701  4032  2524  3498  3165  7794  5084  2576  3663  5927  7406] [] 1716438683.7289283276
[-1  1 -1 -1 -1  1 -1 -1  1 -1  1  1 -1 -1 -1 -1  1 -1 -1 -1 -1 -1 -1 -1
 -1 -1 -1 -1 -1 -1 -1 -1 -1 -1 -1 -1] [10 11 18 19 20 21 23 26 27 28 29 33 34 35 36 37 38 41 42 43 44 45 46 47
 50 51 52 53 54 55 57 58 59 60 61 62] [12098  7872 10004  3938 12639 10170 13804  6431  7634  3305  5560 12522
  3693  6509  4055 10270 10161  4555  5740 11045  2650  4311  4754  4580
  1076  2758  4154  2704  3917  3441 11131  6304  2642  3759  6024  7540] [] 1716438683.7718086243
[-1 -1 -1 -1 -1 -1 -1 -1 -1 -1 -1 -1 -1 -1 -1 -1 -1 -1 -1 -1 -1 -1 -1 -1
 -1 -1 -1 -1 -1 -1 -1 -1 -1 -1 -1] [10 11 18 19 20 21 23 26 27 28 29 33 34 35 36 37 38 41 42 43 44 45 46 47
 50 51 52 53 54 55 58 59 60 61 62] [15243  8126 10596  4120 12695 10312 14026  6749  7740  3513  5801 12728
  4034  6518  4229 11197 10351  4724  6734 12114  2700  4356  4857  5536
  1079  2808  4299  2894  4110  3810  6892  2672  3947  6063  7952] [] 1716438683.8148250580
[-1 -1 -1 -1  1 -1 -1 -1 -1 -1 -1 -1  1 -1 -1 -1 -1 -1 -1  1 -1 -1 -1  1
 -1 -1 -1 -1 -1 -1 -1 -1  1 -1] [11 18 19 20 21 23 26 27 28 29 33 34 35 36 37 38 41 42 43 44 45 46 47 50
 51 52 53 54 55 58 59 60 61 62] [ 8867 10724  4298 12821 10279 14251  7750  7929  3707  6414 12872  4419
  6378  4727 12904 10515  4832  8920 15322  2699  4414  4891  7105  1069
  2830  4466  2982  4264  4050  7250  2696  4051  6022  8117] [] 1716438683.8578729630
[-1  1 -1 -1 -1 -1 -1 -1 -1 -1 -1 -1 -1 -1  1 -1 -1 -1 -1 -1 -1 -1 -1 -1
 -1 -1 -1 -1 -1 -1 -1] [11 18 19 20 21 26 27 28 29 33 34 35 36 37 41 42 44 45 46 47 50 51 52 53
 54 55 58 59 60 61 62] [ 9183 10672  4482 13095 10298  7771  8049  3807  8425 13106  4625  6419
  5054 13759  4748 10717  2810  4726  5405 12271  1097  2884  4883  3038
  4753  4743  7585  2728  5227  6045 11864] [] 1716438683.9008157253
[-1 -1 -1 -1 -1 -1 -1 -1 -1 -1 -1 -1 -1  1 -1 -1 -1  1 -1 -1 -1 -1 -1  1
 -1 -1  1 -1] [11 18 19 20 21 26 27 28 29 34 35 36 41 42 44 45 46 50 51 52 53 54 55 58
 59 60 61 62] [ 9403 11030  4974 13439 10659  8006  8674  4318  8516  5896  6479  5451
  5011 10681  2876  4784  5980  1094  3047  5823  3222  5382  4991  7521
  2754  5645  6024 13796] [] 1716438683.9438152313
[-1 -1 -1 -1 -1 -1 -1 -1 -1 -1 -1 -1 -1 -1 -1 -1 -1 -1 -1 -1 -1  1 -1 -1
 -1 -1 -1] [11 18 19 20 21 26 27 28 29 34 35 36 41 42 44 45 46 50 51 52 53 54 55 58
 59 60 61] [ 9688 11259  5273 13669 10795  8110  8918  4831  8616  6914  6617  5767
  5357 11112  2938  5062  6179  1141  3125  5970  3327  5281  6521  7711
  2786  7853  6091] [] 1716438683.9868161678
[-1 -1 -1 -1 -1 -1 -1 -1 -1 -1 -1 -1 -1 -1 -1 -1 -1  1 -1 -1 -1 -1 -1 -1
 -1 -1  1] [11 18 19 20 21 26 27 28 29 34 35 36 41 42 44 45 46 50 51 52 53 54 55 58
 59 60 61] [10392 11388  6089 13809 11010  8319  9353  5291  8905  7444  6719  6462
  6019 11305  3050  5214  6389  1140  3220  6202  3443  5895  9361  8047
  2812  8887  6054] [] 1716438684.0297958851
[-1 -1 -1 -1 -1 -1 -1 -1 -1 -1 -1 -1 -1 -1 -1 -1 -1 -1 -1 -1 -1 -1  1 -1
 -1] [18 19 20 21 26 27 28 29 34 35 36 41 42 44 45 46 50 51 52 53 54 58 59 60
 61] [11969  9389 14075 11307  8440  9363  6107 10844  8573  7058  6826  6493
 11563  3214  5342  7280  1160  3487  6954  3555  7052  9737  2792 13951
  6058] [] 1716438684.0727872849
[-1 -1 -1 -1 -1 -1 -1 -1 -1 -1  1 -1 -1 -1 -1 -1 -1 -1 -1 -1 -1 -1 -1] [20 21 26 27 28 29 34 35 36 41 42 44 45 46 50 51 52 53 54 58 59 60 61] [14584 11883  8528 11084 10332 11283  9655  7176  8196  6875 11546  3459
  5532  8552  1186  3543  7179  3797  7964  9857  2906 15121  6148] [] 1716438684.1157708168
[-1 -1 -1 -1 -1 -1 -1 -1 -1 -1 -1 -1 -1 -1 -1 -1 -1 -1 -1 -1 -1 -1 -1] [20 21 26 27 28 29 34 35 36 41 42 44 45 46 50 51 52 53 54 58 59 60 61] [15912 13663  8733 11326 10613 11678  9788  7399  9226  8072 11629  3631
  5544 16074  1209  3740  7488  3902 10950 12610  2996 15421  6153] [] 1716438684.1587588787
[ 1 -1  1 -1  1 -1 -1 -1 -1 -1 -1 -1 -1 -1 -1 -1 -1 -1] [26 27 28 34 35 36 41 42 44 45 50 51 52 53 54 58 59 61] [ 8638 14995 10422  9944  7363 10228 10385 11868  3872  5699  1230  3948
  9760  4368 11101 14451  3145  6270] [] 1716438684.2017338276
[-1 -1 -1 -1 -1 -1 -1 -1 -1 -1 -1 -1 -1 -1 -1 -1] [26 28 34 35 36 41 42 44 45 50 51 52 53 54 59 61] [10419 10724 12282  7858 14392 11841 12007  4025  5769  1242  4118  9949
  4735 11263  3201  6334] [] 1716438684.2447226048
[-1 -1 -1  1 -1 -1 -1 -1 -1 -1 -1 -1 -1 -1 -1 -1] [26 28 34 35 36 41 42 44 45 50 51 52 53 54 59 61] [10467 10855 12476  7827 14759 15757 12055  4441  6722  1287  4840 10868
  5092 12129  3376  6633] [] 1716438684.2877213955
[-1 -1 -1 -1 -1 -1 -1 -1 -1 -1 -1 -1 -1 -1] [26 28 34 35 42 44 45 50 51 52 53 54 59 61] [10964 11055 12558  9414 12223  4794  6953  1295  5068 12030  5838 12581
  3420  6876] [] 1716438684.3307228088
[-1 -1 -1 -1  1 -1 -1  1 -1 -1 -1 -1] [26 28 34 35 42 44 45 50 51 53 59 61] [11352 11089 12563  9617 11987  5411  8258  1291  7240  6389  3661  7411] [] 1716438684.3737297058
[-1 -1 -1 -1 -1 -1 -1 -1 -1 -1] [28 35 42 44 45 50 51 53 59 61] [11164 16140 11997  6870  8651  1358  7743  7413  3802  7803] [] 1716438684.4167659283
[-1  1 -1 -1 -1 -1 -1 -1] [28 42 44 45 50 51 53 59] [11953 11932  8412  9163  1382  8104  8324  3852] [] 1716438684.4597463608
[ 1 -1 -1 -1 -1 -1] [42 44 45 50 51 59] [11854 10928 10996  1424 10504  4247] [] 1716438684.5026543140
[-1  1 -1 -1 -1] [42 44 50 51 59] [12195 10750  1479 13807  4686] [] 1716438684.5456621647
[-1  1 -1 -1 -1] [42 44 50 51 59] [12715 10728  1541 14811  5300] [] 1716438684.5886781216
[-1  1 -1 -1 -1] [42 44 50 51 59] [12743 10519  1599 14969  6355] [] 1716438684.6317195892
[ 1  1 -1 -1] [42 50 51 59] [12623  1551 15560 11451] [] 1716438684.6747386456
[ 1 -1 -1] [42 50 51] [12521  1574 16038] [] 1716438684.7177903652
[1] [50] [1538] [] 1716438684.7605814934
[-1] [50] [1634] [] 1716438684.8035962582
[-1] [50] [1722] [] 1716438684.8465979099
[-1] [50] [1744] [] 1716438684.8895921707
[-1] [50] [1858] [] 1716438684.9325761795
[-1] [50] [1976] [] 1716438684.9755890369
[-1] [50] [2195] [] 1716438685.0186285973
[-1] [50] [2306] [] 1716438685.0615890026
[-1] [50] [2431] [] 1716438685.1046211720
[-1] [50] [2657] [] 1716438685.1476049423
[-1] [50] [2874] [] 1716438685.1905829906
[-1] [50] [3210] [] 1716438685.2336275578
[-1] [50] [3398] [] 1716438685.2765746117
[1] [50] [3240] [] 1716438685.3195898533
[-1 -1] [50 51] [9401 4981] [] 1716438685.3626048565
[ 1 -1] [51 59] [4331 9056] [] 1716438685.4057049751
2 2 2 1716438685.4060211182
