FA TAX ADC PRES TS
[-1] [41] [12602] [] 1716437883.8247041702
[1] [41] [11669] [] 1716437883.8677055836
[ 1 -1] [41 49] [10900 14751] [] 1716437883.9107346535
[1 1] [41 49] [ 9905 14577] [] 1716437883.9537868500
[ 1 -1] [41 49] [ 9332 14592] [] 1716437883.9967339039
[1 1] [41 49] [ 9052 14465] [] 1716437884.0397775173
[1 1] [41 49] [ 8673 14281] [] 1716437884.0827653408
[1 1] [41 49] [ 8408 14276] [] 1716437884.1257362366
[ 1  1 -1] [41 49 57] [ 8200 14177 16240] [] 1716437884.1687774658
[1 1 1] [41 49 57] [ 8047 12599  8566] [] 1716437884.2118492126
[1 1 1] [41 49 57] [7875 7831 6539] [] 1716437884.2547092438
[ 1 -1  1  1] [41 42 49 57] [ 7760 14245  6531  6414] [] 1716437884.2978603840
[1 1 1 1] [41 42 49 57] [ 7704 13243  5814  6094] [] 1716437884.3407866955
[-1  1  1  1] [41 42 49 57] [ 8159 12737  5367  5917] [] 1716437884.3837895393
[1 1 1 1] [41 42 49 57] [ 7605 12611  5323  5839] [] 1716437884.4266948700
[1 1 1 1] [41 42 49 57] [ 7480 12584  4910  5715] [] 1716437884.4698419571
[ 1  1  1 -1  1] [41 42 49 51 57] [ 6910 12456  4788 11118  5283] [] 1716437884.5127232075
[1 1 1 1 1] [41 42 49 51 57] [ 6503 12371  4594 10705  4903] [] 1716437884.5557055473
[1 1 1 1 1] [41 42 49 51 57] [ 6490 12303  4494 10625  4764] [] 1716437884.5988402367
[ 1 -1 -1  1 -1  1 -1] [41 42 44 49 50 51 57] [ 6407 12362  9328  4335  9894  8555  4855] [] 1716437884.6417837143
[1 1 1 1 1 1 1] [41 42 44 49 50 51 57] [ 5356 12243  8981  4168  9840  8509  4701] [] 1716437884.6847681999
[-1  1 -1  1  1 -1  1  1] [19 41 42 44 49 50 51 57] [10268  5238 12291  8666  4009  9849  8414  4601] [] 1716437884.7278194427
[1 1 1 1 1 1 1 1] [19 41 42 44 49 50 51 57] [ 9986  4918 12090  8657  3883  9686  8164  4470] [] 1716437884.7708163261
[ 1  1  1  1  1 -1  1  1] [19 41 42 44 49 50 51 57] [ 9956  4522 11983  7090  3687  9754  8017  4293] [] 1716437884.8137850761
[-1 -1  1  1  1  1  1  1  1] [19 28 41 42 44 49 50 51 57] [10230 12473  4489 11519  6068  3583  9679  7834  4215] [] 1716437884.8567214012
[ 1  1  1  1  1 -1  1 -1  1  1] [19 28 41 42 44 45 49 50 51 57] [10114 11731  4315 11255  5218 11897  3547  9737  7660  4159] [] 1716437884.8998429775
[ 1 -1 -1  1  1  1  1  1 -1 -1 -1  1] [19 26 28 41 42 44 45 49 50 51 53 57] [ 9969 12936 11762  4263 11120  5155 11761  3436  9845  7682  8777  4094] [] 1716437884.9427180290
[-1  1 -1  1  1  1  1 -1  1  1  1 -1  1  1] [19 26 27 28 41 42 44 45 49 50 51 52 53 57] [ 9990 11255 13599 11636  4037 10154  4593 11855  3140  9744  7519 16029
  6993  3955] [] 1716437884.9858822823
[ 1  1  1  1  1  1  1  1  1  1 -1  1  1  1] [19 26 27 28 41 42 44 45 49 50 51 52 53 57] [ 9900  9474 13529 11449  4036  9003  4573 11801  3079  9693  7622 15515
  6752  3863] [] 1716437885.0289137363
[ 1  1  1 -1 -1 -1 -1  1  1  1 -1  1  1  1  1 -1  1 -1] [19 26 27 28 34 35 36 41 42 44 45 49 50 51 52 53 57 61] [ 9510  9400 13256 11545 12556 14681 14547  3901  8653  4451 11848  2959
  9431  7588 13047  6838  3763  9061] [] 1716437885.0719919205
[ 1  1  1  1  1  1  1  1  1  1  1  1  1 -1  1  1  1  1] [19 26 27 28 34 35 36 41 42 44 45 49 50 51 52 53 57 61] [ 8487  9168 13160 11508 10747 10135 14316  3815  7344  4219  9557  2897
  9336  7607 11572  6458  3656  7634] [] 1716437885.1148846149
[ 1  1  1 -1  1  1 -1  1  1  1  1  1  1  1  1  1  1 -1  1] [19 26 27 28 34 35 36 41 42 44 45 49 50 51 52 53 57 60 61] [ 6681  8895 12969 11578  9213  9470 14357  3721  6317  3925  9038  2768
  8751  7430  9557  5878  3564 15654  7216] [] 1716437885.1579046249
[-1  1  1 -1  1  1  1  1  1  1  1  1  1  1 -1  1  1  1  1  1] [11 19 26 27 28 34 35 36 41 42 44 45 49 50 51 52 53 57 60 61] [12931  5293  8590 13271 11459  9026  9132 14165  3619  5624  3682  8857
  2722  8309  7450  8216  5672  3507 10494  7043] [] 1716437885.2007081509
[ 1  1  1 -1  1 -1  1  1  1  1  1  1  1  1  1  1  1  1  1  1] [11 19 26 27 28 34 35 36 41 42 44 45 49 50 51 52 53 57 60 61] [10295  4867  8362 13541 11189  9037  8843 13886  3547  4889  3385  8683
  2661  7702  7445  7832  5492  3469  7837  6937] [] 1716437885.2438204288
[ 1  1  1  1  1 -1  1  1  1  1  1  1  1  1  1  1  1  1  1  1] [11 19 26 27 28 34 35 36 41 42 44 45 49 50 51 52 53 57 60 61] [ 9933  4534  8293 13285 11125  9355  8530 13746  3492  4325  3166  7076
  2594  7369  6965  7312  5148  3377  6207  6616] [] 1716437885.2868640423
[ 1 -1  1  1  1  1 -1  1  1  1  1  1  1  1  1  1  1  1  1  1  1  1] [11 18 19 26 27 28 29 34 35 36 41 42 44 45 49 50 51 52 53 57 60 61] [ 9832 11422  4515  7399 13025 11106  9560  7595  8261 11586  3362  4084
  2966  6889  2557  7178  5769  7241  5009  3343  6071  6543] [] 1716437885.3298687935
[ 1  1  1  1  1  1  1  1  1  1  1  1  1  1  1  1  1  1  1 -1  1  1  1] [11 18 19 26 27 28 29 34 35 36 41 42 44 45 49 50 51 52 53 54 57 60 61] [ 9656 11058  4222  6250 12784 10989  9081  7445  7979 11105  3188  3909
  2812  6736  2482  6834  4729  6789  4856  9353  3283  5239  6484] [] 1716437885.3727381229
[ 1  1  1 -1  1  1  1  1  1  1  1  1  1  1  1  1  1  1  1  1  1  1  1  1] [11 18 19 20 26 27 28 29 34 35 36 41 42 44 45 49 50 51 52 53 54 57 60 61] [ 9549 10683  3896 16010  5077 12577 10431  9046  7206  7437  8696  3068
  3540  2695  6526  2424  6664  4618  4956  4725  9081  3183  4722  6325] [] 1716437885.4158349037
[ 1  1  1  1  1  1  1  1  1  1  1  1  1  1  1 -1  1  1  1  1  1  1  1  1
  1] [11 18 19 20 26 27 28 29 34 35 36 41 42 44 45 46 49 50 51 52 53 54 57 60
 61] [ 9438  7832  3799 15198  4617 11868  9723  8951  6709  7201  7359  2966
  3268  2644  5987 11657  2387  5857  4468  4843  4655  8138  3063  4634
  6276] [] 1716437885.4588198662
[ 1  1  1  1  1  1  1  1  1 -1  1  1  1  1  1  1  1  1  1  1  1  1  1  1
  1] [11 18 19 20 26 27 28 29 34 35 36 41 42 44 45 46 49 50 51 52 53 54 57 60
 61] [ 9339  6051  3705 14760  4422 11005  8003  8859  5530  7206  6135  2922
  2983  2562  5733  9238  2368  5711  4334  4323  4222  6778  2953  4437
  6220] [] 1716437885.5019216537
[ 1  1  1  1 -1  1  1  1  1  1  1  1  1  1  1  1  1  1  1  1  1  1  1  1
  1  1] [11 18 19 20 21 26 27 28 29 34 35 36 41 42 44 45 46 49 50 51 52 53 54 57
 60 61] [ 9311  5014  3562 14604 11325  3978  8250  7107  6924  5203  7066  5605
  2813  2703  2511  5631  9071  2304  4607  4234  4082  3814  6361  2887
  4298  6213] [] 1716437885.5448312759
[ 1  1  1  1  1  1  1  1  1  1 -1  1  1  1  1  1  1  1  1  1  1  1  1  1
 -1  1  1] [11 18 19 20 21 26 27 28 29 34 35 36 41 42 44 45 46 49 50 51 52 53 54 57
 59 60 61] [ 8520  4790  3436 14090 11059  3600  7947  6233  6108  4656  7074  5276
  2692  2512  2466  5612  7318  2280  4421  3865  3957  3497  6189  2863
 11976  4220  6125] [] 1716437885.5879335403
[-1  1  1  1  1  1  1  1  1  1  1  1  1  1  1  1  1  1  1  1  1 -1  1  1
  1  1 -1  1] [ 3 11 18 19 20 21 26 27 28 29 34 35 36 41 42 44 45 46 49 50 51 52 53 54
 57 59 60 61] [ 8753  8347  4147  3383 13127 10753  3455  7813  5697  5951  4515  6699
  4932  2579  2390  2420  5275  7245  2258  4150  3616  4078  3388  6143
  2851 10186  4221  6098] [] 1716437885.6308324337
[ 1  1  1  1  1  1  1  1  1  1  1  1  1  1  1  1  1  1  1  1  1  1  1 -1
 -1  1  1  1  1] [ 3 11 18 19 20 21 26 27 28 29 34 35 36 41 42 44 45 46 49 50 51 52 53 54
 55 57 59 60 61] [ 8466  7911  3984  3311 12726 10601  3274  7757  5423  5801  4381  6553
  4794  2515  2200  2383  4456  6971  2236  3928  3434  4031  3306  6168
 11858  2775  8955  3972  6094] [] 1716437885.6738855839
[ 1  1  1  1  1  1  1  1  1  1  1  1  1  1  1  1  1  1  1  1  1  1  1 -1
  1  1  1  1  1] [ 3 11 18 19 20 21 26 27 28 29 34 35 36 41 42 44 45 46 49 50 51 52 53 54
 55 57 59 60 61] [ 5850  7031  3677  3139 12546 10505  3157  7572  4629  5629  4234  6510
  4655  2370  2114  2299  4397  6936  2208  3775  3294  4024  3230  6187
  8846  2767  8402  3679  6090] [] 1716437885.7168936729
[ 1 -1  1  1  1  1 -1 -1  1  1  1  1  1  1  1  1  1  1  1 -1  1  1  1 -1
  1  1  1  1  1  1] [ 3 10 11 18 19 20 21 26 27 28 29 34 35 36 41 42 44 45 46 49 50 51 52 53
 54 55 57 59 60 61] [ 5416 14160  6795  3444  3073 12360 10605  3171  6897  3965  4795  4070
  6351  4282  2324  2060  2249  4263  6914  2221  3622  3264  3963  3259
  6127  6789  2677  7167  3495  6036] [] 1716437885.7598917484
[ 1  1  1  1  1  1 -1  1  1  1  1  1  1  1 -1  1  1 -1  1  1  1  1  1  1
  1  1  1  1  1  1  1  1] [ 3 10 11 18 19 20 21 26 27 28 29 34 35 36 37 41 42 43 44 45 46 49 50 51
 52 53 54 55 57 59 60 61] [ 4927 13182  5801  3381  3018 12113 10612  3038  6517  3585  4570  3744
  5662  3734 16352  2280  2022 12757  2237  4129  6503  2202  3310  3236
  3834  3189  5951  5912  2639  5927  3348  6002] [] 1716437885.8029160500
[ 1  1  1  1  1  1  1  1  1  1 -1  1  1  1  1 -1  1 -1  1 -1  1  1  1  1
  1  1  1  1  1  1  1  1] [ 3 10 11 18 19 20 21 26 27 28 29 34 35 36 37 41 42 43 44 45 46 49 50 51
 52 53 54 55 57 59 60 61] [ 4391 10910  4900  3142  2969 11880 10528  2924  6245  3391  4571  3580
  5518  3608 15112  2283  1978 12864  2218  4213  5849  2136  3266  3214
  3654  3105  5907  5854  2622  5757  3290  5989] [] 1716437885.8459165096
[ 1  1  1  1 -1  1  1  1  1  1 -1  1  1  1  1  1 -1 -1  1  1 -1  1 -1  1
  1 -1  1  1  1  1 -1  1] [ 3 10 11 18 19 20 21 26 27 28 29 34 35 36 37 41 42 43 44 45 46 49 50 51
 52 53 54 55 57 59 60 61] [ 4345 10727  4827  3115  2993 11839 10494  2904  6140  3331  4576  3523
  5225  3597 14438  2240  1994 13339  2218  4120  5856  2131  3283  3212
  3602  3135  5803  5783  2617  5687  3311  5965] [] 1716437885.8888838291
[-1  1  1  1  1  1  1 -1  1  1 -1  1  1  1  1  1  1  1  1  1 -1  1  1  1
 -1  1  1 -1 -1  1  1  1] [ 3 10 11 18 19 20 21 26 27 28 29 34 35 36 37 41 42 43 44 45 46 49 50 51
 52 53 54 55 57 59 60 61] [ 4359 10717  4698  3108  2947 11696 10411  2933  6098  3277  4589  3450
  5090  3525 14256  2232  1962 12054  2215  4107  5904  2118  3237  3212
  3654  3085  5796  5837  2647  5590  3307  5951] [] 1716437885.9318413734
[ 1  1  1  1  1  1  1  1 -1  1 -1 -1  1  1  1 -1 -1 -1 -1 -1 -1  1  1  1
 -1 -1  1 -1  1 -1  1 -1] [ 3 10 11 18 19 20 21 26 27 28 29 34 35 36 37 41 42 43 44 45 46 49 50 51
 52 53 54 55 57 59 60 61] [ 4294 10678  4662  3101  2929 11638 10304  2883  6124  3242  4603  3475
  5040  3496 14096  2248  1965 13114  2227  4126  6538  2112  3230  3210
  3795  3098  5687  7426  2607  6133  3307  6005] [] 1716437885.9749104977
[-1 -1 -1 -1 -1  1 -1  1  1 -1  1 -1 -1 -1 -1 -1 -1 -1  1 -1 -1 -1 -1 -1
  1 -1 -1 -1 -1 -1 -1  1] [ 3 10 11 18 19 20 21 26 27 28 29 34 35 36 37 41 42 43 44 45 46 49 50 51
 52 53 54 55 57 59 60 61] [ 4332 11336  4906  3135  2952 11586 10416  2881  6060  3284  4598  3544
  5232  3526 14190  2295  1989 13187  2223  4252  6622  2114  3464  3214
  3794  3138  5988  8894  2651  7439  3454  5967] [] 1716437886.0178532600
[-1 -1 -1 -1 -1 -1  1 -1 -1 -1 -1 -1 -1 -1  1 -1 -1 -1 -1  1 -1 -1 -1 -1
 -1  1 -1 -1 -1  1] [ 3 10 11 18 19 20 21 26 27 28 29 34 35 36 37 41 42 44 45 46 49 50 51 52
 53 54 57 59 60 61] [ 5179 11800  5682  3138  3023 11620 10260  2908  6135  3403  4631  3593
  5293  3578 14154  2337  2040  2230  4276  6601  2122  3566  3264  3798
  3164  5851  2697  8003  3664  5904] [] 1716437886.0608599186
[-1 -1 -1 -1  1 -1 -1 -1  1 -1 -1 -1 -1 -1  1 -1 -1 -1 -1 -1 -1 -1 -1 -1
 -1 -1 -1 -1 -1 -1] [ 3 10 11 18 19 20 21 26 27 28 29 34 35 36 37 41 42 44 45 46 49 50 51 52
 53 54 57 59 60 61] [ 5357 13409  6717  3455  3019 11696 10262  2938  6128  3694  5334  3770
  5728  3969 14122  2388  2160  2287  5082  6750  2139  3671  3372  3822
  3188  5859  2767  8479  3762  5973] [] 1716437886.1038298607
[-1 -1 -1 -1 -1 -1 -1 -1 -1 -1 -1 -1 -1 -1 -1 -1 -1  1 -1 -1 -1 -1 -1  1
 -1 -1 -1 -1 -1  1] [ 3 10 11 18 19 20 21 26 27 28 29 34 35 36 37 41 42 44 45 46 49 50 51 52
 53 54 57 59 60 61] [ 7649 14436  6887  4019  3097 11773 10434  2991  6231  4428  5583  3830
  5794  4119 14274  2438  2287  2285  5368  7103  2163  3914  3460  3795
  3291  5916  2803  9992  3844  5948] [] 1716437886.1468906403
[-1 -1 -1 -1 -1 -1 -1 -1 -1 -1 -1 -1 -1 -1 -1 -1 -1 -1  1 -1 -1 -1 -1 -1
 -1 -1 -1 -1 -1 -1] [ 3 10 11 18 19 20 21 26 27 28 29 34 35 36 37 41 42 44 45 46 49 50 51 52
 53 54 57 59 60 61] [ 8575 15007  7787  4079  3179 11957 10480  3047  6358  4935  6091  3872
  5899  4250 14527  2466  2386  2326  5319  8872  2176  4091  3877  3935
  3388  6125  2914 11303  3967  6015] [] 1716437886.1898522377
[-1 -1 -1 -1 -1 -1 -1 -1 -1 -1 -1 -1 -1 -1 -1 -1 -1 -1 -1 -1  1 -1 -1 -1
 -1 -1 -1] [11 18 19 20 21 26 27 28 29 34 35 36 41 42 44 45 46 49 50 51 52 53 54 57
 59 60 61] [ 8247  4588  3226 11959 10566  3132  7365  5666  6137  3983  6059  4757
  2562  2495  2381  5650  9477  2192  4238  3894  3853  3450  6605  2933
 11965  4104  6076] [] 1716437886.2327916622
[-1 -1 -1 -1 -1 -1 -1 -1 -1 -1 -1 -1 -1 -1 -1  1 -1 -1 -1 -1 -1 -1 -1 -1
 -1] [11 18 19 20 21 26 27 28 29 34 35 36 41 42 44 45 49 50 51 52 53 54 57 60
 61] [ 9031  5234  3356 12370 10715  3575  7444  6176  6493  4290  6523  5075
  2628  2764  2402  5528  2230  4937  4176  4216  3579  9261  2961  4223
  6087] [] 1716437886.2758343220
[-1 -1 -1 -1 -1 -1 -1 -1 -1 -1  1 -1 -1 -1 -1 -1  1 -1 -1 -1 -1 -1 -1 -1] [11 18 19 20 21 26 27 28 29 34 35 36 41 42 44 45 49 50 51 52 53 57 60 61] [ 9074  5919  3415 12450 11016  3805  7555  6637  7103  4376  6463  5134
  2722  3206  2474  5530  2224  5662  4465  4640  3817  3023  4486  6131] [] 1716437886.3188192844
[-1 -1 -1 -1 -1 -1 -1 -1 -1 -1 -1 -1 -1 -1 -1 -1 -1 -1 -1 -1 -1 -1 -1] [11 18 19 20 26 27 28 29 34 35 36 41 42 44 45 49 50 51 52 53 57 60 61] [ 9199  7640  3574 12905  4224  7879  7719  8601  5280  6643  5693  2872
  3464  2555  5939  2243  6061  4565  4767  4006  3095  4653  6327] [] 1716437886.3617939949
[-1 -1 -1 -1 -1 -1 -1 -1 -1 -1 -1 -1 -1 -1 -1 -1 -1 -1 -1 -1 -1 -1 -1] [11 18 19 20 26 27 28 29 34 35 36 41 42 44 45 49 50 51 52 53 57 60 61] [ 9323 10654  3613 13220  4533  9927  9561  8895  5502  6675  5986  2971
  3996  2713  6170  2270  6761  4780  5083  4270  3183  5171  6496] [] 1716437886.4046709538
[-1 -1 -1 -1 -1 -1 -1 -1 -1 -1 -1 -1 -1 -1 -1 -1  1 -1 -1 -1 -1 -1 -1] [11 18 19 20 26 27 28 29 34 35 36 41 42 44 45 49 50 51 52 53 57 60 61] [ 9493 11045  3847 14391  5507 10082 10683  9089  7077  6871  7065  3074
  4541  2962  7349  2306  6735  7083  5451  4738  3282  6462  6702] [] 1716437886.4477853775
[-1  1 -1 -1  1 -1 -1 -1 -1 -1 -1 -1 -1 -1 -1 -1 -1 -1 -1 -1] [11 19 26 27 28 34 35 36 41 42 44 45 49 50 51 52 53 57 60 61] [ 9734  3817  7103 10887 10579  7160  7194  8430  3137  4678  3022  7631
  2330  6871  7108  5571  4765  3383  7143  6831] [] 1716437886.4908320904
[-1 -1 -1 -1 -1 -1  1 -1 -1 -1 -1 -1 -1 -1 -1 -1 -1 -1 -1 -1] [11 19 26 27 28 34 35 36 41 42 44 45 49 50 51 52 53 57 60 61] [ 9881  4020  7196 11790 10588  7209  7174  8667  3226  5467  3352  8089
  2380  8734  7159  6296  5748  3443 15911  7162] [] 1716437886.5337884426
[-1 -1 -1 -1 -1 -1 -1 -1 -1 -1 -1 -1 -1 -1 -1  1 -1] [19 26 27 28 34 35 36 41 42 44 45 49 50 51 52 53 57] [ 4418  8392 12356 10712  8476  7924 11815  3316  5753  3588  8495  2411
  8914  7804  6864  5730  3590] [] 1716437886.5767760277
[-1 -1 -1  1 -1 -1 -1 -1 -1 -1 -1 -1 -1 -1 -1 -1 -1] [19 26 27 28 34 35 36 41 42 44 45 49 50 51 52 53 57] [ 4929  8599 12596 10687  8851  8101 13692  3405  6604  3947 11002  2462
  8950  7877  7568  6547  3802] [] 1716437886.6197552681
[-1 -1 -1 -1 -1 -1 -1 -1 -1 -1 -1 -1 -1 -1 -1 -1 -1] [19 26 27 28 34 35 36 41 42 44 45 49 50 51 52 53 57] [ 6507  8802 12999 10826  9456  8613 13829  3493  8175  4048 11003  2559
  9278  7891  7722  8753  3849] [] 1716437886.6626436710
[-1 -1 -1 -1 -1 -1 -1 -1 -1 -1 -1  1 -1 -1 -1 -1] [19 26 27 28 34 35 36 41 42 44 45 49 50 51 52 57] [ 9185  8991 13218 10883  9505  9363 13991  3593  8686  4300 11686  2552
  9651  8055  9078  4149] [] 1716437886.7057211399
[-1 -1 -1 -1 -1 -1 -1 -1 -1 -1 -1 -1  1 -1] [19 26 27 28 34 35 36 41 42 44 49 50 51 57] [ 9893  9250 13301 10902 12860 15540 14281  3594  9953  4533  2587  9734
  8021  4258] [] 1716437886.7487523556
[-1  1 -1 -1 -1 -1 -1 -1 -1  1 -1 -1] [19 27 28 35 36 41 42 44 49 50 51 57] [10119 13276 11133 15574 14500  3648 10303  4906  2662  9704  8060  4263] [] 1716437886.7917466164
[-1 -1 -1  1 -1 -1 -1 -1  1  1 -1] [19 27 28 36 41 42 44 49 50 51 57] [10256 13637 11459 14399  3818 11323  7045  2702  9685  7965  4511] [] 1716437886.8347053528
[ 1 -1 -1 -1 -1 -1  1 -1] [19 41 42 44 49 50 51 57] [ 9807  3873 11789  8265  2819  9829  7774  4550] [] 1716437886.8776919842
[-1 -1  1 -1 -1 -1  1 -1] [19 41 42 44 49 50 51 57] [ 9968  3920 11761  8483  2840  9854  7702  4698] [] 1716437886.9207260609
[-1 -1 -1 -1  1 -1 -1] [41 42 44 49 50 51 57] [ 4111 12068  9170  2966  9823  7833  4988] [] 1716437886.9637014866
[-1 -1 -1 -1 -1] [41 42 49 51 57] [ 4595 12337  3000  8102  5324] [] 1716437887.0067288876
[-1 -1 -1 -1 -1] [41 42 49 51 57] [ 5195 12358  3114 10885  5677] [] 1716437887.0496449471
[-1  1  1 -1] [41 42 49 57] [ 5381 12181  3105  6097] [] 1716437887.0926566124
[-1 -1 -1 -1] [41 42 49 57] [ 5825 12387  3274  8649] [] 1716437887.1358914375
[-1 -1 -1 -1] [41 42 49 57] [ 6551 12633  3374 15559] [] 1716437887.1786301136
[-1  1 -1] [41 42 49] [ 6894 12523  3436] [] 1716437887.2216696739
[-1 -1 -1] [41 42 49] [ 7110 12565  3878] [] 1716437887.2646648884
[-1 -1 -1] [41 42 49] [ 7405 13170  4162] [] 1716437887.3077528477
[-1 -1 -1] [41 42 49] [ 8019 13263  4867] [] 1716437887.3506417274
[-1 -1] [41 49] [8359 5311] [] 1716437887.3936457634
[-1 -1] [41 49] [8766 5793] [] 1716437887.4366130829
[-1 -1] [41 49] [8835 6471] [] 1716437887.4796414375
[-1 -1] [41 49] [9847 7571] [] 1716437887.5226199627
[-1 -1] [41 49] [10941  8415] [] 1716437887.5656452179
[-1 -1] [41 49] [12851 10242] [] 1716437887.6086180210
[1] [49] [10100] [] 1716437887.6516082287
[-1] [49] [10624] [] 1716437887.6946122646
[-1] [49] [12879] [] 1716437887.7376389503
[-1] [49] [14823] [] 1716437887.7805607319
[-1] [42] [12447] [] 1716437888.2963080406
[1] [42] [12055] [] 1716437888.3395552635
[-1] [42] [12075] [] 1716437888.3825614452
[-1] [42] [12283] [] 1716437888.4255220890
[-1] [42] [12597] [] 1716437888.4761168957
2 2 2 1716437888.4764101505
