FA TAX ADC PRES TS
[ 1  1 -1] [42 44 51] [13905  7957  7043] [] 1716437781.1192324162
[ 1 -1  1] [42 44 51] [13063  7994  6015] [] 1716437781.1623017788
[-1  1 -1] [42 44 51] [13116  7986  7026] [] 1716437781.2053446770
[-1  1  1] [42 44 51] [13166  7934  6920] [] 1716437781.2481591702
[1 1 1] [42 44 51] [12983  7917  5912] [] 1716437781.2911393642
[-1  1  1] [42 44 51] [13086  6842  5777] [] 1716437781.3340616226
[-1 -1  1  1] [41 42 44 51] [13383 13451  6761  5762] [] 1716437781.3770697117
[1 1 1] [41 44 51] [12253  6717  5119] [] 1716437781.4200327396
[-1  1  1  1] [35 41 44 51] [15737 12162  6680  5081] [] 1716437781.4630181789
[1 1 1 1] [35 41 44 51] [15562 12092  6676  5044] [] 1716437781.5061380863
[ 1  1  1 -1] [35 41 44 51] [15484 11898  6614  5066] [] 1716437781.5491933823
[1 1 1 1] [35 41 44 51] [11639 11611  6519  5037] [] 1716437781.5921714306
[1 1 1 1] [35 41 44 51] [11275 11548  6034  4983] [] 1716437781.6351017952
[1 1 1 1] [35 41 44 51] [11185 11359  6002  4929] [] 1716437781.6781613827
[ 1 -1 -1 -1] [35 41 44 51] [10403 11574  6022  4958] [] 1716437781.7210559845
[-1 -1 -1 -1  1] [34 35 41 44 51] [10695 10451 11614  6031  4917] [] 1716437781.7639598846
[ 1  1 -1  1  1] [34 35 41 44 51] [10137 10363 11655  6003  4903] [] 1716437781.8072338104
[ 1  1 -1  1  1] [34 35 41 44 51] [10068 10216 11696  5940  4858] [] 1716437781.8503065109
[1 1 1 1 1] [34 35 41 44 51] [10054  9275  9449  5892  4744] [] 1716437781.8932423592
[ 1  1  1  1 -1] [34 35 41 44 51] [9859 9155 9414 5843 4781] [] 1716437781.9362130165
[ 1  1 -1  1  1] [34 35 41 44 51] [9805 8987 9498 5629 4700] [] 1716437781.9791867733
[ 1 -1  1  1 -1 -1 -1] [34 35 41 44 51 52 59] [ 9756  9051  9467  5626  4840 14922 10844] [] 1716437782.0220549107
[1 1 1 1 1 1 1] [34 35 41 44 51 52 59] [ 9304  9037  9453  5604  4799 14755  9963] [] 1716437782.0650143623
[1 1 1 1 1 1 1] [34 35 41 44 51 52 59] [ 8763  8328  9259  5579  4753 13619  9333] [] 1716437782.1080191135
[1 1 1 1 1 1 1] [34 35 41 44 51 52 59] [ 7726  8268  9199  5509  4699 13518  9302] [] 1716437782.1509909630
[ 1 -1  1  1  1  1 -1] [34 35 41 44 51 52 59] [ 6166  8379  9019  5388  4658 13181  9355] [] 1716437782.1939954758
[ 1  1  1  1 -1  1  1] [34 35 41 44 51 52 59] [ 5661  8181  6632  5315  4681 13142  8904] [] 1716437782.2369887829
[1 1 1 1 1 1 1] [34 35 41 44 51 52 59] [ 5571  8134  5837  5278  4654 12955  6872] [] 1716437782.2800211906
[ 1  1  1  1  1 -1  1] [34 35 41 44 51 52 59] [ 5385  7884  5627  4929  4588 12961  5680] [] 1716437782.3230068684
[1 1 1 1 1 1 1] [34 35 41 44 51 52 59] [ 5162  7548  5352  4920  4493 12904  5098] [] 1716437782.3659925461
[ 1  1  1  1 -1  1  1  1] [34 35 41 44 49 51 52 59] [ 4987  7383  5283  4610 14208  4456  9760  4709] [] 1716437782.4089822769
[ 1  1  1  1  1  1 -1  1] [34 35 41 44 49 51 52 59] [ 4906  7133  5214  4549 13886  4378  9794  4494] [] 1716437782.4519956112
[ 1  1  1  1  1  1 -1  1] [34 35 41 44 49 51 52 59] [ 4671  6900  5173  4319 12227  4302  9862  4057] [] 1716437782.4949910641
[ 1  1  1  1 -1  1  1  1] [34 35 41 44 49 51 52 59] [ 4467  6849  4934  4112 12307  4157  9825  3698] [] 1716437782.5381591320
[ 1  1  1  1 -1 -1 -1 -1  1] [34 35 41 44 49 51 52 58 59] [ 4343  6704  4890  4080 12470  4169  9895 15565  3557] [] 1716437782.5811202526
[1 1 1 1 1 1 1 1 1] [34 35 41 44 49 51 52 58 59] [ 4136  6567  4716  3660 12415  4031  8600 11539  3343] [] 1716437782.6240031719
[1 1 1 1 1 1 1 1 1] [34 35 41 44 49 51 52 58 59] [ 3967  6276  4534  3607 12331  3997  8403 10505  3319] [] 1716437782.6669757366
[ 1 -1  1 -1  1  1  1  1  1  1] [34 35 41 42 44 49 51 52 58 59] [ 3913  6301  4388 13733  3490 11224  3976  7328  8414  3255] [] 1716437782.7099628448
[-1  1  1  1  1  1  1  1  1  1] [34 35 41 42 44 49 51 52 58 59] [ 3930  6087  4335 13699  3181  9132  3963  7102  7098  3044] [] 1716437782.7529530525
[ 1  1  1 -1  1  1  1  1  1  1] [34 35 41 42 44 49 51 52 58 59] [ 3782  6003  4122 13967  3034  8760  3878  6796  6523  2930] [] 1716437782.7959785461
[1 1 1 1 1 1 1 1 1 1] [34 35 41 42 44 49 51 52 58 59] [ 3509  5962  3924 12835  2952  8727  3834  5798  5823  2889] [] 1716437782.8390619755
[1 1 1 1 1 1 1 1 1 1] [34 35 41 42 44 49 51 52 58 59] [ 3441  5841  3759 12661  2837  8223  3804  5101  5543  2726] [] 1716437782.8822393417
[ 1  1  1 -1  1  1  1  1  1  1] [34 35 41 42 44 49 51 52 58 59] [ 3327  5322  3753 12781  2784  8101  3784  5006  5231  2708] [] 1716437782.9252297878
[ 1  1  1 -1  1  1 -1  1  1  1  1] [34 35 41 42 44 49 50 51 52 58 59] [ 3308  5283  3529 12927  2662  7815  9640  3691  4731  4773  2631] [] 1716437782.9682319164
[1 1 1 1 1 1 1 1 1 1 1] [34 35 41 42 44 49 50 51 52 58 59] [ 3107  5063  3407 12803  2562  6529  9621  3686  4460  4357  2568] [] 1716437783.0111966133
[1 1 1 1 1 1 1 1 1 1 1] [34 35 41 42 44 49 50 51 52 58 59] [ 2939  5020  3128 12598  2499  6499  9595  3654  4218  4001  2527] [] 1716437783.0541911125
[ 1  1  1  1  1  1 -1  1  1  1  1] [34 35 41 42 44 49 50 51 52 58 59] [ 2828  4736  2842 12084  2403  6251  9627  3619  4078  3782  2431] [] 1716437783.0971686840
[1 1 1 1 1 1 1 1 1 1 1] [34 35 41 42 44 49 50 51 52 58 59] [ 2713  4509  2789 11979  2359  6015  9516  3588  4046  3604  2404] [] 1716437783.1401627064
[ 1  1  1  1 -1  1 -1  1 -1  1  1] [34 35 41 42 44 49 50 51 52 58 59] [ 2668  4176  2699 11788  2458  5737  9665  3514  4055  3498  2383] [] 1716437783.1831843853
[-1 -1 -1 -1 -1  1  1  1  1  1  1  1  1  1] [27 28 34 35 36 41 42 44 49 50 51 52 58 59] [13423 12127  2808  4432 16003  2660 11780  2412  5625  9599  3492  4043
  3182  2338] [] 1716437783.2262060642
[-1  1  1 -1 -1  1  1  1  1  1 -1  1  1  1  1] [19 27 28 34 35 36 41 42 44 49 50 51 52 58 59] [10597 13134 11710  2884  4483 15876  2582 11431  2342  5402  9613  3442
  3960  3039  2280] [] 1716437783.2691104412
[1 1 1 1 1 1 1 1 1 1 1 1 1 1 1] [19 27 28 34 35 36 41 42 44 49 50 51 52 58 59] [10270 13065 11585  2783  4352 15828  2499  8295  2245  4957  9604  3438
  3934  2873  2236] [] 1716437783.3121385574
[ 1 -1  1  1  1  1  1  1  1  1  1 -1  1  1  1] [19 27 28 34 35 36 41 42 44 49 50 51 52 58 59] [ 9987 13301 11434  2648  4228 15775  2393  7807  2183  4933  9467  3467
  3915  2839  2196] [] 1716437783.3551695347
[ 1  1  1  1  1  1  1  1  1 -1  1  1  1  1  1] [19 27 28 34 35 36 41 42 44 49 50 51 52 58 59] [ 8131 11892 11334  2615  4196 15733  2331  6819  2111  4945  9314  3436
  3907  2666  2162] [] 1716437783.3981513977
[ 1  1  1  1  1 -1  1  1  1  1  1  1  1  1  1] [19 27 28 34 35 36 41 42 44 49 50 51 52 58 59] [ 6817 11345 11328  2554  4015 15819  2291  5892  2060  4933  9265  3360
  3831  2575  2117] [] 1716437783.4411265850
[ 1  1  1  1  1  1  1  1 -1  1  1  1  1 -1  1 -1 -1] [19 27 28 34 35 36 41 42 44 49 50 51 52 53 58 59 61] [ 5802 11057 11006  2467  3951 15689  2134  4668  2074  4671  9250  3302
  3803 14442  2436  2172  9352] [] 1716437783.4841773510
[ 1  1  1  1  1 -1  1  1  1  1  1  1  1  1  1  1  1] [19 27 28 34 35 36 41 42 44 49 50 51 52 53 58 59 61] [ 5366 10743 10994  2414  3926 15737  2098  4071  2046  4570  9221  3207
  3683 13788  2363  2159  7293] [] 1716437783.5279276371
[-1  1 -1  1 -1 -1 -1  1 -1  1  1 -1 -1  1 -1 -1  1  1  1  1  1] [18 19 26 27 28 29 34 35 36 41 42 44 45 49 50 51 52 53 58 59 61] [12632  5147 10534  9766 11131 12089  2466  3900 15766  2055  3558  2063
 13382  4418  9232  3228  3667 13433  2356  2106  7115] [] 1716437783.5710103512
[-1  1  1  1  1  1  1  1  1 -1  1  1 -1  1  1  1  1  1  1 -1  1  1  1] [11 18 19 26 27 28 29 34 35 36 41 42 44 45 49 50 51 52 53 54 58 59 61] [10725 11408  5058 10044  8191 11045 11348  2383  3785 15833  1992  3213
  2091  7408  4062  6971  3169  3350 13030 12347  2298  2076  6932] [] 1716437783.6141693592
[ 1  1  1 -1  1  1  1  1  1  1  1  1  1  1  1  1  1  1  1  1  1  1 -1 -1
  1] [11 18 19 21 26 27 28 29 34 35 36 41 42 44 45 49 50 51 52 53 54 58 59 60
 61] [10270 11187  4995 14752  9581  7860 10974 11209  2331  3734 15711  1909
  3023  2047  7176  3875  6640  3084  3092 10917 11785  2240  2117 12940
  6714] [] 1716437783.6572592258
[1 1 1 1 1 1 1 1 1 1 1 1 1 1 1 1 1 1 1 1 1 1 1 1 1] [11 18 19 21 26 27 28 29 34 35 36 41 42 44 45 49 50 51 52 53 54 58 59 60
 61] [ 9899 11058  4662 11597  8887  7648 10911 11148  2220  3614 15450  1893
  2911  1972  6955  3766  6303  3059  2952 10682 11743  2162  2087 11284
  6498] [] 1716437783.7001662254
[ 1  1  1  1  1  1  1  1  1  1  1  1  1  1  1 -1  1  1  1  1  1  1 -1  1
  1  1  1] [11 18 19 21 26 27 28 29 34 35 36 41 42 44 45 46 49 50 51 52 53 54 57 58
 59 60 61] [ 9819 10782  4478 11219  8673  7226 10827 10930  2162  3476 15309  1802
  2579  1946  6848 11721  3413  5439  2929  2831  8126  9406 14544  2152
  2071 10744  6471] [] 1716437783.7431786060
[ 1  1  1 -1  1  1  1  1  1  1  1 -1  1  1  1  1  1  1  1  1  1  1  1  1
 -1  1  1  1] [11 18 19 20 21 26 27 28 29 34 35 36 41 42 44 45 46 49 50 51 52 53 54 57
 58 59 60 61] [ 9608  7933  4181 16163 10810  8423  6711 10703  8584  2062  3316 15389
  1800  2426  1884  6686 11077  3300  4556  2882  2665  7798  8625 11996
  2155  2047  9711  6401] [] 1716437783.7860817909
[1 1 1 1 1 1 1 1 1 1 1 1 1 1 1 1 1 1 1 1 1 1 1 1 1 1 1 1] [11 18 19 20 21 26 27 28 29 34 35 36 41 42 44 45 46 49 50 51 52 53 54 57
 58 59 60 61] [ 9480  7694  3925 15673 10668  8185  6553 10292  8196  1997  3183 14874
  1744  2282  1850  6622 10415  3174  4398  2829  2626  6643  7230 11754
  2088  2034  8246  6296] [] 1716437783.8291566372
[ 1  1  1  1 -1  1  1  1  1  1  1  1  1  1  1  1  1  1  1  1  1  1  1  1
  1  1  1  1] [11 18 19 20 21 26 27 28 29 34 35 36 41 42 44 45 46 49 50 51 52 53 54 57
 58 59 60 61] [ 9273  7601  3806 13941 10843  6735  5986  8452  8058  1960  3104 14701
  1722  2161  1790  6303  8601  3050  4205  2726  2522  5415  7096 11115
  2048  1990  7871  6245] [] 1716437783.8721556664
[1 1 1 1 1 1 1 1 1 1 1 1 1 1 1 1 1 1 1 1 1 1 1 1 1 1 1 1] [11 18 19 20 21 26 27 28 29 34 35 36 41 42 44 45 46 49 50 51 52 53 54 57
 58 59 60 61] [ 7960  7541  3684 13582 10653  5334  5874  7799  7868  1925  2978 14594
  1668  2104  1752  6203  8052  2998  4050  2658  2485  4570  6886  9734
  2012  1983  7465  6126] [] 1716437783.9151573181
[-1  1  1  1  1  1  1  1  1  1  1  1  1  1  1  1  1  1  1  1  1  1  1  1
  1  1  1  1  1] [ 3 11 18 19 20 21 26 27 28 29 34 35 36 41 42 44 45 46 49 50 51 52 53 54
 57 58 59 60 61] [14301  7919  7524  3627 13434 10580  4919  5737  6360  7725  1885  2975
 14515  1628  1982  1709  6014  7883  2792  3821  2489  2324  3903  6709
  7925  1948  1919  6851  6095] [] 1716437783.9581573009
[ 1  1 -1  1  1  1  1  1  1  1  1  1  1  1  1  1  1  1  1  1  1  1  1  1
  1  1  1  1  1] [ 3 11 18 19 20 21 26 27 28 29 34 35 36 41 42 44 45 46 49 50 51 52 53 54
 57 58 59 60 61] [10357  7378  7526  3456 12983 10541  4253  5661  5169  6648  1811  2832
 14005  1602  1962  1686  5903  6934  2738  3636  2462  2287  3860  6593
  7429  1936  1878  6717  6003] [] 1716437784.0011568069
[ 1 -1  1  1  1  1  1  1 -1  1  1  1  1  1 -1  1  1  1 -1  1 -1  1  1  1
  1  1 -1 -1  1  1  1 -1 -1] [ 3 10 11 18 19 20 21 26 27 28 29 34 35 36 37 41 42 44 45 46 47 49 50 51
 52 53 54 55 57 58 59 60 61] [ 5717 15134  6998  6668  3419 12757 10413  3934  5701  4605  6477  1760
  2776 13038 16356  1598  1822  1658  5909  6156 16023  2692  3338  2411
  2212  3734  6745 10357  6247  1912  1863  6771  6004] [] 1716437784.0441203117
[ 1  1  1 -1  1  1 -1  1  1  1  1  1  1 -1  1  1  1 -1  1  1  1  1  1  1
 -1  1  1  1  1  1  1  1  1  1] [ 3 10 11 18 19 20 21 26 27 28 29 34 35 36 37 41 42 43 44 45 46 47 49 50
 51 52 53 54 55 57 58 59 60 61] [ 5439 14910  6669  6734  3400 12662 10464  3719  5641  4257  5336  1731
  2747 13143 12871  1552  1804 14456  1640  5906  5990 15543  2602  3185
  2445  2149  3448  5430  9486  5407  1896  1823  6558  5993] [] 1716437784.0870463848
[-1  1  1  1  1  1  1  1 -1  1  1 -1  1  1 -1  1  1  1  1 -1 -1  1  1  1
  1  1  1 -1  1  1  1 -1 -1  1] [ 3 10 11 18 19 20 21 26 27 28 29 34 35 36 37 41 42 43 44 45 46 47 49 50
 51 52 53 54 55 57 58 59 60 61] [ 5451 13178  6491  5695  3346 12651 10452  3492  5662  3729  4818  1739
  2729 11809 12916  1546  1750 13835  1618  5935  6035 15507  2560  3005
  2411  2116  3383  5453  9279  5143  1888  1835  6597  5966] [] 1716437784.1301310062
[ 1  1  1  1  1  1  1  1  1  1  1  1  1 -1  1 -1  1  1  1  1  1  1  1  1
  1 -1  1  1 -1  1  1  1  1  1] [ 3 10 11 18 19 20 21 26 27 28 29 34 35 36 37 41 42 43 44 45 46 47 49 50
 51 52 53 54 55 57 58 59 60 61] [ 5245 13010  6102  5615  3336 12261 10339  3392  5642  3687  4716  1685
  2652 11849 12836  1548  1728 13733  1607  5879  6007 15447  2532  2902
  2400  2147  3354  5362  9291  5069  1880  1807  6513  5945] [] 1716437784.1731326580
[ 1  1  1  1  1 -1 -1  1  1  1  1 -1  1  1  1 -1  1 -1 -1  1 -1  1 -1  1
  1 -1  1  1  1  1  1  1  1 -1 -1] [ 3 10 11 18 19 20 21 26 27 28 29 33 34 35 36 37 41 42 43 44 45 46 47 49
 50 51 52 53 54 55 57 58 59 60 61] [ 4717 12902  5950  5607  3300 12302 10364  3380  5576  3608  4667 15804
  1673  2615 11697 12852  1536  1741 13740  1603  5886  5914 15454  2528
  2877  2431  2092  3285  5314  9106  5069  1876  1799  6526  5950] [] 1716437784.2161338329
[ 1  1  1 -1  1  1  1  1 -1  1 -1  1 -1 -1  1  1 -1  1 -1 -1  1  1  1 -1
  1 -1  1 -1 -1 -1  1 -1  1  1] [ 3 10 11 18 19 20 21 26 27 28 29 33 34 35 36 37 41 42 43 44 45 46 49 50
 51 52 53 54 55 57 58 59 60 61] [ 4599 12352  5890  5631  3292 12271 10291  3358  5581  3589  4669 15736
  1683  2635 11611 12786  1542  1720 14040  1628  5849  5841  2510  3080
  2388  2095  3250  5473 11018  5589  1852  1803  6418  5927] [] 1716437784.2590453625
[-1 -1 -1  1  1  1  1 -1  1 -1 -1 -1  1  1 -1 -1  1 -1 -1 -1  1 -1 -1 -1
 -1 -1 -1 -1 -1 -1 -1  1  1] [ 3 10 11 18 19 20 21 26 27 28 29 33 34 35 36 37 41 42 43 44 45 46 49 50
 51 52 53 54 57 58 59 60 61] [ 5305 12637  6372  5493  3291 12042 10242  3363  5549  3635  4763 15772
  1666  2595 11910 12828  1542  1761 14127  1646  5757  6756  2542  3198
  2392  2116  3348  6276  6152  1862  1804  6316  5924] [] 1716437784.3021540642
[-1 -1 -1 -1  1  1 -1 -1  1 -1 -1 -1 -1 -1 -1 -1 -1 -1 -1  1 -1 -1 -1 -1
 -1 -1 -1 -1 -1 -1 -1  1  1] [ 3 10 11 18 19 20 21 26 27 28 29 33 34 35 36 37 41 42 43 44 45 46 49 50
 51 52 53 54 57 58 59 60 61] [ 5408 12820  6464  6589  3266 12042 10328  3569  5516  4096  5059 15973
  1709  2596 12042 12936  1550  1799 14209  1628  5788  6770  2580  3387
  2400  2120  3408  6453  6423  1882  1829  6100  5867] [] 1716437784.3451378345
[-1 -1 -1  1 -1 -1  1 -1 -1 -1 -1  1 -1 -1  1 -1 -1 -1 -1 -1 -1 -1 -1 -1
 -1 -1 -1 -1 -1 -1 -1] [ 3 10 11 18 19 20 21 26 27 28 29 34 35 36 37 41 42 44 45 46 49 50 51 52
 53 54 57 58 59 60 61] [ 5479 15951  6646  6498  3291 12110 10271  3737  5558  4255  6605  1685
  2600 13046 12872  1556  1892  1656  5881  7921  2688  3531  2421  2224
  3743  6554  6632  1916  1840  6275  5918] [] 1716437784.3880174160
[-1 -1 -1 -1 -1  1 -1 -1 -1 -1 -1 -1 -1 -1 -1 -1 -1 -1 -1 -1 -1 -1 -1 -1
 -1 -1 -1 -1 -1 -1] [ 3 11 18 19 20 21 26 27 28 29 34 35 36 37 41 42 44 45 46 49 50 51 52 53
 54 57 58 59 60 61] [14669  6849  7335  3360 12303 10230  3991  5567  4957  6740  1712  2621
 13701 13695  1568  1911  1675  5917  7994  2712  3683  2451  2298  4063
  6626  7691  1932  1855  6335  5964] [] 1716437784.4311020374
[-1 -1 -1 -1 -1 -1  1 -1 -1 -1 -1 -1 -1 -1 -1 -1 -1 -1 -1 -1 -1 -1 -1 -1
 -1 -1 -1 -1] [11 18 19 20 21 26 27 28 29 34 35 36 41 42 44 45 46 49 50 51 52 53 54 57
 58 59 60 61] [ 7602  7348  3392 12582 10331  4466  5549  5687  7618  1732  2672 13859
  1611  2026  1758  6064  8565  2771  3867  2456  2378  5275  7059  9222
  1982  1899  6986  6169] [] 1716437784.4741053581
[-1 -1 -1 -1 -1 -1 -1 -1 -1 -1 -1 -1 -1 -1  1 -1 -1 -1 -1 -1 -1 -1 -1 -1
  1 -1 -1 -1] [11 18 19 20 21 26 27 28 29 34 35 36 41 42 44 45 46 49 50 51 52 53 54 57
 58 59 60 61] [ 8088  7391  3511 13074 10496  4820  5563  6953  7835  1760  2738 14360
  1647  2098  1757  6200 10992  2808  3914  2462  2416  6729  8989 11940
  1980  1907  7439  6195] [] 1716437784.5170357227
[-1 -1 -1 -1  1 -1 -1 -1 -1 -1 -1 -1 -1 -1 -1 -1 -1 -1 -1 -1 -1 -1 -1 -1
  1 -1  1] [11 18 19 20 21 26 27 28 29 34 35 36 41 42 44 45 49 50 51 52 53 54 57 58
 59 60 61] [ 8987  7479  3578 13197 10399  6147  5595  7655  7950  1790  2798 14392
  1675  2190  1778  6283  2854  4285  2513  2448  7041 11268 13260  2020
  1887 11858  6150] [] 1716437784.5601358414
[-1 -1 -1 -1 -1 -1 -1 -1  1 -1 -1  1  1 -1 -1 -1 -1 -1 -1 -1 -1 -1  1 -1
 -1 -1] [11 18 19 20 21 26 27 28 29 34 35 36 41 42 44 45 49 50 51 52 53 54 58 59
 60 61] [ 9224  7609  3748 13631 10632  7970  6265  9325  7926  1855  2845 14383
  1667  2250  1832  6542  2870  4362  2678  2584  9622 11860  1980  1909
 12902  6413] [] 1716437784.6030523777
[-1 -1 -1 -1 -1 -1 -1 -1 -1 -1 -1 -1 -1 -1 -1 -1 -1 -1 -1 -1 -1 -1 -1  1
 -1] [11 18 19 20 21 26 27 28 29 34 35 36 41 42 44 45 49 50 51 52 53 58 59 60
 61] [ 9382  7815  3935 14927 10838  8105  6349 10506  8313  1888  2896 14694
  1696  2406  1884  6616  2945  5115  2719  2674 10310  2036  1957 12407
  6512] [] 1716437784.6460695267
[-1 -1 -1 -1 -1 -1 -1 -1 -1 -1 -1 -1 -1 -1 -1 -1 -1 -1 -1 -1 -1 -1 -1 -1
 -1] [11 18 19 20 21 26 27 28 29 34 35 36 41 42 44 45 49 50 51 52 53 58 59 60
 61] [ 9653 10772  4097 15918 11053  8355  6466 10663 10837  1928  2976 14741
  1786  2685  1942  6920  3083  5566  2765  2810 12313  2084  1964 16081
  6835] [] 1716437784.6889467239
[-1 -1 -1 -1 -1 -1 -1 -1 -1 -1 -1 -1 -1 -1 -1 -1 -1 -1 -1 -1 -1 -1 -1] [11 18 19 20 26 27 28 29 34 35 36 41 42 44 45 49 50 51 52 53 58 59 61] [ 9975 11246  4420 16223  8689  7517 10789 11082  2044  3132 14885  1808
  2872  2038  8388  3176  5910  2784  2983 12741  2128  1997  7359] [] 1716437784.7320334911
[ 1 -1 -1 -1  1 -1 -1 -1 -1 -1 -1  1  1 -1 -1 -1  1 -1  1] [18 19 26 27 28 29 34 35 36 41 42 44 45 49 50 51 52 58 59] [11238  4520  8962  7662 10681 13696  2131  3228 15146  1840  3075  1938
  7926  3318  8633  2794  2900  2154  1933] [] 1716437784.7750780582
[-1 -1 -1 -1  1 -1  1 -1 -1 -1  1 -1 -1 -1  1 -1 -1] [18 19 26 27 28 34 35 36 41 42 44 49 50 51 52 58 59] [11690  4652  9322  9393 10575  2172  3225 15352  1860  3367  1825  3602
  8645  2841  2883  2214  1935] [] 1716437784.8180119991
[ 1 -1  1  1  1 -1 -1 -1 -1 -1 -1 -1 -1 -1 -1] [19 27 28 34 35 36 41 42 44 49 50 51 52 58 59] [ 4617 10238 10487  2124  3198 15387  1952  3772  1860  3734  9069  2894
  2900  2342  1971] [] 1716437784.8610036373
[-1 -1 -1 -1 -1  1 -1 -1 -1 -1 -1 -1 -1 -1 -1] [19 27 28 34 35 36 41 42 44 49 50 51 52 58 59] [ 6426 10335 10674  2239  3375 15339  2006  4469  1927  3773  9161  2996
  3046  2482  2003] [] 1716437784.9040129185
[-1 -1 -1 -1 -1 -1 -1 -1 -1 -1 -1 -1 -1 -1 -1] [19 27 28 34 35 36 41 42 44 49 50 51 52 58 59] [ 7474 10570 10691  2283  3456 15451  2054  5340  1931  3986  9183  3010
  3119  2542  2026] [] 1716437784.9470477104
[-1 -1 -1 -1 -1 -1 -1 -1 -1 -1  1 -1 -1 -1 -1] [19 27 28 34 35 36 41 42 44 49 50 51 52 58 59] [ 9689 10619 10751  2342  3514 15615  2164  6388  1981  4107  9133  3071
  3370  2782  2076] [] 1716437784.9900445938
[-1 -1 -1 -1 -1 -1 -1 -1 -1 -1 -1 -1  1 -1 -1] [19 27 28 34 35 36 41 42 44 49 50 51 52 58 59] [10053 12862 11238  2494  3745 15771  2268  7855  2016  4266  9158  3092
  3369  2934  2147] [] 1716437785.0330061913
[-1 -1 -1 -1 -1 -1 -1 -1 -1 -1  1 -1 -1 -1 -1] [19 27 28 34 35 36 41 42 44 49 50 51 52 58 59] [10145 13342 11572  2587  3833 16006  2312  9723  2060  4508  9157  3172
  3494  3343  2175] [] 1716437785.0760619640
[ 1  1  1  1 -1 -1  1 -1 -1 -1 -1 -1 -1] [27 34 35 36 41 42 44 49 50 51 52 58 59] [13155  2495  3725 15917  2422 10023  2010  4639  9191  3200  3561  3612
  2239] [] 1716437785.1189906597
[ 1  1 -1 -1 -1 -1 -1 -1 -1 -1 -1] [34 35 41 42 44 49 50 51 52 58 59] [ 2450  3546  2671 11710  2081  4992  9417  3414  3611  4310  2309] [] 1716437785.1619892120
[-1 -1 -1  1 -1 -1 -1 -1 -1 -1 -1] [34 35 41 42 44 49 50 51 52 58 59] [ 2584  3846  2868 11655  2130  5162  9466  3510  3783  4605  2329] [] 1716437785.2049536705
[-1 -1 -1 -1 -1 -1 -1 -1 -1 -1 -1] [34 35 41 42 44 49 50 51 52 58 59] [ 2630  4169  3021 11767  2188  5323  9684  3703  3906  5579  2397] [] 1716437785.2479002476
[-1 -1 -1 -1 -1 -1 -1 -1 -1 -1 -1] [34 35 41 42 44 49 50 51 52 58 59] [ 2692  4333  3202 12155  2312  5847  9725  3810  4254  6440  2599] [] 1716437785.2909364700
[-1 -1 -1 -1 -1 -1 -1 -1 -1 -1 -1] [34 35 41 42 44 49 50 51 52 58 59] [ 2749  4755  3338 12969  2377  6394  9780  3812  4649  7255  2767] [] 1716437785.3339307308
[-1 -1 -1 -1 -1 -1 -1 -1 -1 -1 -1] [34 35 41 42 44 49 50 51 52 58 59] [ 2805  5039  3493 13143  2527  6508  9815  3919  4814  8163  2962] [] 1716437785.3768882751
[-1 -1 -1 -1 -1 -1 -1 -1 -1 -1] [34 35 41 42 44 49 51 52 58 59] [ 2841  5159  3655 13255  2614  8143  4212  4821  9706  3206] [] 1716437785.4199705124
[-1 -1 -1  1 -1 -1 -1 -1 -1] [34 35 41 42 44 49 51 52 59] [ 2952  5580  3715 12702  2820  8991  4495  5557  3548] [] 1716437785.4629120827
[-1  1 -1  1 -1 -1 -1 -1 -1 -1] [34 35 41 42 44 49 51 52 58 59] [ 3044  5463  3903 12699  2955 11776  4692  6099 16091  3985] [] 1716437785.5058233738
[-1  1 -1  1 -1 -1 -1 -1 -1] [34 35 41 42 44 49 51 52 59] [ 3157  5221  4140 12481  3071 12715  4737  6791  4718] [] 1716437785.5489864349
[-1 -1 -1 -1 -1  1 -1 -1 -1] [34 35 41 42 44 49 51 52 59] [ 3219  5478  4932 14949  3559 12397  4933  6961  6189] [] 1716437785.5918884277
[-1 -1 -1  1 -1 -1 -1  1 -1] [34 35 41 42 44 49 51 52 59] [ 3483  5730  5402 13142  3561 13065  5418  6006  6994] [] 1716437785.6347343922
[-1 -1 -1 -1 -1 -1 -1 -1 -1] [34 35 41 42 44 49 51 52 59] [ 3484  6347  5534 14181  4044 13145  5571  8645  9270] [] 1716437785.6779148579
[-1 -1 -1  1  1  1 -1 -1] [34 35 41 42 44 51 52 59] [ 3588  7375  5934 13071  3965  5270 10171 11550] [] 1716437785.7208485603
[-1 -1 -1 -1 -1 -1 -1 -1] [34 35 41 42 44 51 52 59] [ 3827  7929  6164 15880  3987  8784 14290 12283] [] 1716437785.7638230324
[-1  1 -1  1  1 -1  1] [34 35 41 42 44 51 52] [ 3962  7878  7203 12934  3966  8994  9630] [] 1716437785.8068268299
[-1 -1 -1  1  1 -1 -1] [34 35 41 42 44 51 52] [ 4844  8532  8379 12854  3748 12596 11450] [] 1716437785.8498139381
[-1 -1  1 -1  1  1 -1] [34 35 41 42 44 51 52] [ 6380  9368  7755 13625  3536  9163 13003] [] 1716437785.8928513527
[-1 -1  1 -1  1] [34 41 42 44 52] [ 7449  8618 13321  3689 11774] [] 1716437785.9358472824
[-1  1  1  1  1] [34 41 42 44 52] [11278  7837 12595  3063  7233] [] 1716437785.9788558483
[-1  1 -1 -1  1 -1] [34 42 44 50 52 60] [11921  5247  4450  7148  5927 14971] [] 1716437786.0218515396
[ 1 -1 -1  1 -1 -1  1] [42 44 45 50 52 53 60] [ 4073  8845  8663  4312  7421 11499  6222] [] 1716437786.0648756027
[-1 -1 -1  1 -1] [42 45 50 53 60] [ 6281 10334  9842  4507  7951] [] 1716437786.1078810692
[-1 -1 -1 -1] [44 53 60 61] [12369 13821 10991  7094] [] 1716437786.1507050991
2 2 2 1716437786.7529513836
