FA TAX ADC PRES TS
[1] [42] [12082] [] 1716438879.7998607159
[-1] [42] [12105] [] 1716438879.8428602219
[1] [42] [11975] [] 1716438879.8859267235
[1] [42] [11841] [] 1716438879.9289202690
[1] [42] [11681] [] 1716438879.9719219208
[1] [42] [11648] [] 1716438880.0148503780
[-1 -1] [42 44] [11677 14477] [] 1716438880.0578687191
[1 1] [42 44] [10568 13439] [] 1716438880.1009657383
[ 1 -1 -1] [42 44 45] [10489 13657 11571] [] 1716438880.1439065933
[-1  1 -1 -1] [42 44 45 53] [10621 13532 11675 10088] [] 1716438880.1868743896
[-1 -1 -1  1 -1] [42 44 45 53 61] [10652 13585 12008  9281  8263] [] 1716438880.2298948765
[ 1  1  1 -1  1] [42 44 45 53 61] [10639 13206 11913  9352  7968] [] 1716438880.2728934288
[ 1  1  1 -1  1  1] [42 44 45 50 53 61] [10605 13134 11755 10679  8695  7770] [] 1716438880.3158583641
[1 1 1 1 1 1] [42 44 45 50 53 61] [10453 12880  9727  9554  8551  7653] [] 1716438880.3589844704
[1 1 1 1 1 1] [42 44 45 50 53 61] [10329 12610  9201  9386  8287  7344] [] 1716438880.4019227028
[1 1 1 1 1 1] [42 44 45 50 53 61] [10161 12483  8950  8811  8046  7166] [] 1716438880.4448828697
[ 1  1 -1  1  1 -1 -1  1] [42 44 45 50 53 54 60 61] [ 9191  9439  9173  8694  6796 14203 11419  7153] [] 1716438880.4879090786
[ 1 -1  1  1 -1  1  1  1 -1] [42 44 45 50 51 53 54 60 61] [ 8164  9541  9137  8600 12255  6746 12139  8245  7263] [] 1716438880.5309348106
[-1 -1  1  1 -1 -1  1  1  1  1  1] [35 41 42 44 45 50 51 53 54 60 61] [15581 13091  7989  9280  9199  8702 11583  6712 11966  7138  7259] [] 1716438880.5739161968
[-1  1  1  1  1  1  1  1  1  1  1  1] [28 35 41 42 44 45 50 51 53 54 60 61] [12285 14921 10963  7776  7835  9043  8551  8923  6535 11777  6331  7017] [] 1716438880.6169180870
[ 1 -1  1  1  1  1  1  1  1  1  1  1] [28 35 41 42 44 45 50 51 53 54 60 61] [12026 15004 10732  6926  7005  9006  8538  7721  6248 11626  5402  6955] [] 1716438880.6598937511
[ 1  1 -1  1  1  1  1  1 -1  1 -1  1  1] [28 35 41 42 44 45 50 51 52 53 54 60 61] [11615 14985 10785  6469  6895  8996  8229  7680 15773  5955 11725  5046
  6840] [] 1716438880.7031586170
[-1 -1 -1  1 -1  1  1 -1  1  1  1  1 -1  1  1] [27 28 34 35 41 42 44 45 50 51 52 53 54 60 61] [12753 11733 11521 10987 10984  5430  6773  9035  8100  7611 13679  5702
 11739  4517  6754] [] 1716438880.7458853722
[-1 -1 -1 -1  1  1  1  1  1  1  1  1  1  1 -1 -1  1  1] [19 26 27 28 34 35 41 42 44 45 50 51 52 53 54 55 60 61] [11061 12902 12852 11949 11070 10579 10923  5109  6565  8874  7044  7504
 13360  5420 11757 11655  4307  6687] [] 1716438880.7889647484
[-1  1  1  1  1 -1  1  1  1  1  1 -1  1  1  1  1  1  1] [19 26 27 28 34 35 41 42 44 45 50 51 52 53 54 55 60 61] [11103 12698 11971 11942  9194 10600 10823  4929  6392  8803  6707  7525
 12936  4970 11645 11525  3983  6459] [] 1716438880.8319115639
[ 1  1  1 -1  1  1  1  1  1  1  1  1  1  1  1  1  1  1] [19 26 27 28 34 35 41 42 44 45 50 51 52 53 54 55 60 61] [11081 11213 10908 12009  8345 10181 10267  4473  6139  7502  5579  7344
 10274  4689 11510 10667  3711  6305] [] 1716438880.8748695850
[ 1  1  1  1  1  1 -1  1  1  1  1  1 -1  1 -1  1 -1  1  1] [19 26 27 28 34 35 41 42 44 45 50 51 52 53 54 55 57 60 61] [10735 10421 10589 11740  7797  9688 10285  4275  5943  7034  5298  7260
 10385  4512 11567 10007 10426  3663  6274] [] 1716438880.9179723263
[ 1  1  1  1 -1  1 -1  1  1  1  1 -1  1  1  1  1  1  1  1  1 -1] [19 26 27 28 29 34 35 41 42 44 45 46 50 51 52 53 54 55 57 60 61] [10650 10149 10442 11579 12085  7779  9703  9455  4063  5617  6318 13061
  5075  7145  8781  4450 11554  7861 10263  3538  6314] [] 1716438880.9609410763
[ 1  1  1 -1  1  1  1  1  1  1  1  1  1  1  1  1  1  1  1  1  1] [19 26 27 28 29 34 35 41 42 44 45 46 50 51 52 53 54 55 57 60 61] [10466  9957 10334 11678 11697  7658  9498  8063  3753  5247  5772 11603
  4995  7001  8110  4265 11471  6872 10072  3460  6220] [] 1716438881.0039727688
[1 1 1 1 1 1 1 1 1 1 1 1 1 1 1 1 1 1 1 1 1] [19 26 27 28 29 34 35 41 42 44 45 46 50 51 52 53 54 55 57 60 61] [ 8571  9684 10235 11370 11105  7449  9376  7471  3423  4715  4871 11226
  4735  6860  7482  3941 11207  5729  9283  3275  6066] [] 1716438881.0469262600
[ 1  1  1  1  1  1  1  1  1  1  1  1  1  1  1  1  1  1 -1  1  1] [19 26 27 28 29 34 35 41 42 44 45 46 50 51 52 53 54 55 57 60 61] [ 7287  9397 10071 11155 11021  6988  9270  7120  3268  4546  4644 11201
  4433  6800  7290  3874 11055  5273  9314  3220  6015] [] 1716438881.0898885727
[1 1 1 1 1 1 1 1 1 1 1 1 1 1 1 1 1 1 1 1 1] [19 26 27 28 29 34 35 41 42 44 45 46 50 51 52 53 54 55 57 60 61] [ 6786  9182  9787 10867 10996  6416  9148  6539  3106  4330  4406  9851
  4255  6744  6863  3737 11051  4738  8800  3135  5965] [] 1716438881.1329531670
[ 1  1  1 -1  1  1  1  1  1  1  1  1 -1  1  1  1  1  1  1  1  1 -1] [19 26 27 28 29 34 35 41 42 44 45 46 47 50 51 52 53 54 55 57 60 61] [ 6343  8954  9508 10986 10906  6259  8935  5757  2821  3748  4010  8977
 13555  3924  6618  5749  3662  7373  4420  7551  3035  5997] [] 1716438881.1759796143
[-1  1 -1  1  1  1  1  1  1  1 -1  1  1 -1  1  1 -1  1  1  1  1  1  1  1
 -1] [18 19 26 27 28 29 34 35 41 42 43 44 45 46 47 50 51 52 53 54 55 57 60 61
 62] [11530  5559  9031  8993 10941 10884  5860  8746  5641  2704 13943  3705
  3817  9495 13016  3700  6628  5637  3593  7223  4357  6750  3030  5987
 10291] [] 1716438881.2189185619
[ 1  1  1  1  1  1  1  1  1  1 -1  1  1  1  1  1  1  1  1  1  1  1  1  1
  1] [18 19 26 27 28 29 34 35 41 42 43 44 45 46 47 50 51 52 53 54 55 57 60 61
 62] [11289  5229  8769  8774 10750 10825  5736  8604  5117  2606 14776  3508
  3456  8623 10452  3559  6478  5413  3459  6734  4073  6319  2946  5950
  9802] [] 1716438881.2619051933
[-1  1  1 -1  1 -1  1  1  1  1 -1  1  1  1  1  1  1  1  1  1  1  1  1  1
  1  1  1  1] [11 18 19 20 26 27 28 29 34 35 36 41 42 43 44 45 46 47 50 51 52 53 54 55
 57 60 61 62] [10226 11054  5164 15423  8597  8795 10732 10618  5489  8061 16218  4950
  2481 11968  3386  3244  8250  9989  3376  5659  5015  3325  6667  3682
  5571  2890  5881  9203] [] 1716438881.3049671650
[ 1  1  1  1  1  1 -1  1  1  1  1 -1  1  1  1  1  1  1  1  1  1  1  1  1
  1 -1 -1  1  1] [11 18 19 20 26 27 28 29 34 35 36 41 42 43 44 45 46 47 50 51 52 53 54 55
 57 59 60 61 62] [10006 10901  4826 14394  6779  8519 10815 10455  5418  7569 12899  4984
  2398 11896  3330  3126  7382  9319  3278  5597  4935  3220  6280  3502
  5366 11498  2951  5878  9075] [] 1716438881.3479547501
[ 1 -1  1  1  1  1  1  1  1  1  1 -1  1  1  1  1  1  1  1  1  1  1  1  1
  1  1  1  1  1] [11 18 19 20 26 27 28 29 34 35 36 41 42 43 44 45 46 47 50 51 52 53 54 55
 57 59 60 61 62] [ 9824 11048  4600 13726  6138  8485 10670 10405  5312  7303 12257  5077
  2312 11772  3243  3033  6786  8465  3199  5533  4751  3072  5804  3295
  4582  9641  2878  5828  8752] [] 1716438881.3909754753
[ 1  1  1  1  1  1  1  1 -1  1  1  1  1  1  1  1  1  1  1  1  1  1  1  1
  1  1  1  1  1  1] [11 18 19 20 26 27 28 29 33 34 35 36 41 42 43 44 45 46 47 50 51 52 53 54
 55 57 59 60 61 62] [ 9576  8252  4461 12921  5369  8394 10568 10271 15764  5272  7244 11903
  4922  2247 11644  3119  2965  6697  8139  3017  4732  4625  3049  5611
  3152  4346  9120  2829  5794  8111] [] 1716438881.4339165688
[1 1 1 1 1 1 1 1 1 1 1 1 1 1 1 1 1 1 1 1 1 1 1 1 1 1 1 1 1 1] [11 18 19 20 26 27 28 29 33 34 35 36 41 42 43 44 45 46 47 50 51 52 53 54
 55 57 59 60 61 62] [ 9505  7531  4309 12346  4893  7333 10264 10239 14949  5157  6873 10465
  4854  2202 11515  3045  2837  6641  7935  2959  4671  4476  2910  5342
  3077  3983  9088  2767  5750  7992] [] 1716438881.4768717289
[1 1 1 1 1 1 1 1 1 1 1 1 1 1 1 1 1 1 1 1 1 1 1 1 1 1 1 1 1 1] [11 18 19 20 26 27 28 29 33 34 35 36 41 42 43 44 45 46 47 50 51 52 53 54
 55 57 59 60 61 62] [ 9313  7325  4111 12216  4593  7099  9368 10167 14785  4674  6853  9885
  4607  2114 11443  2995  2749  6530  7391  2814  4583  4336  2815  4339
  2930  3535  6757  2698  5707  7923] [] 1716438881.5199415684
[ 1  1  1  1 -1  1  1  1  1 -1  1 -1  1 -1 -1  1  1  1  1  1  1  1  1  1
  1  1  1  1  1  1 -1  1] [11 18 19 20 23 26 27 28 29 33 34 35 36 37 41 42 43 44 45 46 47 50 51 52
 53 54 55 57 59 60 61 62] [ 9278  7258  3971 11650 16129  4059  7055  8155  7413 15820  4271  6856
  8883 16354  4650  2058 11233  2956  2716  6455  7043  2760  4345  4247
  2766  4203  2828  3242  6716  2635  5746  7793] [] 1716438881.5628974438
[ 1  1  1  1  1  1  1  1  1  1  1  1  1 -1  1  1  1  1  1 -1  1  1  1  1
  1  1  1  1  1  1  1  1] [11 18 19 20 23 26 27 28 29 34 35 36 37 38 41 42 43 44 45 46 47 50 51 52
 53 54 55 57 59 60 61 62] [ 9146  7143  3819 11523 15199  3927  6807  7005  7100  4081  6521  8684
 16296  9162  4640  1981 11164  2896  2672  6499  6452  2661  4292  4136
  2610  3947  2735  3063  6398  2545  5677  7643] [] 1716438881.6059334278
[-1 -1  1  1  1  1  1  1  1  1  1  1  1  1  1  1  1  1  1  1  1  1  1  1
  1  1  1  1  1  1  1  1  1] [ 3 11 18 19 20 23 26 27 28 29 34 35 36 37 38 41 42 43 44 45 46 47 50 51
 52 53 54 55 57 59 60 61 62] [14680  9165  7040  3715 11445 13246  3745  6656  6641  7049  4043  6145
  7999 14105  8865  4116  1894 11141  2870  2566  6469  6276  2553  3912
  4007  2392  3674  2610  2881  5877  2479  5661  7560] [] 1716438881.6489651203
[ 1  1  1  1  1  1  1  1  1 -1  1  1  1 -1 -1  1  1 -1  1  1  1  1  1  1
  1  1  1  1  1  1  1 -1  1] [ 3 11 18 19 20 23 26 27 28 29 34 35 36 37 38 41 42 43 44 45 46 47 50 51
 52 53 54 55 57 59 60 61 62] [ 7916  9142  6127  3662  9588 13091  3631  6579  5538  7053  3399  5150
  7027 14106  8895  4072  1878 11142  2822  2514  6431  5958  2495  3765
  3909  2367  3606  2585  2753  5691  2457  5681  6132] [] 1716438881.6919238567
[ 1 -1  1  1  1 -1 -1  1  1  1  1 -1  1  1  1  1  1  1  1  1  1  1  1  1
  1  1  1  1  1  1  1 -1 -1  1] [ 3 11 18 19 20 21 23 26 27 28 29 34 35 36 37 38 41 42 43 44 45 46 47 50
 51 52 53 54 55 57 59 60 61 62] [ 7725  9197  5927  3631  9410 14226 13147  3525  6549  5267  6789  3414
  4743  6906 12819  8848  3799  1807  8883  2752  2438  6390  5624  2432
  3509  3815  2305  3360  2461  2578  4819  2471  5738  5308] [] 1716438881.7349464893
[ 1  1  1  1  1 -1  1  1  1  1  1  1  1  1  1 -1  1  1 -1  1  1  1  1  1
  1  1  1  1  1  1  1  1  1  1] [ 3 11 18 19 20 21 23 26 27 28 29 34 35 36 37 38 41 42 43 44 45 46 47 50
 51 52 53 54 55 57 59 60 61 62] [ 7379  6977  4975  3536  8430 14381 13102  3395  6528  4722  6434  3191
  4498  6171 11077  8884  3701  1774  9002  2706  2393  6230  5200  2388
  3406  3686  2262  3242  2364  2497  4595  2391  5681  4850] [] 1716438881.7779216766
[ 1  1  1  1  1 -1 -1  1  1  1  1  1  1  1  1  1  1  1  1  1  1  1  1 -1
  1 -1  1  1 -1 -1 -1  1 -1 -1  1] [ 3 11 18 19 20 21 23 26 27 28 29 34 35 36 37 38 41 42 43 44 45 46 47 50
 51 52 53 54 55 57 58 59 60 61 62] [ 6681  6202  4845  3446  7669 15269 13183  3219  6481  4549  5854  3129
  4340  5935 10098  8334  3588  1763  8214  2656  2357  6151  4888  2452
  3280  3703  2217  3103  2420  2511 16359  4359  2395  5737  4703] [] 1716438881.8209502697
[ 1  1 -1  1  1  1  1 -1  1 -1  1  1  1  1  1  1  1  1  1  1  1  1  1  1
  1  1  1  1  1 -1 -1  1  1  1  1  1  1 -1] [ 3 11 12 18 19 20 21 23 26 27 28 29 34 35 36 37 38 41 42 43 44 45 46 47
 50 51 52 53 54 55 56 57 58 59 60 61 62 64] [ 5858  5645 16039  4351  3330  7395 14252 13201  3199  6768  4385  5590
  2975  4271  5653  9753  6502  3354  1719  7377  2494  2276  5295  4576
  2444  3105  3615  2133  2801  2448 14087  2491 13687  3846  2319  5674
  4302 11808] [] 1716438881.8640649319
[ 1  1  1  1  1  1  1 -1 -1  1  1  1 -1  1  1  1  1  1  1  1  1  1  1  1
  1  1  1  1  1  1  1  1  1  1  1  1 -1  1  1] [ 3 11 12 18 19 20 21 23 26 27 28 29 33 34 35 36 37 38 41 42 43 44 45 46
 47 50 51 52 53 54 55 56 57 58 59 60 61 62 64] [ 5183  4957 13815  3951  3168  6404 12921 13530  3213  6634  4279  5108
 12093  2870  4090  5020  9391  6021  3307  1654  7283  2418  2256  5263
  4444  2340  3067  3543  2058  2734  2424 13999  2425 12709  3789  2303
  5714  4194 11181] [] 1716438881.9069581032
[ 1  1  1  1  1  1 -1 -1  1  1 -1  1  1  1 -1  1  1  1  1  1 -1  1  1  1
  1  1  1  1  1  1  1  1  1  1  1 -1  1  1 -1] [ 3 11 12 18 19 20 21 23 26 27 28 29 33 34 35 36 37 38 41 42 43 44 45 46
 47 50 51 52 53 54 55 56 57 58 59 60 61 62 64] [ 4953  4887 12811  3603  3136  6368 13031 13612  3119  6611  4280  5062
 11329  2761  4127  4987  9211  5971  3280  1640  7292  2411  2246  5163
  4396  2272  3052  3526  2042  2678  2404 13939  2413 11114  3768  2319
  5695  4124 11901] [] 1716438881.9499895573
[ 1  1  1  1  1 -1 -1 -1  1  1  1  1  1  1  1  1  1  1 -1  1  1 -1  1  1
  1  1  1 -1  1  1  1 -1 -1  1 -1  1  1  1  1] [ 3 11 12 18 19 20 21 23 26 27 28 29 33 34 35 36 37 38 41 42 43 44 45 46
 47 50 51 52 53 54 55 56 57 58 59 60 61 62 64] [ 4807  4811 12463  3581  3112  6385 13404 13686  3115  6420  4251  5033
 10895  2738  4087  4901  9062  5843  3284  1628  7159  2425  2238  5010
  4284  2224  2999  3567  2028  2636  2392 13947  2415 10317  3783  2319
  5681  4084 11888] [] 1716438881.9929897785
[ 1  1  1  1  1  1 -1  1 -1  1  1 -1 -1 -1  1  1  1 -1  1 -1 -1  1  1 -1
 -1  1  1  1 -1 -1  1  1 -1  1  1 -1 -1  1] [ 3 11 12 18 19 20 21 23 26 27 28 29 33 34 35 36 37 38 41 42 43 44 45 46
 47 50 51 52 53 54 55 57 58 59 60 61 62 64] [ 4775  4754 12271  3575  3096  6268 14141 13580  3135  6325  4214  5057
 10980  2757  4031  4791  9062  5979  3254  1659  7166  2395  2232  5057
  4364  2212  2992  3495  2064  2683  2360  2378 12799  3730  2271  5683
  4156 11575] [] 1716438882.0359876156
[ 1 -1 -1  1 -1 -1  1  1  1 -1  1  1 -1 -1  1  1 -1 -1  1  1  1 -1 -1  1
 -1 -1  1 -1 -1 -1  1  1 -1 -1 -1 -1 -1] [ 3 11 12 18 19 20 21 23 26 27 28 29 33 34 35 36 37 38 41 42 43 44 45 46
 47 50 51 52 53 54 55 57 58 59 60 61 62] [ 4695  4776 12295  3575  3108  6438 13438 13516  3067  6640  4198  5014
 11002  2759  4025  4714  9080  6778  3212  1647  7115  2434  2244  5042
  4426  2228  2978  3503  2066  2697  2316  2371 13607  3782  2279  5685
  4307] [] 1716438882.0788149834
[-1 -1 -1 -1 -1  1 -1  1  1  1  1 -1 -1 -1  1 -1 -1 -1 -1 -1 -1 -1 -1 -1
 -1 -1 -1  1 -1 -1 -1 -1 -1 -1  1 -1] [ 3 11 12 18 19 20 21 23 26 27 28 29 33 34 35 36 37 38 41 42 43 44 45 46
 47 50 51 52 53 54 55 57 59 60 61 62] [ 4718  5013 12998  3763  3160  6368 13481 13514  3051  6573  4178  5027
 14309  2781  4023  4775  9333  8190  3253  1671  7244  2519  2280  5129
  4448  2322  3067  3495  2125  2818  2360  2404  4030  2299  5623  4434] [] 1716438882.1219866276
[ 1 -1 -1 -1 -1  1  1 -1 -1 -1 -1 -1 -1  1 -1 -1 -1 -1 -1 -1 -1 -1 -1 -1
  1 -1 -1 -1 -1 -1 -1 -1  1  1 -1] [ 3 11 18 19 20 21 23 26 27 28 29 33 34 35 36 37 38 41 42 43 44 45 46 47
 50 51 52 53 54 55 57 59 60 61 62] [ 4708  5750  4383  3224  6564 12709 13330  3085  6632  4293  5068 15840
  2855  4005  4875  9451  8723  3634  1700  8580  2596  2313  5958  4887
  2264  3110  3548  2148  2962  2362  2483  4220  2283  5614  5104] [] 1716438882.1649367809
[-1 -1 -1 -1 -1  1  1 -1  1 -1 -1 -1 -1 -1 -1 -1 -1 -1 -1 -1 -1 -1 -1 -1
 -1 -1 -1 -1 -1 -1 -1 -1 -1 -1] [ 3 11 18 19 20 21 23 26 27 28 29 34 35 36 37 38 41 42 43 44 45 46 47 50
 51 52 53 54 55 57 59 60 61 62] [ 4889  6155  4592  3293  6986 11763 13283  3311  6260  4365  5115  2950
  4137  5319  9557  8745  3727  1730  9873  2608  2331  6041  5277  2339
  3194  3665  2196  3191  2432  2548  4458  2315  5635  5339] [] 1716438882.2079529762
[-1 -1 -1 -1 -1  1 -1 -1 -1 -1 -1 -1 -1 -1 -1 -1 -1 -1 -1 -1 -1 -1 -1 -1
 -1 -1 -1 -1 -1 -1 -1 -1  1 -1] [ 3 11 18 19 20 21 23 26 27 28 29 34 35 36 37 38 41 42 43 44 45 46 47 50
 51 52 53 54 55 57 59 60 61 62] [ 7285  9037  5495  3346  7620 11354 13397  3395  6282  4563  5358  3036
  4223  5714 10878  8767  3952  1773 10206  2666  2384  6269  5713  2358
  3404  3807  2276  3484  2645  2644  5051  2379  5607  6971] [] 1716438882.2509124279
[ 1 -1 -1 -1 -1  1 -1 -1 -1 -1 -1 -1 -1 -1 -1 -1 -1 -1 -1 -1 -1  1  1 -1
 -1 -1 -1  1 -1 -1 -1 -1 -1] [11 18 19 20 21 23 26 27 28 29 34 35 36 37 38 41 42 43 44 45 46 47 50 51
 52 53 54 55 57 59 60 61 62] [ 8868  6239  3535  8453 11961 13380  3525  6380  4973  5549  3127  4547
  6242 12366  8831  3982  1811 10298  2680  2415  6329  5654  2350  3688
  3928  2333  3573  2633  2718  5510  2439  5615  7109] [] 1716438882.2939476967
[-1 -1 -1 -1 -1  1 -1 -1 -1 -1 -1 -1 -1 -1 -1 -1  1 -1 -1  1 -1 -1 -1 -1
 -1 -1 -1 -1 -1 -1 -1 -1] [11 18 19 20 21 23 26 27 28 29 34 35 36 37 41 42 43 44 45 46 47 50 51 52
 53 54 55 57 59 60 61 62] [ 8918  7568  3562  9684 12215 13217  3571  6398  5735  6522  3240  4731
  6584 13915  4332  1890 10180  2747  2491  6295  5740  2384  4021  4023
  2388  3960  2828  3085  6696  2495  5649  7310] [] 1716438882.3368797302
[-1 -1 -1 -1 -1 -1 -1  1 -1 -1 -1 -1 -1 -1 -1 -1  1 -1 -1 -1 -1 -1 -1 -1
 -1 -1 -1 -1 -1  1  1 -1] [11 18 19 20 21 23 26 27 28 29 34 35 36 37 41 42 43 44 45 46 47 50 51 52
 53 54 55 57 59 60 61 62] [ 8995  7747  3687 10565 12483 13677  3773  6160  6803  6940  3342  4959
  7207 14423  4520  1939 10158  2828  2521  6503  6249  2462  4047  4075
  2426  4090  2917  3215  7763  2487  5641  7518] [] 1716438882.3799920082
[-1 -1 -1 -1  1 -1 -1  1 -1 -1 -1 -1 -1 -1 -1 -1  1 -1 -1 -1 -1 -1 -1 -1
 -1 -1 -1 -1 -1 -1 -1] [11 18 19 20 21 23 26 27 28 29 34 35 36 41 42 43 44 45 46 47 50 51 52 53
 54 55 57 59 60 61 62] [ 9090  7870  3835 10780 12068 13827  3909  5474  7611  9874  3482  5620
  7471  4648  2030 10839  2802  2618  6551  7505  2528  4146  4178  2520
  4677  3058  3395  8961  2631  5707  7828] [] 1716438882.4229555130
[-1 -1 -1 -1  1 -1 -1 -1 -1 -1 -1 -1 -1 -1 -1 -1 -1 -1 -1 -1 -1 -1 -1 -1
 -1 -1 -1 -1 -1 -1 -1] [11 18 19 20 21 26 27 28 29 33 34 35 36 41 42 43 44 45 46 47 50 51 52 53
 54 55 57 59 60 61 62] [ 9337  8157  4002 11228 11847  4235  5582  8763 10022 14336  3936  5636
  7544  4824  2103 11345  2868  2826  6687  8580  2677  4688  4465  2701
  5370  3618  3839  9166  2726  5795  7985] [] 1716438882.4658625126
[-1 -1 -1 -1 -1 -1 -1 -1 -1 -1 -1 -1 -1 -1 -1 -1 -1 -1 -1 -1 -1 -1 -1 -1
 -1 -1  1  1 -1] [11 18 19 20 21 26 27 28 29 34 35 36 41 42 43 44 45 46 47 50 51 52 53 54
 55 57 60 61 62] [ 9570 10700  4154 11996 12138  4836  6743 10257 10168  4281  5790  8586
  5160  2174 11579  2981  2957  7919 10926  2789  5290  4553  2822  5593
  4135  4331  2717  5713  8097] [] 1716438882.5087997913
[-1 -1 -1 -1 -1 -1 -1 -1 -1 -1 -1 -1 -1 -1 -1 -1 -1 -1 -1 -1 -1 -1 -1 -1
 -1 -1 -1 -1] [11 18 19 20 21 26 27 28 29 34 35 36 41 42 43 44 45 46 50 51 52 53 54 55
 57 60 61 62] [10160 10968  4413 12926 12406  5745  8098 10365 10185  4766  5970  9197
  5367  2246 11896  3051  3137  7942  2980  5404  4818  2887  6470  4254
  4907  2765  5757  8786] [] 1716438882.5519764423
[-1  1 -1 -1 -1 -1 -1 -1 -1 -1 -1 -1 -1 -1 -1 -1 -1 -1 -1 -1 -1 -1 -1 -1
 -1 -1] [18 19 20 26 27 28 29 34 35 36 41 42 43 44 45 46 50 51 52 53 54 55 57 60
 61 62] [11213  4331 14069  7664  8258 10525 10230  5133  6451 10877  5887  2386
 12678  3215  3399  8080  3130  5480  5070  3169  6672  4769  5670  2776
  5768  9439] [] 1716438882.5948865414
[-1 -1 -1 -1  1 -1 -1 -1 -1 -1 -1 -1 -1 -1 -1 -1 -1 -1 -1 -1 -1 -1  1] [19 20 26 27 28 29 34 35 36 41 42 44 45 46 50 51 52 53 54 55 57 60 61] [ 4549 16148  8182  8375 10520 10381  5247  7172 11441  6235  2530  3271
  3678  8165  3209  5567  5103  3190 10780  5807  6111  2863  5682] [] 1716438882.6378672123
[-1 -1 -1 -1 -1 -1  1 -1 -1 -1 -1 -1 -1 -1 -1 -1 -1 -1 -1 -1 -1 -1] [19 26 27 28 29 34 35 36 41 42 44 45 46 50 51 52 53 54 55 57 60 61] [ 5063  8470  8724 10663 10524  5519  7140 12005  6400  2656  3604  3956
  8464  3420  5641  5211  3410 10922  5956  6497  2877  5717] [] 1716438882.6807775497
[-1 -1 -1  1 -1 -1 -1 -1 -1 -1 -1 -1 -1 -1 -1 -1 -1 -1 -1 -1 -1 -1] [19 26 27 28 29 34 35 36 41 42 44 45 46 50 51 52 53 54 55 57 60 61] [ 5218  8692  8843 10527 10627  5832  7394 12733  7983  2952  3955  4585
 11073  3934  5772  5669  3572 10941  7669  8079  3098  5878] [] 1716438882.7238702774
[-1 -1 -1 -1 -1 -1 -1 -1 -1 -1 -1 -1 -1 -1 -1 -1 -1 -1 -1 -1 -1 -1] [19 26 27 28 29 34 35 36 41 42 44 45 46 50 51 52 53 54 55 57 60 61] [ 6648  8900  9226 10615 11208  6056  7922 13937  8577  3312  4337  5375
 11642  4552  6988  6655  3717 11057 10473  9033  3267  5913] [] 1716438882.7669014931
[-1 -1 -1 -1 -1 -1 -1 -1 -1 -1 -1 -1 -1 -1 -1 -1 -1 -1 -1 -1 -1] [19 26 27 28 29 34 35 36 41 42 44 45 50 51 52 53 54 55 57 60 61] [ 9435  9454 10293 10856 11733  6618  7925 14142  9971  3755  4876  6169
  4999  7236  8756  3909 11105 11398 14190  3416  6050] [] 1716438882.8098127842
[-1 -1 -1 -1 -1 -1 -1 -1 -1 -1 -1 -1 -1 -1 -1  1 -1 -1] [19 26 27 28 34 35 36 41 42 44 45 50 51 52 53 54 60 61] [10518 10277 10777 11075  7591  8348 14571 10745  3868  5524  6347  5194
  7276  9114  4208 11039  3604  6156] [] 1716438882.8527574539
[ 1  1  1  1  1 -1 -1 -1 -1 -1 -1 -1 -1 -1 -1 -1 -1] [19 27 28 34 35 36 41 42 44 45 50 51 52 53 54 60 61] [10477 10401 11063  7486  8290 16119 10854  4228  5737  6721  5448  7443
 10083  4453 11390  3779  6346] [] 1716438882.8958852291
[-1 -1 -1 -1 -1 -1 -1 -1 -1 -1 -1 -1 -1 -1 -1 -1] [19 27 28 34 35 41 42 44 45 50 51 52 53 54 60 61] [10651 10552 11342  7643  8831 12009  4537  6097  6824  6828  7531 11598
  4795 11583  4440  6580] [] 1716438882.9388964176
[-1 -1 -1 -1 -1 -1 -1 -1 -1 -1 -1 -1 -1 -1 -1 -1] [19 27 28 34 35 36 42 44 45 50 51 52 53 54 60 61] [10676 12649 11542  8370  9025 16323  4813  6450  6877  7852  8963 14205
  5391 11911  5330  6690] [] 1716438882.9818058014
[ 1 -1 -1 -1  1 -1 -1 -1 -1 -1 -1 -1 -1] [27 28 34 35 42 44 45 50 51 53 54 60 61] [12252 11833 11338 12739  4719  8227  6982  7869 11401  6382 12399  6934
  6899] [] 1716438883.0246734619
[-1 -1 -1  1 -1 -1  1  1] [35 42 44 45 50 53 60 61] [13779  4891  8605  6933  8251  6419  6831  6802] [] 1716438883.0678436756
[-1 -1 -1 -1  1 -1 -1 -1] [35 42 44 45 50 53 60 61] [14265  5484 11967  7211  7941  6743 12099  7170] [] 1716438883.1108050346
[-1 -1 -1 -1 -1 -1] [42 44 45 50 53 61] [ 6055 12361  7887  8337  6980  7421] [] 1716438883.1537826061
[-1 -1 -1 -1 -1 -1] [42 44 45 50 53 61] [ 7198 12535  8741  9126  7478  7758] [] 1716438883.1966712475
[-1 -1 -1 -1 -1] [42 44 45 50 53] [ 8164 12963 11309 10157 10301] [] 1716438883.2398276329
[-1 -1  1 -1] [42 44 45 50] [10846 13234 11299 10224] [] 1716438883.2827529907
[1] [42] [10063] [] 1716438883.3257842064
[-1] [42] [10687] [] 1716438883.3687014580
[-1] [42] [10813] [] 1716438883.4117519855
[-1] [42] [12560] [] 1716438883.4547851086
2 2 2 1716438883.6372005939
