FA TAX ADC PRES TS
[-1 -1] [42 50] [12860 10933] [] 1716438885.0637097359
[1 1] [42 50] [12799 10395] [] 1716438885.1067991257
[1 1] [42 50] [12695 10270] [] 1716438885.1497066021
[1 1] [42 50] [12400 10132] [] 1716438885.1926169395
[ 1 -1  1] [42 44 50] [12307 13999 10018] [] 1716438885.2357139587
[1 1 1] [42 44 50] [11042 12845  9791] [] 1716438885.2787365913
[-1 -1 -1 -1 -1] [42 44 45 50 61] [11289 13191 12118  9971  8493] [] 1716438885.3216960430
[ 1 -1 -1 -1 -1 -1 -1] [42 44 45 50 51 53 61] [11036 13360 12393 10046 10088 12043  8746] [] 1716438885.3646655083
[ 1 -1 -1  1  1  1 -1] [42 44 45 50 51 53 61] [10955 13384 12457  9911  9538  8673  8838] [] 1716438885.4077408314
[-1  1  1  1  1  1  1] [42 44 45 50 51 53 61] [11011 13147 10316  9839  9229  8583  8780] [] 1716438885.4506673813
[1 1 1 1 1 1 1] [42 44 45 50 51 53 61] [10433 12692  9384  9747  8966  7806  8170] [] 1716438885.4937067032
[1 1 1 1 1 1 1] [42 44 45 50 51 53 61] [10217 10464  8861  8882  8692  6881  7807] [] 1716438885.5366489887
[ 1  1 -1  1  1  1 -1  1] [42 44 45 50 51 53 54 61] [10165  9302  8935  8797  8555  6364 13041  7726] [] 1716438885.5797369480
[-1  1 -1  1 -1 -1  1  1  1] [42 44 45 50 51 52 53 54 61] [10171  8657  8943  8490  8575 15325  6209 10385  7662] [] 1716438885.6227273941
[-1 -1  1  1  1  1  1  1  1  1] [28 42 44 45 50 51 52 53 54 61] [12687 10205  7886  8703  8440  8464 13431  5707  9806  7376] [] 1716438885.6657199860
[-1  1 -1  1  1  1  1  1  1  1  1] [27 28 42 44 45 50 51 52 53 54 61] [13911 12167 10290  7475  8540  8304  8452 12337  5471  9769  7204] [] 1716438885.7086923122
[ 1  1 -1 -1  1  1 -1  1  1  1  1  1] [27 28 34 42 44 45 50 51 52 53 54 61] [13487 11830 13153 10398  6725  8303  8312  8388 11673  5148  9543  6995] [] 1716438885.7517590523
[-1  1  1  1 -1  1  1  1 -1  1  1 -1 -1 -1] [26 27 28 34 42 44 45 50 51 52 53 54 60 61] [14959 13289 11716 12600 10647  6578  8150  7818  8476 10652  4886  9648
 11615  7026] [] 1716438885.7946884632
[ 1 -1 -1  1 -1  1  1  1  1  1  1  1  1  1  1] [26 27 28 34 35 42 44 45 50 51 52 53 54 60 61] [11953 13514 11754 10874 12744 10069  5997  8019  7553  8090  9812  4573
  8123  8563  6925] [] 1716438885.8376452923
[ 1 -1  1  1  1  1  1  1  1  1  1  1  1  1  1] [26 27 28 34 35 42 44 45 50 51 52 53 54 60 61] [11730 13599 11629 10478 11785  8588  5694  7760  6580  7264  9375  4393
  6802  7681  6791] [] 1716438885.8805303574
[-1 -1 -1 -1  1  1 -1  1  1  1  1  1  1  1  1  1  1] [19 26 27 28 34 35 41 42 44 45 50 51 52 53 54 60 61] [14591 11829 13805 11751  9274 11038 13274  7883  5436  7516  6050  7215
  9047  4157  6322  6186  6782] [] 1716438885.9238011837
[ 1  1 -1  1  1  1  1  1  1  1  1  1  1  1  1 -1  1  1] [19 26 27 28 34 35 41 42 44 45 50 51 52 53 54 55 60 61] [12772 11750 14095 11621  9143 10443 12797  6866  5098  7134  5450  7197
  8556  4042  6243 12259  5377  6704] [] 1716438885.9667894840
[ 1  1  1  1  1  1 -1  1  1  1  1  1  1  1  1  1  1  1] [19 26 27 28 34 35 41 42 44 45 50 51 52 53 54 55 60 61] [12748  9973 13717 11311  8935  8943 12869  5468  4696  6535  5308  6992
  8100  3852  6196 10692  5006  6692] [] 1716438886.0097184181
[1 1 1 1 1 1 1 1 1 1 1 1 1 1 1 1 1 1] [19 26 27 28 34 35 41 42 44 45 50 51 52 53 54 55 60 61] [10719  9621 10350 11204  8228  8659 12475  4994  4404  6320  5094  5827
  6923  3724  5971  7451  4827  6644] [] 1716438886.0527703762
[1 1 1 1 1 1 1 1 1 1 1 1 1 1 1 1 1 1] [19 26 27 28 34 35 41 42 44 45 50 51 52 53 54 55 60 61] [10204  9412  9899 11045  7993  8277 11128  4707  4151  6137  4864  5376
  6631  3544  5468  6692  4583  6519] [] 1716438886.0958104134
[ 1  1  1 -1  1  1  1  1  1  1  1  1  1  1  1  1  1  1] [19 26 27 28 34 35 41 42 44 45 50 51 52 53 54 55 60 61] [ 9900  9084  9434 11144  7764  8139  8587  4196  3932  6040  4112  5210
  6436  3457  5280  5839  4311  6490] [] 1716438886.1386828423
[-1  1 -1  1 -1  1  1  1  1  1  1  1  1  1  1  1  1  1  1] [19 26 27 28 29 34 35 41 42 44 45 50 51 52 53 54 55 60 61] [ 9924  9071  9437 11121 11619  7686  7981  8561  3866  3693  5945  3930
  4992  6167  3308  5167  4956  4071  6318] [] 1716438886.1817483902
[ 1  1  1  1  1  1  1  1  1  1  1 -1  1  1  1  1  1  1  1  1] [19 26 27 28 29 34 35 41 42 44 45 47 50 51 52 53 54 55 60 61] [ 9736  8741  9279 11043 11015  7433  7591  8319  3372  3482  5871 10771
  3704  4519  5572  3212  4902  4830  3857  6251] [] 1716438886.2247612476
[ 1  1  1  1  1  1  1 -1  1  1  1  1  1  1  1  1  1  1  1  1  1] [19 26 27 28 29 34 35 36 41 42 44 45 47 50 51 52 53 54 55 60 61] [ 9725  8603  9075 10943 10773  7279  7359 15233  8193  3197  3378  5819
  9783  3545  4415  5418  3163  4774  4652  3761  6246] [] 1716438886.2677681446
[-1 -1  1  1  1  1  1  1  1  1  1  1  1 -1  1  1  1  1  1  1  1 -1  1  1] [18 19 26 27 28 29 34 35 36 41 42 44 45 46 47 50 51 52 53 54 55 57 60 61] [12640  9781  8545  8897 10907 10682  7180  7333 14160  6945  2971  3166
  5724 10787  7677  3163  4227  5272  3033  4562  4449 15580  3607  6187] [] 1716438886.3107497692
[ 1  1  1  1  1  1  1  1 -1  1  1  1  1  1  1  1  1  1  1  1  1  1  1 -1] [18 19 26 27 28 29 34 35 36 41 42 44 45 46 47 50 51 52 53 54 55 57 60 61] [11448  9415  8387  8768 10055 10419  7061  7047 14285  5749  2805  3078
  5708  9485  6253  3056  4036  5175  2917  4438  4265 14131  3515  6197] [] 1716438886.3537209034
[-1 -1  1 -1 -1  1  1 -1  1  1  1  1  1  1  1  1  1  1  1  1  1  1  1  1
 -1  1 -1 -1] [11 18 19 21 26 27 28 29 34 35 36 41 42 44 45 46 47 50 51 52 53 54 55 57
 59 60 61 62] [10492 11612  7838 12528  8503  8216  9678 10598  5513  6982 13766  5446
  2676  3071  5665  9224  5858  2970  3823  4927  2860  4324  4168 13447
 12527  3497  6203 14021] [] 1716438886.3964931965
[ 1  1  1  1  1  1  1  1  1  1  1  1  1  1  1  1  1  1  1  1  1  1  1  1
  1  1 -1  1] [11 18 19 21 26 27 28 29 34 35 36 41 42 44 45 46 47 50 51 52 53 54 55 57
 59 60 61 62] [ 9882 11476  7700 11449  8421  8095  8244 10347  5375  6927 13640  4688
  2588  2988  5650  8951  5417  2943  3764  4880  2796  4011  4111 10629
  9483  3463  6243  9989] [] 1716438886.4397928715
[ 1 -1  1  1  1  1  1  1 -1  1 -1  1  1  1  1  1  1  1  1  1  1  1  1  1
  1  1 -1  1] [11 18 19 21 26 27 28 29 34 35 36 41 42 44 45 46 47 50 51 52 53 54 55 57
 59 60 61 62] [ 9589 11564  6841 11169  8404  7621  6903 10238  5400  6857 13657  3886
  2454  2861  5604  8535  4915  2766  3442  4715  2726  3703  3909  7947
  8570  3295  6258  8682] [] 1716438886.4827587605
[ 1  1  1  1  1  1  1 -1  1 -1  1  1  1  1  1  1  1  1  1  1  1  1  1  1
  1  1 -1  1] [11 18 19 21 26 27 28 29 34 35 36 41 42 44 45 46 47 50 51 52 53 54 55 57
 59 60 61 62] [ 9486 11272  5970 10675  8154  7414  5576 10261  4875  6898 12143  3638
  2388  2790  5562  8301  4669  2556  3324  4648  2663  3439  3689  7059
  7497  3254  6319  8124] [] 1716438886.5257353783
[ 1  1  1 -1  1  1 -1  1  1  1  1  1  1  1  1  1  1  1  1  1  1  1  1  1
  1  1  1  1  1] [11 18 19 20 21 26 27 28 29 34 35 36 41 42 44 45 46 47 50 51 52 53 54 55
 57 59 60 61 62] [ 9320 11074  5307 16320 10512  6643  7437  5264  9985  4593  6167 11256
  3352  2289  2703  5548  8158  4249  2426  3277  4478  2642  3170  3552
  6814  6403  3167  6234  8041] [] 1716438886.5688090324
[ 1  1  1  1  1  1 -1  1  1  1  1  1  1  1  1  1  1  1  1  1  1  1  1  1
  1  1  1  1  1] [11 18 19 20 21 26 27 28 29 34 35 36 41 42 44 45 46 47 50 51 52 53 54 55
 57 59 60 61 62] [ 9202 10960  4675 15576 10360  5865  7730  4574  9816  4159  5932 10094
  3195  2235  2623  5528  7394  4082  2356  3206  4356  2622  3086  3476
  5909  5529  3150  6207  7797] [] 1716438886.6116514206
[ 1  1  1  1 -1  1  1  1  1  1  1  1 -1  1  1 -1  1  1  1  1  1  1  1  1
  1  1  1  1  1 -1  1] [11 18 19 20 21 26 27 28 29 34 35 36 38 41 42 43 44 45 46 47 50 51 52 53
 54 55 57 59 60 61 62] [ 9160 10752  4534 15258 10390  5200  7629  4253  7230  3960  5324  9635
 11933  3004  2142 13259  2607  5524  6964  3759  2240  3125  4263  2546
  2935  3372  4951  4780  3013  6234  7553] [] 1716438886.6548044682
[ 1  1  1  1 -1 -1  1  1  1  1  1  1  1  1  1  1  1  1  1  1  1  1  1  1
 -1  1  1  1  1  1  1  1] [11 18 19 20 21 23 26 27 28 29 34 35 36 38 41 42 43 44 45 46 47 50 51 52
 53 54 55 57 59 60 61 62] [ 9155 10580  4242 11120 10415 14375  4513  7431  3861  6815  3759  4959
  8619  9970  2868  2107 12779  2552  5487  6253  3626  2196  3053  4135
  2553  2852  3327  4639  4355  2923  6230  7367] [] 1716438886.6977291107
[ 1  1  1  1 -1  1  1 -1  1  1  1  1  1 -1  1  1  1  1  1  1  1  1  1  1
  1  1  1  1  1  1  1 -1  1] [11 18 19 20 21 23 26 27 28 29 34 35 36 37 38 41 42 43 44 45 46 47 50 51
 52 53 54 55 57 59 60 61 62] [ 9137  7852  4205  8868 10434 13804  4255  7551  3709  5909  3592  4686
  8526 16374  9764  2778  2105 11458  2520  5478  6210  3594  2136  3018
  4039  2519  2727  3258  4234  4154  2842  6247  7349] [] 1716438886.7408845425
[-1  1  1  1  1  1  1  1  1  1  1  1  1  1  1  1  1  1  1  1  1  1  1  1
  1  1  1  1  1  1  1  1  1  1 -1] [ 3 11 18 19 20 21 23 26 27 28 29 34 35 36 37 38 41 42 43 44 45 46 47 50
 51 52 53 54 55 57 59 60 61 62 63] [13994  9077  7425  4076  8476  9887 13740  4149  7219  3537  5748  3343
  4583  7867 15084  6941  2534  2011 10247  2416  5440  6154  3371  2079
  2828  3844  2478  2574  3214  3902  3730  2763  5636  7201 14501] [] 1716438886.7838318348
[ 1  1  1  1  1  1  1  1  1  1 -1  1  1  1  1 -1  1  1  1  1  1  1  1  1
  1  1  1  1  1  1  1  1  1 -1  1 -1] [ 3 11 18 19 20 21 23 26 27 28 29 34 35 36 37 38 41 42 43 44 45 46 47 50
 51 52 53 54 55 57 59 60 61 62 63 64] [ 7817  9025  6784  3761  6951  8102 13641  3807  7211  3191  5787  3107
  4453  6715 14886  6965  2485  1916  9979  2332  5430  6051  3284  1988
  2700  3728  2455  2503  3173  3671  3543  2669  4957  7252 11011 11768] [] 1716438886.8267869949
[ 1  1  1  1 -1 -1  1  1 -1  1  1  1 -1  1  1  1 -1  1  1  1  1 -1  1 -1
  1  1  1  1  1 -1  1  1  1  1  1  1  1] [ 3 11 18 19 20 21 23 26 27 28 29 34 35 36 37 38 41 42 43 44 45 46 47 48
 50 51 52 53 54 55 57 59 60 61 62 63 64] [ 7765  8981  6743  3755  6973  8109 13548  3735  7226  2933  5630  3050
  4543  6296 14795  6860  2492  1903  9757  2313  5413  6129  3251 14944
  1967  2696  3678  2400  2454  3184  3574  3314  2623  4540  6621 10900
 11142] [] 1716438886.8698410988
[ 1 -1  1 -1 -1 -1  1  1  1  1 -1  1  1  1 -1  1  1  1 -1  1 -1  1  1  1
  1  1  1  1  1  1  1  1  1  1  1  1  1] [ 3 11 18 19 20 21 23 26 27 28 29 34 35 36 37 38 41 42 43 44 45 46 47 48
 50 51 52 53 54 55 57 59 60 61 62 63 64] [ 6229  9053  5132  3803  6996  8124 13357  3591  7219  2836  6166  3011
  4226  5931 15138  6250  2375  1798  9768  2255  5463  5468  3143 10250
  1860  2576  3518  2326  2327  3110  3475  3153  2581  3993  5418 10501
 10621] [] 1716438886.9128079414
[ 1  1 -1  1  1 -1  1  1  1  1  1  1  1  1  1  1  1 -1  1  1  1  1  1  1
  1  1  1  1  1  1  1  1 -1  1  1  1  1] [ 3 11 18 19 20 21 23 26 27 28 29 34 35 36 37 38 41 42 43 44 45 46 47 48
 50 51 52 53 54 55 57 59 60 61 62 63 64] [ 5479  7494  5205  3643  6012  8201 13141  3483  6845  2685  4940  2828
  4185  5658 14514  6077  2337  1806  9470  2200  5391  5428  3111  9739
  1854  2538  3256  2300  2290  3052  3403  3080  2589  3844  5225 10247
 10496] [] 1716438886.9557764530
[ 1  1 -1  1 -1  1  1  1  1  1  1  1  1  1  1  1  1  1  1  1  1  1 -1  1
  1  1  1  1  1 -1 -1  1  1  1  1  1  1] [ 3 11 18 19 20 21 23 26 27 28 29 34 35 36 37 38 41 42 43 44 45 46 47 48
 50 51 52 53 54 55 57 59 60 61 62 63 64] [ 5375  7450  5874  3589  6097  8170 13086  3415  6768  2665  4794  2778
  3968  5199 14032  6004  2336  1794  9269  2180  5387  5416  3117  9583
  1830  2519  3140  2277  2285  3088  3447  3045  2535  3705  5185  9562
 10299] [] 1716438886.9988026619
[ 1  1  1  1  1  1  1  1 -1  1  1 -1  1  1 -1 -1  1  1  1  1 -1 -1  1  1
  1  1  1 -1 -1  1  1  1  1  1 -1  1  1] [ 3 11 18 19 20 21 23 26 27 28 29 34 35 36 37 38 41 42 43 44 45 46 47 48
 50 51 52 53 54 55 57 59 60 61 62 63 64] [ 5324  7377  5779  3575  5866  8106 13085  3313  6776  2577  4539  2780
  3949  5166 14332  6050  2298  1775  9170  2174  5445  5455  2993  9450
  1793  2515  3112  2303  2307  3024  3375  3028  2525  3646  5237  9562
 10284] [] 1716438887.0417718887
[-1  1 -1  1 -1  1  1 -1  1 -1 -1  1 -1  1  1  1 -1 -1 -1 -1  1  1 -1 -1
 -1  1 -1  1  1  1  1 -1 -1 -1  1 -1 -1] [ 3 11 18 19 20 21 23 26 27 28 29 34 35 36 37 38 41 42 43 44 45 46 47 48
 50 51 52 53 54 55 57 59 60 61 62 63 64] [ 5343  7345  5807  3555  5914  8096 13069  3333  6695  2584  4575  2759
  4005  5048 14250  5943  2338  1791  9240  2190  5387  5399  3057  9911
  1817  2497  3148  2299  2266  3012  3347  3066  2527  3767  5181 10559
 11014] [] 1716438887.0846512318
[ 1 -1  1  1 -1  1  1  1  1 -1 -1  1 -1  1 -1 -1  1 -1 -1  1  1  1 -1 -1
  1 -1 -1 -1 -1 -1 -1 -1 -1 -1 -1 -1  1] [ 3 11 18 19 20 21 23 26 27 28 29 34 35 36 37 38 41 42 43 44 45 46 47 48
 50 51 52 53 54 55 57 59 60 61 62 63 64] [ 5280  7502  5775  3537  6143  8091 13029  3331  6665  2606  4696  2758
  4007  5038 14418  6253  2304  1798  9607  2182  5340  5373  3079 14234
  1787  2575  3220  2317  2286  3054  3431  3113  2538  4054  5629 10982
 10808] [] 1716438887.1277358532
[-1 -1 -1 -1 -1 -1  1 -1  1 -1 -1 -1 -1 -1  1 -1 -1 -1 -1 -1  1 -1 -1 -1
  1 -1 -1 -1  1 -1 -1 -1 -1 -1  1 -1] [ 3 11 18 19 20 21 23 26 27 28 29 34 35 36 37 38 41 42 43 44 45 46 47 50
 51 52 53 54 55 57 59 60 61 62 63 64] [ 5335  8948  5894  3615  6788  8172 13005  3461  6576  2649  5168  2783
  4018  5583 14016  6372  2352  1835  9652  2200  5302  5589  3109  1819
  2565  3253  2335  2354  3037  3538  3220  2559  4610  6649 10814 14250] [] 1716438887.1707620621
[-1  1 -1 -1 -1  1 -1 -1 -1 -1  1 -1 -1 -1 -1 -1 -1 -1  1 -1 -1 -1 -1 -1
 -1 -1 -1  1 -1 -1 -1 -1 -1 -1  1] [ 3 11 18 19 20 21 23 26 27 28 29 34 35 36 37 38 41 42 43 44 45 46 47 50
 51 52 53 54 55 57 59 60 61 62 63] [ 5882  8859  6637  3707  6815  8043 13007  3545  7021  2804  5122  2829
  4057  5691 14317  6990  2368  1871  9617  2212  5398  5931  3170  1843
  2586  3334  2359  2342  3077  3590  3356  2567  5159  6859 10671] [] 1716438887.2138371468
[-1 -1 -1 -1 -1 -1 -1 -1 -1 -1 -1 -1 -1 -1 -1 -1 -1 -1 -1 -1 -1 -1 -1 -1
 -1 -1 -1  1 -1 -1 -1 -1 -1 -1 -1 -1] [ 3 10 11 18 19 20 21 23 26 27 28 29 34 35 36 37 38 41 42 43 44 45 46 47
 50 51 52 53 54 55 57 59 60 61 62 63] [11817 16228  8891  6727  3753  7263  8108 13096  3749  7071  2852  5781
  2890  4279  5901 14448  8070  2489  1910  9717  2270  5409  5986  3384
  1894  2696  3518  2340  2415  3206  3853  3650  2671  6269  6974 10756] [] 1716438887.2567827702
[-1 -1 -1 -1 -1 -1 -1 -1 -1 -1 -1 -1 -1 -1  1 -1 -1 -1 -1 -1 -1 -1 -1 -1
 -1 -1 -1 -1 -1 -1 -1 -1  1 -1 -1] [ 3 11 18 19 20 21 23 26 27 28 29 34 35 36 37 38 41 42 43 44 45 46 47 50
 51 52 53 54 55 57 59 60 61 62 63] [14974  8965  6899  3917  7750  8137 13276  3925  7304  2974  5912  3003
  4391  6366 14241 10663  2733  1961  9860  2296  5436  6072  3507  1989
  2805  3670  2410  2518  3292  4059  3988  2767  6221  7427 10959] [] 1716438887.2997224331
[-1 -1 -1 -1 -1 -1 -1 -1  1 -1 -1 -1 -1 -1 -1 -1 -1 -1 -1 -1 -1 -1 -1 -1
 -1 -1 -1  1 -1 -1 -1 -1 -1  1 -1 -1] [10 11 18 19 20 21 23 26 27 28 29 33 34 35 36 37 38 41 42 43 44 45 46 47
 50 51 52 53 54 55 57 59 60 61 62 63] [16128  9040  8806  4097  8111  8141 13551  4447  7299  3297  6052 12844
  3570  4599  7329 14376 10687  2810  2005 11650  2311  5439  6244  3761
  2067  2876  3703  2404  2587  3433  4255  4698  2815  6205  7494 11191] [] 1716438887.3427932262
[ 1 -1 -1 -1  1 -1 -1 -1 -1 -1 -1 -1 -1  1 -1 -1 -1 -1 -1 -1 -1 -1 -1 -1
 -1 -1 -1 -1 -1 -1 -1  1 -1] [11 18 19 20 21 23 26 27 28 29 34 35 36 37 38 41 42 43 44 45 46 47 50 51
 52 53 54 55 57 59 60 61 62] [ 8937 10549  4174 10544  8055 15012  4585  7313  3506  6211  3574  4675
  7635 14277 15401  3151  2074 12098  2395  5469  7944  4101  2120  3043
  3709  2462  2729  3528  4715  6267  2885  6155  7733] [] 1716438887.3858306408
[-1 -1 -1 -1 -1 -1 -1 -1 -1 -1  1 -1  1 -1 -1 -1 -1  1 -1 -1 -1 -1 -1 -1
 -1 -1 -1 -1  1 -1] [11 18 19 20 21 26 27 28 29 34 35 36 37 41 42 44 45 46 47 50 51 52 53 54
 55 57 59 60 61 62] [ 9049 10874  4335 11144 10063  5589  7358  3953  9257  3775  4670  8183
 14195  3351  2114  2463  5485  7834  4524  2210  3090  3807  2537  2893
  3708  5721  7953  2935  6147  8008] [] 1716438887.4287464619
[-1 -1 -1 -1 -1 -1 -1 -1 -1 -1 -1 -1 -1 -1 -1 -1 -1 -1 -1 -1 -1 -1 -1 -1
 -1 -1 -1 -1 -1 -1] [11 18 19 20 21 26 27 28 29 34 35 36 37 41 42 44 45 46 47 50 51 52 53 54
 55 57 59 60 61 62] [ 9152 11142  4393 13632 10313  7134  7416  4201  9600  3957  4759  8447
 14911  3612  2219  2532  5500  7961  4981  2367  3157  3963  2597  3120
  3862  6469  9183  2967  6212  8415] [] 1716438887.4717316628
[-1 -1 -1 -1 -1 -1 -1 -1 -1 -1 -1 -1 -1 -1 -1 -1 -1 -1 -1 -1 -1 -1 -1 -1
 -1 -1  1 -1] [11 19 20 21 26 27 28 29 34 35 36 41 42 44 45 46 47 50 51 52 53 54 55 57
 59 60 61 62] [ 9263  4470 13770 10483  7784  7472  4503 10062  4156  5292  9016  3963
  2254  2620  5575  8148  5410  2434  3329  4143  2621  3257  4046  7933
  9326  3039  6177 11771] [] 1716438887.5147137642
[-1 -1 -1 -1 -1 -1 -1 -1 -1 -1 -1 -1 -1 -1 -1 -1 -1 -1 -1 -1 -1 -1 -1 -1
 -1 -1  1] [11 19 20 21 26 27 28 29 34 35 36 41 42 44 45 46 47 50 51 52 53 54 55 57
 59 60 61] [ 9637  5125 14236 10694  8109  7551  5403 10182  4462  5375 10015  4583
  2431  2696  5606  8289  6302  2563  3438  4169  2678  3382  4192  9786
 16012  3042  6106] [] 1716438887.5577425957
[-1 -1 -1 -1 -1 -1 -1 -1 -1 -1 -1 -1  1 -1 -1 -1 -1 -1 -1 -1 -1 -1 -1 -1] [19 21 26 27 28 29 34 35 36 41 42 44 45 46 47 50 51 52 53 54 55 57 60 61] [ 7094 11000  8183  7775  6094 10322  5155  6354 11526  5366  2508  2785
  5559 11322  8283  2655  3493  4289  2716  3647  4556 10673  3135  6118] [] 1716438887.6005282402
[-1 -1 -1 -1 -1 -1 -1 -1 -1 -1 -1 -1 -1 -1 -1 -1 -1 -1 -1 -1 -1 -1 -1 -1] [19 21 26 27 28 29 34 35 36 41 42 44 45 46 47 50 51 52 53 54 55 57 60 61] [ 7325 11518  8215  7996  7773 10335  5498  6383 12107  5698  2635  2862
  5594 12572 12895  2732  3608  4369  2764  4120  4778 13136  3246  6130] [] 1716438887.6436641216
[-1 -1 -1 -1 -1 -1 -1 -1 -1 -1 -1 -1 -1 -1 -1 -1 -1 -1 -1 -1] [19 26 27 28 29 34 35 36 41 42 44 45 50 51 52 53 54 55 60 61] [ 9401  8311  8046  8849 10567  6021  6926 12109  7629  2990  3016  5636
  3168  3931  4486  2917  4638  5870  3484  6173] [] 1716438887.6865417957
[-1 -1 -1 -1 -1 -1 -1 -1 -1 -1 -1  1 -1 -1 -1 -1 -1 -1 -1 -1] [19 26 27 28 29 34 35 36 41 42 44 45 50 51 52 53 54 55 60 61] [ 9599  8379  8186 10711 10993  7078  7135 13690  8259  3093  3048  5606
  3262  4012  4586  2956  4725  6141  3533  6231] [] 1716438887.7294905186
[-1 -1  1  1 -1  1 -1 -1 -1 -1 -1 -1 -1 -1 -1 -1 -1 -1 -1] [19 26 27 28 34 35 36 41 42 44 45 50 51 52 53 54 55 60 61] [ 9683  8586  8093 10644  7418  7033 13852  9285  3561  3293  5766  3736
  4475  5118  3114  5358 10273  3840  6308] [] 1716438887.7725260258
[-1 -1 -1 -1 -1  1 -1 -1 -1 -1 -1 -1 -1 -1 -1  1 -1 -1] [19 26 27 28 34 35 36 41 42 44 45 50 51 52 53 54 60 61] [ 9913  9022  8351 10703  7796  7022 14762  9781  3958  3500  5875  3939
  4860  5540  3269  5308  4110  6372] [] 1716438887.8155300617
[-1 -1 -1 -1 -1 -1  1 -1 -1 -1 -1 -1 -1 -1 -1 -1 -1 -1] [19 26 27 28 34 35 36 41 42 44 45 50 51 52 53 54 60 61] [11272 11087  8486 10789  7828  7425 14384 12391  4671  4093  6129  4204
  5740  6162  3487  5501  4484  6529] [] 1716438887.8585269451
[-1 -1 -1 -1 -1 -1 -1 -1 -1 -1 -1 -1 -1 -1 -1 -1 -1] [19 26 27 28 34 35 41 42 44 45 50 51 52 53 54 60 61] [13320 11256  9021 11014  8620  7831 13037  4913  4191  7078  4775  5762
  6432  3593  5639  4603  6557] [] 1716438887.9014573097
[-1 -1 -1 -1  1 -1 -1 -1 -1 -1 -1 -1 -1 -1 -1] [26 27 28 34 35 42 44 45 50 51 52 53 54 60 61] [11288  9656 11207  8745  7614  6952  4678  7368  6193  6963  7998  4037
  6178  6015  6755] [] 1716438887.9443914890
[-1 -1  1 -1 -1 -1 -1 -1 -1 -1 -1 -1 -1 -1 -1] [26 27 28 34 35 42 44 45 50 51 52 53 54 60 61] [11464 13003 11122  9144  9429  6991  4903  7556  6691  7007  8961  4235
  9131  7255  6841] [] 1716438887.9875154495
[-1 -1 -1 -1  1 -1 -1 -1 -1 -1 -1 -1 -1 -1] [27 28 34 35 42 44 45 50 51 52 53 54 60 61] [13184 11238 10404  9584  6881  5447  7999  6811  7495  9630  4810  9851
  9927  7041] [] 1716438888.0304903984
[-1 -1 -1 -1 -1 -1 -1 -1 -1 -1 -1 -1 -1 -1] [27 28 34 35 42 44 45 50 51 52 53 54 60 61] [13612 11531 13269 13284  7159  6120  8348  8301  8298 11847  5413 12730
 14909  7405] [] 1716438888.0734341145
[-1 -1  1 -1  1 -1  1] [42 44 45 50 51 53 61] [8451 7033 8039 8328 8240 5440 7064] [] 1716438888.1163198948
[-1 -1 -1 -1 -1 -1 -1] [42 44 45 50 51 53 61] [ 8899  8882 10673  8837  8427  6210  7496] [] 1716438888.1594536304
[-1 -1 -1 -1 -1 -1 -1] [42 44 45 50 51 53 61] [ 9166 10060 11631  9511  8597  7316  7808] [] 1716438888.2024505138
[ 1 -1 -1 -1 -1 -1 -1] [42 44 45 50 51 53 61] [ 9123 12526 11909  9682  8654  8980  8182] [] 1716438888.2453851700
[ 1 -1  1 -1  1] [42 44 45 50 51] [ 8962 12691 11599  9793  8621] [] 1716438888.2883338928
[-1  1 -1  1] [42 44 45 50] [ 9470 12567 11732  9699] [] 1716438888.3314185143
[-1 -1 -1] [42 44 50] [ 9847 12750  9715] [] 1716438888.3744122982
[-1 -1 -1] [42 44 50] [11571 13027  9761] [] 1716438888.4173562527
[-1  1] [42 50] [12699  9659] [] 1716438888.4602546692
[-1] [50] [9967] [] 1716438888.5033891201
2 2 2 1716438888.6754043102
