FA TAX ADC PRES TS
[-1] [50] [15807] [] 1716440683.0092329979
[1] [50] [10357] [] 1716440683.0521669388
[-1  1] [42 50] [14283 10099] [] 1716440683.0952539444
[ 1 -1  1] [42 44 50] [12752 14274  9333] [] 1716440683.1381258965
[1 1 1] [42 44 50] [12750 12477  9141] [] 1716440683.1812405586
[ 1  1 -1 -1] [42 44 50 52] [ 7873 10718 10237  9505] [] 1716440683.2243030071
[ 1  1  1  1 -1] [42 44 50 52 53] [ 7135  9852  7941  9406 13292] [] 1716440683.2672140598
[ 1  1 -1  1  1 -1] [42 44 45 50 52 53] [ 6671  9052 12743  7226  9393 15730] [] 1716440683.3102715015
[-1  1  1 -1 -1  1 -1] [42 44 45 50 52 53 61] [ 8717  8352 12086  9189  9572  8071  7849] [] 1716440683.3532431126
[1 1 1 1 1 1 1] [42 44 45 50 52 53 61] [ 7876  6555 11981  8854  9198  7921  7473] [] 1716440683.3961596489
[ 1  1  1  1 -1  1  1] [42 44 45 50 52 53 61] [ 6682  5928 11970  8537  9260  7642  7277] [] 1716440683.4392290115
[ 1  1 -1  1 -1  1  1  1] [42 44 45 50 51 52 53 61] [ 5986  5158 12018  8488 10988  9127  7412  7066] [] 1716440683.4822497368
[-1  1  1  1  1  1  1  1] [42 44 45 50 51 52 53 61] [ 6866  4528 11818  7890 10910  8396  7319  6853] [] 1716440683.5253098011
[-1 -1 -1  1  1  1  1  1  1 -1  1] [28 34 42 44 45 50 51 52 53 60 61] [12005 12015  7271  4298 11484  7500  9484  7929  6335  9909  6736] [] 1716440683.5681602955
[1 1 1 1 1 1 1 1 1 1 1] [28 34 42 44 45 50 51 52 53 60 61] [11505 11425  6884  4274 11221  6371  8817  7826  6058  8377  6699] [] 1716440683.6112499237
[-1 -1 -1  1  1  1  1  1  1  1  1  1] [28 34 36 42 44 45 50 51 52 53 60 61] [11581 11535 13123  5921  4028 10326  5847  7885  7694  5727  7154  6579] [] 1716440683.6542541981
[ 1 -1 -1  1  1  1  1  1  1  1 -1 -1  1 -1] [28 34 35 36 42 44 45 50 51 52 53 54 60 61] [11502 11537 15869 13037  5774  3938 10135  5614  7723  7524  5733 12456
  6791  6621] [] 1716440683.6971876621
[-1 -1  1  1  1  1  1  1 -1 -1 -1  1  1  1  1  1  1] [19 27 28 34 35 36 42 44 45 46 50 51 52 53 54 60 61] [10728 13498 11493  9534 15596 12815  4959  3813 10138 11892  5699  7581
  7414  5589 11912  5784  6586] [] 1716440683.7403123379
[ 1  1  1  1  1  1 -1  1  1 -1  1  1  1  1  1  1  1  1] [19 27 28 34 35 36 41 42 44 45 46 50 51 52 53 54 60 61] [10535 13250 11309  9224 15528 12642 11937  4603  3639 10762 11336  4859
  7439  7195  5273 10063  5394  6501] [] 1716440683.7832009792
[ 1 -1 -1 -1  1  1  1  1  1  1  1  1  1 -1  1  1  1  1  1] [19 26 27 28 34 35 36 41 42 44 45 46 50 51 52 53 54 60 61] [10371 11741 13260 11582  9190 15364 12617 11591  4308  3495 10501  9585
  4752  7475  7154  4876  9610  5083  6378] [] 1716440683.8262925148
[ 1  1 -1  1  1 -1  1  1  1  1  1  1  1  1  1  1  1  1  1] [19 26 27 28 34 35 36 41 42 44 45 46 50 51 52 53 54 60 61] [10034 11438 13350 11263  8891 15490 12352 11249  3878  3307  8837  9381
  4018  7242  7017  4723  8047  4764  6357] [] 1716440683.8692517281
[ 1  1 -1 -1 -1  1  1  1  1  1  1  1  1  1  1  1  1  1 -1  1  1] [19 26 27 28 29 34 35 36 41 42 44 45 46 50 51 52 53 54 57 60 61] [ 9704  9415 13388 11292 12896  8883 15141 12213 10579  3357  3154  8733
  8632  3846  6967  6791  4271  7309  9502  4479  6229] [] 1716440683.9122879505
[ 1  1  1 -1  1  1  1  1  1  1  1  1  1  1  1  1  1  1 -1  1  1] [19 26 27 28 29 34 35 36 41 42 44 45 46 50 51 52 53 54 57 60 61] [ 8655  8951 13146 11478 11272  7212 14864  9554  9752  3241  3120  7658
  8368  3630  6629  6521  4171  6506  9843  4466  6094] [] 1716440683.9552075863
[ 1  1 -1  1  1  1  1  1 -1  1  1  1  1  1  1  1  1 -1 -1 -1 -1  1 -1] [19 26 27 28 29 34 35 36 37 41 42 44 45 46 50 51 52 53 54 55 57 60 61] [ 8139  8839 13164 11457 11187  6085 11556  8383 16333  9350  2844  2954
  7545  6616  3402  5588  6364  4179  6514  8418 10675  4244  6110] [] 1716440683.9983594418
[ 1 -1  1  1  1  1  1  1 -1  1  1  1  1  1  1  1  1  1  1  1  1  1  1  1] [19 20 26 27 28 29 34 35 36 37 41 42 44 45 46 50 51 52 53 54 55 57 60 61] [ 6447 15273  8806 10589 11223 10963  5815 11246  8779 14873  7846  2648
  2846  6864  5709  3086  4718  6075  3980  6156  6108  7999  4101  6087] [] 1716440684.0413019657
[-1  1 -1  1  1  1  1  1 -1  1 -1  1  1  1  1  1  1 -1 -1  1  1  1  1  1
  1 -1] [18 19 20 26 27 28 29 34 35 36 37 41 42 44 45 46 50 51 52 53 54 55 57 60
 61 62] [14323  5526 15733  8629 10395 11113 10638  5618 11606  7326 15486  6910
  2530  2786  6767  5648  2937  4754  6083  3867  6045  5552  7094  4040
  6063 14155] [] 1716440684.0843589306
[ 1  1  1  1  1  1 -1  1  1  1  1  1  1  1  1  1  1  1  1  1  1  1  1  1
  1  1] [18 19 20 26 27 28 29 34 35 36 37 41 42 44 45 46 50 51 52 53 54 55 57 60
 61 62] [11406  5310 14402  8543 10357 11059 10759  5549  9428  6697 15467  5240
  2352  2627  5742  5178  2893  4550  5553  3696  5548  4921  6196  3855
  5971 12335] [] 1716440684.1273164749
[ 1  1  1  1  1  1  1  1  1  1  1  1  1 -1  1  1  1  1  1 -1  1  1  1  1
 -1  1  1  1] [18 19 20 26 27 28 29 34 35 36 37 41 42 43 44 45 46 50 51 52 53 54 55 57
 59 60 61 62] [11106  4892 14220  8314 10204 10439  9677  5177  8430  5775 15368  4732
  2240 15041  2577  5053  5055  2757  3986  5588  3551  4942  4493  5626
 13544  3831  5953 11104] [] 1716440684.1703977585
[ 1  1  1  1  1  1  1  1 -1  1  1  1  1  1 -1  1  1 -1  1  1  1  1  1  1
  1  1  1 -1  1] [18 19 20 26 27 28 29 34 35 36 37 41 42 43 44 45 46 47 50 51 52 53 54 55
 57 59 60 61 62] [ 9327  4369 13610  8197  9548  8796  8408  4769  8505  5401 14626  4566
  2198 10993  2584  4852  5037 12685  2682  3915  5463  3377  4922  4309
  5339  9447  3717  5962 10654] [] 1716440684.2133712769
[-1 -1  1  1 -1  1  1 -1  1  1  1 -1  1  1  1  1  1  1  1  1  1  1  1  1
  1  1  1  1  1  1] [11 18 19 20 26 27 28 29 34 35 36 37 41 42 43 44 45 46 47 50 51 52 53 54
 55 57 59 60 61 62] [10192 10880  4359 13496  8251  8973  7708  8416  4683  7866  5339 14666
  4496  2064 10865  2485  4572  4975  6985  2504  3700  4888  3203  4403
  4187  4996  7425  3529  5946  9263] [] 1716440684.2562458515
[ 1  1  1 -1 -1  1  1  1 -1  1  1  1  1  1 -1  1  1  1  1  1  1  1  1  1
  1  1  1  1  1  1  1] [11 18 19 20 21 26 27 28 29 34 35 36 37 41 42 43 44 45 46 47 50 51 52 53
 54 55 57 59 60 61 62] [ 9521 10780  4068 13629 11416  7031  8784  6649  8469  4612  6746  5042
 14358  4116  2071 10345  2402  4356  4895  6052  2450  3530  4855  3140
  4257  4048  4774  6527  3403  5928  9178] [] 1716440684.2993135452
[ 1  1  1  1  1  1  1  1  1 -1 -1  1  1  1  1  1  1  1  1  1  1  1  1  1
  1  1  1  1 -1 -1  1] [11 18 19 20 21 26 27 28 29 34 35 36 37 41 42 43 44 45 46 47 50 51 52 53
 54 55 57 59 60 61 62] [ 9313  8654  3947 13194 10980  6343  8667  6627  7139  4648  6970  4744
 13342  3855  1913 10005  2346  4224  4753  4793  2352  3462  4803  3081
  3870  3693  4321  4691  3446  5942  7511] [] 1716440684.3423163891
[ 1  1  1  1  1  1  1  1  1  1  1  1  1  1  1  1  1  1  1  1  1 -1  1  1
  1  1  1 -1  1 -1  1  1] [11 18 19 20 21 26 27 28 29 34 35 36 37 41 42 43 44 45 46 47 50 51 52 53
 54 55 57 58 59 60 61 62] [ 9281  7620  3785 13048 10802  5975  8616  6083  6526  4515  6586  4714
 13248  3708  1842  9994  2310  4084  4618  4138  2280  3472  4714  3028
  3443  3486  3951 11311  4150  3467  5887  6876] [] 1716440684.3852844238
[-1  1 -1 -1  1  1  1  1  1  1  1 -1  1  1  1  1 -1  1  1  1  1  1  1  1
  1  1  1  1  1  1  1  1  1] [10 11 18 19 20 21 26 27 28 29 34 35 36 37 41 42 43 44 45 46 47 50 51 52
 53 54 55 57 58 59 60 61 62] [14972  9239  7627  3832 12999 10689  5005  8573  5322  5088  4249  6787
  4426 13184  3578  1807 10051  2279  3984  4508  3874  2214  3456  4400
  2958  3314  3353  3555 10675  3931  3311  5853  6585] [] 1716440684.4282984734
[ 1  1  1  1  1  1  1  1  1  1  1  1  1 -1  1  1 -1 -1  1  1  1  1  1  1
  1  1  1  1  1  1  1  1  1] [10 11 18 19 20 21 26 27 28 29 34 35 36 37 41 42 43 44 45 46 47 50 51 52
 53 54 55 57 58 59 60 61 62] [14784  9153  6621  3796 12659 10539  4259  7021  4884  4936  4074  6071
  4335 13506  3245  1699 10147  2287  3783  4452  3376  2102  3383  4248
  2910  3092  3239  3401 10467  3431  3295  5784  6110] [] 1716440684.4713430405
[ 1  1  1  1  1 -1  1  1  1  1  1  1  1  1 -1  1  1  1  1  1 -1  1  1  1
  1  1  1  1  1  1  1  1  1  1] [10 11 18 19 20 21 26 27 28 29 34 35 36 37 38 41 42 43 44 45 46 47 50 51
 52 53 54 55 57 58 59 60 61 62] [12794  9147  6143  3648 11898 10558  3685  6763  4333  4810  3820  5800
  3739 11156 12572  3024  1658 10014  2216  3648  4575  3168  1955  3125
  4020  2751  3005  3144  3215 10211  3178  3175  5776  5155] [] 1716440684.5144391060
[-1  1 -1  1  1  1  1  1  1  1  1  1  1  1  1  1  1  1  1  1  1  1  1  1
  1  1  1  1  1  1  1  1  1 -1  1] [ 3 10 11 18 19 20 21 26 27 28 29 34 35 36 37 38 41 42 43 44 45 46 47 50
 51 52 53 54 55 57 58 59 60 61 62] [10521 11321  9179  5219  3568 11738 10472  3524  6659  4040  4786  3160
  5469  3598 10604 11418  2909  1626  9965  2164  3608  4523  3056  1930
  3093  3929  2652  2962  3028  3159 10043  3049  3087  5785  4573] [] 1716440684.5573976040
[ 1  1  1  1  1 -1  1  1  1  1  1  1  1  1 -1  1  1  1 -1  1  1  1  1  1
  1  1  1  1  1  1  1  1  1 -1  1 -1] [ 3 10 11 18 19 20 21 26 27 28 29 34 35 36 37 38 41 42 43 44 45 46 47 50
 51 52 53 54 55 57 58 59 60 61 62 63] [ 8577  9768  8519  4679  3490 11843 10267  3403  6239  3765  4720  2953
  5282  3512 10801 10592  2740  1601 10000  2129  3409  4387  3008  1881
  2920  3834  2512  2749  2966  2999  9959  2932  2967  5816  4159 14336] [] 1716440684.6002531052
[ 1  1  1  1  1  1  1  1  1  1  1  1  1  1  1  1 -1  1 -1  1  1  1  1  1
  1  1  1  1  1  1  1  1  1 -1  1  1] [ 3 10 11 18 19 20 21 26 27 28 29 34 35 36 37 38 41 42 43 44 45 46 47 50
 51 52 53 54 55 57 58 59 60 61 62 63] [ 5852  9345  8387  4461  3316 11710 10201  3217  6072  3445  4674  2835
  5082  3436  9427 10315  2759  1585 10033  2126  3356  4307  2916  1830
  2791  3699  2479  2702  2936  2972  9417  2895  2871  5862  4127 12032] [] 1716440684.6433222294
[ 1  1  1  1 -1  1  1  1  1  1 -1  1  1  1  1  1  1  1  1  1  1  1  1 -1
  1  1 -1  1  1  1 -1  1 -1  1  1  1] [ 3 10 11 18 19 20 21 26 27 28 29 34 35 36 37 38 41 42 43 44 45 46 47 50
 51 52 53 54 55 57 58 59 60 61 62 63] [ 5798  8980  8361  4371  3318  9683 10184  3189  6023  3320  4685  2779
  5079  3399  9411 10214  2712  1566  9947  2105  3353  4258  2896  1832
  2760  3645  2488  2686  2924  2963  9427  2866  2895  5810  4031  9798] [] 1716440684.6863687038
[ 1  1 -1 -1  1  1 -1  1  1  1  1  1  1  1  1 -1  1 -1  1  1  1  1  1  1
 -1 -1 -1  1  1 -1  1  1  1 -1  1  1] [ 3 10 11 18 19 20 21 26 27 28 29 34 35 36 37 38 41 42 43 44 45 46 47 50
 51 52 53 54 55 57 58 59 60 61 62 63] [ 5738  8734  8434  4375  3290  9593 10195  3182  5984  3292  4680  2743
  5079  3359  9358 10260  2706  1595  9789  2056  3312  4188  2888  1825
  2780  3646  2497  2673  2916  2983  9395  2844  2855  5814  3941  9517] [] 1716440684.7293708324
[ 1 -1  1 -1 -1  1  1  1 -1  1  1 -1 -1  1  1  1  1  1 -1 -1 -1  1  1 -1
  1  1  1  1  1  1  1 -1  1  1 -1 -1] [ 3 10 11 18 19 20 21 26 27 28 29 34 35 36 37 38 41 42 43 44 45 46 47 50
 51 52 53 54 55 57 58 59 60 61 62 63] [ 5698  8766  8333  4407  3314  9326 10191  3147  6025  3248  4620  2750
  5446  3318  9165 10230  2688  1560  9817  2070  3321  4162  2872  1828
  2746  3643  2483  2658  2904  2949  9382  2899  2855  5804  3975 10827] [] 1716440684.7722849846
[-1 -1 -1 -1  1 -1  1 -1  1  1  1  1  1  1 -1  1 -1 -1  1 -1  1 -1 -1 -1
 -1  1 -1 -1 -1 -1 -1  1  1 -1 -1 -1] [ 3 10 11 18 19 20 21 26 27 28 29 34 35 36 37 38 41 42 43 44 45 46 47 50
 51 52 53 54 55 57 58 59 60 61 62 63] [ 5751  8948  8342  4427  3296  9565 10179  3207  5912  3240  4611  2735
  5398  3311  9253 10205  2704  1567  9704  2074  3314  4200  2928  1846
  2804  3639  2546  2667  2964  2994  9905  2891  2851  5837  4162 11462] [] 1716440684.8153867722
[-1 -1 -1 -1 -1 -1  1 -1 -1 -1 -1 -1 -1 -1  1 -1 -1 -1 -1 -1 -1 -1 -1 -1
 -1 -1 -1 -1 -1 -1  1 -1 -1  1 -1] [ 3 10 11 18 19 20 21 26 27 28 29 34 35 36 37 38 41 42 43 44 45 46 47 50
 51 52 53 54 55 57 58 59 60 61 62] [ 8311  9334  8364  4455  3297 11661 10090  3219  5932  3305  4623  2764
  5403  3383  9253 10227  2722  1590  9749  2086  3401  4235  3024  1927
  2873  3668  2575  2680  2994  3087  9903  2941  2943  5743  4618] [] 1716440684.8583366871
[-1 -1 -1 -1 -1 -1  1 -1 -1 -1  1 -1 -1 -1 -1 -1 -1 -1 -1 -1 -1 -1 -1 -1
 -1 -1 -1 -1 -1 -1 -1 -1 -1 -1 -1 -1] [ 3 10 11 18 19 20 21 26 27 28 29 34 35 36 37 38 41 42 43 44 45 46 47 50
 51 52 53 54 55 57 58 59 60 61 62 63] [15141  9674  8514  4581  3384 11798  9968  3395  5976  3583  4617  2889
  5689  3435  9362 10510  2876  1655  9849  2114  3580  4301  3344  1974
  3126  3833  2716  2818  3228  3221 10093  3186  3159  5818  5706 12935] [] 1716440684.9012403488
[-1 -1 -1 -1 -1 -1 -1 -1 -1 -1 -1 -1 -1 -1 -1 -1 -1 -1 -1 -1 -1 -1 -1 -1
  1 -1  1 -1 -1 -1 -1  1 -1] [10 11 18 19 20 21 26 27 28 29 34 35 36 37 41 42 43 44 45 46 47 50 51 52
 53 54 55 57 58 59 60 61 62] [13356  9018  5551  3446 11859 10128  3563  6044  3773  4636  3115  5769
  3739 10454  3070  1660  9910  2138  3740  4316  3584  2009  3276  3883
  2692  2874  3214  3403 10141  3540  3199  5735  6079] [] 1716440684.9440951347
[-1 -1 -1 -1  1 -1 -1 -1 -1 -1 -1 -1 -1 -1 -1 -1 -1 -1 -1 -1 -1 -1 -1 -1
 -1 -1 -1 -1 -1 -1 -1 -1 -1] [10 11 18 19 20 21 26 27 28 29 34 35 36 37 41 42 43 44 45 46 47 50 51 52
 53 54 55 57 58 59 60 61 62] [13682  9149  5847  3556 11455 10235  3678  6085  4232  4783  3395  5874
  3947 10691  3201  1706 10016  2223  3872  4344  4160  2186  3322  3925
  2822  3068  3425  3622 10623  3863  3319  5737  6228] [] 1716440684.9873385429
[-1 -1 -1 -1 -1 -1 -1 -1 -1 -1 -1 -1 -1 -1 -1  1 -1 -1 -1 -1 -1 -1 -1 -1
 -1 -1 -1 -1 -1 -1 -1] [11 18 19 20 21 26 27 28 29 34 35 36 37 41 42 43 44 45 46 47 50 51 52 53
 54 55 57 59 60 61 62] [ 9164  6143  3656 11701 10334  4089  6153  5103  4813  3575  6099  4074
 11799  3415  1794  9985  2263  3922  4530  5140  2256  3466  4109  2919
  3302  3850  3997  5232  3359  5766  7013] [] 1716440685.0304138660
[-1 -1 -1 -1 -1 -1 -1 -1 -1 -1 -1  1 -1 -1 -1  1 -1 -1 -1 -1 -1  1 -1 -1
 -1 -1 -1 -1  1 -1 -1] [11 18 19 20 21 26 27 28 29 34 35 36 37 41 42 43 44 45 46 47 50 51 52 53
 54 55 57 59 60 61 62] [ 9342  8745  3698 12039 10361  5103  6541  6142  4976  3804  6820  3991
 13098  3495  1817  9943  2299  4104  4605  7871  2303  3458  4249  2942
  3432  4147  4359  6067  3306  5775  7198] [] 1716440685.0734078884
[-1  1 -1 -1 -1 -1 -1  1 -1 -1  1 -1 -1 -1 -1 -1 -1 -1 -1 -1 -1 -1 -1 -1
 -1 -1 -1 -1 -1 -1] [11 18 19 20 21 26 27 28 29 34 35 36 37 41 42 43 44 45 46 50 51 52 53 54
 55 57 59 60 61 62] [ 9527  8726  3837 12154 10528  5789  6728  6028  5998  4361  6498  4246
 13232  3729  1902 10274  2399  4314  4678  2432  3629  4778  3011  3718
  4663  4895  7871  3384  5809  8240] [] 1716440685.1163704395
[-1 -1 -1 -1 -1 -1 -1 -1 -1  1 -1 -1 -1 -1 -1 -1  1 -1 -1 -1 -1  1 -1 -1
 -1 -1 -1 -1 -1] [18 19 20 21 26 27 28 29 34 35 36 37 41 42 43 44 45 46 50 51 52 53 54 55
 57 59 60 61 62] [ 8776  4061 12436 10941  7799  6778  6409  6286  4572  6295  4884 13699
  3948  2000 10583  2521  4148  4821  2642  3758  4920  2996  4119  5242
  5075  9151  3494  5844 10316] [] 1716440685.1593625546
[-1 -1 -1 -1 -1 -1 -1  1 -1 -1 -1 -1 -1 -1 -1 -1 -1 -1 -1 -1 -1 -1 -1 -1
 -1 -1 -1 -1] [18 19 20 26 27 28 29 34 35 36 37 41 42 43 44 45 46 50 51 52 53 54 55 57
 59 60 61 62] [10550  4093 13298  7972  6958  8633  8089  4566  6721  5109 13969  5715
  2144 15693  2628  4583  5363  2764  3849  5159  3248  4692  7610  5738
 11579  3678  5893 12301] [] 1716440685.2022323608
[-1 -1 -1 -1 -1 -1 -1  1  1 -1 -1 -1 -1 -1 -1 -1 -1 -1  1 -1  1 -1  1  1] [19 20 26 27 28 29 34 35 36 37 41 42 43 44 45 46 50 51 52 53 54 57 60 61] [ 4210 13506  8003  7378 10810 10092  4738  6703  4965 14440  7646  2335
 15925  2879  5604  5854  3003  4141  4959  3451  4552  6466  3630  5776] [] 1716440685.2451636791
[-1 -1 -1 -1 -1 -1 -1  1 -1 -1 -1 -1  1 -1 -1 -1 -1 -1 -1 -1 -1 -1 -1] [19 20 26 27 28 29 34 35 36 37 41 42 44 45 46 50 51 52 53 54 57 60 61] [ 4708 14063  8202  8831 11040 10151  4889  6488  5993 15349  7847  2488
  2823  5983  5975  3141  4233  5451  3738  4752  7006  3747  5882] [] 1716440685.2882058620
[-1 -1 -1 -1  1 -1 -1 -1 -1 -1 -1 -1 -1 -1 -1 -1 -1 -1 -1 -1 -1 -1 -1] [19 20 26 27 28 29 34 35 36 37 41 42 44 45 46 50 51 52 53 54 57 60 61] [ 5243 14987  8400  9108 10942 10323  5074  6652  6799 15666 10045  3070
  2979  6997  7385  3430  4971  6404  4081  5057  9791  4285  6071] [] 1716440685.3313207626
[-1 -1 -1 -1 -1 -1 -1 -1 -1  1 -1 -1 -1 -1 -1 -1 -1 -1 -1 -1 -1 -1] [19 26 27 28 29 34 35 36 37 41 42 44 45 46 50 51 52 53 54 57 60 61] [ 7230  8807 11050 11091 11413  5778  7974  9215 15851  9606  3512  3221
  7334  7578  3741  4997  6729  4158  5374  9937  4450  6109] [] 1716440685.3742809296
[-1 -1 -1  1 -1 -1  1 -1 -1 -1 -1 -1 -1 -1 -1 -1 -1 -1 -1 -1 -1] [19 26 27 28 34 35 36 37 41 42 44 45 46 50 51 52 53 54 57 60 61] [ 9351  9215 11366 10870  6769  8067  8547 15999 11348  4008  3311  7485
 13460  3986  5420  6926  4809  8771 10421  5883  6142] [] 1716440685.4172546864
[-1 -1 -1 -1 -1 -1 -1 -1 -1  1 -1 -1 -1 -1 -1  1 -1] [19 27 28 34 35 36 41 42 44 45 50 51 52 53 54 60 61] [10071 12920 10995  7799 10046 12459 12901  5292  4130  6308  5455  5753
  9121  5173 12237  5730  6470] [] 1716440685.4603240490
[-1 -1  1 -1 -1 -1 -1 -1  1 -1  1  1 -1  1  1] [27 28 34 35 36 42 44 45 50 51 52 53 54 60 61] [13511 11463  7313 10475 14020  5346  4183  6466  5240  5784  8232  4757
 12267  5519  6455] [] 1716440685.5032937527
[-1 -1  1 -1 -1 -1 -1 -1 -1 -1 -1 -1 -1] [28 34 35 36 42 44 45 50 51 52 53 60 61] [11632  8948 10069 14099  5369  4430  6730  5676  8307 11886  5097  9409
  6534] [] 1716440685.5462679863
[ 1  1 -1 -1 -1 -1 -1  1 -1 -1 -1] [28 35 42 44 45 50 51 52 53 60 61] [11565  9862  6848  4994  7399  6074  8913 10981  5564  9918  6853] [] 1716440685.5892481804
[-1 -1 -1 -1 -1 -1 -1 -1 -1] [35 42 44 45 50 51 52 53 61] [11525  7059  5944 10885  9186 10903 11665  7142  7152] [] 1716440685.6322872639
[-1 -1 -1 -1 -1 -1 -1] [42 44 45 50 51 53 61] [ 7246  6116 11067  9321 15611  8341  7362] [] 1716440685.6753296852
[-1 -1 -1 -1 -1] [42 44 45 50 61] [ 8852  9972 11213  9426  7519] [] 1716440685.7182450294
[-1 -1 -1 -1] [42 44 45 50] [11792 10454 11693  9595] [] 1716440685.7612564564
[-1  1  1] [42 44 50] [12269 10250  9523] [] 1716440685.8042461872
[-1 -1 -1] [42 44 50] [12793 14127  9974] [] 1716440685.8472728729
[ 1 -1] [42 50] [12697 10111] [] 1716440685.8903126717
2 2 2 1716440686.1154274940
