FA TAX ADC PRES TS
[-1] [50] [10277] [] 1716440678.4941792488
[1] [50] [10189] [] 1716440678.5371465683
[-1 -1] [42 50] [12706 10245] [] 1716440678.5801920891
[1 1] [42 50] [12173  9857] [] 1716440678.6231639385
[-1 -1  1] [42 44 50] [12301 13028  9829] [] 1716440678.6661734581
[1 1 1] [42 44 50] [12097 10331  9730] [] 1716440678.7091886997
[ 1 -1 -1 -1 -1] [42 44 45 50 61] [ 8737 10493 12228  9861  7500] [] 1716440678.7521409988
[ 1  1  1  1 -1 -1] [42 44 45 50 53 61] [ 7375  9449 12089  9777 10086  7582] [] 1716440678.7952730656
[ 1  1  1 -1 -1  1  1] [42 44 45 50 51 53 61] [ 7152  9017 11822  9791 15184  9860  7495] [] 1716440678.8383023739
[ 1  1  1 -1  1  1  1] [42 44 45 50 51 53 61] [ 6706  7455 11541  9801 11207  7930  7427] [] 1716440678.8813035488
[ 1  1  1  1  1 -1  1  1] [42 44 45 50 51 52 53 61] [ 6214  6489 11531  9691 10993 12324  6614  7352] [] 1716440678.9242949486
[ 1  1  1  1  1  1  1 -1  1] [42 44 45 50 51 52 53 60 61] [ 6178  5818  9933  9599 10867 10091  5972 11764  7243] [] 1716440678.9672167301
[1 1 1 1 1 1 1 1 1] [42 44 45 50 51 52 53 60 61] [ 6071  5535  8266  9393 10782  9526  5604  8831  6887] [] 1716440679.0100769997
[-1 -1  1  1  1  1  1  1  1  1] [35 42 44 45 50 51 52 53 60 61] [11940  6310  5331  7871  8098 10614  9379  5226  7167  6591] [] 1716440679.0532438755
[-1  1 -1  1  1  1  1 -1  1  1 -1  1  1] [28 35 41 42 44 45 50 51 52 53 57 60 61] [12306 11643 13631  6088  4821  7669  7809 10788  7300  4797  9974  6090
  6444] [] 1716440679.0961208344
[ 1 -1  1  1  1  1  1  1  1  1  1  1  1  1] [28 34 35 41 42 44 45 50 51 52 53 57 60 61] [11646 12548 11119 12717  5719  4708  7660  7223 10666  6786  4662  9946
  5891  6366] [] 1716440679.1393120289
[-1  1  1 -1 -1  1  1  1  1  1  1  1  1 -1 -1  1  1] [27 28 34 35 36 41 42 44 45 50 51 52 53 54 57 60 61] [16260 11439  9447 11139 16151 12356  4881  4476  7004  6386 10337  6574
  4384 12159 14455  5506  6334] [] 1716440679.1823093891
[ 1 -1  1  1  1  1  1  1  1  1  1  1  1  1  1  1] [27 28 34 35 41 42 44 45 50 51 52 53 54 57 60 61] [15488 11552  8333 11039 12006  4330  4146  6449  5760 10256  6286  4184
 11862 13616  5241  6283] [] 1716440679.2252864838
[ 1  1  1  1 -1  1  1  1  1 -1  1  1  1  1  1 -1  1  1] [27 28 34 35 36 41 42 44 45 46 50 51 52 53 54 57 60 61] [15227 11331  7832 10786 14228  8216  4051  3934  6431 11557  5515 10251
  6115  4055 11753 13794  4947  6195] [] 1716440679.2682175636
[-1  1  1 -1  1  1  1  1  1  1  1  1  1  1  1  1  1  1  1] [26 27 28 34 35 36 41 42 44 45 46 50 51 52 53 54 57 60 61] [11904 12097 11330  7954 10568 13335  7921  3775  3775  6300  8701  4743
 10175  5966  3858 11356 12900  4591  6182] [] 1716440679.3113329411
[-1  1  1 -1  1  1  1  1  1  1  1  1  1 -1  1  1  1  1  1  1] [19 26 27 28 34 35 36 41 42 44 45 46 50 51 52 53 54 57 60 61] [11091 11159 11490 11407  7675 10051 10074  7763  3536  3614  6188  8454
  4452 10418  5870  3656  9898  9959  4461  6068] [] 1716440679.3543777466
[1 1 1 1 1 1 1 1 1 1 1 1 1 1 1 1 1 1 1 1] [19 26 27 28 34 35 36 41 42 44 45 46 50 51 52 53 54 57 60 61] [10257  9376 11377 11186  6840 10038  9530  7685  3334  3515  6116  8451
  3931 10304  5734  3620  9719  8492  4148  6032] [] 1716440679.3973004818
[ 1  1 -1  1  1  1  1  1  1  1  1  1  1  1  1  1  1  1  1  1] [19 26 27 28 34 35 36 41 42 44 45 46 50 51 52 53 54 57 60 61] [10078  9196 11384 11023  6095  9145  9322  7108  2979  3325  6062  7150
  3663  8106  5548  3486  6634  6731  3875  6018] [] 1716440679.4401912689
[ 1  1 -1 -1 -1  1  1  1  1  1  1  1  1  1  1 -1  1  1 -1  1  1  1] [19 26 27 28 29 34 35 36 41 42 44 45 46 50 51 52 53 54 55 57 60 61] [ 7402  8851 11612 11179 11384  5464  7877  8455  6952  2743  3200  5303
  7057  3559  7875  5589  3270  6454 13731  5793  3756  6001] [] 1716440679.4833602905
[ 1 -1  1  1  1  1  1  1  1  1  1  1  1  1  1  1  1  1  1  1  1  1 -1 -1] [19 20 26 27 28 29 34 35 36 41 42 44 45 46 50 51 52 53 54 55 57 60 61 62] [ 6084 15662  8613 11463 10997 11277  5216  7648  7417  5770  2594  3069
  5203  7032  3423  7794  5163  3178  6284  9604  5189  3375  6017 16246] [] 1716440679.5262899399
[ 1  1  1  1 -1  1  1  1  1  1  1 -1  1  1  1  1 -1  1  1  1  1  1 -1 -1
  1  1] [19 20 26 27 28 29 34 35 36 41 42 43 44 45 46 50 51 52 53 54 55 57 59 60
 61 62] [ 5363 14936  8484 11420 11036 11046  5176  7513  7263  5420  2574 13829
  3000  5090  6923  3328  7898  4888  2999  6118  6763  4413 14720  3483
  6014 12723] [] 1716440679.5693542957
[-1  1  1 -1 -1  1 -1  1  1  1  1  1  1 -1  1  1  1 -1  1  1  1  1  1  1
  1  1  1  1  1] [18 19 20 21 26 27 28 29 34 35 36 41 42 43 44 45 46 47 50 51 52 53 54 55
 57 59 60 61 62] [11494  5123 14472 13478  8497 10949 11075 10765  4823  7381  5924  4764
  2356 13845  2812  4925  6879 15176  3038  4794  4624  2844  5619  5343
  3939 14330  3297  5961 12057] [] 1716440679.6123344898
[ 1  1  1  1  1  1 -1  1  1  1  1  1  1  1  1  1  1  1  1  1  1  1  1  1
  1  1 -1 -1  1] [18 19 20 21 26 27 28 29 34 35 36 41 42 43 44 45 46 47 50 51 52 53 54 55
 57 59 60 61 62] [11244  5045 14376 11650  7463  8509 11077  8947  4763  7306  5823  4582
  2319 13806  2604  4833  5998 12178  2986  4697  4261  2790  5374  5054
  3743  9968  3337  6023  8840] [] 1716440679.6553170681
[ 1  1 -1  1  1  1  1  1  1 -1  1  1  1  1  1  1  1  1  1  1  1  1  1  1
  1  1  1  1  1] [18 19 20 21 26 27 28 29 34 35 36 41 42 43 44 45 46 47 50 51 52 53 54 55
 57 59 60 61 62] [10936  4803 14426 11559  7198  8333 10949  8860  4453  7347  5388  4444
  2176 13776  2499  4575  5895  8186  2727  4620  4000  2687  4971  4532
  3542  6717  3223  5926  8199] [] 1716440679.6982793808
[ 1  1  1  1  1  1  1  1  1  1  1 -1  1  1  1  1  1  1  1  1  1  1  1  1
  1  1  1  1  1  1] [18 19 20 21 26 27 28 29 34 35 36 38 41 42 43 44 45 46 47 50 51 52 53 54
 55 57 59 60 61 62] [10791  4398 13909 11054  6679  8254 10277  8591  4269  7276  4634 11727
  4406  2120 13686  2360  4415  5821  5830  2573  4591  3792  2661  3937
  4070  3425  5329  3190  5882  7652] [] 1716440679.7412815094
[-1  1  1  1  1  1  1  1  1 -1  1  1  1  1  1  1  1  1  1  1  1  1  1  1
  1  1  1 -1 -1  1  1 -1  1] [11 18 19 20 21 26 27 28 29 33 34 35 36 38 41 42 43 44 45 46 47 50 51 52
 53 54 55 57 58 59 60 61 62] [10026 10726  4377 13785 10851  5639  8006  6783  7413 12836  4015  7209
  4328 10501  4361  2036 11096  2304  4388  5691  5000  2540  4326  3561
  2649  3766  3746  3448 11068  4624  3167  5938  7058] [] 1716440679.7841815948
[ 1 -1  1  1  1  1  1  1  1  1  1  1  1  1  1  1  1  1  1  1  1  1  1 -1
  1  1  1  1  1  1  1  1  1] [11 18 19 20 21 26 27 28 29 33 34 35 36 38 41 42 43 44 45 46 47 50 51 52
 53 54 55 57 58 59 60 61 62] [ 9663 10760  4245 13631 10732  5181  7912  6450  7257 12727  3878  7196
  4047 10147  4176  1955  9920  2196  4258  5166  4204  2442  4058  3603
  2579  3334  3401  3302 10479  3877  3055  5878  6953] [] 1716440679.8273530006
[ 1 -1  1  1  1  1  1  1  1  1  1  1  1 -1  1  1  1  1  1  1  1  1  1  1
  1  1  1  1  1  1  1  1  1  1] [11 18 19 20 21 26 27 28 29 33 34 35 36 37 38 41 42 43 44 45 46 47 50 51
 52 53 54 55 57 58 59 60 61 62] [ 9433 10776  4078 13367 10532  4803  7705  4933  6980 12674  3528  6917
  3698 16358 10072  3960  1885  9647  2170  4124  5064  3834  2363  3924
  3375  2487  3173  3271  3174 10397  3529  2939  5829  6808] [] 1716440679.8703079224
[ 1  1  1  1  1  1  1  1  1  1  1  1  1  1  1  1  1  1  1 -1  1  1  1  1
  1  1  1  1  1  1  1  1  1  1] [11 18 19 20 21 26 27 28 29 33 34 35 36 37 38 41 42 43 44 45 46 47 50 51
 52 53 54 55 57 58 59 60 61 62] [ 9233 10568  3947 13147 10399  4598  7469  4573  5530 12630  3358  6444
  3482 12261  8808  3747  1810  9227  2163  4125  4859  3520  2237  3838
  3324  2396  3042  3184  3060 10237  3280  2831  5790  6502] [] 1716440679.9132752419
[-1 -1  1  1 -1 -1  1  1  1  1 -1  1  1  1  1  1  1  1  1  1  1  1  1  1
  1 -1  1  1  1  1  1  1  1  1  1] [11 18 19 20 21 23 26 27 28 29 33 34 35 36 37 38 41 42 43 44 45 46 47 50
 51 52 53 54 55 57 58 59 60 61 62] [ 9240 10608  3888 12927 10543 13989  4107  6598  4515  5260 12743  3207
  6382  3425 11978  8642  3590  1714  8373  2118  3605  4823  3360  2060
  3376  3389  2247  2990  2924  2847 10082  3116  2663  5766  5618] [] 1716440679.9561622143
[-1  1  1  1  1 -1  1  1  1  1 -1  1  1 -1  1  1  1  1  1  1  1  1  1  1
  1  1  1  1  1  1  1  1  1  1  1  1] [10 11 18 19 20 21 23 26 27 28 29 33 34 35 36 37 38 41 42 43 44 45 46 47
 50 51 52 53 54 55 57 58 59 60 61 62] [14580  9084  8938  3792 12871 10793 13611  3973  6392  3895  5359 12693
  3071  6447  3244 11818  8557  3526  1676  8324  2064  3262  4715  3152
  2020  3241  3322  2197  2782  2885  2773  9975  2984  2551  5753  5247] [] 1716440679.9993963242
[ 1  1  1  1  1 -1  1  1  1  1  1  1  1  1  1  1  1  1  1  1  1  1  1  1
  1  1  1  1  1  1  1  1  1  1 -1  1 -1] [10 11 18 19 20 21 23 26 27 28 29 33 34 35 36 37 38 41 42 43 44 45 46 47
 50 51 52 53 54 55 57 58 59 60 61 62 63] [11676  9050  8828  3712 12566 10896 13280  3815  6383  3606  4443 12607
  2810  5817  3135 10139  6830  3474  1618  8256  1996  3019  4663  2944
  1920  3042  3307  2170  2739  2824  2698  9951  2785  2459  5831  4492
  9619] [] 1716440680.0423591137
[-1  1  1  1  1  1 -1  1  1 -1  1  1  1  1  1  1 -1  1  1  1  1  1  1 -1
  1  1  1  1  1  1  1  1 -1  1  1  1  1  1] [ 3 10 11 18 19 20 21 23 26 27 28 29 33 34 35 36 37 38 41 42 43 44 45 46
 47 50 51 52 53 54 55 57 58 59 60 61 62 63] [15008 11581  9033  8670  3576 12455 10936 13070  3725  6591  3435  4007
 12524  2589  5609  2948 10397  6045  3261  1591  7735  1964  2788  4840
  2864  1862  2984  3195  2126  2506  2692  2647  9961  2674  2375  5771
  4107  8474] [] 1716440680.0854039192
[ 1  1  1 -1  1 -1  1 -1  1  1  1  1  1  1  1  1  1  1  1  1  1  1  1  1
  1  1  1  1 -1  1  1  1 -1  1  1  1  1  1] [ 3 10 11 18 19 20 21 23 26 27 28 29 33 34 35 36 37 38 41 42 43 44 45 46
 47 50 51 52 53 54 55 57 58 59 60 61 62 63] [ 7999 11456  9019  8694  3532 12487 10842 13232  3541  6168  3186  3876
 11572  2501  5595  2799  8782  5311  3230  1531  7725  1935  2718  4832
  2784  1845  2926  3072  2157  2505  2633  2568 10009  2671  2351  5101
  4029  8281] [] 1716440680.1282677650
[ 1  1  1 -1  1  1  1 -1  1  1  1 -1  1  1  1  1  1  1  1 -1  1  1  1  1
  1  1 -1  1  1  1  1  1  1  1  1  1  1  1] [ 3 10 11 18 19 20 21 23 26 27 28 29 33 34 35 36 37 38 41 42 43 44 45 46
 47 50 51 52 53 54 55 57 58 59 60 61 62 63] [ 7866 10800  8960  8851  3472 12283 10738 13378  3322  5757  3102  3880
 11568  2345  5371  2680  8418  5251  3178  1535  7565  1896  2687  4832
  2736  1814  2943  2930  2105  2470  2623  2537  9322  2601  2351  4759
  3957  8255] [] 1716440680.1713764668
[ 1 -1  1  1  1  1  1 -1  1 -1  1  1  1 -1  1  1  1  1  1  1 -1 -1  1 -1
  1  1  1  1  1  1  1  1  1  1 -1  1  1  1] [ 3 10 11 18 19 20 21 23 26 27 28 29 33 34 35 36 37 38 41 42 43 44 45 46
 47 50 51 52 53 54 55 57 58 59 60 61 62 63] [ 7027 10871  8939  7429  3456 12214 10632 13406  3221  5817  3081  3840
 11330  2347  5316  2625  8372  5167  3094  1509  7677  1903  2624  4833
  2724  1768  2856  2894  2070  2426  2566  2517  9207  2576  2367  4660
  3867  7669] [] 1716440680.2144622803
[ 1  1 -1  1  1 -1  1 -1  1  1  1  1 -1  1 -1  1  1 -1  1  1  1  1  1 -1
  1  1  1  1  1  1  1  1  1  1  1 -1  1  1] [ 3 10 11 18 19 20 21 23 26 27 28 29 33 34 35 36 37 38 41 42 43 44 45 46
 47 50 51 52 53 54 55 57 58 59 60 61 62 63] [ 6692 10857  9014  7103  3428 12271 10626 13439  3199  5709  3057  3840
 11440  2321  5343  2599  7983  5207  3076  1500  7595  1888  2614  4855
  2712  1741  2835  2886  2064  2416  2555  2511  9108  2550  2367  4661
  3833  7646] [] 1716440680.2574322224
[-1  1 -1  1  1  1 -1  1  1  1 -1  1  1  1 -1  1  1  1  1 -1  1  1 -1  1
  1 -1 -1  1 -1 -1 -1 -1 -1 -1  1 -1 -1 -1] [ 3 10 11 18 19 20 21 23 26 27 28 29 33 34 35 36 37 38 41 42 43 44 45 46
 47 50 51 52 53 54 55 57 58 59 60 61 62 63] [ 6730 10831  9038  7055  3410 12197 10672 13407  3191  5632  3065  3839
 11365  2312  5361  2592  7780  5196  3072  1519  7585  1872  2657  4780
  2706  1744  2848  2860  2082  2426  2580  2531  9243  2565  2335  4968
  3858  8241] [] 1716440680.3002889156
[-1  1  1 -1 -1  1  1 -1 -1  1  1  1  1 -1  1 -1  1 -1 -1  1 -1 -1 -1 -1
 -1 -1 -1 -1  1 -1 -1 -1 -1 -1 -1 -1 -1 -1] [ 3 10 11 18 19 20 21 23 26 27 28 29 33 34 35 36 37 38 41 42 43 44 45 46
 47 50 51 52 53 54 55 57 58 59 60 61 62 63] [ 6804 10653  8935  7081  3425 12127 10608 13422  3199  5617  3032  3800
 11302  2351  5272  2596  7760  6027  3211  1512  7650  1911  2716  4786
  2868  1765  2920  2962  2068  2480  2629  2590  9929  2612  2363  5820
  4103  8401] [] 1716440680.3433599472
[-1  1 -1 -1 -1  1  1 -1 -1 -1 -1 -1 -1 -1 -1 -1 -1 -1  1 -1  1 -1 -1  1
 -1 -1  1 -1 -1 -1 -1 -1 -1 -1 -1  1 -1 -1] [ 3 10 11 18 19 20 21 23 26 27 28 29 33 34 35 36 37 38 41 42 43 44 45 46
 47 50 51 52 53 54 55 57 58 59 60 61 62 63] [14941 10366  8962  8170  3496 12083 10490 13482  3447  5668  3129  3822
 12561  2415  5355  2749  9593  6814  3206  1534  7585  1962  2796  4775
  2912  1798  2917  3088  2084  2524  2724  2630  9979  2654  2399  5744
  4191  8986] [] 1716440680.3864290714
[-1 -1 -1  1 -1  1  1 -1 -1 -1 -1  1 -1 -1 -1 -1 -1 -1 -1 -1 -1 -1 -1 -1
 -1 -1 -1 -1 -1 -1 -1  1 -1 -1  1 -1] [10 11 18 19 20 21 23 26 27 28 29 33 34 35 36 37 38 41 42 43 44 45 46 47
 50 51 52 53 54 55 57 58 59 60 61 62] [10957  9005  8258  3488 12266 10452 13320  3515  5677  3263  3859 12553
  2473  5400  2823  9715  6907  3311  1607  7936  1973  3045  4806  3148
  1857  3104  3120  2189  2649  2770  2737  9971  2866  2423  5712  4644] [] 1716440680.4293465614
[-1 -1 -1  1  1  1 -1 -1 -1 -1  1 -1 -1 -1 -1 -1 -1 -1  1 -1 -1 -1 -1 -1
 -1  1  1 -1 -1 -1  1 -1 -1 -1 -1] [11 18 19 20 21 23 26 27 28 29 33 34 35 36 37 38 41 42 43 44 45 46 47 50
 51 52 53 54 55 57 58 59 60 61 62] [ 9072  8578  3568 12219 10254 13286  3679  5695  3599  4184 12292  2646
  5439  2984 10785  7037  3413  1635  7895  2020  3326  4862  3408  2011
  3313  3088  2176  2997  2978  2872  9967  3032  2507  5749  5794] [] 1716440680.4723293781
[ 1 -1 -1  1  1 -1 -1 -1 -1 -1  1 -1 -1 -1 -1 -1 -1 -1  1 -1 -1 -1 -1 -1
 -1 -1 -1 -1 -1 -1 -1 -1 -1  1 -1] [11 18 19 20 21 23 26 27 28 29 33 34 35 36 37 38 41 42 43 44 45 46 47 50
 51 52 53 54 55 57 58 59 60 61 62] [ 9004 10324  3660 12115 10226 13866  3917  6150  3870  4249 12248  2710
  5741  3138 12645  8526  3552  1711  7840  2047  3584  4921  3640  2043
  3458  3162  2231  3155  3139  2986  9993  3164  2623  5728  6536] [] 1716440680.5153543949
[-1  1 -1 -1 -1 -1 -1 -1 -1 -1 -1 -1 -1 -1 -1 -1 -1 -1 -1 -1 -1 -1 -1 -1
 -1 -1 -1 -1 -1 -1 -1 -1 -1 -1] [11 18 19 20 21 26 27 28 29 33 34 35 36 37 38 41 42 43 44 45 46 47 50 51
 52 53 54 55 57 58 59 60 61 62] [ 9070 10314  3762 12150 10228  4103  6640  4208  4819 12289  2867  5953
  3224 12695 10013  3913  1771  8156  2120  3924  5007  4320  2121  3632
  3229  2256  3256  3496  3143 10375  3698  2711  5745  6675] [] 1716440680.5583686829
[-1 -1 -1 -1 -1 -1 -1 -1 -1 -1 -1 -1 -1 -1 -1 -1 -1 -1 -1 -1 -1 -1 -1 -1
 -1 -1 -1 -1 -1 -1 -1 -1 -1 -1] [11 18 19 20 21 26 27 28 29 33 34 35 36 37 38 41 42 43 44 45 46 47 50 51
 52 53 54 55 57 58 59 60 61 62] [ 9341 10512  3864 12473 10342  4638  7253  4754  5891 12539  3164  6197
  3410 14509 10032  4066  1862  9393  2167  4026  5644  6028  2393  3892
  3427  2304  3528  4214  3341 10910  4788  2783  5790  6875] [] 1716440680.6013123989
[ 1  1 -1 -1 -1 -1 -1 -1 -1 -1 -1 -1  1 -1  1 -1 -1 -1 -1 -1 -1 -1 -1 -1
 -1 -1 -1 -1 -1 -1 -1 -1] [18 19 20 21 26 27 28 29 33 34 35 36 37 38 41 42 43 44 45 46 47 50 51 52
 53 54 55 57 59 60 61 62] [10474  3820 12693 10457  4844  7505  5639  5990 12844  3414  6327  3782
 14335 10427  4046  1924 11488  2207  4241  5735 13120  2420  4131  3900
  2399  3910  4797  3387  5818  2889  5809  7155] [] 1716440680.6443960667
[-1 -1  1 -1 -1 -1 -1 -1 -1 -1 -1 -1 -1 -1 -1 -1  1 -1 -1 -1 -1 -1 -1 -1
 -1 -1 -1 -1] [18 19 20 21 26 27 28 29 34 35 36 41 42 43 44 45 46 50 51 52 53 54 55 57
 59 60 61 62] [10504  3990 12632 10594  5251  7538  6976  6829  3782  6392  3959  4262
  2012 13497  2312  4566  5669  2563  4325  4021  2466  4458  6036  3541
  7807  2994  5846  8127] [] 1716440680.6873533726
[-1 -1 -1 -1 -1 -1 -1 -1 -1 -1 -1 -1 -1 -1 -1 -1 -1 -1 -1 -1 -1 -1 -1 -1
 -1 -1 -1 -1] [18 19 20 21 26 27 28 29 34 35 36 41 42 43 44 45 46 50 51 52 53 54 55 57
 59 60 61 62] [10720  4291 12660 11003  6375  7690  9433  8419  3978  6428  4516  4672
  2170 13562  2381  4743  6530  2751  4488  4218  2675  4877 11059  4041
  8738  3082  5855 11537] [] 1716440680.7303617001
[-1 -1 -1 -1 -1 -1 -1 -1 -1 -1 -1 -1 -1 -1 -1 -1 -1 -1 -1 -1 -1 -1 -1  1] [19 20 26 27 28 29 34 35 36 41 42 43 44 45 46 50 51 52 53 54 57 59 60 61] [ 4370 13026  7129  7861 10385  8664  4442  6613  5326  5316  2290 13754
  2701  4790  6547  2879  5118  4575  2778  4893  4512 12835  3256  5701] [] 1716440680.7733478546
[-1 -1 -1 -1 -1 -1 -1 -1 -1 -1 -1 -1 -1 -1 -1 -1 -1 -1 -1 -1 -1 -1 -1] [19 20 26 27 28 29 34 35 36 41 42 43 44 45 46 50 51 52 53 54 57 60 61] [ 4957 13380  7675  8165 10767 10321  4768  6818  5479  5454  2520 14481
  2795  4942  6776  3186  5543  4889  2967  5319  5707  3279  5834] [] 1716440680.8163716793
[-1 -1 -1 -1 -1 -1 -1 -1 -1 -1 -1 -1 -1 -1 -1 -1 -1 -1 -1 -1 -1 -1] [19 20 26 27 28 29 34 35 36 41 42 44 45 46 50 51 52 53 54 57 60 61] [ 5330 14542  8380  8548 10887 10975  5109  6985  5774  5852  2666  2916
  5757  7056  3309  5954  5328  3066  6097  6954  3382  5859] [] 1716440680.8593304157
[-1 -1 -1  1 -1  1 -1 -1 -1 -1 -1 -1 -1 -1 -1 -1 -1 -1 -1  1] [19 26 27 28 34 35 36 41 42 44 45 46 50 51 52 53 54 57 60 61] [ 7287  8658  8649 10584  5401  6833  6737  7086  2959  3104  5838  8108
  3668  6757  6061  3291  9050  7817  3527  5857] [] 1716440680.9023120403
[-1 -1 -1 -1 -1 -1 -1 -1 -1 -1 -1 -1 -1 -1  1 -1 -1 -1 -1 -1] [19 26 27 28 34 35 36 41 42 44 45 46 50 51 52 53 54 57 60 61] [ 9948  8985  9187 10722  6198  7007  7438  7832  3206  3452  5982  8975
  4362  9564  5758  3412 11603  9493  3886  5955] [] 1716440680.9453537464
[-1  1 -1 -1 -1 -1 -1 -1 -1 -1 -1 -1 -1 -1 -1 -1 -1] [27 28 34 35 36 41 42 44 45 50 51 52 53 54 57 60 61] [11169 10569  7322  7103  8361  9594  3543  3708  6043  4705  9618  6299
  3604 12336 13286  4309  6001] [] 1716440680.9882256985
[-1 -1 -1 -1 -1 -1 -1 -1 -1 -1  1 -1  1 -1 -1] [27 28 34 35 36 42 44 45 50 51 52 53 57 60 61] [15448 11015  7547  7925  9172  3799  4129  6389  5115 10328  6217  3944
 10571  5137  6117] [] 1716440681.0311484337
[-1 -1 -1 -1 -1 -1 -1 -1  1 -1 -1 -1 -1] [28 34 35 36 42 44 45 50 51 52 53 60 61] [11376  9639  8370 13444  3853  4367  6624  5659 10133  6329  4122  5276
  6183] [] 1716440681.0741806030
[-1  1  1 -1 -1 -1 -1  1 -1 -1 -1 -1] [28 35 36 42 44 45 50 51 52 53 60 61] [11811  8242 13151  4687  4586  7497  6361 10103  6511  4386  6066  6591] [] 1716440681.1171703339
[-1 -1 -1 -1 -1 -1 -1 -1 -1 -1 -1] [35 36 42 44 45 50 51 52 53 60 61] [ 8512 15736  5058  5386 11059  6806 10488  7265  5924 11066  7135] [] 1716440681.1601560116
[-1 -1 -1 -1 -1 -1 -1 -1 -1 -1] [35 42 44 45 50 51 52 53 60 61] [13376  5415  6087 11253  7594 10867  8412  7562 16343  7236] [] 1716440681.2031471729
[-1 -1 -1 -1 -1 -1  1] [35 42 44 45 50 51 61] [14327  8441  7877 11944  7615 16187  7217] [] 1716440681.2461357117
[ 1  1 -1  1] [42 44 50 61] [8353 7806 7645 7144] [] 1716440681.2891054153
[-1 -1 -1] [42 44 50] [11909 12979  9608] [] 1716440681.3320329189
[-1 -1] [42 50] [12763  9867] [] 1716440681.3752522469
[-1 -1] [42 50] [13819 10101] [] 1716440681.4182708263
2 2 2 1716440681.6335258484
