FA TAX ADC PRES TS
[-1] [50] [10037] [] 1716440718.5810484886
[-1 -1] [42 50] [12917 10119] [] 1716440718.6240251064
[1 1] [42 50] [12515  9896] [] 1716440718.6670422554
[-1 -1  1] [42 44 50] [12610 15551  9710] [] 1716440718.7100782394
[ 1  1 -1 -1 -1 -1] [42 44 45 50 52 53] [12020 11235 12440  9757 13821 13526] [] 1716440718.7530784607
[1 1 1 1 1 1] [42 44 45 50 52 53] [11491 10869 11817  9657  9832 13040] [] 1716440718.7960968018
[ 1  1 -1  1  1  1 -1] [42 44 45 50 52 53 61] [ 9515 10833 12072  9656  9111 11086  7891] [] 1716440718.8390269279
[ 1 -1  1  1  1  1 -1] [42 44 45 50 52 53 61] [ 7538 10867 11799  9533  8374  8128  7920] [] 1716440718.8820981979
[ 1 -1  1  1 -1  1  1  1] [42 44 45 50 51 52 53 61] [ 6202 11100 11779  9498 13082  8133  7316  7801] [] 1716440718.9251031876
[-1  1  1  1 -1  1  1  1 -1  1] [36 42 44 45 50 51 52 53 60 61] [14383  6088  9789 11575  9548  9365  6878  6965 14799  7579] [] 1716440718.9680671692
[1 1 1 1 1 1 1 1 1 1] [36 42 44 45 50 51 52 53 60 61] [14271  5686  6851  8904  8110  8936  6634  6198 11512  7119] [] 1716440719.0111143589
[ 1  1  1  1  1 -1 -1  1  1  1] [36 42 44 45 50 51 52 53 60 61] [13830  5386  5686  7961  7830 10831  7499  5530  9933  6883] [] 1716440719.0541050434
[1 1 1 1 1 1 1 1 1 1] [36 42 44 45 50 51 52 53 60 61] [13279  5102  5195  7775  6835 10775  7087  4684  7141  6676] [] 1716440719.0970554352
[-1 -1  1  1  1 -1  1  1  1 -1  1  1] [28 35 42 44 45 50 51 52 53 54 60 61] [11892 11655  4642  4542  6673  7555 10284  6461  4350 12818  6025  6477] [] 1716440719.1400921345
[ 1 -1  1 -1  1  1  1  1  1  1  1  1  1  1] [28 34 35 41 42 44 45 50 51 52 53 54 60 61] [11333 12342 11133 12919  4173  4293  6573  6356  9891  6229  4292 12225
  5725  6439] [] 1716440719.1830525398
[-1 -1  1  1  1  1  1  1  1 -1  1  1  1  1] [28 34 35 41 42 44 45 50 51 52 53 54 60 61] [11487 12453 10764 12583  3944  4278  6507  5669  8276  6303  4093 11961
  5218  6299] [] 1716440719.2260403633
[1 1 1 1 1 1 1 1 1 1 1 1 1 1] [28 34 35 41 42 44 45 50 51 52 53 54 60 61] [11186  8864  9750 12444  3916  3987  6374  5532  8023  6003  3955 11699
  4989  6274] [] 1716440719.2690582275
[-1 -1 -1  1  1 -1  1  1  1 -1 -1  1  1 -1  1  1  1  1] [26 27 28 34 35 36 41 42 44 45 46 50 51 52 53 54 60 61] [12430 11866 11546  8614  9527 15643  9584  3698  3787  6405 10174  4696
  7969  6216  3900 11563  4826  6257] [] 1716440719.3121409416
[-1  1  1  1  1  1  1  1  1  1  1  1  1  1  1  1  1 -1  1  1] [19 26 27 28 34 35 36 41 42 44 45 46 50 51 52 53 54 57 60 61] [10719 11934 11729 11537  7294  8844 14472  9442  3518  3655  6273  9020
  4218  7961  5803  3814  9264 16082  4543  6164] [] 1716440719.3551182747
[1 1 1 1 1 1 1 1 1 1 1 1 1 1 1 1 1 1 1 1] [19 26 27 28 34 35 36 41 42 44 45 46 50 51 52 53 54 57 60 61] [10335 11468 11686 11336  7061  8441 12411  9307  3263  3416  6183  8719
  3986  7903  5643  3622  8735 14349  4261  6084] [] 1716440719.3980774879
[ 1  1  1  1  1  1  1  1  1  1  1  1  1  1 -1  1  1  1  1  1] [19 26 27 28 34 35 36 41 42 44 45 46 50 51 52 53 54 57 60 61] [10168 11099 11412 11210  5454  7953 10879  7846  3097  3305  6178  8443
  3710  5962  5692  3459  7771 11602  3983  6015] [] 1716440719.4411137104
[ 1  1  1  1 -1  1  1  1  1  1  1  1  1  1  1  1  1  1 -1  1  1 -1] [19 26 27 28 29 34 35 36 41 42 44 45 46 50 51 52 53 54 55 57 60 61] [ 7727  9238  9406 11198 11899  5170  7886  9647  7666  2928  3199  6102
  8398  3540  5730  5324  3393  6822 11606 10942  3909  6051] [] 1716440719.4840545654
[ 1  1  1  1  1  1  1  1 -1  1  1  1  1  1  1  1  1  1  1  1 -1  1  1] [19 26 27 28 29 34 35 36 41 42 44 45 46 50 51 52 53 54 55 57 59 60 61] [ 6999  8903  9032 10991 11613  4969  7713  9355  7738  2797  2905  5924
  7270  3476  5478  5184  3308  5870  9478  9569 14731  3862  6016] [] 1716440719.5271887779
[ 1  1  1 -1  1  1  1  1  1  1  1  1  1  1  1  1  1 -1  1  1  1  1  1 -1] [19 26 27 28 29 34 35 36 41 42 44 45 46 50 51 52 53 54 55 57 59 60 61 62] [ 6685  8608  8719 11051 11257  4782  7658  8875  5573  2568  2715  5034
  6190  3256  5017  4772  3068  5928  6047  7659 14343  3696  5940 16285] [] 1716440719.5701391697
[-1  1 -1  1  1  1  1  1  1  1  1  1  1  1  1 -1  1  1  1  1  1  1  1 -1
 -1  1  1] [18 19 20 26 27 28 29 34 35 36 41 42 44 45 46 47 50 51 52 53 54 55 57 59
 60 61 62] [11161  5679 15959  8521  8487 10822 10855  4569  7540  7739  5294  2430
  2624  4908  6112 15651  3183  4824  4583  2942  5595  5357  6611 14459
  3711  5927 14075] [] 1716440719.6132082939
[ 1  1  1 -1  1  1  1  1  1  1  1  1  1 -1  1  1  1  1  1  1  1  1  1  1
  1  1  1  1  1] [18 19 20 21 26 27 28 29 34 35 36 41 42 43 44 45 46 47 50 51 52 53 54 55
 57 59 60 61 62] [10952  5429 15604 12645  8363  8354 10619 10692  4433  7337  7310  4962
  2366 15862  2578  4856  6022 15193  3181  4766  4491  2810  5207  4906
  5570 11243  3380  5916 12951] [] 1716440719.6561920643
[ 1  1  1  1  1  1 -1  1 -1 -1  1  1  1 -1  1  1  1  1  1  1  1  1  1  1
  1  1  1 -1  1] [18 19 20 21 26 27 28 29 34 35 36 41 42 43 44 45 46 47 50 51 52 53 54 55
 57 59 60 61 62] [10852  5039 15083 11897  8284  8256 10982  8903  4454  7442  7136  4828
  2253 16190  2487  4479  5915 12416  2950  4695  3959  2705  4432  4272
  4413  7921  3319  5935  8598] [] 1716440719.6991672516
[ 1  1  1  1  1  1  1  1 -1  1  1  1  1  1  1  1  1  1  1  1  1  1  1  1
  1  1  1  1  1  1] [18 19 20 21 26 27 28 29 33 34 35 36 41 42 43 44 45 46 47 50 51 52 53 54
 55 57 59 60 61 62] [ 9699  4411 14698 11201  7495  7897  9615  8635 13243  4302  7243  6389
  4624  2189 15298  2363  4270  5366  8536  2837  4346  3766  2673  4151
  3911  4183  6527  3250  5931  8419] [] 1716440719.7421727180
[-1  1  1 -1  1  1  1  1  1  1  1  1  1  1  1 -1  1  1  1  1  1  1  1  1
  1  1  1  1  1  1  1] [11 18 19 20 21 26 27 28 29 33 34 35 36 41 42 43 44 45 46 47 50 51 52 53
 54 55 57 59 60 61 62] [10439  9163  4319 14810 10987  7125  7833  7365  8571 12789  4221  7083
  6226  4340  2062 15642  2306  4114  5283  5603  2738  4182  3508  2573
  3930  3707  3855  5643  2971  5867  7983] [] 1716440719.7851066589
[ 1  1  1  1  1  1  1  1  1  1  1  1  1  1  1  1  1  1  1  1  1  1  1  1
  1  1  1  1  1 -1  1] [11 18 19 20 21 26 27 28 29 33 34 35 36 41 42 43 44 45 46 47 50 51 52 53
 54 55 57 59 60 61 62] [ 9620  9086  4173 14420 10637  6531  7812  6491  8401 12745  4012  7038
  6002  4259  1928 11799  2215  3812  5151  4582  2419  3860  3439  2402
  3708  3376  3492  4587  2911  5868  7142] [] 1716440719.8281457424
[ 1  1  1  1 -1  1  1  1  1 -1  1  1  1 -1  1  1  1  1  1  1  1  1  1  1
  1  1  1  1  1 -1  1  1] [11 18 19 20 21 26 27 28 29 33 34 35 36 38 41 42 43 44 45 46 47 50 51 52
 53 54 55 57 59 60 61 62] [ 9440  8963  4023 14093 10663  5375  7572  4861  6537 12754  3784  6990
  5521 12515  3978  1865 10409  2148  3600  5058  4195  2321  3668  3426
  2291  3424  3192  3358  4095  2950  5785  6318] [] 1716440719.8711769581
[ 1  1  1  1  1  1  1  1  1  1  1  1  1 -1  1  1  1  1  1  1  1  1  1  1
  1  1  1  1  1  1  1  1  1] [11 18 19 20 21 26 27 28 29 33 34 35 36 37 38 41 42 43 44 45 46 47 50 51
 52 53 54 55 57 59 60 61 62] [ 9330  8779  3826 13610 10569  4895  7540  4449  6149 12630  3519  6982
  4813 16339 11910  3708  1800  9481  2138  3342  4939  4003  2260  3558
  3346  2246  3200  3088  3219  3755  2827  5744  5681] [] 1716440719.9141113758
[ 1  1  1  1  1 -1  1  1  1  1  1  1  1  1  1  1  1  1 -1  1  1  1  1  1
  1  1 -1  1  1  1 -1  1  1  1  1] [11 18 19 20 21 23 26 27 28 29 33 34 35 36 37 38 41 42 43 44 45 46 47 50
 51 52 53 54 55 57 58 59 60 61 62] [ 9268  8051  3751 13297 10431 14469  4503  7424  4231  5548 12624  3380
  6703  4640 15361 11389  3584  1763  9557  2102  3167  4874  3874  2155
  3468  3161  2271  3018  2986  3171 12599  3506  2751  5739  5476] [] 1716440719.9571251869
[ 1  1 -1 -1 -1  1  1  1  1  1 -1  1  1  1  1  1  1  1  1  1  1 -1  1  1
  1 -1  1  1  1  1  1  1  1  1  1 -1] [11 18 19 20 21 23 26 27 28 29 33 34 35 36 37 38 41 42 43 44 45 46 47 50
 51 52 53 54 55 57 58 59 60 61 62 63] [ 9151  7282  3752 13503 10556 13535  4133  7424  3842  5470 12806  3143
  6534  4003 13514  8987  3540  1717  9141  2076  2969  4979  3572  1986
  3346  3285  2207  2841  2930  3038 11615  3181  2591  5724  5227 15457] [] 1716440720.0001749992
[-1  1  1  1 -1 -1  1  1  1  1  1  1  1 -1  1  1  1  1  1 -1  1  1  1  1
  1  1  1  1  1  1  1  1  1  1  1  1  1] [10 11 18 19 20 21 23 26 27 28 29 33 34 35 36 37 38 41 42 43 44 45 46 47
 50 51 52 53 54 55 57 58 59 60 61 62 63] [15416  9129  7026  3682 13547 10794 13377  3909  7422  3509  5379 12565
  2981  6541  3661 11141  7188  3291  1634  9175  2040  2743  4515  3300
  1944  3170  3214  2101  2598  2763  2919  9648  2973  2559  5710  5067
  6717] [] 1716440720.0432093143
[-1  1  1 -1  1  1 -1 -1  1  1  1  1 -1  1  1  1  1  1  1  1  1  1  1  1
  1  1  1  1  1  1  1  1  1  1  1 -1  1  1] [ 3 10 11 18 19 20 21 23 26 27 28 29 33 34 35 36 37 38 41 42 43 44 45 46
 47 50 51 52 53 54 55 57 58 59 60 61 62 63] [15552 13368  9050  7033  3568 13285 10890 13464  3795  7360  3157  5278
 12666  2742  6174  3342 10820  7013  3249  1593  8573  1994  2617  4382
  3136  1852  3057  3069  2050  2584  2682  2833  9353  2878  2443  5737
  4895  6624] [] 1716440720.0861086845
[ 1  1 -1  1  1  1 -1 -1  1  1  1  1  1  1  1  1  1  1  1  1  1  1  1  1
  1  1  1  1  1  1  1  1  1  1  1  1  1  1] [ 3 10 11 18 19 20 21 23 26 27 28 29 33 34 35 36 37 38 41 42 43 44 45 46
 47 50 51 52 53 54 55 57 58 59 60 61 62 63] [ 9317 12501  9095  6231  3536 13081 11024 13510  3655  7332  3124  5229
 12648  2661  5819  3223 10566  6934  3153  1540  8366  1963  2614  4258
  3084  1790  2926  3050  2028  2495  2621  2780  9224  2747  2391  5720
  4428  6361] [] 1716440720.1291010380
[ 1  1  1  1  1  1  1  1  1 -1  1  1  1  1  1  1  1  1  1  1  1  1  1 -1
  1  1  1  1 -1  1  1  1  1  1  1  1  1 -1] [ 3 10 11 18 19 20 21 23 26 27 28 29 33 34 35 36 37 38 41 42 43 44 45 46
 47 50 51 52 53 54 55 57 58 59 60 61 62 63] [ 7573 12067  6847  5583  3424 10121 10804 13404  3319  7360  2891  4346
 12641  2551  5428  2979  8488  6863  3038  1525  8314  1952  2554  4358
  2984  1752  2853  3004  2083  2401  2619  2726  9067  2677  2367  5702
  4348  6797] [] 1716440720.1721692085
[ 1 -1 -1  1  1  1  1  1  1  1 -1  1 -1  1  1  1 -1  1  1  1 -1 -1 -1  1
  1  1  1 -1  1  1  1  1  1  1 -1 -1  1  1] [ 3 10 11 18 19 20 21 23 26 27 28 29 33 34 35 36 37 38 41 42 43 44 45 46
 47 50 51 52 53 54 55 57 58 59 60 61 62 63] [ 7525 12291  6861  5455  3420 10077 10685 13318  3319  7264  2893  4312
 12670  2467  5330  2927  8761  6820  3006  1510  8324  1957  2572  4179
  2980  1746  2834  3005  2023  2383  2598  2711  8901  2666  2391  5710
  4331  6685] [] 1716440720.2151901722
[ 1 -1  1 -1  1  1 -1 -1 -1  1  1 -1  1  1 -1 -1 -1  1  1  1 -1  1  1 -1
  1  1  1  1  1  1  1  1  1  1  1 -1  1 -1] [ 3 10 11 18 19 20 21 23 26 27 28 29 33 34 35 36 37 38 41 42 43 44 45 46
 47 50 51 52 53 54 55 57 58 59 60 61 62 63] [ 7473 12642  6695  5479  3397  9993 10692 13349  3343  7111  2848  4318
 12660  2434  5348  2955  9213  6811  3003  1502  8353  1957  2538  4190
  2960  1736  2818  2955  2016  2362  2578  2698  8868  2650  2351  5756
  4307  6695] [] 1716440720.2581288815
[ 1  1  1  1  1  1  1 -1  1  1  1  1 -1  1 -1 -1  1  1 -1 -1  1  1 -1 -1
 -1 -1 -1  1  1  1 -1 -1 -1 -1  1  1 -1 -1] [ 3 10 11 18 19 20 21 23 26 27 28 29 33 34 35 36 37 38 41 42 43 44 45 46
 47 50 51 52 53 54 55 57 58 59 60 61 62 63] [ 7442 12475  6695  5405  3384  9981 10688 13365  3295  6962  2847  4309
 12705  2417  5366  2975  9118  6787  3055  1527  8167  1927  2580  4311
  3026  1759  2868  2942  2004  2360  2652  2707  9002  2660  2335  5734
  4339  7049] [] 1716440720.3011727333
[-1 -1 -1 -1 -1  1  1  1 -1  1 -1 -1  1 -1  1  1 -1 -1 -1 -1  1 -1 -1 -1
 -1  1 -1  1  1 -1 -1 -1 -1 -1 -1  1 -1  1] [ 3 10 11 18 19 20 21 23 26 27 28 29 33 34 35 36 37 38 41 42 43 44 45 46
 47 50 51 52 53 54 55 57 58 59 60 61 62 63] [ 7460 12582  6823  5439  3394  9943 10613 13363  3306  6867  2852  4441
 12592  2436  5337  2932  9171  6930  3130  1563  7630  1952  2660  4547
  3108  1759  2952  2940  2002  2445  2741  2823  9316  2786  2391  5711
  4867  6452] [] 1716440720.3441743851
[-1  1 -1 -1 -1 -1  1 -1 -1 -1 -1 -1 -1 -1  1 -1 -1  1 -1 -1 -1 -1 -1  1
 -1 -1 -1 -1 -1 -1 -1 -1 -1 -1 -1  1 -1 -1] [ 3 10 11 18 19 20 21 23 26 27 28 29 33 34 35 36 37 38 41 42 43 44 45 46
 47 50 51 52 53 54 55 57 58 59 60 61 62 63] [15381 12542  8917  6767  3456 12573 10611 13406  3395  7314  3010  5139
 12684  2502  5301  3088 10308  6907  3250  1587  7914  1960  2735  4539
  3280  1780  3068  2962  2063  2497  2776  2907 10637  2846  2415  5697
  4983  7777] [] 1716440720.3871831894
[-1  1  1 -1 -1 -1  1 -1 -1 -1 -1  1 -1 -1 -1 -1 -1 -1 -1 -1 -1 -1 -1 -1
 -1 -1 -1 -1 -1 -1 -1  1 -1 -1 -1 -1 -1] [10 11 18 19 20 21 23 26 27 28 29 33 34 35 36 37 38 41 42 43 44 45 46 47
 50 51 52 53 54 55 57 58 59 60 61 62 63] [14413  8916  6763  3506 12663 10624 13349  3575  7318  3111  5184 12587
  2603  5458  3102 10561  8558  3330  1641  8114  1990  2930  4702  3552
  1841  3178  2986  2119  2642  2944  3047 10503  3183  2503  5715  5247
  9534] [] 1716440720.4300572872
[-1 -1 -1 -1  1 -1 -1  1 -1 -1  1 -1 -1 -1 -1 -1 -1 -1 -1 -1 -1  1 -1 -1
 -1 -1 -1 -1 -1 -1 -1 -1 -1  1 -1 -1] [11 18 19 20 21 23 26 27 28 29 33 34 35 36 37 38 41 42 43 44 45 46 47 50
 51 52 53 54 55 57 58 59 60 61 62 63] [ 8929  6855  3538 12895 10327 13447  3803  7295  3328  5266 12570  2824
  5785  3368 11637  9866  3380  1671  8190  2002  3040  4701  3796  1931
  3300  3067  2131  2682  3039  3142 11326  3327  2555  5694  5267 10361] [] 1716440720.4732079506
[-1 -1 -1 -1  1 -1 -1 -1 -1 -1  1 -1 -1 -1 -1 -1 -1 -1 -1 -1 -1 -1 -1 -1
 -1 -1 -1 -1 -1 -1 -1 -1  1 -1] [11 18 19 20 21 23 26 27 28 29 33 34 35 36 37 38 41 42 43 44 45 46 47 50
 51 52 53 54 55 57 59 60 61 62] [ 8989  6895  3592 12910 10278 14059  3857  7340  3598  5288 12532  2907
  5900  3506 14212  9967  3686  1730  8438  2027  3376  4744  4198  2013
  3449  3154  2174  2935  3216  3147  3902  2607  5690  5853] [] 1716440720.5161721706
[-1  1 -1  1 -1 -1  1 -1 -1  1 -1  1 -1 -1 -1 -1 -1 -1 -1 -1 -1 -1 -1 -1
 -1 -1 -1 -1 -1 -1 -1 -1 -1] [11 18 19 20 21 26 27 28 29 33 34 35 36 37 38 41 42 43 44 45 46 47 50 51
 52 53 54 55 57 59 60 61 62] [ 9211  6865  3629 12713 10476  4395  7324  4019  5457 12282  3086  5849
  4106 14959 10153  3862  1776  8575  2072  3558  4859  4787  2147  3661
  3251  2205  3112  3476  3303  4274  2700  5714  6321] [] 1716440720.5591168404
[-1 -1 -1 -1  1 -1 -1 -1 -1 -1 -1 -1 -1 -1 -1 -1 -1 -1 -1 -1 -1 -1 -1 -1
 -1 -1 -1 -1 -1 -1 -1 -1 -1] [11 18 19 20 21 26 27 28 29 33 34 35 36 37 38 41 42 43 44 45 46 47 50 51
 52 53 54 55 57 59 60 61 62] [ 9561  7078  3883 12873 10386  5015  7438  4373  8066 12426  3473  6152
  4541 15167 15338  4048  1849  9857  2171  3567  4952  8116  2258  3879
  3344  2283  3402  4063  3569  5625  2855  5759  7425] [] 1716440720.6021966934
[ 1 -1  1 -1 -1 -1 -1  1 -1 -1 -1 -1 -1 -1 -1 -1 -1 -1 -1 -1 -1 -1 -1 -1
 -1 -1 -1 -1 -1 -1] [18 19 20 21 26 27 28 29 33 34 35 36 41 42 43 44 45 46 47 50 51 52 53 54
 55 57 59 60 61 62] [ 6991  3887 12829 10491  5274  7531  5142  7487 12788  3766  6223  4789
  4259  1954 14624  2223  3886  5672 15462  2573  4108  3498  2338  4018
  5038  4062  6805  3007  5789  8319] [] 1716440720.6451528072
[-1 -1 -1 -1 -1 -1 -1 -1 -1 -1 -1 -1 -1 -1  1 -1 -1 -1 -1 -1 -1 -1 -1 -1
 -1 -1 -1 -1 -1] [18 19 20 21 26 27 28 29 33 34 35 36 41 42 43 44 45 46 50 51 52 53 54 55
 57 59 60 61 62] [10558  4088 13332 10731  7006  7554  6775  8364 13392  4003  6364  5156
  4372  2007 14450  2287  4154  5692  2650  4164  3628  2371  4204  5776
  4489  8276  3013  5807  8749] [] 1716440720.6880106926
[-1  1 -1 -1 -1 -1 -1 -1 -1 -1 -1 -1 -1  1 -1 -1 -1 -1 -1 -1 -1 -1 -1 -1
 -1 -1  1] [18 19 20 21 26 27 28 29 34 35 36 41 42 43 44 45 46 50 51 52 53 54 55 57
 59 60 61] [10610  4071 13456 11070  7363  7579  9045  8717  4049  6555  5282  4811
  2184 14116  2421  4610  5927  2887  4359  4106  2486  5610 10845  5416
 14379  3174  5716] [] 1716440720.7311463356
[-1 -1 -1 -1 -1 -1 -1 -1 -1 -1 -1 -1 -1 -1 -1 -1  1 -1 -1 -1 -1 -1 -1 -1
  1] [19 20 21 26 27 28 29 34 35 36 41 42 43 44 45 46 50 51 52 53 54 57 59 60
 61] [ 4458 13818 12477  7901  7636 10229 10369  4290  6573  5752  5146  2281
 14371  2519  4734  6729  2875  4509  4175  2572  5820  5909 14684  3258
  5702] [] 1716440720.7741150856
[-1 -1 -1 -1 -1 -1 -1 -1 -1 -1 -1 -1 -1 -1 -1 -1 -1 -1 -1 -1 -1 -1] [19 20 26 27 28 29 34 35 36 41 42 44 45 46 50 51 52 53 54 57 60 61] [ 4787 14263  8013  7739 10332 10450  4390  6721  6121  6910  2562  2618
  5563  7963  3167  4574  4566  2773  6259  7154  3506  5785] [] 1716440720.8171255589
[-1 -1 -1 -1 -1 -1 -1 -1 -1 -1 -1 -1 -1 -1 -1 -1 -1 -1 -1 -1 -1] [19 26 27 28 29 34 35 36 41 42 44 45 46 50 51 52 53 54 57 60 61] [ 5520  8440  8079 10935 11210  4730  6864  6961  7478  2795  2766  5625
  8220  3373  5052  4959  2959  6491 10552  3697  5882] [] 1716440720.8600919247
[-1 -1 -1  1 -1 -1 -1 -1 -1 -1 -1 -1 -1 -1  1 -1 -1 -1 -1 -1] [19 26 27 28 34 35 36 41 42 44 45 46 50 51 52 53 54 57 60 61] [ 7210  8887  8539 10761  5071  7277  7312  7722  2956  2919  5774  8491
  3540  5676  4927  3041  6833 11659  3935  5948] [] 1716440720.9031207561
[-1 -1 -1  1 -1  1 -1  1 -1 -1 -1 -1 -1 -1 -1 -1 -1 -1 -1] [19 26 27 28 34 35 36 41 42 44 45 50 51 52 53 54 57 60 61] [ 9805  9232  8630 10755  5243  7277  7943  7554  3144  3304  5881  3736
  6186  5303  3314 11461 16087  4222  5950] [] 1716440720.9461793900
[-1  1 -1 -1 -1 -1 -1 -1 -1 -1 -1 -1 -1 -1 -1 -1] [27 28 34 35 36 41 42 44 45 50 51 52 53 54 60 61] [11129 10695  5865  7284  9966  9052  3270  3400  5963  3877  6807  5672
  3416 12100  4443  6010] [] 1716440720.9890775681
[-1 -1 -1 -1 -1 -1 -1 -1 -1 -1 -1 -1 -1 -1 -1 -1] [27 28 34 35 36 41 42 44 45 50 51 52 53 57 60 61] [11447 11007  7535  8098 12518 10489  3491  3572  6068  4525  6983  6259
  3502 12741  4982  6190] [] 1716440721.0321195126
[-1 -1  1 -1  1 -1 -1 -1 -1 -1 -1 -1 -1] [28 34 35 36 42 44 45 50 51 52 53 60 61] [11105  7684  8083 15269  3485  3947  6285  4789  7027  6339  3587  5275
  6271] [] 1716440721.0751209259
[-1 -1 -1 -1 -1 -1 -1 -1 -1 -1 -1 -1 -1] [28 34 35 36 42 44 45 50 51 52 53 60 61] [11346  8607  8247 16235  3820  4139  6532  5397  8833  6746  4007  7463
  6612] [] 1716440721.1180994511
[-1 -1 -1 -1 -1 -1 -1 -1 -1 -1] [35 42 44 45 50 51 52 53 60 61] [ 8419  4200  4624  7596  5839 10573  7365  4595  9533  6864] [] 1716440721.1611042023
[-1 -1 -1 -1 -1 -1 -1 -1 -1 -1] [35 42 44 45 50 51 52 53 60 61] [ 8982  4536  5187  8186  6141 10704  7499  5400 10265  7259] [] 1716440721.2040760517
[-1 -1 -1 -1 -1 -1 -1 -1 -1] [35 42 44 45 50 51 52 53 61] [10914  5142  6359 11123  6979 10792  7931  7117  7610] [] 1716440721.2470471859
[-1 -1 -1 -1 -1 -1 -1] [42 44 45 50 51 52 53] [ 6639  8409 11252  7558 10967 11139  8476] [] 1716440721.2900478840
[-1 -1 -1 -1] [42 44 50 52] [ 9071  9883  7575 12743] [] 1716440721.3329503536
[-1 -1 -1] [42 44 50] [ 9596 10415  9725] [] 1716440721.3760328293
[-1 -1] [42 50] [12865  9971] [] 1716440721.4190113544
[-1] [50] [10063] [] 1716440721.4620876312
[-1] [50] [10203] [] 1716440721.5048267841
2 2 2 1716440721.6015052795
