FA TAX ADC PRES TS
[-1] [50] [10366] [] 1716441170.7345607281
[-1  1] [42 50] [12766 10166] [] 1716441170.7774944305
[1 1] [42 50] [12455  9977] [] 1716441170.8204388618
[1 1] [42 50] [12356  9831] [] 1716441170.8634428978
[ 1 -1  1] [42 44 50] [12141 13173  9745] [] 1716441170.9064662457
[1 1 1] [42 44 50] [11909 12699  7599] [] 1716441170.9494640827
[ 1 -1 -1  1] [42 44 45 50] [11859 12795 11831  7528] [] 1716441170.9924745560
[ 1  1  1  1 -1] [42 44 45 50 61] [11135 12709 11815  7403  9194] [] 1716441171.0354783535
[ 1  1 -1  1 -1  1] [42 44 45 50 53 61] [10650 12452 11841  7366 14743  7599] [] 1716441171.0784993172
[ 1  1  1 -1 -1  1 -1] [42 44 45 50 51 53 61] [ 8911  9755 10930  7474 11570  9295  7811] [] 1716441171.1215078831
[1 1 1 1 1 1 1] [42 44 45 50 51 53 61] [ 8435  9301  8354  6915 11367  8448  7715] [] 1716441171.1645417213
[1 1 1 1 1 1 1] [42 44 45 50 51 53 61] [ 6956  8378  7686  6195 10981  6686  7379] [] 1716441171.2074768543
[1 1 1 1 1 1 1] [42 44 45 50 51 53 61] [ 6197  6959  7176  5432 10812  5897  6846] [] 1716441171.2505037785
[-1  1  1  1  1 -1  1  1] [28 42 44 45 50 51 53 61] [12132  6182  5473  7055  5256 10814  5679  6772] [] 1716441171.2935140133
[1 1 1 1 1 1 1 1] [28 42 44 45 50 51 53 61] [11950  5232  4900  6709  4757  8547  5264  6490] [] 1716441171.3364894390
[ 1  1  1  1  1  1 -1  1  1] [28 42 44 45 50 51 52 53 61] [11418  5158  4738  6537  4654  8441 13201  5006  6294] [] 1716441171.3795053959
[ 1 -1 -1  1  1 -1  1  1  1  1 -1 -1 -1] [28 34 41 42 44 45 50 51 52 53 54 60 61] [11141 12706 15707  4750  4426  6567  4538  8355 10185  4753 12276 12652
  6337] [] 1716441171.4225759506
[ 1 -1 -1  1  1  1  1  1  1  1  1  1  1  1] [28 34 35 41 42 44 45 50 51 52 53 54 60 61] [11048 13287 15523 11282  4607  4397  6432  4163  7315  7690  4612 11832
  8842  6317] [] 1716441171.4655368328
[-1 -1 -1  1  1  1  1  1  1 -1  1  1  1  1 -1  1  1] [26 27 28 34 35 41 42 44 45 50 51 52 53 54 57 60 61] [11409 12688 11190 10319 15172  8995  4486  4287  6332  4254  7181  7024
  4485  9390 16088  7796  6267] [] 1716441171.5085127354
[-1  1 -1 -1 -1  1  1  1  1  1 -1  1  1  1  1  1  1  1] [19 26 27 28 34 35 41 42 44 45 46 50 51 52 53 54 60 61] [10661  9923 13436 11202 10343 10027  7607  4127  4032  6301 11615  3890
  7006  6738  4287  9348  7027  6257] [] 1716441171.5515179634
[ 1  1  1 -1  1  1  1  1  1  1  1  1 -1  1  1  1 -1  1  1] [19 26 27 28 34 35 41 42 44 45 46 50 51 52 53 54 57 60 61] [10295  9362 13221 11467 10201  8749  7538  3837  3823  6248 11404  3795
  7027  6638  4198  9076 14717  6252  6197] [] 1716441171.5946669579
[1 1 1 1 1 1 1 1 1 1 1 1 1 1 1 1 1 1 1] [19 26 27 28 34 35 41 42 44 45 46 50 51 52 53 54 57 60 61] [10007  9098 11347 10981  8613  8012  7148  3250  3545  5997  8981  3498
  6848  5590  3770  8665 14047  4835  6057] [] 1716441171.6375446320
[ 1  1  1  1  1  1 -1 -1  1  1  1  1  1  1  1  1  1 -1  1  1] [19 26 27 28 34 35 36 41 42 44 45 46 50 51 52 53 54 57 60 61] [ 9494  8743  8855 10927  7215  7661 14593  7236  3080  3375  5957  8481
  3263  5955  5375  3512  7171 14137  4441  6025] [] 1716441171.6805362701
[ 1 -1  1 -1 -1  1  1  1  1  1  1  1  1  1  1  1  1  1 -1  1 -1 -1] [19 26 27 28 29 34 35 36 41 42 44 45 46 50 51 52 53 54 55 57 60 61] [ 7690  8754  8780 11051 11445  6680  7398 14339  6716  2818  3151  5141
  8430  2913  5489  5121  3376  7125 11378 11301  4703  6041] [] 1716441171.7235183716
[ 1  1  1  1  1  1 -1  1  1  1  1  1  1  1  1  1 -1  1  1  1 -1  1] [19 26 27 28 29 34 35 36 41 42 44 45 46 50 51 52 53 54 55 57 60 61] [ 6821  8517  8387 10972 11174  5151  7463 12255  5990  2615  3001  5095
  7171  2693  5425  4750  3484  6835  9456  7055  4738  5938] [] 1716441171.7666103840
[ 1 -1  1  1  1  1 -1  1  1  1  1 -1  1 -1  1  1  1  1  1  1 -1 -1  1  1] [19 20 26 27 28 29 34 35 36 41 42 44 45 46 50 51 52 53 54 55 57 59 60 61] [ 6039 15545  8309  8289 10852 10643  5511  7031 10365  5028  2512  3002
  5095  7198  2642  5020  4696  3422  6798  7383  7226  9291  4427  5911] [] 1716441171.8095762730
[ 1  1  1  1  1 -1  1 -1  1  1  1  1  1  1  1  1  1  1 -1  1  1  1  1  1] [19 20 26 27 28 29 34 35 36 41 42 44 45 46 50 51 52 53 54 55 57 59 60 61] [ 6015 15211  8117  8171 10532 10701  4898  7355 10164  4791  2501  2961
  5027  7139  2595  4939  4552  3278  6867  6705  6947  9218  4262  5878] [] 1716441171.8525612354
[ 1  1 -1  1  1 -1  1 -1 -1  1 -1  1  1  1  1  1 -1  1  1  1  1  1  1  1
  1  1  1] [19 20 21 26 27 28 29 34 35 36 37 41 42 44 45 46 47 50 51 52 53 54 55 57
 59 60 61] [ 5853 14588 13136  7815  8063 10815  9373  4906  7537  8718 16363  4268
  2367  2871  4989  7096 15259  2446  4849  4457  3183  6270  5456  6454
  8126  4004  5810] [] 1716441171.8955721855
[-1  1  1  1  1  1  1  1  1 -1  1  1  1  1  1  1  1  1  1  1  1  1  1  1
  1  1  1  1] [18 19 20 21 26 27 28 29 34 35 36 37 41 42 44 45 46 47 50 51 52 53 54 55
 57 59 60 61] [11422  5317 14316 11508  7202  6813 10459  8868  4747  7638  8035 14841
  4074  2238  2815  4952  6895 14971  2356  4736  4322  3076  5986  4969
  6212  7667  3999  5760] [] 1716441171.9386327267
[ 1  1  1  1  1  1  1  1  1  1  1  1  1  1 -1  1  1  1  1  1  1  1  1  1
  1  1  1  1 -1 -1] [18 19 20 21 26 27 28 29 34 35 36 37 41 42 43 44 45 46 47 50 51 52 53 54
 55 57 59 60 61 62] [11336  5216 14058 11391  7023  6779 10198  8764  4662  7492  7542 12330
  3950  2179 14900  2766  4903  6799 12562  2299  4671  4258  3024  5598
  4664  5458  7296  3763  5834 14714] [] 1716441171.9816310406
[-1  1  1  1  1 -1  1 -1  1  1  1  1  1  1  1  1  1  1  1  1  1  1  1  1
  1  1  1  1  1  1  1] [11 18 19 20 21 26 27 28 29 34 35 36 37 41 42 43 44 45 46 47 50 51 52 53
 54 55 57 59 60 61 62] [12324 11288  5154 13966 11167  7076  6667 10550  8647  4346  6803  7178
 12111  3762  2104 12059  2751  4854  6724 11035  2164  4650  4222  2908
  4680  4081  4891  6623  3657  5717  9220] [] 1716441172.0245902538
[ 1  1  1  1  1  1  1  1  1  1  1  1  1  1  1  1  1  1  1  1  1  1  1  1
  1  1  1  1  1 -1  1] [11 18 19 20 21 26 27 28 29 34 35 36 37 41 42 43 44 45 46 47 50 51 52 53
 54 55 57 59 60 61 62] [ 9729 11065  4439 13568 10723  5631  6483  9679  8200  4011  6565  6160
 10954  3336  1998  9429  2697  4813  5960  7427  2056  4249  4050  2786
  4607  3874  4494  5119  3498  5728  8734] [] 1716441172.0675942898
[ 1  1  1  1  1  1  1  1 -1  1  1  1  1  1  1 -1  1  1  1  1  1  1  1  1
  1  1  1  1  1  1  1] [11 18 19 20 21 26 27 28 29 34 35 36 37 41 42 43 44 45 46 47 50 51 52 53
 54 55 57 59 60 61 62] [ 9476 10851  4195 13146 10598  5013  6404  9251  8204  3911  6535  6029
  9488  3236  1948  9736  2599  4723  5799  6020  1977  4045  3866  2765
  4527  3731  4242  4277  3363  5728  8671] [] 1716441172.1106133461
[ 1  1  1  1 -1  1 -1  1  1  1  1  1  1 -1  1  1  1  1  1  1  1  1  1  1
  1  1  1 -1  1  1  1  1] [11 18 19 20 21 26 27 28 29 34 35 36 37 41 42 43 44 45 46 47 50 51 52 53
 54 55 57 58 59 60 61 62] [ 9373  9952  3967 12842 10604  4177  6408  7555  8127  3797  6225  5845
  7560  3286  1856  9403  2595  4609  5706  4881  1898  3970  3511  2576
  4201  3632  3931 10659  3870  3263  5728  8195] [] 1716441172.1536064148
[ 1  1  1 -1  1 -1  1  1  1  1 -1  1  1  1 -1 -1  1  1  1  1  1  1  1  1
  1  1  1  1  1  1  1  1  1 -1 -1] [11 18 19 20 21 23 26 27 28 29 33 34 35 36 37 38 41 42 43 44 45 46 47 50
 51 52 53 54 55 57 58 59 60 61 62] [ 9177  9156  3852 13099 10521 14555  3823  6260  5701  6647 13554  3443
  6167  5035  7862 12847  3192  1783  9287  2502  4400  5696  4608  1850
  3606  3482  2503  3755  3507  3826 10391  3612  3263  5739  8206] [] 1716441172.1966133118
[ 1  1  1  1 -1  1  1  1  1  1  1  1  1  1  1  1  1  1  1  1  1 -1  1  1
  1  1  1  1  1  1  1  1  1 -1  1 -1] [11 18 19 20 21 23 26 27 28 29 33 34 35 36 37 38 41 42 43 44 45 46 47 50
 51 52 53 54 55 57 58 59 60 61 62 63] [ 9117  7335  3816 12635 10741 13701  3703  6207  4784  6615 13295  3138
  5576  4612  7046 10503  3093  1748  8992  2487  4363  5721  4162  1775
  3412  3407  2333  3548  3401  3529 10235  3464  3199  5793  8132 12645] [] 1716441172.2396321297
[-1 -1  1  1 -1 -1  1  1  1  1  1  1  1  1  1  1  1  1  1 -1  1  1 -1  1
  1  1  1  1  1  1  1  1  1  1  1  1  1] [10 11 18 19 20 21 23 26 27 28 29 33 34 35 36 37 38 41 42 43 44 45 46 47
 50 51 52 53 54 55 57 58 59 60 61 62 63] [11738  9119  7261  3724 12763 10910 13352  3559  6073  4318  5502 13202
  2942  5573  4406  6108 10302  2976  1696  9523  2402  4182  5744  3888
  1724  3275  3372  2275  3356  3333  3371 10021  3125  2939  5728  7585
 10024] [] 1716441172.2827479839
[ 1  1  1  1  1  1  1  1  1  1  1  1  1  1  1  1  1  1  1  1  1  1  1  1
  1  1  1  1  1  1  1  1  1  1 -1  1  1] [10 11 18 19 20 21 23 26 27 28 29 33 34 35 36 37 38 41 42 43 44 45 46 47
 50 51 52 53 54 55 57 58 59 60 61 62 63] [10094  9036  7201  3624 12735 10848 13232  3467  6009  3630  4662 13019
  2862  5408  4062  5850 10200  2846  1653  9202  2360  3966  5627  3704
  1693  3073  3246  2224  3255  3223  3247  9966  2939  2767  5732  6701
  9973] [] 1716441172.3257091045
[ 1 -1  1  1  1  1 -1  1  1  1  1  1  1  1  1  1  1  1  1  1  1  1  1  1
  1  1  1  1  1  1  1  1  1  1  1  1  1] [10 11 18 19 20 21 23 26 27 28 29 33 34 35 36 37 38 41 42 43 44 45 46 47
 50 51 52 53 54 55 57 58 59 60 61 62 63] [ 9838  9065  6987  3568 12439 10653 13393  3395  5889  3483  4429 12830
  2730  5301  3691  5521  8824  2730  1605  8595  2306  3932  4783  3260
  1642  2890  3114  2164  2970  3103  3167  9925  2856  2701  5730  6522
  9914] [] 1716441172.3686909676
[-1  1  1  1  1  1  1  1  1  1  1  1  1  1  1  1  1  1  1  1 -1  1  1  1
  1 -1  1  1  1  1  1  1 -1  1  1 -1  1 -1] [ 3 10 11 18 19 20 21 23 26 27 28 29 33 34 35 36 37 38 41 42 43 44 45 46
 47 50 51 52 53 54 55 57 58 59 60 61 62 63] [14686  9314  8938  6847  3424 12103 10532 13197  3227  5810  3121  4051
 12322  2618  5183  3486  5287  8666  2643  1593  8817  2274  3546  4657
  3104  1659  2860  3040  2114  2671  3044  3047 10051  2743  2661  5739
  5593 12180] [] 1716441172.4116466045
[ 1 -1 -1  1  1  1 -1 -1  1  1  1  1  1  1  1  1  1  1  1  1  1  1  1  1
  1  1 -1  1 -1  1  1 -1  1  1  1  1 -1 -1] [ 3 10 11 18 19 20 21 23 26 27 28 29 33 34 35 36 37 38 41 42 43 44 45 46
 47 50 51 52 53 54 55 57 58 59 60 61 62 63] [ 8012  9398  9065  6835  3372 12021 10550 13356  3203  5759  3071  4010
 11939  2583  5037  3299  5063  7411  2550  1577  8718  2222  3261  4631
  2944  1588  2873  3017  2130  2573  2994  3061  9995  2700  2605  5718
  5759 12275] [] 1716441172.4547829628
[ 1  1  1  1  1  1  1  1  1 -1  1 -1  1  1 -1  1  1 -1  1  1  1  1  1  1
 -1  1  1 -1  1  1  1  1 -1  1 -1 -1  1  1] [ 3 10 11 18 19 20 21 23 26 27 28 29 33 34 35 36 37 38 41 42 43 44 45 46
 47 50 51 52 53 54 55 57 58 59 60 61 62 63] [ 7768  9339  8982  6047  3344 11839 10500 13317  3135  5783  2953  4023
 11271  2499  5071  3187  4863  8559  2506  1559  8464  2190  3215  4575
  2960  1580  2796  3027  2107  2538  2906  2998 10035  2670  2615  5732
  5567 12184] [] 1716441172.4976651669
[-1  1  1  1 -1  1  1 -1  1  1  1  1  1 -1 -1  1  1  1  1  1  1  1 -1 -1
  1  1  1  1  1 -1  1  1  1  1  1 -1  1 -1] [ 3 10 11 18 19 20 21 23 26 27 28 29 33 34 35 36 37 38 41 42 43 44 45 46
 47 50 51 52 53 54 55 57 58 59 60 61 62 63] [ 7824  8818  8957  5959  3356 11733 10405 13351  3135  5747  2903  3980
 10576  2526  5098  3112  4799  8505  2500  1555  8331  2186  3269  4596
  2912  1568  2764  2936  2066  2581  2881  2967  9999  2666  2583  5791
  5355 13531] [] 1716441172.5406589508
[ 1 -1 -1  1  1  1 -1 -1  1 -1 -1  1  1  1  1  1  1  1  1  1 -1  1  1  1
 -1  1  1  1 -1  1  1  1 -1 -1  1  1  1  1] [ 3 10 11 18 19 20 21 23 26 27 28 29 33 34 35 36 37 38 41 42 43 44 45 46
 47 50 51 52 53 54 55 57 58 59 60 61 62 63] [ 7819  9027  8989  5765  3336  7813 10502 13511  3093  5759  2909  3975
 10437  2472  5072  3098  4695  7286  2490  1548  8337  2170  3263  4547
  2976  1566  2760  2832  2076  2522  2793  2927 10001  2674  2575  5719
  5307  9842] [] 1716441172.5836551189
[-1  1  1 -1  1  1  1 -1 -1 -1  1 -1 -1 -1 -1  1 -1 -1 -1 -1 -1 -1 -1  1
 -1 -1 -1 -1 -1 -1 -1 -1  1 -1  1  1 -1] [ 3 10 11 18 19 20 21 23 26 27 28 29 33 34 35 36 37 38 41 42 43 44 45 46
 47 50 51 52 53 54 55 57 58 59 60 61 62] [ 9218  8921  8945  6119  3256  6676 10468 13657  3127  5823  2907  3978
 10657  2476  5104  3028  4861  9897  2568  1567  8423  2206  3495  4362
  3088  1613  2784  3015  2115  2584  2844  2939  9949  2677  2559  5715
  5567] [] 1716441172.6266403198
[-1  1 -1 -1 -1 -1  1 -1 -1  1 -1 -1  1 -1  1 -1 -1 -1 -1 -1  1 -1 -1 -1
 -1 -1 -1 -1  1 -1 -1 -1 -1 -1 -1  1 -1] [ 3 10 11 18 19 20 21 23 26 27 28 29 33 34 35 36 37 38 41 42 43 44 45 46
 47 50 51 52 53 54 55 57 58 59 60 61 62] [14785  8719  9047  6345  3412  8813 10410 13668  3147  5668  3046  4173
 10504  2491  5031  3155  5182  9969  2734  1578  7994  2239  3792  4389
  3244  1614  2845  3067  2115  2676  2858  3027  9975  2778  2623  5682
  6297] [] 1716441172.6696629524
[ 1 -1 -1  1  1  1  1 -1 -1 -1 -1 -1 -1  1 -1 -1  1 -1 -1  1 -1 -1 -1 -1
 -1 -1 -1  1 -1 -1 -1 -1 -1 -1  1 -1] [10 11 18 19 20 21 23 26 27 28 29 33 34 35 36 37 38 41 42 43 44 45 46 47
 50 51 52 53 54 55 57 58 59 60 61 62] [ 8594  9055  6821  3412  8753 10280 13502  3211  5933  3125  4245 11904
  2534  4985  3345  5307  9969  2874  1627  7977  2280  4068  4447  3368
  1650  2956  3162  2115  2772  2940  3171  9979  2919  2687  5666  6394] [] 1716441172.7126605511
[-1  1 -1 -1 -1 -1  1 -1  1 -1 -1 -1 -1 -1 -1 -1 -1 -1 -1 -1 -1 -1 -1 -1
 -1 -1 -1 -1 -1 -1 -1 -1 -1 -1 -1 -1] [10 11 18 19 20 21 23 26 27 28 29 33 34 35 36 37 38 41 42 43 44 45 46 47
 50 51 52 53 54 55 57 58 59 60 61 62] [10142  9021  7062  3504 11747 10302 13445  3309  5890  3181  4614 12564
  2640  5017  3443  5391 10327  2972  1685  8096  2312  4258  4899  3888
  1709  3158  3166  2170  3079  3220  3256 10051  3218  2709  5695  7189] [] 1716441172.7557229996
[ 1  1 -1 -1  1 -1 -1  1 -1 -1 -1 -1  1 -1  1 -1 -1 -1 -1 -1 -1 -1 -1 -1
 -1 -1 -1 -1 -1 -1 -1 -1 -1  1 -1] [11 18 19 20 21 23 26 27 28 29 33 34 35 36 37 38 41 42 43 44 45 46 47 50
 51 52 53 54 55 57 58 59 60 61 62] [ 8989  7051  3572 11866 10151 13471  3423  5890  3379  6814 12775  2703
  4982  3634  5358 14961  3038  1711  8489  2357  4294  5421  4232  1718
  3276  3226  2218  3178  3511  3448 10107  3397  2751  5661  7427] [] 1716441172.7986900806
[-1 -1 -1 -1  1 -1 -1 -1 -1 -1 -1 -1 -1 -1 -1 -1 -1 -1 -1 -1 -1 -1 -1 -1
 -1 -1 -1 -1 -1 -1 -1  1 -1] [11 18 19 20 21 26 27 28 29 33 34 35 36 37 41 42 43 44 45 46 47 50 51 52
 53 54 55 57 58 59 60 61 62] [ 9164  7261  3632 12059 10151  3611  6047  3815  7237 12813  2802  5044
  3977  6266  3086  1749  8606  2404  4482  5495  4840  1806  3724  3459
  2244  3360  3565  3803 10431  3700  2843  5654  7529] [] 1716441172.8416473866
[-1 -1 -1 -1  1 -1  1 -1 -1 -1 -1 -1 -1 -1 -1 -1  1  1 -1 -1 -1  1 -1 -1
 -1 -1 -1 -1 -1 -1  1 -1] [11 18 19 20 21 26 27 28 29 33 34 35 36 37 41 42 43 44 45 46 47 50 51 52
 53 54 55 57 59 60 61 62] [ 9165  7415  3769 12406 10093  3679  6033  4384  7709 13122  2984  5396
  4389  6742  3187  1800  8594  2404  4525  5895  6107  1800  3828  3583
  2391  3728  3954  3919  4106  2878  5646  7909] [] 1716441172.8845922947
[-1 -1 -1  1 -1 -1 -1 -1 -1 -1 -1 -1 -1 -1 -1 -1 -1 -1 -1 -1 -1 -1 -1 -1
 -1 -1 -1 -1 -1 -1 -1] [11 18 19 20 21 26 27 28 29 34 35 36 37 41 42 43 44 45 46 47 50 51 52 53
 54 55 57 59 60 61 62] [ 9631 10835  4091 12379 10410  4399  6236  6818  8284  3546  5468  4949
  9416  3632  2013  9184  2782  4848  7113 12252  1949  3895  4343  2703
  4928  4940  4467  5515  3524  5726 11629] [] 1716441172.9276015759
[-1 -1 -1 -1 -1 -1 -1 -1 -1 -1 -1 -1 -1 -1 -1 -1  1 -1 -1 -1 -1 -1 -1 -1
 -1 -1 -1 -1 -1 -1] [18 19 20 21 26 27 28 29 34 35 36 37 41 42 43 44 45 46 47 50 51 52 53 54
 55 57 59 60 61 62] [10868  4806 13378 10703  6163  6517  7951  8871  4106  7413  6722 10175
  3996  2211 10059  2891  4301  8460 14438  2206  4387  5041  3029  4966
  5214  5133  7204  3679  5842 13879] [] 1716441172.9705803394
[-1  1 -1 -1  1 -1 -1 -1 -1  1 -1 -1 -1 -1 -1  1 -1 -1  1  1  1 -1 -1 -1
  1  1] [18 19 20 21 26 27 28 34 35 36 41 42 43 44 45 46 50 51 52 53 54 55 57 59
 60 61] [11158  4776 13930 11086  5937  8120 10271  5726  7618  6395  4208  2255
 10268  2898  4360  8320  2237  4618  4979  3021  4898  5917  5523  8879
  3586  5751] [] 1716441173.0136597157
[-1  1 -1  1  1  1 -1 -1 -1 -1 -1  1 -1 -1 -1 -1 -1 -1 -1  1 -1 -1 -1 -1
 -1  1] [19 20 21 26 27 28 34 35 36 37 41 42 43 44 45 46 50 51 52 53 54 55 57 59
 60 61] [ 4871 13496 11603  5859  8042  9819  7338  7904  6439 16366  4370  2245
 14561  2965  4982  8831  2399  4694  5045  3017  5125  9435  6063  9006
  3694  5704] [] 1716441173.0565996170
[-1 -1 -1 -1 -1 -1  1 -1  1 -1 -1 -1 -1 -1 -1 -1 -1 -1 -1 -1 -1 -1 -1 -1] [19 20 26 27 28 34 35 36 37 41 42 43 44 45 46 50 51 52 53 54 57 59 60 61] [ 5261 13739  7694  8100 10077  7906  7573  7348 15678  5198  2404 14647
  3098  5590  8943  2506  4819  5213  3096  5218  6930  9229  3785  5706] [] 1716441173.0996048450
[-1 -1 -1 -1  1 -1 -1 -1  1 -1 -1 -1 -1 -1 -1  1 -1 -1 -1 -1 -1 -1 -1] [19 20 26 27 28 34 35 36 37 41 42 44 45 46 50 51 52 53 54 57 59 60 61] [ 6423 14206  8021  8144  9739  8164  7610  8511 15487  6099  2660  3296
  6311  9138  2837  4634  5300  3551  5566  7942  9510  4067  5827] [] 1716441173.1426815987
[-1 -1 -1 -1 -1 -1 -1 -1 -1 -1 -1 -1 -1 -1 -1 -1 -1 -1 -1  1 -1] [19 20 26 27 28 34 35 36 41 42 44 45 46 50 51 52 53 54 57 60 61] [ 6837 14490  8340  8266 10339  8329  8104  9298  6688  2810  3734  6858
 11171  3067  5473  5407  3896  7508  8629  4037  5874] [] 1716441173.1855542660
[-1 -1 -1 -1 -1  1 -1 -1 -1 -1 -1 -1 -1 -1 -1 -1 -1 -1 -1 -1] [19 26 27 28 34 35 36 41 42 44 45 46 50 51 52 53 54 57 60 61] [ 8289  8687  9996 10566 13197  7906 10466  6963  3284  3994  6948 11267
  3555  5662  6230  3936 11131  9313  4287  5983] [] 1716441173.2285718918
[-1 -1 -1 -1  1 -1 -1 -1 -1 -1 -1 -1 -1 -1 -1 -1 -1 -1 -1 -1] [19 26 27 28 34 35 36 41 42 44 45 46 50 51 52 53 54 57 60 61] [10114 10654 10313 10871 10451  8210 10888  7843  3543  4099  7102 11462
  3748  5781  6283  4293 11643  9454  4387  6036] [] 1716441173.2715330124
[-1  1 -1 -1  1 -1 -1  1 -1 -1 -1 -1 -1 -1 -1 -1 -1] [26 27 28 34 35 36 41 42 44 45 50 51 52 53 54 60 61] [11174 10183 10988 13367  8193 11085  7941  3538  4238  7125  3835  6089
  6387  4375 12250  4711  6251] [] 1716441173.3145375252
[ 1  1  1 -1 -1 -1 -1 -1 -1 -1 -1 -1 -1 -1 -1] [28 34 35 36 41 42 44 45 50 51 52 53 54 60 61] [10910 13287  8079 11351 12070  3583  4495  7227  4011  8013  7323  4632
 12925  5442  6381] [] 1716441173.3575117588
[-1 -1 -1 -1 -1 -1 -1 -1 -1 -1 -1 -1] [28 35 36 42 44 45 50 51 52 53 60 61] [11059 10865 11827  3766  4762  7380  4196  8362  9201  4895  6383  6467] [] 1716441173.4004907608
[ 1  1 -1 -1 -1 -1 -1 -1 -1 -1 -1 -1] [28 35 36 42 44 45 50 51 52 53 60 61] [11015 10829 15411  4437  5152  7586  4353 10661 10885  5426 10198  6651] [] 1716441173.4435100555
[-1 -1 -1 -1 -1 -1 -1  1 -1 -1] [28 35 36 42 44 45 50 51 53 61] [11519 11930 16223  5005  5946  7821  4615 10565  5624  6806] [] 1716441173.4865167141
[-1 -1 -1 -1 -1 -1 -1 -1] [35 42 44 45 50 51 53 61] [13413  6264  6939  8263  5009 10788  6257  7257] [] 1716441173.5294089317
[-1 -1 -1 -1 -1 -1 -1 -1] [35 42 44 45 50 51 53 61] [14487  7375  8831 10421  6180 10818  6724  7495] [] 1716441173.5724272728
[-1 -1 -1 -1 -1 -1] [42 44 45 50 51 53] [ 8498 10140 11394  8810 10890  9231] [] 1716441173.6154577732
[-1  1 -1] [42 44 50] [10598  9906  9211] [] 1716441173.6584839821
[-1 -1] [42 50] [11923  9382] [] 1716441173.7014651299
[-1 -1] [42 50] [12800  9597] [] 1716441173.7444431782
[1] [50] [7769] [] 1716441173.7874572277
[-1] [50] [10438] [] 1716441173.8734426498
2 2 2 1716441173.9653844833
