FA TAX ADC PRES TS
[-1] [50] [15330] [] 1716441322.2298667431
[-1] [50] [10207] [] 1716441322.3587112427
[-1 -1 -1] [42 50 51] [13049 10691 12129] [] 1716441322.4016811848
[1 1 1] [42 50 51] [12355 10379 10902] [] 1716441322.4446165562
[ 1  1 -1] [42 50 51] [10578 10247 10933] [] 1716441322.4876830578
[-1  1] [42 50] [11880  9676] [] 1716441322.5307025909
[ 1 -1 -1] [42 50 51] [10745  9724 11947] [] 1716441322.5736699104
[1 1 1] [42 50 51] [ 9330  9558 10755] [] 1716441322.6166515350
[ 1 -1 -1 -1 -1 -1] [42 44 45 50 51 61] [ 8792 13391 15443  9791 10860  7556] [] 1716441322.6596603394
[ 1  1  1 -1 -1 -1  1] [42 44 45 50 51 53 61] [ 7633 13023 12509  9792 10887 12307  7554] [] 1716441322.7026822567
[-1  1  1  1  1  1  1] [42 44 45 50 51 53 61] [ 7635 10565 11791  8785 10856 10016  7531] [] 1716441322.7457203865
[-1  1  1  1  1  1  1  1] [36 42 44 45 50 51 53 61] [15859  7118  8061 11349  6831 10653  7130  7493] [] 1716441322.7885847092
[ 1  1  1  1 -1  1 -1 -1] [42 44 45 50 51 53 60 61] [ 6638  7380 11243  6438 10721  6935 13373  7690] [] 1716441322.8317234516
[-1  1  1  1  1  1  1  1  1] [34 42 44 45 50 51 53 60 61] [12299  5751  5947 11010  6407 10621  6687 10623  7336] [] 1716441322.8747181892
[-1  1  1  1  1  1 -1 -1 -1  1 -1] [28 34 42 44 45 50 51 52 53 60 61] [12006 11197  5578  5712  9084  6227 10659 15544  6775  7671  7339] [] 1716441322.9177124500
[1 1 1 1 1 1 1 1 1 1 1] [28 34 42 44 45 50 51 52 53 60 61] [11639 11137  5382  5650  8971  6071 10633 13655  6440  6979  7267] [] 1716441322.9606976509
[ 1 -1 -1  1  1  1  1  1  1  1  1  1] [28 34 36 42 44 45 50 51 52 53 60 61] [11578 11143 15009  4939  4959  7781  5694 10575 11841  5247  6166  6764] [] 1716441323.0037333965
[ 1  1  1 -1  1  1  1  1  1  1  1  1] [28 34 42 43 44 45 50 51 52 53 60 61] [11092  8858  4833 16205  4844  7653  5349  7898 10834  4811  5595  6725] [] 1716441323.0467226505
[-1 -1  1  1  1  1  1  1  1  1  1  1] [26 28 34 42 44 45 50 51 52 53 60 61] [12370 11109  7862  4583  4690  7546  5007  7667 10189  4648  5282  6531] [] 1716441323.0897102356
[ 1  1  1 -1  1  1  1  1  1  1  1 -1  1 -1] [26 28 34 35 42 44 45 50 51 52 53 54 60 61] [11487 11039  7709 11776  4298  4443  6785  4823  5946  9909  4328 12494
  5104  6587] [] 1716441323.1327152252
[ 1  1 -1  1  1  1  1  1  1  1  1  1  1  1] [26 28 34 35 42 44 45 50 51 52 53 54 60 61] [11208 10882  7826 11450  3877  4284  6457  4010  5760  9635  4044 12113
  4911  6423] [] 1716441323.1757159233
[ 1 -1 -1 -1  1  1 -1  1  1  1 -1  1  1  1  1  1] [26 28 29 34 35 42 43 44 45 50 51 52 53 54 60 61] [11146 10921 12491  7902 10515  3667 14129  4159  6319  3837  5762  9407
  3849 11886  4578  6326] [] 1716441323.2186944485
[-1  1  1  1  1 -1 -1  1  1 -1 -1 -1  1  1 -1  1 -1 -1 -1] [26 28 29 34 35 36 38 42 43 44 45 50 51 52 53 54 55 60 61] [11200 10910 11287  7711 10175 14705 11582  3539 12443  4261  6362  3915
  5712  9139  4186  9356 13179  4682  6471] [] 1716441323.2617230415
[ 1 -1 -1  1  1  1  1  1 -1  1  1  1  1  1  1 -1  1  1 -1 -1] [26 28 29 34 35 36 38 42 43 44 45 50 51 52 53 54 55 60 61 62] [11109 11162 11469  7207 10169 12596  9913  3422 12690  4063  6295  3459
  5588  8921  4088  9357  9182  4427  6524 16316] [] 1716441323.3045854568
[ 1 -1  1  1  1  1  1 -1  1  1  1 -1 -1  1  1  1 -1  1  1  1 -1  1] [26 28 29 34 35 36 38 41 42 43 44 45 46 50 51 52 53 54 55 60 61 62] [11029 11173 11153  5935  9578 10629  9691 14429  3246 12426  3838  6362
 12993  3270  5543  8882  4175  8687  7337  4244  6643  9717] [] 1716441323.3477199078
[-1  1  1 -1  1  1  1 -1 -1  1 -1  1  1  1  1  1  1  1  1  1  1  1  1] [20 26 28 29 34 35 36 38 41 42 43 44 45 46 50 51 52 53 54 55 60 61 62] [16245 10812 11130 11232  5445  9470  9790 10161 14445  3138 12580  3690
  6281 12556  3148  4971  8765  4017  7905  6521  4179  6609  8796] [] 1716441323.3907406330
[ 1 -1  1  1 -1 -1  1  1 -1  1  1 -1  1  1  1  1  1  1  1  1  1  1  1  1] [20 26 28 29 33 34 35 36 38 41 42 43 44 45 46 50 51 52 53 54 55 60 61 62] [16216 10864 10827 11091 13741  5459  9351  9308 10162 12669  3028 12699
  3577  6148 10828  3056  4390  8449  3812  7130  5526  4069  6571  8191] [] 1716441323.4337627888
[-1  1 -1 -1  1  1  1  1  1  1  1  1  1  1  1  1  1  1  1  1  1  1  1  1
  1  1] [19 20 26 27 28 29 33 34 35 36 38 41 42 43 44 45 46 50 51 52 53 54 55 60
 61 62] [14488 14898 10938 13089  9171 10398 13183  5046  9331  8388  9929 11925
  2876 12635  3470  6091 10421  2951  4355  8319  3750  6905  4991  3954
  6516  7294] [] 1716441323.4766869545
[ 1  1 -1  1  1  1  1  1  1 -1  1  1  1  1 -1  1  1  1  1  1  1  1  1  1
  1  1  1] [19 20 21 26 27 28 29 33 34 35 36 38 41 42 43 44 45 46 50 51 52 53 54 55
 60 61 62] [ 9026 14546 11742 10842 13068  7800  8708 13096  4679  9374  7983  8886
  8113  2747 13030  3297  5343  9965  2789  4295  7965  3658  6648  4636
  3887  6441  6590] [] 1716441323.5198616982
[ 1  1  1  1  1  1  1  1  1  1  1  1  1  1 -1  1  1  1 -1  1  1  1  1  1
  1 -1  1 -1  1] [19 20 21 26 27 28 29 33 34 35 36 38 41 42 43 44 45 46 47 50 51 52 53 54
 55 57 60 61 62] [ 8268 14194 11481 10719 12896  6975  8317 13079  4425  8978  7232  8578
  7635  2702 13170  3210  5223  9763 13405  2770  4233  7680  3520  5877
  4614 10040  3775  6452  6355] [] 1716441323.5627965927
[ 1  1  1  1  1  1  1  1  1  1  1  1  1  1 -1  1  1  1  1  1  1  1  1  1
  1 -1  1 -1  1] [19 20 21 26 27 28 29 33 34 35 36 38 41 42 43 44 45 46 47 50 51 52 53 54
 55 57 60 61 62] [ 7331 14128 11019 10696 12718  5493  7991 12916  4260  8923  6427  8122
  7367  2599 13438  3102  5115  7925 11395  2656  4104  7503  3428  5354
  4310 13801  3559  6469  5843] [] 1716441323.6057932377
[-1  1  1  1  1  1  1  1  1  1  1  1  1  1  1  1  1  1  1  1  1  1  1  1
  1  1  1  1  1  1] [11 19 20 21 26 27 28 29 33 34 35 36 38 41 42 43 44 45 46 47 50 51 52 53
 54 55 57 60 61 62] [10283  6833 13568 10990  9000 12682  4814  7809 12719  4102  8899  6014
  7382  6997  2491 12692  2982  5100  7400  7170  2567  4059  7354  3252
  4649  3993 12788  3306  6313  5119] [] 1716441323.6487135887
[ 1  1  1  1  1 -1  1  1  1  1  1  1  1 -1  1  1  1  1  1  1  1  1  1  1
  1  1  1  1  1  1] [11 19 20 21 26 27 28 29 33 34 35 36 38 41 42 43 44 45 46 47 50 51 52 53
 54 55 57 60 61 62] [ 9514  5702 12785 10549  8610 12823  4073  7620 12642  3788  8710  5567
  6713  7102  2416 12271  2901  4817  7039  6316  2494  3865  7275  3150
  4341  3704 10816  3247  6278  4654] [] 1716441323.6918196678
[ 1  1 -1  1  1  1  1  1 -1  1  1  1  1  1  1  1  1  1  1  1  1  1  1  1
  1  1  1 -1  1  1  1] [11 19 20 21 26 27 28 29 33 34 35 36 38 41 42 43 44 45 46 47 50 51 52 53
 54 55 57 59 60 61 62] [ 9474  5424 12789 10462  8536 11398  3833  7574 12703  3582  8652  5406
  6095  6753  2334 11900  2802  4550  6664  5244  2435  3711  7086  2962
  4111  3408 10152 11272  3243  6233  4250] [] 1716441323.7348079681
[1 1 1 1 1 1 1 1 1 1 1 1 1 1 1 1 1 1 1 1 1 1 1 1 1 1 1 1 1 1 1] [11 19 20 21 26 27 28 29 33 34 35 36 38 41 42 43 44 45 46 47 50 51 52 53
 54 55 57 59 60 61 62] [ 9448  5220 12303 10443  7353 11216  3540  7473 12593  3438  8072  5074
  5567  6421  2298 11813  2799  4428  5796  4834  2314  3567  7042  2910
  3979  3257 10082  6029  3130  6229  3952] [] 1716441323.7777843475
[ 1  1  1  1  1 -1  1  1  1  1  1  1  1  1  1  1  1  1  1  1  1  1 -1  1
  1  1  1  1  1 -1  1] [11 19 20 21 26 27 28 29 33 34 35 36 38 41 42 43 44 45 46 47 50 51 52 53
 54 55 57 59 60 61 62] [ 9315  5138 12019 10367  7267 11295  3393  7371 12472  3318  8035  4974
  5199  5554  2230 11227  2654  3935  5126  4360  2266  3411  7231  2847
  3794  3068  7449  4300  3051  6240  3623] [] 1716441323.8208255768
[-1  1  1  1 -1 -1  1  1  1  1  1  1 -1  1  1  1  1  1  1  1  1  1  1  1
  1  1  1  1  1 -1  1  1 -1  1] [10 11 19 20 21 23 26 27 28 29 33 34 35 36 38 41 42 43 44 45 46 47 50 51
 52 53 54 55 57 58 59 60 61 62] [14264  9245  5020 11653 10426 15453  7258 11002  3160  7328  8249  3217
  8320  4628  4996  5492  2136 11210  2612  3700  4355  4004  2211  3304
  6644  2758  3523  2908  6226 14565  3722  2911  6263  3485] [] 1716441323.8637683392
[ 1 -1 -1  1  1  1 -1 -1  1  1  1  1  1  1  1  1  1  1  1  1  1  1  1  1
  1  1  1  1  1  1  1  1 -1  1] [10 11 19 20 21 23 26 27 28 29 33 34 35 36 38 41 42 43 44 45 46 47 50 51
 52 53 54 55 57 58 59 60 61 62] [ 8707  9252  5057  9287  9432 13888  7301 11030  3089  7119  8189  3128
  8303  4327  4801  4989  2123 10997  2553  3447  4128  3860  2166  3217
  6609  2711  3384  2809  5662 12681  3390  2798  6319  3305] [] 1716441323.9067797661
[ 1  1  1  1  1  1  1  1  1  1  1  1  1  1 -1  1  1  1 -1  1  1  1  1  1
  1  1  1  1  1  1  1  1  1  1  1] [10 11 19 20 21 23 26 27 28 29 33 34 35 36 37 38 41 42 43 44 45 46 47 50
 51 52 53 54 55 57 58 59 60 61 62] [ 7280  8649  4968  8757  9013 13432  7262 10875  3001  7049  6768  3049
  8281  4111 16341  4495  4720  2002 11437  2483  3164  3819  3530  2107
  3080  6529  2657  3211  2642  4695 10303  3142  2735  6271  3061] [] 1716441323.9498605728
[ 1  1  1  1 -1  1 -1  1  1  1  1  1 -1  1  1  1  1  1  1  1  1  1  1  1
  1  1  1  1  1  1  1  1  1  1  1] [10 11 19 20 21 23 26 27 28 29 33 34 35 36 37 38 41 42 43 44 45 46 47 50
 51 52 53 54 55 57 58 59 60 61 62] [ 6530  8563  4892  7724  9060 13274  7298 10862  2889  6949  5986  2966
  8340  3758 14656  4455  4620  1975 11270  2451  3098  3555  3440  2043
  3059  6494  2644  3070  2558  4343 10181  3010  2631  6266  2975] [] 1716441323.9926803112
[ 1 -1 -1  1  1 -1 -1  1  1  1  1 -1  1  1  1  1  1  1  1  1  1  1  1  1
  1 -1  1  1  1  1  1  1  1  1  1  1 -1  1] [10 11 18 19 20 21 23 26 27 28 29 32 33 34 35 36 37 38 41 42 43 44 45 46
 47 49 50 51 52 53 54 55 57 58 59 60 61 62] [ 5792  8591 13024  4773  6922  9133 13602  7261 10808  2839  6734 13465
  4679  2915  8241  3617 13707  4037  4103  1902 11047  2392  2955  3235
  3224 13166  1974  2850  5695  2543  2975  2408  4271  7495  2821  2555
  6336  2795] [] 1716441324.0358166695
[ 1  1  1  1  1 -1  1 -1  1  1 -1  1  1  1  1  1  1  1  1  1  1  1  1  1
  1  1  1  1  1  1  1  1  1  1  1  1 -1  1] [10 11 18 19 20 21 23 26 27 28 29 32 33 34 35 36 37 38 41 42 43 44 45 46
 47 49 50 51 52 53 54 55 57 58 59 60 61 62] [ 5495  8511 11320  4756  6592  9220 13532  7329 10571  2775  6747 11745
  4381  2823  8140  3510 13600  3933  3893  1866 10446  2368  2842  3092
  3114 12159  1942  2834  5161  2530  2918  2349  4143  7175  2764  2463
  6344  2707] [] 1716441324.0788006783
[ 1  1  1  1  1 -1 -1  1 -1  1  1  1  1  1  1  1  1  1  1  1  1  1  1  1
  1  1  1  1  1  1  1  1  1  1  1  1  1  1] [10 11 18 19 20 21 23 26 27 28 29 32 33 34 35 36 37 38 41 42 43 44 45 46
 47 49 50 51 52 53 54 55 57 58 59 60 61 62] [ 5234  8509  8876  4736  6480  9257 13601  7241 10600  2725  6041 10789
  4167  2806  7950  3416 12896  3891  3840  1848  9724  2354  2762  2991
  3084 11878  1914  2806  5076  2519  2900  2313  3987  6840  2728  2431
  6334  2645] [] 1716441324.1218209267
[ 1  1  1  1  1  1 -1  1  1  1  1  1  1  1  1  1  1  1  1  1  1  1  1  1
  1  1 -1  1  1  1  1  1  1  1  1 -1 -1  1] [10 11 18 19 20 21 23 26 27 28 29 32 33 34 35 36 37 38 41 42 43 44 45 46
 47 49 50 51 52 53 54 55 57 58 59 60 61 62] [ 5181  8152  8360  4642  6326  9205 13663  7213 10492  2698  6011 10592
  4167  2779  7899  3390 12851  3833  3803  1844  9081  2351  2738  2977
  3060 11775  1919  2768  5069  2495  2882  2309  3903  6801  2710  2463
  6404  2591] [] 1716441324.1647167206
[ 1 -1 -1 -1  1  1 -1  1  1  1  1 -1  1  1  1 -1  1  1  1  1  1  1 -1  1
  1  1  1  1 -1  1  1  1  1  1  1  1  1 -1] [10 11 18 19 20 21 23 26 27 28 29 32 33 34 35 36 37 38 41 42 43 44 45 46
 47 49 50 51 52 53 54 55 57 58 59 60 61 62] [ 5060  8408  8884  4652  6242  9175 13886  7153 10361  2685  5153 10609
  4043  2731  7703  3421 12762  3818  3792  1835  9022  2332  2751  2973
  3040 11748  1887  2743  5084  2482  2875  2300  3891  6762  2696  2455
  6337  2598] [] 1716441324.2078182697
[ 1  1  1 -1  1  1  1 -1  1  1  1  1  1  1  1  1 -1  1 -1  1 -1 -1  1 -1
 -1  1 -1 -1  1  1  1 -1 -1 -1 -1  1 -1 -1] [10 11 18 19 20 21 23 26 27 28 29 32 33 34 35 36 37 38 41 42 43 44 45 46
 47 49 50 51 52 53 54 55 57 58 59 60 61 62] [ 5040  8213  7972  4664  6190  9172 13723  7214 10093  2671  5147 10557
  3950  2720  7590  3391 12768  3790  3867  1829  9254  2335  2741  2996
  3112 11713  1930  2759  5033  2482  2866  2324  3958  6832  2717  2415
  6365  2601] [] 1716441324.2509534359
[ 1 -1 -1  1 -1  1 -1  1  1 -1 -1  1 -1 -1  1  1  1 -1 -1 -1 -1 -1 -1 -1
 -1 -1  1 -1 -1 -1 -1 -1 -1 -1 -1 -1  1 -1] [10 11 18 19 20 21 23 26 27 28 29 32 33 34 35 36 37 38 41 42 43 44 45 46
 47 49 50 51 52 53 54 55 57 58 59 60 61 62] [ 5036  8545  8813  4640  6248  9124 13746  7139  9965  2677  5942 10452
  4195  2774  7174  3371 12710  3970  3976  1843  9766  2386  2845  3134
  3290 12353  1914  2770  5585  2484  2885  2408  4030  6901  2744  2447
  6355  2695] [] 1716441324.2939598560
[-1  1 -1 -1 -1  1  1  1 -1 -1 -1  1 -1  1  1 -1 -1 -1 -1 -1 -1  1 -1 -1
 -1 -1 -1 -1 -1 -1 -1 -1 -1 -1 -1 -1  1 -1] [10 11 18 19 20 21 23 26 27 28 29 32 33 34 35 36 37 38 41 42 43 44 45 46
 47 49 50 51 52 53 54 55 57 58 59 60 61 62] [ 5343  8461 12856  4696  6528  8889 13455  7066 10010  2696  5972 10438
  4363  2740  7152  3423 12791  4287  4192  1866 10488  2342  2983  3215
  3408 13083  1936  2808  5901  2502  2961  2478  4077  8807  2865  2559
  6265  2757] [] 1716441324.3369448185
[-1 -1 -1 -1 -1  1  1 -1 -1 -1 -1 -1 -1  1 -1 -1 -1 -1 -1 -1 -1 -1 -1 -1
  1 -1 -1 -1 -1 -1 -1 -1 -1 -1  1  1 -1] [10 11 18 19 20 21 23 26 27 28 29 33 34 35 36 37 38 41 42 43 44 45 46 47
 49 50 51 52 53 54 55 57 58 59 60 61 62] [ 5665  9207 13008  4758  6564  8785 13391  7154 10455  2759  6245  5245
  2758  6961  3450 13004  4441  4366  1910 10935  2360  3109  3427  3554
 13031  1965  2902  6196  2549  3134  2601  4398  8850  3002  2543  6232
  2974] [] 1716441324.3799757957
[-1  1  1 -1  1  1 -1 -1 -1  1 -1 -1  1 -1 -1 -1 -1 -1 -1 -1 -1 -1 -1  1
 -1 -1 -1 -1 -1 -1 -1 -1 -1 -1 -1 -1] [10 11 19 20 21 23 26 27 28 29 33 34 35 36 37 38 41 42 43 44 45 46 47 49
 50 51 52 53 54 55 57 58 59 60 61 62] [ 5848  9005  4736  7740  8761 13315  7174 10497  2793  6128  6175  2806
  6917  3509 14655  4618  4568  1944 11148  2394  3320  3839  3852 12971
  2081  3008  6282  2591  3350  2727  4779  8977  3135  2671  6250  3239] [] 1716441324.4228167534
[-1 -1 -1  1  1 -1  1 -1 -1 -1 -1 -1  1 -1 -1 -1 -1 -1 -1 -1 -1 -1 -1 -1
 -1 -1 -1 -1 -1 -1 -1 -1 -1 -1 -1 -1] [10 11 19 20 21 23 26 27 28 29 33 34 35 36 37 38 41 42 43 44 45 46 47 49
 50 51 52 53 54 55 57 58 59 60 61 62] [ 9964  9133  4868  7720  8701 13383  7065 10645  2923  7056  7655  2890
  6882  3659 16127  5250  4792  2060 11251  2475  3464  4342  4160 14562
  2183  3225  6356  2602  3604  3030  7464  9609  3709  2823  6256  3541] [] 1716441324.4658668041
[-1 -1 -1  1 -1 -1 -1 -1 -1 -1 -1 -1 -1 -1 -1 -1 -1 -1 -1 -1 -1 -1  1 -1
 -1 -1 -1 -1 -1 -1 -1 -1  1 -1] [10 11 19 20 21 23 26 27 28 29 33 34 35 36 38 41 42 43 44 45 46 47 50 51
 52 53 54 55 57 58 59 60 61 62] [12045  9235  5000  7176  8760 13942  7201 10699  3051  7171  9327  2954
  7043  3946  5288  5041  2077 11271  2489  3693  4986  4346  2154  3282
  6805  2662  3803  3101  8137 11398  4490  2891  6186  3679] [] 1716441324.5087964535
[-1  1 -1 -1 -1  1  1 -1 -1 -1 -1 -1 -1 -1 -1 -1 -1 -1 -1 -1 -1 -1 -1  1
 -1 -1 -1 -1 -1 -1 -1 -1 -1] [10 11 19 20 21 26 27 28 29 33 34 35 36 38 41 42 43 44 45 46 47 50 51 52
 53 54 55 57 58 59 60 61 62] [14132  9156  5002  7184  8802  7098 10575  3142  7844 12191  2999  8182
  3950  6650  6096  2194 12360  2624  3958  6638  5356  2214  3428  6795
  2766  4127  3600 10048 13621  9806  2971  6222  4519] [] 1716441324.5519578457
[ 1 -1 -1 -1 -1 -1 -1 -1 -1 -1  1 -1 -1 -1 -1  1 -1 -1 -1 -1 -1 -1 -1 -1
 -1 -1 -1 -1 -1 -1] [11 19 20 21 26 27 28 29 33 34 35 36 38 41 42 43 44 45 46 47 50 51 52 53
 54 55 57 60 61 62] [ 9151  5064  8198 10159  7129 10655  3412  8690 12206  3295  8113  4688
  7184  6667  2300 11879  2697  4306  7221  6772  2274  3645  7153  2879
  4499  4126 11278  2990  6247  5125] [] 1716441324.5949549675
[-1 -1 -1 -1 -1 -1 -1 -1 -1 -1 -1 -1 -1 -1 -1  1 -1 -1 -1 -1 -1 -1 -1 -1
 -1 -1  1 -1 -1 -1] [11 19 20 21 26 27 28 29 33 34 35 36 38 41 42 43 44 45 46 47 50 51 52 53
 54 55 57 60 61 62] [ 9622  5544  8728 10419  7175 10772  3867  9513 12235  3413  8393  5335
  8445  6856  2424 11781  2862  4706  9911  9731  2349  3763  7211  2908
  5569  4616 10760  3275  6276  5770] [] 1716441324.6379277706
[-1 -1 -1 -1 -1 -1 -1  1 -1 -1 -1  1 -1 -1  1 -1 -1 -1 -1 -1 -1 -1 -1 -1
 -1 -1 -1 -1 -1] [19 20 21 26 27 28 29 33 34 35 36 38 41 42 43 44 45 46 47 50 51 52 53 54
 55 57 60 61 62] [ 6591 12625 10475  8050 11049  4117  9708 12193  3628  8511  5879  8018
  6912  2538 11732  3127  5022 12184 15351  2432  3980  7227  3211  6537
  4866 12273  3391  6354  6623] [] 1716441324.6808891296
[-1 -1 -1 -1 -1 -1 -1 -1 -1 -1 -1 -1 -1 -1 -1 -1 -1  1 -1 -1 -1 -1 -1 -1
 -1 -1 -1] [19 20 21 26 27 28 29 33 34 35 36 38 41 42 43 44 45 46 50 51 52 53 54 55
 60 61 62] [10028 13535 10694 10613 11304  4701 10489 12359  3823  8550  6504  9034
  7262  2700 11752  3270  5130 12093  2461  4123  8286  3509  6630  5556
  3535  6497  7241] [] 1716441324.7239165306
[-1  1 -1  1  1 -1 -1 -1 -1 -1 -1 -1 -1 -1 -1  1 -1 -1 -1  1 -1 -1 -1 -1
 -1 -1] [19 20 21 26 27 28 29 33 34 35 36 38 41 42 43 44 45 50 51 52 53 54 55 60
 61 62] [11426 13440 10879 10610 11124  6109 11415 12917  4238  9159  7249  9044
  7576  2888 12059  3251  5266  2604  4252  7787  3607  7550  6297  3747
  6547  9189] [] 1716441324.7669305801
[-1 -1 -1 -1 -1 -1 -1 -1  1  1 -1 -1 -1 -1 -1  1 -1  1 -1 -1 -1 -1 -1  1
 -1] [19 20 21 26 27 28 33 34 35 36 38 41 42 43 44 45 50 51 52 53 54 55 60 61
 62] [14756 13660 11171 10678 15125  8109 13356  4515  9061  7121  9331  7661
  2988 12275  3298  5264  2665  4239  8074  3613  9162  6972  3800  6534
  9493] [] 1716441324.8098506927
[ 1 -1 -1 -1 -1 -1 -1 -1 -1 -1 -1 -1 -1 -1 -1 -1 -1 -1  1 -1  1 -1] [20 21 26 27 28 34 35 36 38 41 42 43 44 45 50 51 52 53 54 60 61 62] [13624 11512 10713 15220 10658  4603  9585  7415  9402 11231  3244 12330
  3522  5431  2793  4260  8674  3759  9084  3988  6507 12715] [] 1716441324.8528776169
[-1 -1 -1  1 -1 -1 -1 -1 -1 -1  1 -1 -1 -1 -1 -1 -1 -1  1  1] [20 26 27 28 34 35 36 38 41 42 43 44 45 50 51 52 53 54 60 61] [14021 10722 15310 10655  4889  9805  9163 10665 12591  3430 11348  3783
  5490  3059  5269  9001  3821  9148  3947  6364] [] 1716441324.8957254887
[-1 -1  1 -1 -1 -1 -1 -1  1 -1 -1 -1 -1  1 -1 -1 -1 -1] [20 26 27 28 34 35 36 42 43 44 45 50 51 52 53 54 60 61] [16300 10816 15227 10779  5540 10057  9229  3518 11222  3787  7116  3250
  5426  8959  3937 11777  4135  6394] [] 1716441324.9388022423
[-1  1 -1 -1 -1 -1 -1 -1 -1 -1 -1 -1 -1 -1 -1 -1] [26 28 34 35 36 42 43 44 45 50 51 52 53 54 60 61] [10834 10584  5630 10185 11485  3780 12393  3991  7223  3578  5481  9164
  3991 12086  4304  6447] [] 1716441324.9818475246
[-1 -1 -1 -1 -1 -1 -1 -1 -1 -1 -1 -1 -1 -1 -1] [26 28 34 35 36 42 43 44 45 50 51 52 53 60 61] [10953 10790  6068 10488 11795  3970 12847  4283  7306  4079  5613  9470
  4124  4633  6484] [] 1716441325.0247344971
[-1  1 -1 -1 -1 -1 -1 -1 -1 -1 -1 -1 -1 -1 -1] [26 28 34 35 36 42 43 44 45 50 51 52 53 60 61] [11870 10675  7343 10549 14035  4199 13590  4397  7454  4797  5791 10016
  4426  5368  6687] [] 1716441325.0678329468
[-1 -1 -1 -1 -1 -1 -1 -1 -1 -1 -1 -1 -1] [28 34 35 42 43 44 45 50 51 52 53 60 61] [10905  8506 11023  4308 14403  4471  7526  4824  6905 10321  4757  5628
  6737] [] 1716441325.1108083725
[-1 -1 -1 -1 -1 -1 -1 -1 -1 -1 -1 -1] [28 34 35 42 44 45 50 51 52 53 60 61] [11113  8657 16231  4793  4816 11065  5252 10365 13783  5826  9621  7438] [] 1716441325.1536588669
[-1 -1 -1 -1  1 -1  1 -1 -1 -1] [28 34 42 44 45 50 51 53 60 61] [11594 10860  5118  5059 11022  5586 10303  6191  9989  7492] [] 1716441325.1967215538
[-1 -1 -1 -1 -1 -1 -1 -1] [34 42 44 45 50 51 53 61] [12817  5622  6670 11327  7101 10371  8302  7555] [] 1716441325.2397964001
[-1 -1 -1 -1 -1 -1  1] [42 44 45 50 51 53 61] [ 6447 12801 11553  8279 10482 12154  7499] [] 1716441325.2827944756
[-1 -1 -1 -1] [42 44 50 51] [ 9637 13167  9015 10507] [] 1716441325.3257851601
[-1 -1 -1 -1] [42 44 50 51] [11695 13179  9762 10761] [] 1716441325.3686473370
[-1 -1 -1] [42 50 51] [12411  9764 10810] [] 1716441325.4118163586
[-1] [50] [9974] [] 1716441325.4547526836
[-1] [50] [10279] [] 1716441325.4978258610
2 2 2 1716441325.6820328236
