FA TAX ADC PRES TS
[-1 -1] [42 50] [13180 10660] [] 1716441444.0121135712
[1 1] [42 50] [12849 10289] [] 1716441444.0551221371
[1 1] [42 50] [12712 10171] [] 1716441444.0980772972
[-1 -1 -1 -1] [42 44 45 50] [12780 13733 11645 10268] [] 1716441444.1410782337
[ 1  1  1  1 -1 -1] [42 44 45 50 51 53] [12525 13495 11588 10056 13739 11866] [] 1716441444.1840984821
[ 1 -1 -1  1  1  1 -1] [42 44 45 50 51 53 61] [10246 13498 11705  9402 12935  9977  8216] [] 1716441444.2269995213
[ 1  1  1 -1  1  1  1] [42 44 45 50 51 53 61] [10052 13168 11584  9844  9602  7883  8020] [] 1716441444.2701289654
[1 1 1 1 1 1 1] [42 44 45 50 51 53 61] [ 9124 12447 11566  8440  9266  7665  7929] [] 1716441444.3131501675
[ 1  1  1  1  1 -1  1  1] [42 44 45 50 51 52 53 61] [ 8833 10460 11393  8301  8985 13983  7206  7601] [] 1716441444.3561275005
[1 1 1 1 1 1 1 1] [42 44 45 50 51 52 53 61] [ 8726 10261 11156  8015  8795 13153  6720  7375] [] 1716441444.3991937637
[-1  1  1  1  1  1  1  1 -1  1] [28 42 44 45 50 51 52 53 60 61] [12555  8065  8534 10888  7499  8055 11522  6082 15539  7121] [] 1716441444.4421961308
[ 1  1  1  1  1  1  1  1 -1  1 -1] [28 42 44 45 50 51 52 53 54 60 61] [12015  7600  7581 10770  6369  7607 11213  5927 12773 10538  7166] [] 1716441444.4850172997
[1 1 1 1 1 1 1 1 1 1 1] [28 42 44 45 50 51 52 53 54 60 61] [11748  6757  6010 10611  6030  7451 10742  5469 12099  8659  6815] [] 1716441444.5281705856
[ 1 -1 -1  1  1 -1  1  1  1  1  1  1  1] [28 34 35 42 44 45 50 51 52 53 54 60 61] [11492 12860 16131  6504  5391 10637  5879  7396 10223  5222 11997  6988
  6668] [] 1716441444.5711791515
[1 1 1 1 1 1 1 1 1 1 1 1 1] [28 34 35 42 44 45 50 51 52 53 54 60 61] [11219 12295 15771  5488  4787  8405  5592  7248  9675  4914  8079  6647
  6626] [] 1716441444.6141827106
[-1  1  1  1  1  1  1  1  1  1  1  1  1] [28 34 35 42 44 45 50 51 52 53 54 60 61] [11235  8489 14587  5283  4477  8307  5035  7217  9396  4658  6442  5571
  6471] [] 1716441444.6571304798
[-1 -1 -1 -1 -1  1 -1  1  1  1  1  1  1  1  1  1  1] [19 26 27 28 34 35 41 42 44 45 50 51 52 53 54 60 61] [10914 12412 15218 11646  8622 12624 13137  5106  4335  8209  4954  7113
  9310  4465  6313  5331  6442] [] 1716441444.7001519203
[ 1  1  1  1 -1  1  1  1  1 -1 -1  1  1  1  1 -1 -1  1  1] [19 26 27 28 34 35 41 42 44 45 46 50 51 52 53 54 57 60 61] [10811 12141 13788 11514  8824 12441 12937  4652  3877  8259 11701  4839
  5998  9233  4278  6391 11891  4979  6358] [] 1716441444.7431571484
[ 1  1  1  1 -1  1  1  1  1  1  1  1  1  1  1  1  1  1  1  1] [19 26 27 28 29 34 35 41 42 44 45 46 50 51 52 53 54 57 60 61] [10461 11703 13420 11311 13060  7377 11493 10266  4283  3671  8250 11463
  4507  5445  9196  4132  6222 11495  4758  6251] [] 1716441444.7861344814
[ 1  1  1 -1  1  1  1  1  1  1  1  1  1  1  1  1  1  1  1  1] [19 26 27 28 29 34 35 41 42 44 45 46 50 51 52 53 54 57 60 61] [10273 11502 13208 11379 11583  6181  9851  8268  3773  3416  7960  9724
  4311  4740  8776  4047  5883  9136  4338  6175] [] 1716441444.8291339874
[ 1  1  1 -1  1  1  1  1  1 -1  1 -1  1  1  1  1  1 -1 -1  1 -1  1  1] [19 26 27 28 29 34 35 41 42 43 44 45 46 50 51 52 53 54 55 57 59 60 61] [10088 11006 11617 11571 11321  5300  9328  7576  3434 15223  3184  8055
  8191  4214  4720  7699  3764  5931 11353  8191  9903  4250  6175] [] 1716441444.8721823692
[-1 -1  1  1  1  1  1  1 -1  1  1  1  1  1  1  1  1  1  1  1  1  1  1  1
  1] [18 19 26 27 28 29 34 35 36 41 42 43 44 45 46 50 51 52 53 54 55 57 59 60
 61] [12370 10096 10086  9143 11378 11126  4950  9084 14309  7384  3143 14855
  3028  7976  8191  4052  4586  7637  3711  5787  8196  8079  9386  4179
  6142] [] 1716441444.9152014256
[ 1  1  1 -1  1  1  1  1  1  1  1 -1  1  1  1  1  1  1  1  1  1  1  1  1
  1] [18 19 26 27 28 29 34 35 36 41 42 43 44 45 46 50 51 52 53 54 55 57 59 60
 61] [11643  8582  9164  9213 11183 11125  4705  8656 14143  7266  3005 16295
  2908  7878  7791  3949  4457  6315  3579  5732  7385  7509  9261  4082
  6111] [] 1716441444.9581723213
[ 1  1  1  1  1  1  1  1  1 -1  1  1  1  1  1  1 -1  1  1  1  1  1  1  1
  1  1  1] [18 19 26 27 28 29 34 35 36 37 41 42 43 44 45 46 47 50 51 52 53 54 55 57
 59 60 61] [11440  7823  8986  9184 11058 10912  4502  8234 14057 16355  7018  2731
 14799  2811  7720  7684 15471  3605  4352  5011  3338  5237  5882  6132
  9211  3818  6039] [] 1716441445.0011117458
[ 1  1  1  1  1  1  1 -1  1  1  1  1 -1  1  1  1  1  1  1 -1  1  1  1  1
  1  1 -1 -1] [18 19 26 27 28 29 34 35 36 37 41 42 43 44 45 46 47 50 51 52 53 54 55 57
 59 60 61 62] [11132  6479  8565  7965 10238  8493  4277  8422  8939 13523  6909  2536
 15620  2718  6191  7504 13378  3156  4252  5207  3259  5092  5392  5669
  7357  3747  6086 12215] [] 1716441445.0441803932
[ 1  1 -1 -1  1  1  1  1  1  1  1  1  1  1 -1  1  1  1  1  1  1  1  1  1
  1  1  1  1  1  1] [18 19 20 21 26 27 28 29 34 35 36 37 41 42 43 44 45 46 47 50 51 52 53 54
 55 57 59 60 61 62] [11026  5725 15918 12227  8471  7300  9563  7527  3912  8387  7448 13365
  6461  2447 16247  2683  5400  6589 10193  2790  4093  4607  3165  4865
  4722  4676  6476  3674  6038 10191] [] 1716441445.0872087479
[-1 -1  1 -1  1 -1  1  1  1  1  1  1  1  1  1  1  1  1  1  1  1  1  1  1
  1  1  1  1  1  1  1] [11 18 19 20 21 26 27 28 29 34 35 36 37 41 42 43 44 45 46 47 50 51 52 53
 54 55 57 59 60 61 62] [10869 11144  5451 15946 11634  8482  7083  6985  7126  3645  8204  7074
 13103  5136  2318 15673  2576  5245  6288  8093  2662  3977  4463  3096
  4614  4229  4263  5909  3515  5994 10002] [] 1716441445.1301627159
[ 1  1  1  1  1  1  1  1  1  1 -1  1 -1  1  1 -1  1  1  1  1  1  1  1  1
  1  1  1  1  1  1  1] [11 18 19 20 21 26 27 28 29 34 35 36 37 41 42 43 44 45 46 47 50 51 52 53
 54 55 57 59 60 61 62] [ 9861 11053  4962 15316 11283  8309  6544  6599  7084  3330  8226  6647
 13172  4788  2216 15731  2524  5172  6237  5885  2553  3894  4203  2996
  4317  3892  3839  5249  3411  5951  8850] [] 1716441445.1731936932
[ 1 -1  1  1  1 -1  1  1  1  1 -1  1  1  1  1  1  1  1  1  1  1  1  1  1
  1  1  1  1  1  1  1] [11 18 19 20 21 26 27 28 29 34 35 36 37 41 42 43 44 45 46 47 50 51 52 53
 54 55 57 59 60 61 62] [ 9752 11108  4683 14638 10983  8359  6441  5692  5743  3168  8239  5639
 13121  4305  2095 12423  2398  4964  6036  4647  2402  3342  3977  2963
  3965  3487  3413  4321  3339  5919  8377] [] 1716441445.2162091732
[ 1  1  1  1  1  1  1  1  1  1 -1  1  1  1  1  1  1  1  1  1  1  1  1  1
  1  1  1  1  1  1  1] [11 18 19 20 21 26 27 28 29 34 35 36 37 41 42 43 44 45 46 47 50 51 52 53
 54 55 57 59 60 61 62] [ 9542 10792  4389 14388 10743  8183  6322  4453  4812  2966  8246  5152
 11617  4192  2047 11345  2328  4766  6019  4239  2275  3186  3819  2831
  3758  3303  3286  3993  3189  5883  8044] [] 1716441445.2591791153
[ 1  1  1  1  1  1  1  1  1  1  1  1  1  1  1  1  1  1  1  1  1  1  1  1
  1  1  1 -1  1  1  1  1] [11 18 19 20 21 26 27 28 29 34 35 36 37 41 42 43 44 45 46 47 50 51 52 53
 54 55 57 58 59 60 61 62] [ 9379 10608  4283 14314 10701  8080  6253  4081  4690  2891  8089  4863
 11472  4017  1895 10557  2243  4561  6010  3860  2138  3102  3742  2761
  3439  3071  3223 10835  3781  3111  5859  7695] [] 1716441445.3022079468
[-1 -1 -1  1 -1  1  1  1  1  1  1 -1  1  1 -1  1  1 -1  1  1  1  1  1  1
 -1  1  1  1  1  1  1  1  1  1] [10 11 18 19 20 21 26 27 28 29 34 35 36 37 38 41 42 43 44 45 46 47 50 51
 52 53 54 55 57 58 59 60 61 62] [13824  9390 10740  4212 14495 10694  7969  6184  3733  4628  2799  8239
  4338 11080 14145  3734  1841 10731  2216  4524  5611  3656  1996  2965
  3769  2714  3368  2914  3095 10487  3528  3035  5859  7435] [] 1716441445.3452498913
[ 1 -1 -1  1  1  1 -1  1  1  1 -1  1  1  1  1  1  1  1  1  1  1 -1  1  1
  1  1  1  1  1  1  1  1  1  1  1] [10 11 18 19 20 21 23 26 27 28 29 34 35 36 37 38 41 42 43 44 45 46 47 50
 51 52 53 54 55 57 58 59 60 61 62] [10538  9401 10744  4064 14061 10672 14342  6942  6067  3580  4699  2691
  7315  3818 10772 13889  3428  1775  9552  2187  4367  5659  3538  1920
  2909  3651  2620  3286  2793  3059 10330  3416  2951  5841  7080] [] 1716441445.3883328438
[ 1  1  1  1  1  1  1  1  1  1  1  1  1  1  1  1  1  1  1  1 -1  1  1  1
  1  1  1  1  1  1  1  1  1  1  1] [10 11 18 19 20 21 23 26 27 28 29 34 35 36 37 38 41 42 43 44 45 46 47 50
 51 52 53 54 55 57 58 59 60 61 62] [ 8472  9304  9947  3962 13695 10603 14341  6296  5788  3281  4614  2586
  6979  3647  9758  8327  3235  1694  9373  2127  4449  5269  3200  1819
  2720  3517  2556  3160  2665  2825 10054  3097  2847  5837  6399] [] 1716441445.4311997890
[-1  1 -1  1  1  1  1  1  1  1  1 -1  1  1  1  1  1  1  1  1  1  1  1  1
  1  1  1  1  1  1  1  1  1  1 -1  1 -1] [ 3 10 11 18 19 20 21 23 26 27 28 29 34 35 36 37 38 41 42 43 44 45 46 47
 50 51 52 53 54 55 57 58 59 60 61 62 63] [15160  7414  9347  7525  3824 10840 10488 13525  4991  5767  3089  4643
  2431  5941  3475  9164  6126  3043  1663  8960  2063  3889  5198  2992
  1737  2611  3365  2484  2980  2643  2697  8900  2874  2735  5857  4687
 15339] [] 1716441445.4742038250
[ 1  1  1  1  1  1  1  1  1  1  1  1  1  1  1  1 -1  1  1  1  1  1  1  1
  1  1  1  1  1  1  1  1  1 -1  1  1  1] [ 3 10 11 18 19 20 21 23 26 27 28 29 34 35 36 37 38 41 42 43 44 45 46 47
 50 51 52 53 54 55 57 58 59 60 61 62 63] [ 5323  7151  9297  7219  3776 10706 10371 13253  4709  5735  2935  4157
  2290  5692  3226  8129  6194  2963  1638  8802  2054  3873  5037  2960
  1735  2542  3324  2414  2933  2581  2642  8858  2863  2767  5388  4613
 14891] [] 1716441445.5171692371
[ 1  1  1 -1  1  1  1 -1  1  1  1  1  1  1  1  1  1  1  1  1  1  1  1  1
  1 -1  1  1 -1 -1 -1  1  1  1  1  1  1] [ 3 10 11 18 19 20 21 23 26 27 28 29 34 35 36 37 38 41 42 43 44 45 46 47
 50 51 52 53 54 55 57 58 59 60 61 62 63] [ 5163  6920  9292  7237  3721 10539 10336 13301  4693  5578  2876  4067
  2276  5622  3145  7863  6118  2942  1592  8776  2033  3535  5014  2948
  1705  2549  3274  2378  2957  2602  2655  8831  2795  2703  5385  4575
 11725] [] 1716441445.5602869987
[ 1  1  1  1  1  1 -1  1  1  1  1  1  1  1  1  1  1  1  1  1  1  1  1  1
  1  1  1  1  1  1  1  1  1  1  1  1  1] [ 3 10 11 18 19 20 21 23 26 27 28 29 34 35 36 37 38 41 42 43 44 45 46 47
 50 51 52 53 54 55 57 58 59 60 61 62 63] [ 5025  6847  9269  7220  3692 10430 10432 13188  4643  5528  2858  3979
  2226  5512  3090  7781  5884  2914  1571  8725  2002  3503  4959  2922
  1690  2523  3226  2359  2876  2600  2651  8824  2768  2695  5380  4271
 11503] [] 1716441445.6031861305
[ 1  1  1  1 -1  1  1 -1  1  1  1  1  1 -1  1  1  1  1 -1  1  1  1  1  1
 -1 -1  1 -1  1  1  1 -1 -1  1 -1 -1 -1] [ 3 10 11 18 19 20 21 23 26 27 28 29 34 35 36 37 38 41 42 43 44 45 46 47
 50 51 52 53 54 55 57 58 59 60 61 62 63] [ 4987  6750  9240  7119  3694 10379 10368 13203  4589  5466  2798  3967
  2207  5520  3066  7650  5821  2880  1599  8647  1992  3432  4844  2916
  1709  2538  3190  2360  2818  2569  2642  8836  2769  2687  5388  4389
 11518] [] 1716441445.6462097168
[ 1  1  1 -1  1  1  1  1  1  1  1  1 -1 -1  1  1 -1 -1  1 -1 -1 -1  1 -1
  1  1 -1  1 -1  1  1 -1 -1 -1 -1 -1] [ 3 10 11 18 19 20 21 23 26 27 28 29 34 35 36 37 38 41 42 43 44 45 46 47
 50 51 52 53 54 55 57 58 59 60 61 62] [ 4942  6656  9233  7167  3680 10317 10342 13172  4555  5414  2756  3938
  2218  5527  3046  7647  5878  2958  1578  8658  2027  3496  4839  2936
  1696  2512  3236  2335  2867  2537  2635  8871  2798  2711  5826  4551] [] 1716441445.6892566681
[-1 -1 -1 -1 -1  1  1 -1 -1 -1 -1 -1  1  1 -1 -1 -1 -1 -1 -1 -1 -1 -1 -1
 -1 -1 -1 -1 -1 -1 -1 -1 -1 -1  1 -1] [ 3 10 11 18 19 20 21 23 26 27 28 29 34 35 36 37 38 41 42 43 44 45 46 47
 50 51 52 53 54 55 57 58 59 60 61 62] [ 8544  6800  9266  7183  3684 10211 10296 13231  4573  5443  2774  3987
  2212  5474  3138  8721  7851  3082  1626  8707  2039  3553  4990  3232
  1730  2558  3265  2360  2956  2633  2765  9899  2899  2751  5815  5917] [] 1716441445.7323064804
[-1  1  1 -1 -1  1 -1 -1 -1 -1  1 -1 -1 -1 -1 -1 -1 -1 -1 -1 -1 -1 -1 -1
 -1 -1 -1 -1 -1 -1 -1 -1 -1  1 -1] [10 11 18 19 20 21 23 26 27 28 29 34 35 36 37 38 41 42 43 44 45 46 47 50
 51 52 53 54 55 57 58 59 60 61 62] [ 8047  9190  7177  3712 10367 10275 13446  4671  5698  2871  3985  2314
  5680  3218  8880  9289  3300  1662  8785  2046  3786  5021  3392  1787
  2673  3278  2388  3070  2733  2887  9957  3196  2775  5807  6651] [] 1716441445.7750837803
[-1 -1 -1 -1 -1 -1 -1 -1 -1 -1 -1 -1 -1 -1 -1 -1 -1 -1 -1 -1 -1 -1 -1 -1
 -1 -1 -1 -1 -1 -1 -1 -1 -1  1 -1] [10 11 18 19 20 21 23 26 27 28 29 34 35 36 37 38 41 42 43 44 45 46 47 50
 51 52 53 54 55 57 58 59 60 61 62] [ 9972  9268  8093  3776 12031 10276 13583  5291  5741  3076  4449  2436
  5812  3331  9007  9977  3417  1701  8852  2072  3829  5170  3616  1807
  2775  3318  2410  3139  2807  2925 10231  3274  2807  5794  7326] [] 1716441445.8181936741
[-1  1 -1 -1 -1 -1 -1 -1  1 -1 -1 -1 -1 -1 -1 -1 -1 -1 -1 -1 -1 -1 -1 -1
 -1 -1 -1 -1 -1 -1 -1 -1 -1 -1] [10 11 18 19 20 21 23 26 27 28 29 34 35 36 37 41 42 43 44 45 46 47 50 51
 52 53 54 55 57 58 59 60 61 62] [11291  9210  8186  3832 12895 10312 13732  6079  5714  3156  4491  2525
  5894  3390  9334  3462  1739 10074  2119  3986  5563  3856  1902  2892
  3337  2529  3228  3009  3099 10427  3641  2895  5809  7334] [] 1716441445.8612582684
[ 1 -1 -1 -1  1 -1 -1 -1 -1 -1 -1 -1 -1 -1 -1 -1 -1 -1 -1 -1 -1 -1 -1 -1
 -1 -1 -1 -1 -1 -1 -1] [11 18 19 20 21 26 27 28 29 34 35 36 37 41 42 43 44 45 46 47 50 51 52 53
 54 55 57 59 60 61 62] [ 9160  9776  3848 13309 10225  7452  5726  3516  4534  2609  5961  3853
  9426  3560  1839 10159  2165  4100  5751  4347  2067  3040  3442  2649
  3494  3359  3123  3890  2943  5878  7723] [] 1716441445.9041357040
[-1 -1 -1 -1 -1 -1 -1 -1 -1 -1 -1 -1 -1 -1 -1 -1 -1 -1 -1 -1 -1 -1 -1 -1
 -1 -1 -1 -1 -1  1 -1] [11 18 19 20 21 26 27 28 29 34 35 36 37 41 42 43 44 45 46 47 50 51 52 53
 54 55 57 59 60 61 62] [ 9184  9883  3917 13312 10420  7871  5853  3828  4630  2725  6427  4216
 10283  3782  1883 10414  2259  4484  5821  5445  2166  3098  3483  2675
  3601  3676  3263  4181  3022  5826  7889] [] 1716441445.9471664429
[-1 -1 -1 -1 -1 -1 -1 -1 -1 -1 -1 -1 -1 -1 -1 -1 -1 -1 -1 -1 -1 -1 -1 -1
 -1 -1 -1 -1 -1 -1 -1] [11 18 19 20 21 26 27 28 29 34 35 36 37 41 42 43 44 45 46 47 50 51 52 53
 54 55 57 59 60 61 62] [ 9390 10472  4038 13580 10429  7897  5898  4131  4714  2854  6870  4479
 10593  4392  2084 14911  2348  4557  6002 11034  2329  3420  3763  2760
  3956  4680  3746  5258  3195  5960  9035] [] 1716441445.9902045727
[-1 -1 -1 -1 -1 -1 -1 -1 -1 -1  1 -1 -1 -1 -1 -1 -1 -1 -1 -1 -1 -1 -1 -1
 -1 -1 -1 -1 -1  1 -1] [11 18 19 20 21 26 27 28 29 34 35 36 37 41 42 43 44 45 46 47 50 51 52 53
 54 55 57 59 60 61 62] [10615 10608  4418 14092 10783  8010  6276  5401  6632  3076  6753  5018
 10990  5421  2164 14985  2445  4624  7010 13233  2502  3783  3935  2858
  4236  5635  4095  6425  3293  5915 10151] [] 1716441446.0331711769
[ 1 -1 -1 -1 -1  1 -1 -1 -1  1 -1 -1 -1 -1  1 -1 -1  1 -1  1 -1 -1 -1 -1
 -1 -1 -1  1] [18 19 20 21 26 27 28 29 34 35 36 37 41 42 43 44 45 46 50 51 52 53 54 55
 57 59 60 61] [10489  4535 14452 11073  8162  6239  6375  6822  3315  6690  5290 11059
  6022  2310 14840  2474  4713  6975  2634  3729  4283  2891  4446  6376
  4797  7911  3399  5870] [] 1716441446.0761682987
[-1 -1  1 -1 -1 -1 -1 -1 -1 -1 -1 -1 -1  1 -1 -1 -1 -1 -1 -1 -1 -1 -1 -1
 -1 -1 -1] [18 19 20 26 27 28 29 34 35 36 37 41 42 43 44 45 46 50 51 52 53 54 55 57
 59 60 61] [10616  4794 14426  8323  6343  7772  7862  3599  7300  5467 11729  6633
  2439 14701  2542  4753  7085  2720  3828  4423  2932  4699  8092  5288
  9046  3420  5957] [] 1716441446.1191468239
[-1 -1 -1 -1 -1 -1  1 -1  1 -1 -1 -1 -1  1 -1 -1 -1 -1 -1 -1 -1 -1 -1 -1
 -1  1] [18 19 20 26 27 28 29 34 35 36 37 41 42 43 44 45 46 50 51 52 53 54 57 59
 60 61] [10915  5207 14880  8433  6501  9477  7837  3700  7285  5752 13212  7067
  2606 14624  2673  4804  7148  3048  4063  4624  3039  4735  5877  9451
  3605  5852] [] 1716441446.1622166634
[-1 -1  1 -1 -1 -1 -1  1 -1 -1  1 -1 -1 -1 -1 -1 -1 -1 -1 -1 -1 -1 -1 -1
 -1] [19 20 26 27 28 29 34 35 36 37 41 42 43 44 45 46 50 51 52 53 54 57 59 60
 61] [ 6419 16298  8411  6982 10553  8349  4057  7194  6694 15231  6924  2876
 14786  2751  5598  7314  3339  4358  4802  3150  4929  6462  9606  3730
  5979] [] 1716441446.2051146030
[-1 -1 -1 -1 -1 -1  1 -1 -1 -1  1 -1 -1 -1 -1 -1 -1 -1 -1 -1 -1 -1 -1] [19 26 27 28 29 34 35 36 41 42 43 44 45 46 50 51 52 53 54 57 59 60 61] [ 9250  8623  7203 10589 10908  4452  7178 11124  7312  3235 14701  2844
  5839  9345  3626  4466  5055  3550  5115  7898 12544  3757  5993] [] 1716441446.2481741905
[-1 -1 -1 -1 -1 -1 -1 -1 -1 -1 -1 -1 -1 -1 -1 -1 -1 -1 -1 -1 -1 -1] [19 26 27 28 29 34 35 36 41 42 43 44 45 46 50 51 52 53 54 57 60 61] [10087  8877  8814 10705 11126  4726  7329 12096  9062  3587 14787  3037
  5853 12038  4040  4574  5522  3676  5580  8120  3984  6009] [] 1716441446.2911536694
[-1 -1 -1 -1 -1 -1 -1 -1 -1  1 -1 -1 -1 -1 -1 -1 -1 -1 -1 -1] [19 26 27 28 34 35 36 41 42 43 44 45 50 51 52 53 54 57 60 61] [10133 11088 13276 10723  5953  7554 12301 11020  4022 14597  3264  5946
  4284  5163  6277  3773  6059  8779  4447  6117] [] 1716441446.3341877460
[-1 -1 -1 -1 -1 -1 -1 -1  1 -1 -1 -1 -1 -1 -1 -1 -1 -1 -1] [19 27 28 34 35 36 41 42 43 44 45 50 51 52 53 54 57 60 61] [10563 13608 10939  6776  7737 14388 12747  4333 14582  3554  6120  4330
  6154  6596  4012  7489 12394  4895  6209] [] 1716441446.3771681786
[-1  1  1 -1 -1 -1 -1 -1 -1 -1 -1 -1 -1 -1 -1] [19 27 28 34 35 42 44 45 50 51 52 53 54 60 61] [10780 13553 10885  8289  8044  4422  3719  6186  4529  6179  8715  4195
 11519  5008  6250] [] 1716441446.4201171398
[-1  1  1 -1 -1 -1 -1 -1 -1 -1 -1 -1 -1 -1] [27 28 34 35 42 44 45 50 51 52 53 54 60 61] [13561 10799  8054  8421  4797  4309  7355  4975  7114  9395  4666 12717
  5850  6538] [] 1716441446.4631111622
[-1 -1 -1 -1 -1 -1 -1 -1 -1 -1 -1 -1] [28 34 35 42 44 45 50 51 52 53 60 61] [10904 14998 10220  5222  4975  7484  5730  7317  9480  4960  7972  6776] [] 1716441446.5061774254
[-1 -1 -1 -1 -1 -1 -1 -1 -1 -1 -1] [28 35 42 44 45 50 51 52 53 60 61] [11537 10706  5350  5850  7674  6051  7349  9642  5106 15461  6932] [] 1716441446.5491573811
[-1 -1 -1 -1 -1 -1 -1 -1 -1 -1] [28 35 42 44 45 50 51 52 53 61] [11868 13072  6204  9034  8024  6410  7420 10571  5546  7304] [] 1716441446.5920860767
[-1 -1 -1 -1 -1 -1 -1 -1 -1] [35 42 44 45 50 51 52 53 61] [15785  6382 12280  8373  7805  7669 12005  6028  7591] [] 1716441446.6351232529
[-1 -1 -1 -1 -1 -1 -1] [35 42 44 45 50 51 53] [16122  9779 13107 10962  7961  8722  8394] [] 1716441446.6781044006
[-1 -1 -1 -1 -1 -1] [42 44 45 50 51 53] [11721 13295 11246  7998  9049 16093] [] 1716441446.7211451530
[-1 -1] [42 50] [12642  9554] [] 1716441446.7640607357
[-1 -1] [42 50] [13305  9991] [] 1716441446.8070328236
2 2 2 1716441446.9985182285
