FA TAX ADC PRES TS
[-1] [42] [12479] [] 1716441421.2652390003
[1] [42] [12249] [] 1716441421.3081853390
[ 1 -1 -1] [42 44 50] [12230 13293 10502] [] 1716441421.3512892723
[1 1] [42 44] [12228 12869] [] 1716441421.3942344189
[ 1 -1 -1] [42 44 50] [ 9559 13380 10279] [] 1716441421.4373176098
[ 1 -1 -1  1 -1] [42 44 45 50 53] [ 9191 14055 12108  9478 10901] [] 1716441421.4802942276
[1 1 1 1 1] [42 44 45 50 53] [ 7173 13248 11970  9238  8966] [] 1716441421.5232729912
[ 1  1 -1 -1  1 -1] [42 44 45 50 53 61] [ 7151 12995 12218  9264  8910  8271] [] 1716441421.5662453175
[ 1 -1  1  1  1  1] [42 44 45 50 53 61] [ 6206 13053 12039  9169  7747  8022] [] 1716441421.6092164516
[1 1 1 1 1 1] [42 44 45 50 53 61] [ 5291 11621  9717  8892  7250  7575] [] 1716441421.6522541046
[ 1 -1 -1 -1  1  1] [42 44 45 50 53 61] [ 5110 11673 11504  8943  6480  7375] [] 1716441421.6952941418
[ 1  1 -1  1 -1 -1  1] [42 44 45 50 51 53 61] [ 4935 10171 11593  8178 12109  6570  7245] [] 1716441421.7382771969
[ 1  1  1  1  1  1 -1  1] [42 44 45 50 51 53 60 61] [ 4589  6778  9131  7812 11252  6140 16285  7227] [] 1716441421.7812454700
[-1 -1  1  1  1  1 -1  1  1 -1] [28 42 44 45 50 51 52 53 60 61] [12128  4592  6602  8763  7669 11117  8691  5988  9305  7344] [] 1716441421.8243515491
[ 1  1  1 -1  1  1  1  1  1  1] [28 42 44 45 50 51 52 53 60 61] [11806  4390  6025  9330  7499 11093  8484  5825  7841  7098] [] 1716441421.8673048019
[ 1  1  1  1  1  1  1  1  1 -1] [28 42 44 45 50 51 52 53 60 61] [11695  4377  5329  9158  6254 10197  8201  5762  7517  7103] [] 1716441421.9103643894
[ 1 -1  1  1  1  1  1  1  1 -1  1  1] [28 34 42 44 45 50 51 52 53 54 60 61] [11547 14241  4120  4946  8665  6010  9573  7950  5684 12671  7190  6997] [] 1716441421.9533226490
[ 1  1 -1  1  1  1  1  1  1  1  1  1] [28 34 42 44 45 50 51 52 53 54 60 61] [11151 13893  4165  4745  8284  5729  8953  7815  5559 12438  6446  6966] [] 1716441421.9963479042
[-1 -1  1 -1  1  1  1 -1  1 -1  1  1  1  1  1] [19 28 34 41 42 44 45 46 50 51 52 53 54 60 61] [11071 11621 12717 16193  3960  4543  8218 12496  5278  9381  7536  5489
 12259  5663  6799] [] 1716441422.0392334461
[ 1 -1  1 -1  1  1  1  1  1  1  1  1  1  1 -1  1  1] [19 28 34 36 41 42 44 45 46 50 51 52 53 54 57 60 61] [10828 11647 12434 15163 15339  3869  4188  8002 12091  4875  9247  7392
  5160 12019 16154  5060  6651] [] 1716441422.0822587013
[1 1 1 1 1 1 1 1 1 1 1 1 1 1 1 1 1] [19 28 34 36 41 42 44 45 46 50 51 52 53 54 57 60 61] [10595 11620 11958 14687 15263  3814  4022  7805 10077  4553  9143  7369
  4868 11905 13849  4836  6627] [] 1716441422.1252357960
[-1 -1 -1  1 -1 -1 -1  1  1  1  1  1  1  1  1  1  1  1  1] [19 26 27 28 34 36 41 42 44 45 46 50 51 52 53 54 57 60 61] [10666 12009 14757 11487 12149 14781 15425  3725  3975  7532  9825  4393
  8872  7229  4715 11802 11898  4738  6497] [] 1716441422.1684272289
[1 1 1 1 1 1 1 1 1 1 1 1 1 1 1 1 1 1 1] [19 26 27 28 34 36 41 42 44 45 46 50 51 52 53 54 57 60 61] [10586 11752 14142 11422 10765 14652 15391  3526  3732  7419  8644  4054
  8805  6999  4492 11627 11383  4514  6362] [] 1716441422.2113206387
[ 1  1  1  1 -1 -1  1 -1  1  1  1  1  1  1  1  1  1 -1  1  1] [19 26 27 28 29 34 36 41 42 44 45 46 50 51 52 53 54 57 60 61] [ 9734 11456 13680 11235 10305 10823 14262 15519  3352  3595  7335  7827
  3795  7305  6724  4315 11531 11584  4402  6268] [] 1716441422.2542726994
[ 1  1  1  1  1  1 -1 -1  1  1  1  1  1  1  1  1  1  1  1  1  1] [19 26 27 28 29 34 35 36 41 42 44 45 46 50 51 52 53 54 57 60 61] [ 8638  9596 13549 10209  9994  9662 15653 14875 14485  3202  3506  7269
  7407  3660  5603  6203  3994 11323 11174  4262  6118] [] 1716441422.2972779274
[ 1  1  1  1  1  1  1  1  1  1  1  1  1  1  1  1  1  1 -1  1  1 -1] [19 26 27 28 29 34 35 36 41 42 44 45 46 50 51 52 53 54 55 57 60 61] [ 7515  9369 13508  8935  9626  9523 15577 12377 11435  3103  3383  7209
  7271  3496  4947  6054  3832 10862 11249  9611  4239  6122] [] 1716441422.3404951096
[ 1  1 -1  1  1  1 -1  1  1  1  1  1  1  1  1  1  1  1  1  1 -1 -1  1] [19 26 27 28 29 34 35 36 41 42 44 45 46 50 51 52 53 54 55 57 59 60 61] [ 6965  9189 13560  8867  9531  8863 15651 10329  9157  3056  3193  6214
  7083  3245  4833  5858  3759 10621  8852  8910 11300  4252  6096] [] 1716441422.3832788467
[ 1  1  1  1  1  1  1  1  1  1 -1  1  1  1  1  1  1  1  1  1  1  1 -1 -1
 -1] [19 26 27 28 29 34 35 36 41 42 43 44 45 46 50 51 52 53 54 55 57 59 60 61
 62] [ 6315  8905 10997  8767  9243  8111 15498  9085  8039  2968 15020  3115
  5679  6153  2908  4716  5742  3709  7843  6437  6895  7102  4265  6149
 11918] [] 1716441422.4262979031
[ 1 -1  1  1  1 -1  1  1  1  1  1  1  1  1  1  1  1 -1 -1  1  1  1  1  1
  1  1] [19 20 26 27 28 29 34 35 36 41 42 43 44 45 46 50 51 52 53 54 55 57 59 60
 61 62] [ 5632 15180  8766 10292  8294  9254  7980 14657  7855  6860  2855 12937
  3068  5306  6083  2720  4506  5754  3726  7054  5593  5835  6020  4188
  6143 11069] [] 1716441422.4692668915
[ 1  1 -1  1  1  1  1  1  1  1  1  1  1  1  1  1  1  1  1  1  1  1  1  1
  1  1  1] [19 20 21 26 27 28 29 34 35 36 41 42 43 44 45 46 50 51 52 53 54 55 57 59
 60 61 62] [ 5409 14664 11932  8647 10124  7766  8985  7922 13417  7385  6186  2714
 12645  2958  5169  5734  2621  4252  5577  3648  5835  5095  5384  5541
  4146  6043 10017] [] 1716441422.5123531818
[ 1  1  1  1  1  1  1  1  1  1  1  1  1  1 -1  1 -1  1  1 -1  1  1  1  1
  1  1  1  1] [19 20 21 26 27 28 29 34 35 36 41 42 43 44 45 46 47 50 51 52 53 54 55 57
 59 60 61 62] [ 4947 14312 11311  8361  9966  7143  8632  6824 13118  6366  5722  2601
 12415  2888  5175  5454 16042  2575  4163  5578  3583  5546  4534  4812
  4901  4015  6042  8419] [] 1716441422.5552847385
[-1  1  1  1  1  1  1 -1  1 -1  1  1  1  1  1  1 -1  1  1  1  1  1  1  1
  1  1  1  1  1] [11 19 20 21 26 27 28 29 34 35 36 41 42 43 44 45 46 47 50 51 52 53 54 55
 57 59 60 61 62] [10225  4878 14200 11085  8051  9622  7021  8686  6609 13308  6065  5403
  2478 12264  2847  4745  5460 10438  2506  3960  5231  3397  4357  4217
  4583  4567  3839  5994  7566] [] 1716441422.5983633995
[ 1  1  1  1  1  1  1  1  1  1  1  1  1  1  1  1 -1  1  1  1  1  1  1  1
  1  1  1  1  1] [11 19 20 21 26 27 28 29 34 35 36 41 42 43 44 45 46 47 50 51 52 53 54 55
 57 59 60 61 62] [ 9611  4490 14180 10931  7479  9015  6006  8475  5854 13077  5782  4985
  2430 12224  2774  4535  5467  7242  2408  3733  5074  3348  4352  4181
  4192  4252  3738  5968  6706] [] 1716441422.6413149834
[-1  1  1  1  1  1  1  1  1 -1  1 -1  1  1  1  1  1  1  1  1  1  1  1  1
  1  1  1  1 -1  1] [11 19 20 21 26 27 28 29 34 35 36 37 41 42 43 44 45 46 47 50 51 52 53 54
 55 57 59 60 61 62] [ 9710  4338 13560 10749  6219  8067  5443  8017  5602 15340  5153 15587
  4109  2389 10665  2658  4089  5294  5362  2371  3690  4755  3102  4055
  4014  3929  3891  3594  6004  5892] [] 1716441422.6843135357
[ 1 -1  1  1  1  1  1  1  1  1  1  1  1 -1  1  1  1  1  1  1  1  1  1  1
  1  1  1  1  1  1  1  1] [11 18 19 20 21 26 27 28 29 34 35 36 37 38 41 42 43 44 45 46 47 50 51 52
 53 54 55 57 59 60 61 62] [ 9606 13864  4197 13162 10639  5247  6836  5102  7121  5245 13752  5101
 15105 10973  3916  2295 10475  2580  3943  5290  4717  2280  3661  4529
  3071  3980  3622  3675  3583  3419  5945  4579] [] 1716441422.7273917198
[ 1  1  1  1  1  1  1  1  1  1  1  1 -1  1  1  1  1  1  1  1  1  1  1  1
  1  1  1  1  1  1  1  1] [11 18 19 20 21 26 27 28 29 34 35 36 37 38 41 42 43 44 45 46 47 50 51 52
 53 54 55 57 59 60 61 62] [ 9478 11629  4043 12544 10611  4567  6667  4571  6340  4670 13496  4585
 15129 10649  3802  2181 10403  2572  3857  4900  4401  2214  3533  4406
  3054  3922  3476  3491  3473  3389  5871  4102] [] 1716441422.7702989578
[ 1  1  1 -1  1  1  1  1  1  1 -1  1  1  1  1  1  1  1  1  1  1  1  1  1
  1  1  1  1 -1  1  1  1  1] [11 18 19 20 21 26 27 28 29 34 35 36 37 38 41 42 43 44 45 46 47 50 51 52
 53 54 55 57 58 59 60 61 62] [ 9368  9780  3927 13034 10477  4275  6499  4316  6299  4507 13710  4477
 14372  9108  3556  2090 10125  2470  3636  4742  3944  2127  3399  4255
  2973  3719  3206  3322 13727  3258  3315  5860  3720] [] 1716441422.8133251667
[ 1  1  1 -1 -1  1  1  1  1  1  1  1  1  1  1  1  1  1  1  1  1  1  1  1
  1  1  1  1  1  1  1 -1  1] [11 18 19 20 21 26 27 28 29 34 35 36 37 38 41 42 43 44 45 46 47 50 51 52
 53 54 55 57 58 59 60 61 62] [ 9358  7305  3904 13326 10547  3875  6456  4088  5765  4405 11115  4285
 13809  8941  3486  2038  9342  2408  3518  4711  3704  2113  3252  4240
  2901  3521  3125  3222 10415  3145  3213  5939  3437] [] 1716441422.8563783169
[-1  1  1  1  1 -1  1  1  1  1  1 -1  1 -1  1  1  1  1  1  1  1  1  1  1
  1  1  1  1  1  1  1  1  1  1] [10 11 18 19 20 21 26 27 28 29 34 35 36 37 38 41 42 43 44 45 46 47 50 51
 52 53 54 55 57 58 59 60 61 62] [14984  9214  6931  3828 12887 10559  3785  6397  3886  5742  4224 11464
  4254 14108  8884  3434  1976  8283  2292  3433  4605  3398  1973  3094
  4126  2895  3182  2898  3091 10335  3004  3119  5839  3135] [] 1716441422.8993487358
[ 1  1  1  1  1 -1  1  1  1  1 -1  1  1  1 -1  1  1  1  1  1  1  1  1  1
  1  1  1  1  1  1  1  1  1 -1  1] [10 11 18 19 20 21 26 27 28 29 33 34 35 36 37 38 41 42 43 44 45 46 47 50
 51 52 53 54 55 57 58 59 60 61 62] [12302  9178  6373  3738 11901 10772  3747  6368  3579  5719 13680  4104
 10691  3954 14416  7341  3150  1919  8020  2251  3166  4558  3076  1899
  2904  3870  2765  2976  2777  2909 10117  2835  3015  5879  2813] [] 1716441422.9423513412
[-1  1 -1  1  1  1  1  1  1  1  1  1  1  1  1  1  1  1  1  1  1  1  1  1
  1  1  1  1  1  1  1 -1  1  1  1  1] [ 3 10 11 18 19 20 21 26 27 28 29 33 34 35 36 37 38 41 42 43 44 45 46 47
 50 51 52 53 54 55 57 58 59 60 61 62] [10036 10692  9287  5359  3626 11679 10580  3589  6261  3389  5678 13484
  3691  9037  3885 14152  7234  3087  1902  7889  2196  3142  4540  3016
  1859  2879  3780  2751  2895  2744  2846 10135  2760  2975  5830  2751] [] 1716441422.9853236675
[ 1  1  1  1  1  1  1  1  1  1  1  1  1  1  1  1  1  1  1  1  1  1  1  1
  1  1  1  1  1  1  1  1  1  1 -1  1 -1] [ 3 10 11 18 19 20 21 26 27 28 29 33 34 35 36 37 38 41 42 43 44 45 46 47
 50 51 52 53 54 55 57 58 59 60 61 62 63] [ 9482 10476  9205  5270  3584 11142 10391  3537  6239  3339  5618 13326
  3666  8990  3750 14124  6461  2947  1860  7833  2138  3108  4533  2930
  1804  2857  3662  2663  2872  2701  2823  9911  2674  2935  5833  2743
 11356] [] 1716441423.0284175873
[ 1  1  1  1  1  1  1  1  1  1  1  1  1  1  1 -1  1  1  1  1  1  1  1 -1
  1  1  1  1  1  1  1  1 -1 -1  1  1 -1] [ 3 10 11 18 19 20 21 26 27 28 29 33 34 35 36 37 38 41 42 43 44 45 46 47
 50 51 52 53 54 55 57 58 59 60 61 62 63] [ 8244  9879  8529  4763  3520  9243 10299  3491  6174  3237  5269 13204
  3426  8840  3642 14164  6290  2890  1844  7774  2138  3092  4483  2936
  1794  2832  3648  2641  2800  2685  2807  7752  2677  2975  5826  2679
 11415] [] 1716441423.0713093281
[-1  1  1  1  1  1 -1 -1  1  1 -1  1  1  1  1  1  1  1  1 -1 -1  1  1  1
  1  1  1  1  1  1  1  1  1  1 -1  1  1] [ 3 10 11 18 19 20 21 26 27 28 29 33 34 35 36 37 38 41 42 43 44 45 46 47
 50 51 52 53 54 55 57 58 59 60 61 62 63] [ 8287  9811  8499  4701  3504  9155 10318  3493  6127  3215  5355 13188
  3386  8634  3561 13992  6209  2860  1830  7820  2140  3073  4455  2888
  1788  2813  3617  2614  2786  2684  2755  7662  2655  2919  5897  2675
 11226] [] 1716441423.1143372059
[ 1  1 -1 -1  1  1 -1  1  1  1  1  1  1  1  1 -1 -1  1  1  1  1  1  1  1
  1  1 -1  1  1  1 -1 -1 -1  1  1  1 -1] [ 3 10 11 18 19 20 21 26 27 28 29 33 34 35 36 37 38 41 42 43 44 45 46 47
 50 51 52 53 54 55 57 58 59 60 61 62 63] [ 8254  9584  8500  4779  3468  9113 10444  3479  6111  3192  5301 13184
  3302  8603  3549 13994  6221  2852  1828  7798  2095  3062  4451  2864
  1769  2804  3633  2612  2771  2682  2759  7678  2689  2903  5818  2642
 11243] [] 1716441423.1573131084
[-1  1  1  1  1  1  1  1  1  1  1 -1  1  1  1  1 -1 -1 -1  1  1 -1 -1 -1
 -1 -1  1  1  1 -1  1 -1  1 -1 -1 -1  1] [ 3 10 11 18 19 20 21 26 27 28 29 33 34 35 36 37 38 41 42 43 44 45 46 47
 50 51 52 53 54 55 57 58 59 60 61 62 63] [ 8349  9483  8477  4703  3460  9095 10374  3471  6080  3171  5010 13200
  3271  8584  3501 13824  6933  2898  1861  7791  2094  3080  4467  2884
  1791  2821  3599  2602  2768  2705  2754  9672  2681  2911  5869  2703
 11019] [] 1716441423.2001740932
[-1 -1 -1 -1  1 -1  1  1 -1 -1 -1  1 -1 -1 -1 -1  1 -1  1  1 -1 -1 -1 -1
  1 -1 -1 -1 -1  1 -1 -1 -1  1  1 -1] [ 3 10 11 18 19 20 21 26 27 28 29 33 34 35 36 37 38 41 42 43 44 45 46 47
 50 51 52 53 54 55 57 58 59 60 61 62] [ 9340  9582  8498  5119  3456  9331 10260  3425  6113  3244  5443 13160
  3329  8708  3647 13848  6932  2960  1850  7773  2124  3148  4527  3048
  1786  2833  3628  2622  2887  2704  2825  9771  2791  2903  5757  2829] [] 1716441423.2433934212
[-1 -1 -1 -1 -1  1 -1 -1 -1 -1  1 -1  1 -1 -1 -1 -1 -1 -1 -1  1  1 -1 -1
 -1 -1 -1 -1 -1 -1 -1 -1 -1 -1 -1] [10 11 18 19 20 21 26 27 28 29 33 34 35 36 37 38 41 42 43 44 45 46 47 50
 51 52 53 54 55 57 58 59 60 61 62] [10140  9139  5207  3480 10847 10208  3455  6132  3248  5518 13150  3488
  8584  3657 13960  7141  3069  1895  7808  2151  3148  4479  3248  1842
  2905  3774  2722  2992  2820  2873  9863  2874  2982  5759  2971] [] 1716441423.2864644527
[-1 -1 -1 -1 -1  1 -1 -1 -1 -1 -1 -1 -1 -1 -1 -1 -1 -1 -1 -1 -1 -1 -1 -1
 -1 -1 -1 -1 -1 -1 -1 -1 -1 -1 -1] [10 11 18 19 20 21 26 27 28 29 33 34 35 36 37 38 41 42 43 44 45 46 47 50
 51 52 53 54 55 57 58 59 60 61 62] [11812  9181  5267  3520 10909 10188  3495  6167  3421  5533 13203  3845
  8903  3810 14016  7523  3125  1947  8898  2190  3357  4521  3456  1914
  2996  3880  2801  3070  2909  3035 12269  2972  3063  5763  3311] [] 1716441423.3294835091
[-1 -1 -1 -1 -1 -1 -1 -1 -1 -1 -1 -1 -1 -1 -1 -1 -1 -1 -1 -1 -1 -1 -1 -1
 -1 -1 -1 -1 -1 -1 -1 -1 -1 -1 -1] [10 11 18 19 20 21 26 27 28 29 33 34 35 36 37 38 41 42 43 44 45 46 47 50
 51 52 53 54 55 57 58 59 60 61 62] [13988  9194  6755  3608 11115 10301  3607  6201  3540  5603 13337  3892
 10313  3834 14231  8951  3322  1965  9005  2272  3422  4644  4120  1986
  3089  3887  2806  3450  3286  3227 12581  3140  3143  5823  3716] [] 1716441423.3722660542
[-1 -1 -1 -1  1 -1 -1 -1 -1 -1 -1  1 -1  1 -1 -1 -1 -1 -1 -1 -1 -1 -1 -1
 -1 -1 -1 -1 -1 -1 -1 -1  1 -1] [11 18 19 20 21 26 27 28 29 33 34 35 36 37 38 41 42 43 44 45 46 47 50 51
 52 53 54 55 57 58 59 60 61 62] [ 9205  8692  3712 11242 10164  3686  6250  3788  6137 13429  4050  9763
  4013 13909 10362  3535  2031  9133  2328  3526  5162  4852  2039  3214
  3989  2849  3582  3679  3411 13125  3364  3239  5791  4322] [] 1716441423.4153547287
[-1 -1 -1 -1 -1 -1 -1 -1 -1 -1 -1 -1 -1 -1 -1 -1 -1 -1 -1 -1 -1 -1 -1 -1
 -1 -1 -1 -1 -1 -1 -1  1 -1] [11 18 19 20 21 26 27 28 29 34 35 36 37 38 41 42 43 44 45 46 47 50 51 52
 53 54 55 57 58 59 60 61 62] [ 9289  9164  3810 12243 10352  3959  6376  3992  6163  4403 11172  4133
 14079 10672  3538  2053 10065  2431  3597  5208  5900  2098  3364  4106
  2870  3625  3803  3499 14399  3522  3343  5773  4922] [] 1716441423.4584612846
[-1 -1 -1 -1 -1 -1  1 -1 -1 -1 -1 -1  1 -1 -1 -1 -1 -1  1 -1 -1 -1 -1 -1
 -1 -1 -1 -1 -1 -1 -1 -1] [11 18 19 20 21 26 27 28 29 34 35 36 37 41 42 43 44 45 46 47 50 51 52 53
 54 55 57 58 59 60 61 62] [ 9325 11202  3920 12383 10399  4147  6370  4119  6211  4451 11348  4238
 13883  4180  2157 10225  2491  3930  5155 14703  2234  3498  4256  3080
  3746  4304  3775 14527  4007  3423  5788  6251] [] 1716441423.5014281273
[-1 -1 -1 -1 -1 -1 -1 -1 -1 -1  1 -1 -1 -1 -1 -1 -1 -1 -1 -1 -1 -1 -1 -1
 -1 -1  1 -1 -1 -1 -1] [11 18 19 20 21 26 27 28 29 34 35 36 37 41 42 43 44 45 46 50 51 52 53 54
 55 57 58 59 60 61 62] [10016 11364  4174 12735 10586  5503  7723  5017  6475  5169 11318  4475
 15343  4638  2306 10254  2558  4104  5205  2318  3587  4415  3122  3884
  4927  4135 14507  4404  3477  5789  8796] [] 1716441423.5442237854
[ 1  1 -1 -1 -1 -1 -1 -1 -1 -1 -1  1 -1 -1 -1 -1 -1 -1 -1 -1 -1 -1 -1 -1
 -1 -1  1 -1 -1] [18 19 20 21 26 27 28 29 34 35 36 37 41 42 43 44 45 46 50 51 52 53 54 55
 57 59 60 61 62] [11195  4144 12860 10867  7258  7772  5760  7527  5307 11488  4611 15295
  4942  2382 11871  2614  4482  5215  2415  3649  4686  3174  4546  6705
  4389  4818  3468  5829  9891] [] 1716441423.5874249935
[-1 -1 -1 -1 -1 -1 -1 -1 -1 -1 -1 -1 -1 -1 -1 -1 -1 -1 -1 -1 -1 -1 -1 -1
 -1 -1 -1 -1] [18 19 20 21 26 27 28 29 34 35 36 41 42 43 44 45 46 50 51 52 53 54 55 57
 59 60 61 62] [11488  4427 13154 11078  8366  7926  6323  8046  5382 11546  4996  5480
  2479 12076  2725  4725  5317  2515  3976  4927  3282  4927  9588  4986
  5755  3606  5878 11905] [] 1716441423.6304666996
[-1 -1 -1 -1 -1 -1 -1 -1 -1 -1 -1 -1 -1 -1 -1 -1 -1 -1 -1 -1 -1 -1 -1 -1
  1] [19 20 21 26 27 28 29 34 35 36 41 42 43 44 45 46 50 51 52 53 54 57 59 60
 61] [ 4607 13974 11672  8374  9338  7028  8552  5712 12149  5347  5654  2603
 12461  2810  4964  5791  2612  4101  5148  3341  4932  5237  7770  3651
  5862] [] 1716441423.6734728813
[-1 -1 -1 -1 -1 -1 -1 -1 -1 -1 -1 -1 -1 -1 -1 -1 -1 -1 -1 -1 -1 -1 -1] [19 20 26 27 28 29 34 35 36 41 42 44 45 46 50 51 52 53 54 57 59 60 61] [ 5006 15035  8510  9580  8295  8586  6430 12322  6223  7072  2754  2948
  5232  6035  2779  4130  5471  3540  5794  6301 15886  3754  5888] [] 1716441423.7162973881
[-1 -1 -1 -1 -1 -1  1 -1 -1 -1 -1 -1 -1 -1 -1 -1 -1 -1 -1 -1 -1] [19 26 27 28 29 34 35 36 41 42 44 45 46 50 51 52 53 54 57 60 61] [ 5758  8902 10534  8455  9361  7433 12283  7489  7979  2927  3033  5244
  6188  2912  4167  5600  3571  7227  6652  3783  5977] [] 1716441423.7594063282
[-1 -1 -1 -1 -1 -1  1 -1 -1 -1 -1 -1 -1 -1 -1 -1 -1 -1 -1 -1 -1] [19 26 27 28 29 34 35 36 41 42 44 45 46 50 51 52 53 54 57 60 61] [ 6440  9169 11432  9223 11547  7835 11491  7745  9364  3168  3263  6945
  7376  3547  4804  5740  3792  9399  7768  4070  6045] [] 1716441423.8023498058
[-1 -1 -1 -1 -1  1 -1 -1 -1 -1 -1 -1 -1 -1 -1 -1 -1 -1 -1 -1] [19 26 27 28 34 35 36 41 42 44 45 46 50 51 52 53 54 57 60 61] [10245 11549 13262 10667  9297 11138 10737 14631  3286  3333  7005  8401
  3643  5144  5871  3897 11527  8351  4106  6064] [] 1716441423.8453757763
[-1 -1 -1 -1 -1 -1 -1 -1 -1 -1 -1 -1 -1 -1 -1 -1 -1 -1 -1 -1] [19 26 27 28 34 35 36 41 42 44 45 46 50 51 52 53 54 57 60 61] [10430 12080 13732 10763  9483 12708 13365 15287  3424  3505  7225 11747
  3978  5271  6630  4093 12134 12137  4336  6224] [] 1716441423.8883662224
[-1  1 -1 -1 -1 -1 -1 -1 -1 -1 -1 -1 -1 -1 -1] [19 28 34 35 36 42 44 45 50 51 52 53 54 60 61] [10518 10697  9511 13032 14113  3528  3680  7279  4407  5576  6906  4419
 12607  4620  6437] [] 1716441423.9312157631
[-1 -1 -1 -1 -1 -1 -1 -1 -1 -1 -1 -1 -1 -1] [19 28 34 35 36 42 44 45 50 51 52 53 60 61] [11799 10734 12123 15001 15023  3543  3922  7484  4845  7578  7143  4940
  5152  6528] [] 1716441423.9743444920
[-1 -1  1 -1 -1 -1 -1 -1 -1 -1 -1 -1] [28 34 36 42 44 45 50 51 52 53 60 61] [10997 12253 14531  3646  4291  7848  5340  8351  7569  5368  6522  6810] [] 1716441424.0171780586
[-1 -1 -1 -1 -1 -1 -1 -1 -1 -1] [28 42 44 45 50 51 52 53 60 61] [11405  3944  4769  8266  6226  8560  7883  5652  7454  7073] [] 1716441424.0601487160
[-1 -1 -1 -1 -1 -1 -1 -1 -1 -1] [28 42 44 45 50 51 52 53 60 61] [11554  4357  6120  8648  7149 10965  8809  5985 15085  7350] [] 1716441424.1033363342
[-1 -1 -1 -1 -1 -1 -1 -1] [42 44 45 50 51 52 53 61] [ 4647  8888  8919  7755 11245  9930  6519  7692] [] 1716441424.1462726593
[-1 -1 -1 -1 -1 -1 -1] [42 44 45 50 52 53 61] [ 4781 12045 11610  8835 13507  7047  7730] [] 1716441424.1892735958
[-1 -1 -1 -1 -1] [42 44 45 50 53] [ 6622 12697 11828  9082  8329] [] 1716441424.2321431637
[-1 -1  1] [42 44 50] [ 8615 12742  9057] [] 1716441424.2752346992
[-1 -1] [42 50] [ 9471 15593] [] 1716441424.3182568550
[-1 -1] [42 50] [13113 16131] [] 1716441424.3611717224
2 2 2 1716441424.5335218906
