FA TAX ADC PRES TS
[-1] [50] [10798] [] 1716441715.3598501682
[1] [50] [10471] [] 1716441715.4028372765
[1] [50] [10041] [] 1716441715.4458296299
[-1 -1] [42 50] [12201 10134] [] 1716441715.4888617992
[1 1] [42 50] [10617  9979] [] 1716441715.5318398476
[1 1] [42 50] [10047  9753] [] 1716441715.5748567581
[1 1] [42 50] [8481 8132] [] 1716441715.6178226471
[ 1 -1  1 -1] [42 44 50 53] [ 7879 12826  6362  8074] [] 1716441715.6608784199
[ 1 -1 -1  1  1] [42 44 45 50 53] [ 7503 12938 11872  5929  7214] [] 1716441715.7038569450
[ 1  1 -1  1 -1  1 -1] [42 44 45 50 52 53 61] [ 6794 10885 12139  5558 15111  7101  9013] [] 1716441715.7468807697
[-1  1  1  1 -1  1  1  1] [42 44 45 50 51 52 53 61] [ 7164 10805 11978  5491 11673 11990  6395  8205] [] 1716441715.7899224758
[1 1 1 1 1 1 1 1] [42 44 45 50 51 52 53 61] [ 7012 10557 11937  5180 11396 10887  6250  8138] [] 1716441715.8330016136
[1 1 1 1 1 1 1 1] [42 44 45 50 51 52 53 61] [ 6602  9955 11407  5021 11062 10832  5518  7480] [] 1716441715.8759849072
[ 1  1  1  1  1  1  1 -1  1] [42 44 45 50 51 52 53 60 61] [ 5764  7938 10105  4747 11034 10534  5295 15553  7288] [] 1716441715.9189763069
[-1 -1  1  1  1  1  1  1  1  1  1] [34 35 42 44 45 50 51 52 53 60 61] [12457 13426  5305  7458  9223  4526 10901  9278  4949 14027  6973] [] 1716441715.9619815350
[-1  1  1  1  1  1  1  1  1  1  1  1] [28 34 35 42 44 45 50 51 52 53 60 61] [12280 10222 12247  5077  6487  8846  4275 10788  7575  4576 12315  6719] [] 1716441716.0050230026
[ 1  1  1 -1  1  1  1  1  1  1  1  1  1] [28 34 35 41 42 44 45 50 51 52 53 60 61] [11487 10104 11124 12681  4602  5684  8642  4191 10721  6990  4355  7010
  6571] [] 1716441716.0478644371
[ 1  1 -1  1  1  1 -1  1 -1  1  1 -1  1 -1] [28 34 35 41 42 44 45 50 51 52 53 54 60 61] [11401  8425 11141 11327  4344  5223  8694  4061 10747  6740  4343 11793
  5870  6606] [] 1716441716.0908277035
[-1 -1  1  1 -1  1  1  1  1  1  1  1  1  1  1  1] [26 27 28 34 35 41 42 44 45 50 51 52 53 54 60 61] [12514 13550 11387  8135 11152 11083  4119  4987  8472  3841 10715  6610
  4231 11715  5450  6511] [] 1716441716.1338243484
[1 1 1 1 1 1 1 1 1 1 1 1 1 1 1 1] [26 27 28 34 35 41 42 44 45 50 51 52 53 54 60 61] [11794 13364 11181  7856 11088 10923  3886  4675  8358  3682  9020  6348
  4000 11097  5362  6382] [] 1716441716.1768517494
[ 1 -1 -1  1  1  1  1  1  1  1  1  1  1  1  1  1] [26 27 28 34 35 41 42 44 45 50 51 52 53 54 60 61] [ 9802 13383 11216  7345 10787 10282  3636  4270  8141  3428  8780  6135
  3808  8778  5144  6306] [] 1716441716.2198538780
[1 1 1 1 1 1 1 1 1 1 1 1 1 1 1 1] [26 27 28 34 35 41 42 44 45 50 51 52 53 54 60 61] [ 9524 10148 11108  6290 10242  8526  3433  4095  7995  3255  8760  5247
  3669  8474  4667  6239] [] 1716441716.2628653049
[-1  1 -1  1  1  1  1  1  1  1  1  1  1  1  1  1  1] [19 26 27 28 34 35 41 42 44 45 50 51 52 53 54 60 61] [11746  9132 10491 10909  5622 10131  8396  3284  3871  7900  3115  8593
  5007  3468  8355  4455  6131] [] 1716441716.3059017658
[ 1  1  1  1  1  1  1  1  1 -1 -1  1  1  1  1  1  1  1] [19 26 27 28 34 35 41 42 44 45 46 50 51 52 53 54 60 61] [11127  8823  9908 10838  5362  9843  7290  2895  3462  8017  8910  2803
  8405  4637  3370  7818  4031  6038] [] 1716441716.3488450050
[ 1  1  1 -1 -1  1 -1 -1  1  1  1  1  1  1  1  1  1  1 -1  1 -1] [19 26 27 28 29 34 35 36 41 42 44 45 46 50 51 52 53 54 55 60 61] [ 6979  8754  8947 11055 12402  4817  9854 15195  7149  2788  3360  7995
  8663  2734  7871  4586  3347  7315 11148  3919  6060] [] 1716441716.3918733597
[ 1  1  1 -1  1  1 -1  1  1  1  1  1  1  1  1  1  1  1  1 -1  1] [19 26 27 28 29 34 35 36 41 42 44 45 46 50 51 52 53 54 55 60 61] [ 6668  8602  8849 11086 11536  4783 10040 13067  6713  2671  3233  7931
  8420  2641  7618  4420  3280  6837  8224  3952  6020] [] 1716441716.4348831177
[-1  1 -1 -1  1  1  1  1  1  1  1  1  1  1  1  1  1  1  1  1  1  1] [18 19 26 27 28 29 34 35 36 41 42 44 45 46 50 51 52 53 54 55 60 61] [15328  5867  8603  8989 11040 10962  4524  9929 11856  6284  2447  2975
  7908  8251  2480  7486  4172  3207  6159  5740  3780  5948] [] 1716441716.4778640270
[ 1  1 -1  1  1  1  1  1  1  1  1  1  1  1  1  1  1  1  1  1  1  1  1] [18 19 20 26 27 28 29 34 35 36 41 42 44 45 46 50 51 52 53 54 55 60 61] [10777  5207 14877  8440  8582 10875 10840  4179  9301 10609  6145  2297
  2880  6415  7637  2345  7276  4038  3140  5380  4839  3655  5894] [] 1716441716.5208859444
[ 1  1  1  1  1  1  1  1  1  1  1  1  1  1  1  1  1  1  1  1  1  1  1 -1] [18 19 20 26 27 28 29 34 35 36 41 42 44 45 46 50 51 52 53 54 55 60 61 62] [ 8769  4941 14639  8283  8402 10794 10547  4012  9177 10453  4933  2222
  2813  5878  6651  2238  6827  3903  3082  5044  4444  3574  5880 14107] [] 1716441716.5638895035
[ 1  1  1  1  1  1  1  1 -1  1  1  1  1  1  1 -1  1  1  1  1 -1  1 -1  1
 -1  1] [18 19 20 26 27 28 29 34 35 36 41 42 44 45 46 47 50 51 52 53 54 55 57 60
 61 62] [ 7505  4718 14251  8229  8209 10658 10267  3918  9340  9442  4636  2182
  2777  5337  6143 15207  2145  5895  3823  3069  5062  4179 13259  3550
  5918  9769] [] 1716441716.6069159508
[ 1  1  1 -1  1  1  1  1  1  1  1  1  1 -1  1  1  1  1  1  1  1  1  1  1
 -1  1  1  1] [18 19 20 21 26 27 28 29 34 35 36 41 42 43 44 45 46 47 50 51 52 53 54 55
 57 60 61 62] [ 7092  4486 14127 11482  8151  8115  8889 10261  3757  9207  8077  4466
  2037 16173  2687  4368  5977  9071  2041  4988  3693  2901  4251  3680
 13492  3415  5889  8826] [] 1716441716.6499087811
[-1 -1  1  1  1  1  1  1 -1  1  1  1 -1  1  1  1  1  1  1  1  1  1  1  1
  1  1 -1  1  1  1] [11 18 19 20 21 26 27 28 29 34 35 36 38 41 42 43 44 45 46 47 50 51 52 53
 54 55 57 60 61 62] [10659  7189  4481 13790 11460  8093  8044  7309 10292  3693  9061  7188
 11624  4318  1940 16079  2600  4231  5933  6129  1934  4801  3551  2716
  3836  3406 14376  3215  5855  7807] [] 1716441716.6929037571
[ 1  1  1  1  1  1  1  1  1  1 -1  1  1  1  1  1  1  1  1  1  1  1  1  1
  1  1  1 -1  1] [11 18 19 20 21 26 27 28 29 34 35 36 38 41 42 43 44 45 46 47 50 51 52 53
 54 55 60 61 62] [ 9663  7001  4208 13131 11085  8011  7904  6754  7538  3599  9108  6716
 10597  4080  1883 16054  2541  4071  5891  5471  1919  4694  3446  2638
  3740  3327  2975  5877  7520] [] 1716441716.7358989716
[ 1  1  1  1  1  1  1  1  1  1  1  1  1  1  1 -1  1  1  1  1  1  1  1  1
  1  1 -1  1  1  1] [11 18 19 20 21 26 27 28 29 34 35 36 38 41 42 43 44 45 46 47 50 51 52 53
 54 55 57 60 61 62] [ 9607  6919  4087 13078 10843  7173  7849  6095  7422  3525  8822  6348
 10292  3778  1806 16138  2399  3983  5503  4731  1878  4550  3282  2534
  3533  3060 15160  2867  5800  7134] [] 1716441716.7789690495
[ 1  1  1  1  1  1  1  1  1  1  1  1  1  1  1  1  1  1  1  1  1  1  1  1
  1  1  1 -1  1  1  1] [11 18 19 20 21 26 27 28 29 34 35 36 38 41 42 43 44 45 46 47 50 51 52 53
 54 55 57 59 60 61 62] [ 9545  6857  4011 12786 10652  5934  7793  4603  7333  3410  8535  5779
 10167  3632  1759 15887  2344  3922  4895  4166  1780  3782  3145  2431
  3357  2744 14328 14365  2863  5781  5966] [] 1716441716.8219497204
[ 1  1  1  1  1 -1  1  1  1 -1 -1  1  1  1  1  1  1  1  1  1  1  1  1  1
  1  1  1  1  1  1  1 -1  1] [11 18 19 20 21 23 26 27 28 29 33 34 35 36 38 41 42 43 44 45 46 47 50 51
 52 53 54 55 57 59 60 61 62] [ 9444  5868  3799 12530 10508 13979  4676  7707  3989  7369 13011  3310
  7287  5102 10069  3592  1743 12289  2316  3862  4743  3967  1754  3421
  3082  2391  3231  2652 11988 10819  2858  5850  5349] [] 1716441716.8649399281
[ 1  1  1  1 -1  1  1  1  1  1 -1  1  1  1 -1  1  1  1  1  1  1  1  1  1
 -1  1  1  1  1  1  1  1  1] [11 18 19 20 21 23 26 27 28 29 33 34 35 36 38 41 42 43 44 45 46 47 50 51
 52 53 54 55 57 59 60 61 62] [ 9264  5819  3709 12246 10586 13581  4509  7573  3653  7180 13061  3132
  7205  4879 10368  3392  1679 10966  2288  3737  4623  3696  1714  3295
  3094  2347  3056  2523 10672  8528  2790  5748  4926] [] 1716441716.9079508781
[-1  1  1  1  1  1  1  1 -1  1  1 -1  1  1  1  1  1  1  1  1  1  1  1  1
  1  1  1  1  1  1  1  1 -1  1] [10 11 18 19 20 21 23 26 27 28 29 33 34 35 36 38 41 42 43 44 45 46 47 50
 51 52 53 54 55 57 59 60 61 62] [14106  9213  5257  3611 12175 10425 13287  4267  7671  3276  5335 13217
  3064  6760  4572  8957  3049  1630 10817  2250  3531  4482  3483  1660
  3100  2991  2322  2832  2372  6427  7286  2719  5809  4287] [] 1716441716.9509289265
[-1  1  1  1  1  1  1 -1  1  1  1  1  1  1  1  1  1  1  1  1  1  1  1  1
  1  1  1  1  1  1  1 -1  1 -1  1  1] [ 3 10 11 18 19 20 21 23 26 27 28 29 33 34 35 36 38 41 42 43 44 45 46 47
 50 51 52 53 54 55 57 58 59 60 61 62] [14156 13502  8877  4447  3539 10048 10349 13611  3995  7599  3008  4780
 13008  2839  6578  4383  8651  2952  1585 10705  2224  3324  4452  3412
  1650  3053  2989  2202  2758  2324  5654 13311  6102  2783  5770  4147] [] 1716441716.9939794540
[-1  1  1  1  1  1 -1 -1  1  1  1  1  1  1  1  1 -1  1  1  1 -1  1  1 -1
  1  1  1  1  1  1  1  1  1  1  1  1  1] [ 3 10 11 18 19 20 21 23 26 27 28 29 33 34 35 36 37 38 41 42 43 44 45 46
 47 50 51 52 53 54 55 57 58 59 60 61 62] [14905 12685  8285  4415  3516  9982 10409 13753  3785  7456  2873  4689
 12996  2772  6483  4211 16325  8150  2864  1538 10777  2213  3290  4501
  3272  1603  3005  2853  2156  2716  2270  5341 12007  5673  2687  5712
  3812] [] 1716441717.0369856358
[ 1  1  1  1  1  1 -1  1  1  1  1  1  1  1  1  1  1 -1  1  1  1  1  1  1
  1  1  1  1  1  1  1  1  1  1  1  1  1] [ 3 10 11 18 19 20 21 23 26 27 28 29 33 34 35 36 37 38 41 42 43 44 45 46
 47 50 51 52 53 54 55 57 58 59 60 61 62] [ 9233 12584  7646  4351  3456  9130 10544 13238  3395  6515  2728  4469
 12884  2594  5653  4042 15800  8235  2780  1515 10624  2198  3157  4377
  3168  1564  2890  2823  2120  2652  2250  5025 10847  5031  2683  5699
  3750] [] 1716441717.0800063610
[ 1  1  1  1  1  1  1 -1 -1  1  1  1 -1  1  1 -1  1  1  1  1  1  1  1  1
  1  1  1  1  1  1 -1  1  1  1  1 -1 -1 -1] [ 3 10 11 18 19 20 21 23 26 27 28 29 33 34 35 36 37 38 41 42 43 44 45 46
 47 50 51 52 53 54 55 57 58 59 60 61 62 63] [ 8610 12406  7601  4307  3424  8665 10480 13537  3411  6501  2697  4443
 12912  2581  5649  4076 15680  8138  2750  1506 10561  2172  3113  4362
  3138  1549  2867  2734  2112  2645  2292  4871 10831  4906  2655  5705
  3821 12731] [] 1716441717.1229701042
[ 1 -1  1 -1  1  1  1  1  1  1  1 -1  1  1  1  1 -1 -1  1 -1  1  1  1  1
  1 -1 -1  1 -1  1  1  1  1  1  1  1  1  1] [ 3 10 11 18 19 20 21 23 26 27 28 29 33 34 35 36 37 38 41 42 43 44 45 46
 47 50 51 52 53 54 55 57 58 59 60 61 62 63] [ 8367 12416  7501  4319  3396  8516 10473 13513  3375  6456  2683  4490
 12792  2543  5604  3962 15772  8246  2750  1531 10481  2147  3091  4358
  3138  1580  2874  2706  2116  2628  2280  4834 10721  4817  2655  5694
  3787 12646] [] 1716441717.1659600735
[ 1  1 -1  1  1  1  1 -1  1  1  1  1  1  1  1  1  1  1 -1  1  1  1  1  1
  1  1  1  1  1  1  1  1  1  1  1 -1 -1  1] [ 3 10 11 18 19 20 21 23 26 27 28 29 33 34 35 36 37 38 41 42 43 44 45 46
 47 50 51 52 53 54 55 57 58 59 60 61 62 63] [ 8060 12261  7547  4287  3380  8357 10372 13516  3359  6412  2665  4441
 12733  2538  5581  3942 15768  8056  2775  1511 10455  2144  3062  4326
  3128  1546  2848  2704  2094  2621  2272  4726 10715  4743  2635  5757
  3803 12545] [] 1716441717.2089543343
[ 1 -1 -1  1  1  1 -1 -1  1 -1 -1  1  1  1  1 -1  1 -1 -1 -1  1 -1 -1 -1
 -1 -1 -1 -1 -1 -1 -1 -1 -1 -1 -1  1 -1  1] [ 3 10 11 18 19 20 21 23 26 27 28 29 33 34 35 36 37 38 41 42 43 44 45 46
 47 50 51 52 53 54 55 57 58 59 60 61 62 63] [ 7969 12383  7770  4223  3380  8331 10382 13528  3291  6422  2672  4429
 12733  2523  5566  3945 15761  8149  2785  1520 10363  2164  3162  4402
  3300  1562  2910  2786  2121  2711  2354  5439 10743  5226  2655  5720
  3918 12333] [] 1716441717.2519795895
[-1  1  1 -1 -1 -1  1  1 -1 -1 -1 -1  1 -1 -1  1 -1 -1 -1 -1  1 -1 -1 -1
 -1 -1 -1 -1 -1 -1 -1 -1  1 -1 -1 -1 -1 -1] [ 3 10 11 18 19 20 21 23 26 27 28 29 33 34 35 36 37 38 41 42 43 44 45 46
 47 50 51 52 53 54 55 57 58 59 60 61 62 63] [14870 12249  7621  4267  3408  8634 10296 13445  3339  7389  2740  4450
 12672  2581  6296  3938 16319  9277  2885  1535 10354  2185  3206  4437
  3404  1576  2951  2906  2154  2728  2413  6315 10597  6055  2703  5724
  4183 12906] [] 1716441717.2949304581
[-1 -1 -1 -1 -1  1 -1 -1 -1 -1 -1 -1 -1 -1 -1 -1 -1 -1 -1 -1 -1  1 -1 -1
 -1  1 -1 -1 -1 -1 -1  1  1 -1 -1] [10 11 18 19 20 21 23 26 27 28 29 33 34 35 36 38 41 42 43 44 45 46 47 50
 51 52 53 54 55 57 59 60 61 62 63] [12841  8934  4283  3444  8899 10224 13618  3879  7406  2871  5247 12710
  2648  6316  4134 10149  3060  1565 10378  2186  3560  4419  3610  1604
  2985  2834  2167  2855  2519  8286  6661  2662  5718  4550 13944] [] 1716441717.3379318714
[-1 -1  1 -1  1  1 -1 -1 -1 -1 -1 -1  1 -1 -1 -1 -1 -1 -1 -1 -1 -1 -1 -1
 -1 -1 -1 -1 -1 -1 -1 -1 -1] [11 18 19 20 21 23 26 27 28 29 33 34 35 36 38 41 42 43 44 45 46 47 50 51
 52 53 54 55 57 59 60 61 62] [ 8942  4843  3401 10786 10070 13564  4023  7438  3108  5348 12738  2830
  6156  4278 10271  3205  1599 10659  2213  3647  4549  4159  1638  3063
  2900  2201  2986  2685 11349  8783  2703  5792  5128] [] 1716441717.3809332848
[-1 -1 -1 -1 -1 -1 -1 -1 -1 -1 -1 -1 -1 -1  1 -1 -1 -1 -1 -1 -1 -1  1 -1
 -1 -1 -1 -1 -1 -1 -1  1 -1] [11 18 19 20 21 23 26 27 28 29 33 34 35 36 38 41 42 43 44 45 46 47 50 51
 52 53 54 55 57 59 60 61 62] [ 9016  5153  3502 10907 10205 13856  4239  7457  3346  6687 12758  2979
  6280  4385 10138  3228  1638 11807  2219  3703  4586  4332  1622  3404
  2914  2265  3094  2796 11626  8848  2782  5724  5538] [] 1716441717.4239637852
[-1 -1 -1 -1 -1 -1 -1 -1  1 -1 -1 -1 -1  1 -1 -1 -1 -1 -1 -1 -1 -1 -1 -1
 -1 -1 -1 -1  1 -1 -1] [11 18 19 20 21 26 27 28 29 33 34 35 36 38 41 42 43 44 45 46 47 50 51 52
 53 54 55 57 60 61 62] [ 9109  5355  3555 10959 10254  4297  7521  3593  6670 12902  3009  6339
  4458 10018  3549  1707 15278  2286  3769  5110  5054  1697  3986  3001
  2296  3346  3172 12054  2742  5795  7091] [] 1716441717.4669616222
[-1 -1 -1 -1 -1 -1  1 -1 -1 -1 -1 -1 -1 -1 -1 -1 -1 -1 -1 -1 -1 -1 -1 -1
 -1 -1 -1 -1 -1  1 -1] [11 18 19 20 21 26 27 28 29 33 34 35 36 38 41 42 43 44 45 46 47 50 51 52
 53 54 55 57 60 61 62] [ 9402  6589  3723 11577 10349  5197  7464  4538  6997 13411  3155  6922
  5099 10236  4022  1747 15427  2416  3967  5753  8459  1742  4080  3131
  2364  3564  3628 13903  2855  5748  7445] [] 1716441717.5099089146
[-1 -1 -1 -1 -1 -1 -1 -1 -1 -1 -1 -1 -1 -1  1 -1 -1  1 -1 -1 -1 -1 -1 -1
 -1  1 -1 -1 -1] [11 18 19 20 21 26 27 28 29 34 35 36 41 42 43 44 45 46 47 50 51 52 53 54
 55 57 60 61 62] [ 9781  6895  3861 11896 10543  7369  7549  5560  7356  3210  7623  5278
  4238  1817 15391  2462  4074  5743 15080  1815  4250  3327  2412  3856
  4149 13748  3054  5772  7813] [] 1716441717.5528988838
[ 1 -1 -1 -1 -1  1 -1 -1 -1 -1 -1 -1 -1 -1 -1 -1 -1 -1 -1 -1 -1 -1 -1 -1
 -1  1 -1] [18 19 20 21 26 27 28 29 34 35 36 41 42 43 44 45 46 50 51 52 53 54 55 57
 60 61 62] [ 6850  3965 12392 10837  7849  7529  6373  8313  3349  7835  5806  4424
  1909 15435  2577  4218  5893  1903  4809  3435  2555  4348  4672 13784
  3170  5770  9001] [] 1716441717.5958805084
[-1 -1 -1 -1 -1 -1 -1 -1 -1 -1 -1 -1 -1  1 -1 -1 -1 -1 -1 -1 -1 -1 -1  1
 -1  1] [18 19 20 21 26 27 28 29 34 35 36 41 42 43 44 45 46 50 51 52 53 54 55 57
 60 61] [ 7804  4203 12562 11760  8051  7621  8270 10213  3540  8023  6439  5592
  2049 15422  2682  5247  6771  2062  5323  3516  2628  4735  7040 11711
  3343  5734] [] 1716441717.6388905048
[-1 -1 -1  1 -1 -1 -1 -1 -1 -1 -1 -1 -1 -1 -1 -1 -1 -1 -1 -1 -1 -1 -1  1] [18 19 20 26 27 28 29 34 35 36 41 42 43 44 45 46 50 51 52 53 54 55 60 61] [10978  4515 12933  8026  7849  9582 10277  3698  8036  7681  6214  2115
 15697  2815  5992  8071  2186  5870  3685  2700  5118 10997  3371  5723] [] 1716441717.6818683147
[-1 -1 -1 -1 -1 -1 -1 -1 -1 -1 -1 -1 -1  1 -1 -1 -1 -1 -1 -1 -1] [19 20 26 27 28 29 34 35 36 41 42 44 45 46 50 51 52 53 54 60 61] [ 4668 13526  8055  7974 10559 10469  3839  8150  8443  6314  2266  2903
  7573  8006  2299  6209  3825  2740  5811  3398  5732] [] 1716441717.7248537540
[-1 -1 -1 -1  1 -1 -1  1 -1 -1 -1 -1 -1 -1 -1 -1 -1 -1 -1 -1 -1] [19 20 26 27 28 29 34 35 36 41 42 44 45 46 50 51 52 53 54 60 61] [ 5208 15688  8194  8058 10549 11109  4002  8133  9530  6661  2502  3110
  7614  8472  2482  6387  4102  2902  7467  3562  5786] [] 1716441717.7678558826
[-1 -1 -1 -1 -1 -1 -1 -1 -1 -1  1 -1 -1 -1 -1 -1 -1 -1 -1] [19 26 27 28 34 35 36 41 42 44 45 46 50 51 52 53 54 60 61] [ 7676  8530  8238 10569  4444  8580 11455  6843  2573  3279  7612 11988
  2514  6411  4242  2978  7615  3633  5805] [] 1716441717.8108768463
[-1 -1 -1 -1 -1  1 -1 -1 -1 -1 -1 -1 -1 -1 -1 -1 -1 -1] [19 26 27 28 34 35 36 41 42 44 45 50 51 52 53 54 60 61] [ 8109  8614  8340 10671  4571  8505 12318  7050  2733  3519  7648  2664
  6941  4395  3253  7799  3842  5909] [] 1716441717.8538656235
[-1 -1 -1  1 -1 -1 -1 -1 -1 -1 -1 -1 -1 -1 -1 -1 -1] [19 26 27 28 34 35 41 42 44 45 50 51 52 53 54 60 61] [ 9966  8900  8585 10521  4905  8684  8060  2982  3801  7821  2896  8947
  4667  3406 11459  4114  6009] [] 1716441717.8968327045
[-1 -1 -1 -1 -1 -1 -1 -1 -1 -1 -1 -1 -1 -1 -1 -1] [19 26 27 28 34 35 41 42 44 45 50 51 52 53 60 61] [16161 11603  9935 10566  5924  9190 10917  3119  4089  8005  3117  9025
  4941  3564  4441  6085] [] 1716441717.9398369789
[-1 -1 -1 -1 -1 -1 -1 -1 -1 -1 -1 -1 -1] [27 28 34 35 42 44 45 50 51 52 53 60 61] [10588 10734  5938  9579  3347  4657  8227  3203 10940  5801  3941  4718
  6371] [] 1716441717.9828073978
[-1 -1 -1 -1 -1 -1 -1 -1 -1 -1 -1 -1] [28 34 35 42 44 45 50 51 52 53 60 61] [11011  8301  9987  3510  4946  8540  3509 10956  6010  4137  4962  6561] [] 1716441718.0258107185
[-1 -1 -1 -1 -1 -1 -1 -1 -1 -1 -1 -1] [28 34 35 42 44 45 50 51 52 53 60 61] [11738  8616 10025  3676  5649  8790  3870 10987  6745  4522  7046  6902] [] 1716441718.0687358379
[-1 -1 -1 -1 -1 -1 -1 -1 -1 -1] [35 42 44 45 50 51 52 53 60 61] [10109  4106  7202 11237  4415 11127  7798  5264  9086  7428] [] 1716441718.1118078232
[-1 -1 -1 -1 -1 -1 -1 -1 -1 -1] [35 42 44 45 50 51 52 53 60 61] [11551  4619  9489 11472  4607 11165  9555  5917 10819  7767] [] 1716441718.1547949314
[-1 -1 -1 -1 -1 -1 -1 -1] [35 42 44 45 50 51 52 53] [12161  5018 12411 11548  4822 11181 14003  6684] [] 1716441718.1977977753
[-1 -1 -1] [42 44 50] [ 6945 13330  5823] [] 1716441718.2407615185
[-1 -1] [42 50] [8168 8379] [] 1716441718.2837719917
[ 1 -1] [42 50] [7672 9023] [] 1716441718.3267481327
[-1 -1] [42 50] [14305  9657] [] 1716441718.3697426319
[-1] [50] [15244] [] 1716441718.4557473660
[-1] [50] [15525] [] 1716441718.4987361431
2 2 2 1716441718.5848398209
