FA TAX ADC PRES TS
[-1] [11] [13234] [] 1716260588.7399516106
[1] [11] [13118] [] 1716260588.7830352783
[1] [11] [11675] [] 1716260588.8260376453
[1] [11] [10791] [] 1716260588.8690290451
[1] [11] [10452] [] 1716260588.9120335579
[1] [11] [9057] [] 1716260588.9550979137
[1] [11] [8753] [] 1716260588.9980051517
[-1 -1] [ 2 11] [15938  8822] [] 1716260589.0410401821
[1 1] [ 2 11] [15909  8492] [] 1716260589.0839986801
[ 1  1 -1] [ 2 11 28] [12809  7804 11908] [] 1716260589.1269021034
[1 1 1] [ 2 11 28] [12723  7651 11711] [] 1716260589.1700668335
[-1 -1 -1 -1] [ 2 11 19 28] [15144  7822  9897 11762] [] 1716260589.2130179405
[ 1 -1  1  1  1] [ 2 10 11 19 28] [13166 15958  7707  9830 11754] [] 1716260589.2560398579
[-1  1 -1  1 -1 -1] [ 3 10 11 19 20 28] [10307 14920  7771  9830 14956 11772] [] 1716260589.2990319729
[-1  1  1  1  1  1  1 -1] [ 2  3 10 11 19 20 28 29] [15979  5810 10210  6981  9828 12915 11748 12576] [] 1716260589.3420615196
[-1  1  1  1  1  1  1 -1  1  1] [ 1  2  3 10 11 19 20 27 28 29] [14091 12745  5481 10134  6829  9439 12447 12813 11579 11484] [] 1716260589.3850474358
[-1  1  1  1  1  1  1 -1  1  1  1] [ 1  2  3 10 11 19 20 21 27 28 29] [14286 12478  5331  9850  5982  8362 12344 11617 12694 11462 10822] [] 1716260589.4280662537
[-1 -1  1  1  1 -1  1  1  1  1 -1  1] [ 1  2  3 10 11 18 19 20 21 27 28 29] [15912 15263  5231  8617  5323 11401  6797 11784 11218 12605 11532 10324] [] 1716260589.4710385799
[ 1 -1  1  1  1  1  1  1  1  1 -1  1] [ 1  2  3 10 11 18 19 20 21 27 28 29] [14407 15980  4611  8301  5033 10998  6000 11601 10955 12457 11627  9878] [] 1716260589.5140595436
[-1  1  1  1  1  1 -1  1 -1 -1  1  1] [ 1  3 10 11 18 19 20 21 26 27 28 29] [14614  4178  8067  4700 10831  5344 11675 10824 13738 12566 11431  8883] [] 1716260589.5571069717
[ 1  1  1  1  1  1  1  1  1 -1  1  1] [ 1  3 10 11 18 19 20 21 26 27 28 29] [14181  4053  7763  4385 10208  4930 11091 10640 10992 12741 11369  8525] [] 1716260589.6000449657
[ 1  1  1  1  1  1  1  1  1  1  1 -1] [ 1  3 10 11 18 19 20 21 26 27 28 29] [11211  3789  7534  4159  6763  4683 10812 10509  9206 12730 11027  8554] [] 1716260589.6428852081
[ 1 -1 -1 -1  1  1  1  1  1  1  1  1  1] [ 1  2  3 10 11 18 19 20 21 26 27 28 29] [11155 11550  3798  7542  3975  6378  4503 10668 10405  8737 12611 10839
  8439] [] 1716260589.6861484051
[-1  1  1  1  1  1  1  1  1  1  1 -1  1] [ 1  2  3 10 11 18 19 20 21 26 27 28 29] [11780 10748  3615  7328  3645  6131  4337 10474 10344  8550 12211 10895
  8366] [] 1716260589.7290937901
[ 1  1  1  1  1  1  1  1 -1  1 -1  1  1 -1] [ 1  2  3 10 11 18 19 20 21 26 27 28 29 44] [11168  9033  3522  6185  3495  5087  4155 10163 10381  8378 12352 10722
  8214 13609] [] 1716260589.7720170021
[ 1  1  1  1  1  1  1  1 -1 -1  1  1  1 -1 -1  1] [ 1  2  3 10 11 18 19 20 21 26 27 28 29 34 35 44] [10381  9002  3411  5613  3166  4923  4021  8645 10410  8419 11947  9762
  8123 12434 15969 13018] [] 1716260589.8150966167
[ 1  1  1  1  1  1  1  1  1  1 -1  1  1  1 -1] [ 1  2  3 10 11 18 19 20 21 26 27 28 29 34 44] [10048  8755  3283  5435  3043  4790  3854  8167 10353  8168 12176  9010
  7505 11625 13067] [] 1716260589.8580937386
[ 1  1  1  1  1  1  1  1  1 -1  1  1  1  1  1 -1  1] [ 1  2  3 10 11 18 19 20 21 23 26 27 28 29 34 35 44] [ 9913  8639  2991  4761  2946  4548  3755  7229 10007 15061  7182 11035
  7350  6664  9456 14546 12762] [] 1716260589.9009938240
[1 1 1 1 1 1 1 1 1 1 1 1 1 1 1 1 1] [ 1  2  3 10 11 18 19 20 21 23 26 27 28 29 34 35 44] [ 9789  8630  2821  4529  2898  4318  3596  6804  9990 13911  6967 10904
  6505  6520  9147 14314 12527] [] 1716260589.9441466331
[-1  1  1  1  1  1  1 -1 -1  1  1  1  1  1  1  1  1 -1] [ 1  2  3 10 11 18 19 20 21 23 26 27 28 29 34 35 44 45] [ 9812  7924  2719  4399  2829  4288  3542  6866 10028 13595  6572 10832
  5797  6287  8829 14184 12395 12015] [] 1716260589.9870858192
[ 1  1  1  1  1  1  1  1  1  1  1  1  1  1  1  1 -1 -1  1  1] [ 1  2  3 10 11 18 19 20 21 23 26 27 28 29 34 35 36 42 44 45] [ 8353  7547  2619  4073  2719  4010  3511  6702 10015 13277  5202  8780
  5501  6159  7688 12265 14491 12765  8238 11832] [] 1716260590.0300946236
[ 1  1  1  1  1  1  1  1  1  1  1 -1  1  1  1  1  1  1  1  1] [ 1  2  3 10 11 18 19 20 21 23 26 27 28 29 34 35 36 42 44 45] [ 8083  7375  2543  3939  2613  3687  3410  6484  9779 13089  5029  8956
  4962  6036  7574 12206 14173 12280  6045 11634] [] 1716260590.0731332302
[ 1  1  1  1  1  1  1  1  1 -1  1  1  1  1  1  1  1 -1  1  1  1] [ 1  2  3 10 11 18 19 20 21 23 26 27 28 29 34 35 36 37 42 44 45] [ 8053  7154  2449  3792  2555  3538  3322  6339  9658 13488  4733  8843
  4749  5783  7434 11968 13971 16328 11719  5160  9419] [] 1716260590.1160469055
[ 1  1  1  1  1  1  1  1 -1  1  1 -1  1 -1  1  1  1  1  1  1  1] [ 1  2  3 10 11 18 19 20 21 23 26 27 28 29 34 35 36 37 42 44 45] [ 7150  7056  2345  3473  2471  3243  3283  6238  9681 13177  4335  9020
  4523  5819  7352 11934 13793 13504  9687  4617  8784] [] 1716260590.1590735912
[ 1  1  1  1  1  1  1  1 -1  1  1  1  1  1  1  1  1  1  1  1  1] [ 1  2  3 10 11 18 19 20 21 23 26 27 28 29 34 35 36 37 42 44 45] [ 7114  6891  2219  3397  2408  3022  3210  6141  9706 12875  4195  8898
  3914  4469  6368  8626 12838 13398  6375  4200  8364] [] 1716260590.2021157742
[ 1  1  1  1  1  1  1  1 -1 -1  1  1  1  1  1  1  1  1  1  1  1] [ 1  2  3 10 11 18 19 20 21 23 26 27 28 29 34 35 36 37 42 44 45] [ 6681  6484  2190  3213  2299  2865  3135  5941  9883 13039  3907  6966
  3619  4262  6321  7496 12371 12933  5806  4092  8274] [] 1716260590.2451186180
[-1 -1  1  1  1  1  1 -1  1  1  1  1  1  1  1 -1  1  1 -1  1  1  1] [ 1  2  3 10 11 18 19 20 21 23 26 27 28 29 34 35 36 37 38 42 44 45] [ 6692  6524  2175  3153  2240  2796  3085  5969  9868 12977  3893  6861
  3464  4229  6271  7556 11564 12758 14526  4831  4005  8247] [] 1716260590.2881057262
[-1  1  1  1  1 -1  1  1  1  1 -1  1 -1  1  1  1  1  1 -1  1  1  1  1 -1] [ 1  2  3 10 11 15 18 19 20 21 23 26 27 28 29 34 35 36 37 38 42 44 45 46] [ 6727  6309  2070  3143  2222 13951  2682  3006  5834  9825 13035  3617
  6915  3109  3861  5343  6480 10052 12778 13631  4326  3312  7998 14669] [] 1716260590.3310925961
[ 1  1  1  1  1  1  1  1  1  1  1  1  1  1  1  1 -1  1 -1 -1  1 -1  1  1] [ 1  2  3 10 11 15 18 19 20 21 23 26 27 28 29 34 35 36 37 38 42 44 45 46] [ 6525  6074  2042  3104  2148 13848  2661  2968  5441  8317 13013  3248
  6830  2980  3839  5180  7133  7332 12793 13705  3983  3316  7831 13925] [] 1716260590.3741159439
[ 1  1  1  1  1 -1 -1  1  1  1  1 -1  1  1  1  1  1  1  1 -1  1  1  1  1
  1 -1] [ 1  2  3 10 11 12 15 18 19 20 21 23 26 27 28 29 34 35 36 37 38 42 44 45
 46 53] [ 6477  5983  2027  3076  2139 12837 13872  2593  2933  5214  8220 13133
  3191  6767  2879  3823  4927  6135  5979 12832 11438  3670  3176  7019
 11042  6852] [] 1716260590.4171226025
[ 1  1  1  1  1  1  1  1  1  1 -1 -1  1  1  1  1  1  1  1 -1  1  1  1  1
  1  1] [ 1  2  3 10 11 12 15 18 19 20 21 23 26 27 28 29 34 35 36 37 38 42 44 45
 46 53] [ 6407  5682  1988  2956  2089 12219 13534  2547  2869  4961  8269 13339
  3035  6241  2661  3783  4585  5449  5530 12845 10727  3529  3094  5773
  8747  6177] [] 1716260590.4601001740
[ 1  1  1  1  1 -1 -1  1  1  1  1  1 -1  1 -1  1  1  1  1  1  1  1  1  1
 -1  1  1] [ 1  2  3 10 11 12 13 15 18 19 20 21 23 26 27 28 29 34 35 36 37 38 42 44
 45 46 53] [ 6160  5331  1975  2902  2047 12252 15958 13036  2448  2834  4827  8210
 13453  2837  6282  2615  3687  4536  5124  5299 12803 10050  3265  2973
  6433  6959  4870] [] 1716260590.5032062531
[ 1  1  1  1  1 -1 -1  1  1  1  1 -1 -1  1 -1  1  1  1  1  1 -1 -1  1  1
  1 -1 -1  1] [ 1  2  3 10 11 12 13 15 18 19 20 21 23 26 27 28 29 34 35 36 37 38 42 44
 45 46 51 53] [ 6081  5052  1962  2882  2021 12492 16023 12840  2426  2810  4331  8231
 13470  2832  6366  2547  3635  4490  4926  5222 12874 12089  3174  2904
  5749  6964 15353  4278] [] 1716260590.5460438728
[ 1  1  1  1  1  1  1 -1  1  1  1  1  1  1  1  1  1 -1 -1 -1  1  1  1  1
  1  1  1  1 -1  1] [ 1  2  3 10 11 12 13 15 18 19 20 21 23 26 27 28 29 32 34 35 36 37 38 42
 44 45 46 51 52 53] [ 5805  4845  1953  2772  1982 10789 11189 13191  2413  2764  4079  7389
 13408  2815  6338  2433  3555 13205  4756  5020  4851 11976 11441  2924
  2876  5375  6329  8530 14631  4190] [] 1716260590.5892679691
[ 1  1  1  1  1  1  1  1  1  1  1 -1  1  1  1  1 -1  1  1  1  1 -1  1 -1
 -1  1  1 -1 -1 -1  1  1  1] [ 1  2  3 10 11 12 13 15 18 19 20 21 23 26 27 28 29 32 34 35 36 37 38 41
 42 44 45 46 47 50 51 52 53] [ 5714  4650  1930  2736  1976 10253 10560 13019  2407  2728  3648  7394
 13348  2732  6076  2321  3566 11039  4479  4992  4660 12152  8083 14497
  2937  2850  5147  6426  8618  9942  8382 14325  3903] [] 1716260590.6321210861
[ 1 -1  1  1 -1 -1  1 -1  1  1  1  1 -1  1 -1  1  1  1  1 -1  1  1 -1  1
  1  1  1  1  1  1  1  1  1] [ 1  2  3 10 11 12 13 15 18 19 20 21 23 26 27 28 29 32 34 35 36 37 38 41
 42 44 45 46 47 50 51 52 53] [ 5448  4659  1903  2736  1997 10277  9017 13259  2323  2704  3602  7363
 13383  2674  6091  2319  3563 10345  4151  5004  4335 11322  8614 14242
  2822  2784  4943  6221  5758  9164  8130 13375  3876] [] 1716260590.6752097607
[ 1  1  1  1  1 -1  1  1  1  1  1  1  1  1  1  1  1  1  1  1  1  1  1 -1
  1  1 -1  1  1  1 -1  1  1 -1 -1] [ 1  2  3 10 11 12 13 15 18 19 20 21 23 26 27 28 29 32 34 35 36 37 38 41
 42 44 45 46 47 50 51 52 53 54 61] [ 4926  4505  1894  2708  1925 10563  8449 13229  2299  2684  3504  7344
 13314  2591  6040  2256  3550 10335  3983  4864  4190  9335  8064 14431
  2659  2762  4967  6113  5220  9126  8166 12255  3863 12644 16011] [] 1716260590.7181172371
[ 1  1  1  1  1 -1  1 -1  1 -1  1  1  1  1  1  1 -1 -1  1 -1  1  1  1 -1
 -1  1  1  1  1  1  1 -1  1  1  1] [ 1  2  3 10 11 12 13 15 18 19 20 21 23 26 27 28 29 32 34 35 36 37 38 41
 42 44 45 46 47 50 51 52 53 54 61] [ 4686  4330  1855  2672  1876 10906  7167 13263  2247  2709  3439  7328
 13303  2491  6009  2205  3565 10433  3803  4952  4045  8916  7509 14433
  2675  2742  4871  5919  5076  8885  8051 12343  3814 12425 15767] [] 1716260590.7611587048
[ 1  1 -1  1  1  1  1 -1 -1  1 -1 -1  1 -1  1  1  1 -1  1  1  1  1  1 -1
  1 -1  1 -1 -1  1  1 -1  1 -1  1] [ 1  2  3 10 11 12 13 15 18 19 20 21 23 26 27 28 29 32 34 35 36 37 38 41
 42 44 45 46 47 50 51 52 53 54 61] [ 4621  4281  1863  2666  1863 10603  6998 13351  2291  2629  3443  7350
 13296  2533  5969  2181  3535 10444  3758  4705  3992  8799  7360 14499
  2622  2771  4653  6015  5109  8771  8024 12375  3810 12454 15378] [] 1716260590.8040888309
[ 1 -1  1 -1 -1  1 -1  1  1  1 -1 -1  1  1  1 -1 -1  1  1 -1 -1  1 -1  1
 -1  1  1  1 -1 -1 -1  1 -1 -1  1] [ 1  2  3 10 11 12 13 15 18 19 20 21 23 26 27 28 29 32 34 35 36 37 38 41
 42 44 45 46 47 50 51 52 53 54 61] [ 4546  4295  1843  2672  1899 10394  7086 13279  2247  2624  3536  7396
 13281  2482  5955  2207  3575 10337  3743  4780  4003  8759  7446 14465
  2631  2726  4343  6013  5145  8781  8051 12118  3814 12465 15283] [] 1716260590.8470957279
[ 1  1  1  1  1  1  1  1  1  1  1  1  1 -1 -1  1  1 -1 -1  1  1  1 -1  1
 -1 -1  1  1 -1 -1 -1  1  1] [ 1  2  3 10 11 12 13 15 18 19 20 21 23 26 27 28 29 32 34 35 36 37 38 41
 42 44 45 46 47 50 51 52 53] [ 4524  4228  1833  2650  1865 10319  7030 13191  2229  2621  3536  7295
 13258  2483  5963  2170  3519 10388  3775  4640  3943  8636  7616 14465
  2687  2756  4276  5899  5817  9174  8192 12111  3770] [] 1716260590.8901655674
[-1  1 -1  1  1 -1 -1 -1 -1  1  1 -1 -1  1  1 -1  1  1 -1 -1 -1  1  1  1
  1 -1 -1 -1  1 -1 -1] [ 1  2  3 10 11 12 13 15 18 19 20 21 23 26 27 28 29 32 34 35 36 37 38 41
 42 44 45 46 51 52 53] [ 4554  4197  1838  2644  1863 10439  7294 13311  2231  2617  3494  7341
 13370  2479  5884  2172  3492 10280  3839  4648  3991  8385  7544 14253
  2648  2784  4279  5992  8039 12903  3817] [] 1716260590.9332668781
[-1 -1 -1  1 -1  1 -1  1  1 -1  1  1 -1 -1  1 -1 -1  1 -1  1 -1 -1  1 -1
 -1 -1 -1 -1 -1 -1] [ 1  2  3 10 11 12 13 15 18 19 20 21 23 26 27 28 29 32 34 35 36 37 38 42
 44 45 46 51 52 53] [ 4736  4271  1843  2600  1877 10360  8583 13031  2226  2630  3479  7299
 13404  2537  5774  2211  3494 10211  4031  4524  4095  8540  7447  2793
  2840  4407  6002  8385 13167  4098] [] 1716260590.9761323929
[-1 -1 -1 -1 -1  1 -1  1 -1 -1  1 -1  1 -1 -1 -1  1  1 -1 -1 -1  1 -1 -1
 -1 -1 -1 -1 -1] [ 1  2  3 10 11 12 13 15 18 19 20 21 23 26 27 28 29 32 34 35 36 37 38 42
 44 45 46 52 53] [ 4797  4361  1849  2640  1894 10281  8667 12959  2257  2638  3469  7315
 13267  2561  5810  2218  3477 10176  4381  4672  4506  8518  8861  2879
  2902  4551  6627 16107  5866] [] 1716260591.0190753937
[-1 -1 -1 -1 -1 -1 -1 -1 -1 -1 -1 -1  1 -1 -1 -1 -1 -1  1  1 -1 -1  1 -1
  1 -1 -1 -1] [ 1  2  3 10 11 12 13 15 18 19 20 21 23 26 27 28 29 32 34 35 36 37 38 42
 44 45 46 53] [ 5424  4596  1897  2752  1918 10656  8924 13005  2277  2661  3770  7323
 13211  2664  5839  2301  3507 13502  4341  4608  4674  9157  8787  2957
  2890  4915  6810  6495] [] 1716260591.0619342327
[-1 -1 -1  1 -1 -1 -1  1 -1 -1 -1  1  1 -1 -1 -1  1 -1  1 -1 -1 -1 -1 -1
 -1 -1] [ 1  2  3 10 11 12 13 15 18 19 20 21 23 26 27 28 29 34 35 36 37 38 42 44
 45 46] [ 5628  4686  1907  2713  1929 12887  9169 12424  2335  2668  3774  7323
 13161  2719  5910  2345  3503  4358  4506  4686  9703  8919  3152  2900
  5783  8505] [] 1716260591.1052401066
[-1 -1 -1 -1 -1  1 -1 -1  1 -1 -1 -1 -1 -1  1 -1 -1 -1 -1 -1  1 -1 -1 -1
 -1 -1] [ 1  2  3 10 11 12 13 15 18 19 20 21 23 26 27 28 29 34 35 36 37 38 42 44
 45 46] [ 5856  4831  1942  2773  1943 11840 12556 12825  2321  2758  3884  8156
 13199  2731  5827  2394  3538  4407  4680  4986  9602  9123  3370  2998
  6143 11104] [] 1716260591.1478643417
[ 1 -1  1 -1 -1 -1 -1 -1 -1  1 -1  1  1 -1 -1 -1 -1 -1 -1 -1 -1 -1 -1 -1
 -1 -1] [ 1  2  3 10 11 12 13 15 18 19 20 21 23 26 27 28 29 34 35 36 37 38 42 44
 45 46] [ 5833  5065  1939  2789  1998 13907 14377 13078  2352  2756  4312  8077
 12900  2794  5871  2460  3611  4984  4963  5105  9977  9414  3637  3381
  6879 11595] [] 1716260591.1911542416
[ 1  1  1 -1 -1  1 -1 -1 -1 -1  1  1  1 -1 -1 -1  1 -1 -1 -1 -1  1 -1 -1
 -1] [ 1  2  3 10 11 12 13 15 18 19 20 21 23 26 27 28 29 34 35 36 37 38 42 44
 45] [ 5801  4905  1933  2809  2020 13536 15933 13146  2368  2815  4310  8037
 12755  2859  5919  2490  3587  5046  5056  5178 12635  9147  4136  3522
  7865] [] 1716260591.2340459824
[-1 -1 -1 -1 -1  1 -1 -1 -1  1 -1  1  1 -1 -1 -1 -1 -1 -1 -1 -1 -1 -1 -1
  1] [ 1  2  3 10 11 12 13 15 18 19 20 21 23 26 27 28 29 34 35 36 37 38 42 44
 45] [ 6243  5058  1948  2823  2031 13481 16084 13888  2413  2799  4398  8020
 12669  2961  5976  2587  3671  5300  5141  6024 12636 10255  7296  3766
  7601] [] 1716260591.2771141529
[-1 -1 -1 -1 -1 -1 -1 -1 -1 -1 -1 -1 -1 -1 -1 -1 -1 -1 -1 -1 -1 -1 -1] [ 1  2  3 10 11 12 13 18 19 20 21 23 26 27 28 29 34 35 36 37 42 44 45] [ 6263  5128  1976  2845  2062 16267 16175  2495  2855  4527  8064 12756
  3358  6511  2729  3690  6058  5602  7727 12737 10597  4063  8322] [] 1716260591.3200025558
[ 1 -1 -1 -1 -1 -1 -1 -1 -1  1 -1  1 -1 -1 -1 -1 -1 -1  1 -1] [ 1  2  3 10 11 18 19 20 21 23 26 27 28 29 34 35 36 37 44 45] [ 6237  5452  2047  2967  2122  2572  2925  4656  9311 12663  3539  6427
  2889  3711  6161  5708  9833 12882  4052 11382] [] 1716260591.3630549908
[-1 -1 -1 -1 -1 -1 -1 -1 -1  1 -1 -1 -1 -1  1  1 -1 -1 -1 -1] [ 1  2  3 10 11 18 19 20 21 23 26 27 28 29 34 35 36 37 44 45] [ 6471  5814  2086  3005  2157  2705  2978  4799  9323 12659  3577  6543
  3172  4059  6109  5555 10246 13310  4580 11886] [] 1716260591.4059357643
[-1 -1 -1 -1 -1 -1 -1 -1  1 -1 -1 -1 -1 -1 -1 -1 -1 -1 -1 -1] [ 1  2  3 10 11 18 19 20 21 23 26 27 28 29 34 35 36 37 44 45] [ 6588  5900  2173  3044  2242  2785  3055  4829  9318 12861  3811  6618
  3383  4178  6284  5683 11013 13412  9151 15985] [] 1716260591.4490449429
[-1 -1 -1 -1 -1 -1 -1 -1 -1  1 -1 -1 -1 -1 -1 -1 -1  1 -1] [ 1  2  3 10 11 18 19 20 21 23 26 27 28 29 34 35 36 37 44] [ 6699  6048  2273  3125  2344  3103  3076  4986  9378 12746  4157  7025
  3821  5487  7330  6334 12294 13375 11497] [] 1716260591.4920599461
[-1 -1 -1 -1 -1 -1 -1 -1 -1 -1 -1 -1 -1  1 -1 -1 -1 -1] [ 1  2  3 10 11 18 19 20 21 23 26 27 28 29 34 35 36 44] [ 7181  6113  2333  3209  2419  3253  3119  5816  9426 12815  4363  8231
  4020  5417  8338  6676 12880 12333] [] 1716260591.5350501537
[-1 -1 -1 -1 -1 -1 -1 -1 -1 -1 -1  1 -1 -1 -1 -1  1 -1] [ 1  2  3 10 11 18 19 20 21 23 26 27 28 29 34 35 36 44] [ 8056  6282  2521  3529  2547  3602  3246  6135  9467 12971  4877  8138
  4534  5667 11385  7428 12463 12823] [] 1716260591.5779201984
[ 1 -1 -1 -1 -1 -1 -1 -1 -1 -1 -1 -1 -1  1 -1 -1 -1 -1] [ 1  2  3 10 11 18 19 20 21 23 26 27 28 29 34 35 36 44] [ 8019  6527  2711  3689  2598  3805  3318  6203  9481 13043  5751  8827
  4741  5655 11999 10519 15529 13434] [] 1716260591.6210925579
[-1 -1 -1 -1 -1 -1 -1 -1  1 -1 -1 -1 -1 -1 -1 -1] [ 1  2  3 10 11 18 19 20 21 23 26 27 28 29 34 35] [ 9280  7089  2965  3717  2667  4185  3425  6223  9401 13233  6751  9256
  5642  5866 12178 10791] [] 1716260591.6640529633
[-1 -1 -1 -1 -1 -1  1 -1 -1 -1 -1 -1 -1 -1 -1] [ 1  2  3 10 11 18 19 20 21 23 26 27 28 29 35] [ 9550  7101  3154  4136  2788  4381  3419  6433  9481 13511  6968 11483
  7085  5954 13406] [] 1716260591.7069528103
[-1 -1 -1 -1 -1 -1 -1 -1 -1 -1 -1 -1 -1 -1] [ 1  2  3 10 11 18 19 20 21 26 27 28 29 35] [ 9838  7178  3330  4478  2838  4644  3503  7496  9521  7969 11572  8210
  6681 13924] [] 1716260591.7499101162
[-1 -1 -1 -1 -1 -1 -1 -1 -1 -1 -1 -1 -1 -1] [ 1  2  3 10 11 18 19 20 21 26 27 28 29 35] [10116  7437  3603  5200  2975  4772  3731  8082  9715  8123 11787 10437
  6797 15699] [] 1716260591.7930426598
[-1 -1 -1 -1 -1 -1 -1 -1 -1 -1 -1  1 -1] [ 1  2  3 10 11 18 19 20 21 26 27 28 29] [10306  8944  3713  5415  3135  5249  3850  9047  9821  8501 12153 10287
  6987] [] 1716260591.8360266685
[-1 -1 -1 -1 -1 -1 -1 -1 -1 -1 -1 -1 -1] [ 1  2  3 10 11 18 19 20 21 26 27 28 29] [13727 10729  3765  5939  3323  6870  4060  9969  9945 12535 12166 10473
  8367] [] 1716260591.8791306019
[-1 -1 -1 -1 -1 -1 -1 -1 -1 -1 -1 -1] [ 1  2  3 10 11 18 19 20 21 27 28 29] [13756 14701  3947  6741  3707  6997  4238 10170 10211 12412 10676  8511] [] 1716260591.9220235348
[-1 -1 -1 -1 -1 -1 -1 -1 -1  1 -1 -1] [ 1  2  3 10 11 18 19 20 21 27 28 29] [13928 15560  4751  7179  4085  7896  4501 10489 10331 12293 10907  8676] [] 1716260591.9650149345
[-1  1 -1 -1 -1 -1 -1 -1 -1 -1 -1 -1] [ 1  2  3 10 11 18 19 20 21 27 28 29] [14025 15314  4910  7231  4286 10740  4724 11074 10657 12596 10983  8777] [] 1716260592.0080573559
[-1 -1 -1  1 -1 -1 -1 -1 -1 -1 -1 -1] [ 1  2  3 10 11 18 19 20 21 27 28 29] [14064 15968  5176  7218  4698 11010  5276 11254 10826 12630 11582 11085] [] 1716260592.0510914326
[-1  1 -1 -1 -1 -1 -1 -1 -1  1 -1 -1] [ 1  2  3 10 11 18 19 20 21 27 28 29] [14066 15943  7445  7493  4944 11240  5796 11404 11128 12625 11701 11639] [] 1716260592.0940313339
[-1 -1 -1 -1 -1 -1 -1 -1 -1 -1] [ 1  2  3 10 11 18 19 20 21 28] [14458 16187  8735  7678  4979 12996  7510 11592 11304 11866] [] 1716260592.1369976997
[ 1 -1 -1 -1 -1  1] [ 1 10 11 19 20 28] [14400  8642  5093  9387 13823 11599] [] 1716260592.1799936295
[-1 -1 -1  1  1] [ 1 10 11 19 28] [15443  9083  6021  9300 11463] [] 1716260592.2230057716
[-1 -1 -1 -1] [10 11 19 28] [ 9197  6641  9579 11558] [] 1716260592.2659931183
[-1 -1 -1] [10 11 28] [16237  7458 11629] [] 1716260592.3089470863
[-1 -1] [ 2 11] [12260  8348] [] 1716260592.3519783020
[-1 -1] [ 2 11] [12879  8429] [] 1716260592.3949875832
[-1] [11] [8433] [] 1716260592.4379379749
[-1] [11] [9641] [] 1716260592.4809517860
[-1] [11] [9754] [] 1716260592.5239732265
[-1] [11] [11613] [] 1716260592.5669469833
2 2 2 1716260592.7873160839
