FA TAX ADC PRES TS
[-1] [11] [12297] [] 1716260815.2372081280
[1] [11] [11435] [] 1716260815.2803702354
[1] [11] [10981] [] 1716260815.3233489990
[1] [11] [10331] [] 1716260815.3663549423
[1] [11] [9573] [] 1716260815.4092185497
[-1] [11] [10018] [] 1716260815.4522962570
[1] [11] [9225] [] 1716260815.4953267574
[1] [11] [8792] [] 1716260815.5383441448
[-1 -1] [11 28] [ 9005 12154] [] 1716260815.5812613964
[1 1] [11 28] [ 7991 11337] [] 1716260815.6243109703
[-1 -1 -1] [11 19 28] [ 9372 10134 11691] [] 1716260815.6673445702
[-1 -1 -1  1] [11 19 27 28] [ 9545 10181 13430 11538] [] 1716260815.7103846073
[ 1  1 -1  1 -1] [11 19 20 27 28] [ 9257 10167 15944 12968 11728] [] 1716260815.7532484531
[ 1 -1  1  1  1] [11 19 20 27 28] [ 9037 10193 13359 12731 11295] [] 1716260815.7963416576
[ 1  1 -1  1 -1] [11 19 20 27 28] [ 8834  9944 13428 12065 11466] [] 1716260815.8393414021
[ 1  1  1 -1  1] [11 19 20 27 28] [ 8651  8468 13049 12652 11267] [] 1716260815.8823621273
[ 1  1  1  1 -1 -1] [11 19 20 27 28 29] [ 8643  7077 12691 12591 11417 11921] [] 1716260815.9253754616
[-1 -1  1  1  1  1  1] [ 3 11 19 20 27 28 29] [ 9185  8671  6462 11917 11637 11412 11092] [] 1716260815.9684066772
[ 1  1  1  1 -1 -1  1  1] [ 3 11 19 20 21 27 28 29] [ 8631  8599  6213 11519 11878 11787 11397 10856] [] 1716260816.0113570690
[ 1 -1 -1  1  1  1 -1 -1 -1  1] [ 3 11 18 19 20 21 26 27 28 29] [ 8486  8633 14319  6131 11314 11445 13382 11908 11575 10795] [] 1716260816.0543847084
[1 1 1 1 1 1 1 1 1 1] [ 3 11 18 19 20 21 26 27 28 29] [ 8262  6767 11476  6008 11023 11148  9323 11727 11559 10483] [] 1716260816.0973169804
[ 1  1  1  1 -1  1  1 -1  1  1] [ 3 11 18 19 20 21 26 27 28 29] [ 5633  6477 10733  5710 11061 10905  8092 11734  8604 10321] [] 1716260816.1403408051
[1 1 1 1 1 1 1 1 1 1] [ 3 11 18 19 20 21 26 27 28 29] [ 5531  6367 10441  5445 10787 10822  7541 11731  8089 10309] [] 1716260816.1833405495
[ 1  1  1  1 -1  1 -1  1  1  1 -1] [ 3 11 18 19 20 21 26 27 28 29 44] [ 5179  5799  8293  5274 10858 10656  8473 11529  7692 10286 13854] [] 1716260816.2263534069
[1 1 1 1 1 1 1 1 1 1 1] [ 3 11 18 19 20 21 26 27 28 29 44] [ 4979  5604  7246  4943 10046 10349  8275 11436  6789 10278 13187] [] 1716260816.2694153786
[-1 -1  1 -1  1  1  1  1  1  1  1  1] [ 3 10 11 18 19 20 21 26 27 28 29 44] [ 5024 13915  5380  7247  4765  9740 10265  8163 11205  5577 10136 12791] [] 1716260816.3123297691
[ 1  1  1  1  1  1  1 -1 -1  1  1 -1 -1  1] [ 3 10 11 18 19 20 21 26 27 28 29 34 36 44] [ 4416 11180  5097  7131  4607  9556 10215  8229 11207  5161 10068 11829
 13169 10314] [] 1716260816.3553364277
[ 1  1  1  1  1  1 -1  1  1  1 -1  1  1  1] [ 3 10 11 18 19 20 21 26 27 28 29 34 36 44] [ 4239 10231  4509  5503  4395  9236 10245  6321 11014  4639 10113 11527
 13028  6642] [] 1716260816.3984336853
[ 1  1  1  1  1  1  1  1 -1  1  1  1  1  1] [ 3 10 11 18 19 20 21 26 27 28 29 34 36 44] [ 4007  9664  4302  5362  4190  9149 10204  5675 11573  4383  8569 11477
 12607  6280] [] 1716260816.4413888454
[-1  1  1  1  1  1  1  1  1  1  1  1  1 -1 -1  1] [ 1  3 10 11 18 19 20 21 26 27 28 29 34 36 37 44] [13124  3850  9550  4104  5232  3990  9114 10112  5205  8664  4223  8405
 11380 13097 16364  4928] [] 1716260816.4843578339
[ 1  1  1  1  1  1  1  1  1  1  1  1  1  1  1  1 -1] [ 1  3 10 11 18 19 20 21 26 27 28 29 34 36 37 44 45] [12290  3614  9002  3843  4551  3841  8898  9814  4606  8076  3867  7321
 11293 12176 13380  4597 11850] [] 1716260816.5273640156
[ 1  1 -1  1  1  1  1  1  1 -1  1  1  1  1  1 -1  1  1] [ 1  3 10 11 18 19 20 21 26 27 28 29 34 36 37 42 44 45] [11763  3395  9006  3761  4448  3802  8704  9791  4407  8102  3741  7267
 11097 11872 13100 15055  4465 10699] [] 1716260816.5704021454
[ 1 -1  1  1  1  1  1  1  1  1  1  1  1 -1  1 -1  1  1  1] [ 1  2  3 10 11 18 19 20 21 26 27 28 29 34 36 37 42 44 45] [11651 14690  3239  8879  3698  4119  3727  8594  9774  4175  7951  3649
  7206 11120 11583 13141 12094  4325  8744] [] 1716260816.6133513451
[-1  1  1  1  1  1  1  1 -1 -1  1  1  1  1 -1 -1  1  1  1  1] [ 1  2  3 10 11 18 19 20 21 23 26 27 28 29 34 36 37 42 44 45] [11680 13023  2947  7999  3577  4024  3629  8325  9913 14908  4029  7925
  3485  6545 11137 12235 12811 10913  4209  8609] [] 1716260816.6564309597
[ 1 -1  1  1  1  1  1 -1  1  1  1  1  1  1  1  1 -1  1  1  1] [ 1  2  3 10 11 18 19 20 21 23 26 27 28 29 34 36 37 42 44 45] [10919 13035  2757  7773  3565  3848  3547  8381  9758 14345  4005  7888
  3367  6335 11137 11682 12937  7960  4102  8454] [] 1716260816.6991615295
[ 1  1  1  1  1  1  1  1  1 -1  1  1  1  1  1 -1 -1  1  1  1] [ 1  2  3 10 11 18 19 20 21 23 26 27 28 29 34 36 37 42 44 45] [10737 12815  2635  7088  3529  3845  3483  7762  9729 14692  3708  7851
  3199  6229 11124 11751 13066  6737  3858  8145] [] 1716260816.7424213886
[ 1  1  1  1  1  1  1  1 -1  1  1  1  1  1  1  1  1  1  1  1 -1] [ 1  2  3 10 11 18 19 20 21 23 26 27 28 29 34 36 37 42 44 45 53] [ 9807  8397  2519  6460  3339  3751  3375  7275  9752 13951  3578  7713
  3093  5333  8028 10742 13019  5521  3772  7429 13779] [] 1716260816.7852952480
[ 1  1  1  1  1  1  1 -1  1 -1  1  1  1  1  1  1 -1  1  1  1  1] [ 1  2  3 10 11 18 19 20 21 23 26 27 28 29 34 36 37 42 44 45 53] [ 9135  8322  2415  5803  3231  3636  3321  7292  9594 14791  3471  7492
  2983  5132  7450  9663 13089  5288  3614  7325 13696] [] 1716260816.8283898830
[ 1  1  1  1  1  1 -1 -1 -1 -1  1 -1  1 -1  1 -1  1  1  1  1 -1  1] [ 1  2  3 10 11 18 19 20 21 23 26 27 28 29 34 36 37 42 44 45 46 53] [ 8916  8310  2341  5448  3134  3435  3327  7399  9610 16000  3433  7742
  2857  5229  7324 10145 13033  4438  3264  6477 12602 10997] [] 1716260816.8714036942
[-1  1  1  1  1  1  1  1 -1  1  1  1  1 -1  1 -1 -1  1  1  1  1] [ 1  2  3 10 11 18 19 20 21 26 27 28 29 34 36 37 42 44 45 46 53] [ 8940  8178  2281  5262  3055  3330  3255  6318  9689  3349  7623  2763
  4833  7347  8871 13178  4489  3256  6041  9813  7595] [] 1716260816.9145135880
[ 1  1  1  1  1  1  1  1 -1 -1  1  1  1  1 -1  1 -1  1  1 -1  1 -1  1 -1
 -1  1] [ 1  2  3 10 11 18 19 20 21 23 26 27 28 29 32 34 35 36 37 38 42 44 45 46
 52 53] [ 8607  7990  2211  4881  2739  3327  3177  5666  9769 15708  3142  7556
  2670  4221 12286  7275  8904  6832 12852 12529  4042  3260  5955 10461
 15703  4958] [] 1716260816.9573562145
[ 1  1 -1  1  1  1  1 -1  1 -1  1  1  1  1  1  1  1  1  1 -1  1  1  1  1
  1  1] [ 1  2  3 10 11 18 19 20 21 23 26 27 28 29 32 34 35 36 37 38 42 44 45 46
 52 53] [ 7940  7962  2222  4797  2623  3242  3135  6094  9760 15888  3071  6843
  2599  4205 11117  6391  8283  6335 12812 12580  3794  3202  5213 10154
 14767  4826] [] 1716260817.0004122257
[ 1 -1  1  1  1  1  1  1 -1 -1  1  1 -1 -1 -1 -1  1  1 -1  1 -1  1 -1  1
  1  1] [ 1  2  3 10 11 18 19 20 21 23 26 27 28 29 32 34 35 36 37 38 42 44 45 46
 52 53] [ 7731  8029  2181  4776  2585  3213  3093  5269  9814 16059  3051  6064
  2627  4231 12284  6396  7673  5951 12852 12079  3937  2995  5709  8786
 13547  4805] [] 1716260817.0434570312
[ 1  1 -1  1  1  1  1  1 -1 -1  1  1  1  1  1  1  1 -1  1 -1  1  1  1  1
 -1  1  1] [ 1  2  3 10 11 18 19 20 21 23 26 27 28 29 32 34 35 36 37 38 42 44 45 46
 47 52 53] [ 7631  7939  2191  4308  2454  3117  3062  4715  9820 16267  2964  5341
  2571  4207 10275  6343  7216  6141 12625 13567  3816  2987  5662  5895
  7103 12991  4532] [] 1716260817.0864467621
[ 1 -1  1  1  1  1  1  1  1  1  1  1  1 -1 -1  1 -1  1  1 -1  1  1  1 -1
  1 -1  1  1] [ 1  2  3 10 11 18 19 20 21 23 26 27 28 29 32 34 35 36 37 38 42 44 45 46
 47 51 52 53] [ 7462  8052  2153  3745  2340  3071  3035  4343  9768 16160  2832  5336
  2483  4217 10279  6119  8512  4826 12576 13749  3676  2909  5374  5938
  5704 11361 12511  4298] [] 1716260817.1293873787
[ 1  1 -1 -1  1  1 -1  1  1  1  1 -1  1 -1  1  1 -1 -1  1  1  1  1  1  1
  1  1  1 -1  1  1  1 -1] [ 1  2  3  4 10 11 15 18 19 20 21 23 26 27 28 29 32 34 35 36 37 38 42 44
 45 46 47 50 51 52 53 54] [ 7046  7995  2191 13442  3632  2261 16087  3011  2990  4259  9718 16378
  2826  5563  2400  4131 10392  6121  8192  4695 12001 13601  3608  2869
  5287  5869  5241 14026  8626 12359  4032 12908] [] 1716260817.1724784374
[ 1 -1  1  1  1  1  1  1  1  1 -1  1  1  1  1 -1 -1 -1  1  1  1 -1  1  1
  1 -1  1 -1  1  1 -1  1 -1] [ 1  2  3  4 10 11 15 18 19 20 21 23 26 27 28 29 32 34 35 36 37 38 42 44
 45 46 47 50 51 52 53 54 61] [ 6579  8003  2158 12212  3632  2207 16015  2975  2947  3825  9800 15346
  2765  5522  2379  4599 10425  6331  7648  4661 11272 13755  3254  2809
  4758  6077  4557 14946  8332 11327  4107 12238  9650] [] 1716260817.2154169083
[ 1 -1  1  1  1  1 -1  1  1  1  1  1  1  1 -1  1  1  1  1  1  1 -1  1  1
 -1  1  1  1  1  1  1  1  1 -1  1] [ 1  2  3  4 10 11 12 15 18 19 20 21 23 26 27 28 29 32 34 35 36 37 38 42
 43 44 45 46 47 50 51 52 53 54 61] [ 6021  8356  2094 11577  3492  2175 15663 14363  2916  2903  3565  9796
 13860  2749  5526  2326  4086 10297  5055  5850  4165 11330 10696  3102
 16095  2768  4559  5934  4083  9329  8263  8855  3930 12458  7064] [] 1716260817.2584686279
[ 1  1  1  1  1  1 -1  1  1  1  1 -1 -1  1  1  1 -1 -1  1  1  1  1  1  1
  1  1 -1 -1  1  1  1 -1  1  1] [ 1  2  3  4 10 11 12 15 18 19 20 21 23 26 27 28 29 32 34 35 36 37 38 42
 44 45 46 47 50 51 52 53 54 61] [ 5456  8153  2063 11377  3408  2103 15909 13735  2855  2885  3447  9843
 14637  2657  5047  2243  4091 10372  4867  5400  3830  9590 10229  3041
  2736  4383  5955  4086  9105  8233  7961  4061  9666  6874] [] 1716260817.3014481068
[ 1  1  1  1  1  1  1  1  1  1  1  1  1  1  1  1  1 -1  1  1  1  1  1 -1
  1  1  1  1  1  1  1  1  1] [ 1  2  3  4 10 11 15 18 19 20 21 23 26 27 28 29 32 34 35 36 37 38 42 44
 45 46 47 50 51 52 53 54 61] [ 5382  8066  2009 11235  3356  2057 13558  2767  2847  3406  9801 14511
  2655  4843  2225  4074 10266  4921  5372  3764  8953  9230  3030  2764
  4315  5771  4018  8936  8146  7790  4012  9424  6616] [] 1716260817.3444349766
[ 1  1 -1  1  1  1 -1  1 -1  1 -1 -1 -1  1  1  1 -1 -1 -1  1 -1  1  1  1
 -1  1  1  1  1  1  1  1  1] [ 1  2  3  4 10 11 15 18 19 20 21 23 26 27 28 29 32 34 35 36 37 38 42 44
 45 46 47 50 51 52 53 54 61] [ 5328  7982  2014 11127  3308  2011 13615  2755  2849  3318  9862 14541
  2661  4578  2198  4007 10268  5139  5420  3643  8993  7731  2984  2764
  4327  5758  3946  8853  8145  7560  3880  9336  6612] [] 1716260817.3874578476
[ 1  1  1 -1 -1 -1 -1  1 -1  1  1  1  1  1  1  1  1  1  1 -1 -1  1 -1 -1
  1  1  1  1  1 -1  1  1  1  1] [ 1  2  3  4 10 11 15 18 19 20 21 23 26 27 28 29 32 34 35 36 37 38 42 43
 44 45 46 47 50 51 52 53 54 61] [ 5326  7865  1995 11175  3328  2013 13645  2692  2881  3259  9782 14541
  2637  4497  2167  4007 10214  5079  5266  3676  9017  7695  3036 16255
  2736  4319  5715  3777  8131  8159  7502  3864  9244  6562] [] 1716260817.4303841591
[-1  1  1  1  1  1  1  1  1 -1 -1  1 -1 -1 -1  1 -1  1  1  1  1  1  1  1
 -1 -1  1 -1 -1 -1 -1 -1 -1 -1] [ 1  2  3  4 10 11 15 18 19 20 21 23 26 27 28 29 32 34 35 36 37 38 42 43
 44 45 46 47 50 51 52 53 54 61] [ 5355  7855  1989 11080  3312  1998 13501  2691  2832  3260  9825 14407
  2679  4712  2173  3977 10243  4947  5196  3546  8808  7624  3020 16127
  2744  4335  5671  3920  9105  8168  7658  3884 11828  6624] [] 1716260817.4735198021
[ 1  1  1 -1 -1  1 -1  1  1  1 -1 -1  1 -1  1  1 -1  1 -1 -1 -1 -1  1  1
 -1 -1 -1 -1 -1 -1 -1 -1 -1 -1] [ 1  2  3  4 10 11 15 18 19 20 21 23 26 27 28 29 32 34 35 36 37 38 42 43
 44 45 46 47 50 51 52 53 54 61] [ 5274  7820  1987 11081  3336  1983 13519  2687  2832  3240  9872 14459
  2623  4740  2137  3934 10246  4911  5208  3569  8878  9772  3000 16119
  2768  4479  5700  4312 14544  8222 10815  4026 12240  7196] [] 1716260817.5164787769
[-1  1  1  1  1 -1  1  1  1 -1  1  1  1  1 -1 -1  1  1 -1 -1  1 -1 -1 -1
 -1  1 -1  1  1  1] [ 1  2  3  4 10 11 15 18 19 20 21 23 26 27 28 29 32 34 35 36 37 38 42 44
 45 46 47 51 52 53] [ 5344  7727  1983 11035  3308  2014 13511  2683  2829  3248  9768 14415
  2623  4697  2155  3967 10234  4893  5225  3703  8656 13477  3058  2874
  4639  5503  5232  8158 10537  3902] [] 1716260817.5595235825
[-1 -1 -1  1  1 -1 -1  1 -1 -1 -1  1  1 -1 -1 -1  1 -1 -1 -1 -1  1  1 -1
 -1  1 -1 -1 -1 -1 -1 -1] [ 1  2  3  4 10 11 12 15 18 19 20 21 23 26 27 28 29 32 34 35 36 37 38 42
 43 44 45 46 47 51 52 53] [ 5511  7770  2017 10998  3238  2099 16266 13351  2715  2838  3258  9753
 14351  2637  4925  2239  3967 10263  5011  5264  3762  8316 13459  3250
 15359  2868  4695  5669  5858  8660 11059  4210] [] 1716260817.6023764610
[-1 -1 -1 -1 -1  1  1  1 -1  1 -1  1  1 -1 -1  1 -1  1 -1 -1 -1  1 -1 -1
 -1 -1 -1 -1 -1] [ 1  2  3  4 10 11 12 15 18 19 20 21 23 26 27 28 29 32 34 35 36 37 38 42
 44 45 46 52 53] [ 6083  7804  2103 11069  3292  2085 15166 13343  2735  2838  3330  9651
 14291  2669  5122  2219  4003 10231  5407  5706  3900  8129 13517  3392
  2885  5189  5986 12079  4438] [] 1716260817.6453261375
[-1  1 -1  1 -1 -1 -1 -1 -1 -1  1  1 -1 -1 -1 -1  1 -1 -1 -1 -1 -1 -1 -1
 -1 -1 -1 -1] [ 1  2  3  4 10 11 15 18 19 20 21 23 26 27 28 29 32 34 35 36 37 38 42 44
 45 46 52 53] [ 6447  7709  2163 11003  3328  2131 13455  2819  2943  3355  9510 13816
  2734  5170  2265  4038  9968  5965  6020  4481  8397 13815  3502  2935
  5587  7028 13167  6148] [] 1716260817.6884984970
[-1 -1 -1 -1 -1 -1 -1 -1  1 -1  1  1  1 -1 -1  1  1 -1 -1 -1 -1 -1 -1  1
 -1 -1 -1] [ 1  2  3  4 10 11 15 18 19 20 21 23 26 27 28 29 32 34 35 36 37 38 42 44
 45 46 53] [ 7149  7750  2186 11123  3460  2247 14159  2878  2923  3652  9481 13686
  2716  5211  2297  4026  9930  6151  6177  4622  8620 14343  3713  2916
  5811  7953  6726] [] 1716260817.7315199375
[-1  1 -1  1 -1 -1  1 -1 -1 -1  1 -1 -1 -1 -1 -1 -1 -1 -1 -1  1 -1 -1 -1
 -1 -1] [ 1  2  3  4 10 11 15 18 19 20 21 23 26 27 28 29 32 34 35 36 37 42 44 45
 46 53] [ 8037  7660  2211 10983  3630  2376 13787  2925  2936  4068  9437 13725
  2732  5246  2341  4074 10363  6180  6495  4871  8606  3958  2919  5932
 10885 10305] [] 1716260817.7743663788
[ 1 -1 -1 -1 -1 -1 -1 -1 -1  1  1 -1 -1 -1 -1  1 -1 -1 -1 -1 -1 -1 -1 -1] [ 1  2  3  4 10 11 18 19 20 21 23 26 27 28 29 34 35 36 37 42 44 45 46 53] [ 7908  7741  2239 11310  3865  2497  2947  2999  4125  9327 13606  2754
  5647  2394  4099  6139  6601  5646  9403  4686  3087  6037 13692 14295] [] 1716260817.8174705505
[-1  1 -1 -1 -1 -1 -1 -1 -1  1  1 -1 -1 -1 -1 -1 -1 -1 -1 -1 -1 -1] [ 1  2  3  4 10 11 18 19 20 21 23 26 27 28 29 34 35 36 37 42 44 45] [ 8275  7737  2318 12146  4295  2623  2997  3009  4281  9290 13336  2838
  5877  2471  4185  6224  7188  5797  9470  7145  3198  6936] [] 1716260817.8603792191
[ 1 -1 -1 -1 -1 -1 -1 -1 -1  1  1 -1 -1 -1 -1 -1 -1 -1 -1 -1 -1 -1] [ 1  2  3  4 10 11 18 19 20 21 23 26 27 28 29 34 35 36 37 42 44 45] [ 8248  7775  2431 12822  4376  2882  3107  3083  4310  9273 13117  3069
  6667  2553  4959  6396  7883  6948 11995  8843  3272  6937] [] 1716260817.9034664631
[-1 -1 -1 -1 -1 -1 -1 -1 -1  1  1 -1  1 -1 -1 -1 -1 -1 -1 -1 -1] [ 1  2  3  4 10 11 18 19 20 21 23 26 27 28 29 34 35 36 37 44 45] [ 8913  7838  2535 13501  4499  2920  3156  3131  4319  9264 13110  3125
  6667  2592  6779  7288  8095  7099 12081  3450  7779] [] 1716260817.9464390278
[-1 -1 -1  1 -1 -1 -1 -1 -1 -1 -1 -1 -1 -1 -1 -1 -1  1 -1 -1 -1] [ 1  2  3  4 10 11 18 19 20 21 23 26 27 28 29 34 35 36 37 44 45] [ 9920  8303  2733 12551  4729  3033  3277  3144  4858  9335 13468  3237
  6728  2708  6844  8205  8648  6772 12322  3681  8919] [] 1716260817.9894340038
[-1 -1 -1 -1 -1 -1 -1 -1 -1 -1  1 -1 -1 -1 -1 -1 -1 -1 -1 -1 -1] [ 1  2  3  4 10 11 18 19 20 21 23 26 27 28 29 34 35 36 37 44 45] [10735 12135  2983 14852  5260  3119  3341  3180  4989  9345 12905  3327
  6942  2821  7002 10844 12939  7957 12375  3798 12012] [] 1716260818.0323069096
[-1 -1 -1 -1 -1 -1 -1  1 -1  1 -1 -1 -1 -1 -1  1 -1 -1 -1] [ 1  2  3 10 11 18 19 20 21 23 26 27 28 29 34 35 36 37 44] [11397 12839  3052  5798  3301  3417  3237  4923  9371 12870  3509  6975
  2951  7185 11078 12740  9220 12608  3988] [] 1716260818.0753946304
[-1 -1 -1 -1 -1 -1 -1 -1 -1 -1 -1 -1 -1 -1  1 -1 -1] [ 1  3 10 11 18 19 20 21 23 26 27 28 29 34 36 37 44] [12115  3465  7030  3391  3475  3364  5062  9447 12871  3698  7337  3141
  7203 11574  8951 12896  4443] [] 1716260818.1182644367
[-1 -1 -1 -1 -1 -1 -1 -1 -1 -1 -1 -1  1 -1 -1 -1] [ 3 10 11 18 19 20 21 23 26 27 28 29 34 36 37 44] [ 3603  7128  3438  3567  3390  5462  9557 13015  3936  7766  3215  7241
 11413  8960 12944  6582] [] 1716260818.1614205837
[-1 -1 -1 -1 -1 -1  1 -1 -1 -1 -1 -1 -1 -1 -1 -1] [ 3 10 11 18 19 20 21 23 26 27 28 29 34 36 37 44] [ 3979  8375  3550  3791  3450  6161  9552 13635  4133  7869  3409  7245
 11553  9301 12966  9551] [] 1716260818.2043719292
[-1 -1 -1 -1 -1 -1  1  1 -1  1 -1 -1 -1 -1 -1] [ 3 10 11 18 19 20 21 23 26 27 28 29 36 37 44] [ 4839  8647  3725  3881  3591  6429  9524 13147  4607  7772  3575  8238
 11130 13055 12997] [] 1716260818.2473492622
[-1 -1 -1 -1 -1 -1 -1 -1 -1 -1 -1 -1 -1] [ 3 10 11 18 19 20 21 23 26 27 28 29 36] [ 4967  9098  3965  4468  3680  7986  9591 13381  5520  8057  3947  9834
 13463] [] 1716260818.2903208733
[-1  1 -1 -1 -1 -1 -1  1 -1 -1 -1 -1 -1] [ 3 10 11 18 19 20 21 23 26 27 28 29 36] [ 5023  9051  4223  4629  3745  8334  9661 13270  6428  9979  4116  9838
 13603] [] 1716260818.3332684040
[-1 -1 -1 -1 -1 -1 -1 -1 -1 -1 -1 -1] [ 3 10 11 18 19 20 21 23 26 27 28 29] [ 5465 10174  4353  5743  3839  8796  9821 13622  7786 10595  4535 10009] [] 1716260818.3763573170
[-1 -1 -1 -1 -1 -1 -1 -1  1 -1 -1] [ 3 10 11 18 19 20 21 26 27 28 29] [ 8376 13824  5140  7172  4304  8973 10020  8278 10317  6667 10312] [] 1716260818.4194602966
[-1 -1 -1 -1  1 -1 -1 -1 -1  1] [ 3 11 18 19 20 21 26 27 28 29] [ 8502  5336  8049  4459  8823 10041  9847 10636  8162 10281] [] 1716260818.4623963833
[-1 -1 -1 -1 -1 -1 -1 -1 -1] [ 3 11 18 19 20 21 27 28 29] [ 9115  5434  9949  4507  9728 10235 11240  9700 10381] [] 1716260818.5053570271
[-1 -1 -1 -1 -1 -1 -1 -1] [11 18 19 20 21 27 28 29] [ 6007 10230  4862 10468 10484 11474 10820 10524] [] 1716260818.5482707024
[-1 -1 -1 -1 -1 -1  1 -1] [11 18 19 20 21 27 28 29] [ 6143 10640  5306 11068 10685 12143 10789 11178] [] 1716260818.5913538933
[-1 -1 -1  1 -1 -1 -1 -1] [11 18 19 20 21 27 28 29] [ 7063 10885  5466 11037 10798 12514 11017 11394] [] 1716260818.6343448162
[-1 -1 -1 -1  1 -1] [11 19 20 21 27 28] [ 8730  5969 11335 10866 12015 11018] [] 1716260818.6772937775
[ 1 -1 -1 -1 -1] [11 19 20 21 28] [ 8684  6510 12014 11233 11054] [] 1716260818.7202794552
[ 1 -1 -1  1] [11 19 20 28] [ 8661  9227 12148 10965] [] 1716260818.7632963657
[-1 -1 -1 -1] [11 19 20 28] [ 8999  9832 13032 11095] [] 1716260818.8062090874
[ 1 -1 -1] [11 20 28] [ 8942 13249 11161] [] 1716260818.8493049145
[1] [11] [8684] [] 1716260818.8921644688
[-1] [11] [8759] [] 1716260818.9352557659
[-1] [11] [9244] [] 1716260818.9781782627
[-1] [11] [10043] [] 1716260819.0212416649
[-1] [11] [12824] [] 1716260819.0642583370
2 2 2 1716260819.2364301682
