FA TAX ADC PRES TS
[-1] [19] [11895] [] 1716261244.2593162060
[-1] [28] [11063] [] 1716261244.3023054600
[-1 -1 -1] [11 28 44] [10354 11461 15735] [] 1716261244.3452954292
[1 1 1] [11 28 44] [ 9909 11327 13255] [] 1716261244.3882744312
[1 1 1] [11 28 44] [ 9573 11207 12953] [] 1716261244.4312629700
[ 1  1 -1] [11 28 44] [ 9343 11034 13075] [] 1716261244.4742746353
[-1 -1 -1 -1  1] [11 26 27 28 44] [ 9612 11739 13730 11421 12871] [] 1716261244.5172915459
[ 1 -1  1  1  1  1] [11 19 26 27 28 44] [ 9333 10684 11144 13017 11234 12643] [] 1716261244.5602860451
[ 1  1  1  1  1 -1] [11 19 26 27 28 44] [ 9283 10268  9475 12797 11222 12720] [] 1716261244.6032953262
[ 1  1 -1  1  1 -1 -1  1] [11 19 20 26 27 28 29 44] [ 9117 10181 16054  8951 12589 11235 14764 12647] [] 1716261244.6462953091
[1 1 1 1 1 1 1 1] [11 19 20 26 27 28 29 44] [ 8968 10029 15407  8753 12419 11007 13714 12386] [] 1716261244.6893329620
[ 1  1  1  1  1 -1  1  1] [11 19 20 26 27 28 29 44] [ 8860  9839 15164  8506 12091 11151 11910  9913] [] 1716261244.7323043346
[-1 -1  1  1 -1 -1  1  1  1] [11 18 19 20 26 27 28 29 44] [ 8888 14094  9665 14887  8577 12289 11040 11588  9897] [] 1716261244.7753839493
[ 1  1  1  1  1 -1 -1  1  1] [11 18 19 20 26 27 28 29 44] [ 8851 13086  9581 14269  8387 12595 11051 11540  9767] [] 1716261244.8183605671
[-1 -1  1  1  1 -1  1  1  1  1] [10 11 18 19 20 26 27 28 29 44] [12463  8990 12661  6429 13731  8399 11489 11010  9469  9702] [] 1716261244.8612201214
[-1  1  1  1  1 -1  1  1  1  1  1] [10 11 18 19 20 21 26 27 28 29 44] [12509  8891 11595  5833 13290 12600  8331 11259 10774  9409  9695] [] 1716261244.9044799805
[ 1  1  1  1  1  1  1 -1  1  1  1] [10 11 18 19 20 21 26 27 28 29 44] [12217  8812  8770  5707 13125 12386  8283 11516 10687  9354  9577] [] 1716261244.9475438595
[ 1  1  1  1  1  1  1 -1  1  1  1] [10 11 18 19 20 21 26 27 28 29 44] [11955  8808  8462  5577 12766 11688  8127 11724 10640  9114  9458] [] 1716261244.9905672073
[ 1 -1  1  1  1  1  1 -1  1  1 -1 -1] [10 11 18 19 20 21 26 27 28 29 44 45] [11816  8809  8351  5414 12526 10998  8057 11753 10574  8898  9501 11598] [] 1716261245.0334708691
[ 1  1  1  1  1  1  1  1  1  1 -1 -1 -1] [10 11 18 19 20 21 26 27 28 29 42 44 45] [10611  8755  8152  4819 12104 10811  7977 11174 10420  8750 13728  9521
 11674] [] 1716261245.0764505863
[ 1 -1  1  1  1  1 -1  1 -1  1 -1  1  1  1] [10 11 18 19 20 21 26 27 28 29 35 42 44 45] [10082  8756  8134  4759 11830 10612  8051 11071 10458  7117 13417 12175
  9497 11471] [] 1716261245.1194236279
[ 1  1  1  1  1  1 -1  1  1  1  1  1  1  1] [10 11 18 19 20 21 26 27 28 29 35 42 44 45] [ 9990  8735  7513  4661 11510 10376  8095 11029 10447  6517 11193 11573
  8900  9756] [] 1716261245.1625602245
[ 1 -1  1  1  1  1  1  1 -1  1  1 -1  1  1] [10 11 18 19 20 21 26 27 28 29 35 42 44 45] [ 9414  8801  5238  4489 11356 10145  7971 10709 10487  6272 10457 11836
  8721  8803] [] 1716261245.2053675652
[ 1  1  1  1  1  1 -1  1 -1  1 -1  1  1  1  1] [10 11 18 19 20 21 26 27 28 29 34 35 42 44 45] [ 8856  8799  4893  4450 11071 10110  8057 10469 10696  5509  8786  9872
 11451  8077  6415] [] 1716261245.2483866215
[ 1  1  1  1  1 -1  1  1  1  1  1  1  1  1  1] [10 11 18 19 20 21 26 27 28 29 34 35 42 44 45] [ 8842  8676  4625  4275 10655 10124  7907 10148 10572  5128  8264  9821
  8887  7733  6156] [] 1716261245.2915699482
[1 1 1 1 1 1 1 1 1 1 1 1 1 1 1] [10 11 18 19 20 21 26 27 28 29 34 35 42 44 45] [ 7493  8635  4554  4232  9237  9767  7090  9790 10473  4895  7934  9611
  8397  7644  5944] [] 1716261245.3345475197
[ 1 -1  1  1  1  1  1 -1  1  1  1 -1 -1  1  1  1] [10 11 18 19 20 21 26 27 28 29 34 35 37 42 44 45] [ 7201  8642  4550  4128  8894  8872  6177  9805  9842  4673  7764  9626
 16377  7691  7290  5805] [] 1716261245.3774619102
[ 1  1  1  1  1  1  1  1  1  1  1 -1 -1  1  1  1  1] [10 11 18 19 20 21 26 27 28 29 34 35 36 37 42 44 45] [ 5841  8597  4497  4067  8466  8646  5705  9613  8831  3983  6726  9715
 14811 15205  7240  5641  5774] [] 1716261245.4205460548
[ 1  1  1  1 -1  1  1  1  1  1  1  1  1  1  1  1  1] [10 11 18 19 20 21 26 27 28 29 34 35 36 37 42 44 45] [ 5078  8588  4189  3967  8674  8568  5251  9584  7019  3788  6110  9643
 13519 13564  6860  4914  5726] [] 1716261245.4635655880
[ 1  1  1  1  1  1  1  1  1  1  1  1  1  1  1  1 -1 -1 -1] [10 11 18 19 20 21 26 27 28 29 34 35 36 37 42 44 45 50 53] [ 4479  7801  4049  3897  7786  8494  5017  9486  6021  3689  5714  9558
 13398 10342  6603  4607  5851 10235 13637] [] 1716261245.5065844059
[ 1  1  1  1  1  1  1 -1  1  1  1  1  1  1  1  1  1  1  1] [10 11 18 19 20 21 26 27 28 29 34 35 36 37 42 44 45 50 53] [ 4063  7755  3967  3831  7452  8393  4663  9521  5711  3621  5708  8589
 11414 10151  5838  4468  5845 10066 10652] [] 1716261245.5494215488
[ 1  1  1  1  1  1  1  1  1  1  1  1 -1  1  1  1  1 -1  1] [10 11 18 19 20 21 26 27 28 29 34 35 36 37 42 44 45 50 53] [ 3796  7736  3911  3680  7231  8388  4109  9459  5615  3527  5574  8330
 11465  8701  5410  4193  5503 10113 10513] [] 1716261245.5923371315
[ 1  1 -1  1  1  1  1 -1  1  1 -1  1  1 -1  1  1  1  1  1] [10 11 18 19 20 21 26 27 28 29 34 35 36 37 42 44 45 50 53] [ 3659  7651  3961  3641  6941  8362  4049  9529  5402  3453  5644  7852
 11428  9743  4670  3658  5407 10090  8309] [] 1716261245.6353230476
[-1  1  1  1  1  1  1  1 -1  1 -1 -1  1  1 -1  1  1  1 -1  1  1] [ 3 10 11 18 19 20 21 26 27 28 29 32 34 35 36 37 42 44 45 50 53] [13456  3558  6375  3856  3602  6479  8354  4026  9535  5141  3471 11554
  5581  7815 11443  9203  4382  3468  5778  8538  7650] [] 1716261245.6783633232
[ 1  1  1  1  1  1  1  1  1  1  1  1 -1  1  1 -1  1  1  1 -1 -1  1] [ 3 10 11 18 19 20 21 26 27 28 29 32 34 35 36 37 42 44 45 46 50 53] [13011  3415  6168  3809  3527  5449  8175  3857  9430  4847  3410 10001
  5623  7578 11345  9248  3973  3377  5318 12111  9200  7563] [] 1716261245.7212111950
[ 1  1  1 -1  1  1 -1  1  1  1  1  1  1  1 -1 -1  1  1 -1  1 -1 -1 -1] [ 3 10 11 18 19 20 21 26 27 28 29 32 34 35 36 37 42 44 45 46 50 53 61] [ 7394  3327  6097  3837  3510  5079  8312  3713  9267  4185  3381  9802
  5502  7479 11517  9371  3687  3318  5800 11623  9783  7714  8438] [] 1716261245.7644813061
[-1  1  1  1  1  1  1 -1  1  1  1  1 -1 -1  1  1  1  1  1  1  1 -1  1  1
  1] [ 1  3 10 11 18 19 20 21 26 27 28 29 32 34 35 36 37 42 44 45 46 47 50 53
 61] [14928  5441  3285  5109  3623  3480  5027  8335  3574  7255  3748  3330
 10005  5693  7044 11347  8153  3476  3091  5758 11309 12676  7677  7631
  6943] [] 1716261245.8075625896
[-1  1  1  1  1  1  1 -1  1  1  1  1 -1  1  1 -1  1 -1  1  1  1  1  1  1
  1 -1  1] [ 1  3 10 11 18 19 20 21 26 27 28 29 32 34 35 36 37 38 42 44 45 46 47 50
 53 54 61] [15754  5259  3175  4981  3581  3433  4511  8449  3521  6414  3429  3283
 10522  5540  6835 11388  7653 14284  3211  2962  5313 11140  8441  6923
  7557 12126  6637] [] 1716261245.8506076336
[ 1  1  1  1  1  1  1  1 -1  1  1  1  1  1  1 -1  1  1  1 -1  1  1  1 -1
  1  1  1] [ 3 10 11 18 19 20 21 26 27 28 29 32 34 35 36 37 38 42 44 45 46 47 50 52
 53 54 61] [ 5169  3111  4859  3546  3370  4498  8406  3447  6446  3137  3142 10262
  5479  6742 10904  7901 13731  3060  2943  5415 10964  7371  6707 15091
  7467 11686  6495] [] 1716261245.8934528828
[-1  1 -1  1  1  1  1  1  1  1  1  1 -1 -1 -1  1  1  1  1  1  1  1  1 -1
 -1  1  1 -1 -1] [ 1  3 10 11 18 19 20 21 26 27 28 29 32 34 35 36 37 38 42 44 45 46 47 50
 52 53 54 60 61] [15334  5079  3150  4816  3522  3328  4416  8398  3357  6422  2993  3007
 10298  5494  6871 10317  7319 13681  2964  2893  4766 10751  7051  7022
 15157  6744 11425 12071  6500] [] 1716261245.9365353584
[ 1  1  1  1 -1  1  1  1  1  1  1  1  1  1 -1  1  1 -1  1  1  1  1  1 -1
  1  1 -1  1  1] [ 1  3 10 11 18 19 20 21 26 27 28 29 32 34 35 36 37 38 42 44 45 46 47 50
 52 53 54 60 61] [14863  5041  3107  4659  3611  3296  4279  8315  3177  6337  2948  2799
 10128  5247  6937  8763  6694 14021  2923  2812  4755  9021  6749  7086
 15057  5956 11481 10005  6310] [] 1716261245.9795985222
[-1  1  1  1  1  1  1 -1 -1 -1 -1  1 -1  1  1  1  1  1  1  1  1  1  1  1
  1  1  1  1  1  1] [ 1  3 10 11 18 19 20 21 23 26 27 28 29 32 34 35 36 37 38 42 44 45 46 47
 50 52 53 54 60 61] [15099  4891  3076  4283  3269  3234  4088  8360 14419  3251  6347  2707
  2900 10031  4386  6412  7004  6679 13759  2734  2750  4380  8841  6414
  6981 14989  5809 11384  8649  6238] [] 1716261246.0226204395
[-1  1  1  1  1  1  1 -1 -1  1 -1  1  1  1 -1  1  1  1  1  1  1  1  1  1
  1  1  1  1  1  1] [ 1  3 10 11 18 19 20 21 23 26 27 28 29 32 34 35 36 37 38 42 44 45 46 47
 50 52 53 54 60 61] [16083  4766  2990  4019  3237  3194  4085  8442 14547  3093  6365  2607
  2823  9992  4493  5842  6511  6600 13759  2640  2664  4195  6303  6024
  6920 14951  5124  8888  6990  6191] [] 1716261246.0655288696
[ 1  1  1  1  1 -1  1  1 -1 -1 -1  1  1  1 -1  1  1  1  1  1  1  1  1  1
 -1 -1  1  1  1  1] [ 1  3 10 11 18 19 20 21 23 26 27 28 29 32 34 35 36 37 38 42 44 45 46 47
 50 52 53 54 60 61] [14763  4518  2922  3739  3197  3204  3697  8424 14603  3095  6399  2508
  2632  9642  4502  4906  6020  6541 13629  2597  2570  3955  6156  5485
  6962 14995  4730  8662  6347  6104] [] 1716261246.1083674431
[-1  1  1  1  1  1  1  1  1  1  1  1  1 -1  1  1  1 -1  1  1  1 -1  1  1
  1  1 -1 -1 -1  1] [ 1  3 10 11 18 19 20 21 23 26 27 28 29 32 34 35 36 37 38 42 44 45 46 47
 50 52 53 54 60 61] [14977  4407  2861  3610  3109  3104  3369  8309 14185  2797  6259  2448
  2528 10006  3583  4760  5297  6702 11195  2542  2541  4130  6060  4971
  6794 14911  4805  8681  6383  6023] [] 1716261246.1513230801
[-1 -1  1  1  1  1 -1  1  1  1  1  1  1  1  1 -1  1  1  1 -1 -1  1  1  1
  1 -1  1  1 -1  1  1 -1] [ 1  3 10 11 18 19 20 21 23 26 27 28 29 32 34 35 36 37 38 41 42 44 45 46
 47 48 50 52 53 54 60 61] [15039  4438  2793  3524  3109  3088  3434  8199 14023  2774  6252  2412
  2462  9952  3519  4880  5283  6662  9475 14495  2567  2506  4028  5929
  4621 10234  6282 14873  4897  8574  5832  6033] [] 1716261246.1943616867
[ 1 -1  1  1  1  1  1  1  1  1  1  1  1  1  1  1  1 -1  1  1  1  1 -1  1
  1  1  1 -1  1  1 -1  1] [ 1  3 10 11 18 19 20 21 23 26 27 28 29 32 34 35 36 37 38 41 42 44 45 46
 47 48 50 52 53 54 60 61] [14631  4491  2683  3447  3033  3022  3328  8153 13860  2723  6201  2341
  2394  9690  3310  4690  4637  6851  8016 14189  2424  2492  4159  5899
  4504  7858  6257 14877  4740  6861  5994  5994] [] 1716261246.2372689247
[-1 -1 -1 -1  1  1  1  1 -1 -1  1  1  1  1  1  1  1  1  1  1  1  1  1  1
  1  1  1  1 -1 -1  1  1 -1  1  1] [ 1  2  3 10 11 18 19 20 21 23 26 27 28 29 32 34 35 36 37 38 41 42 44 45
 46 47 48 50 51 52 53 54 55 60 61] [14847 12906  4583  2732  3239  2983  3015  2973  8319 13979  2631  6042
  2279  2379  8743  3172  4566  4257  6093  6133 13935  2300  2413  3910
  5386  4420  5301  6078 11947 14884  4347  6669  8181  5725  5994] [] 1716261246.2804985046
[ 1 -1  1  1  1 -1  1  1  1  1  1  1  1  1  1  1  1  1  1  1  1 -1 -1  1
  1  1  1  1 -1  1 -1  1  1  1  1  1] [ 1  2  3 10 11 13 18 19 20 21 23 26 27 28 29 32 34 35 36 37 38 41 42 44
 45 46 47 48 50 51 52 53 54 55 60 61] [12687 13008  4047  2664  3129 15032  2938  2953  2876  8317 13965  2627
  5987  2193  2302  7786  3115  4470  4050  5930  5921 13936  2322  2396
  3786  5274  4413  5247  6094 11648 14906  4130  6383  8017  5432  5988] [] 1716261246.3235251904
[-1 -1  1  1  1  1  1  1  1 -1  1 -1  1  1  1 -1  1 -1  1  1 -1  1  1  1
  1 -1  1  1 -1  1  1  1  1 -1  1  1] [ 1  2  3 10 11 13 18 19 20 21 23 26 27 28 29 32 34 35 36 37 38 41 42 44
 45 46 47 48 50 51 52 53 54 55 60 61] [12771 13337  4047  2651  3067 14496  2903  2939  2859  8386 13914  2643
  5668  2187  2297  7954  3097  4501  3922  5499  5926 13899  2255  2385
  3764  5276  4293  5195  6133 11556 14880  4050  6357  8045  5367  5953] [] 1716261246.3665840626
[-1  1  1  1  1  1 -1  1  1 -1 -1  1  1  1  1  1  1  1  1  1  1 -1  1  1
  1  1  1  1  1 -1  1  1  1  1  1  1] [ 1  2  3 10 11 13 18 19 20 21 23 26 27 28 29 32 34 35 36 37 38 41 42 44
 45 46 47 48 50 51 52 53 54 55 60 61] [12799 12878  4047  2613  3036 14410  2905  2921  2804  8430 13987  2615
  5656  2161  2286  7906  3067  4459  3849  5096  5849 13930  2250  2384
  3737  5249  4232  5095  5936 11877 14871  3812  6299  7972  5308  5951] [] 1716261246.4095160961
[ 1  1  1  1  1 -1  1  1 -1 -1  1  1  1  1 -1  1 -1 -1  1  1 -1  1  1  1
  1  1 -1 -1  1  1 -1  1 -1 -1  1  1] [ 1  2  3 10 11 13 18 19 20 21 23 26 27 28 29 32 34 35 36 37 38 41 42 44
 45 46 47 48 50 51 52 53 54 55 60 61] [12757 12860  4001  2597  3007 14448  2877  2895  2839  8452 13768  2607
  5561  2129  2287  7512  3115  4484  3692  5035  5884 13879  2238  2379
  3710  5243  4254  5243  5887 11549 14898  3799  6318 10673  5262  5913] [] 1716261246.4525330067
[ 1  1 -1  1  1  1  1  1  1 -1 -1 -1 -1 -1  1  1  1 -1  1  1 -1  1 -1 -1
  1 -1  1 -1  1  1  1 -1  1 -1  1] [ 1  2  3 10 11 13 18 19 20 21 23 26 27 28 29 32 34 35 36 37 38 41 42 44
 45 46 47 48 50 51 52 53 54 60 61] [12633 12746  4511  2586  2998 14394  2869  2881  2807  8461 13771  2631
  5569  2144  2275  7422  3059  4538  3616  4983  5978 13837  2256  2405
  3659  5259  4148  6030  5823 11338 14844  3805  6171  5277  5882] [] 1716261246.4955937862
[-1  1  1 -1 -1  1 -1 -1 -1 -1  1 -1 -1  1 -1  1 -1  1 -1 -1 -1 -1 -1 -1
 -1 -1 -1 -1 -1 -1 -1 -1 -1 -1] [ 1  2  3 10 11 13 18 19 20 21 23 26 27 28 29 32 34 35 36 37 38 41 42 44
 45 46 47 48 50 52 53 54 60 61] [14817 12683  4415  2597  3003 14181  2923  2891  2849  8468 13603  2643
  5596  2139  2283  7372  3062  4440  3694  5019  7638 14093  2356  2428
  3677  5807  4375 10508  6094 14848  3912  8508  5621  5991] [] 1716261246.5385556221
[ 1 -1  1 -1 -1 -1  1 -1 -1  1  1 -1 -1 -1 -1  1 -1 -1 -1 -1 -1 -1 -1 -1
 -1 -1 -1 -1  1  1  1  1  1] [ 1  2  3 10 11 13 18 19 20 21 23 26 27 28 29 32 34 35 36 37 38 42 44 45
 46 47 48 50 52 53 54 60 61] [14756 12766  4415  2635  3146 14572  2892  2920  3033  8386 13533  2647
  5635  2192  2329  7256  3095  4505  4058  5239  7886  2378  2433  3766
  5834  4495 14995  6127 14817  3849  8480  5579  5920] [] 1716261246.5815684795
[ 1 -1 -1 -1  1 -1 -1 -1  1 -1 -1  1  1  1 -1  1 -1  1 -1 -1 -1 -1 -1 -1
  1 -1 -1 -1 -1 -1 -1 -1] [ 1  2  3 10 11 13 18 19 20 21 23 26 27 28 29 32 34 35 36 37 38 42 44 45
 46 47 50 52 53 54 60 61] [14607 12869  4419  2671  3132 15046  2927  2924  3002  8421 14291  2642
  5601  2189  2371  7191  3189  4462  4063  5501  9829  2492  2470  3895
  5823  4933  7035 14829  4010 10769  5834  6029] [] 1716261246.6244013309
[-1 -1 -1 -1 -1 -1 -1 -1  1 -1  1 -1 -1  1 -1 -1 -1 -1 -1 -1 -1 -1 -1 -1
 -1  1 -1 -1 -1 -1 -1] [ 1  2  3 10 11 18 19 20 21 23 26 27 28 29 32 34 35 36 37 38 42 44 45 46
 47 50 52 53 54 60 61] [14637 13130  4550  2695  3222  2935  2982  3161  8285 14411  2602  5638
  2263  2365  7224  3546  4596  4799  5703 13149  2629  2574  4009  5962
  5213  6710 14975  5491 11180  7993  6101] [] 1716261246.6673657894
[-1  1 -1 -1 -1 -1 -1  1  1 -1 -1 -1 -1 -1 -1 -1 -1 -1 -1 -1 -1 -1 -1 -1
 -1  1 -1 -1 -1] [ 1  3 10 11 18 19 20 21 23 26 27 28 29 32 34 35 36 37 38 42 44 45 46 47
 50 52 53 54 61] [14651  4541  2700  3260  3055  3068  3182  8173 14097  2690  5764  2279
  2387  7365  3955  4704  5268  5845 13209  2681  2636  4157  6998  6325
  7023 14975  6311 11722  6216] [] 1716261246.7103126049
[-1 -1 -1 -1 -1 -1 -1 -1  1 -1 -1 -1 -1 -1 -1 -1 -1 -1 -1 -1 -1 -1 -1 -1
 -1  1 -1 -1 -1] [ 1  3 10 11 18 19 20 21 23 26 27 28 29 32 34 35 36 37 38 42 44 45 46 47
 50 52 53 54 61] [14655  4702  2828  3645  3063  3079  3284  8274 13892  2757  5973  2387
  2577  7428  4203  4857  5356  6275 13627  2847  2738  4397  7117  7030
  7188 14972  6323 11996  6438] [] 1716261246.7533178329
[ 1 -1 -1 -1 -1  1 -1  1 -1 -1  1 -1 -1 -1 -1 -1 -1 -1 -1 -1  1 -1 -1 -1
 -1 -1 -1 -1] [ 1  3 10 11 18 19 20 21 23 26 27 28 29 32 34 35 36 37 38 42 44 45 46 47
 50 52 53 61] [14627  4849  2903  3774  3095  3070  3487  8141 14039  2782  5865  2524
  2647  7569  4511  5082  5974  6523 13803  2982  2700  4463  7151  8976
  7419 14987  7181  6564] [] 1716261246.7962739468
[ 1 -1 -1 -1 -1 -1 -1  1  1 -1 -1 -1  1 -1 -1 -1 -1 -1 -1 -1 -1 -1 -1 -1
  1 -1] [ 1  3 10 11 18 19 20 21 23 26 27 28 29 32 34 35 36 37 38 42 44 45 46 50
 52 53] [14611  4986  2944  4089  3097  3104  3685  8123 14036  2806  5931  2567
  2598  7621  4618  5483  6966  6691 13902  3071  2838  4690  7962  9568
 14961  7420] [] 1716261246.8393423557
[ 1 -1 -1 -1 -1 -1  1  1 -1 -1 -1 -1 -1  1 -1 -1 -1 -1 -1 -1 -1 -1 -1 -1
 -1 -1] [ 1  3 10 11 18 19 20 21 23 26 27 28 29 32 34 35 36 37 38 42 44 45 46 50
 52 53] [14493  5631  3020  4224  3157  3131  3658  8092 14140  3044  6000  2630
  2793  7470  4859  6092  8547  6997 14293  3323  2926  4911  8344  9631
 15023  7825] [] 1716261246.8823249340
[-1 -1 -1 -1 -1 -1 -1 -1 -1 -1 -1 -1 -1  1 -1 -1 -1 -1 -1 -1 -1 -1  1] [ 1  3 10 11 18 19 20 21 23 26 27 28 29 32 34 35 36 37 42 44 45 50 53] [14543 13317  3029  4323  3279  3164  4073  8142 14864  3095  6075  2759
  2884  7461  5265  6342  9102  7178  3535  3008  5448 10153  7733] [] 1716261246.9253137112
[ 1 -1  1 -1 -1 -1  1 -1 -1 -1 -1 -1  1 -1 -1 -1 -1 -1 -1 -1 -1 -1] [ 1 10 11 18 19 20 21 23 26 27 28 29 32 34 35 36 37 42 44 45 52 53] [14442  3053  4173  3405  3201  4517  8101 15593  3173  6139  2897  2887
  7255  5394  6363 11019  8228  3687  3143  5574 15077  9557] [] 1716261246.9682867527
[ 1 -1 -1 -1 -1  1 -1 -1 -1 -1 -1 -1 -1 -1 -1  1 -1 -1  1 -1 -1] [ 1 10 11 18 19 20 21 26 27 28 29 32 34 35 36 37 42 44 45 52 53] [14251  3166  4592  3479  3243  4406  8186  3301  6165  3088  2965  9811
  5446  6508 11213  8029  3838  3350  5573 15079 10050] [] 1716261247.0112617016
[-1 -1 -1  1 -1 -1  1 -1 -1 -1 -1  1  1 -1 -1  1 -1 -1  1] [ 1 10 11 18 19 20 21 26 27 28 29 32 34 35 36 37 42 44 45] [14413  3273  4710  3473  3302  4428  8163  3305  6249  3344  3031  9629
  4863  6601 11263  7726  4402  3470  5531] [] 1716261247.0542445183
[-1 -1 -1 -1 -1 -1  1 -1 -1 -1 -1 -1 -1  1 -1 -1 -1 -1 -1] [ 1 10 11 18 19 20 21 26 27 28 29 32 34 35 36 37 42 44 45] [14772  3359  4739  3609  3364  4787  8116  3500  6371  3804  3117  9826
  5213  6575 11431  7962  5119  3604  5553] [] 1716261247.0972428322
[-1 -1 -1 -1 -1 -1 -1 -1 -1 -1  1  1 -1 -1 -1 -1 -1 -1] [ 1 10 11 18 19 20 21 26 27 28 29 34 35 36 37 42 44 45] [15075  3615  5558  3662  3460  5073  8180  3917  6811  4153  3076  5192
  6619 11661  8202  8240  4308  5716] [] 1716261247.1403505802
[ 1 -1 -1 -1 -1 -1  1 -1 -1 -1 -1 -1 -1  1 -1 -1 -1 -1] [ 1 10 11 18 19 20 21 26 27 28 29 34 35 36 37 42 44 45] [15043  3791  6200  3716  3517  5239  8128  4023  7713  4409  3224  5433
  6842 11650  8303 10560  4750  5832] [] 1716261247.1832699776
[-1 -1 -1 -1  1  1 -1  1 -1 -1 -1 -1  1 -1 -1 -1 -1] [10 11 18 19 20 21 26 27 28 29 34 35 36 37 42 44 45] [ 3811  6455  3761  3637  5124  8128  4289  7652  4779  3279  5566  6890
 11615  8907 11429  5925  6178] [] 1716261247.2262344360
[-1 -1 -1 -1 -1 -1 -1 -1 -1 -1 -1 -1 -1  1 -1 -1 -1] [10 11 18 19 20 21 26 27 28 29 34 35 36 37 42 44 45] [ 4126  7692  3886  3685  5241  8160  4578  7854  5285  3371  6603  7349
 11680  8485 13288  6737  6255] [] 1716261247.2692515850
[-1 -1 -1 -1 -1 -1 -1 -1 -1 -1  1  1 -1 -1 -1 -1] [10 11 18 19 20 21 26 27 28 29 34 35 36 37 44 45] [ 4997  8471  3992  3810  6150  8321  5039  8145  5919  3721  6587  7311
 11787  9377  8275  7770] [] 1716261247.3122241497
[-1 -1 -1 -1 -1  1 -1 -1 -1 -1 -1 -1 -1 -1  1 -1] [10 11 18 19 20 21 26 27 28 29 34 35 36 37 44 45] [ 6411  8529  4071  3881  7701  8266  5991  8248  7391  4159  7771  7501
 11856 10227  8261 11654] [] 1716261247.3552281857
[-1  1 -1 -1 -1 -1 -1 -1 -1 -1 -1 -1 -1 -1 -1  1] [10 11 18 19 20 21 26 27 28 29 34 35 36 37 44 45] [ 6784  8488  4084  3911  8453  8391  6703  8315  9348  4479 10859  8587
 13993 10323  8960 11550] [] 1716261247.3982179165
[-1 -1 -1 -1 -1  1 -1 -1 -1 -1 -1 -1 -1  1] [10 11 18 19 20 21 26 27 28 29 34 35 37 44] [ 7918  8584  4332  4021  9814  8349  7749  8447 10385  4882 12354 10082
 14640  8939] [] 1716261247.4412200451
[-1  1 -1 -1 -1 -1 -1 -1 -1 -1 -1 -1 -1] [10 11 18 19 20 21 26 27 28 29 35 37 44] [ 8160  8552  4739  4221 10206  8668  7819  8692 10396  5200 10226 15871
  8953] [] 1716261247.4842045307
[-1  1 -1 -1 -1 -1 -1 -1  1  1 -1 -1] [10 11 18 19 20 21 26 27 28 29 35 44] [ 8293  8547  4828  4302 10504  9182  7866  9750 10357  5039 10289  9048] [] 1716261247.5271959305
[-1  1 -1 -1 -1 -1 -1 -1  1 -1 -1] [10 11 18 19 20 21 26 27 28 29 44] [ 8495  8031  5628  4454 10877  9945  7943  9919 10269  6420  9159] [] 1716261247.5701844692
[-1 -1 -1 -1 -1 -1 -1 -1 -1 -1 -1] [10 11 18 19 20 21 26 27 28 29 44] [ 8602  8686  5850  4719 11323  9973  7958 10405 10431  6738  9256] [] 1716261247.6132147312
[-1  1 -1 -1 -1 -1 -1 -1 -1 -1 -1] [10 11 18 19 20 21 26 27 28 29 44] [ 8746  8638  7468  5099 11687 10023  8046 10603 10479  6871  9540] [] 1716261247.6561994553
[-1 -1 -1 -1 -1 -1 -1 -1 -1 -1 -1] [10 11 18 19 20 21 26 27 28 29 44] [10448  8658  8664  6035 12164 10306  8234 12075 10506  9061  9996] [] 1716261247.6992006302
[ 1 -1 -1 -1 -1 -1 -1 -1 -1 -1 -1] [10 11 18 19 20 21 26 27 28 29 44] [10431  8727  9101  8505 13318 10429  8415 12884 10780  9440 12395] [] 1716261247.7421708107
[-1 -1 -1 -1 -1 -1 -1  1  1 -1 -1] [10 11 18 19 20 21 26 27 28 29 44] [12542  8814 13000  9962 14969 10840  9001 12735 10757 11047 12505] [] 1716261247.7851693630
[-1 -1 -1 -1 -1 -1 -1 -1  1 -1] [10 11 18 19 20 26 27 28 29 44] [13603  8875 13094 10006 15129  9187 13007 10824 10985 13077] [] 1716261247.8281250000
[ 1  1 -1 -1 -1] [11 19 27 28 29] [ 8872  9912 13065 10844 11058] [] 1716261247.8711354733
[-1  1  1  1 -1] [11 19 27 28 29] [ 8896  9873 12978 10563 11185] [] 1716261247.9141035080
[ 1 -1 -1] [11 19 28] [ 8782 10913 10565] [] 1716261247.9571371078
[ 1 -1] [11 28] [ 8668 10617] [] 1716261248.0000674725
[-1 -1] [11 28] [ 8709 10684] [] 1716261248.0431520939
[-1 -1] [11 28] [ 8875 10921] [] 1716261248.0861101151
[-1  1] [11 28] [ 8898 10829] [] 1716261248.1291732788
[-1 -1] [11 28] [ 9445 11027] [] 1716261248.1902849674
2 2 2 1716261248.1905272007
