FA TAX ADC PRES TS
[-1  1 -1] [10 11 28] [11872  8922 10743] [] 1716261270.0991206169
[1 1 1] [10 11 28] [11105  8899 10690] [] 1716261270.1420767307
[1 1 1] [10 11 28] [10081  8766 10534] [] 1716261270.1851811409
[ 1  1 -1 -1] [10 11 19 28] [ 9256  8761 11131 10657] [] 1716261270.2281432152
[ 1  1  1 -1] [10 11 19 28] [ 9159  8697  9391 10709] [] 1716261270.2710866928
[ 1 -1  1  1] [10 11 19 28] [ 8917  8714  9386 10692] [] 1716261270.3140718937
[1 1 1 1] [10 11 19 28] [ 7666  8641  8783 10634] [] 1716261270.3570718765
[ 1 -1 -1  1 -1 -1 -1 -1] [10 11 18 19 21 26 27 28] [ 6961  8727 14276  8404 13619 11358 12793 10793] [] 1716261270.4000363350
[ 1 -1  1 -1  1  1  1  1] [10 11 18 19 21 26 27 28] [ 6547  8730 10881  8558 11983 11151 12626 10709] [] 1716261270.4430670738
[ 1  1  1  1  1  1  1 -1] [10 11 18 19 21 26 27 28] [ 6514  8700  8963  8431 11482 11141 12564 10778] [] 1716261270.4860577583
[ 1 -1 -1  1  1  1  1  1] [10 11 18 19 21 26 27 28] [ 6364  8744  8986  7313 10855  9238 12495 10694] [] 1716261270.5290584564
[1 1 1 1 1 1 1 1] [10 11 18 19 21 26 27 28] [ 6202  8687  7847  6847 10641  9002 12284 10595] [] 1716261270.5720372200
[ 1  1  1  1  1  1  1 -1 -1] [10 11 18 19 21 26 27 28 44] [ 5979  8676  6843  6802 10447  8936 12219 10738 15935] [] 1716261270.6150724888
[ 1 -1  1  1  1 -1 -1 -1 -1 -1  1] [10 11 18 19 21 26 27 28 29 34 44] [ 5873  8711  6172  6005 10424  8980 12276 10861 11658 13961 14452] [] 1716261270.6581029892
[-1 -1  1  1 -1  1  1  1  1  1  1  1] [10 11 18 19 20 21 26 27 28 29 34 44] [ 5915  8716  6123  5400 15589 10303  8959 12220 10788 11565 10603 13799] [] 1716261270.7012107372
[ 1 -1  1  1 -1  1  1  1  1  1 -1  1] [10 11 18 19 20 21 26 27 28 29 34 44] [ 5627  8758  5966  5256 16262 10247  8922 11561 10784 11394 10606 10525] [] 1716261270.7441520691
[-1  1  1  1  1  1  1 -1 -1  1  1 -1  1] [ 3 10 11 18 19 20 21 26 27 28 29 34 44] [14450  5362  7233  5817  5089 14954 10237  9066 11662 10574 11230 10697
 10233] [] 1716261270.7871654034
[ 1  1  1  1  1  1 -1  1  1  1  1  1  1] [ 3 10 11 18 19 20 21 26 27 28 29 34 44] [12765  5037  6975  5603  4727 14078 10331  8802 11506 10498 11027 10330
  9870] [] 1716261270.8300933838
[ 1  1  1  1  1 -1  1  1  1  1  1  1  1] [ 3 10 11 18 19 20 21 26 27 28 29 34 44] [12633  4939  6911  5370  4571 14676 10323  8703 11374 10327 10834 10163
  9599] [] 1716261270.8733170033
[-1  1 -1  1  1  1  1  1 -1 -1  1  1 -1] [ 3 10 11 18 19 20 21 26 27 28 29 34 44] [12803  4579  6950  5311  4378 14511 10229  8544 11401 10376 10472 10039
  9787] [] 1716261270.9161028862
[ 1  1  1  1  1  1  1  1  1  1 -1  1 -1  1] [ 3 10 11 18 19 20 21 26 27 28 29 34 36 44] [ 7311  4419  6875  5108  4203 14088 10087  7343 11389 10302 10526  9746
 15422  9057] [] 1716261270.9591269493
[ 1  1  1  1  1  1  1 -1 -1  1  1  1  1  1] [ 3 10 11 18 19 20 21 26 27 28 29 34 36 44] [ 7057  4381  6824  4789  3960 13443 10082  7599 11479 10293 10495  9585
 14479  8175] [] 1716261271.0021302700
[ 1  1  1  1  1 -1  1  1 -1  1 -1 -1  1 -1  1] [ 3 10 11 18 19 20 21 26 27 28 29 34 36 42 44] [ 6857  4275  6790  4661  3859 13690  9961  7128 11682 10238 10573  9605
 14283 12569  7149] [] 1716261271.0451107025
[-1  1  1  1  1  1  1 -1  1 -1  1  1  1  1  1] [ 3 10 11 18 19 20 21 26 27 28 29 34 36 42 44] [ 6969  4007  5711  4607  3751 13182  8452  7138 11511 10326 10409  7884
 13855 11557  6701] [] 1716261271.0880267620
[ 1  1  1  1  1  1  1  1 -1  1  1  1 -1  1  1] [ 3 10 11 18 19 20 21 26 27 28 29 34 36 42 44] [ 6826  3673  5616  4277  3661 12782  8267  5919 11613 10251 10244  7145
 14536 11301  6511] [] 1716261271.1311085224
[ 1  1 -1 -1  1  1  1  1  1  1 -1 -1  1  1  1  1] [ 3 10 11 15 18 19 20 21 26 27 28 29 34 36 42 44] [ 6804  3599  5673 14028  4262  3595 12341  8265  5607 11510 10284 10364
  6909 11691 11036  5835] [] 1716261271.1740818024
[ 1  1  1  1  1  1  1 -1 -1 -1 -1  1  1 -1  1 -1  1] [ 3 10 11 15 18 19 20 21 26 27 28 29 34 35 36 42 44] [ 6706  3560  5587 13713  4146  3580 12006  8268  5667 11600 10298 10276
  6734 15663  8451 11761  5574] [] 1716261271.2170896530
[ 1  1  1  1  1  1 -1  1  1  1  1  1  1  1  1 -1 -1  1] [ 3 10 11 15 18 19 20 21 26 27 28 29 34 35 36 37 42 44] [ 6705  3492  5463 13309  3917  3502 12042  8193  5175 11057 10219 10227
  6327 14579  7130 16344 11770  5046] [] 1716261271.2600553036
[ 1  1  1  1  1  1  1  1  1 -1 -1  1  1 -1  1 -1  1] [ 3 10 11 15 18 19 20 21 26 27 28 29 34 35 36 42 44] [ 6226  3331  5003 13118  3827  3474 11512  8072  4853 11165 10347  7994
  5143 15140  5542 11826  4417] [] 1716261271.3031694889
[ 1  1  1 -1  1  1  1  1 -1  1  1  1 -1  1  1 -1 -1  1  1 -1] [ 3 10 11 15 18 19 20 21 23 26 27 28 29 34 35 36 37 42 44 45] [ 5755  3265  4761 13151  3740  3398 10886  8064 13514  4246  8095 10283
  8234  4895 15053  5545 16337 11826  4250 11936] [] 1716261271.3460922241
[ 1 -1  1 -1  1  1  1 -1  1  1 -1  1  1  1 -1  1  1  1  1  1] [ 3 10 11 15 18 19 20 21 23 26 27 28 29 34 35 36 37 42 44 45] [ 5081  3285  4693 13247  3624  3316 10803  8155 13438  3965  8213 10264
  8089  4678 15245  4623 13878 11713  3976 11673] [] 1716261271.3890867233
[ 1  1  1  1  1  1  1  1 -1  1  1  1  1  1  1  1  1  1  1  1] [ 3 10 11 15 18 19 20 21 23 26 27 28 29 34 35 36 37 42 44 45] [ 4674  3271  4509 13247  3526  3272 10489  8052 13450  3716  7763 10149
  8030  4315 14015  3946 12258 11199  3704  9015] [] 1716261271.4321210384
[ 1  1 -1  1  1  1  1  1  1  1  1 -1  1  1  1  1  1 -1  1 -1  1] [ 3 10 11 15 18 19 20 21 23 26 27 28 29 34 35 36 37 41 42 44 45] [ 4303  3216  4738 13198  3457  3201 10060  8051 13269  3600  7645 10159
  7539  4046 13919  3772 12081 14293 10716  3724  7168] [] 1716261271.4751133919
[ 1  1 -1  1  1  1 -1 -1  1  1  1 -1  1  1  1  1  1  1  1  1  1 -1] [ 3 10 11 15 18 19 20 21 23 26 27 28 29 34 35 36 37 41 42 44 45 51] [ 4239  3194  4755 13179  3396  3151 10094  8059 13258  3597  7553 10223
  7118  4018 13831  3714 11942 14206 10167  3388  6386 10927] [] 1716261271.5180649757
[-1  1 -1  1  1  1  1 -1  1  1  1  1  1  1 -1  1  1  1  1  1 -1  1 -1] [ 3 10 11 15 18 19 20 21 23 26 27 28 29 34 35 36 37 41 42 44 45 51 53] [ 4275  3080  4823 12971  3347  3070  9966  8120 13229  3503  7387  9480
  5927  3852 13891  3339  9350 13967 10012  3312  6517 10791 12163] [] 1716261271.5611095428
[-1  1  1 -1  1  1  1  1 -1  1 -1  1  1  1  1  1 -1  1  1  1  1  1  1] [ 3 10 11 15 18 19 20 21 23 26 27 28 29 34 35 36 37 41 42 44 45 51 53] [ 4289  3044  4562 13050  3287  3014  9929  7989 13344  3421  7490  9304
  5905  3550 13881  3282  9432 13707  9761  3233  6492 10603 10581] [] 1716261271.6040647030
[ 1  1  1  1  1  1  1 -1  1  1  1  1 -1  1  1  1  1  1  1  1 -1  1  1] [ 3 10 11 15 18 19 20 21 23 26 27 28 29 34 35 36 37 41 42 44 45 51 53] [ 4051  3016  4313 12931  3243  2972  9726  8178 13325  3397  7435  8335
  6167  3442 13877  3048  9226 12995  9705  3009  6535 10389  8953] [] 1716261271.6470670700
[ 1  1  1 -1  1  1  1  1 -1  1 -1  1  1  1  1  1  1  1  1  1 -1 -1  1  1] [ 3 10 11 15 18 19 20 21 23 26 27 28 29 34 35 36 37 41 42 44 45 46 51 53] [ 3879  2952  4001 12994  3047  2957  9676  8080 13351  3231  7455  6432
  5059  3289 10604  2948  8196 12693  8063  2989  6716  9663 10369  8948] [] 1716261271.6902179718
[ 1  1  1  1  1  1  1  1  1  1 -1  1  1 -1  1  1  1 -1  1  1  1  1 -1 -1
 -1  1 -1] [ 3 10 11 15 18 19 20 21 23 26 27 28 29 34 35 36 37 41 42 44 45 46 47 50
 51 53 61] [ 3738  2903  3943 12931  3007  2923  9640  8077 13231  3223  7506  6210
  5022  3308  9921  2922  7929 12763  6514  2971  6703  9210 10333 10384
 10407  7098  7386] [] 1716261271.7331550121
[ 1  1  1 -1  1  1  1  1 -1  1 -1  1 -1  1  1  1  1  1  1  1 -1  1  1  1
  1  1  1] [ 3 10 11 15 18 19 20 21 23 26 27 28 29 34 35 36 37 41 42 44 45 46 47 50
 51 53 61] [ 3498  2753  3942 13062  2955  2840  9559  7959 13475  3167  7554  5596
  5117  3246  9076  2816  7219 12453  6264  2875  6731  7998  9679 10063
 10393  6486  7226] [] 1716261271.7761476040
[ 1 -1  1  1  1  1  1 -1  1  1 -1  1  1  1  1  1  1 -1  1  1  1  1  1  1
  1  1  1  1] [ 3 10 11 15 18 19 20 21 23 26 27 28 29 34 35 36 37 38 41 42 44 45 46 47
 50 51 53 61] [ 3390  2761  3677 12904  2927  2816  9465  8067 13411  3125  7590  5195
  4951  3191  8665  2702  7164 11835 12241  5895  2738  6584  7368  9460
 10048 10340  5410  7134] [] 1716261271.8191535473
[-1  1 -1  1 -1  1  1 -1  1 -1  1  1  1 -1 -1  1  1  1 -1  1  1  1  1  1
  1  1  1  1 -1  1  1] [ 2  3 10 11 15 18 19 20 21 23 26 27 28 29 32 34 35 36 37 38 41 42 44 45
 46 47 50 51 52 53 61] [13714  3193  2783  3651 13113  2927  2730  9509  8045 13494  3061  7528
  4703  5267 10782  3122  8645  2686  7194 10675 12105  5008  2662  6455
  7218  9353  9909 10322 15999  4674  6930] [] 1716261271.8621883392
[-1  1  1 -1  1  1  1  1  1 -1  1  1  1  1  1  1  1  1  1 -1  1  1  1  1
  1  1  1  1  1  1  1  1] [ 1  2  3 10 11 15 18 19 20 21 23 26 27 28 29 32 34 35 36 37 38 41 42 44
 45 46 47 50 51 52 53 61] [12473 13018  3082  2784  3545 12414  2863  2708  9294  8102 13415  3039
  7501  4500  5221 10538  3071  8600  2552  7406 10364 11812  4547  2562
  6366  6514  9265  9868  8347 13983  4407  6821] [] 1716261271.9053261280
[ 1  1  1 -1  1  1  1 -1  1  1  1 -1  1  1  1  1  1 -1  1  1  1  1  1  1
  1 -1  1  1  1  1  1  1 -1  1] [ 1  2  3  9 10 11 15 18 19 20 21 23 26 27 28 29 32 34 35 36 37 38 41 42
 44 45 46 47 50 51 52 53 54 61] [ 9662 12613  2944 15564  2776  3391 12282  2879  2668  8743  8093 13474
  3011  7337  4339  5219 10323  3097  8421  2531  7135 10308 11605  3794
  2478  6530  6320  8738  9705  8318 12361  4088 12022  6701] [] 1716261271.9481792450
[ 1  1  1  1  1  1  1  1  1  1 -1  1  1  1  1  1 -1  1  1  1  1  1 -1  1
  1  1  1  1 -1  1  1  1 -1  1] [ 1  2  3  9 10 11 15 18 19 20 21 23 26 27 28 29 32 34 35 36 37 38 41 42
 44 45 46 47 50 51 52 53 54 61] [ 9481 12284  2847 11656  2768  3228 10839  2843  2610  7545  8222 13125
  2855  7290  4082  4747 10377  2998  8321  2473  5911 10009 11699  3558
  2412  6115  6137  8583  9715  8276 12007  3940 12035  6670] [] 1716261271.9912197590
[ 1  1  1  1  1 -1 -1  1  1  1 -1 -1  1  1  1  1  1  1  1  1  1  1  1  1
  1 -1  1 -1  1 -1  1  1  1 -1 -1] [ 1  2  3  9 10 11 15 18 19 20 21 23 26 27 28 29 32 34 35 36 37 38 41 42
 44 45 46 47 50 51 52 53 54 60 61] [ 9346 12174  2691 10884  2708  3327 10869  2753  2568  7512  8231 13372
  2821  7210  3892  4671  8935  2900  8266  2459  5563  9873 10022  3358
  2368  6125  6062  8997  9603  8342 11561  3814  7623 12710  6707] [] 1716261272.0342459679
[-1  1  1  1  1  1  1  1  1  1 -1  1  1  1  1  1  1  1  1  1  1  1  1  1
 -1  1  1  1  1 -1 -1  1  1  1 -1 -1  1] [ 1  2  3  9 10 11 15 18 19 20 21 23 26 27 28 29 32 34 35 36 37 38 41 42
 43 44 45 46 47 50 51 52 53 54 55 60 61] [ 9416 11188  2623 10478  2696  3248  8730  2734  2534  7323  8375 13336
  2761  7187  3500  4615  7546  2831  8136  2395  5413  9869  9210  3275
 16087  2336  5481  6017  8391  9615  8388 10797  3801  7154  9069 12788
  6679] [] 1716261272.0772790909
[ 1 -1  1  1  1  1  1  1  1  1  1 -1  1 -1  1  1  1  1  1  1  1  1  1  1
  1  1  1  1  1  1  1  1  1  1  1  1  1] [ 1  2  3  9 10 11 15 18 19 20 21 23 26 27 28 29 32 34 35 36 37 38 41 42
 43 44 45 46 47 50 51 52 53 54 55 60 61] [ 9227 11195  2527  9879  2600  3109  8673  2687  2531  7269  8320 13415
  2711  7218  3253  4435  7503  2779  7848  2343  4799  9749  7604  3056
 14607  2292  4977  5772  8099  9611  8307 10205  3756  7073  5731 12680
  6560] [] 1716261272.1201210022
[-1  1  1  1  1  1  1 -1  1  1 -1  1  1  1  1 -1  1  1  1  1 -1  1  1  1
  1  1 -1  1  1 -1  1  1  1  1  1  1 -1] [ 1  2  3  9 10 11 15 18 19 20 21 23 26 27 28 29 32 34 35 36 37 38 41 42
 43 44 45 46 47 50 51 52 53 54 55 60 61] [ 9265 11077  2439  9653  2537  3047  8591  2701  2469  7205  8405 13407
  2639  7174  3233  4443  7482  2698  7489  2318  4879  6451  7164  2860
 14247  2236  5031  5157  7662  9687  8272  9551  3642  6058  5106  8550
  6569] [] 1716261272.1632549763
[-1  1  1  1  1  1 -1  1  1  1  1  1  1  1  1 -1  1  1  1  1  1  1  1  1
  1  1  1  1  1  1  1  1  1 -1  1  1  1] [ 1  2  3  9 10 11 15 18 19 20 21 23 26 27 28 29 32 34 35 36 37 38 41 42
 43 44 45 46 47 50 51 52 53 54 55 60 61] [ 9282 10775  2360  9554  2468  3007  8706  2629  2405  7176  8402 13237
  2535  6978  3185  4571  7404  2671  7398  2255  4638  6354  6699  2790
 14171  2196  4719  4915  7132  9590  8196  9081  3366  6105  4812  7538
  6456] [] 1716261272.2062518597
[ 1 -1  1  1  1  1  1  1  1  1  1  1  1 -1  1  1  1  1 -1  1  1  1 -1  1
  1  1 -1  1 -1  1  1  1  1  1  1 -1 -1] [ 1  2  3  9 10 11 15 18 19 20 21 23 26 27 28 29 32 34 35 36 37 38 41 42
 43 44 45 46 47 50 51 52 53 54 55 60 61] [ 9184 10799  2271  9069  2416  2933  8325  2583  2380  7031  7815 13087
  2443  7023  3111  4427  7204  2622  7854  2203  4260  5525  6775  2747
 14133  2180  5113  4845  7270  9581  8160  9071  3318  5991  4711  7913
  6459] [] 1716261272.2493035793
[ 1 -1  1  1  1  1 -1  1  1  1  1 -1  1  1  1  1  1 -1 -1  1  1  1 -1  1
 -1  1  1 -1  1 -1  1 -1  1  1 -1 -1  1] [ 1  2  3  9 10 11 15 18 19 20 21 23 26 27 28 29 32 34 35 36 37 38 41 42
 43 44 45 46 47 50 51 52 53 54 55 60 61] [ 7907 10870  2248  9030  2400  2905  8413  2573  2379  6945  7744 13107
  2405  6985  3036  4238  7019  2637  7885  2203  4110  5456  6801  2670
 14187  2176  5066  4886  7144  9618  8124  9290  3296  5982  4808  8026
  6428] [] 1716261272.2921838760
[-1  1 -1  1 -1  1  1  1  1 -1  1  1 -1  1 -1 -1  1  1 -1  1  1 -1 -1 -1
 -1 -1  1  1 -1  1 -1 -1 -1 -1 -1 -1 -1] [ 1  2  3  9 10 11 15 18 19 20 21 23 26 27 28 29 32 34 35 36 37 38 41 42
 43 44 45 46 47 50 51 52 53 54 55 60 61] [ 7988 10807  2283  8908  2404  2894  8293  2567  2315  6948  7370 13071
  2443  6955  3042  4283  6997  2598  7929  2202  4079  5470  6846  2735
 14199  2196  4983  4854  7337  9611  8191  9549  3367  6006  4954  8789
  6473] [] 1716261272.3353078365
[ 1  1  1  1 -1  1 -1 -1 -1  1 -1 -1  1  1 -1  1 -1 -1  1  1  1 -1 -1 -1
 -1 -1 -1 -1 -1 -1 -1  1 -1 -1 -1 -1 -1] [ 1  2  3  9 10 11 15 18 19 20 21 23 26 27 28 29 32 34 35 36 37 38 41 42
 43 44 45 46 47 50 51 52 53 54 55 60 61] [ 7900 10729  2210  8868  2408  2865  8348  2591  2318  6905  7922 13141
  2407  6910  3065  4127  7085  2602  7902  2199  4051  6307  7481  2912
 14255  2264  5297  5226  7770  9641  8232  9257  3523  6996  8540 10145
  6547] [] 1716261272.3782205582
[-1 -1 -1  1  1  1 -1  1 -1 -1 -1  1  1 -1  1  1 -1 -1 -1 -1 -1 -1 -1 -1
 -1 -1 -1 -1 -1  1  1 -1  1  1 -1  1] [ 1  2  3  9 10 11 15 18 19 20 21 23 26 27 28 29 32 34 35 36 37 38 41 42
 43 44 45 46 47 50 51 52 53 54 60 61] [ 9275 10767  2255  8861  2388  2862  8504  2565  2376  6932  8360 13007
  2405  6931  3029  4127  7094  2619  7915  2206  4301  7072  9305  3102
 14431  2328  5803  5698  7780  9552  8168 10527  3464  6963 12579  6527] [] 1716261272.4212522507
[ 1  1 -1 -1 -1 -1  1 -1 -1 -1  1 -1 -1  1 -1 -1  1 -1  1 -1 -1 -1 -1 -1
  1  1 -1 -1  1 -1 -1 -1 -1 -1 -1  1] [ 1  2  3  9 10 11 15 18 19 20 21 23 26 27 28 29 32 34 35 36 37 38 41 42
 43 44 45 46 47 50 51 52 53 54 60 61] [ 9246 10747  2312  9488  2408  2893  8167  2571  2392  6963  7567 13055
  2452  6927  3165  4415  7044  2667  7872  2255  4359  7648 11277  3406
 14223  2308  5983  5847  7611  9553  8259 11242  3581 12208 13098  6483] [] 1716261272.4642693996
[ 1 -1 -1  1 -1  1  1 -1 -1 -1  1  1 -1  1 -1  1 -1 -1  1 -1 -1 -1  1 -1
 -1 -1 -1 -1 -1  1  1 -1 -1 -1  1] [ 1  2  3  9 10 11 15 18 19 20 21 23 26 27 28 29 32 34 35 36 37 38 41 42
 43 44 45 46 47 50 51 52 53 54 61] [ 9176 10859  2423  9454  2444  2831  8067  2647  2422  7004  7411 12973
  2555  6920  3193  4401  7085  2748  7798  2259  4763  7718 10820  3614
 14295  2344  6002  5916  7998  9512  8090 12299  3653 12449  6466] [] 1716261272.5070366859
[-1 -1 -1 -1 -1 -1 -1  1 -1 -1  1  1 -1 -1 -1 -1 -1 -1 -1 -1 -1 -1 -1 -1
 -1 -1 -1 -1 -1 -1 -1 -1 -1 -1] [ 1  2  3  9 10 11 15 18 19 20 21 23 26 27 28 29 32 34 35 36 37 38 41 42
 43 44 45 46 47 50 51 52 53 61] [ 9270 11339  2491  9628  2452  2945  8233  2619  2462  7108  7331 12941
  2623  6948  3274  4591  7233  2811  7806  2317  4779  9961 11173  4160
 14423  2390  6069  6089  8151  9648  8412 15311  4176  6700] [] 1716261272.5502231121
[-1 -1 -1 -1 -1  1  1 -1 -1 -1 -1 -1 -1 -1 -1  1 -1 -1 -1 -1 -1  1 -1 -1
 -1 -1 -1 -1  1 -1 -1 -1 -1] [ 1  2  3  9 10 11 15 18 19 20 21 23 26 27 28 29 32 34 35 36 37 38 41 42
 43 44 45 46 47 50 51 53 61] [ 9670 11469  2607 10613  2470  2943  8179  2667  2500  7166  8214 12955
  2683  7021  3386  4479  7327  2927  7891  2373  5231  9954 11633  4669
 14543  2416  6100  6279  8045  9947  8580  4382  6927] [] 1716261272.5932304859
[-1  1 -1 -1 -1 -1 -1 -1 -1 -1 -1 -1 -1  1 -1  1 -1 -1 -1 -1 -1 -1 -1 -1
 -1 -1 -1 -1 -1 -1 -1] [ 1  2  3  9 10 11 15 18 19 20 21 23 26 27 28 29 32 34 35 36 37 38 41 42
 44 45 46 47 50 51 53] [ 9869 11373  2646 12072  2484  3148  8251  2687  2528  7190  8243 13047
  2711  7007  3438  4467  7377  2971  8076  2419  5358 10153 11653  6274
  2462  6297  7013  9768 10092 10557  4843] [] 1716261272.6361756325
[-1 -1 -1  1  1 -1  1 -1 -1  1  1 -1 -1 -1 -1  1 -1  1 -1 -1 -1  1 -1 -1
  1 -1  1 -1] [ 2  3  9 10 11 15 18 19 20 21 23 26 27 28 29 32 34 35 36 37 38 41 42 44
 45 46 51 53] [11511  2890 12968  2469  3110  9250  2647  2575  7243  8097 12743  2891
  7062  3605  4498  7364  3046  7843  2439  5670 10377 11436  6417  2498
  6295  7108 10309  5644] [] 1716261272.6792504787
[-1 -1  1 -1  1 -1 -1 -1  1  1  1  1 -1  1 -1 -1 -1 -1 -1 -1 -1 -1 -1 -1
  1 -1] [ 2  3 10 11 15 18 19 20 21 23 26 27 28 29 32 34 35 36 37 41 42 44 45 46
 51 53] [12085  3054  2460  3145  9224  2650  2596  7339  7986 12741  2882  7050
  3746  4492  7402  3082  7897  2504  6582 12057  6835  2650  6439 13018
 10307  8608] [] 1716261272.7221765518
[-1 -1 -1 -1 -1 -1 -1 -1  1  1 -1 -1 -1 -1 -1 -1  1 -1 -1 -1 -1  1  1 -1] [ 2  3 10 11 15 18 19 20 21 23 26 27 28 29 32 34 35 36 37 41 42 44 45 51] [12468  3340  2474  3247  9241  2685  2748  9131  7939 12731  2943  7099
  3992  4533  7418  3191  7863  2605  6869 12429  7654  2603  6139 10310] [] 1716261272.7651925087
[ 1 -1 -1 -1 -1 -1 -1 -1  1 -1 -1 -1 -1 -1 -1 -1 -1 -1 -1 -1 -1 -1 -1] [ 3 10 11 15 18 19 20 21 23 26 27 28 29 32 34 35 36 37 41 42 44 45 51] [ 3336  2568  3267  9464  2724  2855  9158  7951 12643  3019  7334  4418
  4564  8564  3371  8075  2664  7897 12939  7662  2618  6371 10383] [] 1716261272.8081493378
[-1 -1 -1 -1 -1 -1 -1  1  1 -1 -1 -1 -1 -1 -1 -1  1 -1 -1 -1 -1] [ 3 10 11 15 18 19 20 21 23 26 27 28 29 34 35 36 37 42 44 45 51] [ 3717  2681  3333 12668  2832  2883  9172  7917 12423  3071  7361  4915
  4628  3388  8257  2741  7740  9085  2813  7927 10509] [] 1716261272.8511388302
[-1 -1 -1 -1 -1 -1 -1 -1  1 -1  1 -1 -1 -1 -1 -1 -1 -1 -1 -1 -1] [ 3 10 11 15 18 19 20 21 23 26 27 28 29 34 35 36 37 42 44 45 51] [ 4105  2837  3814 12761  2940  2967  9328  8005 12388  3180  7213  5811
  5551  3549 11447  2886  8380 10331  2986 10184 10616] [] 1716261272.8941295147
[ 1 -1 -1  1 -1 -1  1  1 -1 -1  1 -1 -1 -1 -1 -1 -1 -1 -1 -1] [ 3 10 11 15 18 19 20 21 23 26 27 28 29 34 35 36 37 42 44 45] [ 4095  2884  4006 12656  3083  2972  9312  7949 12627  3291  7146  7192
  5767  3594 11497  2959  8419 10344  3014 12305] [] 1716261272.9371502399
[-1 -1 -1 -1 -1 -1 -1  1  1 -1  1 -1 -1 -1 -1 -1 -1  1 -1] [ 3 10 11 15 18 19 20 21 23 26 27 28 29 34 35 36 37 42 44] [ 4144  2896  4301 12723  3144  3011  9396  7874 12425  3349  6217  8599
  5868  4218 11639  2994 11858 10215  3064] [] 1716261272.9801607132
[-1 -1  1  1 -1 -1 -1 -1 -1 -1  1 -1  1 -1  1 -1 -1 -1 -1] [ 3 10 11 15 18 19 20 21 23 26 27 28 29 34 35 36 37 42 44] [ 4378  2931  4295 12642  3151  3080  9447  7952 12444  3545  5988  8847
  5778  4387 11620  3160 12610 10729  3286] [] 1716261273.0231349468
[-1 -1 -1 -1 -1 -1 -1 -1 -1 -1 -1 -1 -1 -1 -1 -1 -1 -1 -1] [ 3 10 11 15 18 19 20 21 23 26 27 28 29 34 35 36 37 42 44] [ 4398  3081  4321 12673  3258  3183  9673  7982 12565  3555  6822  8995
  6026  4390 13499  3647 13589 10902  3462] [] 1716261273.0661401749
[-1 -1 -1 -1 -1 -1 -1  1 -1 -1 -1 -1 -1 -1 -1 -1 -1  1 -1] [ 3 10 11 15 18 19 20 21 23 26 27 28 29 34 35 36 37 42 44] [ 4438  3202  4431 12889  3345  3254  9753  7967 12573  3713  7460  9776
  6219  4687 13863  3958 13809 10847  3923] [] 1716261273.1091337204
[-1 -1  1 -1 -1 -1  1 -1  1 -1  1 -1 -1 -1 -1 -1 -1 -1 -1] [ 3 10 11 15 18 19 20 21 23 26 27 28 29 34 35 36 37 42 44] [ 4996  3216  4403 13300  3418  3347  9750  8026 12531  3904  7350  9794
  7670  4740 14492  4306 14155 11882  4386] [] 1716261273.1521070004
[-1 -1 -1 -1 -1  1 -1 -1 -1 -1  1 -1 -1 -1 -1 -1  1 -1 -1] [ 3 10 11 15 18 19 20 21 23 26 27 28 29 34 35 36 37 42 44] [ 5095  3233  4530 13479  3537  3345 10037  8032 12763  4038  7345  9835
  7734  5575 14727  4687 14015 12013  4871] [] 1716261273.1951339245
[-1 -1 -1 -1 -1 -1 -1  1 -1 -1 -1  1 -1 -1 -1 -1 -1] [ 3 10 11 18 19 20 21 23 26 27 28 29 34 35 36 42 44] [ 5200  3397  4552  3683  3451 10391  8183 12581  4174  7449  9841  7665
  6737 15227  5375 14202  5184] [] 1716261273.2380998135
[-1 -1 -1  1 -1 -1 -1  1 -1 -1 -1 -1 -1 -1 -1 -1] [ 3 10 11 18 19 20 21 23 26 27 28 29 34 36 42 44] [ 6645  3548  4595  3598  3626 10986  9451 12471  4489  7563  9869  9616
  7562  6215 15517  5559] [] 1716261273.2811796665
[-1  1 -1 -1 -1 -1 -1 -1 -1 -1 -1 -1 -1 -1 -1 -1] [ 2  3 10 11 18 19 20 21 23 26 27 28 29 34 36 44] [16325  6471  3659  4632  3950  3654 11221  9470 12474  4749  8080  9887
  9945  7623  7667  5774] [] 1716261273.3241870403
[-1 -1 -1  1 -1 -1 -1  1 -1  1 -1 -1 -1 -1 -1] [ 3 10 11 18 19 20 21 23 26 27 28 29 34 36 44] [ 6641  3711  4666  3925  3709 11269  9505 12409  5084  8021  9927  9964
  7780  9094  6191] [] 1716261273.3671131134
[-1 -1  1 -1 -1 -1  1 -1 -1 -1 -1 -1 -1 -1 -1] [ 3 10 11 18 19 20 21 23 26 27 28 29 34 36 44] [14101  3755  4639  3943  3766 11494  9420 12438  5415 10123 10003 10086
  7867  9992  7529] [] 1716261273.4099617004
[ 1 -1 -1 -1 -1 -1 -1 -1 -1 -1  1 -1 -1 -1 -1] [ 3 10 11 18 19 20 21 23 26 27 28 29 34 36 44] [14032  3801  4663  4051  3870 11948  9532 12535  6037 10301  9930 10308
  7922 12065  9675] [] 1716261273.4531071186
[-1 -1 -1 -1 -1 -1 -1 -1 -1 -1 -1 -1 -1 -1] [10 11 18 19 20 21 23 26 27 28 29 34 36 44] [ 3828  4697  4160  3931 11957  9648 12891  6247 10501 10004 10395  8059
 12799 10123] [] 1716261273.4961793423
[-1 -1 -1 -1  1 -1 -1 -1  1 -1 -1 -1 -1 -1] [10 11 18 19 20 21 23 26 27 28 29 34 36 44] [ 4009  4855  4368  4112 11873  9670 13126  7225 10481 10088 10437  8132
 13399 12837] [] 1716261273.5390841961
[-1 -1 -1 -1 -1 -1 -1 -1 -1  1 -1 -1 -1] [10 11 18 19 20 21 23 26 27 28 29 34 44] [ 4265  5469  4527  4335 13336  9769 13265  7827 10790 10081 10712  8457
 13091] [] 1716261273.5820791721
[-1 -1 -1  1 -1 -1 -1 -1 -1 -1 -1 -1] [10 11 18 19 20 21 23 26 27 28 29 34] [ 4379  5560  4683  4306 14423  9873 13396  7868 11011 10180 11064 10616] [] 1716261273.6251919270
[-1 -1 -1 -1 -1 -1 -1  1  1  1 -1 -1] [10 11 18 19 20 21 23 26 27 28 29 34] [ 4522  6319  4703  4406 15642  9989 13868  7807 10938 10105 11273 12381] [] 1716261273.6681282520
[-1 -1 -1 -1 -1  1 -1  1  1 -1] [10 11 18 19 21 23 26 27 28 29] [ 4909  6361  5084  4681 10064 13668  8552 10550 10055 11513] [] 1716261273.7109861374
[-1 -1 -1 -1 -1 -1 -1 -1] [10 11 18 19 21 26 27 28] [ 5247  6462  5428  5150 10249  8732 10894 10118] [] 1716261273.7539293766
[-1 -1 -1 -1 -1 -1 -1 -1] [10 11 18 19 21 26 27 28] [ 5470  6525  5933  5556 10559  9140 11781 10296] [] 1716261273.7970368862
[-1 -1 -1 -1 -1 -1 -1 -1] [10 11 18 19 21 26 27 28] [ 6873  6731  6267  6166 11037 10822 12023 10338] [] 1716261273.8400392532
[-1 -1 -1 -1  1 -1] [10 11 18 19 27 28] [ 7156  7318  7208  6649 11964 10392] [] 1716261273.8829636574
[-1 -1 -1 -1 -1 -1] [10 11 18 19 27 28] [ 7239  8913  8752  7763 12574 10722] [] 1716261273.9261245728
[ 1  1 -1 -1  1 -1] [10 11 18 19 27 28] [ 7039  8821  8905  9517 12219 10924] [] 1716261273.9690656662
[ 1 -1 -1 -1 -1 -1] [10 11 18 19 27 28] [ 7009  8907  9314  9697 12863 11089] [] 1716261274.0121178627
[-1 -1 -1 -1 -1] [10 11 18 19 28] [ 7591  9053 11198  9933 11133] [] 1716261274.0692660809
2 2 2 1716261274.0695471764
