FA TAX ADC PRES TS
[-1] [11] [10241] [] 1716261473.2617080212
[1] [11] [9586] [] 1716261473.3049247265
[1] [11] [9130] [] 1716261473.3478376865
[-1 -1 -1] [11 20 28] [ 9152 15996 12545] [] 1716261473.3909993172
[1 1 1] [11 20 28] [ 9120 15265 11890] [] 1716261473.4339101315
[1 1 1] [11 20 28] [ 8984 14644 11677] [] 1716261473.4769763947
[ 1  1 -1  1] [11 20 27 28] [ 8899 13871 13013 11387] [] 1716261473.5200145245
[ 1 -1  1  1  1] [11 19 20 27 28] [ 8861 10325 13611 12735 11382] [] 1716261473.5628798008
[-1 -1  1 -1  1  1 -1] [10 11 19 20 27 28 29] [14200  8971 10283 13743 12693 11347 12135] [] 1716261473.6059036255
[1 1 1 1 1 1 1] [10 11 19 20 27 28 29] [13934  8845  9986 13278 12428 11339 11439] [] 1716261473.6489753723
[1 1 1 1 1 1 1] [10 11 19 20 27 28 29] [11460  8817  7993 12564 12216 11130 11072] [] 1716261473.6918251514
[ 1  1  1  1  1  1  1 -1] [10 11 19 20 27 28 29 44] [11268  8791  6867 11761 12104 11077 10999 13833] [] 1716261473.7348608971
[ 1  1  1  1 -1 -1  1  1] [10 11 19 20 27 28 29 44] [ 9948  8767  6133 11530 12506 11235 10770 13179] [] 1716261473.7780158520
[ 1 -1  1  1 -1 -1 -1  1  1  1] [10 11 19 20 21 26 27 28 29 44] [ 9050  8904  5919 11304 12297 10415 12739 11046  9239 12807] [] 1716261473.8209953308
[ 1  1  1  1  1  1  1 -1  1  1] [10 11 19 20 21 26 27 28 29 44] [ 8576  8789  5538 10863 11865  8974 12541 11092  8885 12599] [] 1716261473.8639652729
[1 1 1 1 1 1 1 1 1 1] [10 11 19 20 21 26 27 28 29 44] [ 8134  8749  5290 10693 11427  8743 12457 10870  8688 12552] [] 1716261473.9069712162
[-1  1 -1  1  1  1  1 -1  1  1 -1] [ 3 10 11 19 20 21 26 27 28 29 44] [ 8629  7716  8751  4951 10395 11195  8566 12463 10846  6975 12693] [] 1716261473.9499275684
[ 1  1 -1  1  1 -1 -1 -1  1 -1  1 -1  1] [ 3 10 11 19 20 21 23 26 27 28 29 34 44] [ 7494  7031  8792  4674  8594 11226 15196  8587 12293 11012  6963 12652
 12126] [] 1716261473.9929711819
[ 1  1  1 -1  1  1  1  1  1  1 -1  1  1 -1 -1  1] [ 3 10 11 18 19 20 21 23 26 27 28 29 34 35 37 44] [ 7211  6372  7538 10774  4317  7931 10809 13896  8557 12244 11116  6368
  9523 16022 16342 12087] [] 1716261474.0361278057
[-1  1  1  1  1  1  1  1  1 -1 -1  1  1  1  1  1 -1] [ 3 10 11 18 19 20 21 23 26 27 28 29 34 35 37 44 45] [ 7221  5900  5621 10397  4162  7656 10705 13378  8441 12543 11274  5511
  9420 15946 14090  9570 12006] [] 1716261474.0789022446
[ 1  1  1  1  1  1 -1  1  1  1  1  1  1  1  1  1  1] [ 3 10 11 18 19 20 21 23 26 27 28 29 34 35 37 44 45] [ 7151  5249  4916 10084  4017  7419 10730 13039  8290 12486 10768  5334
  9201 13234 13641  7922 11875] [] 1716261474.1218993664
[1 1 1 1 1 1 1 1 1 1 1 1 1 1 1 1 1] [ 3 10 11 18 19 20 21 23 26 27 28 29 34 35 37 44 45] [ 5579  5015  4845  8683  3836  7419 10567 12902  8233  9726  9552  5089
  9123 11634 13215  6517  9112] [] 1716261474.1647891998
[ 1  1  1  1  1  1  1 -1  1  1  1 -1  1  1 -1  1  1  1] [ 3 10 11 18 19 20 21 23 26 27 28 29 34 35 36 37 44 45] [ 5415  4859  4128  6908  3750  6913 10430 12930  8169  8968  9049  5207
  7285 11129 13865 13099  5202  8782] [] 1716261474.2079484463
[ 1  1  1  1  1  1 -1 -1  1  1  1  1  1 -1  1  1 -1  1  1] [ 3 10 11 18 19 20 21 23 26 27 28 29 34 35 36 37 42 44 45] [ 5288  4455  3979  5111  3685  6337 10444 12985  8110  7742  8264  5053
  7178 11265 12423 12847 12859  4735  8515] [] 1716261474.2508189678
[ 1  1  1  1  1  1  1 -1  1  1  1  1 -1 -1 -1  1  1  1  1] [ 3 10 11 18 19 20 21 23 26 27 28 29 34 35 36 37 42 44 45] [ 4335  4051  3749  4859  3601  5650 10350 13143  7063  7302  7028  4885
  7199 11335 13243 10268 11947  4429  7489] [] 1716261474.2938165665
[ 1  1  1  1  1  1 -1  1  1 -1  1  1 -1 -1  1  1  1  1  1 -1] [ 3 10 11 18 19 20 21 23 26 27 28 29 34 35 36 37 42 44 45 46] [ 4072  4035  3635  4845  3532  5627 10548 12919  7018  7351  6041  4869
  7242 11454 11217 10208 11086  4267  6731 14455] [] 1716261474.3368263245
[ 1  1  1  1  1  1  1  1  1  1  1  1  1 -1  1  1  1 -1  1  1  1 -1] [ 3 10 11 18 19 20 21 23 26 27 28 29 34 35 36 37 42 43 44 45 46 53] [ 3849  3607  3311  4403  3427  5165 10446 12758  6206  6941  5454  4335
  6572 11467 10657  9490  9737 13984  4120  6499 13401 15506] [] 1716261474.3798274994
[ 1  1  1  1  1  1  1 -1  1  1  1  1  1  1  1  1  1 -1  1  1  1  1] [ 3 10 11 18 19 20 21 23 26 27 28 29 34 35 36 37 42 43 44 45 46 53] [ 3691  3433  3181  4218  3338  4427 10148 12794  5573  6921  4873  4107
  6532 10405  9185  8198  8497 15221  3966  6394  9587  8475] [] 1716261474.4228401184
[ 1  1  1  1  1  1  1 -1  1  1  1  1  1  1  1 -1  1 -1  1  1  1 -1 -1  1] [ 3 10 11 18 19 20 21 23 26 27 28 29 34 35 36 37 42 43 44 45 46 47 51 53] [ 3439  3303  3000  4018  3286  4263  9856 12992  5275  6897  4650  3932
  5549  9167  7732  8530  7814 15240  3822  6143  8825  9862 12625  5870] [] 1716261474.4658088684
[ 1  1  1  1  1  1 -1 -1  1  1  1  1  1  1  1  1  1  1  1  1  1  1  1  1] [ 3 10 11 18 19 20 21 23 26 27 28 29 34 35 36 37 42 43 44 45 46 47 51 53] [ 3205  3207  2763  3909  3233  4112  9901 13004  4712  6733  4176  3803
  5431  7758  6850  7291  6690 14771  3634  6093  8309  7970 11023  5333] [] 1716261474.5088455677
[-1  1  1  1  1  1  1  1 -1  1 -1  1  1  1  1  1  1  1 -1  1  1  1  1  1
 -1  1 -1] [ 1  3 10 11 18 19 20 21 23 26 27 28 29 34 35 36 37 42 43 44 45 46 47 51
 52 53 54] [14827  3071  3135  2685  3857  3164  3967  9858 13074  4393  6766  3830
  3747  5250  7493  6483  6949  5439 15319  3235  5489  8102  5980  8004
 15101  4808 12395] [] 1716261474.5518586636
[ 1  1  1  1  1  1  1  1 -1  1  1  1  1  1  1  1  1  1  1  1  1  1  1  1
  1  1] [ 1  3 10 11 18 19 20 21 23 26 27 28 29 34 35 36 37 42 44 45 46 47 51 52
 53 54] [14430  2649  3012  2633  3690  3080  3831  9196 13078  4066  6707  3675
  3561  5203  7456  5655  5931  4987  3153  5028  7511  5551  7997 12835
  4751 11748] [] 1716261474.5948872566
[ 1  1  1  1 -1  1  1  1  1 -1  1  1  1  1  1  1  1  1  1 -1  1  1  1  1
  1  1  1  1 -1] [ 1  3 10 11 13 18 19 20 21 23 26 27 28 29 34 35 36 37 42 43 44 45 46 47
 51 52 53 54 61] [14368  2523  2890  2502 12742  3667  3038  3805  8965 13108  4007  6665
  3501  3453  5152  6943  5303  5631  4227 14625  3063  4906  6900  5115
  7994 12254  4567 11741 12652] [] 1716261474.6378760338
[-1  1 -1  1  1  1  1  1  1  1  1  1  1  1 -1  1 -1  1  1 -1  1 -1  1  1
  1  1 -1 -1  1  1  1 -1  1] [ 1  3 10 11 13 18 19 20 21 23 26 27 28 29 32 34 35 36 37 41 42 43 44 45
 46 47 50 51 52 53 54 55 61] [15738  2341  2901  2422  8194  3184  2963  3740  8730 13068  3849  6656
  3257  3449 12637  5103  7020  5066  5131 14318  3953 16309  2967  4630
  6380  4780 10309  8031 10998  4473  9741 11965  7253] [] 1716261474.6809272766
[-1  1  1  1  1  1  1  1  1 -1  1  1  1  1  1  1  1  1  1 -1  1  1  1 -1
  1  1 -1  1  1  1  1  1] [ 1  3 10 11 13 18 19 20 21 23 26 27 28 29 32 34 35 36 37 41 42 44 45 46
 47 50 51 52 53 54 55 61] [16063  2325  2787  2367  6625  3095  2912  3617  8571 13106  3789  6650
  3175  3342 12419  4882  6645  4716  4741 14473  3713  2858  4549  6399
  4497 10187  8266 10193  4313  9352  9053  6824] [] 1716261474.7239634991
[ 1  1  1  1  1  1  1  1  1  1  1 -1  1  1  1  1  1  1 -1  1  1  1  1  1
  1 -1  1  1  1  1  1  1] [ 1  3 10 11 13 18 19 20 21 23 26 27 28 29 32 34 35 36 37 41 42 44 45 46
 47 50 51 52 53 54 55 61] [15860  2248  2759  2334  5940  3005  2899  3513  7757 12990  3554  6721
  2972  3292 11725  4875  6422  4304  4773 14439  3418  2794  4408  6261
  4218 10317  8128  9313  4289  9145  6232  6643] [] 1716261474.7668879032
[ 1  1  1 -1  1  1  1  1 -1  1  1  1  1  1  1  1  1  1  1  1  1  1  1 -1
  1  1  1 -1  1  1  1  1] [ 1  3 10 11 13 18 19 20 21 23 26 27 28 29 32 34 35 36 37 41 42 44 45 46
 47 50 51 52 53 54 55 61] [15648  2176  2698  2343  5570  2926  2828  3405  7848 12888  3411  6125
  2875  3270 11268  4777  6121  3905  4497 14221  3146  2734  3900  6345
  4027 10293  8125 10151  4078  9064  5890  6444] [] 1716261474.8099186420
[ 1  1 -1  1  1  1  1  1  1  1  1 -1  1  1  1  1 -1  1  1 -1  1  1  1  1
  1  1  1  1  1  1  1  1  1] [ 1  3 10 11 13 18 19 20 21 23 26 27 28 29 32 34 35 36 37 38 41 42 44 45
 46 47 50 51 52 53 54 55 61] [15616  2143  2976  2296  5233  2833  2795  3211  7738 12886  3275  6404
  2560  3255 11250  4499  6853  3579  4213 11153 13954  2907  2693  3859
  5727  3768  9705  7303  7664  3704  6159  5420  6328] [] 1716261474.8529477119
[ 1  1  1  1  1  1  1  1  1 -1  1  1  1  1 -1  1  1  1  1  1  1  1  1  1
  1  1  1 -1  1  1  1  1  1] [ 1  3 10 11 13 18 19 20 21 23 26 27 28 29 32 34 35 36 37 38 41 42 44 45
 46 47 50 51 52 53 54 55 61] [14879  2091  2949  2223  4996  2755  2765  3045  7598 13002  3179  6226
  2417  3076 11289  4363  6360  3346  4085 10887 13863  2786  2661  3633
  5663  3649  9617  8122  7508  3543  6078  5046  6305] [] 1716261474.8960170746
[ 1  1 -1  1  1  1  1  1  1  1  1  1  1  1  1 -1  1  1  1  1  1  1 -1  1
  1  1  1  1 -1  1  1  1  1  1] [ 1  3 10 11 13 18 19 20 21 23 26 27 28 29 32 34 35 36 37 38 41 42 43 44
 45 46 47 50 51 52 53 54 55 61] [12622  2047  2968  2177  4905  2755  2755  2977  7532 12953  3178  6200
  2317  3069 11198  4480  6217  3259  3951 10864 13735  2661 12927  2598
  3226  5567  3470  8566  8382  6533  3325  5644  4265  6215] [] 1716261474.9389870167
[ 1  1 -1  1  1  1 -1  1  1  1  1 -1 -1  1  1  1  1  1  1  1  1  1  1  1
  1  1  1  1  1  1  1  1 -1  1  1  1 -1] [ 1  3  9 10 11 13 15 18 19 20 21 23 24 26 27 28 29 32 34 35 36 37 38 41
 42 43 44 45 46 47 50 51 52 53 54 55 61] [11228  2010 14447  2824  2114  4660 15191  2721  2682  2896  7383 13004
 13349  3103  6130  2241  2930 11073  4216  5476  3098  3543 10466 13147
  2623 12718  2534  3029  5451  3352  7224  8344  6742  3301  5402  3782
  6221] [] 1716261474.9820587635
[ 1  1  1 -1  1 -1  1 -1  1  1  1  1  1  1  1  1  1  1  1 -1 -1  1 -1 -1
  1  1 -1  1  1 -1  1  1  1  1  1 -1  1  1] [ 1  3  9 10 11 12 13 15 18 19 20 21 23 24 26 27 28 29 32 34 35 36 37 38
 41 42 43 44 45 46 47 50 51 52 53 54 55 61] [11167  1987 13257  2896  2095 15631  4613 15339  2647  2660  2705  7379
 12972 12439  3007  6032  2206  2915 11031  4256  5568  2979  3583 10490
 12995  2564 12915  2528  2988  5495  3328  6914  8326  6572  3301  5433
  3780  6215] [] 1716261475.0250096321
[-1 -1  1  1  1  1 -1  1  1  1 -1  1 -1  1  1 -1  1  1  1  1  1  1  1 -1
  1  1  1 -1  1  1  1  1 -1  1  1  1  1 -1] [ 1  3  9 10 11 12 13 15 18 19 20 21 23 24 26 27 28 29 32 34 35 36 37 38
 41 42 43 44 45 46 47 50 51 52 53 54 55 61] [11227  1989 13119  2780  2081 14879  4653 15219  2603  2632  2727  7339
 13055 12267  2921  6074  2167  2905 10973  4229  5472  2911  3407 10581
 12970  2552 12618  2544  2984  5351  3306  6732  8350  6530  3254  5362
  3764  6219] [] 1716261475.0680460930
[ 1  1  1  1  1  1  1 -1  1 -1  1 -1  1 -1  1  1  1  1  1  1 -1  1 -1  1
  1 -1  1  1  1  1  1  1  1 -1  1  1  1  1] [ 1  3  9 10 11 12 13 15 18 19 20 21 23 24 26 27 28 29 32 34 35 36 37 38
 41 42 43 44 45 46 47 50 51 52 53 54 55 61] [11132  1979 13091  2778  2060 13335  4555 15447  2587  2638  2681  7347
 12998 12307  2909  5984  2141  2862 10813  4144  5516  2807  3503 10521
 12918  2581 12523  2496  2953  5324  3268  6161  8015  6580  3216  5282
  3728  6107] [] 1716261475.1110589504
[ 1  1 -1 -1  1  1  1  1  1  1  1  1 -1  1  1 -1  1  1 -1 -1  1 -1 -1  1
  1 -1  1  1 -1  1 -1 -1 -1 -1 -1 -1 -1 -1] [ 1  3  9 10 11 12 13 15 18 19 20 21 23 24 26 27 28 29 32 34 35 36 37 38
 41 42 43 44 45 46 47 50 51 52 53 54 55 61] [11007  1976 13567  2796  2055 12274  4550 15390  2583  2627  2677  7294
 13113 12215  2871  5996  2130  2855 10874  4180  5514  2815  3509 10497
 12897  2609 12094  2496  2988  5321  3314  6171  8029  6582  3236  5313
  4176  6163] [] 1716261475.1540453434
[-1  1 -1 -1 -1 -1 -1 -1 -1  1  1 -1  1 -1 -1  1 -1  1  1 -1  1 -1  1  1
 -1 -1  1  1 -1 -1 -1 -1 -1 -1 -1 -1 -1  1] [ 1  3  9 10 11 12 13 15 18 19 20 21 23 24 26 27 28 29 32 34 35 36 37 38
 41 42 43 44 45 46 47 50 51 52 53 54 55 61] [11133  1975 13639  2900  2061 13867  4560 15463  2633  2625  2672  7332
 12957 12283  2887  5957  2134  2851 10836  4196  5513  2875  3499 10423
 13027  2711 12083  2496  3271  5386  3372  6670  8108  6656  3293  5464
  4648  6119] [] 1716261475.1969463825
[-1 -1  1 -1 -1 -1  1  1 -1 -1  1  1 -1 -1 -1 -1 -1  1 -1  1 -1 -1 -1 -1
 -1 -1 -1 -1 -1 -1 -1  1 -1 -1 -1 -1 -1] [ 1  3 10 11 12 13 15 18 19 20 21 23 24 26 27 28 29 32 34 35 36 37 38 41
 42 43 44 45 46 47 50 51 52 53 54 55 61] [11268  1998  2884  2067 14015  4582 15359  2615  2629  2756  7306 12769
 12789  2946  5976  2148  2888 10800  4230  5513  2893  3541 10697 13050
  2806 14854  2559  3576  5494  3534  8557  8071  7204  3361  5740  5376
  6278] [] 1716261475.2400271893
[-1 -1  1 -1 -1 -1 -1 -1 -1 -1 -1 -1 -1 -1  1 -1 -1  1 -1 -1 -1 -1 -1 -1
 -1  1 -1 -1 -1 -1 -1  1 -1 -1 -1 -1 -1] [ 1  3 10 11 12 13 15 18 19 20 21 23 24 26 27 28 29 32 34 35 36 37 38 41
 42 43 44 45 46 47 50 51 52 53 54 55 61] [15834  2034  2850  2079 15815  4749 15405  2637  2666  2782  8222 12871
 13731  2978  5956  2193  3071 10623  4296  5720  3027  3683 14963 14023
  2939 14585  2575  3730  5564  3599 10059  8003  7424  3502  8735  5864
  6358] [] 1716261475.2830021381
[ 1 -1 -1 -1 -1 -1 -1 -1 -1  1  1 -1  1 -1 -1  1 -1  1 -1 -1 -1 -1 -1 -1
 -1 -1 -1 -1  1 -1 -1  1 -1 -1] [ 1  3 10 11 13 15 18 19 20 21 23 26 27 28 29 32 34 35 36 37 41 42 43 44
 45 46 47 50 51 52 53 54 55 61] [15775  2070  2881  2089  4947 15519  2690  2675  2889  8145 12693  3059
  5953  2234  3131 10523  4344  5680  3173  3695 14219  3093 14624  2613
  3836  6202  3700 10607  7937  8271  3652  8682  8016  6457] [] 1716261475.3260078430
[ 1 -1 -1 -1  1 -1 -1 -1 -1 -1 -1 -1 -1 -1  1  1  1 -1 -1 -1 -1 -1  1 -1
 -1 -1 -1 -1 -1 -1 -1 -1] [ 1  3 10 11 13 15 18 19 20 21 23 26 27 28 29 32 34 35 36 37 41 42 43 44
 45 46 47 51 52 53 54 61] [15552  2127  2912  2127  4919 16159  2711  2688  2991  8192 12806  3159
  5990  2283  3107 10394  4222  5813  3231  3887 14597  3247 14343  2726
  4021  6239  3978  8037  8966  3844  8954  6522] [] 1716261475.3690688610
[-1 -1  1 -1 -1 -1 -1 -1  1  1 -1  1 -1 -1  1 -1  1 -1 -1 -1  1 -1 -1 -1
 -1  1 -1 -1 -1 -1] [ 1  3 10 11 13 18 19 20 21 23 26 27 28 29 32 34 35 36 37 42 43 44 45 46
 47 51 52 53 54 61] [15638  2175  2634  2209  5234  2767  2716  3153  8136 12733  3225  5755
  2464  3143 10281  4323  5217  3602  4415  3526 13867  2732  4357  6252
  4208  7886  9384  3944 11009  6714] [] 1716261475.4120309353
[ 1 -1 -1 -1 -1 -1 -1 -1  1 -1 -1 -1 -1 -1 -1 -1 -1  1  1 -1 -1 -1 -1 -1
 -1 -1 -1  1 -1] [ 1  3 10 11 13 18 19 20 21 23 26 27 28 29 32 34 35 36 37 42 43 44 45 46
 47 51 52 53 54] [15626  2202  2657  2239  5614  2815  2735  3212  8118 12818  3268  6101
  2581  3149 10374  4367  5259  3599  4393  3821 14045  2871  4700  6284
  4588  8098 10118  3894 11649] [] 1716261475.4549958706
[-1 -1 -1 -1 -1 -1 -1 -1  1 -1 -1 -1 -1 -1  1 -1 -1 -1 -1 -1 -1 -1 -1 -1
 -1  1 -1 -1 -1] [ 1  3 10 11 13 18 19 20 21 23 26 27 28 29 32 34 35 36 37 42 43 44 45 46
 47 51 52 53 54] [15724  2408  2673  2282  6647  2936  2766  3357  8089 12865  3355  6154
  2725  3219 10348  4474  6066  3961  4567  4191 14107  3076  4834  7220
  5106  7926 11070  4173 12054] [] 1716261475.4980154037
[-1 -1 -1 -1 -1 -1 -1 -1 -1  1 -1 -1 -1  1 -1 -1 -1 -1 -1 -1 -1 -1  1 -1
 -1 -1 -1] [ 1  3 10 11 13 18 19 20 21 23 26 27 28 29 34 35 36 37 42 43 44 45 46 47
 51 52 53] [16288  2667  2749  2333  8292  3068  2854  3483  8090 12740  3612  6162
  3018  3205  4558  6216  4343  4927  4863 14350  3214  4959  7208  6976
 10756 12481  4599] [] 1716261475.5410265923
[-1 -1 -1 -1 -1  1 -1 -1  1 -1 -1 -1 -1 -1 -1 -1 -1 -1  1 -1 -1 -1 -1 -1] [ 3 10 11 13 18 19 20 21 23 26 27 28 29 34 35 36 37 42 43 44 45 46 52 53] [ 2975  2770  2387 12610  3333  2818  3485  8141 12727  3750  6263  3139
  3263  4870  6338  4603  5175  6077 14057  3417  5442  7738 15259  6124] [] 1716261475.5840733051
[-1 -1 -1 -1 -1 -1  1 -1  1 -1 -1 -1 -1 -1 -1 -1 -1 -1 -1 -1 -1 -1 -1] [ 1  3 10 11 18 19 20 21 23 26 27 28 29 34 35 36 37 42 43 44 45 46 53] [16360  3174  2892  2487  3491  2895  3465  8212 12637  3933  6285  3351
  3317  5142  6438  5148  5598  6939 14609  3503  5599  7797  7010] [] 1716261475.6270852089
[ 1 -1  1  1 -1 -1 -1  1 -1 -1 -1 -1 -1  1 -1 -1 -1 -1 -1 -1 -1 -1] [ 1  3 10 11 18 19 20 21 23 26 27 28 29 34 35 36 37 42 43 44 45 46] [16224  3305  2877  2484  3569  2928  3501  8173 12726  4022  6409  3413
  3395  5119  6915  5189  5878  9391 14735  3735  5838 10708] [] 1716261475.6699159145
[-1 -1 -1 -1 -1 -1 -1 -1 -1 -1 -1 -1 -1 -1 -1 -1 -1 -1 -1 -1 -1] [ 3 10 11 18 19 20 21 23 26 27 28 29 34 35 36 37 42 43 44 45 46] [ 3734  2971  2651  3928  2991  3631  8228 12752  4512  6434  3625  3575
  5483  7428  5407  7101 12758 15621  3898  6637 11378] [] 1716261475.7130064964
[-1 -1 -1 -1 -1 -1 -1 -1 -1 -1 -1 -1 -1 -1 -1 -1  1 -1 -1] [ 3 10 11 18 19 20 21 23 26 27 28 29 34 35 36 37 44 45 46] [ 3773  3025  2710  4006  3043  3729  8315 12827  4917  6527  3752  3938
  6524  7484  6482  7757  3894  7103 14241] [] 1716261475.7560851574
[-1 -1 -1 -1 -1 -1 -1  1 -1 -1 -1 -1  1  1 -1 -1 -1  1] [ 3 10 11 18 19 20 21 23 26 27 28 29 34 35 36 37 44 45] [ 3810  3148  2771  4251  3095  3975  8482 12758  5337  6563  4059  3975
  6365  7435  6856  7873  4183  6625] [] 1716261475.7989990711
[-1 -1 -1 -1 -1 -1 -1 -1 -1 -1 -1 -1 -1 -1 -1 -1 -1 -1] [ 3 10 11 18 19 20 21 23 26 27 28 29 34 35 36 37 44 45] [ 4782  3710  3062  4410  3217  4084  9542 12853  6027  6744  4647  4231
  7070  7452  9038  8159  4350  6839] [] 1716261475.8419337273
[ 1 -1 -1 -1 -1 -1 -1  1 -1 -1 -1 -1 -1 -1 -1 -1 -1 -1] [ 3 10 11 18 19 20 21 23 26 27 28 29 34 35 36 37 44 45] [ 4709  4061  3219  4550  3263  4275  9705 12725  6111  6769  5196  4454
  7812  9670  9239  9246  4635  8428] [] 1716261475.8849868774
[-1 -1 -1 -1 -1 -1 -1 -1 -1 -1 -1 -1  1 -1 -1 -1 -1 -1] [ 3 10 11 18 19 20 21 23 26 27 28 29 34 35 36 37 44 45] [ 4871  4114  3705  5447  3362  4433  9802 12802  6973  6875  7015  4571
  7519 10248  9832  9823  5220 11975] [] 1716261475.9280681610
[-1 -1 -1 -1 -1 -1 -1  1 -1 -1 -1 -1 -1  1 -1 -1] [ 3 10 11 18 19 20 21 23 26 27 28 29 34 35 37 44] [ 4931  4205  3894  5604  3403  5045  9934 12724  7744  6919  7799  4645
  9631 10242 10464  6077] [] 1716261475.9711296558
[-1 -1 -1 -1 -1 -1 -1 -1 -1 -1 -1 -1  1 -1 -1 -1] [ 3 10 11 18 19 20 21 23 26 27 28 29 34 35 37 44] [ 5321  4511  4349  6724  3512  5454 10067 12804  7875  7900  8996  4745
  9401 12316 12768  8404] [] 1716261476.0140657425
[-1 -1 -1 -1 -1 -1 -1 -1 -1 -1 -1 -1 -1 -1 -1 -1] [ 3 10 11 18 19 20 21 23 26 27 28 29 34 35 37 44] [ 6983  4695  4773  9874  3588  5638 10167 13084  7921  8090  9596  4869
 12741 12427 13470 12351] [] 1716261476.0570001602
[-1 -1 -1 -1 -1 -1 -1 -1 -1 -1 -1 -1 -1 -1  1] [ 3 10 11 18 19 20 21 23 26 27 28 29 35 37 44] [ 8436  5029  6012 10256  3830  7097 10229 13203  7940 10555 10660  5710
 12433 13631 12167] [] 1716261476.1000013351
[-1 -1 -1 -1 -1 -1 -1 -1 -1  1 -1 -1] [10 11 18 19 20 21 23 26 27 28 29 44] [ 5209  6613 10551  3971  7300 10316 13276  8050 10660 10643  5871 12658] [] 1716261476.1430456638
[-1 -1 -1 -1 -1 -1 -1 -1 -1  1 -1 -1] [10 11 18 19 20 21 23 26 27 28 29 44] [ 5875  6903 11951  4182  7528 10658 13424  8333 12090 10295  6095 12851] [] 1716261476.1860702038
[-1 -1 -1 -1 -1 -1 -1  1 -1] [10 11 19 20 21 26 27 28 29] [ 6299  7577  4284  8935 10774  8615 12312 10260  8476] [] 1716261476.2290120125
[-1 -1 -1 -1  1 -1 -1  1 -1] [10 11 19 20 21 26 27 28 29] [ 7258  8494  4425  9391 10648 13122 12481 10200  8859] [] 1716261476.2720468044
[-1 -1 -1 -1 -1 -1 -1 -1] [10 11 19 20 21 27 28 29] [ 7568  8525  4761 10096 10871 12627 10547 10666] [] 1716261476.3150744438
[-1 -1 -1 -1 -1  1  1 -1] [10 11 19 20 21 27 28 29] [ 7829  8567  5300 10358 11084 12482 10392 10839] [] 1716261476.3580651283
[-1 -1 -1 -1  1 -1 -1] [10 11 19 20 27 28 29] [ 8333  8748  6047 10856 12331 10613 10924] [] 1716261476.4009497166
[-1  1 -1 -1  1 -1 -1] [10 11 19 20 27 28 29] [ 9311  8658  7648 11348 12157 10904 11208] [] 1716261476.4438917637
[-1 -1 -1 -1  1 -1] [10 11 19 20 27 28] [10535  8666  9565 11779 11964 11148] [] 1716261476.4869096279
[-1 -1 -1 -1 -1] [10 11 19 20 28] [13188  8714  9740 12307 11523] [] 1716261476.5298736095
[ 1 -1 -1] [11 20 28] [ 8596 12817 11646] [] 1716261476.5729229450
[-1 -1 -1] [11 20 28] [ 8963 15104 11810] [] 1716261476.6158921719
[-1  1] [11 28] [ 9038 11613] [] 1716261476.6589057446
[-1] [11] [9284] [] 1716261476.7018675804
[-1] [11] [9951] [] 1716261476.7449057102
2 2 2 1716261477.2632594109
