FA TAX ADC PRES TS
[-1] [28] [13510] [] 1716262315.2701098919
[1] [28] [11651] [] 1716262315.3131217957
[-1 -1] [11 28] [10503 11674] [] 1716262315.3561058044
[ 1 -1 -1] [11 19 28] [10129 10687 11771] [] 1716262315.3991484642
[1 1] [11 28] [ 9481 11304] [] 1716262315.4421007633
[-1 -1 -1 -1] [11 19 20 28] [ 9932 10643 15693 11679] [] 1716262315.4851784706
[1 1 1 1] [11 19 20 28] [ 9691 10212 15290 11271] [] 1716262315.5281848907
[ 1  1  1 -1] [11 19 20 28] [ 9368  9988 15068 11407] [] 1716262315.5712306499
[-1 -1  1 -1 -1 -1] [11 19 20 27 28 29] [ 9491 10245 14159 14727 11718 12583] [] 1716262315.6141533852
[1 1 1 1 1 1] [11 19 20 27 28 29] [ 9279  9423 13526 12791 11417 11663] [] 1716262315.6572053432
[1 1 1 1 1 1] [11 19 20 27 28 29] [ 9103  8065 13295 12613 11282 11292] [] 1716262315.7000150681
[1 1 1 1 1 1] [11 19 20 27 28 29] [ 8996  7388 13171 12373 11188 10977] [] 1716262315.7432141304
[ 1  1  1 -1 -1  1  1] [11 19 20 21 27 28 29] [ 8869  7239 12808 12268 12399 11086 10952] [] 1716262315.7861857414
[ 1  1  1  1  1  1  1 -1] [11 19 20 21 27 28 29 44] [ 8746  5792 12103 11293 12297 10904 10598 13993] [] 1716262315.8291938305
[-1  1  1  1 -1  1 -1  1] [11 19 20 21 27 28 29 44] [ 8749  5169 11936 11018 12422 10829 10605 13563] [] 1716262315.8721189499
[ 1  1  1  1 -1 -1 -1  1  1] [11 19 20 21 26 27 28 29 44] [ 8703  4873 11741 10724 11233 12599 10875 10449 13025] [] 1716262315.9152340889
[1 1 1 1 1 1 1 1 1] [11 19 20 21 26 27 28 29 44] [ 8603  4550 11345 10525 10566 12567 10013 10430 12613] [] 1716262315.9582149982
[-1  1  1  1  1 -1  1 -1  1] [11 19 20 21 26 27 28 29 44] [ 8684  4463 11289 10455 10419 12829  9736 10459 12317] [] 1716262316.0011630058
[ 1  1  1  1  1  1  1  1 -1 -1 -1] [11 19 20 21 26 27 28 29 35 44 45] [ 8579  4240 11070 10322 10207 11965  7863 10217 15255 12629 10461] [] 1716262316.0442206860
[-1 -1 -1  1 -1 -1  1  1  1 -1 -1  1  1] [11 18 19 20 21 23 26 27 28 29 35 44 45] [ 8665 10900  4307 10908 10435 13741  8653 11838  7610 10412 15610 12425
  8557] [] 1716262316.0871920586
[-1  1  1  1  1 -1  1  1  1  1  1  1  1  1] [ 3 11 18 19 20 21 23 26 27 28 29 35 44 45] [13430  8467 10481  4073 10732 10438 13387  8580 11818  7170 10393 14883
 10306  7388] [] 1716262316.1301803589
[ 1 -1  1  1 -1 -1 -1  1 -1  1  1  1 -1  1  1  1] [ 3 10 11 18 19 20 21 23 26 27 28 29 34 35 44 45] [12987 13237  7041 10200  4094 10800 10459 12969  8675  8839  5821  9711
 12075 14536  9868  7076] [] 1716262316.1732459068
[ 1  1 -1  1  1 -1  1  1  1  1  1  1  1  1  1  1] [ 3 10 11 18 19 20 21 23 26 27 28 29 34 35 44 45] [ 8638 11696  7589 10129  4024 10833 10337 12873  8546  8673  5238  7287
 10170 12859  7864  6745] [] 1716262316.2161858082
[ 1  1  1  1  1  1  1 -1  1  1  1  1  1  1 -1 -1 -1  1  1] [ 3 10 11 18 19 20 21 23 26 27 28 29 34 35 36 37 42 44 45] [ 5427 11245  6603 10103  4024 10438 10118 12966  8371  8596  4885  7201
  9835 12736 14549 16329 12091  6129  6557] [] 1716262316.2592084408
[ 1  1  1  1  1  1  1 -1  1  1  1  1  1  1  1  1  1  1  1] [ 3 10 11 18 19 20 21 23 26 27 28 29 34 35 36 37 42 44 45] [ 5085 10541  5607  9825  3943 10319  9892 13034  8274  8467  4218  7133
  9807 12730 13649 13396 11115  5596  6411] [] 1716262316.3022763729
[-1  1  1  1  1  1  1  1  1  1  1  1  1  1  1 -1  1  1  1 -1 -1] [ 1  3 10 11 18 19 20 21 23 26 27 28 29 34 35 36 37 42 44 45 53] [15931  4923 10362  4922  9744  3775 10022  9849 13017  8019  8427  4010
  7061  9759 12600 13947 13380 10157  5084  6499 10581] [] 1716262316.3452389240
[ 1 -1  1  1  1  1  1 -1  1  1  1  1  1  1  1  1  1  1  1  1  1] [ 1  3 10 11 18 19 20 21 23 26 27 28 29 34 35 36 37 42 44 45 53] [15704  4932 10203  4443  7854  3727  8424  9862 12928  7969  8286  3807
  7003  9715 12547 13462 13120  9895  4826  6431  8749] [] 1716262316.3882257938
[ 1  1  1  1  1  1  1  1 -1  1  1  1  1  1  1  1 -1  1  1  1  1] [ 1  3 10 11 18 19 20 21 23 26 27 28 29 34 35 36 37 42 44 45 53] [ 8799  4789 10192  3910  6562  3619  7971  9811 13024  6255  7881  3384
  6844  8165 12306 12807 13242  9788  4732  6383  8245] [] 1716262316.4312050343
[ 1 -1  1  1 -1  1  1  1  1  1 -1  1  1  1 -1  1  1  1  1  1  1] [ 1  3 10 11 18 19 20 21 23 26 27 28 29 34 35 36 37 42 44 45 53] [ 8722  4791 10017  3660  6596  3589  7732  9804 12914  5411  7967  3273
  5595  6974 12828 12559 12888  9146  4328  6143  5910] [] 1716262316.4742276669
[ 1 -1  1  1 -1  1  1  1  1 -1  1  1  1  1  1  1  1 -1  1  1 -1 -1  1] [ 1  3 10 11 12 18 19 20 21 23 26 27 28 29 34 35 36 37 42 44 45 46 53] [ 6863  4831  9118  3499  8190  6485  3472  7684  9560 13287  4758  7650
  2972  5431  6570 11282 12396 13601  8426  4106  6200  8309  5785] [] 1716262316.5173044205
[ 1  1  1  1  1 -1  1  1  1 -1 -1  1 -1 -1  1  1  1  1 -1  1  1  1  1  1] [ 1  3 10 11 12 15 18 19 20 21 23 26 27 28 29 34 35 36 37 42 44 45 46 53] [ 6711  4369  8910  3492  7425 14201  5598  3450  7555  9568 13332  4452
  7657  2973  5366  6496  9865 11417 13731  8319  3852  6143  8159  5423] [] 1716262316.5602703094
[ 1  1  1  1  1  1  1  1  1  1 -1  1  1  1  1  1  1  1  1 -1  1  1  1  1] [ 1  3 10 11 12 15 18 19 20 21 23 26 27 28 29 34 35 36 37 42 44 45 46 53] [ 6327  4310  8792  3382  7037 14175  5411  3422  7534  9554 13334  4432
  7650  2947  5324  6351  9431 11280 13200  8863  3589  6076  8033  5112] [] 1716262316.6032118797
[ 1  1 -1  1  1 -1  1  1  1 -1 -1  1  1  1  1  1  1  1  1  1  1  1  1 -1
  1] [ 1  3 10 11 12 15 18 19 20 21 23 26 27 28 29 34 35 36 37 42 44 45 46 52
 53] [ 5975  4003  9219  3187  6066 14495  4789  3352  6366  9788 13345  4127
  7291  2805  5303  6159  8429 10557 12924  8189  3482  5995  7865 14333
  4600] [] 1716262316.6462419033
[ 1  1  1  1  1  1  1  1  1  1 -1  1  1  1 -1  1  1  1  1  1  1  1  1  1
  1] [ 1  3 10 11 12 15 18 19 20 21 23 26 27 28 29 34 35 36 37 42 44 45 46 52
 53] [ 5694  3734  8747  3060  5536 14285  4261  3283  6338  9237 13399  3725
  7167  2679  5391  5687  8409 10055 12520  6764  3378  5676  6645 12687
  4414] [] 1716262316.6891925335
[ 1  1  1  1  1  1  1  1  1 -1  1  1  1  1  1  1 -1  1  1  1  1  1  1 -1
  1 -1 -1] [ 1  3 10 11 12 15 18 19 20 21 23 26 27 28 29 34 35 36 37 42 44 45 46 47
 52 53 61] [ 5382  3636  8180  3027  5166 14143  4091  3244  6210  9414 13251  3586
  7158  2631  5335  5099  8631  9456 12297  5995  3298  5489  6089 10175
 12075  4482 11674] [] 1716262316.7321810722
[ 1  1  1  1  1  1  1  1  1  1  1  1  1  1 -1  1  1  1  1 -1 -1  1  1  1
 -1  1  1  1 -1  1] [ 1  3 10 11 12 15 18 19 20 21 23 26 27 28 29 34 35 36 37 38 41 42 44 45
 46 47 52 53 54 61] [ 5205  3475  7528  2982  4893 13951  3991  3144  6200  9357 13243  3444
  7146  2571  5343  4635  7657  8754 12132 10505 14343  5057  3262  5395
  6266  8924 10063  4348 12616  7271] [] 1716262316.7752578259
[ 1  1  1  1  1  1  1  1  1  1  1  1  1  1 -1  1  1  1  1  1  1  1  1  1
  1  1 -1  1  1 -1  1] [ 1  3 10 11 12 15 18 19 20 21 23 26 27 28 29 34 35 36 37 38 41 42 44 45
 46 47 50 52 53 54 61] [ 5080  3431  7267  2907  4519 13471  3703  3023  4707  9318 13234  3319
  7067  2432  5436  4423  7638  6713 12024 10253 14271  4756  3151  5335
  6237  7045 10362  9663  4130 12708  6902] [] 1716262316.8182451725
[ 1 -1  1  1  1  1 -1  1  1  1  1  1  1 -1  1  1  1  1  1  1  1 -1 -1  1
  1  1  1 -1 -1  1 -1  1  1] [ 1  2  3 10 11 12 15 18 19 20 21 23 26 27 28 29 34 35 36 37 38 41 42 44
 45 46 47 50 51 52 53 54 61] [ 4703  8859  3285  6068  2808  4285 13563  3464  2941  4491  9305 13166
  3183  7151  2370  5166  4249  7382  5886 10954 10126 14397  4927  2946
  5238  6104  6010 10404 11466  9492  4183 12267  6855] [] 1716262316.8613388538
[ 1  1  1  1  1 -1 -1  1  1 -1  1  1  1  1  1  1  1  1  1 -1  1 -1  1  1
  1  1  1  1  1  1  1  1  1] [ 1  2  3 10 11 12 15 18 19 20 21 23 26 27 28 29 34 35 36 37 38 41 42 44
 45 46 47 50 51 52 53 54 61] [ 4505  8741  3241  5804  2736  4308 13675  3409  2833  4591  9294 13094
  3087  6321  2317  5041  4095  6380  5565 11491  9950 14403  4364  2870
  5089  6012  5133 10394 11044  7520  3817  9512  6651] [] 1716262316.9041779041
[ 1  1  1  1  1  1  1  1  1  1  1 -1  1  1  1  1  1  1  1  1  1  1  1 -1
  1  1  1  1  1  1  1  1  1  1] [ 1  2  3 10 11 12 15 18 19 20 21 23 26 27 28 29 34 35 36 37 38 41 42 43
 44 45 46 47 50 51 52 53 54 61] [ 4411  8079  3151  5288  2650  4059 13581  3253  2722  4156  9233 13101
  3036  6154  2255  4967  3810  6108  5137 11408  9932 12127  3922 15835
  2724  4575  5886  4672  8547 10739  7258  3621  9510  6325] [] 1716262316.9472265244
[ 1 -1  1  1  1  1  1  1  1  1  1 -1  1  1  1 -1 -1  1 -1  1  1  1  1  1
  1  1 -1  1  1  1  1  1  1  1 -1] [ 1  2  3 10 11 12 15 18 19 20 21 23 26 27 28 29 32 34 35 36 37 38 41 42
 43 44 45 46 47 50 51 52 53 54 61] [ 4274  8591  2948  4832  2595  3691 13501  3189  2602  3795  9164 13467
  2941  5675  2172  4975 10769  3707  6277  4910 11109  8621 10757  3700
 15791  2688  4695  5882  4550  7449 10568  7208  3579  9327  6328] [] 1716262316.9902641773
[ 1  1  1  1  1  1  1  1  1  1  1  1  1  1  1  1 -1  1 -1  1  1 -1 -1  1
  1  1  1  1  1  1  1 -1  1 -1 -1  1] [ 1  2  3 10 11 12 15 18 19 20 21 23 26 27 28 29 32 34 35 36 37 38 41 42
 43 44 45 46 47 50 51 52 53 54 55 61] [ 4150  8483  2852  4620  2530  3561 13349  3115  2558  3733  9113 13165
  2903  5583  2156  4775 11431  3551  6336  4877  8907  8627 10821  3506
 14399  2624  4457  5705  4414  6546 10492  7617  3533  9653  9487  6194] [] 1716262317.0332133770
[ 1  1  1 -1  1  1 -1  1  1  1 -1 -1  1  1  1  1  1  1  1  1  1  1  1  1
  1  1  1  1  1  1  1  1  1  1  1  1] [ 1  2  3 10 11 12 15 18 19 20 21 23 26 27 28 29 32 34 35 36 37 38 41 42
 43 44 45 46 47 50 51 52 53 54 55 61] [ 4028  8437  2723  4772  2425  3290 14583  2990  2432  3496  9126 13269
  2827  5460  2056  4727  9810  3466  6317  4249  7855  8589 10612  3333
 14127  2576  4371  5255  4244  6113  8620  7483  3475  6947  8068  6162] [] 1716262317.0762653351
[-1 -1  1  1  1  1 -1  1  1  1 -1 -1  1  1  1  1  1  1  1  1  1 -1  1  1
 -1  1  1  1  1  1  1  1  1  1  1  1] [ 1  2  3 10 11 12 15 18 19 20 21 23 26 27 28 29 32 34 35 36 37 38 41 42
 43 44 45 46 47 50 51 52 53 54 55 61] [ 4035  8493  2672  4632  2401  3208 14599  2909  2359  3335  9160 13303
  2731  5345  2002  4715  9288  3423  6100  4011  7375  8624 10364  3292
 14587  2488  3959  4951  4080  5685  8325  7216  3366  6660  7264  6024] [] 1716262317.1192874908
[ 1  1 -1  1  1  1  1  1  1  1  1  1 -1  1  1  1 -1  1  1  1  1  1  1  1
 -1  1  1  1  1  1 -1 -1  1  1  1  1] [ 1  2  3 10 11 12 15 18 19 20 21 23 26 27 28 29 32 34 35 36 37 38 41 42
 43 44 45 46 47 50 51 52 53 54 55 61] [ 3917  8258  2685  4612  2395  3097 14527  2847  2300  3157  8963 13151
  2735  5324  1960  4667  9634  3371  6050  3875  6783  8566  9401  3129
 15127  2440  3955  4879  3899  5410  8346  7288  3284  6359  5590  6022] [] 1716262317.1622757912
[ 1  1  1  1 -1  1  1  1  1  1  1 -1  1  1  1 -1  1  1 -1  1  1  1  1  1
  1  1  1  1  1  1 -1  1  1 -1  1 -1 -1] [ 1  2  3 10 11 12 15 18 19 20 21 23 26 27 28 29 32 34 35 36 37 38 41 42
 43 44 45 46 47 50 51 52 53 54 55 60 61] [ 3851  7979  2677  4401  2429  3016 14399  2778  2225  3076  7650 13311
  2719  5296  1921  4670  7548  3295  6094  3853  6461  8497  8886  3055
 15103  2420  3599  4826  3748  5376  8484  6792  3211  6397  4452 13010
  6025] [] 1716262317.2052290440
[ 1  1  1  1  1  1 -1  1  1  1  1  1 -1  1  1  1  1 -1  1 -1  1  1  1  1
  1  1  1  1 -1  1  1  1  1  1  1  1  1  1] [ 1  2  3 10 11 12 15 18 19 20 21 23 24 26 27 28 29 32 34 35 36 37 38 41
 42 43 44 45 46 47 50 51 52 53 54 55 60 61] [ 3733  7851  2592  4220  2383  2880 14431  2711  2122  2903  7238 13279
 12706  2613  5208  1862  4467  8009  3263  6124  3405  5983  8170  8814
  3027 14995  2396  3531  4843  3670  5096  8426  6760  3199  6013  4389
 12728  6020] [] 1716262317.2482500076
[ 1  1  1  1  1  1 -1  1  1  1  1  1  1  1 -1  1  1  1  1  1  1  1  1  1
  1 -1  1  1  1  1  1  1  1  1  1  1  1  1] [ 1  2  3 10 11 12 15 18 19 20 21 23 24 26 27 28 29 32 34 35 36 37 38 41
 42 43 44 45 46 47 50 51 52 53 54 55 60 61] [ 3722  7795  2535  4169  2375  2848 14527  2683  2109  2880  6207 13139
 11776  2579  5216  1845  4218  7813  3175  6016  3290  5759  7435  8743
  2942 15007  2370  3531  4632  3643  5026  8321  6721  3166  5859  4292
 12644  6014] [] 1716262317.2912013531
[ 1 -1  1  1  1  1  1  1  1  1  1 -1  1  1  1 -1  1  1  1  1  1  1  1  1
 -1 -1 -1  1  1  1 -1  1  1 -1  1 -1  1  1] [ 1  2  3 10 11 12 15 18 19 20 21 23 24 26 27 28 29 32 34 35 36 37 38 41
 42 43 44 45 46 47 50 51 52 53 54 55 60 61] [ 3614  7848  2395  4136  2355  2752 14383  2645  2069  2786  6033 13151
 11625  2570  5192  1853  4205  7719  3157  5966  3261  5621  7430  8641
  3006 15131  2448  3391  4602  3594  5106  8295  6648  3207  5831  4440
 12600  5992] [] 1716262317.3342721462
[ 1 -1 -1 -1  1  1 -1 -1 -1  1  1 -1 -1 -1  1 -1  1  1 -1  1  1  1  1 -1
  1  1  1  1 -1  1  1  1 -1 -1  1  1 -1  1] [ 1  2  3  4 10 11 12 15 18 19 20 21 23 24 26 27 28 29 32 34 35 36 37 38
 41 42 43 44 45 46 47 50 51 52 53 54 55 61] [ 3614  7938  2445 13613  4066  2333  2776 14483  2649  2060  2775  6258
 13503 11650  2553  5226  1828  4163  7927  3133  5946  3238  5563  7481
  8575  2994 15125  2436  3535  4581  3580  5016  8315  7236  3121  5787
  4868  5889] [] 1716262317.3772492409
[-1 -1 -1  1  1  1  1  1  1 -1  1  1  1 -1  1  1 -1 -1 -1  1 -1 -1 -1 -1
 -1 -1 -1 -1 -1 -1 -1 -1  1 -1 -1 -1 -1 -1] [ 1  2  3  4 10 11 12 15 18 19 20 21 23 24 26 27 28 29 32 34 35 36 37 38
 41 42 43 44 45 46 47 50 51 52 53 54 55 61] [ 3638  7943  2497 13357  4064  2331  2776 14383  2623  2093  2692  6005
 13447 11712  2551  5200  1837  4198  8915  3119  6200  3368  5567  7986
  8692  3092 15279  2456  3627  4817  3670  5088  8263  7306  3192  5902
  5752  5912] [] 1716262317.4201679230
[-1 -1 -1  1  1 -1 -1 -1 -1 -1 -1 -1 -1  1  1 -1 -1 -1 -1 -1  1 -1 -1 -1
 -1 -1  1  1 -1 -1 -1 -1 -1  1 -1 -1 -1 -1] [ 1  2  3  4 10 11 12 15 18 19 20 21 23 24 26 27 28 29 32 34 35 36 37 38
 41 42 43 44 45 46 47 50 51 52 53 54 55 61] [ 3651  7949  2543 13143  4060  2337  2796 14463  2641  2113  2697  7003
 13463 11646  2543  5216  1847  4210  9103  3135  6184  3483  5695  8088
  8817  3178 15199  2456  3767  4922  3881  5606  8305  7233  3248  6211
  7590  5953] [] 1716262317.4632589817
[-1 -1 -1 -1 -1 -1 -1  1 -1 -1 -1  1 -1 -1 -1 -1 -1 -1 -1 -1  1 -1 -1 -1
 -1 -1 -1 -1 -1 -1 -1 -1 -1  1 -1 -1 -1 -1] [ 1  2  3  4 10 11 12 15 18 19 20 21 23 24 26 27 28 29 32 34 35 36 37 38
 41 42 43 44 45 46 47 50 51 52 53 54 55 61] [ 3709  7954  2639 13343  4076  2363  2824 14315  2711  2179  2797  6883
 13549 12292  2587  5218  1879  4223  9327  3242  6105  3634  5997  8440
  9911  3282 15231  2512  4027  5294  4086  6188  8617  7208  3396  7766
 12539  6005] [] 1716262317.5062704086
[-1 -1 -1  1 -1 -1 -1  1 -1 -1 -1  1  1 -1  1 -1 -1  1 -1 -1 -1 -1 -1 -1
 -1  1 -1 -1 -1 -1 -1 -1  1 -1 -1 -1] [ 1  2  3  4 10 11 12 15 18 19 20 21 23 26 27 28 29 32 34 35 36 37 38 41
 42 43 44 45 46 47 50 51 52 53 54 61] [ 3841  8008  2835 13070  4240  2409  3016 14199  2790  2222  3063  6775
 13447  2683  5204  1901  4645  9193  3367  6164  3739  6245  8444 10162
  3542 15035  2625  4247  5311  4242  7320 10514  6888  3613  8094  6177] [] 1716262317.5493004322
[-1 -1 -1 -1  1 -1 -1  1 -1 -1 -1 -1 -1 -1  1 -1 -1 -1 -1  1 -1 -1 -1 -1
 -1  1 -1 -1 -1 -1 -1 -1 -1 -1 -1 -1] [ 1  2  3  4 10 11 12 15 18 19 20 21 23 26 27 28 29 32 34 35 36 37 38 41
 42 43 44 45 46 47 50 51 52 53 54 61] [ 3997  8163  2942 13247  4237  2427  3182 12965  2847  2295  3117  7834
 13559  2741  5158  1939  4717  9611  3475  5682  3998  6607  8484 10485
  3613 14815  2632  4407  5844  4532  8707 10660  7156  3708  9076  6320] [] 1716262317.5922505856
[-1 -1 -1  1 -1 -1 -1 -1 -1 -1 -1 -1  1  1 -1 -1  1 -1 -1 -1 -1 -1 -1 -1
 -1  1 -1 -1 -1 -1 -1 -1 -1 -1 -1] [ 1  2  3  4 10 11 12 15 18 19 20 21 23 26 27 28 29 32 34 35 36 37 38 41
 42 43 44 45 46 47 51 52 53 54 61] [ 4118  8291  2985 13119  4244  2443  3348 12991  2907  2339  3197  7871
 13499  2735  5170  1972  4693 10277  3549  5756  4061  6637  8707 14387
  3938 14635  2796  4825  6067  5523 10906  7585  4114 12420  6735] [] 1716262317.6352453232
[-1 -1 -1  1 -1 -1 -1  1 -1 -1 -1 -1  1 -1  1 -1 -1 -1 -1 -1 -1 -1 -1 -1
 -1 -1 -1 -1 -1 -1 -1 -1 -1 -1] [ 1  2  3  4 10 11 12 15 18 19 20 21 23 26 27 28 29 34 35 36 37 38 41 42
 43 44 45 46 47 51 52 53 54 61] [ 4578 10299  3269 12335  5176  2575  3987 12709  3087  2619  3713  7999
 13479  2815  5109  2053  4955  4331  5772  5075  6850  8741 14525  4146
 14751  2956  4863  6135  6584 12556  8921  4284 12904  6878] [] 1716262317.6782519817
[-1 -1 -1  1 -1 -1  1  1 -1 -1 -1 -1 -1 -1 -1 -1 -1 -1 -1 -1 -1 -1 -1 -1
 -1 -1  1 -1 -1  1] [ 1  2  3  4 10 11 12 15 18 19 20 21 23 26 27 28 29 34 35 36 37 38 42 43
 44 45 46 47 52 53] [ 4690 10461  3367 11998  5416  2621  3987 12707  3207  2650  3730  8364
 13547  2901  5163  2092  5015  4372  5957  5171  7794  9902  4454 14795
  3148  5037  5981 10130  8947  4238] [] 1716262317.7212307453
[-1 -1  1 -1 -1 -1 -1 -1 -1 -1 -1 -1  1  1 -1 -1 -1 -1 -1  1 -1 -1 -1  1
  1  1 -1 -1] [ 1  2  3  4 10 11 12 15 18 19 20 21 23 26 27 28 29 34 35 36 37 38 42 44
 45 46 52 53] [ 4935 10551  3342 13159  5554  2623  4223 12957  3323  2731  3831  8953
 13495  2901  5211  2121  5019  4402  6400  5114  8148  9947  5229  3115
  4951  5795  9694  4382] [] 1716262317.7641890049
[-1 -1 -1 -1  1 -1 -1 -1 -1 -1 -1  1 -1  1 -1  1 -1 -1 -1 -1 -1 -1 -1 -1
 -1 -1 -1] [ 1  3  4 10 11 12 15 18 19 20 21 23 26 27 28 29 34 35 36 37 38 42 44 45
 46 52 53] [ 5078  3348 13434  5660  2614  4333 13047  3543  2910  4160  9017 12887
  3007  5203  2190  4871  4615  6518  5376  8619 14758  5855  3182  5101
  5996 12275  4584] [] 1716262317.8072504997
[-1 -1 -1 -1 -1 -1 -1 -1 -1 -1  1 -1 -1 -1 -1 -1 -1 -1  1 -1 -1  1 -1 -1
 -1] [ 1  3 10 11 12 15 18 19 20 21 23 26 27 28 29 34 35 36 37 42 44 45 46 52
 53] [ 5656  3491  5980  2806  4671 13179  3583  3023  4525  9056 12712  3187
  5314  2282  4962  4893  7886  6127  8571  6438  3328  5087  8951 14487
  4987] [] 1716262317.8501636982
[-1 -1 -1 -1 -1 -1 -1 -1 -1  1  1 -1 -1 -1  1 -1 -1 -1 -1 -1 -1 -1 -1 -1] [ 1  3 10 11 12 15 18 19 20 21 23 26 27 28 29 34 35 36 37 42 44 45 46 53] [ 6274  4227  6480  2917  5393 13237  3709  3128  5113  8939 12547  3406
  5580  2367  4899  5948  8165  6484  8803  7397  3589  5821 10831  5145] [] 1716262317.8931825161
[-1 -1 -1 -1 -1 -1 -1 -1 -1 -1 -1 -1 -1 -1 -1 -1 -1 -1 -1 -1 -1 -1 -1 -1] [ 1  3 10 11 12 15 18 19 20 21 23 26 27 28 29 34 35 36 37 42 44 45 46 53] [ 8967  4632  6610  3023  6286 13311  4365  3162  5360  8990 12710  3740
  5610  2490  4973  6215  9192  9727  9344  7894  3893  5951 15283  7363] [] 1716262317.9362065792
[-1 -1 -1 -1 -1  1 -1 -1 -1  1 -1 -1 -1 -1 -1 -1  1 -1 -1 -1 -1 -1  1 -1] [ 1  3 10 11 12 15 18 19 20 21 23 26 27 28 29 34 35 36 37 42 44 45 46 53] [14311  4671  7901  3108  8251 12867  5265  3232  7133  8955 12827  4182
  5784  2606  5055  6425  8225 10190 12500  8175  4049  6090 14377  7712] [] 1716262317.9791789055
[ 1  1 -1 -1  1 -1 -1 -1 -1 -1 -1 -1 -1 -1 -1 -1 -1 -1 -1 -1 -1 -1 -1] [ 1  3 10 11 12 15 18 19 20 21 23 26 27 28 29 34 35 36 37 42 44 45 53] [14192  4658  7906  3189  8097 13219  5449  3238  7258  9056 12930  4246
  5799  2664  5119  6470  8632 10679 12568 10173  4268  6224 10591] [] 1716262318.0222086906
[-1 -1 -1 -1 -1 -1 -1 -1 -1 -1  1 -1 -1 -1 -1 -1 -1 -1  1 -1 -1  1] [ 1  3 10 11 12 15 18 19 20 21 23 26 27 28 29 34 35 36 37 42 44 45] [14322  4668  7917  3337  8608 13340  6070  3259  7395  9114 12892  4902
  6029  2775  5495  6647  8808 10969 12548 11306  4445  6203] [] 1716262318.0651755333
[ 1 -1 -1 -1 -1  1 -1 -1 -1 -1 -1 -1 -1 -1 -1 -1 -1 -1 -1 -1 -1 -1] [ 1  3 10 11 12 15 18 19 20 21 23 26 27 28 29 34 35 36 37 42 44 45] [14288  4758  8400  3452 10688 13281  6349  3330  7527  9146 12925  5517
  6395  2988  5521  7895 10167 11510 12918 13440  4702  6385] [] 1716262318.1081924438
[ 1 -1 -1 -1 -1 -1 -1 -1 -1 -1 -1 -1 -1 -1 -1 -1 -1 -1 -1 -1 -1] [ 1  3 10 11 12 15 18 19 20 21 23 26 27 28 29 34 35 36 37 44 45] [13981  4893  8568  3551 14458 13398  6466  3429  7547  9212 13031  7691
  6487  3157  5687  8163 10494 12627 13533  5349  6716] [] 1716262318.1511375904
[-1 -1 -1 -1 -1 -1 -1 -1 -1  1 -1 -1 -1 -1 -1 -1 -1  1 -1 -1] [ 1  3 10 11 15 18 19 20 21 23 26 27 28 29 34 35 36 37 44 45] [14435  5271  9064  3645 13786  6629  3511  7639  9275 12991  7919  6545
  3315  7111  9757 12822 12710 13210  5940  6876] [] 1716262318.1940934658
[-1 -1 -1 -1 -1 -1 -1 -1  1 -1 -1 -1 -1 -1 -1 -1 -1 -1 -1] [ 1  3 10 11 18 19 20 21 23 26 27 28 29 34 35 36 37 44 45] [15149  9341  9390  3785  7354  3576  9447  9466 12798  7942  7046  3595
  7157 11889 13979 13248 13695  7672  8529] [] 1716262318.2371177673
[-1 -1  1 -1 -1 -1 -1 -1 -1 -1 -1 -1  1 -1  1 -1 -1] [ 1  3 10 11 18 19 20 21 23 26 27 28 29 34 35 36 44] [15792 14004  9353  4207  7421  3632  9460  9496 12968  8081  8274  3991
  7067 12034 13719 13430  9531] [] 1716262318.2801928520
[-1 -1 -1 -1 -1 -1  1 -1 -1 -1  1 -1 -1 -1 -1] [10 11 18 19 20 21 23 26 27 28 29 34 35 36 44] [10326  4513  7698  3800  9570  9590 12790  8242  8342  4256  7043 12699
 14172 13556 12343] [] 1716262318.3231399059
[-1 -1 -1 -1 -1 -1 -1 -1  1 -1 -1 -1 -1] [10 11 18 19 20 21 23 26 27 28 29 35 44] [11541  4870  9902  3805  9698  9671 13117  8367  8337  4697  7239 15011
 12887] [] 1716262318.3660740852
[ 1 -1 -1 -1 -1 -1 -1 -1 -1 -1 -1  1 -1] [10 11 18 19 20 21 23 26 27 28 29 35 44] [10845  6387 10267  4052 10091  9737 13309  8628  8488  5584  9872 14728
 13167] [] 1716262318.4090981483
[-1 -1 -1 -1 -1 -1 -1 -1 -1 -1 -1  1] [10 11 18 19 20 21 23 26 27 28 29 35] [12885  8063 10464  4196 10338 10005 13854 10759 11267  6766 10064 14031] [] 1716262318.4521138668
[-1 -1 -1 -1 -1 -1 -1 -1 -1] [11 18 19 20 21 27 28 29 35] [ 8461 10538  4375 10864 10276 11465  9359 10150 14575] [] 1716262318.4948868752
[ 1 -1 -1 -1  1 -1 -1] [11 19 20 21 27 28 29] [ 8409  4711 11553 10688  8746 10408 10247] [] 1716262318.5380825996
[ 1 -1 -1 -1 -1 -1] [11 19 20 27 28 29] [ 8199  6404 11598 11903 10889 10640] [] 1716262318.5810861588
[-1 -1 -1  1 -1] [11 19 20 28 29] [ 9599  8785 12906 10034 10825] [] 1716262318.6240720749
[-1 -1 -1 -1 -1] [11 19 20 28 29] [ 9799 10520 13496 10165 11107] [] 1716262318.6669509411
[-1 -1  1 -1 -1] [11 19 20 28 29] [ 9873 10660 13246 10375 11416] [] 1716262318.7100303173
[-1 -1 -1 -1 -1] [11 19 20 28 29] [10380 11330 13357 12658 11976] [] 1716262318.7530455589
[ 1 -1  1] [11 20 28] [10104 13536 12395] [] 1716262318.7961180210
[ 1 -1 -1] [11 20 28] [ 9943 14982 12446] [] 1716262318.8389854431
[1] [28] [11775] [] 1716262318.8819806576
[-1] [28] [11829] [] 1716262318.9250314236
[-1] [11] [11567] [] 1716262319.0540022850
2 2 2 1716262319.2261877060
