FA TAX ADC PRES TS
[1] [44] [12629] [] 1716263063.3063673973
[-1] [44] [12833] [] 1716263063.3493397236
[1] [44] [12636] [] 1716263063.3923258781
[1] [44] [12525] [] 1716263063.4353370667
[-1] [44] [12750] [] 1716263063.4782931805
[-1  1] [28 44] [12324 12602] [] 1716263063.5213022232
[1 1] [28 44] [11631 12429] [] 1716263063.5643465519
[ 1 -1] [28 44] [11429 12505] [] 1716263063.6073365211
[1 1] [28 44] [11253 12345] [] 1716263063.6503026485
[1 1] [28 44] [11090 12328] [] 1716263063.6932959557
[ 1 -1] [28 44] [11016 12459] [] 1716263063.7363407612
[ 1 -1 -1 -1] [28 42 44 45] [10917 15909 12936 13846] [] 1716263063.7793469429
[-1 -1 -1  1 -1  1] [11 19 28 42 44 45] [11572 10739 11651 13936 13021 13021] [] 1716263063.8223490715
[ 1 -1 -1 -1  1  1  1] [11 19 27 28 42 44 45] [11106 10914 15129 11941 13209 13007 12826] [] 1716263063.8653750420
[1 1 1 1 1 1 1] [11 19 27 28 42 44 45] [11005 10754 13605 11855 12926 12981 12600] [] 1716263063.9083738327
[ 1  1  1  1  1 -1  1] [11 19 27 28 42 44 45] [10754 10740 13094 11841 12880 13038  9231] [] 1716263063.9516003132
[ 1  1 -1 -1  1  1  1] [11 19 27 28 42 44 45] [10489 10700 13114 11860 12551 12838  8986] [] 1716263063.9944965839
[1 1 1 1 1 1 1] [11 19 27 28 42 44 45] [10195 10445 13092 11602 12480 12799  8973] [] 1716263064.0376148224
[ 1  1  1 -1  1 -1 -1 -1] [11 19 27 28 42 44 45 53] [ 9979 10381 12909 11719 10326 13026  9213 11388] [] 1716263064.0806572437
[-1 -1 -1  1  1  1  1  1] [11 19 27 28 42 44 45 53] [10103 10431 12937 11631 10294 13021  9025 10195] [] 1716263064.1236076355
[1 1 1 1 1 1 1 1] [11 19 27 28 42 44 45 53] [ 9834 10221 12839 11511 10173 11364  8919 10153] [] 1716263064.1666171551
[-1  1  1 -1  1  1  1  1] [11 19 27 28 42 44 45 53] [ 9841  9921 12782 11562  9901 10651  8659  8587] [] 1716263064.2094025612
[-1  1 -1  1  1  1  1  1] [11 19 27 28 42 44 45 53] [ 9878  8343 12866 11349  9860 10459  8564  8412] [] 1716263064.2523713112
[1 1 1 1 1 1 1 1] [11 19 27 28 42 44 45 53] [ 9822  7821 12734 11271  9587 10347  8429  8229] [] 1716263064.2953495979
[-1  1  1 -1  1  1  1  1  1] [10 11 19 27 28 42 44 45 53] [13643  9811  7376 12756 11243  9550 10142  8210  8011] [] 1716263064.3383517265
[ 1 -1  1 -1  1  1  1  1  1  1] [10 11 19 26 27 28 42 44 45 53] [12657  9815  7112 11534 12725 11115  9439  9348  8163  7893] [] 1716263064.3813488483
[ 1  1  1 -1  1 -1 -1 -1  1  1  1] [10 11 19 21 26 27 28 42 44 45 53] [12307  9759  6815 13685 11406 12861 11158  9460  8021  8140  7832] [] 1716263064.4244084358
[ 1  1 -1  1 -1  1  1  1  1  1  1  1  1] [10 11 18 19 20 21 26 27 28 42 44 45 53] [11460  9701 12692  6282 16037 11681 11327 12848 11108  9336  7195  8033
  7783] [] 1716263064.4673693180
[ 1  1  1  1 -1  1  1 -1  1  1  1 -1 -1] [10 11 18 19 20 21 26 27 28 42 44 45 53] [ 9592  9531 12172  5728 16119 11565 11184 13108 10918  9312  7053  8135
  7803] [] 1716263064.5103654861
[ 1  1 -1  1  1 -1  1  1  1 -1  1  1  1  1] [10 11 18 19 20 21 26 27 28 29 42 44 45 53] [ 9198  9487 12314  5498 15997 11624 11038 13087 10916 12771  9230  6638
  7975  7674] [] 1716263064.5533630848
[ 1  1  1  1 -1  1  1  1  1  1  1  1  1  1] [10 11 18 19 20 21 26 27 28 29 42 44 45 53] [ 8903  9395 11592  5308 16166 11602 11011 13008 10895 12130  9153  6226
  6999  7599] [] 1716263064.5963428020
[ 1  1  1  1  1  1  1 -1  1  1  1  1  1  1] [10 11 18 19 20 21 26 27 28 29 42 44 45 53] [ 8670  9279 11274  5169 15400 11503 10872 13047 10877 11934  9146  5838
  6925  7551] [] 1716263064.6393716335
[ 1  1  1  1  1  1  1 -1  1  1  1  1  1  1] [10 11 18 19 20 21 26 27 28 29 42 44 45 53] [ 8332  9158 10858  4917 14576 11423 10736 13161 10755 11727  9128  5663
  6751  7276] [] 1716263064.6824073792
[ 1  1  1  1  1  1  1  1 -1  1 -1  1  1  1] [10 11 18 19 20 21 26 27 28 29 42 44 45 53] [ 7993  9063 10821  4803 14316 11238 10706 12951 10853 11454 11335  5375
  6615  7094] [] 1716263064.7253820896
[ 1  1  1  1  1 -1  1  1 -1  1 -1 -1 -1 -1 -1] [10 11 18 19 20 21 26 27 28 29 42 44 45 53 61] [ 7767  8958 10648  4576 14166 11262 10484 12775 10868 11230 11396  5395
  6792  7425  7615] [] 1716263064.7684001923
[ 1  1  1  1  1  1  1  1  1  1 -1  1  1  1  1  1] [10 11 18 19 20 21 26 27 28 29 35 42 44 45 53 61] [ 7627  8914 10515  4507 14044 11102 10475 12629 10743 11102 12207 11347
  5295  6672  6685  7341] [] 1716263064.8113167286
[ 1  1  1  1 -1  1  1 -1 -1  1  1  1  1  1  1  1] [10 11 18 19 20 21 26 27 28 29 35 42 44 45 53 61] [ 7366  8826  9031  4418 14061 10984 10412 12654 10799 10904 11878 11197
  5167  6599  6515  7053] [] 1716263064.8543591499
[ 1  1  1  1  1  1  1  1 -1  1  1  1  1  1  1  1] [10 11 18 19 20 21 26 27 28 29 35 42 44 45 53 61] [ 7012  8784  8788  4358 13811 10938 10254 12219 10888  8697 11794 11125
  4983  6584  6288  6913] [] 1716263064.8973531723
[ 1 -1  1  1  1  1  1 -1  1  1  1  1  1  1  1  1] [10 11 18 19 20 21 26 27 28 29 35 42 44 45 53 61] [ 6756  8785  8717  4129 13567 10737 10115 12334 10740  8592 11049 11037
  4697  6450  5801  6710] [] 1716263064.9403424263
[ 1  1  1  1  1  1  1  1 -1  1  1  1  1  1  1  1] [10 11 18 19 20 21 26 27 28 29 35 42 44 45 53 61] [ 6437  8675  8542  3996 13464 10633 10093 11862 10751  8371 10853 11033
  4623  6359  5696  6635] [] 1716263064.9833524227
[ 1  1 -1  1  1  1  1  1 -1  1  1  1  1  1  1  1] [10 11 18 19 20 21 26 27 28 29 35 42 44 45 53 61] [ 6363  8649  8560  3915 13350 10624  9929 11806 10792  7570 10738  8580
  4551  6294  5483  6549] [] 1716263065.0263400078
[1 1 1 1 1 1 1 1 1 1 1 1 1 1 1 1] [10 11 18 19 20 21 26 27 28 29 35 42 44 45 53 61] [ 6294  8648  8484  3894 13269 10583  8196 11712 10651  7378 10668  8348
  4251  6281  5286  6512] [] 1716263065.0693433285
[-1  1  1  1 -1  1  1 -1 -1  1  1 -1 -1  1 -1  1] [10 11 18 19 20 21 26 27 28 29 35 42 44 45 53 61] [ 6298  8517  7286  3778 13640 10353  8050 11838 10831  7223 10569  8428
  4271  6201  5300  6494] [] 1716263065.1123645306
[ 1 -1  1  1  1  1 -1  1 -1  1 -1 -1 -1  1 -1  1 -1 -1] [10 11 18 19 20 21 26 27 28 29 34 35 42 44 45 53 54 61] [ 6236  8724  7222  3721 13056 10323  8109 11751 10849  7181 12259 10803
  8439  4080  6293  5162 12323  6567] [] 1716263065.1553666592
[ 1  1  1  1  1 -1  1 -1  1  1  1  1 -1  1  1 -1  1  1  1] [10 11 18 19 20 21 26 27 28 29 34 35 42 44 45 51 53 54 61] [ 6071  8687  7146  3667 12728 10364  8059 11797 10709  7139 12080 10685
  8523  4005  6220 12302  4565 12034  6529] [] 1716263065.1983537674
[ 1  1  1  1  1  1  1  1  1  1  1  1 -1  1  1  1  1  1  1  1] [10 11 18 19 20 21 26 27 28 29 34 35 37 42 44 45 51 53 54 61] [ 5936  8646  6127  3635 12273 10237  8028 11251  9232  7092 11967 10588
 16360  8313  3820  6161 11626  4415 11927  6432] [] 1716263065.2413651943
[ 1  1  1  1 -1  1  1  1  1  1  1  1 -1  1 -1  1  1  1  1] [10 11 18 19 20 21 26 27 28 29 34 35 42 44 45 51 53 54 61] [ 5797  8646  5357  3615 12397 10117  7966 10537  8911  6946 11844 10543
  8600  3765  6194 11176  4328 11836  6401] [] 1716263065.2843496799
[ 1  1  1  1 -1 -1  1  1  1 -1  1  1  1  1  1 -1  1 -1  1 -1] [10 11 18 19 20 21 26 27 28 29 34 35 42 44 45 50 51 53 54 61] [ 5697  8586  4963  3535 12580 10142  7937  9814  7671  6977 11789 10385
  8410  3656  6136 10760 10982  4353 11788  6422] [] 1716263065.3273680210
[ 1  1 -1 -1  1  1  1  1  1  1  1  1 -1  1 -1 -1  1  1  1  1  1] [10 11 18 19 20 21 26 27 28 29 34 35 41 42 44 45 50 51 53 54 61] [ 5690  7971  4990  3603 12379 10079  7926  7823  7194  6927 11668 10020
 15167  8215  3682  6150 10237 10763  4224  9329  6386] [] 1716263065.3704006672
[-1  1 -1  1  1  1 -1 -1  1  1  1  1 -1  1  1  1  1  1  1  1  1  1  1] [ 3 10 11 18 19 20 21 23 26 27 28 29 34 35 41 42 44 45 50 51 53 54 61] [13386  5422  8066  4779  3583 11970 10105 13584  6853  7739  6087  6896
 11710  9817 14643  8119  3283  5905 10193 10607  4020  9193  6309] [] 1716263065.4133679867
[ 1  1  1  1  1  1  1  1  1  1  1  1  1  1  1  1 -1 -1 -1  1  1 -1 -1 -1
  1] [ 3 10 11 18 19 20 21 23 26 27 28 29 34 35 41 42 44 45 46 50 51 53 54 55
 61] [13330  5194  7131  4629  3406 11502 10012 13477  5555  7598  5437  5262
 11647  8385 14617  7834  3290  5935 14219 10143 10564  4072  9342 14873
  6287] [] 1716263065.4564607143
[-1  1  1  1  1  1  1  1  1  1  1  1  1  1 -1  1  1  1 -1  1  1  1  1  1
  1  1] [ 3 10 11 18 19 20 21 23 26 27 28 29 34 35 36 41 42 44 45 46 50 51 53 54
 55 61] [13458  5177  5981  4593  3371 11499  9913 13358  5425  7574  5297  5239
 11581  7476 16129 14412  7286  3179  5955 12281 10067 10473  4044  7627
 10816  6262] [] 1716263065.4993970394
[ 1  1  1  1  1  1  1  1  1  1  1 -1  1  1  1  1  1  1  1  1 -1 -1  1  1
  1  1 -1] [ 3 10 11 18 19 20 21 23 26 27 28 29 34 35 36 41 42 44 45 46 47 50 51 53
 54 55 61] [ 6092  4943  5375  4118  3314 11363  9900 12882  5003  7453  4980  5342
 11514  7400 12181 14237  6605  3089  5824  9557 14455 10076  8707  4002
  7497  8346  6311] [] 1716263065.5424525738
[ 1  1  1  1  1  1  1 -1  1  1  1  1  1  1  1  1  1  1 -1  1  1  1  1  1
  1  1  1] [ 3 10 11 18 19 20 21 23 26 27 28 29 34 35 36 41 42 44 45 46 47 50 51 53
 54 55 61] [ 5449  4068  4879  3917  3288 11177  9836 13045  4747  7316  4643  5008
 11463  7211 10353 14057  6483  3044  5826  8287 12155 10057  8333  3951
  7471  7451  6179] [] 1716263065.5853891373
[ 1 -1  1  1  1  1 -1  1  1 -1  1  1  1  1  1  1  1  1  1  1  1  1  1 -1
  1  1  1  1] [ 3 10 11 18 19 20 21 23 26 27 28 29 34 35 36 41 42 44 45 46 47 50 51 52
 53 54 55 61] [ 5268  4176  4299  3874  3199 11121  9900 12857  4321  7326  4178  4896
  9471  7177 10063 13873  5784  2980  5170  7357  9207 10010  8233 14985
  3729  7363  6638  6120] [] 1716263065.6284122467
[ 1  1  1  1  1  1  1  1  1  1  1  1  1  1  1  1  1 -1  1  1  1 -1  1  1
  1  1  1  1] [ 3 10 11 18 19 20 21 23 26 27 28 29 34 35 36 41 42 44 45 46 47 50 51 52
 53 54 55 61] [ 5206  3918  3911  3826  3092 10866  9826 12734  4040  7187  3901  4837
  9206  6989  9971 13697  4993  3019  4709  7291  8973 10065  8170 13330
  3664  7294  5850  6110] [] 1716263065.6713895798
[ 1  1  1 -1  1  1  1 -1  1  1  1  1  1  1  1 -1  1  1  1  1  1  1  1  1
  1  1  1  1 -1  1] [ 3 10 11 18 19 20 21 23 26 27 28 29 34 35 36 37 41 42 44 45 46 47 50 51
 52 53 54 55 60 61] [ 5190  3825  3678  3842  3087 10684  9678 13081  3807  7184  3667  4627
  7163  6979  9030 16320 13614  4658  2978  4615  7127  8895  7561  8079
 12019  3613  7247  5259 16232  6068] [] 1716263065.7144050598
[ 1 -1  1  1  1  1  1 -1  1  1  1  1 -1  1  1  1  1  1  1  1  1  1  1  1
  1  1  1  1  1  1] [ 3 10 11 18 19 20 21 23 26 27 28 29 34 35 36 37 41 42 44 45 46 47 50 51
 52 53 54 55 60 61] [ 5111  3835  3528  3671  3040 10627  9677 13092  3623  7168  3508  4519
  7198  6978  8578 13968 13484  4256  2944  4570  7118  8733  7500  7721
 11700  3535  7167  4986 16069  6024] [] 1716263065.7573668957
[ 1  1  1  1 -1  1 -1  1  1  1  1  1  1  1  1  1  1  1  1  1  1  1 -1  1
  1  1  1  1 -1  1] [ 3 10 11 18 19 20 21 23 26 27 28 29 34 35 36 37 41 42 44 45 46 47 50 51
 52 53 54 55 60 61] [ 5089  3674  3355  3577  3047  9802  9764 13087  3511  6369  3418  4244
  7111  6964  7999 13649 13424  3806  2879  3794  6982  8224  7626  7594
 10468  3423  6977  4984 16106  6018] [] 1716263065.8003797531
[ 1 -1  1  1  1  1 -1  1  1 -1  1  1  1 -1  1  1  1  1  1  1  1  1  1  1
  1  1 -1  1  1  1] [ 3 10 11 18 19 20 21 23 26 27 28 29 34 35 36 37 41 42 44 45 46 47 50 51
 52 53 54 55 60 61] [ 5042  3675  3145  3484  2982  8751  9781 13073  3409  6530  3333  4123
  6201  7183  7705 12870 10961  3576  2838  3586  6897  8042  7514  6775
  9848  3178  7010  4704 15924  5937] [] 1716263065.8434247971
[ 1  1  1  1  1  1  1  1  1  1  1  1  1  1  1 -1  1  1  1  1  1  1  1  1
  1  1  1  1  1 -1] [ 3 10 11 18 19 20 21 23 26 27 28 29 34 35 36 37 41 42 44 45 46 47 50 51
 52 53 54 55 60 61] [ 4937  3533  3026  3441  2943  8434  9693 13066  3353  6468  3275  3951
  5224  7147  6342 13016  9821  3505  2738  3484  6885  7379  7366  6744
  9538  3006  7010  4656 12237  5962] [] 1716263065.8864583969
[ 1  1  1  1  1  1 -1  1  1  1  1  1  1  1  1  1  1  1  1  1  1 -1  1  1
  1  1  1  1  1  1] [ 3 10 11 18 19 20 21 23 26 27 28 29 34 35 36 37 41 42 44 45 46 47 50 51
 52 53 54 55 60 61] [ 4917  3495  2995  3229  2943  7547  9712 12942  3319  6440  3181  3907
  5141  7020  6261 12830  8095  3160  2686  3137  6815  7399  6572  6719
  9080  2852  6978  4388  9360  5924] [] 1716263065.9293653965
[-1  1  1  1  1 -1  1  1  1  1  1  1  1  1  1  1  1  1  1  1 -1  1  1 -1
  1  1  1  1  1  1] [ 3 10 11 18 19 20 21 23 26 27 28 29 34 35 36 37 41 42 44 45 46 47 50 51
 52 53 54 55 60 61] [ 4935  3379  2888  3127  2860  7611  9680 12938  3271  6333  3029  3822
  4339  6869  5476 12502  6559  3053  2564  2963  6829  7095  6070  6726
  8946  2839  6947  4228  7749  5902] [] 1716263065.9724290371
[ 1  1  1  1 -1  1 -1  1  1  1  1  1  1  1  1  1  1  1  1  1  1  1 -1  1
 -1  1  1  1  1  1] [ 3 10 11 18 19 20 21 23 26 27 28 29 34 35 36 37 41 42 44 45 46 47 50 51
 52 53 54 55 60 61] [ 4873  3319  2823  2994  2871  7217  9683 12866  3175  6298  2999  3729
  4218  6765  5125 11476  6000  2908  2503  2802  5965  6985  6588  6689
  9124  2746  6795  4212  6801  5884] [] 1716263066.0154373646
[ 1  1  1  1  1  1 -1  1  1  1  1  1  1  1 -1  1  1  1 -1  1  1  1  1  1
  1  1  1  1  1 -1] [ 3 10 11 18 19 20 21 23 26 27 28 29 34 35 36 37 41 42 44 45 46 47 50 51
 52 53 54 55 60 61] [ 4868  3283  2755  2931  2797  7143  9790 12858  3155  6246  2911  3579
  4215  6687  5176 11061  5413  2786  2514  2757  5791  6439  5668  6687
  8581  2706  5669  4004  5802  5886] [] 1716263066.0584001541
[ 1  1  1  1  1  1  1 -1  1  1  1  1 -1  1 -1  1  1  1  1 -1 -1  1  1  1
  1  1  1  1  1  1  1  1] [ 3 10 11 18 19 20 21 23 26 27 28 29 32 34 35 36 37 41 42 43 44 45 46 47
 50 51 52 53 54 55 60 61] [ 4833  3261  2651  2863  2787  6984  9695 12940  2941  5696  2734  3543
 12381  4194  6724  4469  9702  5301  2753 12287  2564  2665  5687  5864
  5492  6264  8312  2670  5594  3764  5555  5868] [] 1716263066.1013972759
[ 1  1  1  1  1  1  1 -1  1  1  1  1  1 -1 -1  1  1  1 -1  1  1  1  1  1
 -1  1 -1 -1  1 -1  1  1  1  1] [ 3 10 11 18 19 20 21 23 26 27 28 29 32 33 34 35 36 37 38 41 42 43 44 45
 46 47 50 51 52 53 54 55 60 61] [ 4799  3247  2639  2827  2740  6900  9669 13238  2926  5642  2663  3475
 10449 12493  4203  6271  4335  8647 12208  5204  2651 12147  2500  2614
  5741  5529  5640  6684  8093  2677  5495  3456  5397  5822] [] 1716263066.1444160938
[-1  1  1 -1  1  1  1 -1  1  1  1  1  1 -1 -1  1 -1  1  1  1  1  1  1  1
  1  1  1  1  1  1  1  1  1  1  1] [ 3 10 11 12 18 19 20 21 23 26 27 28 29 32 33 34 35 36 37 38 41 42 43 44
 45 46 47 50 51 52 53 54 55 60 61] [ 4808  3239  2535 15207  2796  2723  6735  9698 13206  2903  5634  2562
  3378 10694 12509  3919  6316  4220  8342  8984  5150  2506 12051  2448
  2591  5698  4785  5150  5589  7648  2562  5332  3328  5279  5793] [] 1716263066.1874098778
[ 1  1  1  1  1  1  1 -1 -1  1  1  1 -1  1  1  1  1  1 -1  1  1  1 -1  1
 -1  1  1  1  1  1 -1 -1  1 -1 -1] [ 3 10 11 12 18 19 20 21 23 26 27 28 29 32 33 34 35 36 37 38 41 42 43 44
 45 46 47 50 51 52 53 54 55 60 61] [ 4382  3143  2427 15075  2711  2670  6232  9786 13311  2789  5598  2488
  3380 10551 12455  3855  6279  4100  9418  8919  5138  2451 12063  2432
  2599  5661  4751  5034  4863  7630  2629  5371  3272  5318  5871] [] 1716263066.2305157185
[ 1  1  1  1  1  1  1  1 -1  1 -1  1  1  1 -1  1  1  1  1  1  1  1  1  1
  1 -1  1  1  1 -1  1  1  1  1  1] [ 3 10 11 12 18 19 20 21 23 26 27 28 29 32 33 34 35 36 37 38 41 42 43 44
 45 46 47 50 51 52 53 54 55 60 61] [ 4357  3123  2406 13823  2683  2651  6037  9729 13415  2733  5632  2468
  3378 10527 12473  3762  6162  3927  9364  8848  5107  2442 12031  2392
  2567  5780  4691  4986  4742  7794  2575  5239  3236  5049  5769] [] 1716263066.2734110355
[-1 -1  1 -1 -1  1  1 -1  1 -1 -1  1  1  1 -1 -1  1 -1  1 -1 -1  1  1  1
  1  1  1  1  1 -1  1 -1  1 -1 -1 -1] [ 3 10 11 12 18 19 20 21 23 25 26 27 28 29 32 33 34 35 36 37 38 41 42 43
 44 45 46 47 50 51 52 53 54 55 60 61] [ 4380  3304  2367 13845  2685  2639  5848  9741 13391 16174  2751  5588
  2458  3352 10553 12514  3677  6697  3818  9384  8904  5062  2439 11995
  2386  2537  5751  4680  4960  4743  7671  2591  5223  3264  5117  5794] [] 1716263066.3164091110
[-1 -1 -1  1  1  1  1  1  1 -1 -1 -1 -1  1  1  1 -1  1  1  1 -1  1 -1  1
 -1 -1  1  1  1  1 -1  1  1 -1  1 -1  1] [ 1  3 10 11 12 18 19 20 21 23 25 26 27 28 29 32 33 34 35 36 37 38 41 42
 43 44 45 46 47 50 51 52 53 54 55 60 61] [16254  4407  3306  2367 13839  2681  2632  5759  9704 13535 16380  2799
  5632  2443  3350 10482 12522  3639  6605  3709  9403  8764  5078  2431
 12055  2388  2533  5721  4636  4937  5295  7591  2558  5251  3264  5411
  5786] [] 1716263066.3594093323
[-1  1  1  1  1 -1  1  1  1  1  1  1 -1 -1  1  1 -1 -1  1 -1  1 -1  1 -1
 -1 -1 -1  1 -1 -1 -1  1 -1 -1 -1 -1  1] [ 1  3 10 11 12 18 19 20 21 23 25 26 27 28 29 32 33 34 35 36 37 38 41 42
 43 44 45 46 47 50 51 52 53 54 55 60 61] [16271  4326  3290  2327 13823  2719  2622  5680  9686 13511 15916  2727
  5640  2446  3331 10370 12536  3733  6592  3880  9329 10258  5023  2469
 12067  2400  2555  5631  5015  5022  5395  7107  2591  5451  3560  5496
  5774] [] 1716263066.4024951458
[ 1 -1  1 -1  1  1 -1 -1  1  1  1  1 -1  1  1  1 -1  1 -1  1 -1 -1 -1 -1
 -1 -1 -1 -1 -1 -1 -1  1 -1 -1 -1 -1] [ 1  3 10 11 12 18 19 20 21 23 26 27 28 29 32 33 34 35 36 37 38 41 42 43
 44 45 46 47 50 51 52 53 54 55 60 61] [16265  4333  3063  2391 13811  2673  2630  5840  9611 13375  2709  5568
  2481  3319 10332 12446  3843  6131  3926  9234 10939  5161  2550 12223
  2436  2615  5654  5561  5365  6620  8552  2587  5458  3712  5611  5869] [] 1716263066.4454655647
[-1 -1 -1 -1 -1 -1 -1 -1  1  1 -1 -1 -1 -1 -1 -1  1 -1 -1 -1 -1 -1 -1 -1
  1  1 -1 -1 -1  1 -1 -1 -1 -1  1] [ 1  3 10 11 12 18 19 20 21 23 26 27 28 29 32 33 34 35 36 37 41 42 43 44
 45 46 47 50 51 52 53 54 55 60 61] [16269  4352  3071  2476 15359  2679  2683  5864  9586 13215  2747  5577
  2508  3359 10334 12530  3835  6258  4127  9668  5299  2717 15543  2480
  2615  5649  5857  5914  6655  8093  2622  5521  4032  5694  5806] [] 1716263066.4884562492
[ 1 -1  1 -1 -1 -1 -1 -1  1  1 -1  1 -1 -1 -1 -1 -1 -1 -1 -1 -1 -1  1 -1
 -1 -1 -1  1 -1 -1 -1 -1 -1  1] [ 1  3 10 11 12 18 19 20 21 23 26 27 28 29 32 33 34 35 36 37 41 42 44 45
 46 47 50 51 52 53 54 55 60 61] [15936  4639  3071  2522 15455  2751  2685  5945  9535 13203  2884  5572
  2612  3401 11504 12552  4134  6695  4252 10462  5451  2787  2466  2659
  6554  6870  6925  6615  9136  2718  5607  4262  8796  5802] [] 1716263066.5315968990
[-1  1 -1 -1 -1 -1 -1  1  1 -1 -1 -1  1  1  1 -1  1 -1 -1 -1 -1 -1 -1 -1
 -1 -1  1 -1 -1 -1 -1] [ 1  3 10 11 18 19 20 21 23 26 27 28 29 34 35 36 37 41 42 44 45 46 47 50
 51 52 53 54 55 60 61] [16196  4582  3111  2541  2767  2706  6274  9532 12786  3050  5668  2680
  3401  4093  6567  4387 10156  5832  2884  2527  2707  6671  7001  6996
  6635  9569  2700  5695  4344  9475  5819] [] 1716263066.5745289326
[ 1 -1 -1 -1 -1 -1 -1  1 -1 -1 -1 -1 -1 -1 -1 -1 -1 -1 -1 -1 -1 -1 -1 -1
 -1 -1 -1 -1 -1 -1 -1] [ 1  3 10 11 18 19 20 21 23 26 27 28 29 34 35 36 37 41 42 44 45 46 47 50
 51 52 53 54 55 60 61] [16188  4614  3183  2603  2810  2761  6560  9529 12802  3059  5736  2787
  3475  4175  6580  4780 10628  7547  3194  2559  2818  6857  7215  7476
  6679  9752  2774  6681  4532 14248  5841] [] 1716263066.6175441742
[-1 -1  1 -1 -1 -1 -1  1  1 -1 -1 -1 -1 -1 -1 -1 -1 -1 -1 -1 -1 -1 -1 -1
 -1 -1 -1 -1 -1 -1 -1] [ 1  3 10 11 18 19 20 21 23 26 27 28 29 34 35 36 37 41 42 44 45 46 47 50
 51 52 53 54 55 60 61] [16209  4721  3167  2799  2967  2799  6567  9506 12726  3133  6222  2880
  3640  4208  6607  4955 11070 12307  3396  2566  3032  6867  7268  7549
  7766  9978  2922  6853  4874 14640  5962] [] 1716263066.6605327129
[ 1 -1 -1 -1 -1 -1 -1  1 -1  1 -1 -1 -1 -1  1 -1 -1 -1 -1 -1 -1 -1 -1 -1
 -1 -1 -1 -1 -1 -1  1] [ 1  3 10 11 18 19 20 21 23 26 27 28 29 34 35 36 37 41 42 44 45 46 47 50
 51 52 53 54 55 60 61] [16144  4742  3191  2857  3007  2816  7085  9452 12789  3127  6244  2941
  3658  4230  6507  4965 11181 12603  3944  2605  3319  6950  7739  7817
  7866 11264  3012  7016  5432 15616  5924] [] 1716263066.7035729885
[-1 -1 -1 -1 -1 -1 -1 -1  1 -1  1 -1 -1 -1 -1 -1 -1 -1 -1 -1 -1 -1 -1 -1
  1 -1 -1 -1 -1 -1] [ 1  3 10 11 18 19 20 21 23 26 27 28 29 34 35 36 37 41 42 44 45 46 47 50
 51 52 53 54 55 61] [16161  4803  3355  2931  3163  2856  7249  9468 12763  3295  6243  3014
  3691  4334  6617  5156 11433 12811  4093  2645  3508  7055  8025  7874
  7860 11738  3104  7095  6064  5962] [] 1716263066.7465598583
[-1 -1 -1 -1 -1 -1 -1 -1 -1 -1 -1 -1 -1  1 -1 -1 -1 -1 -1 -1 -1 -1 -1 -1
 -1 -1 -1 -1 -1] [ 3 10 11 18 19 20 21 23 26 27 28 29 34 35 36 37 41 42 44 45 46 47 50 51
 52 53 54 55 61] [ 4871  3387  2967  3231  2864  8397  9569 12938  3349  6283  3124  3746
  4952  6519  5171 11560 13375  4927  2714  3777  7235  8687  9782  7895
 13058  3320  7201  7144  6043] [] 1716263066.7895781994
[-1  1 -1 -1 -1 -1  1 -1 -1  1 -1 -1 -1  1 -1 -1 -1 -1 -1 -1 -1 -1 -1 -1
 -1 -1 -1 -1 -1] [ 3 10 11 18 19 20 21 23 26 27 28 29 34 35 36 37 41 42 44 45 46 47 50 51
 52 53 54 55 61] [ 4930  3307  3047  3303  2916  8746  9513 12941  3391  6050  3248  3901
  5357  6310  6224 12122 13567  5849  2795  4266  8115  9526 10053  7985
 15977  3424  7290 10446  6098] [] 1716263066.8325216770
[-1 -1 -1 -1 -1 -1  1 -1 -1  1 -1 -1 -1 -1 -1  1 -1 -1 -1 -1 -1 -1 -1 -1
 -1 -1 -1 -1] [ 3 10 11 18 19 20 21 23 26 27 28 29 34 35 36 37 41 42 44 45 46 47 50 51
 53 54 55 61] [ 4991  3395  3195  3395  2927  9827  9500 13018  3487  6031  3532  4439
  5439  6377  6694 11787 13733  6039  2875  4855 10904 12018 10089  8017
  3522  7466 13058  6135] [] 1716263066.8755145073
[-1 -1 -1 -1 -1 -1 -1 -1 -1 -1 -1 -1 -1  1 -1 -1 -1 -1 -1 -1 -1 -1 -1 -1
 -1  1] [ 3 10 11 18 19 20 21 23 26 27 28 29 34 35 36 37 41 42 44 45 46 50 51 53
 54 61] [ 5057  3575  3502  3402  2956  9922  9517 13093  3709  6087  3792  4479
  6602  6323  6735 16013 13997  6860  2937  5357 13064 10326  8206  3700
  8926  6070] [] 1716263066.9184999466
[-1 -1 -1 -1 -1  1  1 -1 -1 -1 -1 -1 -1  1 -1  1 -1 -1 -1 -1 -1 -1 -1 -1
 -1] [ 3 10 11 18 19 20 21 23 26 27 28 29 34 35 36 37 41 42 44 45 50 51 53 54
 61] [ 5319  3688  3828  3445  3002  9919  9440 13121  3999  6876  4170  4719
  8937  6274  7245 15615 14062  6944  3018  5423 10373 10459  3733  8991
  6103] [] 1716263066.9615612030
[-1 -1 -1 -1 -1 -1  1 -1 -1  1 -1 -1 -1 -1 -1 -1 -1 -1 -1 -1 -1 -1 -1 -1] [ 3 10 11 18 19 20 21 23 26 27 28 29 34 35 36 37 41 42 44 45 51 53 54 61] [ 6619  3749  3996  3501  3025  9934  9435 13213  4031  6825  4319  4746
  9006  6310  7673 15891 14193  6964  3100  5716 10621  3933  9317  6104] [] 1716263067.0044856071
[-1  1 -1 -1 -1 -1 -1  1 -1 -1 -1 -1 -1  1 -1 -1 -1 -1 -1 -1 -1 -1 -1] [ 3 10 11 18 19 20 21 23 26 27 28 29 34 35 36 41 42 44 45 51 53 54 61] [12129  3719  4102  3506  3167  9962  9438 13071  4533  6831  4491  4895
  9881  6292  8458 14526  8237  3239  5797 10700  3944 11945  6142] [] 1716263067.0475201607
[-1 -1 -1 -1  1 -1 -1  1 -1 -1 -1 -1  1 -1 -1 -1 -1 -1 -1 -1 -1 -1] [ 3 10 11 18 19 20 21 23 26 27 28 29 34 35 36 42 44 45 51 53 54 61] [12984  3757  4471  3598  3160 10479  9502 13068  5071  7075  5059  5187
  9148  6386  9002  8567  3520  5879 10754  4102 12080  6319] [] 1716263067.0905673504
[-1 -1 -1 -1 -1  1 -1 -1 -1 -1 -1 -1 -1  1 -1 -1 -1 -1 -1 -1 -1] [ 3 10 11 18 19 20 21 23 26 27 28 29 34 35 36 42 44 45 53 54 61] [13638  3913  5192  3773  3217 10423  9551 13071  5905  7199  5249  6507
 11442  6339  9724 10772  3556  6028  4167 12275  6382] [] 1716263067.1334497929
[-1 -1 -1 -1 -1 -1 -1 -1 -1 -1 -1 -1  1 -1 -1  1  1 -1 -1 -1  1] [ 3 10 11 18 19 20 21 23 26 27 28 29 34 35 36 42 44 45 53 54 61] [13851  4615  5682  4548  3304 10890  9614 13488  7363  7408  5709  6642
 11391  6739 11426 10607  3534  6078  4324 12480  6368] [] 1716263067.1764636040
[-1 -1 -1 -1 -1 -1 -1 -1 -1 -1  1 -1 -1 -1  1 -1  1 -1  1] [10 11 18 19 20 21 23 26 27 28 29 34 35 36 42 44 45 53 61] [ 4787  6695  4598  3343 10983  9631 13756  7659  7477  6261  6641 11476
  6922 15439 10245  3875  6007  4417  6339] [] 1716263067.2194063663
[-1 -1 -1 -1 -1 -1 -1 -1 -1 -1 -1 -1  1 -1 -1 -1 -1] [10 11 18 19 20 21 26 27 28 29 34 35 42 44 45 53 61] [ 4972  7223  4709  3470 11134  9764  7779  7643  7469  6697 11749  8573
 10087  4055  6231  4884  6468] [] 1716263067.2624394894
[-1 -1 -1 -1 -1  1 -1 -1 -1 -1 -1 -1 -1 -1 -1 -1 -1] [10 11 18 19 20 21 26 27 28 29 34 35 42 44 45 53 61] [ 5143  7807  5004  3544 11479  9755  7863  7739  8686  6855 11945  8854
 10222  4188  6251  5137  6502] [] 1716263067.3054764271
[-1 -1 -1 -1 -1 -1  1  1 -1 -1 -1 -1 -1 -1 -1 -1] [10 11 18 19 20 21 26 27 28 29 35 42 44 45 53 61] [ 5399  7880  6178  3586 11553  9812  7849  7730 10293  6964 10170 10347
  4462  6335  5495  6674] [] 1716263067.3484041691
[-1  1 -1 -1 -1 -1 -1 -1 -1 -1 -1  1 -1 -1 -1 -1] [10 11 18 19 20 21 26 27 28 29 35 42 44 45 53 61] [ 5655  7845  6887  3682 11928 10203  7974 10249 10367  7012 10749 10271
  4688  6440  5884  6752] [] 1716263067.3914010525
[-1 -1 -1 -1 -1 -1 -1 -1  1 -1 -1 -1 -1 -1 -1 -1] [10 11 18 19 20 21 26 27 28 29 35 42 44 45 53 61] [ 5924  7969  8135  3767 12573 10373  8093 11293 10170  8157 10942 10498
  5131  6502  5985  7267] [] 1716263067.4344196320
[-1 -1 -1 -1 -1 -1 -1 -1 -1  1 -1 -1 -1  1  1] [10 11 18 19 20 21 26 27 28 29 35 42 44 45 53] [ 6107  8426  8197  3846 13025 10526  8171 11408 10231  8127 10968 10555
  5152  6350  5680] [] 1716263067.4774003029
[-1 -1 -1 -1 -1 -1 -1 -1 -1 -1 -1  1 -1 -1 -1] [10 11 18 19 20 21 26 27 28 29 35 42 44 45 53] [ 6265  8601  8572  3903 13314 10631  8334 11477 10314  8647 11747 10465
  5573  6587  6051] [] 1716263067.5203766823
[-1 -1 -1 -1 -1 -1 -1 -1 -1 -1  1 -1 -1 -1] [10 11 18 19 20 21 26 27 28 29 42 44 45 53] [ 6312  8661  8692  3988 13381 10784  8434 11592 10406 10501 10445  6573
  6954  6662] [] 1716263067.5633919239
[-1 -1 -1 -1 -1 -1 -1  1 -1 -1 -1 -1 -1 -1] [10 11 18 19 20 21 26 27 28 29 42 44 45 53] [ 6959  8831  9022  4161 13452 11027 10307 11548 10493 10823 10540  8187
  7911  7096] [] 1716263067.6064288616
[-1 -1 -1 -1 -1  1 -1 -1  1 -1  1 -1 -1 -1] [10 11 18 19 20 21 26 27 28 29 42 44 45 53] [ 7219  8930  9214  4328 13808 10990 10547 11732 10437 11135 10513  9607
  7939  7715] [] 1716263067.6493651867
[-1 -1 -1 -1 -1 -1 -1 -1  1 -1 -1 -1  1 -1] [10 11 18 19 20 21 26 27 28 29 42 44 45 53] [ 7527  9018  9418  4616 14200 11127 10782 11882 10383 11559 10837  9811
  7903  7774] [] 1716263067.6923592091
[-1 -1 -1 -1 -1  1 -1  1 -1 -1 -1 -1 -1] [10 11 18 19 20 21 26 27 28 42 44 45 53] [ 7659  9137  9834  4776 14210 11114 11076 11843 10451 10983  9952  7982
  7863] [] 1716263067.7353515625
[-1 -1 -1 -1 -1 -1 -1 -1 -1 -1 -1 -1] [10 11 18 19 20 21 27 28 42 44 45 53] [ 7905  9159 11149  5069 15479 11296 12058 10704 11189 10211  8333  8433] [] 1716263067.7783665657
[-1 -1 -1 -1  1 -1 -1 -1 -1 -1 -1 -1] [10 11 18 19 20 21 27 28 42 44 45 53] [ 8149  9171 11402  5644 15332 11499 12457 10827 11423 12464  8476 11402] [] 1716263067.8213596344
[-1 -1 -1 -1 -1 -1 -1 -1  1  1 -1] [10 11 19 20 21 27 28 42 44 45 53] [ 8570  9343  6807 16053 11791 12823 10850 11524 12211  8342 14858] [] 1716263067.8643565178
[-1 -1 -1  1  1 -1  1  1] [10 11 19 27 28 42 44 45] [10049  9395  7197 12790 10802 11626 12151  8167] [] 1716263067.9073114395
[-1 -1 -1 -1 -1 -1 -1 -1] [10 11 19 27 28 42 44 45] [10790  9673  9449 12860 11052 11905 12651  8574] [] 1716263067.9503204823
[-1 -1 -1  1 -1 -1 -1 -1] [10 11 19 27 28 42 44 45] [12506  9827  9798 12849 11096 12053 12746  8753] [] 1716263067.9933481216
[-1 -1 -1 -1 -1 -1 -1] [11 19 27 28 42 44 45] [ 9853 10219 13107 11118 12425 12899  8891] [] 1716263068.0363056660
[-1 -1  1 -1 -1 -1 -1] [11 19 27 28 42 44 45] [10035 10355 13103 11261 12525 12939 12938] [] 1716263068.0793147087
[-1 -1  1 -1 -1  1] [11 19 27 28 42 44] [10111 10435 12830 11545 15625 12713] [] 1716263068.1223380566
[ 1  1 -1  1 -1  1] [11 19 27 28 42 44] [10057 10340 12838 11542 15775 12709] [] 1716263068.1653196812
[-1 -1 -1 -1  1] [11 19 27 28 44] [10285 10473 13080 11677 12318] [] 1716263068.2082920074
[ 1 -1] [28 44] [10981 12426] [] 1716263068.2513060570
[-1 -1] [28 44] [11090 12480] [] 1716263068.2942762375
[-1  1] [28 44] [11211 12343] [] 1716263068.3372867107
[-1 -1] [28 44] [11412 12474] [] 1716263068.3802380562
[-1  1] [28 44] [11754 12303] [] 1716263068.4232659340
[-1] [44] [12554] [] 1716263068.4662792683
[-1] [44] [12570] [] 1716263068.5092363358
[-1] [44] [12596] [] 1716263068.5523030758
[1] [44] [12537] [] 1716263068.5953168869
[-1] [44] [12642] [] 1716263068.6383256912
[1] [44] [12603] [] 1716263068.6812956333
[1] [44] [12483] [] 1716263068.7244358063
[1] [44] [12477] [] 1716263068.7672781944
[-1] [44] [12524] [] 1716263068.8154199123
2 2 2 1716263068.8156671524
