FA TAX ADC PRES TS
[1] [11] [9887] [] 1716265874.8280034065
[1] [11] [9550] [] 1716265874.8711194992
[-1] [11] [9553] [] 1716265874.9141273499
[-1] [11] [9674] [] 1716265874.9571065903
[1] [11] [9183] [] 1716265875.0001451969
[1] [11] [9078] [] 1716265875.0431551933
[-1 -1 -1] [11 19 28] [ 9298 10284 12271] [] 1716265875.0861530304
[ 1 -1  1] [11 19 28] [ 9270 10357 11831] [] 1716265875.1291208267
[ 1  1 -1  1] [11 19 20 28] [ 8885  9476 14563 11440] [] 1716265875.1721086502
[-1 -1  1  1  1] [10 11 19 20 28] [12114  8923  7518 13178 11384] [] 1716265875.2151398659
[ 1 -1  1 -1 -1 -1 -1 -1] [10 11 19 20 21 27 28 29] [10808  9156  7147 13464 11978 13113 11587 11727] [] 1716265875.2581722736
[ 1  1  1  1  1 -1  1] [10 11 19 20 27 28 29] [10116  6050  6567 13343 12615 11649 11178] [] 1716265875.3011174202
[ 1  1  1  1 -1  1  1  1] [10 11 19 20 21 27 28 29] [ 9972  5014  6151 12108 11157 12489 11485 11088] [] 1716265875.3441128731
[-1 -1 -1  1  1 -1 -1  1  1] [10 11 18 19 20 21 27 28 29] [10252  5054 12984  5674 11861 11180 12864 11141 10773] [] 1716265875.3871648312
[1 1 1 1 1 1 1 1 1] [10 11 18 19 20 21 27 28 29] [10096  4674 12082  4761 11113 10746 12813 10756 10553] [] 1716265875.4301271439
[ 1  1  1 -1  1  1 -1  1 -1  1] [10 11 18 19 20 21 26 27 28 29] [ 9389  4432 11105  4786 10748 10746  9271  9753 10872 10441] [] 1716265875.4730916023
[1 1 1 1 1 1 1 1 1 1] [10 11 18 19 20 21 26 27 28 29] [ 8929  3953 10694  4591 10544 10556  9039  9596 10782 10366] [] 1716265875.5160787106
[ 1  1  1  1  1  1  1  1 -1  1 -1 -1] [10 11 18 19 20 21 26 27 28 29 36 44] [ 8009  3784 10459  4380 10373 10367  8749  9433 10855 10287 14326 13234] [] 1716265875.5590116978
[ 1  1  1  1  1  1  1  1  1  1 -1  1  1] [10 11 18 19 20 21 26 27 28 29 35 36 44] [ 7259  3483 10393  4161 10109 10076  8479  9238  9967 10106 15411 14259
 12498] [] 1716265875.6021335125
[ 1  1  1  1  1  1 -1  1  1  1  1  1  1 -1] [10 11 18 19 20 21 23 26 27 28 29 35 36 44] [ 6572  3285 10206  3907  9888 10071 13758  8203  8573  9519 10041 14781
 13889 12829] [] 1716265875.6452128887
[ 1  1  1  1 -1  1  1  1  1  1 -1  1  1 -1  1] [10 11 18 19 20 21 23 26 27 28 29 35 36 37 44] [ 6368  3265  8599  3886 10002  9937 13339  8087  8423  7989 10106 14307
 13533 16368  8683] [] 1716265875.6880176067
[ 1  1  1  1  1 -1  1  1  1  1 -1 -1  1  1  1  1] [10 11 18 19 20 21 23 26 27 28 29 34 35 36 37 44] [ 5174  3206  8197  3851  8161  9970 13130  8053  7469  7235 10111 11135
 14270 13076 13400  5994] [] 1716265875.7311196327
[1 1 1 1 1 1 1 1 1 1 1 1 1 1 1 1] [10 11 18 19 20 21 23 26 27 28 29 34 35 36 37 44] [ 4978  3063  7587  3683  7722  9696 12945  7171  7313  5854 10039  8879
 13690 12242 12966  4856] [] 1716265875.7741489410
[ 1  1  1  1  1 -1  1  1  1  1  1  1  1  1  1  1 -1] [10 11 18 19 20 21 23 26 27 28 29 34 35 36 37 44 45] [ 4791  3007  7433  3609  7276  9734 12852  6705  7272  5346  9957  8697
 11480 10628 12878  4436 11576] [] 1716265875.8171777725
[ 1  1 -1  1  1  1 -1 -1  1  1  1  1  1 -1  1  1  1  1] [10 11 15 18 19 20 21 23 26 27 28 29 34 35 36 37 44 45] [ 4639  2922 13311  6522  3566  6079  9783 12953  5678  6378  4508  9697
  7546 11875  8454 12576  4247 11533] [] 1716265875.8601422310
[ 1  1  1  1  1 -1 -1 -1  1  1  1  1  1  1  1 -1  1  1] [10 11 15 18 19 20 21 23 26 27 28 29 34 35 36 37 44 45] [ 4429  2869 12994  5600  3476  6217  9845 12980  5444  6169  4429  8274
  7530 11597  6984 12606  4140  6596] [] 1716265875.9032275677
[ 1  1 -1  1  1  1  1 -1 -1  1  1  1  1  1  1  1  1 -1  1  1] [10 11 12 15 18 19 20 21 23 26 27 28 29 34 35 36 37 42 44 45] [ 4251  2625 16110 12853  4625  3409  6028  9896 13048  4917  6166  3985
  6919  6607  8656  6401 12587 12333  3921  6238] [] 1716265875.9461364746
[-1  1  1  1  1  1  1  1  1 -1  1  1  1  1  1 -1  1 -1  1  1  1] [ 3 10 11 12 15 18 19 20 21 23 26 27 28 29 34 35 36 37 42 44 45] [12924  3998  2495 15890 12735  3867  3273  5608  9716 13134  4010  6099
  3664  4910  6472  8776  5355 12844 11649  3758  6143] [] 1716265875.9891409874
[ 1  1  1  1  1  1  1  1  1  1  1  1  1  1  1  1  1 -1 -1  1  1  1] [ 3 10 11 12 15 18 19 20 21 23 26 27 28 29 34 35 36 37 38 42 44 45] [12295  3915  2474 15647 12650  3603  3187  5395  9696 12829  3733  5956
  3431  4738  6293  7263  5190 12869 12887  9385  3699  5939] [] 1716265876.0320503712
[ 1  1  1  1 -1  1  1  1 -1 -1  1  1  1  1  1  1  1  1  1  1  1  1 -1 -1] [ 3 10 11 12 15 18 19 20 21 23 26 27 28 29 34 35 36 37 38 42 44 45 46 53] [ 5509  3695  2377 15577 12671  3455  3102  5257  9846 12857  3575  5867
  3123  4613  6173  7225  4867 10539 10469  5688  3486  5936  9101 14272] [] 1716265876.0751490593
[ 1  1  1  1 -1  1  1  1  1  1  1  1  1  1  1  1  1  1  1  1  1 -1  1  1] [ 3 10 11 12 15 18 19 20 21 23 26 27 28 29 34 35 36 37 38 42 44 45 46 53] [ 5061  3632  2331 15466 12685  3353  3049  4988  9739 12749  3465  5817
  3021  4503  6019  6298  4436 10368 10210  5007  3479  5959  8625  8864] [] 1716265876.1181182861
[ 1 -1  1  1 -1  1  1  1  1 -1  1  1  1  1  1 -1  1  1  1  1  1  1  1 -1
  1] [ 3 10 11 12 15 18 19 20 21 23 26 27 28 29 34 35 36 37 38 42 44 45 46 52
 53] [ 5055  3668  2327 15012 13119  3310  3030  4623  9699 12809  3424  5774
  2933  4487  5856  7346  4274 10361  8715  3927  3198  5825  8137 12403
  7052] [] 1716265876.1611349583
[-1  1  1  1  1 -1  1  1  1 -1  1  1  1  1  1  1  1  1  1  1  1 -1  1  1
  1 -1  1  1] [ 1  3 10 11 12 15 18 19 20 21 23 26 27 28 29 34 35 36 37 38 42 43 44 45
 46 51 52 53] [15531  4871  3586  2259 13818 13147  3139  2955  4276  9817 12806  3094
  5688  2784  4451  4949  5896  3830  9264  8452  3506 14893  3136  5337
  7947 11259 11833  6468] [] 1716265876.2041211128
[ 1  1  1  1  1  1  1  1  1  1 -1  1  1  1  1  1  1  1  1 -1  1  1  1  1
  1  1  1  1] [ 1  3 10 11 12 15 18 19 20 21 23 26 27 28 29 34 35 36 37 38 42 43 44 45
 46 51 52 53] [15023  4679  3504  2168 13611 13117  2975  2903  4190  9805 12985  3004
  5637  2654  4407  4835  5856  3599  9076  8462  3321 14059  3096  5173
  6199 10897  9173  5035] [] 1716265876.2472016811
[ 1  1  1 -1  1  1  1  1  1  1 -1  1  1  1  1  1  1  1  1 -1  1  1  1  1
  1  1  1  1] [ 1  3 10 11 12 15 18 19 20 21 23 26 27 28 29 34 35 36 37 38 42 43 44 45
 46 51 52 53] [14375  4669  3488  2175 11156 13067  2826  2820  4131  9441 13067  2897
  5477  2613  4362  4607  5700  3463  8849  8550  3051 13627  2942  4410
  5975  8388  8919  4426] [] 1716265876.2901442051
[-1  1  1  1  1 -1  1  1  1  1 -1  1  1  1  1 -1  1  1  1  1 -1  1 -1 -1
  1 -1 -1  1  1  1] [ 1  3 10 11 12 15 18 19 20 21 23 26 27 28 29 32 34 35 36 37 38 42 43 44
 45 46 47 51 52 53] [14660  4607  3368  2031 11020 13151  2686  2789  3850  9210 13111  2767
  5412  2438  4219 10518  4173  5600  3334  8715  8557  2847 14191  2954
  4124  6047 11298  8270  7440  3815] [] 1716265876.3331470490
[ 1  1  1  1  1  1  1  1  1  1 -1  1  1  1  1  1  1 -1  1  1 -1  1  1  1
  1 -1  1  1  1  1 -1] [ 1  3 10 11 12 15 18 19 20 21 23 26 27 28 29 32 34 35 36 37 38 42 43 44
 45 46 47 51 52 53 54] [14534  4435  3316  2002 10666 13111  2651  2709  3528  7633 13565  2699
  5254  2329  4103 10203  4071  5616  3135  8651  8629  2740 13698  2863
  3751  6138  5560  8144  7394  3680 12136] [] 1716265876.3761701584
[ 1  1  1  1 -1 -1  1  1  1  1  1 -1  1  1  1 -1  1 -1  1  1  1  1  1  1
  1  1  1  1  1  1  1 -1] [ 1  3 10 11 12 15 18 19 20 21 23 26 27 28 29 32 34 35 36 37 38 42 43 44
 45 46 47 51 52 53 54 61] [13763  3798  3234  1985 10812 13229  2611  2706  3503  7450 13173  2701
  5247  2270  4095 10349  3775  5668  3063  8193  8511  2630 13385  2745
  3611  5541  4687  7114  7267  3657 11924  6759] [] 1716265876.4190337658
[ 1  1 -1  1  1  1  1  1  1  1  1  1  1  1  1  1  1  1  1  1  1 -1 -1 -1
 -1  1  1  1 -1  1 -1  1  1  1] [ 1  3 10 11 12 15 18 19 20 21 23 26 27 28 29 32 34 35 36 37 38 41 42 43
 44 45 46 47 50 51 52 53 54 61] [13607  3712  3244  1917 10499 13207  2507  2695  3367  7277 13007  2581
  5223  2188  3773 10154  3621  5580  2897  7848  7048 14368  2673 13903
  2812  3487  5242  4247 14585  6993  7292  3460  9432  6570] [] 1716265876.4621765614
[-1 -1  1  1  1 -1  1  1  1  1 -1  1  1  1  1  1  1  1  1  1  1  1  1 -1
  1  1  1  1 -1  1  1  1  1  1] [ 1  3 10 11 12 15 18 19 20 21 23 26 27 28 29 32 34 35 36 37 38 41 42 43
 44 45 46 47 50 51 52 53 54 61] [13614  3762  3216  1851  9746 13679  2493  2675  3366  7199 13370  2558
  4990  2110  3759 10037  3475  5507  2835  7765  6818 14175  2639 14143
  2752  3464  5175  3924 14861  6973  7140  3349  7249  6323] [] 1716265876.5051646233
[ 1  1  1  1  1 -1  1  1  1 -1 -1  1 -1  1  1  1 -1 -1  1 -1  1 -1  1  1
  1  1  1  1  1  1  1  1  1  1] [ 1  3 10 11 12 15 18 19 20 21 23 26 27 28 29 32 34 35 36 37 38 41 42 43
 44 45 46 47 50 51 52 53 54 61] [10553  3751  3112  1839  9457 13767  2481  2596  3348  7294 13431  2543
  4991  2071  3739  9850  3477  5536  2672  7873  5565 14229  2614 13951
  2528  3244  5119  3720  8099  6886  6960  3226  5170  6164] [] 1716265876.5480890274
[ 1  1  1  1  1 -1 -1  1  1  1  1  1  1  1  1  1  1  1  1  1  1  1  1 -1
  1  1  1  1  1 -1  1  1  1 -1] [ 1  3 10 11 12 15 18 19 20 21 23 26 27 28 29 32 34 35 36 37 38 41 42 43
 44 45 46 47 50 51 52 53 54 61] [10124  3612  3034  1805  8897 13823  2487  2553  3258  7227 13051  2527
  4788  2012  3683  9492  3390  5474  2547  7353  5514 14155  2522 14171
  2520  3140  5118  3600  7787  6925  6462  3041  4930  6197] [] 1716265876.5910313129
[ 1 -1  1 -1  1  1 -1  1  1  1 -1 -1 -1  1 -1  1  1 -1  1  1  1  1  1  1
  1 -1  1  1  1  1  1  1  1  1  1  1] [ 1  2  3 10 11 12 15 18 19 20 21 23 24 26 27 28 29 32 34 35 36 37 38 41
 42 43 44 45 46 47 50 51 52 53 54 61] [ 8306 10671  3398  3072  1799  8897 13871  2431  2532  3155  7354 13487
 12518  2500  4801  1976  3679  9707  3293  5404  2501  7093  4872 14065
  2406 14491  2496  2906  4586  3366  6448  6666  6012  2837  4191  5973] [] 1716265876.6342287064
[ 1  1  1  1  1  1 -1 -1  1  1 -1  1  1  1 -1  1  1  1  1  1  1  1  1  1
  1 -1 -1  1  1  1  1  1 -1  1  1 -1 -1 -1] [ 1  2  3 10 11 12 15 18 19 20 21 23 24 26 27 28 29 32 34 35 36 37 38 41
 42 43 44 45 46 47 50 51 52 53 54 55 60 61] [ 7998 10355  3196  3044  1791  8699 13887  2447  2508  2960  7395 13439
 12498  2493  4802  1939  3323  8175  3167  4892  2412  7084  4683 13846
  2275 14495  2504  2837  4543  3364  6081  6269  6486  2797  4135 13639
 10458  6113] [] 1716265876.6772894859
[ 1  1  1 -1  1  1 -1  1  1  1  1  1  1  1 -1  1  1 -1  1 -1  1  1  1 -1
  1 -1  1  1  1  1  1  1 -1  1 -1  1  1  1] [ 1  2  3 10 11 12 15 18 19 20 21 23 24 26 27 28 29 32 34 35 36 37 38 41
 42 43 44 45 46 47 50 51 52 53 54 55 60 61] [ 7804 10273  2943  3178  1763  8502 15151  2427  2444  2913  6417 13405
 11868  2463  4874  1876  3307  8291  3071  5204  2349  6727  4624 13851
  2263 14511  2480  2797  4504  3332  5738  5923  6506  2771  4191 12799
  9805  6066] [] 1716265876.7200443745
[ 1  1  1  1  1  1  1  1  1  1 -1  1 -1  1 -1 -1  1 -1  1  1  1 -1  1  1
 -1 -1 -1  1  1  1  1 -1 -1 -1  1  1  1  1] [ 1  2  3 10 11 12 15 18 19 20 21 23 24 26 27 28 29 32 34 35 36 37 38 41
 42 43 44 45 46 47 50 51 52 53 54 55 60 61] [ 7629 10255  2875  3160  1750  8380 15083  2383  2444  2845  6423 13279
 11904  2441  4881  1890  3279  8511  3007  5154  2307  6979  4576 13747
  2284 14813  2528  2747  4495  3307  5552  5954  6520  2800  4111 12263
  9724  6045] [] 1716265876.7630488873
[ 1 -1  1 -1 -1 -1  1  1  1  1  1  1 -1 -1  1 -1  1  1  1 -1  1  1  1  1
  1  1 -1  1  1  1  1  1  1  1  1 -1 -1 -1 -1] [ 1  2  3  4 10 11 12 15 18 19 20 21 23 24 26 27 28 29 32 34 35 36 37 38
 41 42 43 44 45 46 47 50 51 52 53 54 55 60 61] [ 6249 10602  2870 12486  3264  1751  8129 15023  2379  2430  2824  6366
 13607 12108  2431  4882  1841  3255  8458  3023  5120  2292  6518  4566
 13701  2270 14827  2518  2733  4476  3262  5488  5887  6478  2797  4151
 12455  9804  6053] [] 1716265876.8061997890
[ 1  1 -1  1  1 -1  1  1  1  1  1 -1  1  1  1 -1 -1  1 -1  1 -1  1  1  1
  1  1  1  1  1  1  1  1 -1  1 -1  1 -1 -1  1] [ 1  2  3  4 10 11 12 15 18 19 20 21 23 24 26 27 28 29 32 34 35 36 37 38
 41 42 43 44 45 46 47 50 51 52 53 54 55 60 61] [ 6138 10587  2888 12373  3204  1759  8100 14997  2367  2402  2813  6412
 13533 11916  2427  4896  1842  3211  8532  2979  5138  2289  6338  4549
 13635  2262 14803  2504  2727  4466  3204  5460  5922  6474  2800  4127
 14119 10120  6004] [] 1716265876.8492102623
[ 1 -1 -1  1  1  1 -1  1 -1 -1  1  1  1  1 -1 -1  1  1  1 -1  1  1 -1 -1
  1 -1  1  1 -1 -1 -1 -1 -1  1  1  1  1] [ 1  2  3  4 10 11 12 15 18 19 20 21 23 24 26 27 28 29 32 34 35 36 37 38
 41 42 43 44 45 46 47 50 51 52 53 54 61] [ 6132 10675  2897 11693  3196  1730  8102 14935  2373  2410  2807  6341
 13485 11884  2467  4916  1833  3205  8415  2995  5090  2278  6377  4645
 10814  2355 14479  2464  2839  4480  3276  6201  6563  5896  2730  4059
  5909] [] 1716265876.8921720982
[-1  1 -1  1 -1  1  1  1 -1 -1 -1  1 -1  1  1 -1 -1  1 -1  1 -1 -1 -1 -1
 -1  1 -1 -1 -1 -1 -1 -1 -1 -1 -1 -1] [ 1  2  3 10 11 12 15 18 19 20 21 23 24 26 27 28 29 32 34 35 36 37 38 41
 42 43 44 45 46 47 50 51 52 53 54 61] [ 7674 10361  3023  2929  1753  8069 13735  2367  2465  2852  7263 13239
 12176  2435  4732  1850  3223  8200  3063  4692  2306  6811  4885 13783
  2412 14335  2482  3021  4565  3404  6702  6599  5978  2807  4222  6012] [] 1716265876.9350533485
[-1 -1  1  1 -1  1  1  1 -1  1  1 -1 -1 -1 -1 -1 -1 -1 -1 -1 -1 -1 -1 -1
 -1 -1 -1 -1 -1 -1 -1 -1 -1 -1 -1] [ 1  3 10 11 12 15 18 19 20 21 23 24 26 27 28 29 32 34 35 36 37 38 41 42
 43 44 45 46 47 50 51 52 53 54 61] [ 7720  3086  2908  1743  8269 13659  2343  2465  3107  7237 12997 12589
  2447  4766  1888  3230  8264  3117  4840  2381  6943  5344 14019  2434
 14407  2576  3166  4730  3854 14295  6809  6501  3086  8812  6266] [] 1716265876.9781684875
[-1 -1 -1 -1 -1 -1 -1 -1 -1 -1 -1 -1  1 -1 -1 -1 -1 -1 -1 -1 -1 -1  1  1
 -1 -1 -1 -1  1  1 -1 -1 -1] [ 1  3 10 11 12 15 18 19 20 21 23 26 27 28 29 32 34 35 36 37 38 41 42 43
 44 45 46 47 51 52 53 54 61] [12893  3593  2988  1771  8560 13687  2357  2498  3124  7295 13111  2459
  4716  1932  3725  9220  3335  5382  2475  7019  5496 14205  2423 14187
  2720  3255  5143  4290  6760  6460  3207 11180  6370] [] 1716265877.0211865902
[-1 -1 -1 -1 -1  1 -1 -1 -1  1 -1 -1  1 -1 -1  1 -1  1 -1 -1 -1 -1  1 -1
 -1  1 -1 -1 -1  1 -1] [ 1  3 10 11 12 15 18 19 20 21 23 26 27 28 29 32 34 35 36 37 38 42 43 44
 45 46 47 51 52 53 54] [12958  3711  3000  1809  9062 13335  2391  2553  3193  7247 13157  2463
  4661  1973  3774  8739  3382  5344  2593  7584  7999  2486 13878  2758
  3436  5097  6099  7959  7038  3130 12133] [] 1716265877.0641720295
[ 1 -1 -1 -1 -1 -1 -1 -1 -1  1  1 -1 -1 -1  1 -1 -1 -1 -1 -1  1 -1 -1 -1
 -1 -1 -1 -1 -1] [ 1  3 10 11 12 15 18 19 20 21 23 26 27 28 29 32 34 35 36 37 38 42 43 44
 45 46 51 52 53] [12879  4514  3120  1850 10268 13527  2417  2593  3254  7217 12967  2527
  5163  2043  3738  9785  3639  5408  2725  7673  7931  2544 13885  2844
  3469  5615  8039  7223  3151] [] 1716265877.1071338654
[ 1 -1 -1 -1  1 -1 -1 -1 -1 -1 -1 -1  1 -1 -1 -1 -1  1 -1 -1 -1 -1  1  1
 -1 -1 -1 -1 -1] [ 1  3 10 11 12 15 18 19 20 21 23 26 27 28 29 32 34 35 36 37 38 42 43 44
 45 46 51 52 53] [12739  4555  3156  1861 10184 13639  2485  2603  3311  7243 12971  2535
  5108  2092  3781  9841  4028  5370  2764  7783  8242  2707 13779  2844
  3789  5713  8204  7289  3887] [] 1716265877.1502010822
[-1  1  1 -1 -1 -1 -1 -1 -1 -1  1  1 -1 -1 -1 -1 -1  1 -1 -1 -1 -1  1 -1
 -1 -1 -1 -1 -1] [ 1  3 10 11 12 15 18 19 20 21 23 26 27 28 29 32 34 35 36 37 38 42 43 44
 45 46 51 52 53] [12930  4489  3136  1919 10267 13999  2529  2619  3363  7305 12911  2531
  5143  2131  3966  9929  4203  5364  2886  7834  8345  3033 13679  2960
  4196  6554 10854  7801  5249] [] 1716265877.1931102276
[-1 -1 -1 -1 -1  1 -1 -1 -1 -1  1 -1 -1 -1 -1 -1 -1 -1 -1 -1 -1  1 -1 -1
 -1 -1 -1] [ 1  3 10 11 12 15 18 19 20 21 23 26 27 28 29 34 35 36 37 38 42 43 44 45
 46 52 53] [13063  4538  3250  2025 10490 13855  2683  2667  3493  8330 12722  2731
  5147  2283  4045  4527  5829  3174  8165  8413  3459 13635  3012  5039
  8037  9782  5915] [] 1716265877.2361493111
[-1 -1 -1 -1 -1  1 -1 -1 -1 -1 -1 -1 -1 -1 -1 -1  1 -1 -1 -1 -1 -1 -1 -1
  1 -1] [ 1  3 10 11 12 15 18 19 20 21 23 26 27 28 29 34 35 36 37 38 42 43 44 45
 46 53] [14053  4675  3360  2068 11040 13703  2783  2730  3533  8777 12763  2790
  5251  2366  4087  5134  5528  3280  8208  8505  5321 13942  3079  5501
  8018 10624] [] 1716265877.2791414261
[-1 -1 -1 -1  1  1 -1 -1 -1 -1 -1 -1 -1 -1 -1 -1 -1 -1 -1 -1 -1 -1  1] [ 1  3 10 11 12 15 18 19 20 21 23 26 27 28 29 34 35 36 37 38 42 44 45] [15984  4816  3410  2141 10989 13622  2867  2755  3601  9508 12870  2907
  5282  2475  4121  5790  5944  3388  8308  9764  8291  3174  5454] [] 1716265877.3220636845
[-1 -1 -1 -1  1 -1 -1 -1 -1 -1 -1 -1 -1  1 -1  1 -1 -1 -1 -1 -1] [ 3 10 11 12 15 18 19 20 21 23 26 27 28 29 34 35 36 37 38 44 45] [ 9519  3418  2160 13366 13135  3113  2825  3726  9593 12919  3041  5301
  2617  4005  5845  5823  3711  8388 10333  3455  6001] [] 1716265877.3650689125
[-1 -1 -1  1 -1 -1 -1  1  1 -1 -1 -1 -1 -1 -1 -1 -1 -1  1] [10 11 12 15 18 19 20 21 23 26 27 28 29 34 35 36 37 44 45] [ 3503  2194 13684 12740  3213  2934  4047  9333 12743  3392  5526  2820
  4177  5963  5953  4234  9078  3551  5948] [] 1716265877.4080855846
[ 1 -1 -1  1 -1 -1 -1 -1  1 -1 -1 -1 -1 -1  1 -1 -1 -1 -1] [10 11 12 15 18 19 20 21 23 26 27 28 29 34 35 36 37 44 45] [ 3503  2227 14502 12676  3395  2982  4111  9396 12739  3442  5583  2967
  4248  6060  5929  4562 11645  3654  6241] [] 1716265877.4510648251
[-1 -1 -1  1 -1 -1 -1 -1 -1 -1 -1 -1 -1 -1 -1 -1 -1 -1 -1] [10 11 12 15 18 19 20 21 23 26 27 28 29 34 35 36 37 44 45] [ 3664  2323 14761 12573  3583  3071  4900  9439 12754  3833  5709  3127
  4746  6295  7892  4653 11828  3774 11742] [] 1716265877.4940423965
[-1 -1 -1 -1 -1 -1 -1 -1  1 -1 -1 -1 -1 -1 -1 -1 -1 -1] [10 11 12 15 18 19 20 21 23 26 27 28 29 34 35 36 37 44] [ 3900  2428 15425 12998  4491  3161  5137  9466 12657  4274  5970  3402
  4908  6623  8248  4937 12442  4159] [] 1716265877.5370550156
[-1 -1 -1 -1 -1 -1  1  1 -1  1 -1 -1 -1 -1 -1  1 -1] [10 11 12 18 19 20 21 23 26 27 28 29 34 35 36 37 44] [ 4134  2452 16058  5366  3256  5426  9443 12500  5170  5902  3647  5815
  7966  8761  5676 12377  5065] [] 1716265877.5800952911
[-1 -1 -1 -1 -1 -1 -1 -1 -1 -1 -1 -1 -1 -1 -1 -1 -1] [10 11 12 18 19 20 21 23 26 27 28 29 34 35 36 37 44] [ 4331  2519 16157  6347  3306  5803  9495 12536  5663  6060  3934  6252
  8747  9020  6758 12883 10066] [] 1716265877.6229045391
[-1 -1 -1 -1 -1  1 -1 -1 -1 -1 -1 -1 -1 -1  1 -1] [10 11 18 19 20 21 23 26 27 28 29 34 35 36 37 44] [ 4463  2655  6550  3403  6677  9450 12660  6932  6397  4321  7038 11957
  9863  8950 12651 12999] [] 1716265877.6660740376
[-1 -1 -1 -1 -1 -1 -1 -1 -1 -1 -1 -1 -1 -1 -1] [10 11 18 19 20 21 23 26 27 28 29 35 36 37 44] [ 4770  2797  6815  3539  7643  9618 12951  7782  6619  5845  7302 11721
 11935 13439 13087] [] 1716265877.7090611458
[-1 -1 -1 -1 -1 -1 -1 -1 -1 -1 -1 -1 -1] [10 11 18 19 20 21 23 26 27 28 29 35 36] [ 5107  2934  6856  3589  9556  9663 13059  7912  7192  7229 10242 13613
 12197] [] 1716265877.7520716190
[-1 -1 -1 -1 -1 -1 -1 -1 -1  1 -1 -1] [10 11 18 19 20 21 26 27 28 29 35 36] [ 5804  3302 10238  3814  9607  9853  8480  8546  9338 10239 14355 12893] [] 1716265877.7949252129
[-1 -1 -1 -1 -1 -1 -1 -1 -1  1 -1] [10 11 18 19 20 21 26 27 28 29 36] [ 7046  3682 10430  3958  9740  9939 12457  8792 10196 10066 13775] [] 1716265877.8380415440
[-1 -1 -1 -1 -1 -1 -1  1 -1 -1 -1] [10 11 18 19 20 21 26 27 28 29 36] [ 7346  3757 10550  4079  9931 10042 12860  8616 10254 10123 13997] [] 1716265877.8808891773
[-1 -1 -1 -1 -1 -1 -1  1 -1] [10 11 18 19 20 21 27 28 29] [ 9181  4725 10855  4437 10284 10462  8888 10253 10603] [] 1716265877.9240319729
[-1 -1 -1 -1 -1 -1 -1 -1] [10 11 19 20 21 27 28 29] [ 9314  5526  4677 10679 10693  9535 10594 10887] [] 1716265877.9670388699
[-1 -1 -1 -1 -1 -1 -1 -1] [10 11 19 20 21 27 28 29] [ 9669  7719  5131 11215 10929 12991 10856 11287] [] 1716265878.0100350380
[-1 -1 -1 -1  1 -1] [10 11 19 20 21 28] [ 9984  8710  5389 11632 10917 10884] [] 1716265878.0530059338
[-1 -1 -1 -1 -1 -1] [10 11 19 20 21 28] [11803  8904  7143 12959 11434 11394] [] 1716265878.0959961414
[-1  1 -1 -1 -1] [10 11 19 20 28] [14999  8853  9965 14900 11843] [] 1716265878.1390190125
[1] [11] [8511] [] 1716265878.1819486618
[-1] [11] [9231] [] 1716265878.2249300480
[-1] [11] [9490] [] 1716265878.2679467201
[1] [11] [9437] [] 1716265878.3109860420
[-1] [11] [14395] [] 1716265878.3721926212
2 2 2 1716265878.3724830151
