FA TAX ADC PRES TS
[-1] [28] [13443] [] 1716266890.1307775974
[1] [28] [11983] [] 1716266890.1737601757
[1] [28] [11155] [] 1716266890.2167532444
[-1 -1] [11 28] [10908 11603] [] 1716266890.2597854137
[1 1] [11 28] [10246 11457] [] 1716266890.3030567169
[1 1] [11 28] [ 9712 11353] [] 1716266890.3460347652
[-1 -1 -1 -1] [11 19 27 28] [ 9900 10874 13514 11766] [] 1716266890.3889777660
[ 1  1 -1  1  1] [11 19 20 27 28] [ 9808 10565 15731  9582 11378] [] 1716266890.4320368767
[ 1  1  1  1 -1 -1] [11 19 20 27 28 29] [ 9550 10505 15586  9518 11593 12199] [] 1716266890.4748761654
[-1 -1  1  1  1 -1  1] [10 11 19 20 27 28 29] [14730  9559  8717 15102  9435 11692 11713] [] 1716266890.5179808140
[ 1  1  1  1 -1  1  1  1] [10 11 19 20 21 27 28 29] [13310  9423  8397 14563 11907  9338 11550 11606] [] 1716266890.5610013008
[1 1 1 1 1 1 1 1] [10 11 19 20 21 27 28 29] [11867  9316  7362 14035 11598  9181 11451 11277] [] 1716266890.6040108204
[ 1  1  1  1  1  1  1  1 -1] [10 11 19 20 21 27 28 29 44] [ 9874  9163  6719 13437 11047  9012 11133 10785 13641] [] 1716266890.6469883919
[ 1 -1  1  1 -1 -1 -1 -1 -1  1] [10 11 19 20 21 26 27 28 29 44] [ 9459  9199  6561 13353 11053 11790  9298 11158 10803 13085] [] 1716266890.6900207996
[ 1  1  1  1  1  1  1 -1  1  1] [10 11 19 20 21 26 27 28 29 44] [ 9043  9055  6124 12585 10947  9272  9099 11406 10617 12832] [] 1716266890.7329716682
[1 1 1 1 1 1 1 1 1 1] [10 11 19 20 21 26 27 28 29 44] [ 8783  8982  5758 12134 10732  9087  8915 11319 10590 12679] [] 1716266890.7760152817
[ 1  1  1  1  1  1  1 -1 -1  1] [10 11 19 20 21 26 27 28 29 44] [ 8413  8917  5318 11786 10659  8836  8691 11348 10641 12565] [] 1716266890.8189535141
[ 1 -1 -1  1  1  1  1  1  1  1  1] [10 11 18 19 20 21 26 27 28 29 44] [ 7952  8927 11493  5007 11131 10477  8645  8537 11316 10306 12331] [] 1716266890.8619081974
[1 1 1 1 1 1 1 1 1 1 1] [10 11 18 19 20 21 26 27 28 29 44] [ 7880  8819 11022  4814 10979 10384  8575  8485 10159 10181  9579] [] 1716266890.9049980640
[ 1  1  1  1  1  1  1 -1  1  1 -1  1] [10 11 18 19 20 21 26 27 28 29 35 44] [ 7223  8785 10645  4570 10731 10293  8389  8506  7690 10162 15810  8637] [] 1716266890.9480655193
[ 1  1  1  1  1  1  1  1  1  1  1 -1  1 -1] [10 11 18 19 20 21 26 27 28 29 35 36 44 45] [ 6070  7796 10336  4418 10439  9951  8207  8290  6158 10030 15249 14665
  7727 11878] [] 1716266890.9909934998
[ 1  1  1  1  1  1 -1  1  1  1 -1 -1  1  1  1] [10 11 18 19 20 21 26 27 28 29 34 35 36 44 45] [ 5665  7005 10288  4263 10109  9938  8277  7951  5817  9232 12108 15593
 14255  6719  7207] [] 1716266891.0340461731
[ 1  1 -1  1  1 -1 -1  1  1  1  1  1  1  1 -1 -1  1  1] [10 11 15 18 19 20 21 26 27 28 29 34 35 36 37 42 44 45] [ 5282  6300 13632  6901  4095 10121  9967  8154  7690  5386  8589 11837
 14580 13900 16340 12798  6470  6891] [] 1716266891.0770187378
[1 1 1 1 1 1 1 1 1 1 1 1 1 1 1 1 1 1] [10 11 15 18 19 20 21 26 27 28 29 34 35 36 37 42 44 45] [ 4957  5119 12946  6764  4094  9954  9889  8031  7002  5111  8503 11781
 14149 10431 13322 12268  5699  6552] [] 1716266891.1200437546
[ 1  1  1  1  1  1 -1  1  1  1  1  1  1  1 -1  1  1  1] [10 11 15 18 19 20 21 26 27 28 29 34 35 36 37 42 44 45] [ 4638  4957 12731  6724  3939  9841 10005  7948  6833  4529  8159  8960
 13957 10370 13436 11050  5024  6383] [] 1716266891.1630079746
[1 1 1 1 1 1 1 1 1 1 1 1 1 1 1 1 1 1] [10 11 15 18 19 20 21 26 27 28 29 34 35 36 37 42 44 45] [ 4331  4419 12731  6071  3765  9614  9828  6941  6693  4231  5281  8735
 13954  9841 10568  9992  4565  6334] [] 1716266891.2060286999
[ 1  1  1  1  1  1  1  1  1  1  1  1  1  1  1  1  1 -1 -1 -1] [10 11 15 18 19 20 21 26 27 28 29 34 35 36 37 42 44 45 46 53] [ 4092  4265 12511  5499  3616  9343  9815  5965  6651  4055  4997  8574
 11113  8013 10550  9041  4461  6639 12081 14122] [] 1716266891.2490122318
[ 1  1 -1  1  1  1  1 -1  1  1  1  1  1  1  1  1  1  1  1  1  1] [10 11 15 18 19 20 21 23 26 27 28 29 34 35 36 37 42 44 45 46 53] [ 3920  3831 12798  4681  3525  7802  9769 14372  5685  6586  3875  4831
  8307 10127  6777  9708  8514  4196  6558  9065 10761] [] 1716266891.2920041084
[ 1  1  1  1  1  1 -1  1  1  1  1  1  1  1  1  1  1  1  1  1  1] [10 11 15 18 19 20 21 23 26 27 28 29 34 35 36 37 42 44 45 46 53] [ 3564  3514 12715  4379  3433  6727  9818 13415  5231  5827  3680  4624
  6803  9502  5604  9205  7415  4060  6454  8496  8721] [] 1716266891.3349819183
[-1  1  1 -1  1  1  1  1  1  1  1  1  1  1 -1  1  1 -1  1  1  1  1] [ 3 10 11 15 18 19 20 21 23 26 27 28 29 34 35 36 37 42 44 45 46 53] [14045  3488  3240 12738  4194  3373  6070  9735 13233  4939  5663  3596
  4591  6463  9706  5237  8963  7543  3903  6201  8332  7245] [] 1716266891.3780181408
[ 1  1  1  1  1  1  1 -1  1  1  1  1  1  1  1  1  1  1  1  1  1 -1  1] [ 3 10 11 15 18 19 20 21 23 26 27 28 29 34 35 36 37 42 44 45 46 51 53] [ 8852  3436  3115 12678  3927  3337  5595  9920 12871  4303  5617  3520
  4263  6410  8700  4762  8938  6485  3781  5980  7908 10749  5823] [] 1716266891.4210355282
[ 1  1  1 -1  1  1  1  1  1  1  1  1  1  1  1  1  1  1  1  1  1 -1 -1  1] [ 3 10 11 15 18 19 20 21 23 26 27 28 29 34 35 36 37 42 44 45 46 51 52 53] [ 5471  3256  2858 12951  3545  3185  5379  9890 12707  4024  5535  3355
  4178  6366  7928  4463  8917  5855  3690  5867  6933 10910 16079  5578] [] 1716266891.4640202522
[ 1  1  1 -1  1  1 -1  1  1  1  1  1  1  1  1  1  1  1  1  1  1  1  1  1] [ 3 10 11 15 18 19 20 21 23 26 27 28 29 34 35 36 37 42 44 45 46 51 52 53] [ 5355  3168  2783 12991  3413  3166  5394  9774 12628  3916  5476  3216
  4103  6216  7114  4195  8696  5230  3654  5829  6877 10543 13487  5496] [] 1716266891.5069611073
[ 1  1  1  1  1  1  1  1  1  1  1  1  1  1  1  1  1  1 -1  1  1 -1 -1  1
  1  1 -1] [ 3 10 11 15 18 19 20 21 23 26 27 28 29 34 35 36 37 42 43 44 45 46 50 51
 52 53 61] [ 5210  3040  2747 12983  3341  3099  5325  9720 12593  3836  5429  3134
  4072  6214  6856  4028  8527  4641 14497  3567  5704  7035 10335  8485
 12479  5463  8073] [] 1716266891.5500359535
[ 1  1  1 -1  1  1  1 -1  1  1  1  1  1  1  1  1  1 -1  1  1  1  1  1 -1
 -1  1  1  1 -1  1] [ 3 10 11 15 18 19 20 21 23 26 27 28 29 34 35 36 37 41 42 43 44 45 46 47
 50 51 52 53 54 61] [ 5115  3029  2498 13007  3219  3059  5159  9771 12570  3435  5401  3031
  3999  5829  6788  3762  8417 14679  4352 14319  3553  5449  7035 14398
 10369  8136  9990  5356 13143  7268] [] 1716266891.5930414200
[ 1  1  1 -1  1  1  1 -1 -1  1  1  1  1  1 -1  1  1 -1  1  1  1  1  1  1
 -1  1  1  1  1  1] [ 3 10 11 15 18 19 20 21 23 26 27 28 29 34 35 36 37 41 42 43 44 45 46 47
 50 51 52 53 54 61] [ 4991  2900  2409 13055  3102  2973  5072  9820 12745  3367  5350  2952
  3988  5225  7052  3563  7742 14713  3758 13862  3384  5215  6213  8626
 10541  7956  7791  4849 11956  7006] [] 1716266891.6360189915
[ 1  1  1  1  1  1  1  1 -1  1  1  1 -1  1  1  1  1 -1  1  1 -1  1  1  1
  1  1  1  1  1  1  1] [ 3 10 11 15 18 19 20 21 23 26 27 28 29 34 35 36 37 38 41 42 43 44 45 46
 47 50 51 52 53 54 61] [ 4922  2897  2355 13003  2949  2930  4989  9797 12893  3131  5251  2922
  4001  4799  6546  3282  6947 11829 14462  3471 13903  3267  4947  6199
  6712 10291  7866  7108  4342 11776  6813] [] 1716266891.6789824963
[ 1  1  1 -1  1  1  1  1 -1  1  1  1  1 -1  1 -1  1  1  1  1  1  1  1  1
  1  1  1  1  1  1  1  1] [ 3 10 11 15 18 19 20 21 23 26 27 28 29 32 34 35 36 37 38 41 42 43 44 45
 46 47 50 51 52 53 54 61] [ 4875  2800  2234 13133  2835  2872  4852  9731 12964  2989  5134  2800
  3959 12509  4639  6948  3043  6862 10879 11383  3340 13734  3137  4499
  6135  5698  9702  7753  7062  4007  9847  6621] [] 1716266891.7220823765
[ 1  1  1 -1  1  1  1  1 -1  1  1  1  1  1  1  1  1  1  1  1  1 -1  1  1
  1  1  1  1  1  1  1  1] [ 3 10 11 15 18 19 20 21 23 26 27 28 29 32 34 35 36 37 38 41 42 43 44 45
 46 47 50 51 52 53 54 61] [ 4797  2756  2230 13159  2747  2837  4695  9648 12978  2943  5114  2755
  3952 10729  4159  6740  2924  6795  9213 10504  3044 13785  3071  4133
  6038  5262  8689  7665  6225  3717  7375  6541] [] 1716266891.7649884224
[ 1  1  1  1  1  1  1  1 -1  1  1  1 -1  1  1  1  1 -1  1  1  1  1  1  1
  1  1  1 -1  1  1  1  1] [ 3 10 11 15 18 19 20 21 23 26 27 28 29 32 34 35 36 37 38 41 42 43 44 45
 46 47 50 51 52 53 54 61] [ 4687  2736  2161 13075  2677  2823  4588  8365 13022  2899  5086  2700
  3983 10663  4035  6261  2834  6986  8658 10075  2782 13603  2794  3844
  5519  4468  8169  8012  5240  3512  7125  6292] [] 1716266891.8080778122
[ 1  1  1 -1  1  1  1  1  1  1  1  1  1  1  1  1  1  1  1 -1  1  1 -1  1
  1  1  1  1  1  1  1  1  1] [ 3 10 11 13 15 18 19 20 21 23 26 27 28 29 32 34 35 36 37 38 41 42 43 44
 45 46 47 50 51 52 53 54 61] [ 4570  2700  2098 16090 13054  2591  2773  4109  8029 12772  2783  5029
  2596  3911 10341  4015  5890  2664  6874  8677  9501  2562 13607  2750
  3685  5492  4172  7841  7490  4890  3337  5959  6260] [] 1716266891.8510363102
[ 1 -1  1 -1  1 -1  1  1 -1  1  1  1  1  1  1  1  1 -1  1  1  1  1  1 -1
  1  1  1  1  1  1  1  1  1  1] [ 3 10 11 12 13 15 18 19 20 21 23 26 27 28 29 32 34 35 36 37 38 41 42 43
 44 45 46 47 50 51 52 53 54 61] [ 4502  2720  2027 15963 12144 13333  2434  2728  4125  7745 12745  2699
  4956  2535  3908 10195  3891  5972  2623  6473  7379  9480  2462 13693
  2699  3479  5454  4092  7290  7437  4514  3215  5895  6064] [] 1716266891.8940844536
[ 1  1  1  1  1 -1  1  1  1  1 -1  1  1  1  1 -1  1  1  1  1  1  1  1 -1
  1  1 -1  1  1  1 -1  1  1 -1 -1] [ 3 10 11 12 13 15 18 19 20 21 23 26 27 28 29 32 34 35 36 37 38 41 42 43
 44 45 46 47 50 51 52 53 54 60 61] [ 4429  2644  1988 15256 11913 13415  2405  2696  3991  7587 12823  2699
  4767  2497  3823 10418  3747  5510  2514  5885  7204  7960  2378 13983
  2664  3323  5457  3854  6549  7421  4544  3113  5814 12238  6117] [] 1716266891.9370384216
[-1  1 -1  1  1  1  1 -1  1 -1  1 -1  1  1  1  1  1  1  1  1  1  1  1  1
 -1  1  1  1  1  1  1 -1  1  1 -1  1 -1] [ 1  3 10 11 12 13 15 18 19 20 21 23 26 27 28 29 32 34 35 36 37 38 41 42
 43 44 45 46 47 50 51 52 53 54 55 60 61] [16339  3981  2646  1967 14920 11597 13253  2425  2661  4010  6561 13015
  2587  4519  2454  3706 10174  3637  5136  2442  5630  7193  7932  2248
 14055  2576  3307  4954  3761  6064  6910  4768  3071  5809 12619  9078
  6138] [] 1716266891.9800775051
[ 1 -1  1 -1  1 -1  1  1  1  1 -1  1 -1  1 -1 -1  1 -1  1  1  1  1  1 -1
  1  1  1  1  1  1  1  1  1  1  1  1] [ 3 10 11 12 13 15 18 19 20 21 23 26 27 28 29 32 34 35 36 37 38 41 42 43
 44 45 46 47 50 51 52 53 54 55 60 61] [ 3730  2852  1946 15027  7987 14445  2368  2632  3890  6511 13215  2533
  4580  2404  3723 10271  3542  5426  2356  5231  6510  7907  2174 14167
  2514  3138  4936  3737  5876  5935  4725  2992  5795  9685  7597  6094] [] 1716266892.0230572224
[ 1  1  1  1  1 -1  1  1  1  1 -1 -1  1  1  1  1  1  1  1  1  1  1  1 -1
  1  1  1  1  1  1  1  1  1  1  1  1] [ 3 10 11 12 13 15 18 19 20 21 23 26 27 28 29 32 34 35 36 37 38 41 42 43
 44 45 46 47 50 51 52 53 54 55 60 61] [ 3521  2804  1911 13145  7864 14451  2351  2620  3857  6450 13367  2571
  4552  2369  3699 10268  3401  5300  2289  4875  6258  7578  2092 14319
  2344  3083  4863  3436  5392  5892  4620  2916  5607  7962  6547  6075] [] 1716266892.0660643578
[-1 -1  1 -1  1  1  1  1  1  1  1 -1 -1  1  1  1  1 -1 -1  1  1  1  1  1
  1  1  1  1  1  1  1  1  1  1  1  1  1  1] [ 1  2  3 10 11 12 13 15 18 19 20 21 23 26 27 28 29 32 34 35 36 37 38 41
 42 43 44 45 46 47 50 51 52 53 54 55 60 61] [16235 13899  3175  2816  1854 12815  7035 14431  2324  2594  3783  6463
 13531  2468  4528  2304  3699 10329  3413  4928  2212  4363  6170  7277
  2083 14155  2288  3007  4449  3349  5168  5544  4556  2847  5191  6499
  6065  6023] [] 1716266892.1090388298
[ 1  1  1  1  1 -1  1 -1  1  1  1 -1 -1  1  1  1  1  1  1 -1  1  1  1  1
  1 -1  1  1  1 -1  1  1  1  1 -1  1  1 -1] [ 1  2  3 10 11 12 13 15 18 19 20 21 23 26 27 28 29 32 34 35 36 37 38 41
 42 43 44 45 46 47 50 51 52 53 54 55 60 61] [11408 13803  2943  2776  1821 12819  6494 14539  2295  2570  3745  6503
 13563  2455  4464  2260  3666 10122  3151  4936  2144  4117  6114  7228
  2045 14171  2256  2985  4402  3354  5156  5447  4532  2788  5247  6384
  6039  6086] [] 1716266892.1520075798
[ 1 -1  1  1  1  1  1 -1 -1  1  1  1 -1 -1  1 -1  1 -1  1 -1  1 -1 -1  1
  1  1  1  1  1 -1  1  1  1  1  1  1 -1  1  1] [ 1  2  3 10 11 12 13 15 18 19 20 21 23 24 26 27 28 29 32 34 35 36 37 38
 41 42 43 44 45 46 47 50 51 52 53 54 55 60 61] [11194 13839  2918  2761  1797 12766  6485 14541  2310  2557  3730  6429
 13595 13738  2419  4488  2237  3670  9701  3158  4876  2159  4135  6066
  7203  2044 14109  2256  2935  4415  3338  5082  5423  4528  2770  5205
  6400  5900  5985] [] 1716266892.1950688362
[ 1  1  1  1 -1 -1  1 -1  1  1  1 -1  1  1  1  1 -1 -1 -1  1  1  1 -1  1
  1 -1 -1  1  1  1  1 -1  1 -1 -1 -1  1  1  1] [ 1  2  3 10 11 12 13 15 18 19 20 21 23 24 26 27 28 29 32 34 35 36 37 38
 41 42 43 44 45 46 47 50 51 52 53 54 55 60 61] [11173 13695  2888  2740  1823 12847  6475 14607  2277  2554  3696  6459
 13567 13468  2407  4440  2242  3679  9778  3155  4820  2119  4214  5959
  7086  2060 14135  2248  2921  4379  3313  5090  5407  4552  2798  5262
  6336  5863  5960] [] 1716266892.2380077839
[ 1  1 -1 -1  1  1  1  1  1 -1  1  1 -1  1  1 -1 -1  1 -1  1  1  1  1  1
  1  1 -1 -1 -1 -1 -1  1  1  1  1 -1 -1  1 -1] [ 1  2  3 10 11 12 13 15 18 19 20 21 23 24 26 27 28 29 32 34 35 36 37 38
 41 42 43 44 45 46 47 50 51 52 53 54 55 60 61] [11077 13653  2893  2760  1791 12791  6457 14587  2265  2568  3665  6447
 13599 13130  2399  4442  2245  3659  9824  3133  4644  2095  4089  5929
  6965  2035 14223  2272  2971  4384  3320  5056  5395  4464  2742  5274
  6696  5753  5967] [] 1716266892.2810342312
[-1 -1 -1  1 -1  1  1  1 -1  1 -1  1 -1  1  1  1  1 -1 -1 -1  1  1  1 -1
 -1 -1  1  1 -1  1  1 -1 -1  1 -1 -1 -1  1] [ 1  2  3 10 11 12 13 15 18 19 20 21 23 24 26 27 28 29 32 34 35 36 37 38
 41 42 43 44 45 46 47 50 51 52 53 54 60 61] [11083 13659  3014  2736  1811 12607  6438 14525  2290  2555  3666  6377
 13646 12956  2399  4434  2218  3711  9863  3163  4578  2095  4023  5940
  7323  2092 14109  2272  3011  4313  3262  5314  5695  4104  2786  5615
  6485  5918] [] 1716266892.3240153790
[-1 -1 -1  1 -1  1 -1  1  1 -1 -1  1  1 -1  1 -1  1  1 -1  1 -1 -1 -1 -1
 -1  1 -1 -1 -1 -1 -1 -1 -1 -1  1 -1 -1] [ 1  2  3 10 11 12 13 15 18 19 20 21 23 26 27 28 29 32 34 35 36 37 38 41
 42 43 44 45 46 47 50 51 52 53 54 60 61] [16342 13975  3253  2520  1815 12587  6502 13207  2256  2560  3693  6332
 13535  2453  4419  2231  3646  9629  3279  4236  2159  4207  6223  7646
  2179 13639  2330  3087  4480  3526  5518  5879  4120  2941  5545 11234
  5967] [] 1716266892.3670482635
[ 1 -1  1 -1 -1 -1 -1 -1 -1 -1  1  1  1  1 -1  1 -1 -1 -1 -1 -1 -1 -1 -1
 -1 -1 -1 -1 -1 -1 -1 -1 -1 -1  1] [ 1  3 10 11 12 13 15 18 19 20 21 23 26 27 28 29 32 34 35 36 37 38 41 42
 43 44 45 46 47 50 51 52 53 54 61] [15902  3531  2505  1826 12713  7709 13247  2277  2574  3805  6331 13097
  2447  4389  2284  3563 10366  3325  4336  2202  4263  7002  9279  2254
 13713  2384  3213  4623  3676  6380  6991  4128  2994  5620  5929] [] 1716266892.4099895954
[-1 -1 -1 -1 -1 -1 -1  1 -1 -1 -1  1 -1  1 -1 -1  1 -1 -1 -1 -1 -1  1 -1
 -1 -1 -1 -1 -1 -1 -1 -1 -1 -1 -1] [ 1  3 10 11 12 13 15 18 19 20 21 23 26 27 28 29 32 34 35 36 37 38 41 42
 43 44 45 46 47 50 51 52 53 54 61] [16335  4427  2552  1895 15000  7724 13359  2256  2604  3826  6355 13053
  2491  4385  2340  3700 10172  3363  4626  2302  4599  7052  9171  2427
 14041  2559  3445  4852  3996  6806  7270  4506  3090  5818  6155] [] 1716266892.4530460835
[ 1  1 -1 -1  1 -1  1 -1 -1  1 -1  1 -1 -1 -1 -1  1 -1 -1 -1 -1 -1 -1 -1
  1 -1 -1 -1 -1 -1 -1 -1 -1 -1 -1] [ 1  3 10 11 12 13 15 18 19 20 21 23 26 27 28 29 32 34 35 36 37 38 41 42
 43 44 45 46 47 50 51 52 53 54 61] [16235  4397  2596  1901 14936 10090 13325  2282  2612  3793  7262 12924
  2518  4416  2357  3779 10155  3494  5088  2399  5167  8390  9992  2569
 13992  2574  3556  5007  4245  7454  7275  4544  3160  6948  6205] [] 1716266892.4960100651
[-1 -1 -1 -1 -1 -1  1 -1 -1 -1  1  1 -1 -1 -1  1  1 -1 -1 -1  1 -1 -1 -1
  1 -1 -1 -1 -1 -1 -1 -1 -1 -1 -1] [ 1  3 10 11 12 13 15 18 19 20 21 23 26 27 28 29 32 34 35 36 37 38 41 42
 43 44 45 46 47 50 51 52 53 54 61] [16242  4603  2656  1941 14974 11936 13323  2319  2639  4131  7260 12919
  2530  4454  2419  3774 10127  3531  5490  2418  5155  8520 10115  2745
 13795  2697  3768  5234  5035  9833  8214  5133  3508 11380  6511] [] 1716266892.5390279293
[-1  1 -1 -1  1 -1 -1 -1 -1  1 -1  1 -1 -1 -1 -1 -1 -1 -1 -1 -1 -1 -1 -1
 -1 -1 -1 -1 -1 -1 -1 -1 -1] [ 3 10 11 13 15 18 19 20 21 23 26 27 28 29 32 34 35 36 37 38 41 42 43 44
 45 46 47 50 51 52 53 54 61] [ 4643  2642  2038 15820 13055  2513  2741  4198  7280 12673  2687  4370
  2525  3778 10723  3902  5616  2539  5618  8727 14245  3011 13824  2764
  3977  6051  7228 10564  8242  5432  3716 11941  6743] [] 1716266892.5820000172
[-1 -1 -1  1 -1  1 -1  1 -1 -1 -1 -1  1 -1 -1  1 -1 -1 -1 -1 -1 -1 -1 -1
 -1  1 -1 -1 -1 -1] [ 3 10 11 15 18 19 20 21 23 26 27 28 29 32 34 35 36 37 38 41 42 43 44 45
 46 51 52 53 54 61] [ 4685  2644  2068 12963  2543  2739  4224  7186 12697  2737  4392  2528
  3777 13973  4079  5560  2596  5746 10201 14478  3370 13913  2980  4798
  6081  8194  6336  4121 13141  7053] [] 1716266892.6250004768
[-1 -1 -1  1 -1 -1 -1 -1  1 -1  1 -1 -1 -1 -1 -1  1 -1 -1  1  1 -1 -1  1
 -1  1] [ 3 10 11 15 18 19 20 21 23 26 27 28 29 34 35 36 37 41 42 43 44 45 46 51
 52 53] [ 4903  2676  2147 12763  2642  2798  4409  8210 12623  2884  4389  2597
  3812  4479  5996  2845  5599 15001  3638 13794  2960  5037  6768  8187
  7573  4028] [] 1716266892.6680235863
[-1 -1 -1  1 -1  1 -1 -1  1 -1 -1 -1  1 -1 -1 -1 -1 -1 -1 -1 -1 -1 -1 -1
 -1] [ 3 10 11 15 18 19 20 21 23 26 27 28 29 34 35 36 37 42 43 44 45 46 51 52
 53] [ 5173  2752  2208 12719  2763  2793  4525  8310 12523  2999  4421  2678
  3734  4667  6014  2943  5789  4005 13869  3096  5180  6814  8394 10741
  4591] [] 1716266892.7109699249
[-1 -1 -1 -1 -1 -1 -1  1 -1 -1 -1 -1 -1 -1 -1 -1 -1 -1 -1 -1 -1 -1 -1 -1] [ 3 10 11 15 18 19 20 21 23 26 27 28 29 34 35 36 37 42 44 45 46 51 52 53] [12883  2884  2209 12835  2931  2835  4710  8191 12550  3075  4518  2747
  3781  5621  6096  3281  5953  5180  3318  5746  7830 11072 13807  6187] [] 1716266892.7539515495
[-1 -1 -1 -1 -1 -1 -1 -1 -1 -1 -1 -1 -1 -1 -1 -1 -1 -1 -1 -1 -1 -1] [10 11 15 18 19 20 21 23 26 27 28 29 34 35 36 37 42 44 45 46 51 53] [ 3028  2346 12863  3184  2863  4969  9325 12679  3357  4674  2860  3867
  6069  6673  3706  7126  5325  3362  5782  8006 11346  8213] [] 1716266892.7969558239
[-1 -1 -1 -1 -1 -1  1 -1 -1  1 -1 -1 -1 -1 -1 -1 -1 -1 -1 -1 -1] [10 11 15 18 19 20 21 23 26 27 28 29 34 35 36 37 42 44 45 46 53] [ 3056  2477 12971  3258  2903  5023  9275 12711  3429  4655  2899  3927
  6111  6868  3774  7621  7764  3505  5898  8300 10041] [] 1716266892.8399577141
[-1 -1  1 -1 -1 -1  1 -1 -1 -1 -1 -1 -1  1 -1 -1 -1 -1  1  1] [10 11 15 18 19 20 21 23 26 27 28 29 34 35 36 37 42 44 45 46] [ 3064  2578 12588  3487  3043  5267  9275 12797  3817  4817  3079  4023
  6212  6654  4206  8585  8571  3666  5853  8236] [] 1716266892.8829798698
[-1 -1 -1 -1 -1 -1 -1 -1 -1 -1 -1 -1 -1 -1 -1 -1 -1 -1 -1] [10 11 15 18 19 20 21 23 26 27 28 29 34 35 36 37 42 44 45] [ 3289  2657 12599  4106  3047  5574  9330 12891  3987  5360  3167  4123
  6377  6776  4518  8685  8819  3736  5903] [] 1716266892.9259071350
[-1 -1 -1 -1 -1 -1 -1  1 -1 -1 -1  1 -1 -1 -1  1 -1 -1 -1] [10 11 15 18 19 20 21 23 26 27 28 29 34 35 36 37 42 44 45] [ 3361  2891 12624  4141  3085  5827  9364 12851  4274  6097  3281  4110
  6583  6881  4902  8603 11374  4042  6199] [] 1716266892.9689400196
[-1 -1  1 -1 -1 -1  1 -1 -1 -1 -1 -1 -1 -1 -1 -1 -1 -1] [10 11 15 18 19 20 21 23 26 27 28 29 34 35 36 37 44 45] [ 3716  3163 12622  4344  3226  7246  9359 12910  6025  6303  3428  4487
  7549  7204  5479  8739  4275  6332] [] 1716266893.0119371414
[ 1 -1 -1 -1 -1 -1  1 -1 -1  1 -1 -1 -1 -1 -1 -1 -1 -1] [10 11 15 18 19 20 21 23 26 27 28 29 34 35 36 37 44 45] [ 3616  3431 12801  5050  3229  8872  9349 13042  6193  6287  3582  4663
  8685  8794  5882  9391  4774  6661] [] 1716266893.0549101830
[-1 -1  1 -1 -1 -1 -1 -1 -1 -1 -1 -1 -1 -1 -1 -1 -1 -1] [10 11 15 18 19 20 21 23 26 27 28 29 34 35 36 37 44 45] [ 3812  4140 12725  5439  3334  8969  9422 13858  6811  6429  3782  5627
  8809  8860  7251 10365  5867 10853] [] 1716266893.0979225636
[-1 -1 -1 -1 -1 -1 -1 -1 -1 -1 -1 -1 -1 -1 -1 -1] [10 11 15 18 19 20 21 26 27 28 29 34 35 36 37 44] [ 3953  4358 12876  6424  3402  9094  9503  7677  6448  4043  5727  8811
  9817  8551 12927  6735] [] 1716266893.1410510540
[-1 -1 -1 -1 -1  1 -1 -1 -1 -1 -1 -1 -1] [10 11 18 19 20 21 26 27 28 29 35 36 44] [ 4368  5703  6643  3549  9154  9477  7715  6966  4569  7455 14081 10107
  7076] [] 1716266893.1843609810
[-1 -1 -1 -1 -1 -1 -1 -1 -1 -1 -1 -1 -1] [10 11 18 19 20 21 26 27 28 29 35 36 44] [ 4603  6218  6881  3688  9265  9524  7889  7280  4942  7941 14190 10465
  9160] [] 1716266893.2268972397
[-1 -1 -1 -1 -1 -1 -1 -1 -1 -1 -1 -1 -1] [10 11 18 19 20 21 26 27 28 29 35 36 44] [ 4972  7538 10172  3764  9374  9781  8002  7454  5543  8329 14791 13645
 12254] [] 1716266893.2699346542
[-1 -1 -1 -1 -1 -1 -1  1 -1 -1 -1] [10 11 18 19 20 21 26 27 28 29 44] [ 5650  8532 10704  3934  9620  9847  8313  7428  6900  8372 12614] [] 1716266893.3128871918
[-1 -1 -1 -1 -1 -1 -1 -1 -1 -1 -1] [10 11 18 19 20 21 26 27 28 29 44] [ 6212  8642 10846  4135  9859 10019  8379  7609 10376 10121 13130] [] 1716266893.3559079170
[-1 -1 -1 -1 -1 -1 -1 -1 -1 -1] [10 11 19 20 21 26 27 28 29 44] [ 6561  8699  4313 10273 10271  8787  7720 10602 10369 13303] [] 1716266893.3988690376
[-1  1 -1 -1 -1 -1  1 -1] [10 11 19 20 21 27 28 29] [ 7039  8641  4483 10640 10533  7722 10407 10753] [] 1716266893.4418365955
[-1 -1 -1 -1 -1 -1 -1 -1] [10 11 19 20 21 27 28 29] [ 7993  8809  4957 11322 10622  8511 10467 10919] [] 1716266893.4849374294
[-1 -1 -1 -1 -1 -1 -1 -1] [10 11 19 20 21 27 28 29] [ 8185  8981  6268 11849 10941  8921 10780 11167] [] 1716266893.5278952122
[-1 -1 -1 -1 -1 -1 -1 -1] [10 11 19 20 21 27 28 29] [ 8616  9171  7746 12628 11364  9635 11010 11772] [] 1716266893.5708401203
[-1 -1 -1 -1 -1 -1 -1] [10 11 19 20 21 27 28] [13536  9478 10324 13420 11533  9682 11283] [] 1716266893.6138374805
[-1 -1 -1 -1 -1 -1] [10 11 19 20 27 28] [14264  9958 10615 15832 11483 11327] [] 1716266893.6569266319
[1 1] [11 28] [ 9644 11011] [] 1716266893.7001698017
[1] [28] [10807] [] 1716266893.7426481247
[-1] [28] [11716] [] 1716266893.7858309746
2 2 2 1716266893.9580531120
