FA TAX ADC PRES TS
[-1 -1 -1] [11 19 28] [10855 11115 11981] [] 1716267454.5204646587
[1 1 1] [11 19 28] [10367 10785 11838] [] 1716267454.5636439323
[1 1 1] [11 19 28] [ 9797 10305 11354] [] 1716267454.6066572666
[-1 -1 -1 -1 -1] [11 19 20 27 28] [10190 10763 14686 13159 11830] [] 1716267454.6496529579
[ 1  1  1  1  1 -1] [11 19 20 27 28 29] [ 9558  9485 14487 12703 11369 11776] [] 1716267454.6925268173
[ 1  1  1 -1 -1  1  1] [11 19 20 21 27 28 29] [ 9164  7689 14471 13593 12742 11071 11491] [] 1716267454.7356753349
[-1 -1  1  1  1 -1 -1 -1  1] [10 11 19 20 21 26 27 28 29] [16064  9255  7037 13283 11448 12341 13154 11175 11199] [] 1716267454.7787039280
[ 1  1 -1  1  1  1  1  1 -1  1] [10 11 18 19 20 21 26 27 28 29] [13399  9151 11948  5975 12463 10954  9550 13147 11242 10947] [] 1716267454.8216874599
[-1  1  1  1  1  1  1  1  1  1 -1] [10 11 18 19 20 21 26 27 28 29 44] [13416  8025 10950  5356 12081 10731  9305 12921 10797 10824 13752] [] 1716267454.8645544052
[ 1  1  1  1  1  1  1  1 -1  1 -1  1] [10 11 18 19 20 21 26 27 28 29 35 44] [12094  6623 10770  5183 11701 10602  8957  9513 10815 10658 16354 13145] [] 1716267454.9078271389
[ 1  1  1  1  1  1  1  1  1  1  1  1 -1] [10 11 18 19 20 21 26 27 28 29 35 44 45] [10509  5867 10399  4714 11025 10545  8439  8861 10595 10411 15995  9802
 12003] [] 1716267454.9506726265
[1 1 1 1 1 1 1 1 1 1 1 1 1] [10 11 18 19 20 21 26 27 28 29 35 44 45] [10150  4859  8857  4394 10308 10309  8343  8762  7817  9847 10857  9109
 11924] [] 1716267454.9936294556
[ 1  1  1  1  1  1 -1  1  1  1 -1  1  1  1] [10 11 18 19 20 21 26 27 28 29 34 35 44 45] [ 9812  4218  8832  4327 10126 10084  8412  8686  6618  7908 10256 10339
  7317  9732] [] 1716267455.0367789268
[ 1  1  1  1 -1  1 -1  1  1  1 -1  1  1 -1  1  1] [10 11 18 19 20 21 23 26 27 28 29 34 35 42 44 45] [ 7997  3881  8603  4134 10175  9897 15792  8202  8587  5531  7940  9834
  9449 12755  6094  6758] [] 1716267455.0797462463
[ 1  1  1  1  1  1  1  1  1  1  1  1  1 -1  1  1  1] [10 11 18 19 20 21 23 26 27 28 29 34 35 36 42 44 45] [ 7070  3663  8360  3919 10172  9776 13302  8102  8453  4863  7927  8494
  9185 15310 12567  5616  6554] [] 1716267455.1227943897
[ 1  1 -1  1  1  1  1  1  1  1  1  1  1  1  1 -1  1  1  1] [10 11 15 18 19 20 21 23 26 27 28 29 34 35 36 37 42 44 45] [ 6759  3423 15545  6059  3826 10122  9667 13041  6453  8338  4431  7516
  8251  8993 13360 16373 12036  5059  6365] [] 1716267455.1657924652
[ 1  1  1  1  1  1 -1  1  1  1  1  1  1  1  1  1  1  1  1 -1] [10 11 15 18 19 20 21 23 26 27 28 29 34 35 36 37 42 44 45 53] [ 5965  3161 13660  5250  3736  7963  9790 12927  5859  8181  4040  7472
  7899  8212 10951 13928  5999  4274  6315  9143] [] 1716267455.2086019516
[ 1  1  1  1  1  1 -1  1  1  1  1  1  1  1  1  1  1  1  1  1] [10 11 15 18 19 20 21 23 26 27 28 29 34 35 36 37 42 44 45 53] [ 5041  3025 12828  4799  3578  7813  9808 12748  5351  8133  3691  4753
  6966  7553  9309 13688  5343  3960  6068  7110] [] 1716267455.2517628670
[ 1  1 -1  1  1  1 -1  1  1 -1  1  1  1  1  1  1  1  1  1 -1  1] [10 11 15 18 19 20 21 23 26 27 28 29 34 35 36 37 42 44 45 46 53] [ 4769  2984 12843  4627  3492  6590  9859 12733  5011  8186  3460  4675
  6619  7329  8012 13366  4542  3739  5985  9979  6014] [] 1716267455.2947564125
[-1  1  1 -1  1  1  1  1 -1  1  1  1  1  1  1  1  1  1  1  1  1  1] [ 3 10 11 15 18 19 20 21 23 26 27 28 29 34 35 36 37 42 44 45 46 53] [13648  4448  2946 12882  3971  3410  6415  9683 13035  4567  7977  3235
  4513  5500  7212  6923 13137  3817  3466  5532  9817  5010] [] 1716267455.3377637863
[ 1 -1  1 -1  1  1  1 -1  1  1  1  1  1  1  1  1  1  1  1  1  1 -1 -1  1] [ 3 10 11 15 18 19 20 21 23 26 27 28 29 34 35 36 37 42 44 45 46 51 52 53] [10157  4464  2879 13071  3589  3326  5928  9752 12862  3999  7096  3009
  4479  5236  7172  6147 12946  3372  3298  5006  8458 11195 14951  4627] [] 1716267455.3806080818
[ 1  1  1 -1  1  1  1 -1 -1  1  1  1  1  1 -1  1  1  1  1  1  1  1  1  1] [ 3 10 11 15 18 19 20 21 23 26 27 28 29 34 35 36 37 42 44 45 46 51 52 53] [ 5965  4212  2768 13173  3563  3223  5588  9763 12880  3827  7009  2870
  4303  5164  7555  5234 12608  3327  3215  4398  8429 11016 13867  4425] [] 1716267455.4237375259
[ 1  1  1  1  1  1  1  1  1  1  1  1  1  1  1  1  1  1  1  1  1 -1  1  1
 -1 -1 -1] [ 3 10 11 15 18 19 20 21 23 26 27 28 29 34 35 36 37 42 44 45 46 47 51 52
 53 54 61] [ 5521  4109  2670 13127  3465  3215  5083  9741 12752  3724  6673  2812
  4225  5125  7089  5044 12544  3146  3116  4145  7609  8918 10838 12435
  4572 12503  7668] [] 1716267455.4667537212
[ 1  1  1 -1 -1  1  1 -1  1  1 -1  1 -1  1  1  1  1 -1  1  1  1  1  1  1
  1  1  1  1] [ 3 10 11 15 18 19 20 21 23 26 27 28 29 34 35 36 37 38 42 44 45 46 47 51
 52 53 54 61] [ 5281  3972  2596 13407  3471  3139  4958  9878 12729  3583  6695  2733
  4282  4931  6950  4528 12466 14449  2972  2845  3796  7264  6932 10602
 11389  4341 11891  6948] [] 1716267455.5097956657
[ 1  1  1 -1  1  1  1  1 -1  1  1  1  1  1  1  1  1  1 -1  1  1  1  1  1
  1  1  1  1  1] [ 3 10 11 15 18 19 20 21 23 26 27 28 29 34 35 36 37 38 41 42 44 45 46 47
 51 52 53 54 61] [ 5091  3892  2527 13711  3321  3004  4749  9715 12757  3457  6684  2651
  4217  4924  6675  4115 11704 14115 14449  2825  2736  3677  6918  5194
 10560  9340  4228  8878  6656] [] 1716267455.5526349545
[ 1  1  1 -1  1  1  1 -1 -1  1 -1  1  1 -1  1  1  1  1 -1  1  1  1  1  1
  1 -1  1  1  1  1] [ 3 10 11 15 18 19 20 21 23 26 27 28 29 32 34 35 36 37 38 41 42 44 45 46
 47 51 52 53 54 61] [ 4945  3840  2445 13743  3251  2950  4257  9728 12783  3307  6897  2474
  4210 11631  4819  6012  3857 10904 14229 14327  2630  2688  3546  6826
  4859 10594  8792  3751  7483  6416] [] 1716267455.5959222317
[ 1  1  1 -1  1  1  1  1 -1  1 -1  1  1 -1  1  1  1 -1  1  1 -1  1  1  1
  1 -1  1  1  1  1  1] [ 3 10 11 15 18 19 20 21 23 26 27 28 29 32 34 35 36 37 38 41 42 44 45 46
 47 50 51 52 53 54 61] [ 4830  3793  2387 13895  3003  2861  4175  9036 12795  3089  6923  2422
  3893 12235  4490  5205  3729 11018 11071 14263  2683  2632  3318  6815
  4632  9455  8286  7336  3723  6005  6342] [] 1716267455.6388199329
[ 1  1  1 -1 -1  1  1  1  1 -1  1  1  1  1  1  1 -1  1  1  1  1  1  1  1
  1  1  1  1  1  1  1  1] [ 3 10 11 12 15 18 19 20 21 23 26 27 28 29 32 34 35 36 37 38 41 42 44 45
 46 47 50 51 52 53 54 61] [ 4759  3756  2321 16014 14111  2909  2784  3886  8257 12831  3007  6578
  2356  3830 11163  4383  5798  3460 10571 10797 13797  2440  2565  3138
  6330  4311  8758  8093  6938  3432  4981  6210] [] 1716267455.6818063259
[ 1  1  1  1 -1  1  1  1  1 -1  1  1  1  1  1  1  1  1  1  1  1  1  1  1
  1  1 -1  1  1  1  1 -1  1] [ 3 10 11 12 15 18 19 20 21 23 26 27 28 29 32 34 35 36 37 38 41 42 44 45
 46 47 50 51 52 53 54 60 61] [ 4709  3729  2253 15390 14197  2753  2744  3601  7246 13048  2961  6466
  2244  3775 10291  4156  5408  3190  8970  9296 13617  2426  2518  3002
  6275  4106  8762  6865  6828  3272  4667 13813  6172] [] 1716267455.7248086929
[ 1  1  1 -1 -1 -1 -1  1  1  1 -1  1  1  1  1  1 -1  1  1  1  1  1  1  1
  1  1  1  1  1  1 -1  1  1 -1  1  1] [ 3 10 11 12 13 15 18 19 20 21 23 26 27 28 29 32 33 34 35 36 37 38 41 42
 44 45 46 47 50 51 52 53 54 55 60 61] [ 4417  3660  2202 15408 14933 14607  2791  2740  3356  7129 13116  2875
  6297  2203  3481 10047 16361  3903  4880  3112  8638  8276 13081  2289
  2495  2930  5639  4039  7786  6722  7726  3156  4428 11191 12970  6146] [] 1716267455.7678079605
[ 1 -1  1  1  1 -1  1  1  1  1  1  1  1  1  1  1  1  1 -1  1  1  1  1  1
  1  1  1  1  1  1  1  1  1  1  1  1] [ 3 10 11 12 13 15 18 19 20 21 23 26 27 28 29 32 33 34 35 36 37 38 41 42
 44 45 46 47 50 51 52 53 54 55 60 61] [ 4327  3940  2084 15287 14745 16223  2651  2656  3120  6561 13039  2807
  6110  2157  3130  9438 14945  3787  4981  2794  8494  8203 12784  2202
  2334  2785  5256  3880  6608  6614  7652  3074  4259  7172  9639  6116] [] 1716267455.8109006882
[-1  1  1 -1  1  1  1  1 -1  1  1 -1 -1  1  1  1  1 -1 -1  1  1  1  1  1
  1  1  1  1  1  1  1  1  1  1  1  1  1  1] [ 1  3 10 11 12 13 15 18 19 20 21 23 24 26 27 28 29 32 33 34 35 36 37 38
 41 42 44 45 46 47 50 51 52 53 54 55 60 61] [15891  4115  3752  2103 15215 13975 16173  2540  2667  3029  6508 13074
 14040  2739  5832  2129  3100  9502 15314  3603  4812  2720  8229  6898
 12701  2175  2306  2677  5149  3625  5481  5971  7122  2973  4025  5740
  8289  6047] [] 1716267455.8538410664
[ 1  1  1  1  1 -1  1  1  1  1 -1 -1  1  1  1  1  1  1  1  1 -1  1  1  1
 -1  1 -1  1  1  1  1  1  1  1  1  1  1  1] [ 1  3 10 11 12 13 15 18 19 20 21 23 24 26 27 28 29 32 33 34 35 36 37 38
 41 42 44 45 46 47 50 51 52 53 54 55 60 61] [15523  3565  3584  1974 14503 14052 15527  2539  2586  2974  6983 13216
 11776  2663  5208  2071  3066  9448 15180  3471  4849  2599  7619  6212
 12736  2080  2314  2559  5055  3600  5380  5763  6321  2756  3925  4512
  7658  5985] [] 1716267455.8968288898
[ 1  1  1  1 -1  1  1  1  1  1  1 -1  1  1  1  1  1 -1  1  1  1  1  1  1
  1 -1 -1  1  1  1  1  1  1  1  1  1  1  1 -1] [ 1  3 10 11 12 13 15 18 19 20 21 23 24 26 27 28 29 32 33 34 35 36 37 38
 41 42 43 44 45 46 47 50 51 52 53 54 55 60 61] [15398  3525  3552  1958 14599 13937 14781  2458  2523  2928  5947 13499
 11624  2582  5120  2054  3034  9494 13103  3275  4656  2499  6762  4608
  9020  2085 13163  2266  2435  4927  3194  4848  5249  5612  2663  3799
  3736  6877  5987] [] 1716267455.9400386810
[ 1 -1  1  1  1  1 -1  1  1  1  1 -1  1  1  1  1  1  1  1  1  1  1  1  1
 -1  1  1  1  1 -1  1 -1  1  1  1  1  1  1  1 -1] [ 1  3 10 11 12 13 15 18 19 20 21 23 24 26 27 28 29 32 33 34 35 36 37 38
 41 42 43 44 45 46 47 48 50 51 52 53 54 55 60 61] [12682  3541  3522  1914 12923 11735 14799  2417  2474  2876  5631 13611
 11421  2443  5097  1991  2968  9003 12648  3210  4482  2373  6445  4443
  9083  2037 11543  2218  2393  4971  3149 12413  4712  5109  5290  2526
  3667  3642  6676  6020] [] 1716267455.9828293324
[ 1  1 -1 -1  1  1  1  1  1  1  1 -1  1 -1  1  1  1  1  1  1  1  1  1  1
  1  1  1  1  1 -1  1  1  1  1 -1  1  1  1  1  1] [ 1  3 10 11 12 13 15 18 19 20 21 23 24 26 27 28 29 32 33 34 35 36 37 38
 41 42 43 44 45 46 47 48 50 51 52 53 54 55 60 61] [ 8704  3383  3584  1915 11583 11358 14735  2368  2462  2832  5494 13671
 11348  2495  5082  1960  2911  8938 12500  3143  4354  2280  6221  4390
  9006  2002 11047  2216  2367  5029  3083 11936  4688  5033  5386  2507
  3631  3592  6507  5998] [] 1716267456.0259292126
[ 1 -1  1 -1  1  1  1  1 -1  1 -1  1  1  1  1 -1  1  1  1  1 -1  1 -1  1
  1  1  1 -1 -1  1  1  1  1  1  1  1 -1  1  1  1] [ 1  3 10 11 12 13 15 18 19 20 21 23 24 26 27 28 29 32 33 34 35 36 37 38
 41 42 43 44 45 46 47 48 50 51 52 53 54 55 60 61] [ 8412  3412  3532  1931 11575  9611 14719  2364  2492  2788  5529 13575
 10837  2455  5056  1965  2871  8923 12484  3107  4360  2262  6251  4311
  8807  1994 10471  2228  2391  4958  3037 11768  4680  5018  5294  2476
  3663  3538  6396  5960] [] 1716267456.0689587593
[ 1 -1  1  1  1 -1  1  1  1 -1 -1 -1  1 -1  1  1  1 -1  1  1  1  1  1  1
  1 -1  1  1  1 -1 -1  1  1  1  1 -1  1  1  1  1] [ 1  3 10 11 12 13 15 18 19 20 21 23 24 26 27 28 29 32 33 34 35 36 37 38
 41 42 43 44 45 46 47 48 50 51 52 53 54 55 60 61] [ 8348  3459  3500  1875 11415  9654 14715  2359  2448  2813  5565 13623
 10157  2463  5000  1927  2863  8951 12409  3095  4288  2228  5887  4292
  8785  1998 10246  2196  2343  4962  3076 11656  4640  5016  5286  2491
  3633  3522  6395  5949] [] 1716267456.1119608879
[ 1  1 -1  1 -1  1 -1  1  1  1 -1  1  1  1  1  1  1  1  1  1 -1 -1  1 -1
  1 -1 -1 -1 -1  1  1  1 -1 -1 -1  1 -1 -1  1] [ 1  3 10 11 12 13 15 18 19 20 21 23 24 26 27 28 29 32 33 34 35 36 37 38
 41 42 43 44 45 46 47 50 51 52 53 54 55 60 61] [ 8261  3382  3540  1855 11479  9590 14731  2351  2441  2736  5685 13567
 10126  2423  4950  1924  2819  8928 12402  3047  4296  2254  5855  4316
  8783  2047 10347  2208  2371  4921  2997  4596  5093  5294  2507  3619
  4100  6497  5917] [] 1716267456.1549246311
[-1 -1  1  1  1 -1  1  1 -1 -1 -1 -1 -1  1 -1 -1 -1  1 -1 -1 -1  1 -1 -1
  1 -1 -1 -1 -1  1 -1 -1 -1 -1 -1 -1 -1 -1 -1] [ 1  3 10 11 12 13 15 18 19 20 21 23 24 26 27 28 29 32 33 34 35 36 37 38
 41 42 43 44 45 46 47 50 51 52 53 54 55 60 61] [14470  3495  3512  1839 11463  9766 14591  2341  2479  2778  5711 13627
 11149  2399  4996  1965  2875  8916 12454  3058  4300  2228  5916  5093
  8750  2078 10457  2240  2423  4915  3132  4760  5847  5334  2540  3755
  5420  6537  5976] [] 1716267456.1979362965
[-1  1 -1 -1 -1 -1 -1  1 -1  1  1  1 -1 -1  1 -1  1 -1 -1 -1 -1 -1 -1  1
 -1 -1  1 -1 -1 -1 -1  1 -1 -1 -1 -1 -1 -1] [ 3 10 11 12 13 15 18 19 20 21 23 24 26 27 28 29 32 33 34 35 36 37 38 41
 42 43 44 45 46 47 50 51 52 53 54 55 60 61] [ 3591  3488  1849 12203 11694 14663  2399  2460  2805  5670 13547 11135
  2517  5016  1937  2907  8863 12568  3147  4324  2362  6255  5522  8719
  2190 13725  2240  2431  4941  3447  5025  5829  5416  2622  3935  6770
  8512  6026] [] 1716267456.2407033443
[-1 -1 -1 -1 -1  1  1 -1 -1  1 -1 -1 -1 -1 -1 -1 -1 -1 -1 -1 -1 -1 -1 -1
 -1 -1  1 -1  1  1 -1 -1  1 -1  1 -1  1] [ 3 10 11 12 13 15 18 19 20 21 23 24 26 27 28 29 32 33 34 35 36 37 38 41
 42 43 44 45 46 47 50 51 52 53 54 60 61] [ 3759  3516  1878 12252 12000 14647  2377  2464  2811  5515 13567 11251
  2533  5304  1960  2943  9309 12714  3258  4352  2439  6641  6333  9451
  2204 14455  2232  2495  4852  3424  5617  5970  5204  2658  3855 11929
  5979] [] 1716267456.2838871479
[-1  1 -1 -1 -1  1 -1 -1  1 -1  1 -1 -1 -1 -1 -1  1 -1 -1  1 -1 -1 -1 -1
 -1 -1 -1 -1 -1 -1 -1 -1 -1 -1 -1  1] [ 3 10 11 12 13 15 18 19 20 21 23 24 26 27 28 29 32 33 34 35 36 37 38 41
 42 43 44 45 46 47 50 51 52 53 54 61] [ 4169  3240  1919 14483 12034 13435  2406  2529  2770  6315 13258 12229
  2551  5657  2024  3007  9305 12804  3477  4008  2501  7151  7731 12752
  2248 16111  2239  2568  5103  3816  7254  6573  6282  2780  3999  5877] [] 1716267456.3268942833
[-1 -1 -1  1 -1 -1  1 -1 -1 -1  1 -1  1 -1 -1  1 -1 -1 -1 -1 -1 -1 -1  1
 -1 -1 -1 -1 -1 -1 -1 -1 -1 -1] [ 3 10 11 12 13 15 18 19 20 21 23 26 27 28 29 32 33 34 35 36 37 38 41 42
 44 45 46 47 50 51 52 53 54 61] [ 4538  3312  1963 14476 13795 13515  2385  2567  2829  6417 13047  2572
  5591  2090  3176  9246 14690  3714  4130  2558  7725  8012 12831  2190
  2335  2690  5351  4128 15332  6611  6492  3119  4684  6160] [] 1716267456.3698782921
[-1 -1  1 -1 -1 -1 -1 -1 -1 -1  1 -1 -1 -1 -1 -1 -1 -1 -1 -1 -1 -1 -1 -1
 -1 -1 -1  1 -1 -1 -1 -1] [ 3 10 11 12 13 15 18 19 20 21 23 26 27 28 29 32 34 35 36 37 38 41 42 44
 45 46 47 51 52 53 54 61] [ 4578  3336  1957 15050 14243 13963  2463  2602  2845  6543 12999  2655
  5720  2101  3212  9312  3826  4194  2732  8065  8033 13734  2251  2468
  2856  5487  4534  6514  7031  3340  7147  6409] [] 1716267456.4127802849
[-1  1 -1  1 -1  1 -1 -1 -1  1  1 -1 -1 -1 -1 -1 -1 -1 -1 -1 -1 -1 -1 -1
 -1 -1 -1 -1 -1 -1 -1 -1] [ 3 10 11 12 13 15 18 19 20 21 23 26 27 28 29 32 34 35 36 37 38 41 42 44
 45 46 47 51 52 53 54 61] [ 4619  3290  2071 14816 14512 13567  2559  2648  2873  6411 12969  2679
  5727  2173  3629 10171  4238  4324  2869  8172  8555 14143  2346  2606
  3142  6538  4758  6789  7086  3531 11279  6608] [] 1716267456.4558451176
[-1 -1 -1 -1  1 -1 -1 -1 -1  1 -1 -1 -1 -1  1 -1 -1 -1 -1 -1 -1 -1 -1 -1
 -1 -1 -1 -1 -1 -1] [ 3 10 11 12 15 18 19 20 21 23 26 27 28 29 32 34 35 36 37 38 42 44 45 46
 47 51 52 53 54 61] [ 4829  3364  2115 15008 13399  2628  2672  2989  7300 12963  2853  6057
  2201  4008 10092  4296  4484  2995  8174  8666  2514  2771  3487  6699
  7963  8065  8670  3812 11935  6998] [] 1716267456.4988973141
[-1 -1 -1  1 -1 -1 -1 -1 -1 -1 -1 -1 -1 -1 -1 -1 -1 -1  1 -1 -1  1  1 -1
  1  1] [ 3 10 11 15 18 19 20 21 23 26 27 28 29 32 34 35 36 37 38 42 44 45 46 51
 52 53] [ 5152  3473  2249 13211  2740  2762  3496  7727 13015  2914  6093  2261
  4101 10478  4599  4892  3123  8640  8502  2572  2844  3463  6393  8067
  8065  3658] [] 1716267456.5418143272
[-1 -1  1  1 -1  1 -1 -1  1 -1  1 -1  1 -1 -1 -1 -1 -1 -1 -1 -1 -1 -1 -1
 -1] [ 3 10 11 15 18 19 20 21 23 26 27 28 29 34 35 36 37 38 42 44 45 46 51 52
 53] [ 6312  3560  2207 13083  2815  2724  3527  9324 12925  3036  6031  2347
  3999  4767  5018  3221  8960  9889  2790  2927  3684  6547 10572 10489
  3784] [] 1716267456.5847625732
[-1 -1 -1 -1 -1 -1 -1 -1 -1 -1 -1 -1 -1 -1  1 -1 -1 -1 -1 -1 -1 -1 -1 -1] [ 3 10 11 15 18 19 20 21 23 26 27 28 29 34 35 36 37 38 42 44 45 46 52 53] [14340  3664  2240 13151  3141  2815  3645  9448 12933  3155  6082  2449
  4071  4804  4869  3414 10886 10105  3290  3027  4150 10412 12719  4422] [] 1716267456.6277661324
[-1 -1  1 -1 -1  1  1  1 -1 -1 -1 -1 -1 -1 -1 -1 -1 -1 -1 -1  1 -1 -1] [10 11 15 18 19 20 21 23 26 27 28 29 34 35 36 37 38 42 44 45 46 52 53] [ 3696  2405 13151  3263  2890  3613  9376 12737  3300  6295  2527  4134
  5071  5004  3854 11896 14227  3649  3115  4264  8731 14877  5124] [] 1716267456.6708083153
[-1 -1  1 -1 -1 -1 -1 -1 -1 -1 -1 -1 -1  1 -1  1 -1 -1 -1 -1 -1] [10 11 15 18 19 20 21 23 26 27 28 29 34 35 36 37 42 44 45 46 53] [ 3780  2474 13139  3359  2956  3637  9427 12936  3516  6297  2583  4164
  5570  5004  4038 11558  5092  3301  4753 12963  6321] [] 1716267456.7138562202
[-1 -1  1 -1 -1 -1  1  1 -1 -1 -1 -1 -1 -1 -1  1 -1 -1 -1 -1] [10 11 15 18 19 20 21 23 26 27 28 29 34 35 36 37 42 44 45 53] [ 3912  2515 13119  3407  3123  3691  9347 12822  3645  6741  2649  4185
  5657  5872  4523 11507 11063  3364  5503 14795] [] 1716267456.7568514347
[-1 -1  1 -1 -1 -1  1  1 -1  1 -1 -1 -1 -1 -1 -1 -1 -1 -1] [10 11 15 18 19 20 21 23 26 27 28 29 34 35 36 37 42 44 45] [ 3930  2654 12553  3645  3241  4220  9307 12684  3929  6738  2776  4209
  5722  6202  5035 12226 15837  3672  5863] [] 1716267456.7997903824
[-1 -1 -1 -1 -1 -1 -1 -1 -1  1 -1 -1 -1 -1 -1 -1 -1 -1] [10 11 15 18 19 20 21 23 26 27 28 29 34 35 36 37 44 45] [ 4429  2772 12807  3975  3319  4735  9394 12716  4591  6676  2944  4361
  6559  6346  5897 12848  3794  5986] [] 1716267456.8427989483
[-1 -1 -1 -1 -1 -1  1 -1 -1 -1 -1 -1  1 -1 -1 -1 -1 -1] [10 11 15 18 19 20 21 23 26 27 28 29 34 35 36 37 44 45] [ 4469  2793 13049  4145  3347  4739  9390 12756  4723  6794  3022  4434
  6522  6362  6461 12866  4190  6235] [] 1716267456.8858129978
[-1 -1 -1  1 -1  1  1 -1 -1 -1 -1 -1 -1 -1  1 -1 -1] [10 11 18 19 20 21 23 26 27 28 29 34 35 36 37 44 45] [ 4822  2824  4222  3339  4922  9376 12746  5169  6947  3130  4751  7828
  6485  7230 12845  4897  6829] [] 1716267456.9287154675
[-1 -1 -1 -1 -1  1 -1 -1 -1 -1 -1 -1 -1 -1 -1 -1 -1] [10 11 18 19 20 21 23 26 27 28 29 34 35 36 37 44 45] [ 5472  2931  5016  3475  6034  9371 12915  5673  7842  3477  7091  8006
  7039  9014 13375  5754 11902] [] 1716267456.9719004631
[-1 -1 -1 -1 -1 -1 -1 -1 -1 -1  1 -1 -1 -1 -1 -1] [10 11 18 19 20 21 23 26 27 28 29 34 35 36 44 45] [ 5838  3149  5317  3619  6334  9499 12930  6606  7999  3701  7037  8355
  7069 12123  7977 12472] [] 1716267457.0148341656
[-1 -1 -1 -1 -1 -1 -1 -1 -1 -1 -1 -1 -1  1 -1] [10 11 18 19 20 21 23 26 27 28 29 34 35 36 44] [ 6160  3190  6205  3723  8101  9620 12943  8154  8124  3977  7310 10227
  7781 11852 10052] [] 1716267457.0578238964
[-1 -1 -1 -1 -1 -1 -1 -1  1 -1 -1 -1 -1 -1] [10 11 18 19 20 21 23 26 27 28 29 35 36 44] [ 6747  3429  6985  3931  9221  9849 13467  8161  8072  4750  7545  8525
 12899 12879] [] 1716267457.1007072926
[-1 -1 -1 -1 -1 -1 -1 -1 -1 -1 -1 -1] [10 11 18 19 20 21 26 27 28 29 35 44] [ 7057  3971  8762  4087 10080 10037  8334  8380  6095  7935 12177 13864] [] 1716267457.1437730789
[-1 -1 -1 -1  1  1 -1 -1 -1 -1 -1] [10 11 18 19 20 21 26 27 28 29 35] [ 7232  4607  8906  4265 10026 10013  8414  8403  7591  8218 12836] [] 1716267457.1868045330
[-1 -1 -1 -1 -1 -1 -1 -1 -1 -1 -1] [10 11 18 19 20 21 26 27 28 29 35] [ 8465  5058 10628  4467 10157 10154  8800  8505  9970 10362 12961] [] 1716267457.2297689915
[-1 -1 -1 -1 -1 -1 -1 -1 -1 -1 -1] [10 11 18 19 20 21 26 27 28 29 35] [ 9825  7495 10975  4915 10696 10438 12901  8902 10510 10820 15062] [] 1716267457.2728121281
[-1 -1  1 -1 -1 -1 -1 -1 -1 -1] [10 11 18 19 20 21 27 28 29 35] [10260  8901 10944  5364 10989 10924  8985 10740 10865 16292] [] 1716267457.3156614304
[-1 -1 -1 -1 -1 -1 -1 -1 -1] [10 11 18 19 20 21 27 28 29] [12440  9133 12038  6723 11801 11368  9474 11149 11381] [] 1716267457.3587999344
[ 1 -1 -1 -1 -1  1  1 -1] [10 11 19 20 21 27 28 29] [11970  9157  6966 12118 11491  9467 11101 11391] [] 1716267457.4018037319
[-1 -1 -1 -1 -1 -1  1] [10 11 19 20 27 28 29] [15478  9269  8013 12922 12786 11319 11179] [] 1716267457.4447774887
[ 1 -1 -1 -1 -1 -1 -1] [10 11 19 20 27 28 29] [15076  9460  8298 13278 12981 11515 11686] [] 1716267457.4877877235
[-1 -1 -1  1] [11 19 20 28] [ 9657  9893 13941 11417] [] 1716267457.5307340622
[-1 -1 -1] [11 19 28] [10055 10440 11704] [] 1716267457.5737471581
[-1] [28] [11799] [] 1716267457.6167488098
2 2 2 1716267457.7991566658
